{
"lowlevel": {
    "average_loudness": 0.494225293398,
    "barkbands_crest": {
        "dmean": 2.5372800827,
        "dmean2": 4.05776071548,
        "dvar": 6.78507757187,
        "dvar2": 17.4104328156,
        "max": 26.8856811523,
        "mean": 11.9274253845,
        "median": 11.5791549683,
        "min": 1.94923651218,
        "stdev": 4.53010082245,
        "var": 20.5218143463
    },
    "barkbands_flatness_db": {
        "dmean": 0.0324773080647,
        "dmean2": 0.0432216785848,
        "dvar": 0.00118571799248,
        "dvar2": 0.00219460832886,
        "max": 0.529135346413,
        "mean": 0.182888835669,
        "median": 0.17820122838,
        "min": 0.0181545075029,
        "stdev": 0.0723920464516,
        "var": 0.00524060847238
    },
    "barkbands_kurtosis": {
        "dmean": 5.54633140564,
        "dmean2": 8.53793621063,
        "dvar": 307.333862305,
        "dvar2": 629.191894531,
        "max": 756.900512695,
        "mean": 8.08591079712,
        "median": 3.29020023346,
        "min": -1.92487549782,
        "stdev": 22.9910316467,
        "var": 528.587524414
    },
    "barkbands_skewness": {
        "dmean": 0.702998518944,
        "dmean2": 1.03191518784,
        "dvar": 0.875539362431,
        "dvar2": 1.77263987064,
        "max": 23.9414653778,
        "mean": 1.90236699581,
        "median": 1.70708715916,
        "min": -4.04785251617,
        "stdev": 1.67067277431,
        "var": 2.79114770889
    },
    "barkbands_spread": {
        "dmean": 5.82597589493,
        "dmean2": 8.56771373749,
        "dvar": 81.4391174316,
        "dvar2": 168.802474976,
        "max": 119.373649597,
        "mean": 16.9630241394,
        "median": 13.4941997528,
        "min": 0.252423852682,
        "stdev": 14.5661687851,
        "var": 212.173278809
    },
    "dissonance": {
        "dmean": 0.0224254764616,
        "dmean2": 0.0364229902625,
        "dvar": 0.000538948690519,
        "dvar2": 0.00133858318441,
        "max": 0.500000119209,
        "mean": 0.452477097511,
        "median": 0.463265836239,
        "min": 0.144783139229,
        "stdev": 0.0400141440332,
        "var": 0.00160113163292
    },
    "dynamic_complexity": 6.01107406616,
    "erbbands_crest": {
        "dmean": 2.65283846855,
        "dmean2": 4.14799499512,
        "dvar": 7.48114919662,
        "dvar2": 17.319486618,
        "max": 32.2826309204,
        "mean": 9.30572032928,
        "median": 8.14547348022,
        "min": 2.37880253792,
        "stdev": 4.62348556519,
        "var": 21.376619339
    },
    "erbbands_flatness_db": {
        "dmean": 0.0244125816971,
        "dmean2": 0.0311908852309,
        "dvar": 0.000635999895167,
        "dvar2": 0.00110210792627,
        "max": 0.480728507042,
        "mean": 0.180590495467,
        "median": 0.178981989622,
        "min": 0.0470174737275,
        "stdev": 0.0573993548751,
        "var": 0.00329468608834
    },
    "erbbands_kurtosis": {
        "dmean": 1.18800055981,
        "dmean2": 1.81873118877,
        "dvar": 5.10864639282,
        "dvar2": 11.2359895706,
        "max": 64.9055557251,
        "mean": 1.03106021881,
        "median": 0.189963698387,
        "min": -1.77226865292,
        "stdev": 3.16915416718,
        "var": 10.0435380936
    },
    "erbbands_skewness": {
        "dmean": 0.397479295731,
        "dmean2": 0.587470531464,
        "dvar": 0.196436315775,
        "dvar2": 0.408378988504,
        "max": 7.4641327858,
        "mean": 0.403604716063,
        "median": 0.361341416836,
        "min": -3.89614701271,
        "stdev": 0.866995513439,
        "var": 0.751681268215
    },
    "erbbands_spread": {
        "dmean": 8.21001148224,
        "dmean2": 12.10069561,
        "dvar": 106.350372314,
        "dvar2": 236.397567749,
        "max": 137.7394104,
        "mean": 31.8570537567,
        "median": 28.8695812225,
        "min": 1.14996016026,
        "stdev": 16.9152507782,
        "var": 286.125701904
    },
    "hfc": {
        "dmean": 5.21352434158,
        "dmean2": 7.23824310303,
        "dvar": 81.058013916,
        "dvar2": 140.67980957,
        "max": 145.758514404,
        "mean": 16.5255508423,
        "median": 10.4716148376,
        "min": 1.1603497727e-16,
        "stdev": 18.7666320801,
        "var": 352.18649292
    },
    "loudness_ebu128": {
        "integrated": -16.8713588715,
        "loudness_range": 13.7999267578,
        "momentary": {
            "dmean": 0.800834357738,
            "dmean2": 0.999508917332,
            "dvar": 3.06541609764,
            "dvar2": 3.84247422218,
            "max": -12.0869646072,
            "mean": -21.2437000275,
            "median": -18.9332237244,
            "min": -107.233634949,
            "stdev": 10.0102434158,
            "var": 100.204978943
        },
        "short_term": {
            "dmean": 0.141954749823,
            "dmean2": 0.110824868083,
            "dvar": 0.0380519963801,
            "dvar2": 0.0319132879376,
            "max": -13.0273399353,
            "mean": -19.8336009979,
            "median": -19.0805244446,
            "min": -39.8964157104,
            "stdev": 5.38983488083,
            "var": 29.0503196716
        }
    },
    "melbands_crest": {
        "dmean": 3.4669854641,
        "dmean2": 5.50536966324,
        "dvar": 15.1227293015,
        "dvar2": 36.3728103638,
        "max": 39.804813385,
        "mean": 16.5958595276,
        "median": 16.1749401093,
        "min": 1.54525756836,
        "stdev": 6.57588672638,
        "var": 43.2422866821
    },
    "melbands_flatness_db": {
        "dmean": 0.0365905798972,
        "dmean2": 0.0485202372074,
        "dvar": 0.00157365191262,
        "dvar2": 0.00287720817141,
        "max": 0.620442032814,
        "mean": 0.248239293694,
        "median": 0.246494442225,
        "min": 0.0020068497397,
        "stdev": 0.0948640704155,
        "var": 0.00899919122458
    },
    "melbands_kurtosis": {
        "dmean": 11.6776018143,
        "dmean2": 18.2149562836,
        "dvar": 2631.38134766,
        "dvar2": 5876.26806641,
        "max": 2829.60253906,
        "mean": 18.5317630768,
        "median": 8.6354265213,
        "min": -1.85873496532,
        "stdev": 58.4128608704,
        "var": 3412.0625
    },
    "melbands_skewness": {
        "dmean": 0.885440766811,
        "dmean2": 1.32115674019,
        "dvar": 1.7308614254,
        "dvar2": 3.62990379333,
        "max": 48.2516555786,
        "mean": 2.87247943878,
        "median": 2.50123095512,
        "min": -2.97209596634,
        "stdev": 2.15423512459,
        "var": 4.64072942734
    },
    "melbands_spread": {
        "dmean": 7.20078420639,
        "dmean2": 10.7990913391,
        "dvar": 208.233947754,
        "dvar2": 444.19644165,
        "max": 250.315368652,
        "mean": 20.1899929047,
        "median": 13.1355800629,
        "min": 0.187562376261,
        "stdev": 26.524848938,
        "var": 703.567626953
    },
    "pitch_salience": {
        "dmean": 0.0706506446004,
        "dmean2": 0.111350640655,
        "dvar": 0.00573579547927,
        "dvar2": 0.0136716281995,
        "max": 0.955159366131,
        "mean": 0.504733026028,
        "median": 0.488330990076,
        "min": 0.021206645295,
        "stdev": 0.14759452641,
        "var": 0.0217841435224
    },
    "silence_rate_20dB": {
        "dmean": 0.000220677480684,
        "dmean2": 0.000441403652076,
        "dvar": 0.000220616231672,
        "dvar2": 0.000661860452965,
        "max": 1,
        "mean": 0.999889671803,
        "median": 1,
        "min": 0,
        "stdev": 0.0105029167607,
        "var": 0.00011031125905
    },
    "silence_rate_30dB": {
        "dmean": 0.0692927315831,
        "dmean2": 0.138600751758,
        "dvar": 0.0644930824637,
        "dvar2": 0.141235142946,
        "max": 1,
        "mean": 0.89629304409,
        "median": 1,
        "min": 0,
        "stdev": 0.304870516062,
        "var": 0.0929460376501
    },
    "silence_rate_60dB": {
        "dmean": 0.026039943099,
        "dmean2": 0.0520856305957,
        "dvar": 0.0253587085754,
        "dvar2": 0.0535685122013,
        "max": 1,
        "mean": 0.219880849123,
        "median": 0,
        "min": 0,
        "stdev": 0.414162576199,
        "var": 0.171530634165
    },
    "spectral_centroid": {
        "dmean": 247.648178101,
        "dmean2": 348.709777832,
        "dvar": 137617.90625,
        "dvar2": 243623.0625,
        "max": 11173.4941406,
        "mean": 1168.77868652,
        "median": 965.726928711,
        "min": 148.866424561,
        "stdev": 830.128173828,
        "var": 689112.75
    },
    "spectral_complexity": {
        "dmean": 2.99172449112,
        "dmean2": 4.40741539001,
        "dvar": 17.9857349396,
        "dvar2": 28.0776309967,
        "max": 60,
        "mean": 15.9194612503,
        "median": 14,
        "min": 0,
        "stdev": 11.754488945,
        "var": 138.168014526
    },
    "spectral_decrease": {
        "dmean": 3.84300680167e-09,
        "dmean2": 5.8592375396e-09,
        "dvar": 8.27750903955e-17,
        "dvar2": 1.83572672863e-16,
        "max": 2.414867284e-29,
        "mean": -1.09641362656e-08,
        "median": -5.32038901824e-09,
        "min": -1.2431274854e-07,
        "stdev": 1.39052271919e-08,
        "var": 1.93355347539e-16
    },
    "spectral_energy": {
        "dmean": 0.0148183517158,
        "dmean2": 0.0225101020187,
        "dvar": 0.00118953129277,
        "dvar2": 0.0026320097968,
        "max": 0.472495645285,
        "mean": 0.0428800806403,
        "median": 0.0211576223373,
        "min": 1.04335756096e-20,
        "stdev": 0.0534740835428,
        "var": 0.00285947765224
    },
    "spectral_energyband_high": {
        "dmean": 0.000324612075929,
        "dmean2": 0.000438226183178,
        "dvar": 6.35856167719e-07,
        "dvar2": 1.03961235709e-06,
        "max": 0.0139547809958,
        "mean": 0.000494638748933,
        "median": 0.000124662110466,
        "min": 7.53938212176e-21,
        "stdev": 0.00122054829262,
        "var": 1.48973811065e-06
    },
    "spectral_energyband_low": {
        "dmean": 0.0123667772859,
        "dmean2": 0.0195005703717,
        "dvar": 0.00116383063141,
        "dvar2": 0.00270820735022,
        "max": 0.450446605682,
        "mean": 0.0279149580747,
        "median": 0.00536172930151,
        "min": 6.9129591375e-23,
        "stdev": 0.0451019965112,
        "var": 0.00203419011086
    },
    "spectral_energyband_middle_high": {
        "dmean": 0.00166772177909,
        "dmean2": 0.00246385997161,
        "dvar": 9.42989117902e-06,
        "dvar2": 2.07131342904e-05,
        "max": 0.0605838522315,
        "mean": 0.00475627137348,
        "median": 0.002341395244,
        "min": 1.55221269934e-21,
        "stdev": 0.00628672679886,
        "var": 3.95229362766e-05
    },
    "spectral_energyband_middle_low": {
        "dmean": 0.00353956688195,
        "dmean2": 0.00547089567408,
        "dvar": 4.30500258517e-05,
        "dvar2": 0.000105980187072,
        "max": 0.122324861586,
        "mean": 0.0102003822103,
        "median": 0.0065679596737,
        "min": 2.99114598243e-22,
        "stdev": 0.0113628683612,
        "var": 0.000129114778247
    },
    "spectral_entropy": {
        "dmean": 0.235979363322,
        "dmean2": 0.299540042877,
        "dvar": 0.0757889971137,
        "dvar2": 0.122912772,
        "max": 9.818567276,
        "mean": 7.30848169327,
        "median": 7.33469390869,
        "min": 4.34291124344,
        "stdev": 0.619926869869,
        "var": 0.384309351444
    },
    "spectral_flux": {
        "dmean": 0.027041643858,
        "dmean2": 0.0415597520769,
        "dvar": 0.00182820705231,
        "dvar2": 0.00401546014473,
        "max": 0.534551560879,
        "mean": 0.0742725729942,
        "median": 0.0583892986178,
        "min": 1.02144875891e-10,
        "stdev": 0.0714853182435,
        "var": 0.00511015066877
    },
    "spectral_kurtosis": {
        "dmean": 3.68730735779,
        "dmean2": 5.59273433685,
        "dvar": 81.6136856079,
        "dvar2": 179.41784668,
        "max": 320.294799805,
        "mean": 8.12989521027,
        "median": 5.19856834412,
        "min": -1.19988119602,
        "stdev": 14.8669977188,
        "var": 221.027633667
    },
    "spectral_rms": {
        "dmean": 0.000890477036592,
        "dmean2": 0.00130261597224,
        "dvar": 2.24363066081e-06,
        "dvar2": 4.46486956207e-06,
        "max": 0.0214702431113,
        "mean": 0.00523414090276,
        "median": 0.00454330071807,
        "min": 3.19046980675e-12,
        "stdev": 0.00379973114468,
        "var": 1.44379564517e-05
    },
    "spectral_rolloff": {
        "dmean": 458.757232666,
        "dmean2": 731.770874023,
        "dvar": 1007964,
        "dvar2": 2045540.875,
        "max": 18927.6855469,
        "mean": 1310.83776855,
        "median": 689.0625,
        "min": 21.533203125,
        "stdev": 1933.03552246,
        "var": 3736626.25
    },
    "spectral_skewness": {
        "dmean": 0.380579143763,
        "dmean2": 0.543162167072,
        "dvar": 0.269960105419,
        "dvar2": 0.539045274258,
        "max": 14.1447792053,
        "mean": 1.93258094788,
        "median": 1.76407372952,
        "min": -0.0978138297796,
        "stdev": 1.0288079977,
        "var": 1.05844581127
    },
    "spectral_spread": {
        "dmean": 690627.75,
        "dmean2": 912785.375,
        "dvar": 709555126272,
        "dvar2": 1.24242781798e+12,
        "max": 40700492,
        "mean": 4028300.75,
        "median": 3778884,
        "min": 358583.125,
        "stdev": 1681793.75,
        "var": 2.82843021312e+12
    },
    "spectral_strongpeak": {
        "dmean": 0.2691578269,
        "dmean2": 0.455586194992,
        "dvar": 0.276678562164,
        "dvar2": 0.671370208263,
        "max": 11.5210828781,
        "mean": 0.593584239483,
        "median": 0.366109371185,
        "min": 0,
        "stdev": 0.74989926815,
        "var": 0.562348902225
    },
    "zerocrossingrate": {
        "dmean": 0.0116507038474,
        "dmean2": 0.0125329112634,
        "dvar": 0.000284830137389,
        "dvar2": 0.000277195998933,
        "max": 0.515625,
        "mean": 0.0510069131851,
        "median": 0.033203125,
        "min": 0.001953125,
        "stdev": 0.0577499531209,
        "var": 0.0033350570593
    },
    "barkbands": {
        "dmean": [0.00282709766179, 0.00977755524218, 0.00165365671273, 0.00068202422699, 0.000992252142169, 0.000742376083508, 0.0011654868722, 0.000715875357855, 0.000698986463249, 0.000919874291867, 0.000414809153881, 0.000297391292406, 0.000345006410498, 0.00027421550476, 0.000322475098073, 0.000163475328009, 0.000133645473397, 0.00012730245362, 8.27849507914e-05, 8.54538884596e-05, 9.01855091797e-05, 5.82746069995e-05, 5.61607339478e-05, 4.88254299853e-05, 2.90604202746e-05, 2.93396715279e-05, 1.52525751673e-06],
        "dmean2": [0.00431285519153, 0.0157885942608, 0.00283006811514, 0.00118547899183, 0.00165868131444, 0.00109042995609, 0.0018020401476, 0.00103818974458, 0.00105513643939, 0.0013863601489, 0.000651270733215, 0.00046256009955, 0.000552167650312, 0.000445360492449, 0.000506336335093, 0.000256862229435, 0.000213678606087, 0.00019729496853, 0.000125379476231, 0.000121787328681, 0.00012910386431, 8.30863718875e-05, 7.91733691585e-05, 6.78427968523e-05, 4.16391376348e-05, 4.43695935246e-05, 2.45645424002e-06],
        "dvar": [0.000111597168143, 0.000668672728352, 3.64330080629e-05, 5.74430578126e-06, 5.39491611562e-06, 2.29241140914e-06, 1.00358884083e-05, 2.85683290713e-06, 3.53269615516e-06, 6.51983737043e-06, 1.65854282841e-06, 4.25254228276e-07, 1.40759914302e-06, 3.64573821798e-07, 5.86105898037e-07, 1.20162596318e-07, 6.19793780743e-08, 6.60532322172e-08, 3.59490357482e-08, 4.88556572975e-08, 6.03923879794e-08, 2.57317545049e-08, 2.37141666304e-08, 2.75751421697e-08, 6.14454753745e-09, 7.94413157479e-09, 2.88603602822e-11],
        "dvar2": [0.000233281112742, 0.00174696487375, 0.000103694677819, 1.63457261806e-05, 1.45117774082e-05, 4.98781764691e-06, 2.25315252464e-05, 6.34497564533e-06, 7.615017239e-06, 1.49770839926e-05, 4.01905117542e-06, 1.04008495327e-06, 3.52032861883e-06, 9.08906088171e-07, 1.45264777984e-06, 2.90988197094e-07, 1.54925444917e-07, 1.52358012429e-07, 8.01780899451e-08, 9.37524831102e-08, 1.11483252851e-07, 5.0199762569e-08, 4.16584633456e-08, 5.47070122536e-08, 1.19523058117e-08, 1.77915975286e-08, 7.27577789683e-11],
        "max": [0.12600491941, 0.353025555611, 0.131722718477, 0.0672064945102, 0.0416632629931, 0.034977260977, 0.0833804011345, 0.04802140221, 0.0638253614306, 0.0689487755299, 0.0402767024934, 0.0136199109256, 0.047822650522, 0.0124257998541, 0.025246784091, 0.00949456170201, 0.00416404288262, 0.00625179102644, 0.00542007433251, 0.00415327120572, 0.00518596777692, 0.00346091482788, 0.00586291356012, 0.00479658599943, 0.00164132122882, 0.00124941207469, 8.76198755577e-05],
        "mean": [0.00300496490672, 0.0197902321815, 0.00500011676922, 0.000996085931547, 0.00187140551861, 0.0018748389557, 0.0020061021205, 0.00138545257505, 0.00126395164989, 0.00154581863899, 0.000655205687508, 0.000535797968041, 0.00051578116836, 0.000424841069616, 0.000540501554497, 0.000273983838269, 0.00025750749046, 0.000237425978412, 0.000141045296914, 0.000131096327095, 0.000129484324134, 8.13446677057e-05, 7.85694646765e-05, 6.887040945e-05, 3.88527623727e-05, 2.94252222375e-05, 1.33455205287e-06],
        "median": [0.000103012171166, 0.0031003812328, 0.000875531171914, 0.000292797049042, 0.00100619485602, 0.000625736429356, 0.000459358387161, 0.000400227116188, 0.000267783820163, 0.000248013762757, 0.000165732868481, 0.000150248612044, 0.000139562762342, 0.000128880550619, 0.000172209416633, 6.95141643519e-05, 8.89462098712e-05, 8.17383406684e-05, 4.87968718517e-05, 4.0584243834e-05, 2.39187174884e-05, 1.38273426273e-05, 1.48718863784e-05, 8.02025260782e-06, 3.93919253838e-06, 1.33006005854e-06, 1.85886399606e-08],
        "min": [8.97892463266e-23, 9.42436188477e-24, 1.29893623661e-23, 1.3061792419e-23, 2.17413773125e-23, 4.66310164562e-23, 3.5086027642e-23, 6.08643359504e-23, 1.15858473915e-22, 7.5852219833e-23, 5.46586070227e-23, 4.21512931011e-23, 5.72363520255e-23, 4.01599557408e-23, 1.57476553842e-22, 1.82518053443e-22, 1.8309069073e-22, 2.20878756299e-22, 3.21055584186e-22, 3.83414167841e-22, 4.33796000176e-22, 3.84714513536e-22, 6.4590582914e-22, 8.29729908076e-22, 1.32433150878e-21, 1.49954678021e-21, 2.55103106757e-21],
        "stdev": [0.011436086148, 0.0321447178721, 0.0079762628302, 0.00222171889618, 0.00270218914375, 0.00303686619736, 0.00463976617903, 0.00264905462973, 0.00296640815213, 0.00361113552935, 0.0016652996419, 0.000950025452767, 0.00144110538531, 0.00078771536937, 0.00106291880365, 0.000502883514855, 0.000406819104683, 0.000383642909583, 0.000271351978881, 0.000301435880829, 0.000342844519764, 0.000223474955419, 0.000230653487961, 0.000242991533014, 0.000111977744382, 9.71858971752e-05, 5.0811941037e-06],
        "var": [0.000130784072098, 0.00103328295518, 6.36207696516e-05, 4.93603465657e-06, 7.30182637199e-06, 9.22255640035e-06, 2.15274303628e-05, 7.01749013388e-06, 8.7995767899e-06, 1.30402995637e-05, 2.77322283182e-06, 9.02548379145e-07, 2.07678476727e-06, 6.2049554117e-07, 1.1297962601e-06, 2.52891823038e-07, 1.65501788274e-07, 1.47181879129e-07, 7.36319023531e-08, 9.08635868768e-08, 1.17542370504e-07, 4.99410575117e-08, 5.3201031136e-08, 5.90448827609e-08, 1.25390151595e-08, 9.44509803702e-09, 2.58185348101e-11]
    },
    "erbbands": {
        "dmean": [0.520349502563, 1.40951728821, 1.93197858334, 1.97145736217, 3.05104207993, 3.39176774025, 3.22034096718, 7.61897039413, 16.8751621246, 14.8254652023, 11.5655221939, 18.5667438507, 26.725019455, 21.5979938507, 15.0567159653, 13.4672460556, 16.0681362152, 14.4296045303, 16.9022121429, 10.6884822845, 7.42032575607, 5.99424886703, 7.21532535553, 4.95390701294, 4.00476360321, 3.97597622871, 3.92249822617, 3.09962129593, 2.12988853455, 1.95712065697, 1.49892735481, 1.16782844067, 0.728244006634, 0.371526271105, 0.189618870616, 0.115909218788, 0.0551460459828, 0.0103495502844, 0.000203169998713, 2.13542170968e-05],
        "dmean2": [0.83998042345, 2.33043575287, 3.37078285217, 3.31425905228, 5.34864473343, 5.59345722198, 4.99924564362, 11.2068443298, 25.6962356567, 22.4148445129, 16.684671402, 27.589345932, 40.045627594, 33.3847122192, 23.4414196014, 20.796049118, 25.6465187073, 23.3078174591, 26.3891716003, 16.7267169952, 11.6070728302, 9.41064739227, 11.1670770645, 7.48781490326, 5.99184894562, 5.64391946793, 5.61289739609, 4.37149953842, 3.05789852142, 2.85962200165, 2.09867024422, 1.62181663513, 1.03576982021, 0.528507292271, 0.276482313871, 0.174506321549, 0.0842652618885, 0.0160674024373, 0.000313142751111, 3.18567472277e-05],
        "dvar": [2.46292471886, 10.9731845856, 43.4194107056, 42.9814453125, 89.7529067993, 57.3022117615, 40.2700386047, 273.011749268, 2133.953125, 1189.59875488, 802.207885742, 2521.74609375, 7891.91845703, 3915.09741211, 1879.53369141, 876.639648438, 3256.86376953, 1060.49768066, 1946.56335449, 505.981231689, 196.572143555, 118.585609436, 217.362945557, 117.925727844, 90.684967041, 104.822601318, 116.414558411, 79.6774139404, 36.8860473633, 23.4373378754, 20.3523693085, 16.2047328949, 5.99759864807, 1.1806974411, 0.259228825569, 0.117117285728, 0.0295263174921, 0.00108822400216, 4.01825957397e-07, 1.76508441196e-09],
        "dvar2": [6.38023138046, 29.5381298065, 123.405059814, 116.991615295, 254.530822754, 150.661727905, 101.048561096, 590.249145508, 4741.65039062, 2623.82641602, 1718.43127441, 5262.640625, 17998.875, 9319.94824219, 4271.63476562, 2083.67016602, 8322.41308594, 2591.265625, 4759.74023438, 1284.56286621, 477.094085693, 287.889343262, 512.632019043, 269.388366699, 188.946990967, 194.641113281, 217.685531616, 150.519180298, 72.7924728394, 46.2046470642, 36.0721626282, 31.5246639252, 12.0468502045, 2.30036735535, 0.523880779743, 0.258850097656, 0.0665754750371, 0.00256611825898, 9.45842032252e-07, 3.80528719646e-09],
        "max": [20.5333156586, 45.364692688, 136.63949585, 119.910873413, 247.422653198, 130.824966431, 173.672210693, 430.176025391, 1306.703125, 757.774658203, 780.989013672, 1722.07080078, 2621.74511719, 1429.51245117, 1162.78100586, 698.606628418, 2178.98876953, 768.965148926, 1565.375, 484.544006348, 332.190063477, 183.453292847, 351.949707031, 337.901702881, 204.443740845, 212.014633179, 221.336517334, 270.218505859, 132.716644287, 85.5483322144, 196.495422363, 144.771850586, 69.1328430176, 28.7214183807, 8.03640460968, 5.16079282761, 2.60458230972, 0.421585679054, 0.00805996358395, 0.000514498213306],
        "mean": [0.773213088512, 3.63562011719, 5.95766592026, 4.63160705566, 4.63407659531, 6.63803339005, 7.86058759689, 18.6756591797, 31.3584194183, 28.7349147797, 24.2449741364, 35.7933769226, 46.0168228149, 36.3910598755, 26.171005249, 25.219543457, 26.013338089, 24.407081604, 28.8182315826, 20.1603469849, 14.4250583649, 12.6268854141, 13.974521637, 8.81713294983, 6.84524822235, 6.30378055573, 5.74402713776, 4.33266830444, 2.95887994766, 2.69513201714, 2.13806629181, 1.62847483158, 1.02149295807, 0.515175104141, 0.235982164741, 0.123003482819, 0.0540868081152, 0.00971194170415, 0.000209521167562, 5.4716681916e-05],
        "median": [0.0812799781561, 0.588424086571, 1.08521032333, 1.46530711651, 1.64598178864, 3.24958181381, 3.53271532059, 5.82162761688, 7.47256374359, 8.1886806488, 8.96689796448, 8.64615821838, 8.46285629272, 7.6129026413, 7.6509885788, 8.15025901794, 8.28733730316, 8.51539039612, 9.91133308411, 7.00559711456, 4.87749147415, 4.96775627136, 5.21413421631, 3.17303228378, 2.49742150307, 1.98989868164, 1.20962011814, 0.784990787506, 0.493079543114, 0.524755597115, 0.402756273746, 0.218915179372, 0.102022260427, 0.0499720573425, 0.0241891331971, 0.00761918351054, 0.00206289067864, 0.000279586587567, 2.86953327304e-05, 2.84177585854e-05],
        "min": [9.03207012874e-22, 9.54472722832e-22, 8.14950375611e-21, 3.53811158942e-20, 5.11167956378e-20, 5.89526388064e-20, 3.65133161264e-19, 3.01033824074e-19, 3.85033420742e-19, 6.78879329636e-19, 1.44002259837e-18, 2.90962331429e-18, 1.66858438894e-18, 2.8442760459e-18, 3.19119187249e-18, 1.27265376836e-18, 2.05586559545e-18, 2.88541752803e-18, 4.4763747388e-18, 1.13706232235e-17, 8.94885593845e-18, 9.69209839834e-18, 1.00147294429e-17, 1.64241888773e-17, 1.68450898058e-17, 1.80811309059e-17, 1.79368639896e-17, 1.42639322614e-17, 1.56276354541e-17, 1.5337326492e-17, 1.72589563904e-17, 1.63105094457e-17, 1.52204706868e-17, 1.0731927294e-17, 1.06823130009e-17, 7.16396561268e-18, 2.46859459992e-18, 9.34729291629e-19, 3.36499709825e-19, 4.39328774206e-20],
        "stdev": [1.65141654015, 5.32557964325, 9.26261997223, 7.5124168396, 9.14551544189, 10.0726985931, 11.3408308029, 32.4062614441, 69.3034820557, 55.0823631287, 47.6347846985, 82.1687164307, 123.991088867, 85.613319397, 59.4446296692, 43.8312568665, 68.8733673096, 44.2713165283, 61.8187484741, 32.9031600952, 22.3694515228, 19.023897171, 22.4791908264, 15.6607570648, 13.6677207947, 14.2435474396, 14.8581476212, 12.2195110321, 8.3666973114, 6.75404024124, 6.72412776947, 5.8395075798, 3.62498641014, 1.57847929001, 0.676795482635, 0.388300508261, 0.183735013008, 0.0338009856641, 0.000654625124298, 6.57356649754e-05],
        "var": [2.72717642784, 28.3617973328, 85.7961349487, 56.4364089966, 83.6404495239, 101.459259033, 128.614440918, 1050.16577148, 4802.97216797, 3034.06665039, 2269.07275391, 6751.69775391, 15373.7900391, 7329.640625, 3533.6640625, 1921.17919922, 4743.54101562, 1959.94946289, 3821.55786133, 1082.61791992, 500.392364502, 361.908691406, 505.313995361, 245.25932312, 186.806594849, 202.878646851, 220.764556885, 149.316452026, 70.001625061, 45.617061615, 45.2138938904, 34.0998497009, 13.1405258179, 2.49159669876, 0.458052158356, 0.150777295232, 0.0337585546076, 0.00114250660408, 4.28534065122e-07, 4.32117808202e-09]
    },
    "gfcc": {
        "mean": [-70.9589385986, 108.539154053, -118.758796692, 21.3431491852, -59.2313461304, 10.9012088776, -33.2193756104, 7.87860870361, -16.6109523773, 3.52602815628, -9.41145133972, -0.811983704567, -8.52736091614],
        "cov": [[28402.2871094, 2146.60668945, -438.329864502, 751.335266113, 1023.60821533, 840.368835449, 275.2840271, 665.644714355, 303.415618896, 350.705078125, -146.324798584, 318.56741333, -239.422485352], [2146.60668945, 3631.33276367, 248.814468384, -207.710266113, 972.327270508, -50.2417411804, 438.070770264, -212.332382202, 303.444519043, -239.597946167, 246.480407715, -238.104110718, 123.22819519], [-438.329864502, 248.814468384, 1330.58178711, 378.250732422, 321.7081604, 333.412322998, 173.034515381, 55.022441864, 16.9374370575, 115.979850769, -11.2090129852, 57.5265235901, -24.3506336212], [751.335266113, -207.710266113, 378.250732422, 713.406921387, 316.623748779, 199.979782104, 210.478149414, 146.788589478, 74.5857467651, 97.6441955566, -6.24385118484, 41.8717918396, -8.49767780304], [1023.60821533, 972.327270508, 321.7081604, 316.623748779, 874.130615234, 229.060958862, 385.149139404, 114.190307617, 210.439544678, 45.3980789185, 82.9289779663, 28.9959964752, 62.9896850586], [840.368835449, -50.2417411804, 333.412322998, 199.979782104, 229.060958862, 375.6953125, 182.261032104, 136.178359985, 58.9964332581, 106.385528564, 19.3371353149, 85.9411239624, 15.864066124], [275.2840271, 438.070770264, 173.034515381, 210.478149414, 385.149139404, 182.261032104, 395.173583984, 116.580986023, 144.768859863, 77.1675491333, 92.8589096069, 57.3282699585, 70.5715255737], [665.644714355, -212.332382202, 55.022441864, 146.788589478, 114.190307617, 136.178359985, 116.580986023, 225.816085815, 99.262008667, 96.0864639282, 23.1433010101, 82.7768249512, 19.1020565033], [303.415618896, 303.444519043, 16.9374370575, 74.5857467651, 210.439544678, 58.9964332581, 144.768859863, 99.262008667, 206.405166626, 62.6692199707, 79.1488571167, 28.7219905853, 62.9422645569], [350.705078125, -239.597946167, 115.979850769, 97.6441955566, 45.3980789185, 106.385528564, 77.1675491333, 96.0864639282, 62.6692199707, 173.339431763, 39.9550132751, 92.5758361816, 25.5400524139], [-146.324798584, 246.480407715, -11.2090129852, -6.24385118484, 82.9289779663, 19.3371353149, 92.8589096069, 23.1433010101, 79.1488571167, 39.9550132751, 137.954025269, 35.6007118225, 51.5372581482], [318.56741333, -238.104110718, 57.5265235901, 41.8717918396, 28.9959964752, 85.9411239624, 57.3282699585, 82.7768249512, 28.7219905853, 92.5758361816, 35.6007118225, 149.682052612, 49.0075531006], [-239.422485352, 123.22819519, -24.3506336212, -8.49767780304, 62.9896850586, 15.864066124, 70.5715255737, 19.1020565033, 62.9422645569, 25.5400524139, 51.5372581482, 49.0075531006, 123.996910095]],
        "icov": [[8.21120484034e-05, -0.000252317637205, 0.000199315778445, -0.000204227006179, 0.000111771871161, -0.000242258131038, 0.000255938532064, -0.000246673240326, 0.000108648455353, -0.000325265340507, 0.000410691660363, -0.000463664648123, 0.000325400935253], [-0.000252317637205, 0.00176825979725, -0.000922781939153, 0.00128703354858, -0.00128831481561, 0.000969650456682, -0.00131448288448, 0.00155849428847, -0.00112985796295, 0.00206532748416, -0.00235000578687, 0.00256635528058, -0.00118851056322], [0.000199315778445, -0.000922781939153, 0.00171303446405, -0.00106905424036, 0.000339007179718, -0.00150569132529, 0.000868751376402, -0.000189539554412, 0.00067598419264, -0.00159431749489, 0.00146254361607, -0.00153333810158, 0.00110363215208], [-0.000204227006179, 0.00128703354858, -0.00106905424036, 0.00312728481367, -0.00133273738902, 0.00079552992247, -0.00157311477233, 0.000190569408005, -0.000465151912067, 0.000866315851454, -0.00109350285493, 0.00233975751325, -0.00064038153505], [0.000111771871161, -0.00128831481561, 0.000339007179718, -0.00133273738902, 0.00359863787889, -0.00107379676774, -0.000855244754348, -0.00052458018763, -0.000933969742619, -0.00031740788836, 0.00182142783888, -0.00184714142233, 0.000860721047502], [-0.000242258131038, 0.000969650456682, -0.00150569132529, 0.00079552992247, -0.00107379676774, 0.00604589981958, -0.00209980877116, -0.00095060293097, 0.00050223164726, 0.000169595790794, -0.000956511474214, 0.000752186169848, -0.000748678925447], [0.000255938532064, -0.00131448288448, 0.000868751376402, -0.00157311477233, -0.000855244754348, -0.00209980877116, 0.00721127865836, -0.00194477569312, 0.000366978230886, -0.00180283270311, -0.000252815312706, -0.00164199213032, -0.000299100938719], [-0.000246673240326, 0.00155849428847, -0.000189539554412, 0.000190569408005, -0.00052458018763, -0.00095060293097, -0.00194477569312, 0.0107332877815, -0.00516903027892, 0.00078224146273, -0.000376505719032, -0.00121392414439, 0.000891178904567], [0.000108648455353, -0.00112985796295, 0.00067598419264, -0.000465151912067, -0.000933969742619, 0.00050223164726, 0.000366978230886, -0.00516903027892, 0.0119916284457, -0.00382154597901, -0.00193174509332, 0.00189610535745, -0.00281530641951], [-0.000325265340507, 0.00206532748416, -0.00159431749489, 0.000866315851454, -0.00031740788836, 0.000169595790794, -0.00180283270311, 0.00078224146273, -0.00382154597901, 0.0136847263202, -0.00399971101433, -0.00212169275619, -0.000267046503723], [0.000410691660363, -0.00235000578687, 0.00146254361607, -0.00109350285493, 0.00182142783888, -0.000956511474214, -0.000252815312706, -0.000376505719032, -0.00193174509332, -0.00399971101433, 0.0146376052871, -0.005168850068, 0.000503124727402], [-0.000463664648123, 0.00256635528058, -0.00153333810158, 0.00233975751325, -0.00184714142233, 0.000752186169848, -0.00164199213032, -0.00121392414439, 0.00189610535745, -0.00212169275619, -0.005168850068, 0.0173314735293, -0.00684994179755], [0.000325400935253, -0.00118851056322, 0.00110363215208, -0.00064038153505, 0.000860721047502, -0.000748678925447, -0.000299100938719, 0.000891178904567, -0.00281530641951, -0.000267046503723, 0.000503124727402, -0.00684994179755, 0.0137207871303]]
    },
    "melbands": {
        "dmean": [0.00358848902397, 0.00113120710012, 0.000359599478543, 0.000227193013416, 0.000118876465422, 0.000165881137946, 0.000258595566265, 0.000163284770679, 8.75139303389e-05, 0.000122974350234, 0.000132615226903, 8.97511999938e-05, 5.04459276272e-05, 3.59813966497e-05, 3.44809959643e-05, 3.40861297445e-05, 2.94580222544e-05, 2.69918964477e-05, 1.89102302102e-05, 1.52336697283e-05, 8.31982197269e-06, 7.26099005988e-06, 7.45859415474e-06, 6.12428675595e-06, 4.18626950704e-06, 3.01174759443e-06, 2.92373056254e-06, 2.70201371677e-06, 2.43890281126e-06, 2.68697249339e-06, 1.60755053003e-06, 1.23690711007e-06, 1.14333420242e-06, 1.11261670099e-06, 8.79571018686e-07, 8.35052333059e-07, 6.91186471613e-07, 5.39237646535e-07, 4.34492648083e-07, 2.91236801786e-07],
        "dmean2": [0.00572311412543, 0.00191370467655, 0.00060380884679, 0.000385732942959, 0.000185951503227, 0.000244318769546, 0.000395015405957, 0.000244052323978, 0.000127627674374, 0.000182936099009, 0.000199430462089, 0.000138915507705, 7.89086770965e-05, 5.55877195438e-05, 5.42156012671e-05, 5.45156326552e-05, 4.78335314256e-05, 4.23872443207e-05, 2.96702801279e-05, 2.39749479078e-05, 1.32886261781e-05, 1.16472647278e-05, 1.17954450616e-05, 9.5173390946e-06, 6.46958460493e-06, 4.65355697088e-06, 4.32355000157e-06, 3.89305250792e-06, 3.56722557626e-06, 4.0258687477e-06, 2.29880788538e-06, 1.80731933597e-06, 1.67479629454e-06, 1.65235235272e-06, 1.25675853724e-06, 1.2037006627e-06, 9.6404494343e-07, 7.78442313276e-07, 6.25997756742e-07, 4.19808827701e-07],
        "dvar": [0.000105441213236, 9.21799073694e-06, 1.30501700824e-06, 3.4256495951e-07, 5.07259585447e-08, 1.21115505181e-07, 4.96503560043e-07, 1.47655640603e-07, 4.58683864224e-08, 1.16040794751e-07, 1.94362016259e-07, 6.93406647656e-08, 2.17232116739e-08, 6.49268239172e-09, 6.15734263576e-09, 1.94235187934e-08, 4.61186244749e-09, 4.7035966233e-09, 1.59564306212e-09, 1.0858240973e-09, 2.39014141812e-10, 2.01111155507e-10, 1.988421372e-10, 1.75398862101e-10, 8.99846308577e-11, 5.30619229111e-11, 5.39254613185e-11, 5.15841605542e-11, 4.73863483175e-11, 5.80855884225e-11, 2.69388192309e-11, 1.45374268179e-11, 8.84883832875e-12, 8.04201930743e-12, 7.56135345309e-12, 8.08633802279e-12, 5.48880472323e-12, 3.69989802684e-12, 1.85693973219e-12, 7.13932222802e-13],
        "dvar2": [0.000267950963462, 2.48825908784e-05, 3.56186023964e-06, 9.36357366754e-07, 1.26751771745e-07, 2.62825864183e-07, 1.1021179489e-06, 3.25992118633e-07, 9.81090977348e-08, 2.43097474595e-07, 4.43413796347e-07, 1.63627333905e-07, 5.1915250765e-08, 1.5334563841e-08, 1.56743773516e-08, 4.74420005503e-08, 1.14230553905e-08, 1.15866987116e-08, 3.93796462106e-09, 2.6868771652e-09, 5.86846127248e-10, 5.09035535945e-10, 4.82069162366e-10, 4.12947065431e-10, 2.15505557843e-10, 1.21969850886e-10, 1.08186223868e-10, 1.00424057958e-10, 9.26842422255e-11, 1.21087112559e-10, 5.66881749875e-11, 3.0915776883e-11, 1.77654887329e-11, 1.67700263398e-11, 1.43533743918e-11, 1.58834889685e-11, 1.05140748538e-11, 7.68348839414e-12, 3.8952582479e-12, 1.45027338663e-12],
        "max": [0.137411803007, 0.0548341162503, 0.0255052689463, 0.0121125224978, 0.00493229320273, 0.00840276200324, 0.0195353310555, 0.00971982069314, 0.00563742080703, 0.0120450658724, 0.0130663746968, 0.00527667719871, 0.00352132529952, 0.0016151474556, 0.00244859303348, 0.00647712917998, 0.00154005980585, 0.00225773802958, 0.000998768955469, 0.000855615304317, 0.00023973241332, 0.000258217711234, 0.000258802581811, 0.000324647582602, 0.000297894293908, 0.000216819360503, 0.00014546548482, 0.000135603404487, 0.000126124854432, 0.000188333084225, 0.000162084266776, 9.36000942602e-05, 6.12112489762e-05, 5.73405377509e-05, 0.000118112635391, 0.000106898885861, 8.50394426379e-05, 5.33003476448e-05, 3.4787284676e-05, 2.23692259169e-05],
        "mean": [0.00628198683262, 0.00355316791683, 0.000823674665298, 0.000403563608415, 0.000287679809844, 0.000407575629652, 0.00047196331434, 0.000312792690238, 0.000180084854946, 0.000228836826864, 0.000222855131142, 0.000145353493281, 8.17161853774e-05, 6.49676294415e-05, 6.20907376288e-05, 5.08107696078e-05, 4.52214953839e-05, 4.39083123638e-05, 3.30303191731e-05, 2.50527900789e-05, 1.52976954269e-05, 1.35323516588e-05, 1.3988588762e-05, 1.06626002889e-05, 6.74083275953e-06, 4.83125904793e-06, 4.64540153189e-06, 4.03355033995e-06, 3.46512138094e-06, 3.58078818863e-06, 2.13873522625e-06, 1.64163986938e-06, 1.55340990204e-06, 1.46960110214e-06, 1.23604843338e-06, 1.12497332339e-06, 9.42867188769e-07, 7.36985612093e-07, 5.83620192174e-07, 3.84924391028e-07],
        "median": [0.000888990936801, 0.000727589474991, 0.000364476174582, 0.000196808716282, 0.000145401456393, 0.000130691827508, 0.000108200641989, 8.96147757885e-05, 6.28709167358e-05, 4.71514940728e-05, 3.6278492189e-05, 2.56728781096e-05, 2.19899375224e-05, 2.09956378967e-05, 1.91684885067e-05, 1.31469696498e-05, 1.34218425956e-05, 1.43241804835e-05, 1.08592339529e-05, 6.38074470771e-06, 4.93262268719e-06, 4.54346763945e-06, 5.07046934217e-06, 3.3905203054e-06, 2.10127927858e-06, 1.63207539572e-06, 1.49424954543e-06, 1.11716599349e-06, 6.91055674906e-07, 5.48787681964e-07, 3.26282304286e-07, 2.40582096467e-07, 2.73722235988e-07, 2.71417661679e-07, 2.36737491832e-07, 1.67172657939e-07, 1.15840769865e-07, 7.34173397632e-08, 4.66494540774e-08, 3.5430129941e-08],
        "min": [1.09294280281e-23, 3.70472273602e-24, 6.86613645624e-24, 3.29851656225e-24, 1.04786476633e-23, 7.01661640708e-24, 6.84273489749e-24, 9.01510952461e-24, 1.04739563075e-23, 1.9982772852e-23, 8.24244235606e-24, 1.14695468904e-23, 1.00415011816e-23, 5.20080020379e-24, 2.68482537648e-24, 6.25823156521e-24, 5.1573856383e-24, 4.63190645667e-24, 1.58735238215e-23, 1.54846422164e-23, 9.48399345832e-24, 1.05796849681e-23, 6.87567378458e-24, 1.25827463791e-23, 1.32545040384e-23, 1.19384000586e-23, 1.40178137389e-23, 1.09885089768e-23, 1.11344711212e-23, 1.11774332749e-23, 6.76222927552e-24, 7.70671587127e-24, 8.84912135724e-24, 9.35370282463e-24, 9.68355633468e-24, 1.02877890782e-23, 1.01762173249e-23, 1.16204583482e-23, 7.47728356559e-24, 9.8898150624e-24],
        "stdev": [0.011686748825, 0.00512291770428, 0.00127203797456, 0.00064407591708, 0.000394416070776, 0.000686871586367, 0.00105261313729, 0.000606117944699, 0.000367878761608, 0.000546025810763, 0.000612183415797, 0.000358412740752, 0.000192691470147, 0.000117951967695, 0.000111355439003, 0.000163487173268, 8.79816579982e-05, 9.59393291851e-05, 5.73930119572e-05, 4.60587471025e-05, 2.36367723119e-05, 2.22878115892e-05, 2.20757665375e-05, 1.82535495696e-05, 1.28115661937e-05, 1.01016639746e-05, 1.00001379906e-05, 9.64564060268e-06, 9.16925728234e-06, 9.82322399068e-06, 6.53059441902e-06, 4.93111610922e-06, 4.08935602536e-06, 3.78296590497e-06, 3.87247291656e-06, 4.05700120609e-06, 3.42596422342e-06, 2.74348417406e-06, 1.95195957531e-06, 1.17214949569e-06],
        "var": [0.000136580099934, 2.62442863459e-05, 1.61808065968e-06, 4.14833749574e-07, 1.55564038096e-07, 4.71792560575e-07, 1.10799453523e-06, 3.67378987676e-07, 1.35334786933e-07, 2.98144215094e-07, 3.74768518441e-07, 1.28459689108e-07, 3.71300004076e-08, 1.39126665744e-08, 1.24000338886e-08, 2.67280544364e-08, 7.74077157928e-09, 9.2043555e-09, 3.29395777321e-09, 2.12140816025e-09, 5.58696977571e-10, 4.96746532797e-10, 4.87339446575e-10, 3.33192085034e-10, 1.64136218506e-10, 1.02043623551e-10, 1.00002763015e-10, 9.30383825537e-11, 8.4075281459e-11, 9.64957350136e-11, 4.26486658489e-11, 2.43159051921e-11, 1.67228314529e-11, 1.43108311659e-11, 1.49960460716e-11, 1.64592593027e-11, 1.17372301114e-11, 7.52670495374e-12, 3.81014577527e-12, 1.37393449482e-12]
    },
    "melbands128": {
