{
"lowlevel": {
    "average_loudness": 0.983489394188,
    "barkbands_crest": {
        "dmean": 3.55931377411,
        "dmean2": 5.61689662933,
        "dvar": 9.35998344421,
        "dvar2": 23.3245544434,
        "max": 25.1090908051,
        "mean": 11.5877408981,
        "median": 10.897321701,
        "min": 2.69261050224,
        "stdev": 4.5279583931,
        "var": 20.5024051666
    },
    "barkbands_flatness_db": {
        "dmean": 0.0250498447567,
        "dmean2": 0.0386016368866,
        "dvar": 0.000599160732236,
        "dvar2": 0.00133101735264,
        "max": 0.312581568956,
        "mean": 0.120272159576,
        "median": 0.110527761281,
        "min": 0.0266297496855,
        "stdev": 0.0479647107422,
        "var": 0.00230061355978
    },
    "barkbands_kurtosis": {
        "dmean": 3.31261205673,
        "dmean2": 5.16652011871,
        "dvar": 34.0744476318,
        "dvar2": 77.3568191528,
        "max": 80.2116317749,
        "mean": 3.25950336456,
        "median": 0.741057157516,
        "min": -1.9029456377,
        "stdev": 7.48263072968,
        "var": 55.9897651672
    },
    "barkbands_skewness": {
        "dmean": 0.707547724247,
        "dmean2": 1.03208363056,
        "dvar": 0.525339126587,
        "dvar2": 1.07325839996,
        "max": 8.36286354065,
        "mean": 1.30596232414,
        "median": 1.09151279926,
        "min": -7.5568189621,
        "stdev": 1.31098926067,
        "var": 1.71869277954
    },
    "barkbands_spread": {
        "dmean": 9.06227207184,
        "dmean2": 13.6548080444,
        "dvar": 98.2248687744,
        "dvar2": 215.35925293,
        "max": 121.486656189,
        "mean": 30.8500957489,
        "median": 28.7001419067,
        "min": 2.72297906876,
        "stdev": 18.551197052,
        "var": 344.146881104
    },
    "dissonance": {
        "dmean": 0.0211998131126,
        "dmean2": 0.0353972427547,
        "dvar": 0.000738306320272,
        "dvar2": 0.00167794094887,
        "max": 0.499627411366,
        "mean": 0.468820333481,
        "median": 0.477924257517,
        "min": 0.084640443325,
        "stdev": 0.0319183841348,
        "var": 0.00101878319401
    },
    "dynamic_complexity": 1.63731360435,
    "erbbands_crest": {
        "dmean": 3.8931415081,
        "dmean2": 6.2673625946,
        "dvar": 13.8916950226,
        "dvar2": 33.8845596313,
        "max": 31.8610668182,
        "mean": 10.264380455,
        "median": 8.71441841125,
        "min": 2.68735575676,
        "stdev": 5.7837433815,
        "var": 33.4516868591
    },
    "erbbands_flatness_db": {
        "dmean": 0.0233644731343,
        "dmean2": 0.0334375686944,
        "dvar": 0.000512158148922,
        "dvar2": 0.000964015198406,
        "max": 0.359619259834,
        "mean": 0.143589437008,
        "median": 0.131750509143,
        "min": 0.0500249117613,
        "stdev": 0.0553053207695,
        "var": 0.00305867847055
    },
    "erbbands_kurtosis": {
        "dmean": 1.65596425533,
        "dmean2": 2.53177380562,
        "dvar": 6.75432729721,
        "dvar2": 16.0584907532,
        "max": 44.4205474854,
        "mean": 1.47306346893,
        "median": 0.0983183383942,
        "min": -1.62163341045,
        "stdev": 3.84564876556,
        "var": 14.7890148163
    },
    "erbbands_skewness": {
        "dmean": 0.492713868618,
        "dmean2": 0.737704217434,
        "dvar": 0.202959612012,
        "dvar2": 0.474076092243,
        "max": 5.79735612869,
        "mean": 0.270941734314,
        "median": 0.137319117785,
        "min": -3.78762841225,
        "stdev": 0.892464518547,
        "var": 0.796492934227
    },
    "erbbands_spread": {
        "dmean": 10.7461414337,
        "dmean2": 15.311964035,
        "dvar": 107.28200531,
        "dvar2": 225.053985596,
        "max": 135.829162598,
        "mean": 38.1939163208,
        "median": 36.3549079895,
        "min": 3.7129034996,
        "stdev": 20.9862194061,
        "var": 440.421386719
    },
    "hfc": {
        "dmean": 11.9694690704,
        "dmean2": 16.532951355,
        "dvar": 255.848464966,
        "dvar2": 391.845794678,
        "max": 301.857421875,
        "mean": 35.0639801025,
        "median": 29.4179439545,
        "min": 0.000160064431839,
        "stdev": 30.8328914642,
        "var": 950.667175293
    },
    "loudness_ebu128": {
        "integrated": -6.4434800148,
        "loudness_range": 0.757011413574,
        "momentary": {
            "dmean": 0.530994713306,
            "dmean2": 0.713796257973,
            "dvar": 0.163742139935,
            "dvar2": 0.312116265297,
            "max": -4.57799863815,
            "mean": -6.5689406395,
            "median": -6.42256832123,
            "min": -10.5281257629,
            "stdev": 1.07751178741,
            "var": 1.16103160381
        },
        "short_term": {
            "dmean": 0.0590913519263,
            "dmean2": 0.0673152729869,
            "dvar": 0.002115649404,
            "dvar2": 0.00261710607447,
            "max": -5.95158433914,
            "mean": -6.47265148163,
            "median": -6.4834151268,
            "min": -7.03410673141,
            "stdev": 0.258940279484,
            "var": 0.0670500695705
        }
    },
    "melbands_crest": {
        "dmean": 4.23150777817,
        "dmean2": 6.58530187607,
        "dvar": 12.2276535034,
        "dvar2": 31.6059799194,
        "max": 34.7550430298,
        "mean": 16.7352199554,
        "median": 16.4169692993,
        "min": 3.6698448658,
        "stdev": 5.3889336586,
        "var": 29.040605545
    },
    "melbands_flatness_db": {
        "dmean": 0.0306039620191,
        "dmean2": 0.0452016182244,
        "dvar": 0.000835056882352,
        "dvar2": 0.00180848641321,
        "max": 0.373686790466,
        "mean": 0.182878687978,
        "median": 0.175639018416,
        "min": 0.0298196300864,
        "stdev": 0.059435069561,
        "var": 0.00353252748027
    },
    "melbands_kurtosis": {
        "dmean": 9.63494110107,
        "dmean2": 14.9391241074,
        "dvar": 316.612030029,
        "dvar2": 722.251647949,
        "max": 247.570953369,
        "mean": 13.2628488541,
        "median": 6.16141700745,
        "min": -1.86250138283,
        "stdev": 22.1535072327,
        "var": 490.777862549
    },
    "melbands_skewness": {
        "dmean": 1.04614770412,
        "dmean2": 1.53373765945,
        "dvar": 1.28594613075,
        "dvar2": 2.61207604408,
        "max": 13.9698801041,
        "mean": 2.5741417408,
        "median": 2.16156101227,
        "min": -1.76806902885,
        "stdev": 1.99473953247,
        "var": 3.97898578644
    },
    "melbands_spread": {
        "dmean": 10.8169870377,
        "dmean2": 16.4374752045,
        "dvar": 186.821075439,
        "dvar2": 394.750244141,
        "max": 305.08493042,
        "mean": 29.9907150269,
        "median": 27.4050788879,
        "min": 1.72706151009,
        "stdev": 21.5288543701,
        "var": 463.491546631
    },
    "pitch_salience": {
        "dmean": 0.0870618447661,
        "dmean2": 0.139664471149,
        "dvar": 0.00652493257076,
        "dvar2": 0.0158552508801,
        "max": 0.953616261482,
        "mean": 0.49584081769,
        "median": 0.494756668806,
        "min": 0.10907676816,
        "stdev": 0.122787490487,
        "var": 0.0150767685845
    },
    "silence_rate_20dB": {
        "dmean": 0,
        "dmean2": 0,
        "dvar": 0,
        "dvar2": 0,
        "max": 1,
        "mean": 1,
        "median": 1,
        "min": 1,
        "stdev": 0,
        "var": 0
    },
    "silence_rate_30dB": {
        "dmean": 0.0343796722591,
        "dmean2": 0.0688107684255,
        "dvar": 0.0331980288029,
        "dvar2": 0.0924989208579,
        "max": 1,
        "mean": 0.979835689068,
        "median": 1,
        "min": 0,
        "stdev": 0.140561267734,
        "var": 0.0197574719787
    },
    "silence_rate_60dB": {
        "dmean": 0.017937220633,
        "dmean2": 0.0344053842127,
        "dvar": 0.0176155883819,
        "dvar2": 0.0377089604735,
        "max": 1,
        "mean": 0.0283793881536,
        "median": 0,
        "min": 0,
        "stdev": 0.166053682566,
        "var": 0.0275738257915
    },
    "spectral_centroid": {
        "dmean": 345.121856689,
        "dmean2": 522.880249023,
        "dvar": 121979.328125,
        "dvar2": 249518.890625,
        "max": 7720.20654297,
        "mean": 1745.71569824,
        "median": 1712.44909668,
        "min": 382.376342773,
        "stdev": 670.650756836,
        "var": 449772.4375
    },
    "spectral_complexity": {
        "dmean": 5.2406578064,
        "dmean2": 7.47718763351,
        "dvar": 33.1587905884,
        "dvar2": 57.8875236511,
        "max": 56,
        "mean": 21.0365943909,
        "median": 20,
        "min": 0,
        "stdev": 10.7471151352,
        "var": 115.500480652
    },
    "spectral_decrease": {
        "dmean": 3.48129991501e-09,
        "dmean2": 5.26955235003e-09,
        "dvar": 2.64135379375e-17,
        "dvar2": 5.27090471277e-17,
        "max": -3.84728802093e-14,
        "mean": -8.6972162805e-09,
        "median": -7.36359373477e-09,
        "min": -4.37647464935e-08,
        "stdev": 6.49942144548e-09,
        "var": 4.22424793742e-17
    },
    "spectral_energy": {
        "dmean": 0.0138235529885,
        "dmean2": 0.0207495894283,
        "dvar": 0.000391144742025,
        "dvar2": 0.000779044581577,
        "max": 0.167579099536,
        "mean": 0.0360057130456,
        "median": 0.0310651045293,
        "min": 1.89807536799e-07,
        "stdev": 0.0254021063447,
        "var": 0.000645267020445
    },
    "spectral_energyband_high": {
        "dmean": 0.000870195450261,
        "dmean2": 0.00116104190238,
        "dvar": 1.98970201382e-06,
        "dvar2": 3.11923781737e-06,
        "max": 0.0264179669321,
        "mean": 0.00196663918905,
        "median": 0.000994123518467,
        "min": 9.69036584308e-09,
        "stdev": 0.00270721153356,
        "var": 7.32899388822e-06
    },
    "spectral_energyband_low": {
        "dmean": 0.00949661526829,
        "dmean2": 0.0141335185617,
        "dvar": 0.000340313068591,
        "dvar2": 0.000653269758914,
        "max": 0.162367075682,
        "mean": 0.0173848196864,
        "median": 0.0124232023954,
        "min": 3.33964411681e-09,
        "stdev": 0.0223036017269,
        "var": 0.000497450644616
    },
    "spectral_energyband_middle_high": {
        "dmean": 0.00429220916703,
        "dmean2": 0.00660770386457,
        "dvar": 2.89444233204e-05,
        "dvar2": 6.67758504278e-05,
        "max": 0.0583518333733,
        "mean": 0.0100100757554,
        "median": 0.00672356365249,
        "min": 2.76893192819e-08,
        "stdev": 0.00977995060384,
        "var": 9.56474395934e-05
    },
    "spectral_energyband_middle_low": {
        "dmean": 0.00529377767816,
        "dmean2": 0.00881307106465,
        "dvar": 9.74406430032e-05,
        "dvar2": 0.000258896121522,
        "max": 0.0845899805427,
        "mean": 0.0082410890609,
        "median": 0.00531201902777,
        "min": 3.37535865924e-08,
        "stdev": 0.00963493436575,
        "var": 9.28319641389e-05
    },
    "spectral_entropy": {
        "dmean": 0.167415931821,
        "dmean2": 0.24888728559,
        "dvar": 0.0264350231737,
        "dvar2": 0.0504086315632,
        "max": 8.96697902679,
        "mean": 7.83539581299,
        "median": 7.84317827225,
        "min": 6.56904506683,
        "stdev": 0.37853038311,
        "var": 0.143285244703
    },
    "spectral_flux": {
        "dmean": 0.0366502664983,
        "dmean2": 0.0575654096901,
        "dvar": 0.00170496862847,
        "dvar2": 0.0040611079894,
        "max": 0.34498026967,
        "mean": 0.113757580519,
        "median": 0.101369716227,
        "min": 0.000435669062426,
        "stdev": 0.0575550608337,
        "var": 0.00331258494407
    },
    "spectral_kurtosis": {
        "dmean": 0.94501131773,
        "dmean2": 1.48520374298,
        "dvar": 0.899470508099,
        "dvar2": 2.21097111702,
        "max": 12.5400571823,
        "mean": 3.40641713142,
        "median": 3.15229177475,
        "min": -1.43622505665,
        "stdev": 1.84207522869,
        "var": 3.39324116707
    },
    "spectral_rms": {
        "dmean": 0.00108111719601,
        "dmean2": 0.00157864985522,
        "dvar": 1.7118732103e-06,
        "dvar2": 3.21704442285e-06,
        "max": 0.0127863911912,
        "mean": 0.00558351259679,
        "median": 0.00550521723926,
        "min": 1.36080152515e-05,
        "stdev": 0.00198794272728,
        "var": 3.95191636926e-06
    },
    "spectral_rolloff": {
        "dmean": 783.468994141,
        "dmean2": 1296.40600586,
        "dvar": 1730349.125,
        "dvar2": 3816894.25,
        "max": 12553.8574219,
        "mean": 1996.67272949,
        "median": 1550.390625,
        "min": 64.599609375,
        "stdev": 2067.92651367,
        "var": 4276320.5
    },
    "spectral_skewness": {
        "dmean": 0.177640318871,
        "dmean2": 0.270740360022,
        "dvar": 0.0303941965103,
        "dvar2": 0.0672812759876,
        "max": 2.74650144577,
        "mean": 1.47818291187,
        "median": 1.45863831043,
        "min": -0.218617990613,
        "stdev": 0.348565846682,
        "var": 0.121498145163
    },
    "spectral_spread": {
        "dmean": 699670.875,
        "dmean2": 1002137.25,
        "dvar": 727589453824,
        "dvar2": 1.09849758925e+12,
        "max": 18788746,
        "mean": 5768668.5,
        "median": 5442595.5,
        "min": 2465684.5,
        "stdev": 1871272.625,
        "var": 3.50166135603e+12
    },
    "spectral_strongpeak": {
        "dmean": 0.773979723454,
        "dmean2": 1.34647715092,
        "dvar": 1.8247410059,
        "dvar2": 4.58328485489,
        "max": 18.7359390259,
        "mean": 1.12137269974,
        "median": 0.36145606637,
        "min": 0,
        "stdev": 1.76099860668,
        "var": 3.10111618042
    },
    "zerocrossingrate": {
        "dmean": 0.0149436686188,
        "dmean2": 0.0171643458307,
        "dvar": 0.000331106886733,
        "dvar2": 0.000358436140232,
        "max": 0.49462890625,
        "mean": 0.0797867625952,
        "median": 0.0703125,
        "min": 0.00439453125,
        "stdev": 0.0505586117506,
        "var": 0.00255617313087
    },
    "barkbands": {
        "dmean": [0.000375525443815, 0.00809854641557, 0.00229922309518, 0.00216382532381, 0.0013881851919, 0.00103818776552, 0.000822894799057, 0.000550516997464, 0.000576312537305, 0.00189673434943, 0.000764286029153, 0.0018690751167, 0.000467832636787, 0.000897474645171, 0.000592435477301, 0.000426426384365, 0.000418055220507, 0.000396057992475, 0.000234084611293, 0.000168659738847, 0.000227927201195, 0.000149651939864, 0.000128344341647, 0.000113359077659, 0.000241595116677, 0.000129728636239, 5.27971724296e-06],
        "dmean2": [0.000597543898039, 0.0121617801487, 0.00394181255251, 0.00358326174319, 0.00254910625517, 0.00162674009334, 0.00129483372439, 0.000883140659425, 0.000942741229665, 0.0031095140148, 0.00126579974312, 0.0029556050431, 0.000745280121919, 0.0014101973502, 0.000965885992628, 0.000669433793519, 0.000659454672132, 0.000638097757474, 0.000364860461559, 0.000263949594228, 0.000349115551217, 0.000213116203668, 0.000187486672075, 0.000163336735568, 0.00031395352562, 0.000174619388417, 8.93843662197e-06],
        "dvar": [3.47704542492e-07, 0.000274991878541, 2.89172894554e-05, 4.33300447185e-05, 1.78813697858e-05, 2.98494842355e-06, 4.1835819502e-06, 2.9841446576e-06, 1.958321036e-06, 1.58685124916e-05, 4.8101937864e-06, 1.48563158291e-05, 1.4308043319e-06, 4.45374280389e-06, 1.39066628435e-06, 5.63995115499e-07, 4.51579296623e-07, 3.69319991478e-07, 1.73581995e-07, 5.19269036658e-08, 1.26460690808e-07, 5.93197846399e-08, 3.2958478613e-08, 3.75152389154e-08, 7.33918568585e-07, 1.32727990376e-07, 1.27239066505e-10],
        "dvar2": [8.54792688187e-07, 0.000549507327378, 8.04148367024e-05, 0.000113203888759, 5.15096144227e-05, 7.10783433533e-06, 9.3544676929e-06, 6.70247072776e-06, 4.85198188471e-06, 4.15137692471e-05, 1.1392664419e-05, 3.42735147569e-05, 3.01875388686e-06, 1.10378578029e-05, 3.48191179e-06, 1.28296835555e-06, 1.10793121166e-06, 9.42367989865e-07, 4.20469604023e-07, 1.20746975085e-07, 2.82318552536e-07, 1.27437232322e-07, 7.07495644292e-08, 7.96328336605e-08, 9.2443815447e-07, 2.26011991344e-07, 3.44149236886e-10],
        "max": [0.00568707333878, 0.152797430754, 0.0451633371413, 0.0533972755075, 0.0357774682343, 0.0197975710034, 0.0397926717997, 0.0344742462039, 0.0183072779328, 0.0473680533469, 0.0469949431717, 0.0488423965871, 0.0262551251799, 0.0314375050366, 0.01660358347, 0.007957438007, 0.00892569404095, 0.00658593839034, 0.0100040342659, 0.00247482070699, 0.00462430715561, 0.00285482220352, 0.00249319546856, 0.00361360213719, 0.0199873726815, 0.0105951111764, 0.000110690605652],
        "mean": [0.00058361137053, 0.0128556070849, 0.00286860950291, 0.00197028904222, 0.00121274765115, 0.00169979804195, 0.00109251704998, 0.000603698950727, 0.000746815523598, 0.00228121434338, 0.000850177311804, 0.00238320161588, 0.000599612714723, 0.00121667666826, 0.00078955135541, 0.000601183157414, 0.000606311485171, 0.000572890799958, 0.000373728369595, 0.000289730436634, 0.000407576735597, 0.000274515943602, 0.000247487856541, 0.000222464455874, 0.000440988020273, 0.00020958467212, 5.13596569363e-06],
        "median": [0.000284037232632, 0.00789242517203, 0.00160770921502, 0.000422554148827, 0.000447986181825, 0.000713055720553, 0.000278512976365, 0.000162791009643, 0.000224223069381, 0.000574187084567, 0.000164343655342, 0.000473363761557, 0.000239292305196, 0.000336320314091, 0.000302104075672, 0.000233805883909, 0.000284333858872, 0.000284587556962, 0.000204771073186, 0.000187474579434, 0.000207747536479, 0.000121458098874, 0.000119213000289, 7.76334272814e-05, 0.000145418278407, 5.78167419008e-05, 1.18564628337e-06],
        "min": [1.60857283049e-09, 1.84936965741e-09, 5.85090420557e-10, 1.46010828428e-10, 7.99744159785e-10, 5.74617153859e-09, 8.58282600547e-09, 6.05204775184e-09, 2.02622918444e-09, 8.50299164412e-10, 4.24702983892e-09, 1.66549296576e-09, 9.65012070253e-10, 1.25281984786e-09, 3.68063179934e-09, 4.89707996376e-10, 1.32016908516e-09, 7.55441753597e-09, 3.94638055567e-09, 4.73517314248e-09, 7.38548555645e-10, 1.71708636199e-09, 1.87834214849e-09, 8.64640026244e-10, 7.05333791373e-10, 4.52878873292e-10, 1.15199724759e-11],
        "stdev": [0.000771282357164, 0.0193801745772, 0.00477963639423, 0.00586335314438, 0.00321766431443, 0.00249382597394, 0.00256704981439, 0.00189956522081, 0.0017440887168, 0.00433231843635, 0.00288548832759, 0.00501040462404, 0.00140860583633, 0.00267520733178, 0.0013103056699, 0.000985007383861, 0.000895055069122, 0.000794736843091, 0.000556218670681, 0.000310374860419, 0.000555203820113, 0.000360734004062, 0.000305047200527, 0.000324512715451, 0.0015165155055, 0.000571545155253, 1.08402291517e-05],
        "var": [5.94876496507e-07, 0.000375591160264, 2.28449262067e-05, 3.4378910641e-05, 1.03533639049e-05, 6.21916751697e-06, 6.58974522594e-06, 3.60834815183e-06, 3.04184527522e-06, 1.8768982045e-05, 8.32604291645e-06, 2.51041547017e-05, 1.98417023967e-06, 7.15673468221e-06, 1.7169010107e-06, 9.70239625531e-07, 8.01123576366e-07, 6.31606610568e-07, 3.09379203145e-07, 9.63325561543e-08, 3.08251259185e-07, 1.30129024001e-07, 9.30537922272e-08, 1.05308494369e-07, 2.29981924349e-06, 3.26663837313e-07, 1.17510570719e-10]
    },
    "erbbands": {
        "dmean": [0.230201274157, 1.99607276917, 3.1058485508, 4.88982343674, 6.41985750198, 3.83545827866, 5.10743331909, 9.40008640289, 13.7253417969, 8.85239601135, 10.8991298676, 12.4594306946, 47.3516845703, 41.7482032776, 41.0369415283, 78.7251052856, 21.329240799, 44.1054191589, 32.0385971069, 28.6978149414, 19.3874320984, 19.9447383881, 21.1817302704, 15.1794948578, 9.80469417572, 7.6662979126, 10.5844869614, 6.87473964691, 5.6273021698, 5.13368082047, 3.332644701, 2.48800611496, 1.92633140087, 2.40750980377, 1.92777502537, 0.74880027771, 0.217682823539, 0.0339842997491, 0.000667481624987, 3.61966958735e-05],
        "dmean2": [0.337736040354, 3.13546133041, 5.06114530563, 8.00783634186, 11.6290197372, 6.92709684372, 8.10496139526, 14.7440366745, 21.74127388, 13.9595823288, 17.8015727997, 20.5125999451, 76.6125564575, 68.4746551514, 66.0289001465, 122.57258606, 33.19373703, 69.9100570679, 47.9455451965, 45.3863143921, 29.8261241913, 31.4294471741, 34.0251922607, 23.2770824432, 15.1928100586, 12.2012634277, 16.3194179535, 10.5153646469, 8.19472694397, 7.36026096344, 4.83188819885, 3.80197358131, 2.81992602348, 3.34993124008, 2.5511496067, 0.965902864933, 0.297076046467, 0.0509388484061, 0.000987484818324, 4.95318163303e-05],
        "dvar": [0.137400403619, 21.0879802704, 52.3870239258, 142.026794434, 520.891723633, 107.029441833, 110.660545349, 311.03805542, 1110.60473633, 755.89074707, 1091.45739746, 970.251464844, 12369.7119141, 13672.2363281, 13173.2929688, 25704.2832031, 1902.41137695, 11809.8720703, 4378.68603516, 3276.65429688, 1091.40063477, 955.123779297, 981.252624512, 840.199462891, 217.49357605, 115.930305481, 328.308258057, 95.881401062, 99.332244873, 50.4417152405, 24.3431186676, 16.2446022034, 16.6393566132, 58.2885665894, 55.6290473938, 7.8375711441, 0.279228597879, 0.00431526685134, 1.60386571224e-06, 3.49942697042e-09],
        "dvar2": [0.297376304865, 45.1146392822, 133.279571533, 361.620056152, 1466.99536133, 304.893829346, 286.176422119, 721.329589844, 2556.65893555, 1626.89562988, 2611.76904297, 2387.35473633, 32101.3515625, 35604.3242188, 31860.5390625, 59275.5078125, 3920.62036133, 29169.8242188, 9687.19335938, 8076.6796875, 2373.15771484, 2439.6105957, 2438.12597656, 2065.93139648, 506.183197021, 262.733673096, 755.808166504, 207.889450073, 224.517974854, 109.590644836, 53.0178108215, 34.2676277161, 31.4294128418, 78.1837158203, 81.9247665405, 13.5870418549, 0.490052103996, 0.00913953781128, 3.37134792971e-06, 6.10279604629e-09],
        "max": [3.96838545799, 40.271270752, 63.0085678101, 88.0839233398, 197.336791992, 93.7065887451, 195.403579712, 247.633422852, 649.937072754, 481.757049561, 790.914794922, 455.607818604, 1534.44812012, 1669.54577637, 2087.47338867, 2206.85473633, 937.939331055, 1543.16748047, 1107.36743164, 668.391174316, 576.645812988, 419.74798584, 467.700561523, 625.561035156, 145.791290283, 134.784072876, 263.318389893, 108.371635437, 123.31577301, 73.2262802124, 69.3237915039, 53.3367729187, 75.6599197388, 219.582000732, 201.863296509, 91.1863327026, 11.6351671219, 0.804736316204, 0.0161148421466, 0.00102829607204],
        "mean": [0.404443591833, 2.6943860054, 3.82276749611, 5.37948513031, 5.14203166962, 3.51717948914, 7.85457801819, 15.0655517578, 19.2556343079, 11.3974428177, 12.4959974289, 17.2873935699, 60.4064483643, 50.9189796448, 53.9006500244, 101.971115112, 31.7140235901, 62.6841392517, 46.2118682861, 43.1892433167, 32.1552467346, 30.8832874298, 32.3244094849, 24.4131183624, 15.8217964172, 13.6765356064, 18.53490448, 12.4991426468, 9.83900165558, 9.51155185699, 6.44807243347, 4.96546983719, 3.7236456871, 4.25009202957, 3.3989546299, 1.24226284027, 0.327112048864, 0.043974481523, 0.000908008252736, 8.1202313595e-05],
        "median": [0.281103253365, 1.43332493305, 2.13410973549, 1.94283008575, 1.35061979294, 1.33842241764, 3.81436824799, 5.47809648514, 5.04115629196, 3.46935606003, 4.02760028839, 6.5135436058, 17.7746200562, 14.6632804871, 12.3999576569, 21.0439682007, 15.9878959656, 20.3508911133, 16.90858078, 16.7310180664, 14.6060762405, 16.970708847, 17.8023777008, 12.4526166916, 9.62772750854, 9.02431774139, 9.35119056702, 6.46333217621, 4.29936122894, 4.25700998306, 2.91863679886, 1.9425662756, 1.20655488968, 1.40187466145, 1.07187342644, 0.368024021387, 0.0789580717683, 0.0106326090172, 0.000249526725383, 5.49210417375e-05],
        "min": [7.68855556998e-08, 3.35341184154e-07, 6.97554469298e-07, 6.39657457668e-07, 2.69375391326e-07, 2.9699829156e-06, 1.81664872798e-05, 5.766340837e-05, 0.000110920867883, 0.000142149627209, 0.000114197449875, 4.93488296343e-05, 1.72841700987e-05, 8.96400597412e-05, 0.00016868194507, 5.13225932082e-05, 4.13660818595e-05, 5.85360357945e-05, 0.00016923667863, 0.000101953228295, 3.90424138459e-05, 0.00010240253323, 0.000456060370198, 0.000185444747331, 0.00023242586758, 0.000200224007131, 7.60270413593e-05, 3.55828124157e-05, 4.92696526635e-05, 6.29766364e-05, 5.93262993789e-05, 2.81646898657e-05, 8.36672188598e-06, 8.6718946477e-06, 4.33407376477e-06, 1.3325807231e-06, 9.6822748219e-07, 3.02278010622e-07, 5.72027047951e-08, 6.00585936539e-09],
        "stdev": [0.483484327793, 4.81700181961, 6.77132701874, 11.2558097839, 17.8789081573, 8.15088176727, 13.0904369354, 26.1036548615, 42.1886253357, 32.7046585083, 34.2557983398, 38.8473854065, 119.368392944, 127.495750427, 151.882843018, 213.450408936, 54.4436759949, 137.133270264, 83.350730896, 71.9193267822, 49.9428367615, 40.9572410583, 42.8435897827, 39.6738777161, 18.6595802307, 14.5742225647, 26.9031677246, 15.0872650146, 13.5133256912, 11.9278964996, 8.08246517181, 6.70388174057, 6.81146907806, 13.1584310532, 12.6139202118, 4.30708408356, 0.806555628777, 0.0845197960734, 0.00170719646849, 9.42121696426e-05],
        "var": [0.23375710845, 23.2035045624, 45.8508720398, 126.693244934, 319.65536499, 66.4368667603, 171.359542847, 681.400817871, 1779.88012695, 1069.59460449, 1173.45983887, 1509.1192627, 14248.8125, 16255.1669922, 23068.3964844, 45561.0742188, 2964.11376953, 18805.5332031, 6947.34375, 5172.38916016, 2494.28710938, 1677.4954834, 1835.57324219, 1574.01660156, 348.179931641, 212.407958984, 723.780395508, 227.625564575, 182.609970093, 142.274719238, 65.3262481689, 44.9420318604, 46.3961105347, 173.144317627, 159.110992432, 18.5509719849, 0.650531947613, 0.00714359618723, 2.91451988232e-06, 8.87593287757e-09]
    },
    "gfcc": {
        "mean": [33.8283920288, 54.7445487976, -114.634460449, 30.1973438263, -48.7554016113, 31.5779037476, -32.3511123657, 17.7075881958, -27.6323776245, 14.3217859268, -15.6280965805, 11.2827758789, -8.56237983704],
        "cov": [[3626.93017578, -253.793136597, 496.627655029, 571.775268555, 275.625, 37.1074295044, -68.2646179199, 185.307067871, 53.12890625, -58.9504547119, -255.395172119, -3.38285183907, -130.104858398], [-253.793136597, 1294.61450195, 198.226394653, 271.159912109, 274.874053955, -12.5544176102, 229.805679321, -2.01376533508, 106.644035339, -1.08776688576, 110.76927948, -29.585943222, 84.5656738281], [496.627655029, 198.226394653, 962.378479004, 470.501159668, 200.087051392, 73.8403930664, 8.88023853302, 118.453544617, 61.6651763916, 73.9703521729, 31.8221950531, -17.8192310333, -39.5668716431], [571.775268555, 271.159912109, 470.501159668, 573.639953613, 231.725982666, 8.55449390411, 17.5773830414, 90.0612640381, 89.6314544678, -3.62305593491, -0.303436994553, -18.4799175262, 8.6377286911], [275.625, 274.874053955, 200.087051392, 231.725982666, 310.949737549, 101.870994568, 100.311553955, 24.497751236, 12.5079107285, -12.4963531494, -22.7790756226, -26.4963588715, -8.39016342163], [37.1074295044, -12.5544176102, 73.8403930664, 8.55449390411, 101.870994568, 281.952880859, 163.845352173, -15.9185466766, -27.2713680267, 15.2198181152, 4.63519239426, -21.5853061676, -27.946018219], [-68.2646179199, 229.805679321, 8.88023853302, 17.5773830414, 100.311553955, 163.845352173, 265.391845703, -2.80660605431, 9.3792924881, 34.7396430969, 31.6812171936, -15.306016922, -13.9549541473], [185.307067871, -2.01376533508, 118.453544617, 90.0612640381, 24.497751236, -15.9185466766, -2.80660605431, 172.25151062, 79.3814468384, 26.9223423004, 15.5231370926, 17.2354660034, 42.1439361572], [53.12890625, 106.644035339, 61.6651763916, 89.6314544678, 12.5079107285, -27.2713680267, 9.3792924881, 79.3814468384, 132.007247925, 55.9773979187, 26.6258850098, 13.3959140778, 25.1444778442], [-58.9504547119, -1.08776688576, 73.9703521729, -3.62305593491, -12.4963531494, 15.2198181152, 34.7396430969, 26.9223423004, 55.9773979187, 147.353256226, 95.1444625854, 27.765832901, 5.4924249649], [-255.395172119, 110.76927948, 31.8221950531, -0.303436994553, -22.7790756226, 4.63519239426, 31.6812171936, 15.5231370926, 26.6258850098, 95.1444625854, 160.856033325, 52.83385849, 28.7156906128], [-3.38285183907, -29.585943222, -17.8192310333, -18.4799175262, -26.4963588715, -21.5853061676, -15.306016922, 17.2354660034, 13.3959140778, 27.765832901, 52.83385849, 88.9914398193, 45.4886894226], [-130.104858398, 84.5656738281, -39.5668716431, 8.6377286911, -8.39016342163, -27.946018219, -13.9549541473, 42.1439361572, 25.1444778442, 5.4924249649, 28.7156906128, 45.4886894226, 115.270736694]],
        "icov": [[0.000508565688506, -0.000144412319059, 0.000183395517524, -0.000658053439111, 7.2317176091e-05, -0.000258987391135, 0.000307944574161, -0.000801337591838, 0.000635026837699, -0.000810496567283, 0.00149354466703, -0.00124549760949, 0.00108448753599], [-0.000144412319059, 0.00246878992766, -0.00085331837181, 0.000796129985247, -0.00201490311883, 0.00227020843886, -0.00267522083595, 0.00246927933767, -0.00312804197893, 0.00333159673028, -0.00372488750145, 0.00292247743346, -0.00285142473876], [0.000183395517524, -0.00085331837181, 0.00255803461187, -0.00229480187409, 0.000650556932669, -0.00148361129686, 0.00162760762032, -0.00220398698002, 0.00241029378958, -0.002934117103, 0.00177359115332, -0.00136930553708, 0.00228609959595], [-0.000658053439111, 0.000796129985247, -0.00229480187409, 0.00567534519359, -0.00303689669818, 0.00166280614212, -0.000917344412301, 0.00199467525817, -0.00445762323216, 0.00417946884409, -0.00383654003963, 0.00289291702211, -0.00261067622341], [7.2317176091e-05, -0.00201490311883, 0.000650556932669, -0.00303689669818, 0.00763313658535, -0.00295684835874, 0.000596752914134, -0.00208014296368, 0.00345527450554, -0.00280107161961, 0.00406501814723, -0.00213256780989, 0.0018908403581], [-0.000258987391135, 0.00227020843886, -0.00148361129686, 0.00166280614212, -0.00295684835874, 0.00848867185414, -0.00605857139453, 0.0024379810784, -0.00150459364522, 0.00280076637864, -0.0033554029651, 0.00311762699857, -0.00257336650975], [0.000307944574161, -0.00267522083595, 0.00162760762032, -0.000917344412301, 0.000596752914134, -0.00605857139453, 0.00984523445368, -0.00282501848415, 0.00239161984064, -0.00433208886534, 0.00289993453771, -0.00238446658477, 0.00364022538997], [-0.000801337591838, 0.00246927933767, -0.00220398698002, 0.00199467525817, -0.00208014296368, 0.0024379810784, -0.00282501848415, 0.0126929925755, -0.00891990214586, 0.00497876945883, -0.00517735909671, 0.00412793364376, -0.00679571554065], [0.000635026837699, -0.00312804197893, 0.00241029378958, -0.00445762323216, 0.00345527450554, -0.00150459364522, 0.00239161984064, -0.00891990214586, 0.0192238669842, -0.0112590529025, 0.00793979503214, -0.00471089594066, 0.00383458496071], [-0.000810496567283, 0.00333159673028, -0.002934117103, 0.00417946884409, -0.00280107161961, 0.00280076637864, -0.00433208886534, 0.00497876945883, -0.0112590529025, 0.0203335024416, -0.014322610572, 0.00514938356355, -0.00352583592758], [0.00149354466703, -0.00372488750145, 0.00177359115332, -0.00383654003963, 0.00406501814723, -0.0033554029651, 0.00289993453771, -0.00517735909671, 0.00793979503214, -0.014322610572, 0.0215291380882, -0.0119688995183, 0.00535155413672], [-0.00124549760949, 0.00292247743346, -0.00136930553708, 0.00289291702211, -0.00213256780989, 0.00311762699857, -0.00238446658477, 0.00412793364376, -0.00471089594066, 0.00514938356355, -0.0119688995183, 0.023126469925, -0.0107962433249], [0.00108448753599, -0.00285142473876, 0.00228609959595, -0.00261067622341, 0.0018908403581, -0.00257336650975, 0.00364022538997, -0.00679571554065, 0.00383458496071, -0.00352583592758, 0.00535155413672, -0.0107962433249, 0.0176693629473]]
    },
    "melbands": {
        "dmean": [0.00208794092759, 0.00187401205767, 0.000894696568139, 0.000352550967364, 0.000163946257089, 0.000214486513869, 0.000194777356228, 0.000101812576759, 8.40231296024e-05, 8.66776026669e-05, 0.000244604045292, 0.000180234783329, 0.00010937947809, 0.000225286028581, 0.000106100043922, 5.35170038347e-05, 9.13052572287e-05, 5.82588181715e-05, 3.92375150113e-05, 3.70167872461e-05, 2.45773098868e-05, 2.3152320864e-05, 2.26991705858e-05, 1.69448503584e-05, 1.31360184241e-05, 8.03757939138e-06, 6.14487453277e-06, 5.27417842022e-06, 6.9307211561e-06, 6.52159405945e-06, 3.96427367377e-06, 3.42557814292e-06, 3.05161006509e-06, 2.98791042042e-06, 2.1002192625e-06, 1.80731467481e-06, 1.48187064042e-06, 1.25609801671e-06, 1.880891773e-06, 2.16087391891e-06],
        "dmean2": [0.00308413500898, 0.00291940569878, 0.0014883846743, 0.000641100050416, 0.000264223053819, 0.000334888580255, 0.000308381509967, 0.000161272953846, 0.000139605283039, 0.000141646029078, 0.000396392599214, 0.000297998456517, 0.000177254827577, 0.000351435184712, 0.000167677528225, 8.32420482766e-05, 0.000144923600601, 8.67594280862e-05, 6.35468313703e-05, 5.8323104895e-05, 3.82524012821e-05, 3.69719782611e-05, 3.6357465433e-05, 2.7744577892e-05, 2.02931096283e-05, 1.26172571981e-05, 9.50842877501e-06, 8.59877673065e-06, 1.10241580842e-05, 1.0000497241e-05, 6.11960285823e-06, 5.23818289366e-06, 4.49626531918e-06, 4.4181465455e-06, 3.11773806061e-06, 2.73822138297e-06, 2.28271073865e-06, 1.86570900951e-06, 2.57216447608e-06, 3.14257840728e-06],
        "dvar": [1.46090251292e-05, 1.81506729859e-05, 5.70812881051e-06, 1.3079600194e-06, 9.63218766969e-08, 1.40124612358e-07, 2.18036760202e-07, 1.04548703916e-07, 5.95019180594e-08, 4.45276349126e-08, 3.21241628853e-07, 2.55041840092e-07, 1.13082570863e-07, 2.30036050652e-07, 4.52972344078e-08, 2.00463556865e-08, 5.46750165142e-08, 1.55846020533e-08, 5.72681768674e-09, 5.03964070475e-09, 2.37088548793e-09, 1.42222345012e-09, 1.10691655841e-09, 8.97795005006e-10, 7.10831948858e-10, 1.4346146493e-10, 8.35114616349e-11, 5.81015478784e-11, 1.6042125961e-10, 1.45028170029e-10, 3.6799535641e-11, 4.51153732428e-11, 2.21016729224e-11, 1.72388353592e-11, 1.06601064781e-11, 8.43437299169e-12, 6.21094798856e-12, 6.56359385245e-12, 3.25231092058e-11, 4.91343007947e-11],
        "dvar2": [2.78343686659e-05, 4.09468484577e-05, 1.50608902914e-05, 3.72849603991e-06, 2.56235779261e-07, 3.26437259446e-07, 4.92816639053e-07, 2.21438597237e-07, 1.49173004615e-07, 1.0655890037e-07, 8.34108902836e-07, 6.64342508117e-07, 2.66452929054e-07, 5.30555894329e-07, 1.10637081718e-07, 3.99207387147e-08, 1.36867839728e-07, 3.31825056321e-08, 1.43689948828e-08, 1.20590426533e-08, 4.92509677485e-09, 3.52441364981e-09, 2.78535283726e-09, 2.28943108915e-09, 1.75770042965e-09, 3.34186150974e-10, 1.94803922993e-10, 1.36495842407e-10, 3.95531357666e-10, 3.27442767345e-10, 8.51319292838e-11, 1.08616254879e-10, 4.79981887569e-11, 3.8934057367e-11, 2.40729120665e-11, 1.86441001526e-11, 1.32802865926e-11, 1.40726041931e-11, 4.63711014032e-11, 7.52891221589e-11],
        "max": [0.0338450819254, 0.0357251502573, 0.019184909761, 0.00930733978748, 0.00510565191507, 0.00480980565771, 0.00920769385993, 0.00555642135441, 0.00530877476558, 0.00284723634832, 0.00800836924464, 0.00739187840372, 0.00762048503384, 0.00709643680602, 0.00207867147401, 0.00301779690199, 0.00353823881596, 0.00186194106936, 0.00121077941731, 0.000822111556772, 0.000954288232606, 0.000422337994678, 0.000499889603816, 0.000376170384698, 0.000617188808974, 0.000120240889373, 0.000100582343293, 9.61833720794e-05, 0.000254331273027, 0.000159319126396, 6.87406936777e-05, 9.96851667878e-05, 5.02016664541e-05, 5.19284476468e-05, 4.26482474722e-05, 3.72594331566e-05, 3.39202015311e-05, 6.01185602136e-05, 0.000174698609044, 0.000187063167687],
        "mean": [0.00362938735634, 0.00252349744551, 0.000923730898649, 0.00028869122616, 0.000242879381403, 0.000347620341927, 0.000273705285508, 0.000124653728562, 9.31146350922e-05, 0.000118587289762, 0.000308269110974, 0.000211656588363, 0.000134774687467, 0.000288495852146, 0.000131534281536, 7.09315499989e-05, 0.00012339373643, 7.73761275923e-05, 5.41122499271e-05, 5.24103488715e-05, 3.72482936655e-05, 3.3655014704e-05, 3.2232634112e-05, 2.40827084781e-05, 1.97491717699e-05, 1.19449150588e-05, 9.75284456217e-06, 8.62823617354e-06, 1.11448252937e-05, 1.08901249405e-05, 6.21440949544e-06, 5.49089145352e-06, 5.31682326255e-06, 5.25000314155e-06, 3.73843636226e-06, 3.37924620908e-06, 2.80679319076e-06, 2.32899537878e-06, 3.18083652928e-06, 3.68234555026e-06],
        "median": [0.00234502134845, 0.00153555627912, 0.000331824849127, 9.25522472244e-05, 0.000121976634546, 0.00013260031119, 7.54124484956e-05, 3.24709108099e-05, 2.97767128359e-05, 3.53279465344e-05, 8.72191958479e-05, 4.88043988298e-05, 2.65513335762e-05, 5.69014555367e-05, 3.80746241717e-05, 2.66580263997e-05, 3.65587984561e-05, 2.26673364523e-05, 2.18984878302e-05, 1.73468779394e-05, 1.48568969962e-05, 1.57863596542e-05, 1.74321066879e-05, 1.17736481116e-05, 8.76956073625e-06, 6.64241633785e-06, 5.66566632187e-06, 5.56898567083e-06, 5.96691052124e-06, 4.63115748062e-06, 2.96157736557e-06, 2.18583022615e-06, 2.11534461414e-06, 2.32282513934e-06, 1.66038535099e-06, 1.41835744216e-06, 9.39393714816e-07, 7.72198063714e-07, 9.17714714888e-07, 1.25520637084e-06],
        "min": [6.77634781621e-10, 3.82522929998e-10, 9.51764431156e-11, 8.66322569237e-11, 5.36952482477e-10, 1.29516575242e-09, 1.72444136748e-09, 1.538748573e-09, 8.36032743035e-10, 2.68235988976e-10, 7.07157735147e-11, 3.20612231208e-10, 5.99714666816e-10, 2.68541439086e-10, 4.94631176295e-11, 1.12270318042e-10, 9.82466191735e-11, 2.46179798769e-10, 2.63623484154e-10, 3.71922596887e-11, 5.06862087024e-11, 4.74589360866e-11, 3.86357640325e-10, 3.27686933144e-10, 1.31285024518e-10, 1.33260402713e-10, 1.72003328247e-10, 1.4569256912e-10, 6.3830496444e-11, 1.93323967945e-11, 2.19447602451e-11, 2.51052494765e-11, 3.54411604231e-11, 3.43702566408e-11, 3.49057484306e-11, 1.26831739555e-11, 1.95746023557e-11, 4.7430314884e-12, 4.25210344365e-12, 9.43563369799e-12],
        "stdev": [0.00485586142167, 0.00430610170588, 0.00213377457112, 0.000880278414115, 0.000375899282517, 0.000556854531169, 0.000589689880144, 0.000386635947507, 0.000243865710218, 0.000280507665593, 0.000607723370194, 0.000553572259378, 0.000465006101876, 0.000625100394245, 0.000259533699136, 0.000173769527464, 0.000290346884867, 0.000157902133651, 8.66448317538e-05, 8.93282194738e-05, 7.1059417678e-05, 4.99611523992e-05, 4.44808683824e-05, 3.49232686858e-05, 3.60000703949e-05, 1.4931088117e-05, 1.15993107102e-05, 9.86196209851e-06, 1.63365348271e-05, 1.81856539712e-05, 8.11578956927e-06, 8.21951107355e-06, 7.17895090929e-06, 6.78683136357e-06, 4.93337347507e-06, 4.57819078292e-06, 4.00843737225e-06, 3.87248110201e-06, 9.5477053037e-06, 1.14570639198e-05],
        "var": [2.35793904722e-05, 1.85425124073e-05, 4.5529941417e-06, 7.74890111188e-07, 1.41300276368e-07, 3.10086960553e-07, 3.47734186334e-07, 1.49487348722e-07, 5.94704872015e-08, 7.86845504308e-08, 3.69327693761e-07, 3.06442274223e-07, 2.16230674255e-07, 3.90750500401e-07, 6.73577460475e-08, 3.01958493765e-08, 8.43013054919e-08, 2.493308493e-08, 7.50732631616e-09, 7.97953081388e-09, 5.04944130952e-09, 2.49611686876e-09, 1.97854754802e-09, 1.21963461552e-09, 1.29600519205e-09, 2.2293739077e-10, 1.34544014818e-10, 9.7258291698e-11, 2.66882349553e-10, 3.3071803629e-10, 6.58660348485e-11, 6.75603600842e-11, 5.15373368981e-11, 4.60610785624e-11, 2.43381721027e-11, 2.09598293582e-11, 1.60675691502e-11, 1.49961085216e-11, 9.11586847674e-11, 1.31264318859e-10]
    },
    "melbands128": {
