{
"lowlevel": {
    "average_loudness": 0.960887730122,
    "barkbands_crest": {
        "dmean": 3.50954222679,
        "dmean2": 5.60313987732,
        "dvar": 9.91983509064,
        "dvar2": 23.3424491882,
        "max": 25.9063491821,
        "mean": 10.9930534363,
        "median": 10.1777248383,
        "min": 2.14914774895,
        "stdev": 4.76675844193,
        "var": 22.7219848633
    },
    "barkbands_flatness_db": {
        "dmean": 0.0265074428171,
        "dmean2": 0.0399372950196,
        "dvar": 0.000722325465176,
        "dvar2": 0.00160055491142,
        "max": 0.345601141453,
        "mean": 0.116869561374,
        "median": 0.108696252108,
        "min": 0.0201844777912,
        "stdev": 0.0503998324275,
        "var": 0.00254014320672
    },
    "barkbands_kurtosis": {
        "dmean": 3.7267074585,
        "dmean2": 5.85547780991,
        "dvar": 125.341560364,
        "dvar2": 297.41192627,
        "max": 231.866638184,
        "mean": 3.20568323135,
        "median": 0.333207249641,
        "min": -1.92264866829,
        "stdev": 11.3497409821,
        "var": 128.816619873
    },
    "barkbands_skewness": {
        "dmean": 0.738512396812,
        "dmean2": 1.06576240063,
        "dvar": 0.865265309811,
        "dvar2": 1.70085442066,
        "max": 14.0807723999,
        "mean": 1.10261201859,
        "median": 0.884160280228,
        "min": -7.56028747559,
        "stdev": 1.47732818127,
        "var": 2.18249869347
    },
    "barkbands_spread": {
        "dmean": 9.01391601562,
        "dmean2": 13.6223955154,
        "dvar": 99.2189331055,
        "dvar2": 216.362747192,
        "max": 123.812965393,
        "mean": 31.3782501221,
        "median": 28.8801727295,
        "min": 0.948494374752,
        "stdev": 18.3662471771,
        "var": 337.319030762
    },
    "dissonance": {
        "dmean": 0.0194209609181,
        "dmean2": 0.0326266624033,
        "dvar": 0.00049018120626,
        "dvar2": 0.00128826044966,
        "max": 0.500000119209,
        "mean": 0.470077455044,
        "median": 0.479003608227,
        "min": 0.249879091978,
        "stdev": 0.029448678717,
        "var": 0.000867224647664
    },
    "dynamic_complexity": 2.51302623749,
    "erbbands_crest": {
        "dmean": 3.52887845039,
        "dmean2": 5.68905544281,
        "dvar": 11.2259893417,
        "dvar2": 26.6022949219,
        "max": 32.1755027771,
        "mean": 9.94363880157,
        "median": 8.64550971985,
        "min": 2.12904286385,
        "stdev": 5.30821228027,
        "var": 28.1771183014
    },
    "erbbands_flatness_db": {
        "dmean": 0.0238336995244,
        "dmean2": 0.0334168113768,
        "dvar": 0.000562224944588,
        "dvar2": 0.00102525588591,
        "max": 0.439617335796,
        "mean": 0.149845644832,
        "median": 0.13938485086,
        "min": 0.0470250248909,
        "stdev": 0.0556567013264,
        "var": 0.00309766852297
    },
    "erbbands_kurtosis": {
        "dmean": 1.52534639835,
        "dmean2": 2.35388660431,
        "dvar": 5.57653856277,
        "dvar2": 13.2243404388,
        "max": 46.2689094543,
        "mean": 1.39392805099,
        "median": 0.32828783989,
        "min": -1.77240467072,
        "stdev": 3.42504286766,
        "var": 11.7309179306
    },
    "erbbands_skewness": {
        "dmean": 0.473893612623,
        "dmean2": 0.698487043381,
        "dvar": 0.210242077708,
        "dvar2": 0.444995582104,
        "max": 5.80651473999,
        "mean": 0.218053013086,
        "median": 0.129083305597,
        "min": -4.47660160065,
        "stdev": 0.927942276001,
        "var": 0.861076831818
    },
    "erbbands_spread": {
        "dmean": 10.8039493561,
        "dmean2": 15.8681812286,
        "dvar": 133.820098877,
        "dvar2": 298.945739746,
        "max": 142.986114502,
        "mean": 36.7090301514,
        "median": 34.2040786743,
        "min": 1.87595057487,
        "stdev": 20.1655082703,
        "var": 406.647705078
    },
    "hfc": {
        "dmean": 12.2519903183,
        "dmean2": 17.1172904968,
        "dvar": 281.519439697,
        "dvar2": 503.839569092,
        "max": 329.955230713,
        "mean": 34.9434814453,
        "median": 29.4663314819,
        "min": 1.24798327203e-16,
        "stdev": 30.8078212738,
        "var": 949.121826172
    },
    "loudness_ebu128": {
        "integrated": -6.91155910492,
        "loudness_range": 3.27219009399,
        "momentary": {
            "dmean": 0.73307466507,
            "dmean2": 1.09461641312,
            "dvar": 2.62093734741,
            "dvar2": 3.31985998154,
            "max": -4.33911800385,
            "mean": -7.39742565155,
            "median": -6.8508310318,
            "min": -98.3808364868,
            "stdev": 3.21781992912,
            "var": 10.3543653488
        },
        "short_term": {
            "dmean": 0.0617630369961,
            "dmean2": 0.0693042874336,
            "dvar": 0.00340095348656,
            "dvar2": 0.00409952644259,
            "max": -5.198325634,
            "mean": -7.07861948013,
            "median": -6.70882081985,
            "min": -11.6790447235,
            "stdev": 1.28204798698,
            "var": 1.64364695549
        }
    },
    "melbands_crest": {
        "dmean": 4.43487501144,
        "dmean2": 7.07840776443,
        "dvar": 14.3189620972,
        "dvar2": 35.2930221558,
        "max": 35.9178123474,
        "mean": 16.0604553223,
        "median": 15.764872551,
        "min": 1.84550273418,
        "stdev": 5.98538923264,
        "var": 35.8248825073
    },
    "melbands_flatness_db": {
        "dmean": 0.0320192910731,
        "dmean2": 0.0471215844154,
        "dvar": 0.0010719721904,
        "dvar2": 0.00224238890223,
        "max": 0.46711909771,
        "mean": 0.168243601918,
        "median": 0.162851244211,
        "min": 0.00456029176712,
        "stdev": 0.0640680193901,
        "var": 0.0041047106497
    },
    "melbands_kurtosis": {
        "dmean": 10.0687274933,
        "dmean2": 15.7212409973,
        "dvar": 662.870605469,
        "dvar2": 1537.97802734,
        "max": 534.115600586,
        "mean": 12.0571670532,
        "median": 4.29008579254,
        "min": -1.87121009827,
        "stdev": 27.4265022278,
        "var": 752.21307373
    },
    "melbands_skewness": {
        "dmean": 1.05514717102,
        "dmean2": 1.52899241447,
        "dvar": 1.62492930889,
        "dvar2": 3.29792022705,
        "max": 17.2001285553,
        "mean": 2.31455516815,
        "median": 1.88093173504,
        "min": -2.78336596489,
        "stdev": 2.04524850845,
        "var": 4.18304157257
    },
    "melbands_spread": {
        "dmean": 12.8275623322,
        "dmean2": 19.4262943268,
        "dvar": 308.868225098,
        "dvar2": 645.616699219,
        "max": 300.292572021,
        "mean": 35.712184906,
        "median": 30.8771724701,
        "min": 0.686278879642,
        "stdev": 27.8499546051,
        "var": 775.619934082
    },
    "pitch_salience": {
        "dmean": 0.0902381464839,
        "dmean2": 0.145053952932,
        "dvar": 0.00763254333287,
        "dvar2": 0.0181182958186,
        "max": 0.86741745472,
        "mean": 0.517653763294,
        "median": 0.520890593529,
        "min": 0.0621804669499,
        "stdev": 0.133484810591,
        "var": 0.0178181957453
    },
    "silence_rate_20dB": {
        "dmean": 0,
        "dmean2": 0,
        "dvar": 0,
        "dvar2": 0,
        "max": 1,
        "mean": 1,
        "median": 1,
        "min": 1,
        "stdev": 0,
        "var": 0
    },
    "silence_rate_30dB": {
        "dmean": 0.0377854853868,
        "dmean2": 0.075580008328,
        "dvar": 0.0363617576659,
        "dvar2": 0.100728176534,
        "max": 1,
        "mean": 0.977642297745,
        "median": 1,
        "min": 0,
        "stdev": 0.147853374481,
        "var": 0.0218606218696
    },
    "silence_rate_60dB": {
        "dmean": 0.0404161177576,
        "dmean2": 0.0808419063687,
        "dvar": 0.0387885458767,
        "dvar2": 0.0857827365398,
        "max": 1,
        "mean": 0.0954088941216,
        "median": 0,
        "min": 0,
        "stdev": 0.293767333031,
        "var": 0.0862992405891
    },
    "spectral_centroid": {
        "dmean": 361.169433594,
        "dmean2": 539.138671875,
        "dvar": 182628.1875,
        "dvar2": 361846.0625,
        "max": 11182.5478516,
        "mean": 1871.18371582,
        "median": 1789.57067871,
        "min": 216.226394653,
        "stdev": 795.55255127,
        "var": 632903.875
    },
    "spectral_complexity": {
        "dmean": 5.15508794785,
        "dmean2": 7.43960762024,
        "dvar": 34.6937065125,
        "dvar2": 62.3715400696,
        "max": 58,
        "mean": 20.1874694824,
        "median": 19,
        "min": 0,
        "stdev": 11.6689338684,
        "var": 136.164016724
    },
    "spectral_decrease": {
        "dmean": 3.51475026861e-09,
        "dmean2": 5.28763255403e-09,
        "dvar": 3.06396433917e-17,
        "dvar2": 6.07191002202e-17,
        "max": 2.19652815714e-28,
        "mean": -7.88686893571e-09,
        "median": -6.61012755643e-09,
        "min": -4.93210592367e-08,
        "stdev": 7.15303460908e-09,
        "var": 5.11659019903e-17
    },
    "spectral_energy": {
        "dmean": 0.0139766521752,
        "dmean2": 0.0208694599569,
        "dvar": 0.000452760548797,
        "dvar2": 0.00089779618429,
        "max": 0.187782362103,
        "mean": 0.0329363234341,
        "median": 0.0282419342548,
        "min": 1.06952748759e-20,
        "stdev": 0.0280319787562,
        "var": 0.000785791839007
    },
    "spectral_energyband_high": {
        "dmean": 0.000943559105508,
        "dmean2": 0.00127847876865,
        "dvar": 2.41200882556e-06,
        "dvar2": 4.30521549788e-06,
        "max": 0.0303132366389,
        "mean": 0.00213062018156,
        "median": 0.00113767303992,
        "min": 7.67717070165e-21,
        "stdev": 0.00279304920696,
        "var": 7.80112441134e-06
    },
    "spectral_energyband_low": {
        "dmean": 0.00937303900719,
        "dmean2": 0.0140596032143,
        "dvar": 0.000397142837755,
        "dvar2": 0.000769244041294,
        "max": 0.183167591691,
        "mean": 0.0151097532362,
        "median": 0.00908070150763,
        "min": 3.79902253755e-23,
        "stdev": 0.0237973742187,
        "var": 0.000566315022297
    },
    "spectral_energyband_middle_high": {
        "dmean": 0.00395452510566,
        "dmean2": 0.00583957787603,
        "dvar": 2.89671133942e-05,
        "dvar2": 6.31191724096e-05,
        "max": 0.0800167396665,
        "mean": 0.00943545997143,
        "median": 0.0061152158305,
        "min": 1.34256229886e-21,
        "stdev": 0.00997719541192,
        "var": 9.95444352156e-05
    },
    "spectral_energyband_middle_low": {
        "dmean": 0.00532920239493,
        "dmean2": 0.00878897681832,
        "dvar": 0.00010300809663,
        "dvar2": 0.000268869829597,
        "max": 0.107319749892,
        "mean": 0.00775855686516,
        "median": 0.00492314016446,
        "min": 2.0218797826e-22,
        "stdev": 0.0101281749085,
        "var": 0.000102579928352
    },
    "spectral_entropy": {
        "dmean": 0.173314794898,
        "dmean2": 0.251261919737,
        "dvar": 0.0318898335099,
        "dvar2": 0.0606314428151,
        "max": 9.81095504761,
        "mean": 7.87379980087,
        "median": 7.88005876541,
        "min": 5.83773183823,
        "stdev": 0.387944400311,
        "var": 0.150500848889
    },
    "spectral_flux": {
        "dmean": 0.0371455699205,
        "dmean2": 0.0578240267932,
        "dvar": 0.00199427851476,
        "dvar2": 0.00467191357166,
        "max": 0.396508872509,
        "mean": 0.110374733806,
        "median": 0.0996392890811,
        "min": 6.90510565393e-11,
        "stdev": 0.0635846704245,
        "var": 0.00404301052913
    },
    "spectral_kurtosis": {
        "dmean": 1.01312983036,
        "dmean2": 1.59286749363,
        "dvar": 1.36897671223,
        "dvar2": 3.65368413925,
        "max": 24.2948455811,
        "mean": 3.27306938171,
        "median": 3.00870275497,
        "min": -1.48653841019,
        "stdev": 1.95177447796,
        "var": 3.80942344666
    },
    "spectral_rms": {
        "dmean": 0.00112254580017,
        "dmean2": 0.00161125464365,
        "dvar": 2.03273657462e-06,
        "dvar2": 3.75087279281e-06,
        "max": 0.0135352248326,
        "mean": 0.00514060817659,
        "median": 0.00524910539389,
        "min": 3.23023443931e-12,
        "stdev": 0.00238894531503,
        "var": 5.70705924474e-06
    },
    "spectral_rolloff": {
        "dmean": 903.055664062,
        "dmean2": 1454.52404785,
        "dvar": 2164548.5,
        "dvar2": 4469004,
        "max": 19466.015625,
        "mean": 2457.57421875,
        "median": 1744.18945312,
        "min": 64.599609375,
        "stdev": 2404.2355957,
        "var": 5780349
    },
    "spectral_skewness": {
        "dmean": 0.18625921011,
        "dmean2": 0.281623840332,
        "dvar": 0.0352271907032,
        "dvar2": 0.0781562849879,
        "max": 3.41351938248,
        "mean": 1.42417144775,
        "median": 1.41885995865,
        "min": -0.410597681999,
        "stdev": 0.368273854256,
        "var": 0.135625630617
    },
    "spectral_spread": {
        "dmean": 734368.75,
        "dmean2": 1031391.25,
        "dvar": 861491363840,
        "dvar2": 1.46908525363e+12,
        "max": 40213092,
        "mean": 5747246.5,
        "median": 5537952,
        "min": 1691594.625,
        "stdev": 1985008.375,
        "var": 3.94025815245e+12
    },
    "spectral_strongpeak": {
        "dmean": 0.779785692692,
        "dmean2": 1.32049262524,
        "dvar": 1.70092070103,
        "dvar2": 4.18789577484,
        "max": 22.5392131805,
        "mean": 1.14971208572,
        "median": 0.440041869879,
        "min": 0,
        "stdev": 1.66684532166,
        "var": 2.77837324142
    },
    "zerocrossingrate": {
        "dmean": 0.0177242066711,
        "dmean2": 0.0196304600686,
        "dvar": 0.000532098230906,
        "dvar2": 0.000527568219695,
        "max": 0.52587890625,
        "mean": 0.0918492376804,
        "median": 0.07666015625,
        "min": 0.00341796875,
        "stdev": 0.0613617263734,
        "var": 0.00376526126638
    },
    "barkbands": {
        "dmean": [0.000334034266416, 0.00764250010252, 0.00227631325833, 0.00222091539763, 0.00142855581362, 0.000801736838184, 0.00084374222206, 0.00059507030528, 0.000687091785949, 0.00164926680736, 0.000657986383885, 0.00143817870412, 0.000593092991039, 0.000817796506453, 0.000564557733014, 0.000426107435487, 0.000353543640813, 0.00037008538493, 0.000221126902034, 0.000208518002182, 0.000235117797274, 0.000174225191586, 0.000148497492773, 0.000147562139318, 0.000232516147662, 0.000129323394503, 6.04788192504e-06],
        "dmean2": [0.000526506861206, 0.0114777674899, 0.00393056962639, 0.00369669031352, 0.00260415975936, 0.00129371671937, 0.0013550753938, 0.000974417722318, 0.00110225123353, 0.00264156819321, 0.00104636477772, 0.00222570216283, 0.000944742409047, 0.00127136113588, 0.000906756904442, 0.000664594001137, 0.000556855928153, 0.000589779985603, 0.000353044131771, 0.000326334993588, 0.000357144977897, 0.000246613431955, 0.000218146582483, 0.000210765720112, 0.000322382635204, 0.000178920206963, 1.03177962956e-05],
        "dvar": [3.10634987954e-07, 0.000314149685437, 3.51945491275e-05, 4.44423239969e-05, 1.9358123609e-05, 2.82577207145e-06, 4.74885655422e-06, 3.54148892256e-06, 3.44897671312e-06, 1.35696100187e-05, 4.21054119215e-06, 1.25924889289e-05, 2.22781636694e-06, 4.14462056142e-06, 1.2205987332e-06, 6.61064632368e-07, 3.85120898727e-07, 3.95165670852e-07, 1.5074327564e-07, 1.38344361744e-07, 1.38624315582e-07, 9.00365293433e-08, 5.57763932818e-08, 9.65415836163e-08, 6.08274490332e-07, 1.08231247964e-07, 1.55112089839e-10],
        "dvar2": [7.38587630167e-07, 0.000626836437732, 9.84348080237e-05, 0.000114419330203, 5.55701044505e-05, 6.7445125751e-06, 1.12831557999e-05, 8.33729336591e-06, 7.79128095019e-06, 3.26280351146e-05, 9.77718809736e-06, 2.87758939521e-05, 5.44021895621e-06, 9.73639816948e-06, 3.01925206259e-06, 1.49859204157e-06, 9.07280423235e-07, 9.63625211625e-07, 3.61430920748e-07, 3.07310727976e-07, 3.06289365426e-07, 1.81040675784e-07, 1.18395355742e-07, 1.98729253498e-07, 9.47911644289e-07, 1.97635216637e-07, 4.21025908581e-10],
        "max": [0.00596208078787, 0.169006541371, 0.06028008461, 0.076116412878, 0.0422799028456, 0.0403655916452, 0.0402639843524, 0.0433133579791, 0.0612177215517, 0.0564155206084, 0.065042719245, 0.0572997555137, 0.0301235467196, 0.0354012921453, 0.0182909443974, 0.0116664702073, 0.0107080051675, 0.0119039593264, 0.0105660045519, 0.0097252111882, 0.00629648100585, 0.00986683741212, 0.00416462821886, 0.00784852169454, 0.0216155704111, 0.0115654524416, 0.000134268382681],
        "mean": [0.000496064429171, 0.0110042057931, 0.00254511088133, 0.0019726282917, 0.00123121961951, 0.00117702421267, 0.00106100889388, 0.000691547058523, 0.000888259732164, 0.00211933092214, 0.000834028003737, 0.00192793377209, 0.000780634523835, 0.00111537461635, 0.000755401037168, 0.000603596854489, 0.000538462423719, 0.000553238671273, 0.000352382659912, 0.000357237411663, 0.000435705122072, 0.000318690115819, 0.000273972633295, 0.000277731567621, 0.000411811459344, 0.000207773497095, 5.92908918406e-06],
        "median": [0.000138312752824, 0.00463751796633, 0.000872193370014, 0.000288758485112, 0.000367415399523, 0.000399933778681, 0.000230303034186, 0.000139391224366, 0.000220718677156, 0.000431988737546, 0.000147827406181, 0.000323288084473, 0.000284421606921, 0.000314630655339, 0.000301530933939, 0.000192343228264, 0.000210934231291, 0.000245517119765, 0.000184431846719, 0.000192457693629, 0.000231083249673, 0.00013989204308, 0.000130486703711, 9.14726115298e-05, 0.000126437793369, 5.40112014278e-05, 1.12534439722e-06],
        "min": [1.86273843879e-24, 1.18952217569e-23, 9.68550324339e-24, 1.08919508242e-23, 4.35271319953e-24, 3.4765554477e-23, 1.40568260661e-23, 1.12592839048e-23, 3.77814454483e-23, 1.30256302462e-23, 8.23712022707e-23, 8.14389706291e-23, 2.69029462802e-23, 4.68921672812e-23, 2.03690461673e-22, 1.4814217101e-22, 1.01617414118e-22, 2.0262620627e-22, 1.66084793367e-22, 2.81410842969e-22, 3.31973292897e-22, 3.56119429059e-22, 5.60323584332e-22, 8.04420776369e-22, 1.02605969166e-21, 1.83469023371e-21, 2.34779141781e-21],
        "stdev": [0.000757859146688, 0.0204571597278, 0.00516821537167, 0.00605054339394, 0.00344121130183, 0.00217282865196, 0.00257211294957, 0.00208618654869, 0.00223898445256, 0.00448795640841, 0.00277595757507, 0.0047935093753, 0.00179123121779, 0.00251198676415, 0.00126756960526, 0.00107065471821, 0.000872351520229, 0.000823080656119, 0.000514424988069, 0.000515473366249, 0.000582788314205, 0.000485255673993, 0.000369701592717, 0.000487403420266, 0.00129750126507, 0.000482714531245, 1.22897617985e-05],
        "var": [5.74350508487e-07, 0.000418495386839, 2.67104496743e-05, 3.66090753232e-05, 1.18419347928e-05, 4.72118426842e-06, 6.61576541461e-06, 4.35217452832e-06, 5.01305112266e-06, 2.014175152e-05, 7.70594033384e-06, 2.29777324421e-05, 3.20850926983e-06, 6.31007787888e-06, 1.60673266691e-06, 1.14630154258e-06, 7.60997124871e-07, 6.77461798659e-07, 2.64633058578e-07, 2.65712799319e-07, 3.39642241443e-07, 2.35473066823e-07, 1.36679275897e-07, 2.37562105099e-07, 1.68350959484e-06, 2.33013324191e-07, 1.5103825135e-10]
    },
    "erbbands": {
        "dmean": [0.212464913726, 1.88560605049, 2.9800028801, 5.02336788177, 6.70033836365, 4.04987335205, 4.32984018326, 7.46222639084, 13.0338459015, 10.2844438553, 12.383149147, 15.1096858978, 41.904838562, 38.6009902954, 31.4053497314, 60.7364006042, 26.5122871399, 38.430305481, 32.4008827209, 26.5628261566, 18.845500946, 17.6005973816, 19.3391819, 14.5128641129, 9.70664978027, 9.65529251099, 11.1729106903, 7.22228765488, 6.48105096817, 5.89451789856, 3.82825279236, 3.04292368889, 2.62242174149, 2.53568816185, 1.76971328259, 0.658401548862, 0.240785688162, 0.0381545424461, 0.000741876137909, 3.81507597922e-05],
        "dmean2": [0.307522147894, 2.94108963013, 4.89367389679, 8.25137233734, 12.0351238251, 7.2282204628, 7.03906011581, 12.0361356735, 20.7994937897, 16.4743862152, 19.901391983, 24.0274200439, 66.2678222656, 60.7419433594, 49.2929801941, 93.674079895, 41.1258506775, 59.9712142944, 49.9548301697, 41.483291626, 29.1199302673, 27.3000049591, 30.343328476, 22.8736381531, 15.2161626816, 15.1389474869, 17.0838127136, 10.8670806885, 9.32920455933, 8.51778697968, 5.62487316132, 4.50639104843, 3.78732919693, 3.63084125519, 2.47471857071, 0.901630342007, 0.334683448076, 0.0575684905052, 0.00111497170292, 5.31766054337e-05],
        "dvar": [0.157581806183, 23.2196884155, 58.6002845764, 152.475112915, 523.890136719, 128.901184082, 88.7206192017, 310.277191162, 1149.20983887, 967.978088379, 1475.88208008, 1743.99145508, 10407.6806641, 10674.1083984, 10020.1953125, 22562, 3870.11767578, 9877.27539062, 4349.40869141, 3098.31030273, 1267.42700195, 874.221618652, 1029.54492188, 737.160705566, 239.782531738, 334.071624756, 368.515289307, 128.532394409, 131.34173584, 90.9960784912, 40.686832428, 31.7953453064, 42.9798355103, 68.161781311, 38.8104629517, 5.10854482651, 0.2893871665, 0.00530975451693, 1.96051564672e-06, 3.777537394e-09],
        "dvar2": [0.330865502357, 49.8070449829, 149.483383179, 383.521362305, 1476.14160156, 359.420074463, 213.370315552, 751.285522461, 2729.21386719, 2364.29882812, 3460.25317383, 3856.55883789, 24833.3300781, 25596.6171875, 24784.5488281, 51727.5820312, 9390.07617188, 23840.2929688, 10146.4453125, 7395.21679688, 2809.27270508, 2031.26074219, 2437.63232422, 1809.94897461, 546.794311523, 751.939880371, 827.639221191, 273.031097412, 264.195068359, 197.854888916, 84.8492126465, 69.0565719604, 84.332611084, 119.457946777, 65.385383606, 8.97537326813, 0.548747003078, 0.0119603285566, 4.40478061137e-06, 7.3817303381e-09],
        "max": [4.22936296463, 44.4481506348, 77.3154220581, 137.948348999, 215.379089355, 213.861877441, 302.800537109, 464.54888916, 700.651489258, 612.396179199, 978.274780273, 1376.31884766, 1945.44592285, 1736.32641602, 3070.7578125, 2406.40332031, 1560.67883301, 1856.46459961, 1200.74377441, 950.838378906, 698.36920166, 489.7762146, 747.109069824, 661.212646484, 301.970397949, 494.313140869, 363.5078125, 207.744400024, 294.878112793, 331.194488525, 129.263793945, 122.641288757, 190.580734253, 274.136383057, 220.591537476, 100.021476746, 18.9811229706, 0.914936184883, 0.018835388124, 0.00128248427063],
        "mean": [0.334806412458, 2.34633612633, 3.41349768639, 5.18004465103, 5.22812414169, 3.64925575256, 5.98606014252, 10.629406929, 17.1778507233, 12.3670988083, 15.2338075638, 20.5144290924, 55.6424942017, 51.7506065369, 43.8520622253, 83.3102340698, 39.6450805664, 55.3724746704, 46.8727531433, 39.7522277832, 30.5504169464, 28.7395458221, 30.5579242706, 23.2215003967, 16.1816539764, 16.8625926971, 19.9800357819, 13.8172969818, 11.5054731369, 10.5590467453, 7.21894407272, 5.83948898315, 4.71533918381, 4.33542251587, 3.01338887215, 1.07633912563, 0.369084388018, 0.0499095954001, 0.00100945238955, 8.02947106422e-05],
        "median": [0.140701442957, 0.784286916256, 1.2159409523, 1.33898210526, 1.01711368561, 1.08111810684, 1.90185189247, 3.18458175659, 3.80741691589, 3.42041993141, 3.85966777802, 6.39655351639, 14.0134162903, 12.7956104279, 10.9906005859, 15.3345308304, 16.6762504578, 19.402633667, 17.9857749939, 15.4491710663, 11.5151405334, 11.8906784058, 14.2773075104, 11.4405193329, 9.21764755249, 9.42851161957, 10.2047433853, 7.29592514038, 4.98415851593, 4.83613300323, 3.34028863907, 2.15110874176, 1.39408302307, 1.2704808712, 0.91191971302, 0.306018650532, 0.0836149901152, 0.0106421001256, 0.00024644768564, 5.34231221536e-05],
        "min": [2.5953781266e-22, 2.93870614452e-21, 8.07810853729e-21, 4.3015139918e-20, 2.74182520339e-20, 1.43447674657e-20, 1.1303402391e-19, 3.43209359514e-19, 2.0002741986e-19, 2.13493506642e-19, 4.19949153838e-19, 8.13990390505e-19, 7.28597278848e-19, 7.41140335464e-19, 4.3741132948e-18, 3.30893606961e-18, 1.74800675584e-18, 3.02827058584e-18, 7.35258760776e-18, 8.63754237901e-18, 6.30655113515e-18, 7.24900474273e-18, 1.05707197188e-17, 8.70706608231e-18, 8.89161173134e-18, 1.37358899368e-17, 1.42222258149e-17, 1.19436368764e-17, 1.33050190004e-17, 1.55581622088e-17, 1.56804492819e-17, 1.42037747241e-17, 1.33716326823e-17, 1.15795003902e-17, 7.79735269696e-18, 5.59196221167e-18, 3.79512408914e-18, 1.29270131769e-18, 3.45177067095e-19, 3.48594395775e-20],
        "stdev": [0.511710941792, 5.03905487061, 7.09881734848, 11.8167762756, 18.2163963318, 9.40871810913, 11.6192989349, 22.1550445557, 41.0851669312, 34.0404396057, 43.7380180359, 50.66198349, 122.469863892, 128.641708374, 130.263839722, 204.846374512, 79.4379806519, 120.316940308, 81.9714660645, 67.6248474121, 51.3469467163, 43.3282089233, 44.1599884033, 35.9373092651, 20.5835590363, 24.6311721802, 28.7442588806, 17.9673709869, 17.7905883789, 14.9519319534, 10.0755596161, 8.56266307831, 10.3334646225, 13.2681617737, 9.94610500336, 3.31505680084, 0.765486299992, 0.0909546017647, 0.00179448339622, 9.14949559956e-05],
        "var": [0.261848092079, 25.392074585, 50.39320755, 139.636199951, 331.837097168, 88.5239715576, 135.008117676, 490.846038818, 1687.99084473, 1158.75146484, 1913.01428223, 2566.63647461, 14998.8681641, 16548.6875, 16968.6679688, 41962.0351562, 6310.39306641, 14476.1660156, 6719.32080078, 4573.12011719, 2636.50878906, 1877.33361816, 1950.10473633, 1291.4901123, 423.682922363, 606.694641113, 826.232421875, 322.826446533, 316.505004883, 223.560272217, 101.516899109, 73.3191986084, 106.780487061, 176.044128418, 98.9249954224, 10.9896020889, 0.585969269276, 0.0082727400586, 3.22017081089e-06, 8.37132674292e-09]
    },
    "gfcc": {
        "mean": [18.1927070618, 46.0702171326, -121.239181519, 25.737329483, -53.9963302612, 28.3186206818, -34.3984413147, 14.6396875381, -27.8871707916, 12.9692077637, -18.7323665619, 7.27922582626, -11.1179008484],
        "cov": [[8914.68261719, -128.567764282, 845.36895752, 811.461181641, 357.853942871, 384.201751709, 101.453521729, 430.247711182, -36.5117340088, 43.1435317993, -158.129974365, 179.737991333, -161.7527771], [-128.567764282, 1514.58032227, 56.4156570435, 205.697494507, 375.699462891, 42.3173217773, 273.207305908, 7.63035535812, 132.404815674, 47.4165153503, 112.31149292, -2.76537203789, 90.433921814], [845.36895752, 56.4156570435, 1136.13305664, 505.69329834, 277.773590088, 191.245758057, 44.9326248169, 172.248153687, 33.9914283752, 55.0084266663, 9.02531147003, 23.6688785553, -58.350818634], [811.461181641, 205.697494507, 505.69329834, 646.518432617, 322.608825684, 110.321838379, 75.1569824219, 120.18182373, 74.9513092041, 1.40130031109, 3.24590373039, 13.3166065216, 2.56613993645], [357.853942871, 375.699462891, 277.773590088, 322.608825684, 482.042236328, 192.977233887, 188.221939087, 80.6749801636, 52.5678291321, 40.1418533325, 7.03801393509, 12.1758060455, 14.8663311005], [384.201751709, 42.3173217773, 191.245758057, 110.321838379, 192.977233887, 349.699310303, 223.934631348, 51.2961273193, -4.5725312233, 41.0420951843, 25.2633895874, -2.95334506035, -13.0518856049], [101.453521729, 273.207305908, 44.9326248169, 75.1569824219, 188.221939087, 223.934631348, 344.917327881, 51.9922142029, 41.4459877014, 61.6782112122, 46.8463897705, 16.3732738495, 7.19016122818], [430.247711182, 7.63035535812, 172.248153687, 120.18182373, 80.6749801636, 51.2961273193, 51.9922142029, 221.612792969, 100.963859558, 40.4600524902, 26.9456310272, 43.8001327515, 33.7820739746], [-36.5117340088, 132.404815674, 33.9914283752, 74.9513092041, 52.5678291321, -4.5725312233, 41.4459877014, 100.963859558, 178.555770874, 82.021774292, 44.7989349365, 34.9101715088, 36.0273704529], [43.1435317993, 47.4165153503, 55.0084266663, 1.40130031109, 40.1418533325, 41.0420951843, 61.6782112122, 40.4600524902, 82.021774292, 161.591217041, 99.5068817139, 40.0381736755, 23.1091632843], [-158.129974365, 112.31149292, 9.02531147003, 3.24590373039, 7.03801393509, 25.2633895874, 46.8463897705, 26.9456310272, 44.7989349365, 99.5068817139, 165.101455688, 68.9022674561, 38.9186134338], [179.737991333, -2.76537203789, 23.6688785553, 13.3166065216, 12.1758060455, -2.95334506035, 16.3732738495, 43.8001327515, 34.9101715088, 40.0381736755, 68.9022674561, 117.227790833, 49.6276245117], [-161.7527771, 90.433921814, -58.350818634, 2.56613993645, 14.8663311005, -13.0518856049, 7.19016122818, 33.7820739746, 36.0273704529, 23.1091632843, 38.9186134338, 49.6276245117, 113.723831177]],
        "icov": [[0.000212150946027, -0.000179648588528, 0.000162851531059, -0.000390020286432, 0.000263562658802, -0.000381292949896, 0.000299035251373, -0.000585259171203, 0.000642405822873, -0.00072056776844, 0.000867324590217, -0.000911530689336, 0.000657572061755], [-0.000179648588528, 0.00150717759971, -0.000414814217947, 0.000599663704634, -0.00136905943509, 0.00145451829303, -0.00151127099525, 0.00133563810959, -0.0016965608811, 0.00198856717907, -0.00238608242944, 0.00212979782373, -0.00161518249661], [0.000162851531059, -0.000414814217947, 0.0019748006016, -0.00159593089484, 0.000376585725462, -0.00124774465803, 0.00122668757103, -0.00163402291946, 0.00160890736151, -0.00199426617473, 0.00141562707722, -0.00154810340609, 0.00191282585729], [-0.000390020286432, 0.000599663704634, -0.00159593089484, 0.00427444791421, -0.00250008539297, 0.00123747903854, -0.000691641122103, 0.00120820791926, -0.00279947603121, 0.00350644555874, -0.00281433435157, 0.00239517935552, -0.00170099840034], [0.000263562658802, -0.00136905943509, 0.000376585725462, -0.00250008539297, 0.00554563989863, -0.00237624673173, 0.000129072213895, -0.00127123622224, 0.00176707305945, -0.00291400402784, 0.0035837686155, -0.0024514249526, 0.000960664823651], [-0.000381292949896, 0.00145451829303, -0.00124774465803, 0.00123747903854, -0.00237624673173, 0.00773683656007, -0.00501857930794, 0.00100754469167, -0.00034536694875, 0.00194504414685, -0.00329858553596, 0.00368472654372, -0.00191547512077], [0.000299035251373, -0.00151127099525, 0.00122668757103, -0.000691641122103, 0.000129072213895, -0.00501857930794, 0.00762301590294, -0.00187434151303, 0.00117710931227, -0.00281480769627, 0.00215991539881, -0.00287038623355, 0.00246658897959], [-0.000585259171203, 0.00133563810959, -0.00163402291946, 0.00120820791926, -0.00127123622224, 0.00100754469167, -0.00187434151303, 0.00976481102407, -0.00666767917573, 0.00397553853691, -0.0030659281183, 0.00190459331498, -0.00373802264221], [0.000642405822873, -0.0016965608811, 0.00160890736151, -0.00279947603121, 0.00176707305945, -0.00034536694875, 0.00117710931227, -0.00666767917573, 0.0139815779403, -0.00896993745118, 0.00523931533098, -0.00397519674152, 0.00212224875577], [-0.00072056776844, 0.00198856717907, -0.00199426617473, 0.00350644555874, -0.00291400402784, 0.00194504414685, -0.00281480769627, 0.00397553853691, -0.00896993745118, 0.0176484379917, -0.0116811748594, 0.00525785749778, -0.00314890965819], [0.000867324590217, -0.00238608242944, 0.00141562707722, -0.00281433435157, 0.0035837686155, -0.00329858553596, 0.00215991539881, -0.0030659281183, 0.00523931533098, -0.0116811748594, 0.0179706960917, -0.0103336432949, 0.00292142783292], [-0.000911530689336, 0.00212979782373, -0.00154810340609, 0.00239517935552, -0.0024514249526, 0.00368472654372, -0.00287038623355, 0.00190459331498, -0.00397519674152, 0.00525785749778, -0.0103336432949, 0.0189048014581, -0.00800195056945], [0.000657572061755, -0.00161518249661, 0.00191282585729, -0.00170099840034, 0.000960664823651, -0.00191547512077, 0.00246658897959, -0.00373802264221, 0.00212224875577, -0.00314890965819, 0.00292142783292, -0.00800195056945, 0.0151015110314]]
    },
    "melbands": {
        "dmean": [0.00196948251687, 0.00179239932913, 0.000919943442568, 0.000365329557098, 0.000146960956044, 0.000169876439031, 0.000188782461919, 0.000116492112284, 9.70405235421e-05, 0.000103734149889, 0.000217082444578, 0.000169131468283, 9.1533853265e-05, 0.000161732503329, 0.000109453831101, 5.63703106309e-05, 7.96583044576e-05, 5.92011274421e-05, 3.85419734812e-05, 3.60786289093e-05, 2.24141022045e-05, 2.02123428608e-05, 1.97341287276e-05, 1.70961666299e-05, 1.23949866975e-05, 7.74970976636e-06, 6.9840980359e-06, 6.8959420787e-06, 7.57556927056e-06, 6.53849156151e-06, 4.25289090344e-06, 3.85894281862e-06, 3.6185413137e-06, 3.3880396586e-06, 2.37998028751e-06, 2.08697815651e-06, 1.90340995232e-06, 1.81070379313e-06, 2.14642227547e-06, 2.24927862291e-06],
        "dmean2": [0.0028986860998, 0.0028256343212, 0.00154460244812, 0.000658314558677, 0.000243460788624, 0.000273172947345, 0.000300925632473, 0.000187119861948, 0.00015734846238, 0.000164700526511, 0.0003437831474, 0.000267204683041, 0.000143669269164, 0.00024909718195, 0.000169338585692, 8.83295724634e-05, 0.000125508580822, 9.14848860702e-05, 6.18176636635e-05, 5.64366455365e-05, 3.492151518e-05, 3.15627075906e-05, 3.14779354085e-05, 2.73715759249e-05, 1.98073812498e-05, 1.23328754853e-05, 1.09325483209e-05, 1.09775101009e-05, 1.17989820865e-05, 1.00352881418e-05, 6.51860864309e-06, 5.80032201469e-06, 5.2618047448e-06, 5.02889361087e-06, 3.57398039341e-06, 3.1974536796e-06, 2.83667827716e-06, 2.67210907623e-06, 3.13411783281e-06, 3.30981697516e-06],
        "dvar": [1.71831252374e-05, 1.99955302378e-05, 5.94985067437e-06, 1.36393828143e-06, 9.118635802e-08, 1.3971697399e-07, 2.29351257985e-07, 1.28299205926e-07, 8.38599163444e-08, 8.3614587254e-08, 2.75493022173e-07, 2.02541528438e-07, 9.01643133489e-08, 1.72715729718e-07, 6.85293315428e-08, 1.91928517523e-08, 4.7209400833e-08, 1.70083538364e-08, 6.31684837771e-09, 5.36987077027e-09, 2.20516338523e-09, 1.29552846229e-09, 1.08224917916e-09, 1.04625852426e-09, 5.95674343185e-10, 1.62635779843e-10, 1.49786807957e-10, 1.98075375546e-10, 1.93443414065e-10, 1.26400875877e-10, 5.38593579458e-11, 5.01075465842e-11, 4.15062671733e-11, 2.88726976355e-11, 1.63330286795e-11, 1.4190612227e-11, 1.32975427544e-11, 2.09676546958e-11, 4.497856948e-11, 5.57336850282e-11],
        "dvar2": [3.26646113535e-05, 4.50929583167e-05, 1.55050693138e-05, 3.88053922507e-06, 2.21390422439e-07, 3.31989753022e-07, 5.42117959412e-07, 3.12366864819e-07, 1.9985307631e-07, 1.85360093496e-07, 6.55415362871e-07, 4.88752391448e-07, 2.16080877635e-07, 3.9279004227e-07, 1.59569424341e-07, 4.21964436725e-08, 1.14375396265e-07, 3.89097181142e-08, 1.5549739274e-08, 1.2565311458e-08, 4.85473128364e-09, 2.99463853715e-09, 2.58940557885e-09, 2.65592081661e-09, 1.47291134844e-09, 3.8090527954e-10, 3.48809148232e-10, 4.55349480344e-10, 4.42693326441e-10, 2.87160545343e-10, 1.22534316027e-10, 1.06805779498e-10, 8.8969442924e-11, 6.50486470244e-11, 3.49891920992e-11, 3.15590401034e-11, 2.99417261818e-11, 4.50191724177e-11, 8.26313253932e-11, 1.04067365836e-10],
        "max": [0.043193589896, 0.0409275852144, 0.0273287948221, 0.0108935143799, 0.00843278877437, 0.00927686411887, 0.00946709234267, 0.00675849290565, 0.00653745699674, 0.00981607753783, 0.010057724081, 0.0076659321785, 0.00965527445078, 0.00788634922355, 0.00580731313676, 0.00405493192375, 0.00421847915277, 0.00202883360907, 0.00161078223027, 0.00108294060919, 0.00114701117855, 0.000597767415456, 0.000771849590819, 0.000687795924023, 0.000652601243928, 0.000271161610726, 0.000275303929811, 0.000441844720626, 0.000330110895447, 0.000204716008739, 0.000184880598681, 0.000161302057677, 0.000234941282542, 0.000143132914673, 8.30939970911e-05, 6.95626731613e-05, 8.1906284322e-05, 0.000133880006615, 0.000196053326363, 0.000232362217503],
        "mean": [0.00306476419792, 0.00223949877545, 0.000897594261914, 0.000298888015095, 0.000195322689251, 0.000246885698289, 0.000247048476012, 0.000136021131766, 0.00011872495088, 0.000135942551424, 0.000285031594103, 0.000217950655497, 0.000121345095977, 0.000215008214582, 0.0001472288277, 7.73692081566e-05, 0.000107703686808, 7.93624349171e-05, 5.26031872141e-05, 5.07290460519e-05, 3.35182594426e-05, 3.06696892949e-05, 2.92156855721e-05, 2.4621214834e-05, 1.84569362318e-05, 1.17550134746e-05, 1.11878453026e-05, 1.09792563308e-05, 1.24003017845e-05, 1.1168130186e-05, 7.08814377504e-06, 6.41851329419e-06, 6.19532283963e-06, 5.72252884012e-06, 4.17461887992e-06, 3.77301171284e-06, 3.44187856172e-06, 3.14672161039e-06, 3.52877577825e-06, 3.68174278265e-06],
        "median": [0.0013831674587, 0.000954048009589, 0.00024252635194, 7.90525155026e-05, 6.63604150759e-05, 7.65845616115e-05, 5.67226015846e-05, 3.14952558256e-05, 2.77286053461e-05, 3.4995857277e-05, 6.62220918457e-05, 4.33056338807e-05, 2.34940707742e-05, 3.87590589526e-05, 3.49561451003e-05, 2.97746682918e-05, 3.2561016269e-05, 2.52962236118e-05, 2.11058832065e-05, 1.58740531333e-05, 1.15036564239e-05, 1.13404385047e-05, 1.27430466819e-05, 1.06267343654e-05, 8.10436722531e-06, 6.23372397968e-06, 5.66877133679e-06, 5.60879698241e-06, 6.08063601248e-06, 5.25168070453e-06, 3.37762639901e-06, 2.61165882876e-06, 2.43885506279e-06, 2.6678139875e-06, 1.88401236301e-06, 1.4709178231e-06, 1.17637659969e-06, 9.04874525531e-07, 9.08514152798e-07, 1.09000961857e-06],
        "min": [3.01450573156e-24, 5.71434076448e-24, 6.32607360305e-24, 9.12064609753e-25, 3.01941560183e-24, 7.69908521973e-24, 3.14485612146e-24, 2.71333816225e-24, 4.06862151059e-24, 4.97463496555e-24, 2.89359780947e-24, 2.0664584149e-24, 1.25608002687e-23, 1.10114577294e-23, 5.46235808097e-24, 4.00081102718e-24, 5.42805880324e-24, 9.15885418104e-24, 1.29349853951e-23, 1.12682540421e-23, 6.16950798476e-24, 6.83246550622e-24, 7.48614720672e-24, 8.86739137581e-24, 6.66792568747e-24, 6.37485755029e-24, 6.11638885242e-24, 9.30100770502e-24, 9.53768017609e-24, 7.94705575668e-24, 6.54106225998e-24, 7.26462796479e-24, 7.62481238778e-24, 9.26492599608e-24, 9.11556938317e-24, 8.76919002602e-24, 8.1037448317e-24, 9.25111619707e-24, 8.5288927391e-24, 9.66390738725e-24],
        "stdev": [0.00516044348478, 0.00450614234433, 0.00221463805065, 0.000920494319871, 0.000360447564162, 0.00048286258243, 0.000577325583436, 0.000392784771975, 0.000334288342856, 0.000350383430487, 0.00063219742151, 0.00055630854331, 0.000405349157518, 0.000557081424631, 0.000359105004463, 0.000173398206243, 0.000257222709479, 0.000159753952175, 8.98496145965e-05, 9.20951570151e-05, 6.58152493997e-05, 5.14795283379e-05, 4.38126226072e-05, 3.89762499253e-05, 3.15479774144e-05, 1.59791925398e-05, 1.61432963068e-05, 1.78708160092e-05, 1.92909374164e-05, 1.73021180672e-05, 1.03880756797e-05, 1.01754822026e-05, 1.0224770449e-05, 8.00082307251e-06, 6.05736886428e-06, 5.59089494345e-06, 5.26453595739e-06, 6.72372016197e-06, 1.05062790681e-05, 1.14865106298e-05],
        "var": [2.66301758529e-05, 2.03053186851e-05, 4.90462161906e-06, 8.47309763685e-07, 1.29922440806e-07, 2.33156271179e-07, 3.33304853939e-07, 1.54279874209e-07, 1.11748697407e-07, 1.22768540223e-07, 3.99673609763e-07, 3.09479190719e-07, 1.6430794858e-07, 3.10339743237e-07, 1.28956401113e-07, 3.00669356079e-08, 6.61635226606e-08, 2.55213272737e-08, 8.07295297278e-09, 8.48151859856e-09, 4.33164704106e-09, 2.65014166168e-09, 1.9195458556e-09, 1.51914814062e-09, 9.95274973548e-10, 2.55334586807e-10, 2.60606008995e-10, 3.19366033619e-10, 3.72140290805e-10, 2.99363284162e-10, 1.07912123681e-10, 1.03540440111e-10, 1.04545927471e-10, 6.40131767038e-11, 3.6691715638e-11, 3.12581072137e-11, 2.77153369699e-11, 4.52084099323e-11, 1.10381905005e-10, 1.31939917325e-10]
    },
    "melbands128": {
