{
"lowlevel": {
    "average_loudness": 0.985235571861,
    "barkbands_crest": {
        "dmean": 3.42966341972,
        "dmean2": 5.43506908417,
        "dvar": 8.96021270752,
        "dvar2": 22.319683075,
        "max": 24.7317676544,
        "mean": 11.2489128113,
        "median": 10.4506187439,
        "min": 2.30884218216,
        "stdev": 4.40954113007,
        "var": 19.4440517426
    },
    "barkbands_flatness_db": {
        "dmean": 0.0240860059857,
        "dmean2": 0.036917630583,
        "dvar": 0.000538504798897,
        "dvar2": 0.00120749615598,
        "max": 0.314765363932,
        "mean": 0.11082174629,
        "median": 0.102766513824,
        "min": 0.0180054996163,
        "stdev": 0.0443404242396,
        "var": 0.00196607317775
    },
    "barkbands_kurtosis": {
        "dmean": 2.69632935524,
        "dmean2": 4.16386270523,
        "dvar": 22.8263092041,
        "dvar2": 48.8392066956,
        "max": 62.6787490845,
        "mean": 2.63796925545,
        "median": 0.456885099411,
        "min": -1.90301036835,
        "stdev": 6.55576276779,
        "var": 42.9780235291
    },
    "barkbands_skewness": {
        "dmean": 0.636026978493,
        "dmean2": 0.922750353813,
        "dvar": 0.409373015165,
        "dvar2": 0.806031167507,
        "max": 7.18446111679,
        "mean": 1.22205495834,
        "median": 1.03174889088,
        "min": -7.28570985794,
        "stdev": 1.2122335434,
        "var": 1.46951019764
    },
    "barkbands_spread": {
        "dmean": 8.6479177475,
        "dmean2": 12.940656662,
        "dvar": 81.4956130981,
        "dvar2": 176.04473877,
        "max": 121.934928894,
        "mean": 32.9026756287,
        "median": 30.8523330688,
        "min": 2.34869003296,
        "stdev": 17.7973937988,
        "var": 316.747253418
    },
    "dissonance": {
        "dmean": 0.0204573962837,
        "dmean2": 0.0342256762087,
        "dvar": 0.000558272236958,
        "dvar2": 0.00136642821599,
        "max": 0.499953448772,
        "mean": 0.47093552351,
        "median": 0.479562461376,
        "min": 0.0776015371084,
        "stdev": 0.0292216483504,
        "var": 0.000853904697578
    },
    "dynamic_complexity": 1.40192174911,
    "erbbands_crest": {
        "dmean": 3.79022789001,
        "dmean2": 6.1909160614,
        "dvar": 13.5747776031,
        "dvar2": 32.6909370422,
        "max": 31.2771244049,
        "mean": 9.97072315216,
        "median": 8.49988365173,
        "min": 2.65562725067,
        "stdev": 5.59977579117,
        "var": 31.3574886322
    },
    "erbbands_flatness_db": {
        "dmean": 0.0223779976368,
        "dmean2": 0.032049190253,
        "dvar": 0.000472101557534,
        "dvar2": 0.00087389285909,
        "max": 0.364804536104,
        "mean": 0.136577486992,
        "median": 0.128194242716,
        "min": 0.0494785159826,
        "stdev": 0.0512204580009,
        "var": 0.00262353545986
    },
    "erbbands_kurtosis": {
        "dmean": 1.4823101759,
        "dmean2": 2.26897287369,
        "dvar": 5.27013397217,
        "dvar2": 12.345416069,
        "max": 36.2964859009,
        "mean": 1.3814637661,
        "median": 0.147295236588,
        "min": -1.66949868202,
        "stdev": 3.6667470932,
        "var": 13.4450340271
    },
    "erbbands_skewness": {
        "dmean": 0.475384950638,
        "dmean2": 0.702459692955,
        "dvar": 0.185309246182,
        "dvar2": 0.414407432079,
        "max": 4.59150457382,
        "mean": 0.269869029522,
        "median": 0.146371990442,
        "min": -3.7735145092,
        "stdev": 0.875080108643,
        "var": 0.765765190125
    },
    "erbbands_spread": {
        "dmean": 10.4807386398,
        "dmean2": 15.1898059845,
        "dvar": 100.043647766,
        "dvar2": 209.865936279,
        "max": 128.557434082,
        "mean": 38.2266273499,
        "median": 36.3849143982,
        "min": 2.98006653786,
        "stdev": 20.0835285187,
        "var": 403.348083496
    },
    "hfc": {
        "dmean": 11.9346227646,
        "dmean2": 16.2043781281,
        "dvar": 237.428512573,
        "dvar2": 360.139984131,
        "max": 278.866912842,
        "mean": 37.7451057434,
        "median": 32.7591247559,
        "min": 0.000243321555899,
        "stdev": 30.2105121613,
        "var": 912.675048828
    },
    "loudness_ebu128": {
        "integrated": -6.31350803375,
        "loudness_range": 0.827134132385,
        "momentary": {
            "dmean": 0.471784949303,
            "dmean2": 0.657438993454,
            "dvar": 0.140408173203,
            "dvar2": 0.252611517906,
            "max": -4.56379413605,
            "mean": -6.41296291351,
            "median": -6.28893566132,
            "min": -10.150513649,
            "stdev": 0.950229585171,
            "var": 0.902936279774
        },
        "short_term": {
            "dmean": 0.052118588239,
            "dmean2": 0.0621335059404,
            "dvar": 0.00171685812529,
            "dvar2": 0.00221193069592,
            "max": -5.66038799286,
            "mean": -6.36115121841,
            "median": -6.37538051605,
            "min": -7.03228616714,
            "stdev": 0.291854828596,
            "var": 0.0851792469621
        }
    },
    "melbands_crest": {
        "dmean": 4.20811414719,
        "dmean2": 6.63893032074,
        "dvar": 12.33203125,
        "dvar2": 31.6534481049,
        "max": 34.7887496948,
        "mean": 16.6353321075,
        "median": 16.2742385864,
        "min": 3.35648965836,
        "stdev": 5.27305746078,
        "var": 27.8051338196
    },
    "melbands_flatness_db": {
        "dmean": 0.0290111154318,
        "dmean2": 0.0429823584855,
        "dvar": 0.000726803205907,
        "dvar2": 0.00158090831246,
        "max": 0.376060038805,
        "mean": 0.17488835752,
        "median": 0.171112284064,
        "min": 0.0289136935025,
        "stdev": 0.055220939219,
        "var": 0.00304935220629
    },
    "melbands_kurtosis": {
        "dmean": 8.24293899536,
        "dmean2": 12.9061040878,
        "dvar": 229.37387085,
        "dvar2": 527.347106934,
        "max": 221.549987793,
        "mean": 11.7678413391,
        "median": 5.47467517853,
        "min": -1.85096013546,
        "stdev": 19.1975727081,
        "var": 368.546783447
    },
    "melbands_skewness": {
        "dmean": 0.97322678566,
        "dmean2": 1.42426729202,
        "dvar": 1.06858634949,
        "dvar2": 2.16125416756,
        "max": 13.4007911682,
        "mean": 2.48154425621,
        "median": 2.11143517494,
        "min": -1.56270778179,
        "stdev": 1.84286522865,
        "var": 3.39615225792
    },
    "melbands_spread": {
        "dmean": 10.7191972733,
        "dmean2": 15.747179985,
        "dvar": 168.985321045,
        "dvar2": 344.860839844,
        "max": 300.528564453,
        "mean": 31.9181270599,
        "median": 29.1855754852,
        "min": 1.8844524622,
        "stdev": 21.438999176,
        "var": 459.630645752
    },
    "pitch_salience": {
        "dmean": 0.0838209539652,
        "dmean2": 0.137520939112,
        "dvar": 0.00612515071407,
        "dvar2": 0.0146625097841,
        "max": 0.837411105633,
        "mean": 0.49637183547,
        "median": 0.497225284576,
        "min": 0.130522295833,
        "stdev": 0.119101174176,
        "var": 0.014185089618
    },
    "silence_rate_20dB": {
        "dmean": 0,
        "dmean2": 0,
        "dvar": 0,
        "dvar2": 0,
        "max": 1,
        "mean": 1,
        "median": 1,
        "min": 1,
        "stdev": 0,
        "var": 0
    },
    "silence_rate_30dB": {
        "dmean": 0.0289855077863,
        "dmean2": 0.0580130517483,
        "dvar": 0.028144819662,
        "dvar2": 0.0793023556471,
        "max": 1,
        "mean": 0.983345389366,
        "median": 1,
        "min": 0,
        "stdev": 0.127972647548,
        "var": 0.0163770001382
    },
    "silence_rate_60dB": {
        "dmean": 0.00942028965801,
        "dmean2": 0.0181290786713,
        "dvar": 0.00933150667697,
        "dvar2": 0.0192504860461,
        "max": 1,
        "mean": 0.014482258819,
        "median": 0,
        "min": 0,
        "stdev": 0.119467899203,
        "var": 0.0142725780606
    },
    "spectral_centroid": {
        "dmean": 327.245483398,
        "dmean2": 487.550140381,
        "dvar": 108242.039062,
        "dvar2": 220137.09375,
        "max": 7546.33154297,
        "mean": 1806.7286377,
        "median": 1772.09960938,
        "min": 421.549591064,
        "stdev": 659.13293457,
        "var": 434456.1875
    },
    "spectral_complexity": {
        "dmean": 5.56811571121,
        "dmean2": 7.97824525833,
        "dvar": 31.399055481,
        "dvar2": 54.7130889893,
        "max": 57,
        "mean": 22.6068058014,
        "median": 22,
        "min": 0,
        "stdev": 10.6015253067,
        "var": 112.392341614
    },
    "spectral_decrease": {
        "dmean": 3.33957150822e-09,
        "dmean2": 5.03753305736e-09,
        "dvar": 2.35542508382e-17,
        "dvar2": 4.7715450414e-17,
        "max": -6.42883234711e-14,
        "mean": -8.91460150143e-09,
        "median": -7.6674826488e-09,
        "min": -4.18917949219e-08,
        "stdev": 6.18782758366e-09,
        "var": 3.82892111732e-17
    },
    "spectral_energy": {
        "dmean": 0.01327852346,
        "dmean2": 0.0198561511934,
        "dvar": 0.0003515429853,
        "dvar2": 0.000708224426489,
        "max": 0.160751894116,
        "mean": 0.0370693989098,
        "median": 0.0324784144759,
        "min": 2.64708830855e-07,
        "stdev": 0.0242734067142,
        "var": 0.000589198316447
    },
    "spectral_energyband_high": {
        "dmean": 0.000892246782314,
        "dmean2": 0.00117343314923,
        "dvar": 1.84341649856e-06,
        "dvar2": 2.86276576844e-06,
        "max": 0.0254342053086,
        "mean": 0.00220395508222,
        "median": 0.00131755124312,
        "min": 1.21965060274e-08,
        "stdev": 0.00268920953386,
        "var": 7.23184803064e-06
    },
    "spectral_energyband_low": {
        "dmean": 0.00918669532984,
        "dmean2": 0.0136989653111,
        "dvar": 0.000297970953397,
        "dvar2": 0.000579817977268,
        "max": 0.15479823947,
        "mean": 0.0177917443216,
        "median": 0.0129508730024,
        "min": 8.86704185632e-08,
        "stdev": 0.0210979934782,
        "var": 0.000445125362603
    },
    "spectral_energyband_middle_high": {
        "dmean": 0.0042109368369,
        "dmean2": 0.00641984213144,
        "dvar": 2.76311711787e-05,
        "dvar2": 6.26184773864e-05,
        "max": 0.0712901204824,
        "mean": 0.0102928103879,
        "median": 0.0074396035634,
        "min": 5.48910392695e-08,
        "stdev": 0.00949661340564,
        "var": 9.01856692508e-05
    },
    "spectral_energyband_middle_low": {
        "dmean": 0.0052979211323,
        "dmean2": 0.00876134540886,
        "dvar": 9.69440516201e-05,
        "dvar2": 0.000255439430475,
        "max": 0.0873930826783,
        "mean": 0.00839983392507,
        "median": 0.00574562745169,
        "min": 1.08246439368e-07,
        "stdev": 0.00957929994911,
        "var": 9.17629804462e-05
    },
    "spectral_entropy": {
        "dmean": 0.160115674138,
        "dmean2": 0.235622033477,
        "dvar": 0.0253683254123,
        "dvar2": 0.0485325045884,
        "max": 8.96713066101,
        "mean": 7.87992668152,
        "median": 7.89010429382,
        "min": 6.63552522659,
        "stdev": 0.348403096199,
        "var": 0.121384717524
    },
    "spectral_flux": {
        "dmean": 0.0353720448911,
        "dmean2": 0.0556752718985,
        "dvar": 0.00159635266755,
        "dvar2": 0.00382149964571,
        "max": 0.34170114994,
        "mean": 0.11511310935,
        "median": 0.103709675372,
        "min": 0.00051449862076,
        "stdev": 0.0548528842628,
        "var": 0.0030088389758
    },
    "spectral_kurtosis": {
        "dmean": 0.846143126488,
        "dmean2": 1.30719530582,
        "dvar": 0.637060165405,
        "dvar2": 1.45538163185,
        "max": 11.3748369217,
        "mean": 3.32428908348,
        "median": 3.110871315,
        "min": -1.38283824921,
        "stdev": 1.6079365015,
        "var": 2.58545994759
    },
    "spectral_rms": {
        "dmean": 0.00102944567334,
        "dmean2": 0.00149982457515,
        "dvar": 1.55188217832e-06,
        "dvar2": 2.97602650789e-06,
        "max": 0.0125232227147,
        "mean": 0.00571354664862,
        "median": 0.00562905473635,
        "min": 1.60702365974e-05,
        "stdev": 0.00187634606846,
        "var": 3.52067445419e-06
    },
    "spectral_rolloff": {
        "dmean": 736.452636719,
        "dmean2": 1205.03295898,
        "dvar": 1352511.5,
        "dvar2": 2932797.25,
        "max": 12639.9902344,
        "mean": 2030.51538086,
        "median": 1593.45703125,
        "min": 64.599609375,
        "stdev": 1954.00488281,
        "var": 3818135.25
    },
    "spectral_skewness": {
        "dmean": 0.160613015294,
        "dmean2": 0.246946632862,
        "dvar": 0.0228470582515,
        "dvar2": 0.0476607345045,
        "max": 2.52824306488,
        "mean": 1.47368907928,
        "median": 1.46511149406,
        "min": -0.204373314977,
        "stdev": 0.315157115459,
        "var": 0.099324002862
    },
    "spectral_spread": {
        "dmean": 700901,
        "dmean2": 989029.8125,
        "dvar": 913192910848,
        "dvar2": 1.30124729549e+12,
        "max": 25989142,
        "mean": 5877094,
        "median": 5645872.5,
        "min": 2657890.25,
        "stdev": 1742118.25,
        "var": 3.03497609216e+12
    },
    "spectral_strongpeak": {
        "dmean": 0.769006073475,
        "dmean2": 1.32330787182,
        "dvar": 1.63923692703,
        "dvar2": 4.10670423508,
        "max": 14.2634134293,
        "mean": 1.08715260029,
        "median": 0.3591337502,
        "min": 0,
        "stdev": 1.65605485439,
        "var": 2.74251770973
    },
    "zerocrossingrate": {
        "dmean": 0.0147499861196,
        "dmean2": 0.0169163420796,
        "dvar": 0.000281277782051,
        "dvar2": 0.000311106210575,
        "max": 0.49755859375,
        "mean": 0.083612062037,
        "median": 0.0732421875,
        "min": 0.00537109375,
        "stdev": 0.0486979670823,
        "var": 0.00237149209715
    },
    "barkbands": {
        "dmean": [0.000386138504837, 0.00784124899656, 0.00232817814685, 0.00219498574734, 0.00138522789348, 0.00100386957638, 0.000852657249197, 0.000585799221881, 0.000594387995079, 0.00183556776028, 0.000750032602809, 0.00186392501928, 0.000492215971462, 0.000882830761839, 0.000604640052188, 0.000432235741755, 0.000440732983407, 0.000397263967898, 0.000251806050073, 0.000184627540875, 0.000240560766542, 0.000150300707901, 0.000131897308165, 0.000127069331938, 0.000232743244851, 0.000142127930303, 6.72019359627e-06],
        "dmean2": [0.00060247827787, 0.0117498692125, 0.0039991652593, 0.00356197520159, 0.00253291078843, 0.00157427205704, 0.00133976573125, 0.000954311923124, 0.000977821066044, 0.00302384910174, 0.001226632623, 0.00284539046697, 0.000774702173658, 0.00136453541927, 0.000976189912762, 0.000686334329657, 0.000699465803336, 0.000648630957585, 0.000405524449889, 0.000288287381409, 0.000354664720362, 0.000207682998735, 0.000191777988221, 0.000181327937753, 0.000308017391944, 0.000182777293958, 1.13948535727e-05],
        "dvar": [3.32421450366e-07, 0.000240768800722, 2.75616384897e-05, 4.35600668425e-05, 1.74748765858e-05, 2.98510917673e-06, 4.52956010122e-06, 2.94368192044e-06, 1.53545909143e-06, 1.46971851791e-05, 5.42176621821e-06, 1.50289915837e-05, 1.33872288188e-06, 4.15011436417e-06, 1.20579056784e-06, 5.60089290502e-07, 4.50076271363e-07, 3.35017205089e-07, 1.82241620905e-07, 6.12431776403e-08, 1.17175510184e-07, 4.7758014432e-08, 3.22796083196e-08, 4.15693541811e-08, 6.49369951589e-07, 1.18698324059e-07, 1.54902340954e-10],
        "dvar2": [8.2367438381e-07, 0.000487394951051, 7.80500267865e-05, 0.000111582281534, 5.03301416757e-05, 7.08006427885e-06, 1.07723808469e-05, 6.57808732285e-06, 3.69685153601e-06, 3.8182552089e-05, 1.36047246997e-05, 3.08537019009e-05, 3.02576245303e-06, 9.97846655082e-06, 2.92053664452e-06, 1.26298834857e-06, 1.0952046523e-06, 8.45803128868e-07, 4.49254912382e-07, 1.40556039696e-07, 2.61940186874e-07, 9.59309502946e-08, 6.8532294506e-08, 9.27199508283e-08, 8.44893804697e-07, 1.86001969382e-07, 4.20327078698e-10],
        "max": [0.00553465960547, 0.145192101598, 0.0433445423841, 0.0554636232555, 0.0346125327051, 0.0213126242161, 0.0399989970028, 0.0312211737037, 0.0183508843184, 0.0460716038942, 0.0623906031251, 0.050803527236, 0.0227434057742, 0.0278030466288, 0.0165001768619, 0.00739000737667, 0.0072607989423, 0.00569403776899, 0.00918810069561, 0.00384486629628, 0.00451682042331, 0.00231819157489, 0.00236864411272, 0.0033086813055, 0.0190337002277, 0.0102923642844, 0.000113613132271],
        "mean": [0.000612657167949, 0.0130772544071, 0.00297847343609, 0.00204261881299, 0.00121928926092, 0.00169201521203, 0.00111464480869, 0.000671928399242, 0.000774694199208, 0.00220665684901, 0.000852646015119, 0.00243413774297, 0.00064660795033, 0.00122114142869, 0.000863226479851, 0.00062368856743, 0.000664324150421, 0.000613371666986, 0.000402888981625, 0.000343908875948, 0.000473917665659, 0.000296465208521, 0.000258756161202, 0.000257240550127, 0.000457749818452, 0.000261935958406, 7.16757040209e-06],
        "median": [0.00032103608828, 0.00819385051727, 0.00182570354082, 0.000441083684564, 0.000465096614789, 0.000708837294951, 0.000282641965896, 0.000190171602299, 0.000267342838924, 0.000571473094169, 0.000185824843356, 0.000510809710249, 0.000263291993178, 0.000376148032956, 0.000366745283827, 0.000277801329503, 0.000356740638381, 0.00035739238956, 0.000243408198003, 0.000214347412111, 0.000270213087788, 0.000153356959345, 0.000135701833642, 0.000126582701341, 0.000178175207111, 9.51948095462e-05, 2.22386097448e-06],
        "min": [8.71497762844e-10, 3.92887216094e-08, 2.54966359137e-08, 8.66753602224e-09, 3.02335720903e-08, 5.20737586385e-09, 8.6429299273e-09, 2.68867577091e-08, 1.50728851622e-08, 7.61014185002e-09, 1.14089484526e-08, 3.7044285417e-09, 1.65559388421e-09, 3.39082872891e-09, 7.51712470048e-09, 8.86932038924e-09, 3.70258979032e-09, 1.60647373182e-09, 3.07054870419e-09, 4.96941066075e-09, 1.51583079422e-09, 1.79647419163e-09, 2.17425610849e-09, 1.11392439717e-09, 1.34973954236e-09, 9.38737976242e-10, 5.28046009696e-12],
        "stdev": [0.000775105319917, 0.0184024926275, 0.00474964035675, 0.00598709424958, 0.00318677769974, 0.00247015268542, 0.00255568488501, 0.00192170788068, 0.00156369979959, 0.0041913613677, 0.00267466111109, 0.00525785982609, 0.00135566631798, 0.00261820247397, 0.00130479014479, 0.000960341887549, 0.000901684223209, 0.00074194255285, 0.000559353036806, 0.000405799684813, 0.00057878147345, 0.000349334441125, 0.000297301448882, 0.000332357478328, 0.00147060572635, 0.000567551178392, 1.26297636598e-05],
        "var": [6.00788268912e-07, 0.000338651763741, 2.25590829359e-05, 3.58452998626e-05, 1.01555524452e-05, 6.10165398029e-06, 6.53152574159e-06, 3.69296139979e-06, 2.44515695158e-06, 1.75675086211e-05, 7.15381156624e-06, 2.76450882666e-05, 1.83783106422e-06, 6.85498480379e-06, 1.70247744791e-06, 9.22256504055e-07, 8.13034489511e-07, 5.50478773675e-07, 3.12875812369e-07, 1.6467339492e-07, 3.34987987571e-07, 1.22034549577e-07, 8.83881554614e-08, 1.10461499503e-07, 2.16268131226e-06, 3.22114317441e-07, 1.59510932241e-10]
    },
    "erbbands": {
        "dmean": [0.231643542647, 1.91647219658, 3.04856491089, 4.90999507904, 6.54921293259, 3.78378987312, 4.9743938446, 9.19850635529, 13.7583799362, 9.82644748688, 11.6595544815, 13.2702293396, 45.7051048279, 40.2668495178, 40.9334907532, 78.552734375, 21.9338645935, 43.3485603333, 32.016494751, 29.4714870453, 20.1557598114, 21.0634536743, 21.2229652405, 15.9209852219, 10.6982431412, 8.34073257446, 11.6364717484, 7.08139801025, 5.74966335297, 5.28234195709, 3.39901566505, 2.81009626389, 2.1262588501, 2.48740077019, 1.76440310478, 0.737236261368, 0.285257786512, 0.0396538116038, 0.000776297121774, 3.85538805858e-05],
        "dmean2": [0.337037950754, 2.99966669083, 4.96997499466, 7.8790640831, 11.6961174011, 6.80707979202, 7.78202962875, 14.4205970764, 21.7949123383, 15.6913738251, 18.8869972229, 21.9890365601, 73.2133331299, 67.4402542114, 65.4220428467, 118.34387207, 34.792842865, 66.9184341431, 48.6940307617, 46.3779449463, 31.3217792511, 33.3688163757, 34.4288864136, 24.8670711517, 16.8116188049, 13.2172298431, 17.6840362549, 10.7611284256, 8.24505805969, 7.67292642593, 4.94880533218, 4.09277963638, 3.05059862137, 3.51072978973, 2.40637755394, 0.922853589058, 0.369424134493, 0.0574999526143, 0.00111061602365, 5.08810408064e-05],
        "dvar": [0.123656652868, 18.347234726, 48.4317474365, 139.242858887, 524.174743652, 100.21056366, 97.1728134155, 300.496002197, 1165.46594238, 897.842407227, 1031.8236084, 851.082580566, 10289.4716797, 13169.7216797, 15939.9091797, 24998.5078125, 1848.36779785, 10877.5117188, 3974.93115234, 3009.47265625, 1015.49121094, 857.327636719, 812.00970459, 863.982910156, 219.794021606, 135.692199707, 338.381988525, 84.6185760498, 84.306854248, 50.6865768433, 23.6968460083, 17.6855278015, 17.9716835022, 64.0353469849, 39.4226303101, 6.72186946869, 0.334149956703, 0.00434824451804, 1.62865740094e-06, 3.38398598032e-09],
        "dvar2": [0.278091579676, 39.2793884277, 125.564720154, 345.161132812, 1470.78405762, 285.529083252, 233.374298096, 709.739807129, 2794.59228516, 2118.80810547, 2347.58276367, 2053.25634766, 26408.3046875, 33983.1914062, 40833.5273438, 53914.125, 4051.11132812, 25316.1835938, 8640.46484375, 7311.91748047, 2161.85083008, 2086.66357422, 2021.4263916, 2134.43261719, 530.782348633, 312.566833496, 776.899719238, 179.32661438, 181.630508423, 106.409126282, 50.7932701111, 39.188873291, 37.5256233215, 100.97568512, 54.1275596619, 10.6507406235, 0.626735568047, 0.00925553962588, 3.48173352904e-06, 5.85831738675e-09],
        "max": [3.33145236969, 38.2830200195, 63.1438827515, 92.6610412598, 201.322189331, 91.0332870483, 204.007110596, 257.567352295, 663.602905273, 500.56338501, 725.823120117, 404.813476562, 1323.44909668, 1707.62780762, 2921.39526367, 2094.10888672, 732.541564941, 1372.42834473, 1100.60778809, 660.041381836, 547.146789551, 283.75592041, 309.959899902, 581.137512207, 157.626754761, 141.438674927, 253.098388672, 108.004112244, 100.895301819, 70.9193496704, 73.5323028564, 58.6108436584, 75.7140731812, 207.336425781, 148.434143066, 89.9868087769, 13.5676860809, 0.799730181694, 0.0164863634855, 0.000966370338574],
        "mean": [0.421943336725, 2.70778465271, 3.8785598278, 5.61589956284, 5.23754787445, 3.50836801529, 7.98931741714, 14.9985866547, 19.2914409637, 12.1194601059, 13.9893884659, 18.1391067505, 58.8994216919, 50.5554046631, 54.2428665161, 102.611618042, 33.3896636963, 64.2891387939, 47.2686843872, 47.4010162354, 33.9988174438, 33.760433197, 34.4296035767, 26.0941791534, 17.453453064, 15.8736352921, 22.0015945435, 14.2771701813, 10.5826807022, 10.2122440338, 6.76831007004, 5.80004787445, 4.11819267273, 4.47446537018, 3.50124025345, 1.34966146946, 0.478479117155, 0.0596553459764, 0.00120705156587, 9.30670721573e-05],
        "median": [0.300357758999, 1.49965369701, 2.26232171059, 2.16190457344, 1.34649300575, 1.37292659283, 3.94852018356, 5.39451694489, 5.57382678986, 3.63985681534, 4.72703695297, 7.61296844482, 19.8430862427, 15.1463031769, 14.7053871155, 23.5072956085, 17.6538276672, 23.5593204498, 20.4662761688, 20.7194480896, 18.3868026733, 20.1454467773, 22.3739280701, 15.1605997086, 11.5076494217, 10.3285751343, 11.51313591, 8.83185005188, 5.53298377991, 5.45070743561, 3.66484951973, 3.01707410812, 1.81886637211, 1.78271734715, 1.30680096149, 0.500389039516, 0.168732628226, 0.0199039559811, 0.000418940384407, 6.27888002782e-05],
        "min": [1.40735244258e-06, 8.04883529781e-06, 2.65035123448e-05, 5.66969938518e-05, 8.83060565684e-05, 0.000101922058093, 7.87945828051e-05, 3.24343091052e-05, 6.5375927079e-05, 0.000319801445585, 0.000639691308606, 0.000371323316358, 0.000129314546939, 0.000396279647248, 0.00040746232844, 0.000122287121485, 7.95617743279e-05, 0.000129158681375, 0.000416691560531, 0.000316369842039, 0.000468179234304, 0.000191405139049, 8.20908026071e-05, 0.000125202379422, 0.000211496284464, 0.000199471091037, 0.000117139701615, 4.83372132294e-05, 6.84824044583e-05, 6.85305858497e-05, 5.98064216319e-05, 2.91118867608e-05, 1.63596378115e-05, 1.93996711459e-05, 6.81599431118e-06, 3.49982747139e-06, 1.80524079951e-06, 5.84866086228e-07, 1.23540672803e-07, 1.26999966099e-08],
        "stdev": [0.474754005671, 4.54220294952, 6.5017156601, 11.4698019028, 18.0636692047, 7.91045475006, 12.8567228317, 25.1985912323, 41.6551513672, 33.5793800354, 34.8175926208, 35.5320777893, 110.475036621, 125.794082642, 151.671035767, 213.263885498, 52.6834831238, 135.97984314, 79.9507598877, 71.8572463989, 48.7785301208, 40.6295661926, 38.6418914795, 39.2818641663, 18.8687000275, 17.4091453552, 29.3313522339, 15.032869339, 13.1138601303, 11.8101825714, 7.89385271072, 6.92758369446, 6.78649377823, 13.144739151, 11.8104553223, 4.2063369751, 0.863549113274, 0.0913790166378, 0.00182741670869, 9.66134903138e-05],
        "var": [0.225391358137, 20.631608963, 42.2723045349, 131.556350708, 326.296173096, 62.5752906799, 165.295318604, 634.968994141, 1735.15148926, 1127.57470703, 1212.26464844, 1262.52868652, 12204.734375, 15824.1503906, 23004.1035156, 45481.484375, 2775.54931641, 18490.5175781, 6392.12451172, 5163.46337891, 2379.3449707, 1650.76171875, 1493.19592285, 1543.06494141, 356.027832031, 303.078369141, 860.328186035, 225.9871521, 171.973327637, 139.480407715, 62.3129119873, 47.9914131165, 46.0564994812, 172.784164429, 139.486846924, 17.6932697296, 0.745717048645, 0.00835012458265, 3.33945172315e-06, 9.33416632876e-09]
    },
    "gfcc": {
        "mean": [45.5250740051, 50.2567024231, -111.733840942, 29.9789161682, -47.4562721252, 31.1014499664, -31.9839725494, 18.7108421326, -27.1038627625, 14.9178857803, -17.2002315521, 11.8466768265, -10.0713748932],
        "cov": [[2802.08178711, -294.658660889, 422.313140869, 454.438720703, 269.860839844, 34.179901123, -23.7166500092, 145.533554077, 23.0969600677, -37.3038825989, -184.214645386, 24.1748466492, -91.0040893555], [-294.658660889, 1065.42578125, 179.269439697, 204.829986572, 202.475067139, 12.6543321609, 168.442977905, 17.9377002716, 96.6438369751, 13.0552206039, 95.0492630005, -1.47782516479, 78.0923538208], [422.313140869, 179.269439697, 859.995361328, 396.800598145, 155.981369019, 31.3033885956, 2.23487734795, 97.5168151855, 56.7867965698, 71.6279830933, 43.7483711243, 7.80493879318, -24.0858078003], [454.438720703, 204.829986572, 396.800598145, 504.578399658, 199.9271698, -1.93450975418, 1.99186396599, 84.0956039429, 79.5383529663, -1.61461901665, 10.0364875793, 6.17917299271, 25.7706699371], [269.860839844, 202.475067139, 155.981369019, 199.9271698, 278.655395508, 105.597099304, 86.854019165, 21.1560325623, 11.3448753357, -12.8288030624, -27.8335914612, -15.1254882812, -5.31648778915], [34.179901123, 12.6543321609, 31.3033885956, -1.93450975418, 105.597099304, 254.287979126, 158.399475098, -22.6586494446, -29.6524848938, 8.43263053894, -2.21235656738, -25.1730136871, -21.8902378082], [-23.7166500092, 168.442977905, 2.23487734795, 1.99186396599, 86.854019165, 158.399475098, 234.797348022, 2.19090080261, 8.71217918396, 38.6322937012, 17.7249794006, -6.65566539764, -8.83009243011], [145.533554077, 17.9377002716, 97.5168151855, 84.0956039429, 21.1560325623, -22.6586494446, 2.19090080261, 168.474212646, 81.1756973267, 22.4929409027, 17.7113132477, 17.2997951508, 44.5912590027], [23.0969600677, 96.6438369751, 56.7867965698, 79.5383529663, 11.3448753357, -29.6524848938, 8.71217918396, 81.1756973267, 120.923027039, 52.7687149048, 26.8221607208, 16.7923583984, 29.7980136871], [-37.3038825989, 13.0552206039, 71.6279830933, -1.61461901665, -12.8288030624, 8.43263053894, 38.6322937012, 22.4929409027, 52.7687149048, 134.158950806, 86.9658050537, 25.0677757263, 5.5391740799], [-184.214645386, 95.0492630005, 43.7483711243, 10.0364875793, -27.8335914612, -2.21235656738, 17.7249794006, 17.7113132477, 26.8221607208, 86.9658050537, 146.899703979, 54.0815620422, 20.3182239532], [24.1748466492, -1.47782516479, 7.80493879318, 6.17917299271, -15.1254882812, -25.1730136871, -6.65566539764, 17.2997951508, 16.7923583984, 25.0677757263, 54.0815620422, 89.0524749756, 47.0115013123], [-91.0040893555, 78.0923538208, -24.0858078003, 25.7706699371, -5.31648778915, -21.8902378082, -8.83009243011, 44.5912590027, 29.7980136871, 5.5391740799, 20.3182239532, 47.0115013123, 113.13433075]],
        "icov": [[0.000674893322866, -6.58013741486e-05, 0.000152154898387, -0.000756660592742, -3.48545145243e-05, -0.000308072951157, 0.000362152000889, -0.000988990068436, 0.000902004831005, -0.00115915609058, 0.00193991139531, -0.00175305630546, 0.0013491146965], [-6.58013741486e-05, 0.00261836941354, -0.000926400767639, 0.000963121070527, -0.00222029606812, 0.00253955461085, -0.00301129091531, 0.00253282487392, -0.00343133113347, 0.00407375721261, -0.00457905745134, 0.00361668085679, -0.00309938145801], [0.000152154898387, -0.000926400767639, 0.00261294422671, -0.00239271391183, 0.00088072399376, -0.00148949783761, 0.00171353004407, -0.0021925822366, 0.00264439359307, -0.00357017293572, 0.00245355977677, -0.00216861045919, 0.00255308509804], [-0.000756660592742, 0.000963121070527, -0.00239271391183, 0.00629461929202, -0.00369568564929, 0.00218375190161, -0.00124179664999, 0.0024346455466, -0.00512750027701, 0.00537391053513, -0.00532647781074, 0.00403838325292, -0.00365845183842], [-3.48545145243e-05, -0.00222029606812, 0.00088072399376, -0.00369568564929, 0.00888407416642, -0.00421305466443, 0.0012407762697, -0.00227619917132, 0.0034925697837, -0.00357068679295, 0.00549437850714, -0.00348894484341, 0.00284814578481], [-0.000308072951157, 0.00253955461085, -0.00148949783761, 0.00218375190161, -0.00421305466443, 0.0108005367219, -0.00786230899394, 0.00315253576264, -0.00183039950207, 0.00475538754836, -0.00591782154515, 0.00591496424749, -0.0039255223237], [0.000362152000889, -0.00301129091531, 0.00171353004407, -0.00124179664999, 0.0012407762697, -0.00786230899394, 0.011950371787, -0.00365954032168, 0.00331103266217, -0.00718112755567, 0.00606230320409, -0.00528992852196, 0.0045186332427], [-0.000988990068436, 0.00253282487392, -0.0021925822366, 0.0024346455466, -0.00227619917132, 0.00315253576264, -0.00365954032168, 0.0137748792768, -0.0109720127657, 0.00744526367635, -0.00777700869367, 0.00659457826987, -0.00759536353871], [0.000902004831005, -0.00343133113347, 0.00264439359307, -0.00512750027701, 0.0034925697837, -0.00183039950207, 0.00331103266217, -0.0109720127657, 0.023030385375, -0.0144706415012, 0.010777335614, -0.00711439130828, 0.00488135451451], [-0.00115915609058, 0.00407375721261, -0.00357017293572, 0.00537391053513, -0.00357068679295, 0.00475538754836, -0.00718112755567, 0.00744526367635, -0.0144706415012, 0.0254174880683, -0.0190996881574, 0.00967950560153, -0.00649634376168], [0.00193991139531, -0.00457905745134, 0.00245355977677, -0.00532647781074, 0.00549437850714, -0.00591782154515, 0.00606230320409, -0.00777700869367, 0.010777335614, -0.0190996881574, 0.0275038033724, -0.0176504980773, 0.0095999063924], [-0.00175305630546, 0.00361668085679, -0.00216861045919, 0.00403838325292, -0.00348894484341, 0.00591496424749, -0.00528992852196, 0.00659457826987, -0.00711439130828, 0.00967950560153, -0.0176504980773, 0.0280101913959, -0.0143891889602], [0.0013491146965, -0.00309938145801, 0.00255308509804, -0.00365845183842, 0.00284814578481, -0.0039255223237, 0.0045186332427, -0.00759536353871, 0.00488135451451, -0.00649634376168, 0.0095999063924, -0.0143891889602, 0.0194487310946]]
    },
    "melbands": {
        "dmean": [0.00206028227694, 0.00179976690561, 0.000900543003809, 0.00035369451507, 0.000159251576406, 0.000209772915696, 0.000197563756956, 0.000112636022095, 8.92848693184e-05, 9.18571313377e-05, 0.000235417828662, 0.000175664827111, 0.000108713407826, 0.000230004341574, 0.000101619210909, 5.51777266082e-05, 9.02983665583e-05, 5.7411929447e-05, 3.99708042096e-05, 3.90307686757e-05, 2.53992402577e-05, 2.52302052104e-05, 2.31043577514e-05, 1.72355921677e-05, 1.37307706609e-05, 8.63544119056e-06, 6.68989105179e-06, 5.78662456974e-06, 7.75799981056e-06, 7.20129810361e-06, 4.05337323173e-06, 3.51157700607e-06, 3.0899086596e-06, 3.10311179419e-06, 2.13584598896e-06, 1.89636546111e-06, 1.76284277131e-06, 1.42819601479e-06, 1.93988375941e-06, 2.2634430934e-06],
        "dmean2": [0.00302812457085, 0.00279870280065, 0.00147272855975, 0.000641803140752, 0.00025495904265, 0.000327126501361, 0.000311737123411, 0.000179888229468, 0.00014595752873, 0.000151208936586, 0.000378697732231, 0.000294984783977, 0.000176051500603, 0.000344308180502, 0.000161239760928, 8.47016635817e-05, 0.000139748692163, 8.69225550559e-05, 6.43076127744e-05, 6.21004510322e-05, 3.91813555325e-05, 4.01151555707e-05, 3.79874327336e-05, 2.78693478322e-05, 2.17287306441e-05, 1.38830100695e-05, 1.02921476355e-05, 9.41967573453e-06, 1.21139783005e-05, 1.0862149793e-05, 6.28210182185e-06, 5.2722602959e-06, 4.45982232122e-06, 4.63793867311e-06, 3.19270338878e-06, 2.83905592369e-06, 2.62647154159e-06, 2.10831944969e-06, 2.723432317e-06, 3.30712941832e-06],
        "dvar": [1.28646133817e-05, 1.61038133228e-05, 5.64863375985e-06, 1.28990939174e-06, 8.48355696803e-08, 1.4056941211e-07, 2.29823655218e-07, 1.21934448316e-07, 5.42938174419e-08, 3.86687197818e-08, 2.69272959486e-07, 2.47933286346e-07, 1.24318219719e-07, 2.44387706516e-07, 4.31617124264e-08, 1.6301939354e-08, 5.12345472714e-08, 1.42290508265e-08, 4.76033745755e-09, 5.14141174079e-09, 2.12488848739e-09, 1.4861994968e-09, 9.85538317622e-10, 7.67800878432e-10, 7.32195137854e-10, 1.44193768037e-10, 8.83274356434e-11, 7.14443920691e-11, 1.64590965857e-10, 1.40314732056e-10, 3.12620623832e-11, 3.71162302282e-11, 1.90048549814e-11, 1.80100118846e-11, 1.04446009133e-11, 8.51636035998e-12, 7.14127368351e-12, 6.43582626428e-12, 3.27922099197e-11, 5.44262100666e-11],
        "dvar2": [2.52267509495e-05, 3.6648772948e-05, 1.46230586324e-05, 3.66957260667e-06, 2.11565605923e-07, 3.33632016236e-07, 5.4588679177e-07, 2.83484894226e-07, 1.28445662995e-07, 9.08094293095e-08, 6.90735191711e-07, 6.4253435994e-07, 3.16055434268e-07, 5.0723286904e-07, 1.0274555251e-07, 3.35647136751e-08, 1.22946531178e-07, 3.01426048566e-08, 1.15717879723e-08, 1.26365788944e-08, 4.37031744127e-09, 3.61730090326e-09, 2.57979948515e-09, 1.94953320154e-09, 1.81277315381e-09, 3.46116246774e-10, 2.04000399906e-10, 1.71711145303e-10, 3.90359411462e-10, 3.23442078676e-10, 7.15678627472e-11, 8.43023775787e-11, 4.00734619099e-11, 3.92276766625e-11, 2.33257736043e-11, 1.92405969629e-11, 1.62464278142e-11, 1.50529762266e-11, 4.86777423925e-11, 9.34492414006e-11],
        "max": [0.0320648811758, 0.0354067534208, 0.0204079933465, 0.00905458908528, 0.00528524909168, 0.00491891056299, 0.00929846893996, 0.00579835474491, 0.00487054791301, 0.00286796828732, 0.00691057136282, 0.00758434366435, 0.00943170022219, 0.00721905892715, 0.00199838471599, 0.00258236890659, 0.00310143758543, 0.00184867088683, 0.000943697930779, 0.000801048066933, 0.000905188149773, 0.000410308159189, 0.000338291196385, 0.000314862409141, 0.000573064084165, 0.00012564190547, 0.000146645717905, 0.000102064266684, 0.000240326189669, 0.000172962769284, 6.78566866554e-05, 7.96409221948e-05, 4.61473682662e-05, 4.85804775963e-05, 4.89017329528e-05, 3.52427741745e-05, 3.31813316734e-05, 4.5037289965e-05, 0.000158828028361, 0.000189797065104],
        "mean": [0.00373312737793, 0.00254136812873, 0.00096002209466, 0.000290594762191, 0.000246646028245, 0.000345293548889, 0.000274940335657, 0.0001334726403, 0.000104539038148, 0.000123441204778, 0.00029988316237, 0.000209594145417, 0.000134536923724, 0.000296409067232, 0.000130800297484, 7.58939422667e-05, 0.000125846621813, 7.78347020969e-05, 5.97307225689e-05, 5.64949623367e-05, 3.92530964746e-05, 3.74995688617e-05, 3.38581885444e-05, 2.58589661826e-05, 2.1079697035e-05, 1.2965840142e-05, 1.12299294415e-05, 1.00647548607e-05, 1.34286765388e-05, 1.27533194245e-05, 6.93522088113e-06, 5.89945921092e-06, 5.70858674109e-06, 5.61681736144e-06, 3.90292552765e-06, 3.64242305295e-06, 3.41828535966e-06, 2.63011656898e-06, 3.35822824127e-06, 3.87626596421e-06],
        "median": [0.00254682078958, 0.00158019491937, 0.00036542644375, 9.53490671236e-05, 0.000124366022646, 0.000129041349282, 8.05345989647e-05, 3.72198664991e-05, 3.43329338648e-05, 4.44927354692e-05, 9.56880103331e-05, 5.09174169565e-05, 3.04278382828e-05, 6.10685237916e-05, 4.1390198021e-05, 2.88309547614e-05, 4.02320838475e-05, 2.6900865123e-05, 2.67559698841e-05, 2.24820614676e-05, 1.89276415767e-05, 1.94883705262e-05, 2.07155007956e-05, 1.47057899085e-05, 1.09106567834e-05, 7.65614186093e-06, 6.59177612761e-06, 6.09889548286e-06, 6.77984962749e-06, 6.25540224064e-06, 4.00454109695e-06, 2.92861841444e-06, 2.78414472632e-06, 2.87806665256e-06, 2.00765407499e-06, 1.80784002168e-06, 1.73158980488e-06, 1.14465694878e-06, 1.1297928495e-06, 1.52825782607e-06],
        "min": [1.2925466919e-08, 1.29075257149e-08, 1.06883648598e-08, 6.93938861929e-09, 3.15074144552e-09, 7.53461404379e-10, 1.18981924313e-09, 4.05311739726e-09, 5.2707633813e-09, 1.92834925805e-09, 5.94358895434e-10, 1.5770186268e-09, 1.51815848781e-09, 5.753869603e-10, 1.71119257653e-10, 1.58596982769e-10, 2.35701541618e-10, 6.3861210764e-10, 5.16799603112e-10, 5.52701051593e-10, 5.2814158602e-10, 2.31068220113e-10, 6.76062608673e-11, 8.45155750939e-11, 1.03461642031e-10, 1.01786003237e-10, 1.95795601954e-10, 1.26271271217e-10, 1.00698609173e-10, 2.66517276998e-11, 2.64742516104e-11, 3.31039431978e-11, 4.1666715217e-11, 4.09135086921e-11, 4.53384968457e-11, 1.18144600006e-11, 1.91555139806e-11, 8.85252461613e-12, 1.26222201094e-11, 1.83264254466e-11],
        "stdev": [0.00466528348625, 0.00406547449529, 0.00216803746298, 0.000878434861079, 0.00036700675264, 0.000543150526937, 0.000583873013966, 0.0003958469606, 0.000247520685662, 0.000255095801549, 0.000563893117942, 0.000547274248675, 0.000429867446655, 0.000669400265906, 0.000251685938565, 0.000161620002473, 0.000288547569653, 0.00015045942564, 8.76845733728e-05, 8.75532059581e-05, 6.99149022694e-05, 5.1833474572e-05, 3.94508679165e-05, 3.29956528731e-05, 3.57412645826e-05, 1.48757853822e-05, 1.39574658533e-05, 1.16654946396e-05, 1.86436318472e-05, 1.8586510123e-05, 7.82647293818e-06, 7.96799577074e-06, 7.00899181538e-06, 6.73644808558e-06, 4.82810992253e-06, 4.54726887256e-06, 4.19054322265e-06, 3.75359763893e-06, 9.5352779681e-06, 1.15169050332e-05],
        "var": [2.17648703256e-05, 1.65280816873e-05, 4.70038639833e-06, 7.7164781942e-07, 1.34693948439e-07, 2.95012512197e-07, 3.40907689633e-07, 1.56694810016e-07, 6.12664905475e-08, 6.50738698482e-08, 3.17975434427e-07, 2.99509110846e-07, 1.84786031809e-07, 4.48096727723e-07, 6.3345815704e-08, 2.61210253427e-08, 8.32596924738e-08, 2.26380389989e-08, 7.68858399169e-09, 7.66556418341e-09, 4.88809392962e-09, 2.68670907744e-09, 1.55637103205e-09, 1.08871300863e-09, 1.27743793321e-09, 2.21289001012e-10, 1.94810861887e-10, 1.36083755375e-10, 3.47584988569e-10, 3.4545832861e-10, 6.12536826816e-11, 6.34889571471e-11, 4.91259637136e-11, 4.53797346922e-11, 2.33106433462e-11, 2.06776522987e-11, 1.75606508501e-11, 1.40894960629e-11, 9.09215203126e-11, 1.32639094153e-10]
    },
    "melbands128": {
