{
"lowlevel": {
    "average_loudness": 0.978014945984,
    "barkbands_crest": {
        "dmean": 3.26421833038,
        "dmean2": 5.27245044708,
        "dvar": 7.89818334579,
        "dvar2": 19.3529129028,
        "max": 24.4764480591,
        "mean": 10.3998756409,
        "median": 9.60455131531,
        "min": 2.41464924812,
        "stdev": 4.28554439545,
        "var": 18.3658905029
    },
    "barkbands_flatness_db": {
        "dmean": 0.0217751134187,
        "dmean2": 0.0333108156919,
        "dvar": 0.000445565732662,
        "dvar2": 0.00099029566627,
        "max": 0.334455609322,
        "mean": 0.105306327343,
        "median": 0.0958865880966,
        "min": 0.025885950774,
        "stdev": 0.0456180162728,
        "var": 0.00208100350574
    },
    "barkbands_kurtosis": {
        "dmean": 2.04834079742,
        "dmean2": 3.21020770073,
        "dvar": 18.6622619629,
        "dvar2": 40.9144973755,
        "max": 78.5901184082,
        "mean": 1.67681908607,
        "median": -0.0403683185577,
        "min": -1.85284399986,
        "stdev": 5.56981945038,
        "var": 31.0228881836
    },
    "barkbands_skewness": {
        "dmean": 0.54994392395,
        "dmean2": 0.818630337715,
        "dvar": 0.337100684643,
        "dvar2": 0.673539996147,
        "max": 8.13515758514,
        "mean": 0.991837978363,
        "median": 0.777989447117,
        "min": -2.70369553566,
        "stdev": 1.05200254917,
        "var": 1.10670936108
    },
    "barkbands_spread": {
        "dmean": 7.45634174347,
        "dmean2": 11.4286708832,
        "dvar": 60.0895690918,
        "dvar2": 127.578781128,
        "max": 115.209320068,
        "mean": 33.1231918335,
        "median": 31.8250617981,
        "min": 1.37467396259,
        "stdev": 16.3924121857,
        "var": 268.711181641
    },
    "dissonance": {
        "dmean": 0.0173263810575,
        "dmean2": 0.0293316170573,
        "dvar": 0.000385948253097,
        "dvar2": 0.00104688841384,
        "max": 0.499895304441,
        "mean": 0.474001199007,
        "median": 0.480705201626,
        "min": 0.272895008326,
        "stdev": 0.0232643522322,
        "var": 0.000541230081581
    },
    "dynamic_complexity": 2.26249313354,
    "erbbands_crest": {
        "dmean": 3.33562493324,
        "dmean2": 5.40388011932,
        "dvar": 9.74720954895,
        "dvar2": 23.5863685608,
        "max": 29.2188739777,
        "mean": 9.46573829651,
        "median": 8.10645580292,
        "min": 2.54577660561,
        "stdev": 4.92665100098,
        "var": 24.2718887329
    },
    "erbbands_flatness_db": {
        "dmean": 0.0199240278453,
        "dmean2": 0.0283066593111,
        "dvar": 0.000399709009798,
        "dvar2": 0.000716183218174,
        "max": 0.434148192406,
        "mean": 0.142426490784,
        "median": 0.130920365453,
        "min": 0.0523223392665,
        "stdev": 0.0556674562395,
        "var": 0.00309886550531
    },
    "erbbands_kurtosis": {
        "dmean": 1.1535640955,
        "dmean2": 1.82219791412,
        "dvar": 3.73785591125,
        "dvar2": 9.41245174408,
        "max": 33.3663520813,
        "mean": 0.992194533348,
        "median": 0.154213190079,
        "min": -1.5953322649,
        "stdev": 2.8065392971,
        "var": 7.87666273117
    },
    "erbbands_skewness": {
        "dmean": 0.406734764576,
        "dmean2": 0.613972783089,
        "dvar": 0.130991920829,
        "dvar2": 0.311087161303,
        "max": 4.25817966461,
        "mean": 0.224923506379,
        "median": 0.12646523118,
        "min": -1.45479297638,
        "stdev": 0.71402990818,
        "var": 0.509838700294
    },
    "erbbands_spread": {
        "dmean": 8.89273738861,
        "dmean2": 13.2414360046,
        "dvar": 83.4094467163,
        "dvar2": 187.157592773,
        "max": 104.163604736,
        "mean": 34.9874267578,
        "median": 33.7713508606,
        "min": 1.96119892597,
        "stdev": 17.4604873657,
        "var": 304.868591309
    },
    "hfc": {
        "dmean": 11.5829849243,
        "dmean2": 15.8870296478,
        "dvar": 237.128479004,
        "dvar2": 391.767578125,
        "max": 274.54699707,
        "mean": 40.4089889526,
        "median": 37.0460281372,
        "min": 4.34522819744e-15,
        "stdev": 29.3442611694,
        "var": 861.085693359
    },
    "loudness_ebu128": {
        "integrated": -5.81995868683,
        "loudness_range": 1.12588167191,
        "momentary": {
            "dmean": 0.403856515884,
            "dmean2": 0.550731658936,
            "dvar": 0.150210604072,
            "dvar2": 0.218099921942,
            "max": -4.37569284439,
            "mean": -6.35229635239,
            "median": -5.80051898956,
            "min": -21.8399772644,
            "stdev": 2.60799312592,
            "var": 6.80162811279
        },
        "short_term": {
            "dmean": 0.0468543544412,
            "dmean2": 0.0448915176094,
            "dvar": 0.0020187406335,
            "dvar2": 0.00130626605824,
            "max": -5.19516706467,
            "mean": -5.84702014923,
            "median": -5.73418664932,
            "min": -8.14982032776,
            "stdev": 0.45474344492,
            "var": 0.206791594625
        }
    },
    "melbands_crest": {
        "dmean": 4.02625370026,
        "dmean2": 6.36290025711,
        "dvar": 11.3273582458,
        "dvar2": 29.1132888794,
        "max": 32.9394416809,
        "mean": 15.6808233261,
        "median": 15.3888463974,
        "min": 3.83829474449,
        "stdev": 5.44418144226,
        "var": 29.6391105652
    },
    "melbands_flatness_db": {
        "dmean": 0.0267955418676,
        "dmean2": 0.0403828136623,
        "dvar": 0.000639058533125,
        "dvar2": 0.00141248502769,
        "max": 0.357067137957,
        "mean": 0.162463530898,
        "median": 0.156633406878,
        "min": 0.0395284444094,
        "stdev": 0.052713740617,
        "var": 0.00277873827145
    },
    "melbands_kurtosis": {
        "dmean": 6.2544875145,
        "dmean2": 9.78827190399,
        "dvar": 154.467651367,
        "dvar2": 330.989562988,
        "max": 221.241287231,
        "mean": 8.5949382782,
        "median": 3.61844730377,
        "min": -1.68625366688,
        "stdev": 15.8741426468,
        "var": 251.988418579
    },
    "melbands_skewness": {
        "dmean": 0.835913300514,
        "dmean2": 1.24158799648,
        "dvar": 0.828760266304,
        "dvar2": 1.68502295017,
        "max": 12.7380447388,
        "mean": 2.10844707489,
        "median": 1.74153709412,
        "min": -1.51141798496,
        "stdev": 1.64919149876,
        "var": 2.71983242035
    },
    "melbands_spread": {
        "dmean": 10.0586833954,
        "dmean2": 15.2779121399,
        "dvar": 101.045440674,
        "dvar2": 226.958221436,
        "max": 191.040512085,
        "mean": 34.448299408,
        "median": 33.3851585388,
        "min": 1.56656634808,
        "stdev": 18.261423111,
        "var": 333.479553223
    },
    "pitch_salience": {
        "dmean": 0.0824781805277,
        "dmean2": 0.135971978307,
        "dvar": 0.00549212563783,
        "dvar2": 0.014312052168,
        "max": 0.889054477215,
        "mean": 0.508037686348,
        "median": 0.509404301643,
        "min": 0.114775411785,
        "stdev": 0.113562561572,
        "var": 0.0128964558244
    },
    "silence_rate_20dB": {
        "dmean": 0,
        "dmean2": 0,
        "dvar": 0,
        "dvar2": 0,
        "max": 1,
        "mean": 1,
        "median": 1,
        "min": 1,
        "stdev": 0,
        "var": 0
    },
    "silence_rate_30dB": {
        "dmean": 0.00841514766216,
        "dmean2": 0.0168421044946,
        "dvar": 0.00834420975298,
        "dvar2": 0.0235760230571,
        "max": 1,
        "mean": 0.99509459734,
        "median": 1,
        "min": 0,
        "stdev": 0.0698654800653,
        "var": 0.0048811850138
    },
    "silence_rate_60dB": {
        "dmean": 0.00350631144829,
        "dmean2": 0.00701754400507,
        "dvar": 0.00349402730353,
        "dvar2": 0.0069683548063,
        "max": 1,
        "mean": 0.0392431691289,
        "median": 0,
        "min": 0,
        "stdev": 0.194173291326,
        "var": 0.03770326823
    },
    "spectral_centroid": {
        "dmean": 294.094573975,
        "dmean2": 443.059906006,
        "dvar": 83577.859375,
        "dvar2": 191336.21875,
        "max": 4965.75830078,
        "mean": 1899.49707031,
        "median": 1917.21057129,
        "min": 464.875152588,
        "stdev": 534.089477539,
        "var": 285251.5625
    },
    "spectral_complexity": {
        "dmean": 5.07573652267,
        "dmean2": 7.18596506119,
        "dvar": 24.5257911682,
        "dvar2": 44.7014045715,
        "max": 57,
        "mean": 25.451997757,
        "median": 26,
        "min": 0,
        "stdev": 10.9444475174,
        "var": 119.780929565
    },
    "spectral_decrease": {
        "dmean": 2.93867885581e-09,
        "dmean2": 4.51607995444e-09,
        "dvar": 1.64230754922e-17,
        "dvar2": 3.56274895458e-17,
        "max": -1.525003592e-25,
        "mean": -8.64275051526e-09,
        "median": -7.9119342189e-09,
        "min": -4.12154683715e-08,
        "stdev": 5.34037569722e-09,
        "var": 2.85196125689e-17
    },
    "spectral_energy": {
        "dmean": 0.0116891684011,
        "dmean2": 0.0178249012679,
        "dvar": 0.000246050825808,
        "dvar2": 0.00053044676315,
        "max": 0.157388970256,
        "mean": 0.0362849794328,
        "median": 0.0333878099918,
        "min": 9.69697214651e-19,
        "stdev": 0.0211617574096,
        "var": 0.000447819998953
    },
    "spectral_energyband_high": {
        "dmean": 0.00090464897221,
        "dmean2": 0.00120684748981,
        "dvar": 2.02364526558e-06,
        "dvar2": 3.52859865416e-06,
        "max": 0.0227697193623,
        "mean": 0.00237926281989,
        "median": 0.00157670106273,
        "min": 2.87699724298e-19,
        "stdev": 0.00259745842777,
        "var": 6.74679040458e-06
    },
    "spectral_energyband_low": {
        "dmean": 0.00785269588232,
        "dmean2": 0.0119030652568,
        "dvar": 0.000204005569685,
        "dvar2": 0.000409183412557,
        "max": 0.15166606009,
        "mean": 0.0157274641097,
        "median": 0.012426469475,
        "min": 1.23332063876e-20,
        "stdev": 0.0176236536354,
        "var": 0.000310593197355
    },
    "spectral_energyband_middle_high": {
        "dmean": 0.00419161003083,
        "dmean2": 0.00626768358052,
        "dvar": 2.52747104241e-05,
        "dvar2": 6.18637350271e-05,
        "max": 0.0626506432891,
        "mean": 0.0115713858977,
        "median": 0.00970733910799,
        "min": 3.86290425081e-19,
        "stdev": 0.00910558924079,
        "var": 8.29117561807e-05
    },
    "spectral_energyband_middle_low": {
        "dmean": 0.00478726578876,
        "dmean2": 0.00796045828611,
        "dvar": 7.71661143517e-05,
        "dvar2": 0.000210498285014,
        "max": 0.0782793313265,
        "mean": 0.00804897770286,
        "median": 0.00549784256145,
        "min": 2.91065884102e-19,
        "stdev": 0.00881412159652,
        "var": 7.76887463871e-05
    },
    "spectral_entropy": {
        "dmean": 0.142868384719,
        "dmean2": 0.204544186592,
        "dvar": 0.0204790234566,
        "dvar2": 0.0400604605675,
        "max": 9.07964420319,
        "mean": 7.88453006744,
        "median": 7.89159059525,
        "min": 5.94521617889,
        "stdev": 0.318031907082,
        "var": 0.101144291461
    },
    "spectral_flux": {
        "dmean": 0.0321606770158,
        "dmean2": 0.0513611249626,
        "dvar": 0.00126885739155,
        "dvar2": 0.00292036915198,
        "max": 0.334605157375,
        "mean": 0.114413551986,
        "median": 0.104801058769,
        "min": 1.11723352347e-06,
        "stdev": 0.0512109659612,
        "var": 0.00262256315909
    },
    "spectral_kurtosis": {
        "dmean": 0.945583105087,
        "dmean2": 1.50878584385,
        "dvar": 1.65659296513,
        "dvar2": 4.56558084488,
        "max": 24.5754070282,
        "mean": 3.60138320923,
        "median": 3.2460193634,
        "min": -1.25457572937,
        "stdev": 2.13774561882,
        "var": 4.56995582581
    },
    "spectral_rms": {
        "dmean": 0.000911204901058,
        "dmean2": 0.00136843603104,
        "dvar": 1.1256952348e-06,
        "dvar2": 2.37207041209e-06,
        "max": 0.0123915374279,
        "mean": 0.00567398173735,
        "median": 0.00570731749758,
        "min": 3.07578615355e-11,
        "stdev": 0.00179049221333,
        "var": 3.2058621855e-06
    },
    "spectral_rolloff": {
        "dmean": 708.997009277,
        "dmean2": 1155.78381348,
        "dvar": 1189009,
        "dvar2": 2557507.25,
        "max": 14298.046875,
        "mean": 2166.22070312,
        "median": 1787.25585938,
        "min": 86.1328125,
        "stdev": 1740.81530762,
        "var": 3030438
    },
    "spectral_skewness": {
        "dmean": 0.158631682396,
        "dmean2": 0.243177041411,
        "dvar": 0.0259497370571,
        "dvar2": 0.0615641064942,
        "max": 3.41327142715,
        "mean": 1.47229492664,
        "median": 1.43717515469,
        "min": 0.305367201567,
        "stdev": 0.313040941954,
        "var": 0.0979946255684
    },
    "spectral_spread": {
        "dmean": 616595.625,
        "dmean2": 855682.5,
        "dvar": 828942712832,
        "dvar2": 1.04456860467e+12,
        "max": 31669976,
        "mean": 5462541.5,
        "median": 5289701,
        "min": 1830040.5,
        "stdev": 1762423.75,
        "var": 3.10613744026e+12
    },
    "spectral_strongpeak": {
        "dmean": 0.849095404148,
        "dmean2": 1.47661936283,
        "dvar": 1.87678265572,
        "dvar2": 4.77777481079,
        "max": 11.0401191711,
        "mean": 1.10115706921,
        "median": 0.37232375145,
        "min": 0,
        "stdev": 1.59243178368,
        "var": 2.53583884239
    },
    "zerocrossingrate": {
        "dmean": 0.0139324516058,
        "dmean2": 0.0153214093298,
        "dvar": 0.000256879604422,
        "dvar2": 0.000257659849012,
        "max": 0.45849609375,
        "mean": 0.0850146561861,
        "median": 0.0771484375,
        "min": 0.00634765625,
        "stdev": 0.0444721467793,
        "var": 0.00197777175345
    },
    "barkbands": {
        "dmean": [0.000327270536218, 0.00649391440675, 0.00220478652045, 0.00204724725336, 0.00138738681562, 0.000803598668426, 0.000803450064268, 0.000579991261475, 0.000671681889798, 0.00158903712872, 0.000802038586698, 0.00197003409266, 0.000588331196923, 0.000915882119443, 0.000562514585909, 0.000551988661755, 0.000425848091254, 0.000409156928072, 0.000271171535132, 0.000222551418119, 0.000289019895718, 0.000158323600772, 0.000130883970996, 0.000117421506729, 0.00021855601517, 0.000135950322147, 4.91733635499e-06],
        "dmean2": [0.000517368200235, 0.00988926086575, 0.00376319373026, 0.00341470655985, 0.00255184620619, 0.00131153094117, 0.00127268116921, 0.000919421087019, 0.00107202178333, 0.00256434432231, 0.00128451886121, 0.00304086110555, 0.000917332305107, 0.00142405845691, 0.00089804205345, 0.000857892970089, 0.00066588469781, 0.000645895313937, 0.000437303562649, 0.000352898554411, 0.000431752327131, 0.000230664722039, 0.000192148712813, 0.00016464239161, 0.000295699865092, 0.000175623848918, 7.96173935669e-06],
        "dvar": [2.43073742467e-07, 0.000156574707944, 2.48531741818e-05, 3.39970574714e-05, 1.52213842739e-05, 2.24136010729e-06, 4.27779468737e-06, 1.72607622062e-06, 1.46512172705e-06, 8.33258400235e-06, 4.07479046771e-06, 1.82036437764e-05, 1.40822589856e-06, 3.60686908607e-06, 8.60772047417e-07, 7.50840399633e-07, 3.79293680908e-07, 3.37117711524e-07, 1.67300967746e-07, 1.18194321885e-07, 1.61641025898e-07, 5.53317285323e-08, 4.77559574108e-08, 3.92242363034e-08, 5.61050853776e-07, 1.57946359991e-07, 7.70781147241e-11],
        "dvar2": [5.81594974847e-07, 0.000320913939504, 6.9803383667e-05, 8.92186362762e-05, 4.53293541796e-05, 5.54651796847e-06, 1.05043664007e-05, 3.70055249732e-06, 3.3389028431e-06, 2.13025050471e-05, 9.57814518188e-06, 4.36828486272e-05, 2.8885986012e-06, 8.40714255901e-06, 2.14356373363e-06, 1.63298523148e-06, 8.79863137015e-07, 8.21605112833e-07, 3.90806405903e-07, 2.84973452835e-07, 3.60953350764e-07, 1.10853498825e-07, 1.11059861752e-07, 8.74411227869e-08, 7.93458752923e-07, 2.59641467437e-07, 1.95037444528e-10],
        "max": [0.005081362091, 0.112823948264, 0.0498441495001, 0.0522002726793, 0.0360197983682, 0.0175896883011, 0.0352634117007, 0.0242342613637, 0.0170702189207, 0.0334708951414, 0.0356301218271, 0.0551646351814, 0.0276334639639, 0.0347292348742, 0.0114401988685, 0.0103007750586, 0.00990050844848, 0.00639425730333, 0.00769857270643, 0.00430226651952, 0.00443313876167, 0.00309352017939, 0.00358086521737, 0.00334642478265, 0.0185004416853, 0.0111143654212, 8.51232980494e-05],
        "mean": [0.000554280646611, 0.0113648865372, 0.00283307558857, 0.00187577900942, 0.00125546636991, 0.00133735931013, 0.00105835555587, 0.000754143169615, 0.000982858822681, 0.00223204237409, 0.000951574009378, 0.00272289919667, 0.000858874933328, 0.00132057850715, 0.000810304889455, 0.000882326508872, 0.000746771867853, 0.000694300921168, 0.000484418385895, 0.000429809122579, 0.000595173274633, 0.000326858804328, 0.000275402737316, 0.000256279832684, 0.000427240302088, 0.000248132448178, 5.7729503169e-06],
        "median": [0.000269869051408, 0.00776376575232, 0.00155608530622, 0.000404080376029, 0.000516143278219, 0.000590511132032, 0.000361255544703, 0.000295615929645, 0.000383910199162, 0.00089495035354, 0.000272152363323, 0.000629009446129, 0.000391579902498, 0.000488416175358, 0.000410578562878, 0.000392459740397, 0.000404660822824, 0.000453475367976, 0.000315892975777, 0.000292736105621, 0.000361974554835, 0.000196055480046, 0.000160393959959, 0.000124742349726, 0.0001618975366, 8.24074086268e-05, 1.67399809925e-06],
        "min": [4.7985151231e-21, 7.56587613517e-21, 2.18829439555e-21, 2.78018438154e-22, 2.10260975281e-20, 1.17292797221e-20, 2.71677358618e-20, 4.33145566816e-20, 1.63059038075e-19, 6.98157174477e-20, 8.1612967344e-20, 9.63585199723e-21, 9.6624138653e-21, 2.49277598435e-20, 6.57776478795e-20, 4.21811253719e-20, 3.79654381541e-20, 3.6249555371e-20, 1.4702994832e-20, 2.07681092655e-20, 2.63023886188e-20, 2.41047619861e-20, 1.60795057663e-20, 1.44267778998e-20, 1.17096341826e-20, 5.54570187742e-20, 1.26703971939e-19],
        "stdev": [0.00073941325536, 0.0150150470436, 0.00452588684857, 0.00535937445238, 0.00301090348512, 0.00202236906625, 0.00230694166385, 0.00163018307649, 0.001667786506, 0.00349533185363, 0.00247463630512, 0.00538074085489, 0.00168007146567, 0.00248393183574, 0.00110368069727, 0.0012234459864, 0.000978977419436, 0.000810766825452, 0.000564645742998, 0.000463635660708, 0.000657269207295, 0.000377431570087, 0.000328957888996, 0.000322480016621, 0.00121256301645, 0.000580909952987, 9.82289839158e-06],
        "var": [5.46731939721e-07, 0.000225451643928, 2.04836505873e-05, 2.87228958769e-05, 9.06553941604e-06, 4.08997630075e-06, 5.32197964276e-06, 2.6574966796e-06, 2.78151173916e-06, 1.22173451018e-05, 6.12382427789e-06, 2.8952374123e-05, 2.82263999907e-06, 6.16991792413e-06, 1.2181111515e-06, 1.49682011852e-06, 9.58396753958e-07, 6.57342866361e-07, 3.18824817214e-07, 2.14958021161e-07, 4.32002821071e-07, 1.42454595675e-07, 1.08213285444e-07, 1.03993357925e-07, 1.47030903008e-06, 3.37456356192e-07, 9.64893304145e-11]
    },
    "erbbands": {
        "dmean": [0.200715690851, 1.5746049881, 2.71970462799, 4.59910392761, 6.60567712784, 3.69306397438, 4.20965766907, 7.78565120697, 12.6232404709, 9.09659862518, 12.0314731598, 16.0211639404, 36.9499893188, 40.6722450256, 41.5203475952, 79.4250488281, 27.0951004028, 41.2235794067, 35.181186676, 29.8380527496, 22.5135059357, 20.2393493652, 21.5066280365, 16.6434993744, 10.9674406052, 10.5486936569, 13.1466445923, 8.58046245575, 6.1312122345, 5.15512084961, 3.47849535942, 2.62597084045, 1.91480743885, 2.30126285553, 1.72941255569, 0.691786468029, 0.264129579067, 0.0335218422115, 0.00064843101427, 3.40471087839e-05],
        "dmean2": [0.304690271616, 2.48011064529, 4.44701194763, 7.61832046509, 11.9980249405, 6.64208602905, 6.95590925217, 12.7055664062, 20.024520874, 14.5879869461, 19.1656723022, 25.5589828491, 58.3459663391, 67.1904830933, 66.6087799072, 119.616348267, 40.7456512451, 65.1304626465, 54.7739105225, 45.6496658325, 34.2338523865, 31.3664722443, 34.0992851257, 26.066078186, 17.2296409607, 16.7318820953, 20.0040550232, 12.7733869553, 9.08170890808, 7.59452438354, 5.06748199463, 3.86392474174, 2.6783015728, 3.19141578674, 2.40822792053, 0.907719969749, 0.351892381907, 0.046658448875, 0.000896829878911, 4.50406623713e-05],
        "dvar": [0.0957069545984, 11.6416053772, 37.9757499695, 112.050971985, 452.446868896, 88.1978302002, 44.7147903442, 267.102020264, 1002.93731689, 503.887329102, 890.241577148, 917.00402832, 4231.70849609, 10259.8251953, 12949.78125, 25767.1621094, 2367.21240234, 7747.34765625, 4168.27685547, 3068.40209961, 1166.33166504, 753.765136719, 866.190490723, 723.874084473, 227.429168701, 341.165771484, 394.903015137, 180.168395996, 91.89427948, 60.4663734436, 36.2680740356, 21.6857776642, 12.9724998474, 51.1632881165, 38.95495224, 7.20505666733, 0.535377562046, 0.00391620071605, 1.4815849454e-06, 3.54006468584e-09],
        "dvar2": [0.226783946157, 25.0026340485, 99.350402832, 286.53994751, 1306.22375488, 259.091522217, 115.353050232, 664.128662109, 2488.19799805, 1115.36340332, 1959.5144043, 2026.69592285, 10360.1210938, 26229.5039062, 34236.65625, 59307.40625, 4726.11523438, 18308.4375, 10167.796875, 7186.00195312, 2388.44482422, 1770.5, 2070.18725586, 1775.06591797, 511.594482422, 841.898010254, 877.355957031, 403.290100098, 187.982086182, 137.035003662, 84.9741287231, 51.3282775879, 25.20337677, 80.4469604492, 60.7042160034, 11.8750495911, 1.05855619907, 0.00815204624087, 2.9816942515e-06, 6.18043527467e-09],
        "max": [3.21201443672, 30.7344722748, 67.6134872437, 88.2239379883, 177.363082886, 106.377189636, 79.197769165, 212.655899048, 584.215637207, 320.229309082, 573.663574219, 426.392364502, 798.040283203, 1284.20874023, 1948.51879883, 1976.59008789, 1232.64025879, 2024.40478516, 833.13671875, 956.312255859, 558.357727051, 406.920501709, 291.724151611, 482.282806396, 205.852920532, 252.03187561, 269.812133789, 220.253570557, 133.874588013, 111.040687561, 95.4409103394, 86.337852478, 76.3825302124, 206.83039856, 144.648406982, 63.7144966125, 21.024553299, 0.984720766544, 0.0216020792723, 0.00134667311795],
        "mean": [0.360331773758, 2.37424707413, 3.7278034687, 5.0161113739, 5.29282188416, 3.56204628944, 6.40939998627, 12.326171875, 17.6377296448, 12.8868141174, 15.9116182327, 24.346944809, 56.8903198242, 53.9032173157, 61.6424255371, 113.583366394, 44.6079940796, 65.4127960205, 54.4249687195, 48.8292732239, 42.314453125, 38.4572219849, 38.9422683716, 31.1203842163, 21.0503749847, 20.4620265961, 26.8504505157, 18.0280914307, 12.2840156555, 10.2482404709, 7.41737937927, 5.73443412781, 4.12794589996, 4.2545466423, 3.24449658394, 1.27402555943, 0.453720897436, 0.0530177094042, 0.00107670156285, 8.8879649411e-05],
        "median": [0.251950293779, 1.42698276043, 2.08958983421, 1.89216566086, 1.35374164581, 1.50208616257, 3.30499792099, 4.65040206909, 5.88731861115, 5.47626972198, 6.91238355637, 10.4598913193, 27.3519744873, 19.8036155701, 20.2336483002, 28.4212684631, 24.7527484894, 29.7688426971, 26.7110271454, 27.5195007324, 23.0336284637, 22.6658802032, 27.0796661377, 19.8439617157, 15.1356601715, 13.783575058, 16.1371154785, 11.0806465149, 7.00423717499, 5.83358812332, 4.31323099136, 2.91953420639, 1.83310675621, 1.65611612797, 1.15792906284, 0.425762116909, 0.148311987519, 0.0166384968907, 0.00037371792132, 6.32595110801e-05],
        "min": [2.79817959681e-19, 1.47581077437e-18, 2.75113302738e-18, 1.91383516876e-18, 9.92375446479e-18, 8.57610469706e-17, 1.42215283362e-16, 8.18615984491e-17, 2.09557830505e-16, 6.39347615428e-16, 1.56187486227e-15, 3.71912092459e-15, 2.67716769672e-15, 2.89098295304e-15, 2.38112904638e-15, 4.17022616128e-16, 4.44377306931e-16, 5.39691859843e-16, 3.21462831296e-15, 3.58516986376e-15, 2.05289933239e-15, 2.41635502907e-15, 2.16001935407e-15, 6.67581341142e-16, 7.65360495233e-16, 1.06407021103e-15, 9.00899901656e-16, 1.23172831272e-15, 9.34083052639e-16, 5.98179802488e-16, 3.94025009865e-16, 3.20015585508e-16, 2.49366287913e-16, 1.07849336894e-16, 8.92794365451e-17, 7.30748293788e-17, 1.74932155943e-16, 2.01517754065e-16, 8.66223123875e-18, 1.70382959842e-19],
        "stdev": [0.400091618299, 3.69652867317, 5.87585878372, 10.2120685577, 16.9886894226, 7.49062871933, 8.40414810181, 21.3847026825, 35.6956291199, 27.6168041229, 34.3801765442, 40.893409729, 83.4083786011, 112.955551147, 149.956970215, 211.797210693, 70.6990814209, 113.850914001, 78.9503479004, 69.6048355103, 54.1041221619, 46.7860412598, 41.893611908, 38.3516044617, 20.4948596954, 23.2661209106, 30.9755249023, 20.369977951, 14.6309947968, 11.8033037186, 8.9672498703, 7.02138233185, 6.10630989075, 11.2334794998, 9.80652427673, 3.81212997437, 0.973376095295, 0.0875317230821, 0.00175671558827, 9.34881827561e-05],
        "var": [0.160073310137, 13.6643238068, 34.525718689, 104.286338806, 288.615570068, 56.1095161438, 70.6297073364, 457.305480957, 1274.17797852, 762.687866211, 1181.99645996, 1672.27087402, 6956.95703125, 12758.9570312, 22487.09375, 44858.0585938, 4998.36035156, 12962.03125, 6233.15771484, 4844.83349609, 2927.25585938, 2188.93359375, 1755.0748291, 1470.84570312, 420.039276123, 541.31237793, 959.483093262, 414.935974121, 214.066009521, 139.317977905, 80.411567688, 49.2998085022, 37.287021637, 126.191070557, 96.1679229736, 14.5323343277, 0.947461009026, 0.0076618026942, 3.08604967358e-06, 8.740039803e-09]
    },
    "gfcc": {
        "mean": [45.1074676514, 52.4680747986, -121.827468872, 28.5096759796, -48.7680053711, 29.7840824127, -30.148859024, 18.5326538086, -26.4397964478, 14.9994297028, -17.2934188843, 9.61981105804, -10.6282510757],
        "cov": [[7022.38916016, -376.158782959, 1190.29614258, 818.252563477, 134.950515747, 390.108398438, -39.1015205383, 456.328460693, -144.195022583, -91.3488998413, -283.314331055, 104.254638672, -164.532196045], [-376.158782959, 978.236877441, 122.965286255, 167.134307861, 166.686569214, -1.8846937418, 114.349510193, 17.3193149567, 88.8893737793, -7.20822906494, 102.197898865, -17.2580184937, 63.3139190674], [1190.29614258, 122.965286255, 1077.18237305, 478.305297852, 191.24029541, 156.685043335, 8.98610496521, 197.745285034, 5.64162969589, 7.03640556335, -24.9358978271, 28.4563331604, -43.9735374451], [818.252563477, 167.134307861, 478.305297852, 507.043823242, 173.831115723, 67.4131622314, 8.787733078, 105.040390015, 34.164188385, -34.8164138794, -40.8714675903, 2.49719905853, 10.2334213257], [134.950515747, 166.686569214, 191.24029541, 173.831115723, 266.127349854, 108.854431152, 66.1849975586, 42.412940979, 12.7964420319, -3.89981269836, -24.6543903351, -12.2229042053, 7.8477678299], [390.108398438, -1.8846937418, 156.685043335, 67.4131622314, 108.854431152, 257.180603027, 148.324584961, 23.3095035553, -30.3275852203, 17.0829029083, 4.69403171539, -9.99904632568, -31.1277370453], [-39.1015205383, 114.349510193, 8.98610496521, 8.787733078, 66.1849975586, 148.324584961, 215.971572876, 4.47154140472, 5.26619243622, 41.160949707, 39.4707183838, 1.93894720078, -18.1782798767], [456.328460693, 17.3193149567, 197.745285034, 105.040390015, 42.412940979, 23.3095035553, 4.47154140472, 188.868606567, 57.245880127, 4.09100437164, -7.49206829071, 22.973608017, 27.3364009857], [-144.195022583, 88.8893737793, 5.64162969589, 34.164188385, 12.7964420319, -30.3275852203, 5.26619243622, 57.245880127, 112.499176025, 48.0345573425, 29.3780250549, 19.4209861755, 31.1767349243], [-91.3488998413, -7.20822906494, 7.03640556335, -34.8164138794, -3.89981269836, 17.0829029083, 41.160949707, 4.09100437164, 48.0345573425, 117.182220459, 74.7345962524, 26.3302097321, 7.04974222183], [-283.314331055, 102.197898865, -24.9358978271, -40.8714675903, -24.6543903351, 4.69403171539, 39.4707183838, -7.49206829071, 29.3780250549, 74.7345962524, 136.355300903, 43.1104469299, 15.2087516785], [104.254638672, -17.2580184937, 28.4563331604, 2.49719905853, -12.2229042053, -9.99904632568, 1.93894720078, 22.973608017, 19.4209861755, 26.3302097321, 43.1104469299, 89.0191726685, 34.5599441528], [-164.532196045, 63.3139190674, -43.9735374451, 10.2334213257, 7.8477678299, -31.1277370453, -18.1782798767, 27.3364009857, 31.1767349243, 7.04974222183, 15.2087516785, 34.5599441528, 90.2251281738]],
        "icov": [[0.000400904769776, -0.000302184664179, 0.000267981842626, -0.000722046126612, 0.000563587760553, -0.000838627049234, 0.000733826425858, -0.00116856116802, 0.00125706137624, -0.00120479497127, 0.00144863966852, -0.00144420028664, 0.00128795322962], [-0.000302184664179, 0.00239242543466, -0.000825650524348, 0.000585127796512, -0.00161259854212, 0.00198919675313, -0.00238256505691, 0.00185149698518, -0.00286867585965, 0.00383483571932, -0.00415857741609, 0.00321527570486, -0.00275210384279], [0.000267981842626, -0.000825650524348, 0.00273064197972, -0.002376151504, 0.000420764961746, -0.001793752308, 0.00209720642306, -0.00288792466745, 0.00275623961352, -0.00298372562975, 0.0018339571543, -0.00260446197353, 0.00327971065417], [-0.000722046126612, 0.000585127796512, -0.002376151504, 0.00573176005855, -0.00250098924153, 0.00178109109402, -0.00165811250918, 0.00259308679961, -0.00426305504516, 0.00441486528143, -0.00261421175674, 0.00299178273417, -0.00340039562434], [0.000563587760553, -0.00161259854212, 0.000420764961746, -0.00250098924153, 0.0074901455082, -0.00374815519899, 0.00120042462368, -0.00174963090103, 0.00200220290571, -0.00342715275474, 0.0047522126697, -0.0021448826883, 0.00107190106064], [-0.000838627049234, 0.00198919675313, -0.001793752308, 0.00178109109402, -0.00374815519899, 0.0114732431248, -0.00806847773492, 0.00209746859036, -0.000419332354795, 0.00321051757783, -0.00449902517721, 0.00485750194639, -0.00318644242361], [0.000733826425858, -0.00238256505691, 0.00209720642306, -0.00165811250918, 0.00120042462368, -0.00806847773492, 0.0121419914067, -0.00318866921589, 0.00282481731847, -0.00573328603059, 0.00345817417838, -0.00485630566254, 0.00549380481243], [-0.00116856116802, 0.00185149698518, -0.00288792466745, 0.00259308679961, -0.00174963090103, 0.00209746859036, -0.00318866921589, 0.0128458943218, -0.00980293471366, 0.0068189939484, -0.00455062929541, 0.00429910933599, -0.00681562861428], [0.00125706137624, -0.00286867585965, 0.00275623961352, -0.00426305504516, 0.00200220290571, -0.000419332354795, 0.00282481731847, -0.00980293471366, 0.0224593766034, -0.0138602340594, 0.0071909786202, -0.00580799439922, 0.00368746742606], [-0.00120479497127, 0.00383483571932, -0.00298372562975, 0.00441486528143, -0.00342715275474, 0.00321051757783, -0.00573328603059, 0.0068189939484, -0.0138602340594, 0.0248735807836, -0.0153840743005, 0.00658565107733, -0.0057419622317], [0.00144863966852, -0.00415857741609, 0.0018339571543, -0.00261421175674, 0.0047522126697, -0.00449902517721, 0.00345817417838, -0.00455062929541, 0.0071909786202, -0.0153840743005, 0.0228449515998, -0.0123597048223, 0.00646088737994], [-0.00144420028664, 0.00321527570486, -0.00260446197353, 0.00299178273417, -0.0021448826883, 0.00485750194639, -0.00485630566254, 0.00429910933599, -0.00580799439922, 0.00658565107733, -0.0123597048223, 0.0236655436456, -0.0124062523246], [0.00128795322962, -0.00275210384279, 0.00327971065417, -0.00340039562434, 0.00107190106064, -0.00318644242361, 0.00549380481243, -0.00681562861428, 0.00368746742606, -0.0057419622317, 0.00646088737994, -0.0124062523246, 0.0221642442048]]
    },
    "melbands": {
        "dmean": [0.00173459399957, 0.0015318421647, 0.000858749554027, 0.000354821357178, 0.000140300238854, 0.000174281012733, 0.000182810646947, 0.00010354740516, 9.23379848246e-05, 0.000109864493425, 0.000191573839402, 0.000176493907929, 0.000115516573715, 0.000227404671023, 0.00012078765576, 6.39067220618e-05, 8.668153896e-05, 6.77920761518e-05, 3.5659995774e-05, 4.84498559672e-05, 2.66918414127e-05, 2.33589053096e-05, 2.50297161983e-05, 1.74912911461e-05, 1.47045211634e-05, 9.82864185062e-06, 7.3047585829e-06, 7.79140464147e-06, 8.48234230943e-06, 9.05882734514e-06, 4.8755609896e-06, 3.97045050704e-06, 3.05523735733e-06, 3.0251201224e-06, 2.2804922537e-06, 1.81501070529e-06, 1.70224882368e-06, 1.31166689243e-06, 1.78616039648e-06, 2.09457039091e-06],
        "dmean2": [0.00260795722716, 0.00241201743484, 0.00145470700227, 0.000651223410387, 0.000235460305703, 0.000280631997157, 0.000287588336505, 0.000164628494531, 0.000148520004586, 0.000175121007487, 0.000303899752907, 0.000292326119961, 0.000184105883818, 0.000347684748704, 0.000185384706128, 9.73532369244e-05, 0.000137100927532, 0.000105019964394, 5.61501001357e-05, 7.54163993406e-05, 4.10462125728e-05, 3.5964705603e-05, 4.04447746405e-05, 2.70742548309e-05, 2.35506395256e-05, 1.5689915017e-05, 1.1499692846e-05, 1.25173219203e-05, 1.301278553e-05, 1.38637515192e-05, 7.48125603423e-06, 6.121574188e-06, 4.61016679765e-06, 4.49734807262e-06, 3.37276605933e-06, 2.80815447695e-06, 2.51573624155e-06, 1.91284630091e-06, 2.52632912634e-06, 3.00751366922e-06],
        "dvar": [8.99938549992e-06, 1.11124118121e-05, 4.65119137516e-06, 1.11637291411e-06, 4.88727209813e-08, 1.16152783391e-07, 2.01841103831e-07, 5.65320767976e-08, 5.04644859234e-08, 4.35191047643e-08, 1.12011406372e-07, 1.89539434814e-07, 9.50628020746e-08, 2.44240879965e-07, 5.64778908085e-08, 2.11493453861e-08, 3.87292367066e-08, 1.72739635929e-08, 3.19510440328e-09, 6.63555166369e-09, 2.1022330543e-09, 1.28155352996e-09, 1.34698785459e-09, 7.0315364642e-10, 6.32688457181e-10, 2.08722580886e-10, 9.50972078861e-11, 2.30376412391e-10, 1.66030508786e-10, 1.7815618425e-10, 8.24233806207e-11, 4.20443679872e-11, 2.04701724321e-11, 2.26773599898e-11, 1.60450871339e-11, 1.04668851711e-11, 9.21230886713e-12, 4.98523878428e-12, 2.53678363038e-11, 4.54759910284e-11],
        "dvar2": [1.84564432857e-05, 2.55734485108e-05, 1.23857771541e-05, 3.27503335029e-06, 1.3087536388e-07, 2.87107496888e-07, 4.96068537359e-07, 1.18586619635e-07, 1.1153377244e-07, 9.78897460868e-08, 2.73921102689e-07, 4.86435965286e-07, 2.44400951033e-07, 5.71699786178e-07, 1.30530835918e-07, 4.20875743146e-08, 9.17381441923e-08, 4.1405890272e-08, 7.16081816066e-09, 1.50059360493e-08, 4.32927382832e-09, 3.02230729332e-09, 3.36472405493e-09, 1.5842537282e-09, 1.55785317979e-09, 4.94980390009e-10, 2.26362067979e-10, 5.64297886196e-10, 3.69440061876e-10, 4.11105566256e-10, 2.01283975598e-10, 9.2108411176e-11, 4.31304714166e-11, 5.46109026056e-11, 3.84495525696e-11, 2.54502096481e-11, 2.2196709748e-11, 1.08847757196e-11, 3.88056670131e-11, 7.78951000924e-11],
        "max": [0.0283528082073, 0.0355080477893, 0.0187008865178, 0.00897118635476, 0.00217222911306, 0.00409967498854, 0.00815110839903, 0.00348114850931, 0.00384648959152, 0.0030664394144, 0.00403141463175, 0.00564881414175, 0.00447887228802, 0.00713500380516, 0.00260756374337, 0.00380275468342, 0.00447799637914, 0.00152074103244, 0.000752514926717, 0.00108820828609, 0.000914813601412, 0.000594153825659, 0.000458451919258, 0.000470274564577, 0.000475312815979, 0.00018351257313, 0.00010074495367, 0.000210443889955, 0.00020000069344, 0.000152954278747, 0.000197073532036, 9.5382813015e-05, 4.52835047327e-05, 7.46318619349e-05, 5.97010439378e-05, 5.55944134248e-05, 5.49641154066e-05, 3.27813213516e-05, 0.000162863812875, 0.000185600991244],
        "mean": [0.00320733431727, 0.00233544944786, 0.000885239802301, 0.000301035033772, 0.000205476491828, 0.000281617132714, 0.000252905883826, 0.000143341283547, 0.000120391647215, 0.000162087366334, 0.000290863681585, 0.000225447263801, 0.00015441357391, 0.000314656848786, 0.000171923704329, 9.45874853642e-05, 0.000126299710246, 9.51037218329e-05, 5.37362466275e-05, 7.59370595915e-05, 4.47170277766e-05, 4.12523622799e-05, 3.90049972339e-05, 3.08279086312e-05, 2.50053126365e-05, 1.59243154485e-05, 1.32877057695e-05, 1.34805804919e-05, 1.58492784976e-05, 1.63877812156e-05, 8.61367698235e-06, 7.18924320608e-06, 5.79770903641e-06, 5.61479419048e-06, 4.40823077952e-06, 3.70144243789e-06, 3.39307121067e-06, 2.69306065093e-06, 3.24561392517e-06, 3.69470126316e-06],
        "median": [0.00231387629174, 0.00150280876551, 0.000328932830598, 0.000102375561255, 0.000109713073471, 0.000114067333925, 8.53467499837e-05, 5.58093852305e-05, 5.32548110641e-05, 6.02866748523e-05, 0.000134940244607, 7.02600736986e-05, 4.42582713731e-05, 7.75998414611e-05, 5.58937354072e-05, 4.14343776356e-05, 5.20356588822e-05, 3.87369836972e-05, 2.77974831988e-05, 3.38409881806e-05, 2.13707535295e-05, 2.10558064282e-05, 2.50257380685e-05, 1.9040540792e-05, 1.41721311593e-05, 1.02347994471e-05, 8.66475693329e-06, 8.48737181514e-06, 9.30726764636e-06, 8.82851236383e-06, 4.71580278827e-06, 3.92950369132e-06, 3.02386661133e-06, 3.07682216771e-06, 2.45352543971e-06, 1.86434431271e-06, 1.65689618825e-06, 1.21755761029e-06, 1.22037533856e-06, 1.42610247167e-06],
        "min": [2.53974174857e-21, 1.5786345162e-21, 4.37080034436e-22, 3.12390937951e-21, 5.16962639297e-21, 1.88417748516e-21, 3.96956342315e-21, 6.88941364634e-21, 1.53507951895e-20, 2.388161386e-20, 1.27415040304e-20, 1.11905185715e-20, 1.00691516587e-20, 1.69258763228e-21, 1.20862628845e-21, 5.45095968775e-22, 9.56164343536e-22, 5.44586432788e-21, 4.07408504447e-21, 4.16260952588e-21, 1.96716575336e-21, 2.25010574955e-21, 2.99266958207e-21, 1.15018696772e-21, 4.15471455546e-22, 6.97258023497e-22, 4.35539774052e-22, 7.93664500154e-22, 4.71868017806e-22, 7.36047462788e-22, 7.14305648447e-22, 6.72962470768e-22, 2.62553356532e-22, 3.29723082942e-22, 2.20008358731e-22, 2.14628403088e-22, 1.81942677232e-22, 1.80479813569e-22, 1.5125023249e-22, 6.80975088754e-23],
        "stdev": [0.00385108659975, 0.00344708119519, 0.00197135191411, 0.000827142037451, 0.000259145541349, 0.000457385263871, 0.000509279547259, 0.000311231095111, 0.000258795364061, 0.000287593284156, 0.000428912695497, 0.000490970152896, 0.000411355751567, 0.000652687391266, 0.000305088469759, 0.000208208337426, 0.000246555311605, 0.00015980223543, 7.31274267309e-05, 0.000109639186121, 6.7246844992e-05, 5.80431624257e-05, 4.51846281067e-05, 3.87475520256e-05, 3.42871935572e-05, 1.77463480213e-05, 1.37517836265e-05, 1.81126470125e-05, 1.9133072783e-05, 2.11260285141e-05, 1.17295267046e-05, 9.12226914807e-06, 7.10023778083e-06, 6.85107534082e-06, 5.66200242247e-06, 4.69329825137e-06, 4.34734783994e-06, 3.58325132765e-06, 8.12576217868e-06, 1.00951074273e-05],
        "var": [1.48308672578e-05, 1.18823681987e-05, 3.88622811442e-06, 6.84163978804e-07, 6.71564137633e-08, 2.0920127497e-07, 2.59365663169e-07, 9.68647881905e-08, 6.69750335192e-08, 8.27099029266e-08, 1.83966093914e-07, 2.4105167995e-07, 1.69213549839e-07, 4.26000809739e-07, 9.30789667564e-08, 4.33507096886e-08, 6.07895174198e-08, 2.55367531565e-08, 5.34762101267e-09, 1.20207515053e-08, 4.52213777535e-09, 3.36900862763e-09, 2.04165062634e-09, 1.50137291488e-09, 1.17561160806e-09, 3.14932885326e-10, 1.89111545867e-10, 3.28067961686e-10, 3.66074476288e-10, 4.46309073032e-10, 1.3758179318e-10, 8.32157884267e-11, 5.04133748636e-11, 4.6937231879e-11, 3.20582727031e-11, 2.20270485879e-11, 1.88994323663e-11, 1.28396893811e-11, 6.60280163878e-11, 1.01911187822e-10]
    },
    "melbands128": {
