{
"lowlevel": {
    "average_loudness": 0.955468177795,
    "barkbands_crest": {
        "dmean": 3.8607211113,
        "dmean2": 6.21537303925,
        "dvar": 10.5514192581,
        "dvar2": 24.580821991,
        "max": 25.7232990265,
        "mean": 11.1543636322,
        "median": 10.1793212891,
        "min": 2.30410647392,
        "stdev": 4.96033239365,
        "var": 24.6048965454
    },
    "barkbands_flatness_db": {
        "dmean": 0.0310492478311,
        "dmean2": 0.0464286804199,
        "dvar": 0.0008778674528,
        "dvar2": 0.00200980342925,
        "max": 0.313263446093,
        "mean": 0.124595947564,
        "median": 0.116772465408,
        "min": 0.0183644853532,
        "stdev": 0.0532568581402,
        "var": 0.00283629307523
    },
    "barkbands_kurtosis": {
        "dmean": 3.95167207718,
        "dmean2": 6.34246969223,
        "dvar": 76.3327941895,
        "dvar2": 190.355453491,
        "max": 104.265945435,
        "mean": 3.27912902832,
        "median": 0.360166311264,
        "min": -1.89383494854,
        "stdev": 9.37651062012,
        "var": 87.9189529419
    },
    "barkbands_skewness": {
        "dmean": 0.862920880318,
        "dmean2": 1.24512553215,
        "dvar": 0.950524449348,
        "dvar2": 2.13580822945,
        "max": 9.644780159,
        "mean": 0.908891737461,
        "median": 0.824937462807,
        "min": -6.2449297905,
        "stdev": 1.59007167816,
        "var": 2.52832794189
    },
    "barkbands_spread": {
        "dmean": 11.3362550735,
        "dmean2": 16.8468418121,
        "dvar": 126.717666626,
        "dvar2": 310.713592529,
        "max": 116.070297241,
        "mean": 31.746887207,
        "median": 29.3062763214,
        "min": 1.40069258213,
        "stdev": 19.5789985657,
        "var": 383.337188721
    },
    "dissonance": {
        "dmean": 0.0214098580182,
        "dmean2": 0.0346739180386,
        "dvar": 0.000694190908689,
        "dvar2": 0.00162747653667,
        "max": 0.499729841948,
        "mean": 0.465093702078,
        "median": 0.475975394249,
        "min": 0.230411380529,
        "stdev": 0.0346593633294,
        "var": 0.00120127142873
    },
    "dynamic_complexity": 2.32683205605,
    "erbbands_crest": {
        "dmean": 3.81749987602,
        "dmean2": 6.21447563171,
        "dvar": 13.107419014,
        "dvar2": 29.5200233459,
        "max": 31.2228088379,
        "mean": 10.5085191727,
        "median": 9.00459098816,
        "min": 2.66623902321,
        "stdev": 5.68276834488,
        "var": 32.2938537598
    },
    "erbbands_flatness_db": {
        "dmean": 0.0282478518784,
        "dmean2": 0.0403143689036,
        "dvar": 0.000852240656968,
        "dvar2": 0.00166817801073,
        "max": 0.336726665497,
        "mean": 0.165517196059,
        "median": 0.159575790167,
        "min": 0.0563230924308,
        "stdev": 0.0592454187572,
        "var": 0.00351001974195
    },
    "erbbands_kurtosis": {
        "dmean": 1.94245529175,
        "dmean2": 3.03616642952,
        "dvar": 12.4667348862,
        "dvar2": 29.3723697662,
        "max": 46.0650978088,
        "mean": 1.52129328251,
        "median": 0.14336669445,
        "min": -1.68407213688,
        "stdev": 4.50453805923,
        "var": 20.2908611298
    },
    "erbbands_skewness": {
        "dmean": 0.607615590096,
        "dmean2": 0.859316885471,
        "dvar": 0.376560419798,
        "dvar2": 0.757087051868,
        "max": 6.33349084854,
        "mean": 0.276032239199,
        "median": 0.120508760214,
        "min": -3.27424359322,
        "stdev": 1.20513939857,
        "var": 1.45236086845
    },
    "erbbands_spread": {
        "dmean": 13.7081842422,
        "dmean2": 21.4708156586,
        "dvar": 244.540588379,
        "dvar2": 647.5234375,
        "max": 131.926223755,
        "mean": 39.8336105347,
        "median": 36.3985748291,
        "min": 2.64225268364,
        "stdev": 22.5436496735,
        "var": 508.216125488
    },
    "hfc": {
        "dmean": 16.2256660461,
        "dmean2": 22.037815094,
        "dvar": 508.268951416,
        "dvar2": 1034.29541016,
        "max": 392.855499268,
        "mean": 37.0761566162,
        "median": 30.6462020874,
        "min": 0.0563275627792,
        "stdev": 34.4900283813,
        "var": 1189.56213379
    },
    "loudness_ebu128": {
        "integrated": -7.58119678497,
        "loudness_range": 1.19877243042,
        "momentary": {
            "dmean": 0.752768874168,
            "dmean2": 1.19672501087,
            "dvar": 0.330582231283,
            "dvar2": 0.786622524261,
            "max": -5.18740844727,
            "mean": -7.73502016068,
            "median": -7.70736217499,
            "min": -11.3929243088,
            "stdev": 1.18231749535,
            "var": 1.39787459373
        },
        "short_term": {
            "dmean": 0.0664444640279,
            "dmean2": 0.0738596022129,
            "dvar": 0.0023234509863,
            "dvar2": 0.00350818783045,
            "max": -6.68812894821,
            "mean": -7.61721086502,
            "median": -7.70985841751,
            "min": -8.35960578918,
            "stdev": 0.410530745983,
            "var": 0.168535500765
        }
    },
    "melbands_crest": {
        "dmean": 5.04936408997,
        "dmean2": 8.1387796402,
        "dvar": 16.4371490479,
        "dvar2": 39.8011322021,
        "max": 32.6145896912,
        "mean": 16.2318649292,
        "median": 15.8370418549,
        "min": 2.67538523674,
        "stdev": 6.37351560593,
        "var": 40.6217041016
    },
    "melbands_flatness_db": {
        "dmean": 0.0356893725693,
        "dmean2": 0.0538441650569,
        "dvar": 0.00122385390569,
        "dvar2": 0.00287962751463,
        "max": 0.365831255913,
        "mean": 0.150966152549,
        "median": 0.147311210632,
        "min": 0.0124156288803,
        "stdev": 0.0624063834548,
        "var": 0.00389455654658
    },
    "melbands_kurtosis": {
        "dmean": 10.8534145355,
        "dmean2": 17.6328144073,
        "dvar": 469.016815186,
        "dvar2": 1218.16174316,
        "max": 193.551086426,
        "mean": 11.4942760468,
        "median": 4.09439325333,
        "min": -1.79390454292,
        "stdev": 21.8736858368,
        "var": 478.458099365
    },
    "melbands_skewness": {
        "dmean": 1.20510435104,
        "dmean2": 1.77624976635,
        "dvar": 1.83469927311,
        "dvar2": 4.57882928848,
        "max": 10.8238573074,
        "mean": 2.19495749474,
        "median": 1.78452801704,
        "min": -2.54115629196,
        "stdev": 2.01708340645,
        "var": 4.06862545013
    },
    "melbands_spread": {
        "dmean": 18.1550254822,
        "dmean2": 26.8373584747,
        "dvar": 544.658752441,
        "dvar2": 1272.01269531,
        "max": 298.369049072,
        "mean": 42.0980682373,
        "median": 33.5083999634,
        "min": 1.38148903847,
        "stdev": 34.6449508667,
        "var": 1200.27270508
    },
    "pitch_salience": {
        "dmean": 0.100370578468,
        "dmean2": 0.161458030343,
        "dvar": 0.00898961350322,
        "dvar2": 0.0226723831147,
        "max": 0.930054187775,
        "mean": 0.54317009449,
        "median": 0.544709444046,
        "min": 0.100514695048,
        "stdev": 0.135786831379,
        "var": 0.0184380616993
    },
    "silence_rate_20dB": {
        "dmean": 0,
        "dmean2": 0,
        "dvar": 0,
        "dvar2": 0,
        "max": 1,
        "mean": 1,
        "median": 1,
        "min": 1,
        "stdev": 0,
        "var": 0
    },
    "silence_rate_30dB": {
        "dmean": 0,
        "dmean2": 0,
        "dvar": 0,
        "dvar2": 0,
        "max": 1,
        "mean": 1,
        "median": 1,
        "min": 1,
        "stdev": 0,
        "var": 0
    },
    "silence_rate_60dB": {
        "dmean": 0.0651230067015,
        "dmean2": 0.128985509276,
        "dvar": 0.0608823522925,
        "dvar2": 0.129739537835,
        "max": 1,
        "mean": 0.0722543373704,
        "median": 0,
        "min": 0,
        "stdev": 0.25890865922,
        "var": 0.0670336931944
    },
    "spectral_centroid": {
        "dmean": 469.29675293,
        "dmean2": 677.736633301,
        "dvar": 285071.875,
        "dvar2": 567295.375,
        "max": 7563.72802734,
        "mean": 2070.94824219,
        "median": 1915.42993164,
        "min": 324.47744751,
        "stdev": 988.698730469,
        "var": 977525.1875
    },
    "spectral_complexity": {
        "dmean": 5.48769903183,
        "dmean2": 7.82463788986,
        "dvar": 39.3120727539,
        "dvar2": 74.9329910278,
        "max": 56,
        "mean": 16.686416626,
        "median": 15,
        "min": 0,
        "stdev": 10.8643093109,
        "var": 118.033210754
    },
    "spectral_decrease": {
        "dmean": 3.05731573391e-09,
        "dmean2": 4.93424723302e-09,
        "dvar": 2.07727534581e-17,
        "dvar2": 5.45652668921e-17,
        "max": -1.40370180757e-12,
        "mean": -5.55926060741e-09,
        "median": -3.9935330598e-09,
        "min": -3.13973309574e-08,
        "stdev": 5.29102806013e-09,
        "var": 2.79949782285e-17
    },
    "spectral_energy": {
        "dmean": 0.0125823011622,
        "dmean2": 0.0200566463172,
        "dvar": 0.000321360101225,
        "dvar2": 0.000830322504044,
        "max": 0.121957473457,
        "mean": 0.0243448633701,
        "median": 0.0187180191278,
        "min": 1.04069686131e-05,
        "stdev": 0.0213662367314,
        "var": 0.000456516077975
    },
    "spectral_energyband_high": {
        "dmean": 0.00139490747824,
        "dmean2": 0.00181793910451,
        "dvar": 4.55399049315e-06,
        "dvar2": 9.17667057365e-06,
        "max": 0.0360625647008,
        "mean": 0.00271331705153,
        "median": 0.00188896199688,
        "min": 4.26526139563e-06,
        "stdev": 0.00336583564058,
        "var": 1.13288488137e-05
    },
    "spectral_energyband_low": {
        "dmean": 0.00611355341971,
        "dmean2": 0.0103898542002,
        "dvar": 0.00021293379541,
        "dvar2": 0.000603422115091,
        "max": 0.108729690313,
        "mean": 0.00698165595531,
        "median": 0.000410445820307,
        "min": 3.39040724384e-08,
        "stdev": 0.01431648992,
        "var": 0.000204961877898
    },
    "spectral_energyband_middle_high": {
        "dmean": 0.00438164267689,
        "dmean2": 0.0063274265267,
        "dvar": 4.24152749474e-05,
        "dvar2": 8.02766371635e-05,
        "max": 0.0611273683608,
        "mean": 0.00850371364504,
        "median": 0.00398050155491,
        "min": 2.56557291323e-06,
        "stdev": 0.01092304755,
        "var": 0.000119312964671
    },
    "spectral_energyband_middle_low": {
        "dmean": 0.00598728796467,
        "dmean2": 0.00958042312413,
        "dvar": 0.000102269536001,
        "dvar2": 0.00026092218468,
        "max": 0.0772355645895,
        "mean": 0.0077361674048,
        "median": 0.00391720468178,
        "min": 1.6006138992e-07,
        "stdev": 0.0106230890378,
        "var": 0.00011285002256
    },
    "spectral_entropy": {
        "dmean": 0.223398923874,
        "dmean2": 0.317464262247,
        "dvar": 0.056563578546,
        "dvar2": 0.101719766855,
        "max": 8.94923686981,
        "mean": 7.94106817245,
        "median": 8.00689506531,
        "min": 6.40213823318,
        "stdev": 0.451730936766,
        "var": 0.204060852528
    },
    "spectral_flux": {
        "dmean": 0.0395915396512,
        "dmean2": 0.0621986761689,
        "dvar": 0.00184563163202,
        "dvar2": 0.00386233092286,
        "max": 0.333666950464,
        "mean": 0.108254514635,
        "median": 0.0989019572735,
        "min": 0.0112804006785,
        "stdev": 0.0594161562622,
        "var": 0.00353027950041
    },
    "spectral_kurtosis": {
        "dmean": 0.898262262344,
        "dmean2": 1.37351346016,
        "dvar": 0.953714430332,
        "dvar2": 2.27543282509,
        "max": 11.970582962,
        "mean": 2.38235783577,
        "median": 2.26699614525,
        "min": -1.32090342045,
        "stdev": 1.61006975174,
        "var": 2.59232449532
    },
    "spectral_rms": {
        "dmean": 0.00120359892026,
        "dmean2": 0.00178794877138,
        "dvar": 1.90272555756e-06,
        "dvar2": 4.35866559201e-06,
        "max": 0.0109079284593,
        "mean": 0.00440367078409,
        "median": 0.00427334569395,
        "min": 0.000100762794318,
        "stdev": 0.00208776071668,
        "var": 4.35874471805e-06
    },
    "spectral_rolloff": {
        "dmean": 1258.33752441,
        "dmean2": 2022.90356445,
        "dvar": 3044029.5,
        "dvar2": 6620074.5,
        "max": 13027.5878906,
        "mean": 3290.16137695,
        "median": 2368.65234375,
        "min": 107.666015625,
        "stdev": 2822.95654297,
        "var": 7969083
    },
    "spectral_skewness": {
        "dmean": 0.200541809201,
        "dmean2": 0.290135294199,
        "dvar": 0.0384739562869,
        "dvar2": 0.0769257321954,
        "max": 2.74971985817,
        "mean": 1.22398734093,
        "median": 1.22297751904,
        "min": -0.267489135265,
        "stdev": 0.377407759428,
        "var": 0.142436623573
    },
    "spectral_spread": {
        "dmean": 866287.25,
        "dmean2": 1222585.375,
        "dvar": 1.0598023168e+12,
        "dvar2": 2.25361474355e+12,
        "max": 15868846,
        "mean": 6137091.5,
        "median": 5850353,
        "min": 2664263.75,
        "stdev": 1837288.25,
        "var": 3.375628288e+12
    },
    "spectral_strongpeak": {
        "dmean": 1.10847640038,
        "dmean2": 1.77768146992,
        "dvar": 2.40319633484,
        "dvar2": 5.49557590485,
        "max": 14.3005771637,
        "mean": 1.63107931614,
        "median": 0.792855739594,
        "min": 0.00462894234806,
        "stdev": 2.12251853943,
        "var": 4.50508499146
    },
    "zerocrossingrate": {
        "dmean": 0.0245490279049,
        "dmean2": 0.0260735116899,
        "dvar": 0.000884582463186,
        "dvar2": 0.000897846592125,
        "max": 0.4794921875,
        "mean": 0.114187248051,
        "median": 0.0966796875,
        "min": 0.013671875,
        "stdev": 0.0734769180417,
        "var": 0.00539885694161
    },
    "barkbands": {
        "dmean": [0.000193830768694, 0.00306696211919, 0.00227055605501, 0.00248864432797, 0.00125058926642, 0.000716623791959, 0.00117491662968, 0.000769266800489, 0.000886793772224, 0.002125648316, 0.00027180305915, 0.00107693334576, 0.000500250607729, 0.000985789927654, 0.000627969217021, 0.000501944101416, 0.000351848168066, 0.000333659787429, 0.000214027444599, 0.000284612440737, 0.000304374349071, 0.000260869070189, 0.000219243869651, 0.00024245052191, 0.00032481845119, 0.00015872347285, 5.85517636864e-06],
        "dmean2": [0.000315457204124, 0.00513244140893, 0.00405913637951, 0.0042476807721, 0.00229308754206, 0.00112502428237, 0.00179105147254, 0.0012528731022, 0.00141922221519, 0.00324710737914, 0.000434990943177, 0.00159923546016, 0.00080117007019, 0.00150378665421, 0.00101223541424, 0.000801363203209, 0.000542223628145, 0.00051587325288, 0.000354095333023, 0.000434000510722, 0.000448887149105, 0.000361090700608, 0.000317269848892, 0.000325551663991, 0.000437855633209, 0.000224102972425, 9.91137676465e-06],
        "dvar": [1.69111615378e-07, 6.69686778565e-05, 4.33412096754e-05, 5.28920063516e-05, 1.45415078805e-05, 3.14546105074e-06, 6.19170941718e-06, 8.20432069304e-06, 6.64931212668e-06, 2.225917342e-05, 8.85819417817e-07, 1.11283316073e-05, 1.64921607393e-06, 6.5325370997e-06, 2.30431624004e-06, 1.56987175615e-06, 4.70664588192e-07, 3.58865094086e-07, 4.17873764036e-07, 3.11671499276e-07, 2.0432923975e-07, 1.99790676447e-07, 7.76153541437e-08, 1.82909545288e-07, 1.26528618694e-06, 1.64218675991e-07, 1.22456392249e-10],
        "dvar2": [3.99587861466e-07, 0.000182831630809, 0.000124341298942, 0.00013678468531, 4.13884918089e-05, 6.73346494295e-06, 1.30968492158e-05, 1.85929638974e-05, 1.50244441102e-05, 4.77741341456e-05, 2.0156089704e-06, 2.21624977712e-05, 3.88566013498e-06, 1.37059987537e-05, 5.83340579396e-06, 3.9829119487e-06, 9.91237016024e-07, 7.23552204818e-07, 1.17167985536e-06, 6.12385520071e-07, 4.36786791624e-07, 3.69299044678e-07, 1.73450629859e-07, 3.68348594293e-07, 2.47704133471e-06, 3.91346588913e-07, 3.11008441223e-10],
        "max": [0.00321508594789, 0.0653086453676, 0.0489330142736, 0.0673231631517, 0.0288726557046, 0.0225600898266, 0.032464183867, 0.0395816527307, 0.0382893234491, 0.0497028306127, 0.0174449160695, 0.0476926341653, 0.0151965478435, 0.0276155453175, 0.013844887726, 0.0193201396614, 0.00711106881499, 0.0108288209885, 0.0127144334838, 0.00824895873666, 0.00455605145544, 0.00782022159547, 0.00346586015075, 0.00720867002383, 0.0225479342043, 0.00832094624639, 0.000109478984086],
        "mean": [0.000240130408201, 0.00376267451793, 0.00188675709069, 0.00194948806893, 0.000956544885412, 0.000847986608278, 0.00147727306467, 0.000765616074204, 0.000910902628675, 0.00243875477463, 0.000272384349955, 0.00175613665488, 0.000600129307713, 0.00113906781189, 0.000647736014798, 0.00058993982384, 0.000461032323074, 0.000461637420813, 0.000289217336103, 0.000423888588557, 0.000489469850436, 0.000473422522191, 0.000391453242628, 0.000415856397012, 0.000481810478959, 0.000209717953112, 5.83227438256e-06],
        "median": [7.7528948168e-06, 8.75073601492e-05, 3.36068260367e-05, 4.45101686637e-05, 0.00011926512525, 0.00025132362498, 0.000233238970395, 7.74030922912e-05, 0.000118940879474, 0.000253233301919, 7.20692187315e-05, 0.000150719541125, 0.000206358236028, 0.000251278921496, 0.000204352894798, 0.000130757252919, 0.000129908818053, 0.000165444391314, 0.000131003936986, 0.000187061639735, 0.000287223781925, 0.00027092959499, 0.000265573267825, 0.000227727025049, 0.000126922037452, 5.1931157941e-05, 8.99936594578e-07],
        "min": [4.28719310053e-10, 1.30017125954e-08, 8.76691430562e-09, 1.44619907161e-08, 4.6559723188e-08, 2.22528164784e-08, 1.79063697203e-08, 4.96664132044e-09, 2.96820559242e-08, 7.36161567261e-08, 3.73789461605e-08, 3.53936187025e-08, 1.38813884831e-08, 6.93150639108e-08, 6.99670437143e-08, 9.16989222333e-08, 4.01818240903e-08, 5.45281011455e-08, 6.01385920618e-07, 1.65878088865e-06, 1.66274890034e-06, 3.55761613946e-07, 1.32364178285e-07, 1.52591582037e-07, 9.44091027577e-08, 2.38571722377e-08, 8.09852792466e-12],
        "stdev": [0.000490363570862, 0.00896403286606, 0.00540103856474, 0.00657812133431, 0.00298666139133, 0.00197190884501, 0.00322109553963, 0.00334998848848, 0.00293408660218, 0.00550183700398, 0.000975000846665, 0.00591899547726, 0.00135595281608, 0.00287308334373, 0.00144693930633, 0.0013238962274, 0.000893894408364, 0.000827744544949, 0.000620165606961, 0.000716356677003, 0.000642381492071, 0.000796748674475, 0.00041322701145, 0.000599205552135, 0.00162067043129, 0.000457303220173, 1.10726905405e-05],
        "var": [2.40456444089e-07, 8.03538787295e-05, 2.91712185572e-05, 4.32716806245e-05, 8.92014668352e-06, 3.88842408938e-06, 1.03754564407e-05, 1.12224233817e-05, 8.60886484588e-06, 3.0270210118e-05, 9.50626656504e-07, 3.50345071638e-05, 1.83860811376e-06, 8.2546075646e-06, 2.09363338399e-06, 1.75270133695e-06, 7.99047256805e-07, 6.85161069214e-07, 3.8460535734e-07, 5.13166867222e-07, 4.12653946569e-07, 6.34808429822e-07, 1.70756564444e-07, 3.59047277243e-07, 2.6265724955e-06, 2.09126241657e-07, 1.22604468245e-10]
    },
    "erbbands": {
        "dmean": [0.105460301042, 0.702576696873, 2.31357002258, 5.91846179962, 6.68713378906, 3.46838188171, 3.33169174194, 6.95444154739, 17.8434085846, 13.9095630646, 15.1621446609, 17.7278175354, 59.8418235779, 37.5076599121, 13.2471437454, 48.3835067749, 24.6682434082, 44.2685165405, 37.0991363525, 32.7401924133, 22.3231086731, 18.8383636475, 17.7247428894, 14.1061401367, 9.86381721497, 12.5600185394, 14.492146492, 9.06130886078, 9.54105854034, 9.23616695404, 5.83538341522, 5.1433467865, 4.16109323502, 3.63951563835, 2.29568171501, 0.795875906944, 0.300121068954, 0.042176567018, 0.000825539696962, 4.38669958385e-05],
        "dmean2": [0.176128283143, 1.14929151535, 4.11419916153, 10.0355167389, 12.0768537521, 6.27140712738, 5.2795791626, 11.2902402878, 26.5870819092, 21.5322761536, 24.8151016235, 28.0174980164, 91.6395187378, 58.7700805664, 20.0597019196, 69.0060653687, 36.2739982605, 66.4530029297, 57.7741012573, 50.2939949036, 34.825843811, 28.7344455719, 26.8956642151, 22.8005695343, 15.3064880371, 19.3993396759, 22.0788021088, 13.3119392395, 13.4151973724, 13.2618770599, 8.45198345184, 7.20800447464, 5.68111610413, 4.74519395828, 3.32329201698, 1.17384445667, 0.421375095844, 0.0634844303131, 0.00123153824825, 6.14426171524e-05],
        "dvar": [0.0620451793075, 3.91850090027, 47.6220779419, 208.398681641, 467.879150391, 103.213569641, 53.0367774963, 384.51663208, 1412.65380859, 1237.23425293, 3474.21630859, 2067.4128418, 18045.6289062, 11808.3671875, 1914.45910645, 23990.6972656, 2981.99169922, 15150.3720703, 8083.05664062, 5568.80664062, 3101.22949219, 1376.30322266, 1054.76037598, 1697.97644043, 426.423431396, 635.663818359, 589.022399902, 164.04800415, 254.627807617, 207.533233643, 68.2227554321, 56.9087028503, 86.0616455078, 137.891937256, 73.8153457642, 9.06378364563, 0.261467844248, 0.00606286525726, 2.20654146688e-06, 4.77036499191e-09],
        "dvar2": [0.182707488537, 10.5801029205, 136.502456665, 536.209289551, 1305.8848877, 285.756195068, 120.558120728, 849.336486816, 2890.47436523, 2989.65649414, 7088.79296875, 4386.24072266, 39795.125, 26752.6464844, 4759.81494141, 46354.0820312, 6325.90234375, 34760.8476562, 19994.5117188, 13147.0605469, 8201.58398438, 2810.21386719, 1920.50610352, 4795.83300781, 980.760253906, 1298.80908203, 1282.15930176, 325.435699463, 456.124328613, 485.982666016, 164.286117554, 131.971618652, 155.373535156, 245.555679321, 165.484985352, 22.0915222168, 0.551563560963, 0.0142610780895, 5.16183717991e-06, 1.12391633778e-08],
        "max": [2.06518054008, 13.872469902, 52.9283981323, 136.509353638, 147.134918213, 93.3204116821, 77.4655609131, 231.625320435, 597.111206055, 415.537353516, 902.890869141, 547.005310059, 1128.56152344, 1351.75476074, 763.306945801, 2369.81665039, 647.741394043, 1418.19812012, 1011.06365967, 875.469909668, 774.464294434, 499.294128418, 690.317749023, 775.303405762, 390.682067871, 384.978942871, 292.682037354, 181.046203613, 295.07409668, 254.031509399, 120.218185425, 98.5006866455, 140.755249023, 216.152755737, 178.561691284, 66.6192779541, 6.56822633743, 0.574180424213, 0.0120886247605, 0.00104487978388],
        "mean": [0.123955138028, 0.788198828697, 1.98895013332, 4.97544574738, 4.65264034271, 2.7258746624, 4.33158349991, 8.11932373047, 22.4226741791, 14.7634782791, 16.6328907013, 20.3053703308, 69.2025527954, 43.7812728882, 16.1806774139, 79.4708099365, 36.4698181152, 48.8860092163, 43.6029510498, 38.9673538208, 27.5843849182, 26.3576927185, 25.9699363708, 18.6951522827, 14.3649492264, 19.8296394348, 22.8220424652, 16.2388744354, 16.8477745056, 15.4114360809, 10.4108953476, 9.06722450256, 6.86709022522, 5.51744604111, 3.18474602699, 0.990749359131, 0.415251553059, 0.0520062707365, 0.00104536663275, 7.45951911085e-05],
        "median": [0.00242306222208, 0.0191775318235, 0.0540015622973, 0.120119959116, 0.254490673542, 0.433792114258, 0.890868067741, 2.67558121681, 3.67476820946, 2.74761104584, 2.10036945343, 3.92908978462, 8.42814350128, 7.24685001373, 4.7655043602, 7.28257751465, 10.7127342224, 13.3211288452, 15.4524650574, 10.2970552444, 6.91506385803, 7.45841407776, 9.46358299255, 8.04330539703, 7.31183242798, 9.0864906311, 11.214717865, 10.0176620483, 9.48553848267, 8.54716300964, 7.08085823059, 5.11794471741, 3.06955623627, 1.38879907131, 0.836663246155, 0.256801307201, 0.10108961165, 0.0108084566891, 0.000250028038863, 4.89647718496e-05],
        "min": [5.35079664132e-07, 2.45603246185e-06, 8.70401163411e-06, 3.1900988688e-05, 9.27445871639e-05, 0.000170717845322, 0.000189905113075, 0.000180197996087, 0.000245692674071, 0.000219784371438, 9.73944261204e-05, 0.00057456002105, 0.00211792252958, 0.00188497861382, 0.00142374180723, 0.00153289933223, 0.000771779858042, 0.00192075048108, 0.00360371358693, 0.00500063505024, 0.0049439733848, 0.00226118881255, 0.00234977458604, 0.0171585828066, 0.0600855275989, 0.0783789902925, 0.0615003183484, 0.0602779947221, 0.0171052776277, 0.00450528273359, 0.00387437874451, 0.00213767122477, 0.00237811449915, 0.00133809284307, 0.000572747259866, 0.000126194005134, 2.19710527745e-05, 1.57459010097e-06, 1.81034835123e-07, 4.82678004232e-08],
        "stdev": [0.280733138323, 2.03855800629, 5.67502641678, 13.6467208862, 17.3753814697, 8.30890655518, 10.6298084259, 20.3170375824, 49.0744552612, 38.9733810425, 75.7377471924, 55.3465194702, 154.336639404, 126.38973999, 43.9680404663, 273.276977539, 77.4634170532, 126.55557251, 91.0282516479, 81.6395950317, 57.2320365906, 49.8132019043, 49.1432647705, 37.4946556091, 25.5120944977, 33.2838516235, 34.6953697205, 21.3570671082, 28.3070049286, 22.1610813141, 11.2069540024, 10.3389015198, 13.5200605392, 18.5592060089, 10.5295667648, 3.22194576263, 0.665406048298, 0.089933924377, 0.00175022159237, 8.84046821739e-05],
        "var": [0.0788111016154, 4.15571880341, 32.2059249878, 186.23298645, 301.903869629, 69.0379257202, 112.99282074, 412.782012939, 2408.30200195, 1518.92443848, 5736.20605469, 3063.23730469, 23819.796875, 15974.3671875, 1933.1887207, 74680.3046875, 6000.58105469, 16016.3134766, 8286.14257812, 6665.02392578, 3275.50585938, 2481.35522461, 2415.06030273, 1405.84912109, 650.866943359, 1107.81469727, 1203.76867676, 456.124328613, 801.286499023, 491.113525391, 125.595817566, 106.892883301, 182.792037964, 344.444122314, 110.871772766, 10.3809347153, 0.442765176296, 0.00808811094612, 3.06327569888e-06, 7.8153883365e-09]
    },
    "gfcc": {
        "mean": [5.3475651741, 19.5836296082, -130.273757935, 19.895198822, -71.3981246948, 21.4273719788, -42.8704452515, 9.47021579742, -26.7556304932, 12.2874011993, -19.3451499939, 4.79250812531, -13.3258752823],
        "cov": [[4599.24755859, -178.853744507, 767.429199219, 804.758972168, 756.923461914, 470.152008057, 317.281433105, 176.969024658, 150.589035034, -67.2109451294, -163.671386719, 132.194335938, -130.171005249], [-178.853744507, 1481.46887207, 89.6993408203, 126.92288208, 295.39855957, 6.31558036804, 166.621322632, -17.4090080261, 43.2800827026, -52.9721069336, -19.010684967, -79.1337966919, 17.2304363251], [767.429199219, 89.6993408203, 1269.31323242, 675.141662598, 476.67767334, 296.699554443, 62.6064186096, 140.139984131, 47.1421699524, 45.7252845764, -40.108833313, 33.3576812744, -80.1416320801], [804.758972168, 126.92288208, 675.141662598, 827.324157715, 451.9140625, 163.935836792, 50.4279785156, 130.483505249, 110.731552124, -8.34265232086, -28.0149993896, 43.4737319946, -9.17544555664], [756.923461914, 295.39855957, 476.67767334, 451.9140625, 590.507568359, 290.460418701, 162.107559204, 124.79724884, 64.4512634277, 5.97809362411, -55.0624504089, 31.2239341736, -12.8671092987], [470.152008057, 6.31558036804, 296.699554443, 163.935836792, 290.460418701, 481.826202393, 298.012390137, 105.269371033, 63.6805801392, 48.7691001892, 12.7587451935, 18.9168395996, -7.03477478027], [317.281433105, 166.621322632, 62.6064186096, 50.4279785156, 162.107559204, 298.012390137, 377.069030762, 101.123001099, 82.5904693604, 44.1168861389, 8.69624233246, 16.3375110626, -9.18834686279], [176.969024658, -17.4090080261, 140.139984131, 130.483505249, 124.79724884, 105.269371033, 101.123001099, 248.113800049, 195.946868896, 75.6979904175, 20.2818412781, 45.7245445251, 41.0418395996], [150.589035034, 43.2800827026, 47.1421699524, 110.731552124, 64.4512634277, 63.6805801392, 82.5904693604, 195.946868896, 320.783416748, 135.887557983, 57.4652328491, 69.7793579102, 47.2625236511], [-67.2109451294, -52.9721069336, 45.7252845764, -8.34265232086, 5.97809362411, 48.7691001892, 44.1168861389, 75.6979904175, 135.887557983, 201.385421753, 119.991928101, 48.2443351746, 36.5236816406], [-163.671386719, -19.010684967, -40.108833313, -28.0149993896, -55.0624504089, 12.7587451935, 8.69624233246, 20.2818412781, 57.4652328491, 119.991928101, 179.67791748, 76.7663650513, 39.3816871643], [132.194335938, -79.1337966919, 33.3576812744, 43.4737319946, 31.2239341736, 18.9168395996, 16.3375110626, 45.7245445251, 69.7793579102, 48.2443351746, 76.7663650513, 142.954986572, 62.4942893982], [-130.171005249, 17.2304363251, -80.1416320801, -9.17544555664, -12.8671092987, -7.03477478027, -9.18834686279, 41.0418395996, 47.2625236511, 36.5236816406, 39.3816871643, 62.4942893982, 135.972396851]],
        "icov": [[0.000344456289895, 0.000119500102301, 2.1263727831e-05, -0.000158721319167, -0.000296756363241, -1.19165233627e-05, -0.000184293880011, 0.000164474666235, -0.000170372499269, 9.72412308329e-05, 0.000307408568915, -0.000454454595456, 0.000378578319214], [0.000119500102301, 0.00153266184498, -0.000626933237072, 0.00074885453796, -0.00197229557671, 0.00191357033327, -0.00184036791325, 0.00162893801462, -0.00179542449769, 0.00222751195543, -0.00223939144053, 0.00255007040687, -0.00160018203314], [2.1263727831e-05, -0.000626933237072, 0.00232655229047, -0.00179787958041, 0.000816995918285, -0.00197638757527, 0.00173770321999, -0.00162797095254, 0.00199903524481, -0.00266189291142, 0.0022837864235, -0.00228566653095, 0.00234284671023], [-0.000158721319167, 0.00074885453796, -0.00179787958041, 0.00386449624784, -0.00283061759546, 0.00192360079382, -0.000973632675596, 0.00126846239436, -0.00256399367936, 0.00335117266513, -0.00300784315914, 0.00245360517874, -0.00192822318058], [-0.000296756363241, -0.00197229557671, 0.000816995918285, -0.00283061759546, 0.00705678574741, -0.00423767324537, 0.00235434761271, -0.00300135137513, 0.00337275955826, -0.00409711897373, 0.0049752285704, -0.00436072051525, 0.00226137437858], [-1.19165233627e-05, 0.00191357033327, -0.00197638757527, 0.00192360079382, -0.00423767324537, 0.00841076485813, -0.00625037867576, 0.00223109638318, -0.00238048331812, 0.00349590065889, -0.00464529637247, 0.00466126436368, -0.00325919012539], [-0.000184293880011, -0.00184036791325, 0.00173770321999, -0.000973632675596, 0.00235434761271, -0.00625037867576, 0.00833807978779, -0.00318201701157, 0.00210940255783, -0.003335212823, 0.0034330280032, -0.00379199697636, 0.00334980036132], [0.000164474666235, 0.00162893801462, -0.00162797095254, 0.00126846239436, -0.00300135137513, 0.00223109638318, -0.00318201701157, 0.0113090900704, -0.00759353442118, 0.00339185260236, -0.00250758393668, 0.00344056007452, -0.00384673383087], [-0.000170372499269, -0.00179542449769, 0.00199903524481, -0.00256399367936, 0.00337275955826, -0.00238048331812, 0.00210940255783, -0.00759353442118, 0.0111822588369, -0.00807733647525, 0.00520912045613, -0.00562396226451, 0.00305913900957], [9.72412308329e-05, 0.00222751195543, -0.00266189291142, 0.00335117266513, -0.00409711897373, 0.00349590065889, -0.003335212823, 0.00339185260236, -0.00807733647525, 0.0169155597687, -0.012312498875, 0.00729064224288, -0.00450886273757], [0.000307408568915, -0.00223939144053, 0.0022837864235, -0.00300784315914, 0.0049752285704, -0.00464529637247, 0.0034330280032, -0.00250758393668, 0.00520912045613, -0.012312498875, 0.0179890673608, -0.01115533337, 0.00435407320037], [-0.000454454595456, 0.00255007040687, -0.00228566653095, 0.00245360517874, -0.00436072051525, 0.00466126436368, -0.00379199697636, 0.00344056007452, -0.00562396226451, 0.00729064224288, -0.01115533337, 0.018316142261, -0.00859692692757], [0.000378578319214, -0.00160018203314, 0.00234284671023, -0.00192822318058, 0.00226137437858, -0.00325919012539, 0.00334980036132, -0.00384673383087, 0.00305913900957, -0.00450886273757, 0.00435407320037, -0.00859692692757, 0.0134411882609]]
    },
    "melbands": {
        "dmean": [0.000866899208631, 0.00109448446892, 0.00104679935612, 0.000332322291797, 0.000114658512757, 0.000160149953444, 0.000260277680354, 0.000160087307449, 0.000109894011985, 0.000129122548969, 0.00031250010943, 0.000175038760062, 3.66790991393e-05, 0.000100432502222, 0.000130955450004, 3.64208826795e-05, 9.64773935266e-05, 6.89910157234e-05, 4.70433369628e-05, 4.25453581556e-05, 2.57999163296e-05, 2.11936112464e-05, 1.78990812856e-05, 1.61869029398e-05, 1.18476864372e-05, 7.83967425377e-06, 8.27802341519e-06, 8.94057029655e-06, 1.02833419078e-05, 7.2863058449e-06, 5.33646743861e-06, 5.52177516511e-06, 5.62432160223e-06, 5.1413435358e-06, 3.53037466994e-06, 3.35539448315e-06, 3.17344256473e-06, 2.84595830635e-06, 3.44588920598e-06, 2.99153384731e-06],
        "dmean2": [0.00146295246668, 0.00189429486636, 0.00179040792864, 0.00060357345501, 0.000189932019566, 0.000254255690379, 0.000391798821511, 0.00024978921283, 0.000182021220098, 0.000204754047445, 0.000477317895275, 0.000274581980193, 5.83017754252e-05, 0.000146526130266, 0.000182019386557, 6.06135399721e-05, 0.00014480126265, 0.000110638931801, 7.47023805161e-05, 6.5738306148e-05, 4.16007205786e-05, 3.11571748171e-05, 2.7331730962e-05, 2.50981684076e-05, 1.95711709239e-05, 1.27725852508e-05, 1.32177365231e-05, 1.38445957418e-05, 1.58948423632e-05, 1.11252866191e-05, 8.16139709059e-06, 7.92486753198e-06, 7.84254916653e-06, 7.70655606175e-06, 5.23142261954e-06, 4.91075525133e-06, 4.47593583885e-06, 3.99203781853e-06, 4.82685572933e-06, 4.16637703893e-06],
        "dvar": [4.80368953504e-06, 9.62876038102e-06, 7.2669090514e-06, 1.06847971892e-06, 5.86169157657e-08, 1.66789760669e-07, 2.97683129702e-07, 1.99433983994e-07, 1.69055269339e-07, 1.23048266687e-07, 4.83757617076e-07, 2.54640099229e-07, 1.95619254129e-08, 1.22813162307e-07, 1.41414957966e-07, 6.79140210735e-09, 7.62119967135e-08, 3.40860459858e-08, 1.41622491512e-08, 1.12466960189e-08, 4.47652004354e-09, 1.67897806769e-09, 1.41548239796e-09, 7.52309659013e-10, 1.4649552682e-09, 3.76658260137e-10, 3.57843171761e-10, 3.20429904832e-10, 3.86784965167e-10, 1.01655274476e-10, 6.13130587968e-11, 9.48998934991e-11, 9.30543003763e-11, 5.72443446811e-11, 2.34297720114e-11, 2.45449095077e-11, 2.28875945973e-11, 3.22350757198e-11, 1.10841058554e-10, 1.00602311204e-10],
        "dvar2": [1.33061421366e-05, 2.73942605418e-05, 1.91481358343e-05, 3.00018177768e-06, 1.43287707033e-07, 3.57726406719e-07, 6.21997457984e-07, 4.92886442771e-07, 3.39550524586e-07, 2.60802153207e-07, 1.05031949715e-06, 5.69009728224e-07, 4.65100100655e-08, 2.4240307539e-07, 2.73717859045e-07, 1.72585092884e-08, 1.75033761707e-07, 8.46844230296e-08, 3.61294461015e-08, 2.77899321333e-08, 1.22005721082e-08, 3.27989568838e-09, 2.87578227898e-09, 1.73734482356e-09, 4.18014556303e-09, 1.00937369574e-09, 7.34425686932e-10, 6.85493217745e-10, 8.38945357629e-10, 2.26313523477e-10, 1.30765148709e-10, 1.77768397225e-10, 1.84676898773e-10, 1.41209710591e-10, 5.65967515909e-11, 5.9108537509e-11, 5.2717229887e-11, 6.13546158323e-11, 1.91845386799e-10, 1.95765667566e-10],
        "max": [0.018947860226, 0.0241209231317, 0.0230839438736, 0.0078059672378, 0.00213164836168, 0.00472864601761, 0.00765478657559, 0.00491061620414, 0.00629706121981, 0.00439048279077, 0.00572281889617, 0.00576586183161, 0.00276467134245, 0.00573764601722, 0.00555997947231, 0.000984353711829, 0.00319747929461, 0.00192374712788, 0.00123487925157, 0.00151662772987, 0.000698749558069, 0.000595099467319, 0.000694087473676, 0.000352228438715, 0.000723031698726, 0.000356444827048, 0.000277462066151, 0.0002369673457, 0.000299626699416, 0.00012507638894, 0.00011459209054, 0.000152539185365, 0.000183134907275, 0.000115623297461, 6.56952397549e-05, 7.28425584384e-05, 6.7871013016e-05, 9.55682553467e-05, 0.000233784943703, 0.000191780927707],
        "mean": [0.00108065176755, 0.00105644878931, 0.000846914306749, 0.0002433173795, 0.00014024801203, 0.000193220839719, 0.000326988898451, 0.000159960472956, 0.000120235563372, 0.000138779854751, 0.000359555851901, 0.000198973779334, 3.87580585084e-05, 0.000139371346449, 0.000200449605472, 4.45844780188e-05, 0.000100898898381, 7.69819744164e-05, 4.88957011839e-05, 5.08566990902e-05, 2.84541711153e-05, 2.82541877823e-05, 2.30306013691e-05, 2.20179481403e-05, 1.4553690562e-05, 1.00715924418e-05, 1.16618593893e-05, 1.31858469103e-05, 1.50792711793e-05, 1.14532394946e-05, 8.68733604875e-06, 9.23282004806e-06, 9.6119410955e-06, 8.11467452877e-06, 5.90875515627e-06, 5.76743150305e-06, 5.41169174539e-06, 4.59345801573e-06, 5.16649924975e-06, 4.39573295807e-06],
        "median": [2.4844208383e-05, 4.77408466395e-05, 2.60644483205e-05, 2.36951491388e-05, 2.70612581517e-05, 5.92214273638e-05, 5.34588689334e-05, 2.31884005188e-05, 1.35372620207e-05, 1.8524542611e-05, 3.89692941098e-05, 2.60626075033e-05, 1.00902580016e-05, 1.57501926878e-05, 2.02171286219e-05, 2.13805997191e-05, 2.28932040045e-05, 2.20010606427e-05, 1.38703207995e-05, 1.09561897261e-05, 6.9571124186e-06, 7.0672417678e-06, 7.65893491916e-06, 7.79391848482e-06, 5.69636222281e-06, 4.43342469225e-06, 5.51961511519e-06, 5.57587554795e-06, 6.23925643595e-06, 6.489657153e-06, 4.72536021334e-06, 4.81779989059e-06, 4.9074733397e-06, 4.80441940454e-06, 4.09270796808e-06, 3.38281552104e-06, 3.15807278639e-06, 2.15023806049e-06, 1.40922111314e-06, 1.03598426904e-06],
        "min": [4.75271377809e-09, 4.24881463346e-09, 7.18440507086e-09, 9.65488666793e-09, 7.06643232817e-09, 4.11637923747e-09, 3.76820841197e-09, 2.13268247506e-09, 7.07808422984e-10, 4.36229985468e-09, 1.09284377103e-08, 7.91312526616e-09, 5.00839547612e-09, 3.46626038983e-09, 4.01083388724e-09, 6.65501043162e-10, 4.32522684335e-09, 6.54501297603e-09, 5.98736038526e-09, 6.02718541742e-09, 6.00121108363e-09, 2.48615572573e-09, 1.42579326123e-09, 2.65194710636e-09, 1.42905882683e-08, 2.3198824195e-08, 3.9043566602e-08, 4.17488799087e-08, 2.88391959202e-08, 3.67740895513e-08, 2.99672962001e-08, 1.06258859489e-08, 3.20243676022e-09, 1.94995375402e-09, 1.97670169122e-09, 1.56474155855e-09, 1.31388555591e-09, 1.50391821219e-09, 1.65867741764e-09, 8.67141802807e-10],
        "stdev": [0.00249019474722, 0.00269983056933, 0.00243834685534, 0.000819833134301, 0.000326364592183, 0.000442953256425, 0.000701999349985, 0.000473282620078, 0.000533656624611, 0.000420608033892, 0.000805475341622, 0.000581609259825, 0.000136876464239, 0.000528638076503, 0.000621302810032, 8.63875757204e-05, 0.000281842600089, 0.000186059885891, 0.00011299009202, 0.00011647833162, 6.52378294035e-05, 5.68755858694e-05, 4.77956236864e-05, 3.65208688891e-05, 3.34519718308e-05, 2.07414341276e-05, 2.21444679482e-05, 2.33450355154e-05, 2.83216195385e-05, 1.48685612658e-05, 1.23666832224e-05, 1.57391041284e-05, 1.72344480234e-05, 1.05681365312e-05, 6.51421078146e-06, 6.50465335639e-06, 6.39121572021e-06, 7.80793743616e-06, 1.66178233485e-05, 1.50268288053e-05],
        "var": [6.2010694819e-06, 7.28908571546e-06, 5.94553557676e-06, 6.72126361678e-07, 1.06513844855e-07, 1.96207594172e-07, 4.92803053476e-07, 2.23996451609e-07, 2.84789365423e-07, 1.76911129302e-07, 6.4879054662e-07, 3.38269302347e-07, 1.87351645309e-08, 2.7945822012e-07, 3.86017148912e-07, 7.4628134783e-09, 7.94352459366e-08, 3.46182815747e-08, 1.27667609817e-08, 1.35672015844e-08, 4.25597468379e-09, 3.2348321799e-09, 2.28442176287e-09, 1.33377375811e-09, 1.11903442068e-09, 4.30207092172e-10, 4.9037746086e-10, 5.4499071922e-10, 8.02114097365e-10, 2.21074103468e-10, 1.52934859221e-10, 2.47719400548e-10, 2.97026181428e-10, 1.11685508064e-10, 4.24349409778e-11, 4.23105127323e-11, 4.08476377722e-11, 6.09638936555e-11, 2.76152045675e-10, 2.25805596443e-10]
    },
    "melbands128": {
