{
"lowlevel": {
    "average_loudness": 0.974213600159,
    "barkbands_crest": {
        "dmean": 3.48254132271,
        "dmean2": 5.3996257782,
        "dvar": 9.36288452148,
        "dvar2": 22.7773075104,
        "max": 25.5028095245,
        "mean": 10.9786300659,
        "median": 10.2869491577,
        "min": 2.89141893387,
        "stdev": 4.67811536789,
        "var": 21.8847618103
    },
    "barkbands_flatness_db": {
        "dmean": 0.0249473825097,
        "dmean2": 0.0370971225202,
        "dvar": 0.000646352826152,
        "dvar2": 0.00149052229244,
        "max": 0.323769301176,
        "mean": 0.114083319902,
        "median": 0.109351500869,
        "min": 0.0255595277995,
        "stdev": 0.0441797673702,
        "var": 0.00195185176563
    },
    "barkbands_kurtosis": {
        "dmean": 3.79673957825,
        "dmean2": 6.00172758102,
        "dvar": 125.921951294,
        "dvar2": 308.840515137,
        "max": 146.03112793,
        "mean": 3.2595038414,
        "median": 0.131447076797,
        "min": -1.95609891415,
        "stdev": 11.4148082733,
        "var": 130.297851562
    },
    "barkbands_skewness": {
        "dmean": 0.727853477001,
        "dmean2": 1.02156996727,
        "dvar": 0.859157860279,
        "dvar2": 1.64727592468,
        "max": 11.2957458496,
        "mean": 1.21580350399,
        "median": 0.934326171875,
        "min": -5.65115451813,
        "stdev": 1.50334250927,
        "var": 2.26003861427
    },
    "barkbands_spread": {
        "dmean": 8.885014534,
        "dmean2": 13.2267370224,
        "dvar": 127.295837402,
        "dvar2": 249.371109009,
        "max": 126.702857971,
        "mean": 33.8289260864,
        "median": 30.9676628113,
        "min": 1.47816753387,
        "stdev": 19.848154068,
        "var": 393.949188232
    },
    "dissonance": {
        "dmean": 0.018006304279,
        "dmean2": 0.0292096007615,
        "dvar": 0.000463883421617,
        "dvar2": 0.00102800293826,
        "max": 0.499937683344,
        "mean": 0.471586406231,
        "median": 0.480259597301,
        "min": 0.203451752663,
        "stdev": 0.029038535431,
        "var": 0.000843236572109
    },
    "dynamic_complexity": 2.35522079468,
    "erbbands_crest": {
        "dmean": 3.16131591797,
        "dmean2": 5.17290687561,
        "dvar": 8.65843296051,
        "dvar2": 21.3222408295,
        "max": 27.2354125977,
        "mean": 9.2740688324,
        "median": 8.49811172485,
        "min": 2.75243449211,
        "stdev": 4.38921928406,
        "var": 19.265247345
    },
    "erbbands_flatness_db": {
        "dmean": 0.0210322607309,
        "dmean2": 0.0295771341771,
        "dvar": 0.000397831114242,
        "dvar2": 0.000734173750971,
        "max": 0.28438192606,
        "mean": 0.139565333724,
        "median": 0.138010397553,
        "min": 0.0574961528182,
        "stdev": 0.0415709912777,
        "var": 0.0017281472683
    },
    "erbbands_kurtosis": {
        "dmean": 1.19491839409,
        "dmean2": 1.84425365925,
        "dvar": 2.00507712364,
        "dvar2": 4.46907424927,
        "max": 12.8713989258,
        "mean": 1.09724009037,
        "median": 0.435892820358,
        "min": -1.66074001789,
        "stdev": 2.18541693687,
        "var": 4.7760477066
    },
    "erbbands_skewness": {
        "dmean": 0.409227371216,
        "dmean2": 0.629966318607,
        "dvar": 0.150151729584,
        "dvar2": 0.316216886044,
        "max": 2.3932287693,
        "mean": 0.0516878478229,
        "median": 0.0412162691355,
        "min": -3.38853335381,
        "stdev": 0.846932470798,
        "var": 0.717294633389
    },
    "erbbands_spread": {
        "dmean": 10.3391551971,
        "dmean2": 15.5545530319,
        "dvar": 119.538093567,
        "dvar2": 265.554382324,
        "max": 110.587791443,
        "mean": 37.1097869873,
        "median": 33.5407829285,
        "min": 7.65586233139,
        "stdev": 17.9536361694,
        "var": 322.333068848
    },
    "hfc": {
        "dmean": 12.0708045959,
        "dmean2": 16.6023406982,
        "dvar": 273.527099609,
        "dvar2": 465.878662109,
        "max": 260.710266113,
        "mean": 35.8937988281,
        "median": 29.0382957458,
        "min": 0.000180836679647,
        "stdev": 31.7969856262,
        "var": 1011.04833984
    },
    "loudness_ebu128": {
        "integrated": -7.09394788742,
        "loudness_range": 0.916254043579,
        "momentary": {
            "dmean": 0.719806671143,
            "dmean2": 1.03451895714,
            "dvar": 0.584887325764,
            "dvar2": 1.47139489651,
            "max": -5.06663942337,
            "mean": -7.37057447433,
            "median": -7.00283193588,
            "min": -14.2844371796,
            "stdev": 1.68337273598,
            "var": 2.83374357224
        },
        "short_term": {
            "dmean": 0.0655370503664,
            "dmean2": 0.057016313076,
            "dvar": 0.0021830839105,
            "dvar2": 0.00214739586227,
            "max": -6.36027812958,
            "mean": -7.06806850433,
            "median": -7.14019107819,
            "min": -7.6084356308,
            "stdev": 0.322839319706,
            "var": 0.104225225747
        }
    },
    "melbands_crest": {
        "dmean": 4.25866699219,
        "dmean2": 6.65059041977,
        "dvar": 12.1632785797,
        "dvar2": 32.9729652405,
        "max": 33.6387519836,
        "mean": 16.6532478333,
        "median": 16.4831924438,
        "min": 4.33819580078,
        "stdev": 5.80286836624,
        "var": 33.6732826233
    },
    "melbands_flatness_db": {
        "dmean": 0.0304830465466,
        "dmean2": 0.0443286113441,
        "dvar": 0.000985184800811,
        "dvar2": 0.00197053723969,
        "max": 0.43429517746,
        "mean": 0.174846366048,
        "median": 0.16738948226,
        "min": 0.0451717041433,
        "stdev": 0.061740770936,
        "var": 0.00381192262284
    },
    "melbands_kurtosis": {
        "dmean": 10.5604867935,
        "dmean2": 16.2872772217,
        "dvar": 566.480712891,
        "dvar2": 1325.35461426,
        "max": 248.857574463,
        "mean": 13.1272115707,
        "median": 4.70573377609,
        "min": -1.67510890961,
        "stdev": 26.3214454651,
        "var": 692.818481445
    },
    "melbands_skewness": {
        "dmean": 1.04889202118,
        "dmean2": 1.50133407116,
        "dvar": 1.487601161,
        "dvar2": 2.96992969513,
        "max": 12.474811554,
        "mean": 2.60002160072,
        "median": 2.11333394051,
        "min": -1.51422858238,
        "stdev": 1.9996483326,
        "var": 3.99859333038
    },
    "melbands_spread": {
        "dmean": 12.3964090347,
        "dmean2": 17.5336322784,
        "dvar": 243.278717041,
        "dvar2": 402.32119751,
        "max": 267.270874023,
        "mean": 36.3274497986,
        "median": 30.5512657166,
        "min": 0.946104288101,
        "stdev": 28.5820789337,
        "var": 816.935241699
    },
    "pitch_salience": {
        "dmean": 0.089579038322,
        "dmean2": 0.140267208219,
        "dvar": 0.00734864454716,
        "dvar2": 0.0178627111018,
        "max": 0.925381660461,
        "mean": 0.50563287735,
        "median": 0.505182981491,
        "min": 0.0883943513036,
        "stdev": 0.131402224302,
        "var": 0.0172665454447
    },
    "silence_rate_20dB": {
        "dmean": 0,
        "dmean2": 0,
        "dvar": 0,
        "dvar2": 0,
        "max": 1,
        "mean": 1,
        "median": 1,
        "min": 1,
        "stdev": 0,
        "var": 0
    },
    "silence_rate_30dB": {
        "dmean": 0.0549927651882,
        "dmean2": 0.110144928098,
        "dvar": 0.0519689954817,
        "dvar2": 0.135693505406,
        "max": 1,
        "mean": 0.963872849941,
        "median": 1,
        "min": 0,
        "stdev": 0.186606228352,
        "var": 0.0348218865693
    },
    "silence_rate_60dB": {
        "dmean": 0.0318379178643,
        "dmean2": 0.0608695633709,
        "dvar": 0.0308241788298,
        "dvar2": 0.0687586665154,
        "max": 1,
        "mean": 0.0578034669161,
        "median": 0,
        "min": 0,
        "stdev": 0.233371958137,
        "var": 0.0544624701142
    },
    "spectral_centroid": {
        "dmean": 353.359588623,
        "dmean2": 513.262390137,
        "dvar": 177080.171875,
        "dvar2": 300361.84375,
        "max": 7977.23144531,
        "mean": 1899.14160156,
        "median": 1784.72412109,
        "min": 344.418640137,
        "stdev": 866.662353516,
        "var": 751103.625
    },
    "spectral_complexity": {
        "dmean": 5.14327049255,
        "dmean2": 7.28405809402,
        "dvar": 32.7971534729,
        "dvar2": 56.4787521362,
        "max": 59,
        "mean": 21.5028896332,
        "median": 21,
        "min": 0,
        "stdev": 11.2714109421,
        "var": 127.044708252
    },
    "spectral_decrease": {
        "dmean": 3.82406994959e-09,
        "dmean2": 5.7010671739e-09,
        "dvar": 3.82534637359e-17,
        "dvar2": 7.32485042202e-17,
        "max": -2.47376473689e-13,
        "mean": -8.77913741704e-09,
        "median": -7.29300353441e-09,
        "min": -4.91899534438e-08,
        "stdev": 7.86527998287e-09,
        "var": 6.18626277862e-17
    },
    "spectral_energy": {
        "dmean": 0.0150074260309,
        "dmean2": 0.0224078726023,
        "dvar": 0.000560881569982,
        "dvar2": 0.00108140707016,
        "max": 0.187625274062,
        "mean": 0.0363901667297,
        "median": 0.0304910950363,
        "min": 9.50059700244e-07,
        "stdev": 0.030405703932,
        "var": 0.000924506806768
    },
    "spectral_energyband_high": {
        "dmean": 0.000999392592348,
        "dmean2": 0.0013205902651,
        "dvar": 2.79065011455e-06,
        "dvar2": 4.24022618972e-06,
        "max": 0.0253162160516,
        "mean": 0.00237343087792,
        "median": 0.00116664567031,
        "min": 6.82480116865e-09,
        "stdev": 0.00330106914043,
        "var": 1.08970571091e-05
    },
    "spectral_energyband_low": {
        "dmean": 0.0110787022859,
        "dmean2": 0.016386076808,
        "dvar": 0.000511865247972,
        "dvar2": 0.000993007211946,
        "max": 0.182483434677,
        "mean": 0.0191800836474,
        "median": 0.0131349228323,
        "min": 6.38363701455e-07,
        "stdev": 0.0268318168819,
        "var": 0.000719946401659
    },
    "spectral_energyband_middle_high": {
        "dmean": 0.00330517441034,
        "dmean2": 0.00484959548339,
        "dvar": 1.81439463631e-05,
        "dvar2": 4.25221478508e-05,
        "max": 0.0471195317805,
        "mean": 0.00879953429103,
        "median": 0.00634219218045,
        "min": 2.7450727913e-08,
        "stdev": 0.00847766920924,
        "var": 7.1870868851e-05
    },
    "spectral_energyband_middle_low": {
        "dmean": 0.00535404961556,
        "dmean2": 0.00869513582438,
        "dvar": 0.000112114525109,
        "dvar2": 0.000291408156045,
        "max": 0.090397246182,
        "mean": 0.00749256368726,
        "median": 0.00442870566621,
        "min": 1.93588462594e-07,
        "stdev": 0.0104755535722,
        "var": 0.000109737222374
    },
    "spectral_entropy": {
        "dmean": 0.146807342768,
        "dmean2": 0.207079663873,
        "dvar": 0.0206416826695,
        "dvar2": 0.033856946975,
        "max": 8.94837474823,
        "mean": 7.91051912308,
        "median": 7.90713024139,
        "min": 6.83550834656,
        "stdev": 0.334553062916,
        "var": 0.111925750971
    },
    "spectral_flux": {
        "dmean": 0.0361160337925,
        "dmean2": 0.0564959645271,
        "dvar": 0.00205160677433,
        "dvar2": 0.00455328496173,
        "max": 0.373350352049,
        "mean": 0.114290691912,
        "median": 0.0982808023691,
        "min": 0.000974710041191,
        "stdev": 0.0645333603024,
        "var": 0.00416455417871
    },
    "spectral_kurtosis": {
        "dmean": 0.863323569298,
        "dmean2": 1.2837331295,
        "dvar": 0.738751590252,
        "dvar2": 1.52312171459,
        "max": 10.6921072006,
        "mean": 3.10811114311,
        "median": 3.05490684509,
        "min": -1.35249876976,
        "stdev": 1.56644237041,
        "var": 2.45374178886
    },
    "spectral_rms": {
        "dmean": 0.00112768705003,
        "dmean2": 0.00160915090237,
        "dvar": 2.09937661566e-06,
        "dvar2": 3.6723733956e-06,
        "max": 0.0135295623913,
        "mean": 0.00547426380217,
        "median": 0.00545411836356,
        "min": 3.04448276438e-05,
        "stdev": 0.00235267053358,
        "var": 5.53505833523e-06
    },
    "spectral_rolloff": {
        "dmean": 771.174682617,
        "dmean2": 1197.1829834,
        "dvar": 1687882.5,
        "dvar2": 2868852.75,
        "max": 12424.6582031,
        "mean": 2281.27636719,
        "median": 1636.5234375,
        "min": 64.599609375,
        "stdev": 2272.10058594,
        "var": 5162441.5
    },
    "spectral_skewness": {
        "dmean": 0.17440636456,
        "dmean2": 0.249237298965,
        "dvar": 0.0298108905554,
        "dvar2": 0.0539136379957,
        "max": 2.55232644081,
        "mean": 1.38472139835,
        "median": 1.41994547844,
        "min": -0.40644043684,
        "stdev": 0.352125912905,
        "var": 0.123992666602
    },
    "spectral_spread": {
        "dmean": 652531.9375,
        "dmean2": 896672.5625,
        "dvar": 588242026496,
        "dvar2": 835418914816,
        "max": 17028132,
        "mean": 5668353,
        "median": 5410738,
        "min": 3013446.5,
        "stdev": 1735679.375,
        "var": 3.01258296525e+12
    },
    "spectral_strongpeak": {
        "dmean": 0.582770466805,
        "dmean2": 0.986990511417,
        "dvar": 1.10339200497,
        "dvar2": 2.70143413544,
        "max": 12.4347105026,
        "mean": 0.89066195488,
        "median": 0.33105969429,
        "min": 0,
        "stdev": 1.38174438477,
        "var": 1.90921759605
    },
    "zerocrossingrate": {
        "dmean": 0.0165464449674,
        "dmean2": 0.0171521175653,
        "dvar": 0.000520266941749,
        "dvar2": 0.000421222823206,
        "max": 0.45263671875,
        "mean": 0.0847753658891,
        "median": 0.06884765625,
        "min": 0.0078125,
        "stdev": 0.0595654658973,
        "var": 0.00354804494418
    },
    "barkbands": {
        "dmean": [0.000416143971961, 0.00930099003017, 0.00267957779579, 0.00248408084735, 0.00156975211576, 0.000478354137158, 0.00063730526017, 0.00077099329792, 0.000852665980347, 0.00130463042296, 0.000772735686041, 0.000619410595391, 0.000862055341713, 0.000677434087265, 0.000618599413428, 0.000334995915182, 0.000251397286775, 0.000372522394173, 0.000188498655916, 0.00029532291228, 0.000231089172303, 0.000187728306628, 0.000168984814081, 0.000181312847417, 0.000232447986491, 0.000113612921268, 6.35616515865e-06],
        "dmean2": [0.00065805669874, 0.014112520963, 0.00463863648474, 0.00416711345315, 0.00287730130367, 0.00079684285447, 0.00106571859214, 0.00121729495004, 0.00129869498778, 0.00218786322512, 0.00111627951264, 0.00100217270665, 0.0013582383981, 0.00101738248486, 0.000979842036031, 0.000521683890838, 0.000396751536755, 0.000584480236284, 0.000297527469229, 0.000454082270153, 0.000345330947312, 0.000257657287875, 0.000240239329287, 0.000250309036346, 0.000328231137246, 0.000160381372552, 1.10119990495e-05],
        "dvar": [3.93648520003e-07, 0.000421225500759, 4.87261677335e-05, 4.85094024043e-05, 2.06404311029e-05, 6.7888919375e-07, 1.78698314812e-06, 5.32712056156e-06, 6.00055591349e-06, 1.02856420199e-05, 3.82288408218e-06, 1.81848292868e-06, 4.02674004363e-06, 1.48009291934e-06, 9.76629735305e-07, 3.9239017724e-07, 2.03590701631e-07, 3.90795293015e-07, 9.46320639628e-08, 2.96742769024e-07, 1.32250420393e-07, 1.09542312998e-07, 8.26232593454e-08, 1.67292142805e-07, 6.18840772404e-07, 4.97052567994e-08, 2.12835554736e-10],
        "dvar2": [9.47617763813e-07, 0.000872248085216, 0.00013648942695, 0.000128296058392, 5.93349068367e-05, 1.77627032372e-06, 4.30636055171e-06, 1.31580454763e-05, 1.1852022908e-05, 2.94299043162e-05, 6.75769433656e-06, 4.58313570562e-06, 1.01111954791e-05, 2.93918492389e-06, 2.20674201046e-06, 9.39161623137e-07, 5.12307792633e-07, 8.7567218543e-07, 2.25076533411e-07, 5.706639854e-07, 2.71791492423e-07, 1.97404489199e-07, 1.52813754539e-07, 3.11547438514e-07, 9.99708845484e-07, 9.16033684462e-08, 5.83139370125e-10],
        "max": [0.00466807931662, 0.175129309297, 0.0693050175905, 0.0682022720575, 0.0329850167036, 0.00671531213447, 0.0139620015398, 0.0363319404423, 0.0504191294312, 0.0407285913825, 0.0331438519061, 0.0167563706636, 0.03107040748, 0.0135884238407, 0.0105914920568, 0.00652079191059, 0.00518170418218, 0.00654066493735, 0.00313889072277, 0.00992965884507, 0.00504687009379, 0.00473343767226, 0.00351957464591, 0.00717669399455, 0.0196506455541, 0.00328712305054, 0.000193378466065],
        "mean": [0.000654869829305, 0.0138410199434, 0.00343291158788, 0.00231025763787, 0.00139463623054, 0.000643214560114, 0.000742813572288, 0.000829799158964, 0.00118341622874, 0.00156849261839, 0.00130913127214, 0.0008879226516, 0.00122773565818, 0.00107918598223, 0.000932323629968, 0.000494900392368, 0.000382474856451, 0.000578253762797, 0.000310960400384, 0.000505000236444, 0.000430404033978, 0.000350311078364, 0.000326514535118, 0.000357405486284, 0.000432563450886, 0.00017777751782, 5.89783121541e-06],
        "median": [0.000269245298114, 0.00801901239902, 0.00175763550214, 0.000541531480849, 0.000552382320166, 0.000289322342724, 0.000200959271751, 0.000177883121069, 0.000219157271204, 0.000315994344419, 0.000182277377462, 0.00026236398844, 0.000438577437308, 0.000370647525415, 0.000438300747192, 0.000174731336301, 0.00016014080029, 0.000218266359298, 0.00016715406673, 0.000261989596765, 0.000232874881476, 0.000128369458253, 0.000134096626425, 5.91182651988e-05, 0.000111828339868, 3.74717637897e-05, 8.27801386549e-07],
        "min": [3.9677319208e-09, 6.70279405313e-08, 3.44337891534e-08, 8.00532049539e-08, 7.73127837306e-08, 8.1513684691e-09, 5.87799764418e-09, 1.10261613173e-08, 6.34646601938e-09, 4.68796290676e-09, 4.2992094329e-09, 1.70133229727e-09, 5.57782131594e-09, 4.62657112621e-09, 1.09602338316e-09, 2.24424168138e-09, 1.0166310016e-09, 7.44771633254e-10, 1.44093359467e-09, 6.63859356376e-10, 1.75148873183e-09, 1.5938971254e-09, 7.31025906475e-10, 8.41738179158e-10, 5.39119249243e-10, 5.38640076986e-10, 2.275179177e-11],
        "stdev": [0.000847474555485, 0.0230493005365, 0.00618313299492, 0.00617391243577, 0.00350329186767, 0.000930906622671, 0.00147533114068, 0.00230707530864, 0.00327603262849, 0.00361843965948, 0.00375690567307, 0.00166996952612, 0.0024146437645, 0.00183739175554, 0.00130542274565, 0.000873523531482, 0.000585931178648, 0.000859710969962, 0.00039300872595, 0.000789402169175, 0.000554637459572, 0.000534784281626, 0.000506758398842, 0.000771985796746, 0.00134032312781, 0.00034112832509, 1.4398177882e-05],
        "var": [7.18213073014e-07, 0.000531270285137, 3.8231133658e-05, 3.81171957997e-05, 1.22730534713e-05, 8.6658718601e-07, 2.17660203816e-06, 5.32259673491e-06, 1.07323894554e-05, 1.30931048261e-05, 1.41143400469e-05, 2.78879815596e-06, 5.83050450587e-06, 3.37600840794e-06, 1.70412852185e-06, 7.63043374263e-07, 3.43315321061e-07, 7.39102972602e-07, 1.54455861434e-07, 6.23155813173e-07, 3.0762271308e-07, 2.8599421853e-07, 2.56804099763e-07, 5.95962035277e-07, 1.79646610832e-06, 1.16368532588e-07, 2.07307532252e-10]
    },
    "erbbands": {
        "dmean": [0.265700697899, 2.28776025772, 3.61488318443, 5.64574337006, 7.3881983757, 4.49282550812, 3.15685415268, 4.5441069603, 9.13158512115, 10.88742733, 16.8674259186, 19.0489120483, 29.1201267242, 43.4159126282, 24.9261932373, 25.7300758362, 36.5865249634, 30.667131424, 35.5897102356, 22.659702301, 14.8314771652, 13.5548086166, 19.4829101562, 12.5554590225, 10.1452569962, 13.5657844543, 11.6690244675, 7.22685098648, 7.02046823502, 6.35164022446, 4.47930049896, 3.19806647301, 3.55641698837, 2.96042776108, 1.50728011131, 0.56341356039, 0.207025483251, 0.0391354076564, 0.00075039541116, 3.82636280847e-05],
        "dmean2": [0.38108804822, 3.58436822891, 5.7458114624, 9.38608169556, 13.2287940979, 8.09511756897, 5.4012389183, 7.62596893311, 14.9909486771, 16.9740467072, 26.6251525879, 30.1642494202, 48.9679336548, 68.2539215088, 35.8353271484, 41.2847175598, 57.1168746948, 46.8502235413, 53.15391922, 34.898639679, 22.1183261871, 20.7947807312, 29.4818382263, 19.4061698914, 15.83340168, 20.0795383453, 17.2410316467, 10.5262136459, 9.95171546936, 9.06851196289, 6.29552125931, 4.45099973679, 5.05666589737, 4.14567041397, 2.15317463875, 0.777323424816, 0.295367270708, 0.0607853159308, 0.00116103468463, 5.56583545404e-05],
        "dvar": [0.199326053262, 31.0011425018, 79.9579849243, 180.685836792, 502.876708984, 144.789779663, 37.1655502319, 65.908531189, 375.268127441, 632.27557373, 3128.87890625, 3895.80786133, 4598.24462891, 12461.21875, 2994.42016602, 3047.0390625, 8386.97460938, 3201.81396484, 3493.12890625, 1426.05993652, 966.403564453, 613.88104248, 1125.58630371, 379.619262695, 362.567260742, 742.727966309, 354.420166016, 168.675048828, 156.318878174, 127.457817078, 69.8027114868, 35.8171310425, 100.040115356, 160.051177979, 15.8186912537, 1.76151013374, 0.149652689695, 0.00589448586106, 2.06046183848e-06, 3.4514675562e-09],
        "dvar2": [0.439168393612, 67.885559082, 204.555374146, 473.025085449, 1413.36987305, 409.765075684, 101.675170898, 166.843551636, 896.417663574, 1518.34484863, 7851.40380859, 7221.55664062, 11645.5507812, 32198.2050781, 5230.14746094, 7976.73779297, 21093.9160156, 6450.73193359, 7455.54443359, 3377.2199707, 2263.27075195, 1458.69274902, 2349.7644043, 883.726074219, 879.767028809, 1372.37878418, 729.885375977, 331.685821533, 299.401000977, 254.512496948, 135.228027344, 61.6431274414, 195.327087402, 274.01852417, 28.4677734375, 3.26822209358, 0.282569676638, 0.0128764742985, 4.48835953648e-06, 7.00231383988e-09],
        "max": [4.06276798248, 45.3220901489, 78.1582489014, 124.702125549, 170.018417358, 102.088783264, 57.4499092102, 64.3824157715, 174.194793701, 324.298248291, 983.175170898, 1275.36437988, 749.732055664, 1466.38793945, 855.466186523, 741.649108887, 1358.70825195, 883.57421875, 658.107177734, 455.938262939, 368.67767334, 352.294830322, 433.505615234, 206.070983887, 220.225509644, 553.596557617, 232.959320068, 218.15675354, 145.685302734, 142.927749634, 111.159622192, 67.1607284546, 211.964157104, 339.669677734, 76.6362304688, 26.1412658691, 4.876516819, 0.670543074608, 0.0129904495552, 0.000582468055654],
        "mean": [0.430591374636, 2.92048430443, 4.52635002136, 6.26742076874, 6.2627158165, 4.08693313599, 3.80571174622, 5.98658370972, 10.4950342178, 12.9131650925, 19.4142360687, 26.7599658966, 37.8948516846, 63.4917602539, 42.3914108276, 40.3925437927, 55.4715995789, 52.4871902466, 60.6543464661, 36.4841918945, 24.8357715607, 22.3359603882, 31.393196106, 21.0865039825, 17.235912323, 23.6872406006, 21.5770187378, 13.9137439728, 12.4996118546, 12.0159406662, 8.61734008789, 6.3027920723, 6.83828020096, 5.39553833008, 2.75849342346, 0.918167054653, 0.306870996952, 0.0482934378088, 0.000973337562755, 8.21361245471e-05],
        "median": [0.254381805658, 1.51581192017, 2.23776483536, 2.6487197876, 1.89077925682, 1.53115546703, 1.64984369278, 2.17703771591, 2.79729485512, 4.38498306274, 4.39757823944, 5.9865064621, 11.4475822449, 11.3127994537, 11.9451313019, 13.8936100006, 20.7919197083, 25.5309257507, 25.813369751, 18.8935642242, 9.50046920776, 9.06429481506, 11.8455238342, 10.030090332, 9.06746101379, 12.1155796051, 11.6424865723, 6.59152030945, 4.73084926605, 4.78493404388, 3.32602643967, 1.36918973923, 1.05210542679, 1.14476132393, 0.758898735046, 0.228579580784, 0.0593941435218, 0.00748583488166, 0.00018691419973, 5.34979772056e-05],
        "min": [2.49158938459e-06, 4.93795632792e-05, 0.000153868662892, 0.000245435221586, 0.000283124507405, 0.00024399299582, 0.000143937984831, 4.79805530631e-05, 5.43598398508e-05, 0.000162629439728, 0.000252121535596, 0.000156244175741, 7.78915127739e-05, 0.000222764676437, 0.000115924529382, 8.50707510835e-05, 0.000228095421335, 0.000292825046927, 0.00012446710025, 4.5161392336e-05, 0.000139132360346, 5.42719644727e-05, 4.50925981568e-05, 6.70347944833e-05, 4.47455677204e-05, 3.56983655365e-05, 5.64201000088e-05, 7.31089603505e-05, 6.45174150122e-05, 2.76737118838e-05, 2.61338500422e-05, 2.2948044716e-05, 9.71296140051e-06, 7.14143652658e-06, 2.95711311082e-06, 2.42817168328e-06, 8.59626595684e-07, 2.4554481115e-07, 4.88962328404e-08, 5.90203486084e-09],
        "stdev": [0.568362653255, 5.71486997604, 8.47525596619, 12.2564640045, 18.0694770813, 9.52844238281, 6.17680025101, 9.38988494873, 20.9854431152, 28.5394268036, 55.4598884583, 81.3968200684, 77.0106811523, 152.145233154, 93.641418457, 70.7134552002, 110.512275696, 80.4111328125, 89.7621307373, 49.042388916, 44.8301467896, 34.3907661438, 48.1118164062, 27.1648654938, 23.1528530121, 38.7346420288, 28.4245624542, 19.5030288696, 19.3199310303, 17.5053424835, 14.7850608826, 10.756937027, 18.2420215607, 20.0534572601, 6.91604328156, 2.02290058136, 0.579762518406, 0.0965594127774, 0.00186728546396, 8.69596769917e-05],
        "var": [0.323036074638, 32.6597366333, 71.8299636841, 150.220901489, 326.506011963, 90.7912216187, 38.1528625488, 88.1699371338, 440.38885498, 814.498840332, 3075.79907227, 6625.44287109, 5930.64501953, 23148.1738281, 8768.71484375, 5000.39257812, 12212.9638672, 6465.95068359, 8057.24072266, 2405.15600586, 2009.7421875, 1182.72473145, 2314.74682617, 737.929931641, 536.05456543, 1500.37243652, 807.955749512, 380.368133545, 373.259765625, 306.437042236, 218.59803772, 115.71169281, 332.771362305, 402.141113281, 47.831653595, 4.09212684631, 0.336124569178, 0.00932371988893, 3.48675507666e-06, 7.56198481611e-09]
    },
    "gfcc": {
        "mean": [30.0360488892, 53.6828536987, -114.61302948, 33.663318634, -49.5275650024, 32.9796295166, -31.6667976379, 15.5683422089, -27.8525505066, 12.9597969055, -20.3548316956, 2.42745113373, -13.4032344818],
        "cov": [[4402.81347656, -375.720703125, 385.932891846, 486.064208984, 433.193969727, 421.837860107, 363.67791748, 199.255874634, 60.3712501526, 138.706985474, -35.4818153381, 96.0184326172, -49.8155288696], [-375.720703125, 1339.18469238, -108.731964111, 47.869934082, 300.329986572, 11.2892503738, 262.834686279, -61.8856277466, 104.047996521, 66.5421524048, 105.57648468, 9.16086864471, 40.295211792], [385.932891846, -108.731964111, 694.119812012, 288.789611816, 167.91583252, 145.380874634, 27.4120388031, 66.9639053345, 26.8591461182, 65.8158950806, 35.1813049316, 10.7454271317, -20.6410903931], [486.064208984, 47.869934082, 288.789611816, 504.003479004, 251.082687378, 131.965042114, 101.671829224, 71.5365219116, 37.6323776245, 31.890291214, 66.6310577393, 30.0650272369, 27.2887115479], [433.193969727, 300.329986572, 167.91583252, 251.082687378, 417.875762939, 194.569732666, 191.636978149, 49.302280426, 35.2140731812, 74.7500762939, 64.3326873779, 40.3660316467, 42.4068450928], [421.837860107, 11.2892503738, 145.380874634, 131.965042114, 194.569732666, 353.90524292, 261.667633057, 41.9371032715, -8.0341424942, 59.0805892944, 51.0881576538, 8.24624633789, 36.1811180115], [363.67791748, 262.834686279, 27.4120388031, 101.671829224, 191.636978149, 261.667633057, 369.06237793, 37.5411453247, 19.5801258087, 62.025970459, 40.3055915833, 3.50290632248, 23.4455242157], [199.255874634, -61.8856277466, 66.9639053345, 71.5365219116, 49.302280426, 41.9371032715, 37.5411453247, 169.431167603, 92.6454238892, 40.1209373474, 30.0014820099, 11.4864301682, 25.7058353424], [60.3712501526, 104.047996521, 26.8591461182, 37.6323776245, 35.2140731812, -8.0341424942, 19.5801258087, 92.6454238892, 165.714553833, 76.9661178589, 23.4647274017, 8.41067123413, 10.0313911438], [138.706985474, 66.5421524048, 65.8158950806, 31.890291214, 74.7500762939, 59.0805892944, 62.025970459, 40.1209373474, 76.9661178589, 144.343292236, 70.9164276123, 13.8103475571, 23.758523941], [-35.4818153381, 105.57648468, 35.1813049316, 66.6310577393, 64.3326873779, 51.0881576538, 40.3055915833, 30.0014820099, 23.4647274017, 70.9164276123, 133.772018433, 52.0188980103, 40.1732749939], [96.0184326172, 9.16086864471, 10.7454271317, 30.0650272369, 40.3660316467, 8.24624633789, 3.50290632248, 11.4864301682, 8.41067123413, 13.8103475571, 52.0188980103, 96.9417953491, 30.7206611633], [-49.8155288696, 40.295211792, -20.6410903931, 27.2887115479, 42.4068450928, 36.1811180115, 23.4455242157, 25.7058353424, 10.0313911438, 23.758523941, 40.1732749939, 30.7206611633, 92.8915557861]],
        "icov": [[0.000361636950402, 9.65186118265e-05, 7.63774150982e-05, -0.000278608436929, -0.000136448943522, -0.000181837443961, -0.000142097269418, -0.000365627725841, 0.000275666767266, -0.00061125762295, 0.000782851246186, -0.000696477945894, 0.000539390894119], [9.65186118265e-05, 0.00205348082818, -0.000148322549649, 0.000694641727023, -0.00194856896996, 0.00224204850383, -0.00243538734503, 0.00233316142112, -0.00252460874617, 0.00194365170319, -0.00256596831605, 0.00148316135164, -0.000695995811839], [7.63774150982e-05, -0.000148322549649, 0.00242241192609, -0.00134861562401, -3.15000920637e-06, -0.00152500532568, 0.00142853497528, -0.000904148444533, 0.000820700486656, -0.00170735560823, 0.00104530539829, -0.000630568247288, 0.00162935594562], [-0.000278608436929, 0.000694641727023, -0.00134861562401, 0.00423989398405, -0.00236729322933, 0.00121068709996, -0.00103154825047, 0.000871880445629, -0.00193165405653, 0.00321864220314, -0.00327228964306, 0.00168261234649, -0.00112362287473], [-0.000136448943522, -0.00194856896996, -3.15000920637e-06, -0.00236729322933, 0.00657470431179, -0.0028918501921, 0.00109745759983, -0.0018804538995, 0.00232895533554, -0.00304826116189, 0.00294453371316, -0.00258502457291, -5.52925266675e-05], [-0.000181837443961, 0.00224204850383, -0.00152500532568, 0.00121068709996, -0.0028918501921, 0.0104719046503, -0.00746452668682, 0.00192833074834, -0.000803897622973, 0.0020618501585, -0.00406820746139, 0.0029746927321, -0.00283774128184], [-0.000142097269418, -0.00243538734503, 0.00142853497528, -0.00103154825047, 0.00109745759983, -0.00746452668682, 0.0096998186782, -0.00278856325895, 0.0023337174207, -0.00309568876401, 0.00325528299436, -0.00143136060797, 0.00193588843103], [-0.000365627725841, 0.00233316142112, -0.000904148444533, 0.000871880445629, -0.0018804538995, 0.00192833074834, -0.00278856325895, 0.0130765521899, -0.00947644189, 0.00519279763103, -0.00533699756488, 0.00320664327592, -0.00352982082404], [0.000275666767266, -0.00252460874617, 0.000820700486656, -0.00193165405653, 0.00232895533554, -0.000803897622973, 0.0023337174207, -0.00947644189, 0.0161728784442, -0.0102806156501, 0.00674070836976, -0.00372994574718, 0.00247737695463], [-0.00061125762295, 0.00194365170319, -0.00170735560823, 0.00321864220314, -0.00304826116189, 0.0020618501585, -0.00309568876401, 0.00519279763103, -0.0102806156501, 0.0184976011515, -0.0117224948481, 0.00570087414235, -0.00299954880029], [0.000782851246186, -0.00256596831605, 0.00104530539829, -0.00327228964306, 0.00294453371316, -0.00406820746139, 0.00325528299436, -0.00533699756488, 0.00674070836976, -0.0117224948481, 0.0201542750001, -0.00986816268414, 0.000439706345787], [-0.000696477945894, 0.00148316135164, -0.000630568247288, 0.00168261234649, -0.00258502457291, 0.0029746927321, -0.00143136060797, 0.00320664327592, -0.00372994574718, 0.00570087414235, -0.00986816268414, 0.0171808451414, -0.00462545128539], [0.000539390894119, -0.000695995811839, 0.00162935594562, -0.00112362287473, -5.52925266675e-05, -0.00283774128184, 0.00193588843103, -0.00352982082404, 0.00247737695463, -0.00299954880029, 0.000439706345787, -0.00462545128539, 0.0155064854771]]
    },
    "melbands": {
        "dmean": [0.00241300859489, 0.00213339319453, 0.00101431040093, 0.000403046637075, 0.000123560035718, 0.000102793848782, 0.000133990484755, 0.000127166858874, 0.00013776216656, 0.00012554951536, 0.000151295113028, 0.000184212636668, 9.46223808569e-05, 7.08926818334e-05, 9.00026134332e-05, 7.43678028812e-05, 6.09950875514e-05, 6.27673216513e-05, 3.91077592212e-05, 2.76092432614e-05, 1.72281870618e-05, 1.42488943311e-05, 1.81553768925e-05, 1.79037087946e-05, 1.00909692264e-05, 7.16232761988e-06, 8.77100501384e-06, 9.96532708086e-06, 8.62159231474e-06, 5.77316677663e-06, 4.35329639004e-06, 3.92165884477e-06, 4.17083992943e-06, 3.58452962246e-06, 2.70634586741e-06, 2.3405700631e-06, 1.95831376004e-06, 2.52702989201e-06, 2.62855064648e-06, 2.64122263616e-06],
        "dmean2": [0.00360788754188, 0.00329632940702, 0.00173460016958, 0.000727275502868, 0.000214750136365, 0.000171439780388, 0.000221274924115, 0.000198983412702, 0.000219152483623, 0.000195932996576, 0.000256565399468, 0.000293995195534, 0.000135997397592, 0.000109251996037, 0.00014243478654, 0.000118544892757, 9.35152202146e-05, 9.24986961763e-05, 6.04590204603e-05, 4.40551812062e-05, 2.63140682364e-05, 2.25464827963e-05, 2.80134299828e-05, 2.8131333238e-05, 1.583170706e-05, 1.15444217954e-05, 1.38802834044e-05, 1.4904145246e-05, 1.29480158648e-05, 8.69374616741e-06, 6.55650774206e-06, 5.66431936022e-06, 6.0629354266e-06, 5.25477616975e-06, 3.82714006264e-06, 3.52541428583e-06, 2.75830211649e-06, 3.65060873264e-06, 3.72895010514e-06, 3.78096797249e-06],
        "dvar": [2.30801542784e-05, 2.61398035946e-05, 6.57153259453e-06, 1.39128451337e-06, 6.29112761885e-08, 3.29096074836e-08, 7.87465026519e-08, 9.21824110378e-08, 1.91195297816e-07, 1.74374932271e-07, 1.3044757452e-07, 2.32113933407e-07, 4.89395191039e-08, 2.06532000391e-08, 4.83377071703e-08, 2.14957776024e-08, 1.36619684454e-08, 1.12656888263e-08, 3.26504490111e-09, 2.85946222256e-09, 1.41327727299e-09, 8.10812861296e-10, 9.29247179204e-10, 9.81569936442e-10, 2.52183052218e-10, 1.67441047139e-10, 2.90773821687e-10, 4.38325403751e-10, 1.97186975082e-10, 8.72879962754e-11, 6.95138044349e-11, 4.87702794816e-11, 6.10526629252e-11, 3.78808789891e-11, 2.37640376127e-11, 2.63804724593e-11, 1.41283720834e-11, 4.57650861652e-11, 6.96431037839e-11, 1.58066934541e-10],
        "dvar2": [4.63742908323e-05, 5.84308108955e-05, 1.74859032995e-05, 3.93992650061e-06, 1.7456062551e-07, 8.32433215692e-08, 1.85499104077e-07, 2.18319627265e-07, 4.87219665501e-07, 3.36986914817e-07, 3.36710598958e-07, 6.27175836598e-07, 8.23485279966e-08, 4.78294346351e-08, 1.27058129351e-07, 5.22064240727e-08, 2.70235105404e-08, 2.35128059245e-08, 7.10199321574e-09, 6.8800356523e-09, 3.32147198634e-09, 1.97679650427e-09, 2.15571294149e-09, 2.07252859319e-09, 5.86932946689e-10, 4.13894640783e-10, 6.57082999123e-10, 8.06577638013e-10, 3.94327542841e-10, 1.87399568086e-10, 1.45736200885e-10, 9.54260212516e-11, 1.15971683645e-10, 7.87784698586e-11, 4.37007305343e-11, 5.75606819153e-11, 2.61015358632e-11, 9.99371557731e-11, 9.78210290548e-11, 3.07154662815e-10],
        "max": [0.0414534434676, 0.0412372499704, 0.0240006782115, 0.00830931309611, 0.00198618788272, 0.001525980304, 0.00257081957534, 0.00395793979988, 0.00728407874703, 0.00859629269689, 0.00406789733097, 0.00583298597485, 0.00379823870026, 0.00144738785457, 0.00332683208399, 0.00210096105002, 0.00150457327254, 0.00112674548291, 0.00051509559853, 0.000512913044076, 0.000515273364726, 0.000415072136093, 0.000364726263797, 0.000351574242814, 0.000164397628396, 0.000138847535709, 0.000176952031325, 0.000425806618296, 0.000157636051881, 0.000114582995593, 0.000113196998427, 8.42816298245e-05, 0.000122617813759, 5.92321775912e-05, 6.41941660433e-05, 7.92775172158e-05, 4.18743693444e-05, 0.000125692924485, 0.000198527297471, 0.000332329189405],
        "mean": [0.00387982279062, 0.00286419992335, 0.00108702329453, 0.000351749971742, 0.000141062002513, 0.000135530674015, 0.00015846505994, 0.000151899148477, 0.000159982926561, 0.000171399631654, 0.000189881189726, 0.000257515785052, 0.000160319061251, 0.000100805678812, 0.000121685123304, 0.000111119086796, 9.61143523455e-05, 0.00010157621, 6.14343516645e-05, 3.86789506592e-05, 2.64473183051e-05, 2.12730501516e-05, 2.80733838736e-05, 2.69742340606e-05, 1.59827905009e-05, 1.13076976049e-05, 1.423285903e-05, 1.61047373695e-05, 1.46268666867e-05, 9.78328989731e-06, 7.6283904491e-06, 6.73103249937e-06, 7.16990280125e-06, 6.54674613543e-06, 5.04603031004e-06, 4.23851588494e-06, 3.63946901416e-06, 4.67548852612e-06, 4.79400296172e-06, 4.52579206467e-06],
        "median": [0.00241356273182, 0.00161774689332, 0.000453342741821, 0.00013204368588, 6.07442161709e-05, 5.06523065269e-05, 4.45095756731e-05, 4.6940651373e-05, 3.06978326989e-05, 3.27181260218e-05, 5.03163391841e-05, 4.12383778894e-05, 2.75493039226e-05, 3.01105210383e-05, 3.72837457689e-05, 4.51875239378e-05, 3.781124542e-05, 3.4655444324e-05, 2.99758030451e-05, 1.56693422468e-05, 9.02531064639e-06, 8.42400368128e-06, 1.02095027614e-05, 1.02832409539e-05, 7.1736112659e-06, 5.73964462092e-06, 6.40806911179e-06, 7.43320151742e-06, 7.25179961591e-06, 4.97107976116e-06, 3.13579403155e-06, 2.24593168241e-06, 2.33146761275e-06, 2.82494011117e-06, 1.96381711248e-06, 1.11274334813e-06, 6.93253298323e-07, 6.9857071594e-07, 8.02501176622e-07, 1.02835372218e-06],
        "min": [2.3709226582e-08, 7.98713202244e-08, 4.34881712863e-08, 1.89797528805e-08, 6.08162276095e-09, 1.12362152915e-09, 9.25254706186e-10, 1.94660354502e-09, 2.05099026651e-09, 8.34229019198e-10, 3.74598851938e-10, 9.1619506426e-10, 4.95012086876e-10, 1.75567518856e-10, 2.88663176695e-10, 6.53051557276e-10, 5.16227671721e-10, 2.19247328626e-10, 5.47980862076e-11, 9.46013545278e-11, 1.77771908305e-10, 6.12464592931e-11, 2.98756158701e-11, 4.22262398658e-11, 5.68146710234e-11, 5.43318931512e-11, 1.3213994135e-11, 2.71899759652e-11, 3.27788282628e-11, 3.29726419779e-11, 4.90292285937e-11, 4.13331209537e-11, 2.22529737692e-11, 1.11922172918e-11, 1.50592455173e-11, 1.78738291529e-11, 1.06072563927e-11, 6.20065067e-12, 7.65420973131e-12, 4.95507324408e-12],
        "stdev": [0.00577396107838, 0.00519788591191, 0.00225598760881, 0.000931733113248, 0.00023958060774, 0.000211017410038, 0.000308373331791, 0.000344111409504, 0.000448587030405, 0.000518546963576, 0.000404126039939, 0.000627046858426, 0.000425901554991, 0.000186488381587, 0.000259453227045, 0.000189495418454, 0.000162249445566, 0.000166437443113, 7.9305980762e-05, 6.51758673484e-05, 5.26606017957e-05, 3.54696094291e-05, 4.37303351646e-05, 4.14984569943e-05, 2.16867774725e-05, 1.51667099999e-05, 2.20492111112e-05, 2.87827624561e-05, 2.0342758944e-05, 1.37956258186e-05, 1.19919295685e-05, 1.0529726751e-05, 1.18930165627e-05, 9.38603534451e-06, 8.79151320987e-06, 7.87615135778e-06, 6.33243189441e-06, 1.18210746223e-05, 1.57095164468e-05, 1.80762617674e-05],
        "var": [3.33386269631e-05, 2.70180171356e-05, 5.08948050992e-06, 8.6812661948e-07, 5.73988678809e-08, 4.45283454553e-08, 9.50941085875e-08, 1.18412664563e-07, 2.01230321295e-07, 2.68890943289e-07, 1.63317864121e-07, 3.9318774725e-07, 1.81392124432e-07, 3.47779156584e-08, 6.73159803455e-08, 3.5908513496e-08, 2.632488183e-08, 2.77014233774e-08, 6.2894383035e-09, 4.24789403652e-09, 2.77313905173e-09, 1.25809307416e-09, 1.91234228453e-09, 1.72212200056e-09, 4.70316285917e-10, 2.30029079118e-10, 4.86167717195e-10, 8.28447421775e-10, 4.13827805357e-10, 1.90319301985e-10, 1.4380636959e-10, 1.10875142401e-10, 1.41443842749e-10, 8.80976541717e-11, 7.72907016167e-11, 6.20337670121e-11, 4.00996909289e-11, 1.39737804661e-10, 2.46788894875e-10, 3.26751237179e-10]
    },
    "melbands128": {
