{
"lowlevel": {
    "average_loudness": 0.971006572247,
    "barkbands_crest": {
        "dmean": 4.14601421356,
        "dmean2": 6.77075386047,
        "dvar": 12.2426204681,
        "dvar2": 27.6694774628,
        "max": 25.7222042084,
        "mean": 12.0429239273,
        "median": 11.265586853,
        "min": 2.71064281464,
        "stdev": 5.14646673203,
        "var": 26.486120224
    },
    "barkbands_flatness_db": {
        "dmean": 0.0326902344823,
        "dmean2": 0.0489158630371,
        "dvar": 0.000916089105885,
        "dvar2": 0.00193500937894,
        "max": 0.296241879463,
        "mean": 0.136484056711,
        "median": 0.133973896503,
        "min": 0.0256582591683,
        "stdev": 0.0554500855505,
        "var": 0.00307471212
    },
    "barkbands_kurtosis": {
        "dmean": 4.14487218857,
        "dmean2": 6.55122947693,
        "dvar": 51.9833030701,
        "dvar2": 130.997314453,
        "max": 65.6277160645,
        "mean": 4.09353780746,
        "median": 1.33903074265,
        "min": -1.78987956047,
        "stdev": 7.85939645767,
        "var": 61.7701148987
    },
    "barkbands_skewness": {
        "dmean": 0.882847368717,
        "dmean2": 1.29349923134,
        "dvar": 1.03293919563,
        "dvar2": 1.99260878563,
        "max": 7.90443086624,
        "mean": 1.08861529827,
        "median": 1.02380800247,
        "min": -7.35958003998,
        "stdev": 1.57570123672,
        "var": 2.48283433914
    },
    "barkbands_spread": {
        "dmean": 10.0615148544,
        "dmean2": 15.7517738342,
        "dvar": 131.66809082,
        "dvar2": 351.072967529,
        "max": 96.7428894043,
        "mean": 24.6971225739,
        "median": 20.5749034882,
        "min": 2.41600966454,
        "stdev": 16.8763256073,
        "var": 284.810394287
    },
    "dissonance": {
        "dmean": 0.0270479395986,
        "dmean2": 0.0443220064044,
        "dvar": 0.00104774395004,
        "dvar2": 0.00218266388401,
        "max": 0.499974489212,
        "mean": 0.458206832409,
        "median": 0.471203625202,
        "min": 0.00705724349245,
        "stdev": 0.0430253073573,
        "var": 0.00185117707588
    },
    "dynamic_complexity": 2.38617706299,
    "erbbands_crest": {
        "dmean": 4.03420686722,
        "dmean2": 6.34805202484,
        "dvar": 12.0659608841,
        "dvar2": 27.1188106537,
        "max": 31.8226490021,
        "mean": 11.6726484299,
        "median": 10.7598438263,
        "min": 2.43714332581,
        "stdev": 5.82849836349,
        "var": 33.9713935852
    },
    "erbbands_flatness_db": {
        "dmean": 0.0302695501596,
        "dmean2": 0.0405182391405,
        "dvar": 0.000836960796732,
        "dvar2": 0.00134685670491,
        "max": 0.360274881124,
        "mean": 0.179938197136,
        "median": 0.175780788064,
        "min": 0.0562650188804,
        "stdev": 0.06086531654,
        "var": 0.00370458653197
    },
    "erbbands_kurtosis": {
        "dmean": 2.20589470863,
        "dmean2": 3.2467007637,
        "dvar": 8.70203781128,
        "dvar2": 18.6804161072,
        "max": 32.7221565247,
        "mean": 2.47425532341,
        "median": 0.965848088264,
        "min": -1.703997612,
        "stdev": 4.45822668076,
        "var": 19.8757858276
    },
    "erbbands_skewness": {
        "dmean": 0.58692574501,
        "dmean2": 0.848556399345,
        "dvar": 0.344387173653,
        "dvar2": 0.618102431297,
        "max": 4.62777233124,
        "mean": 0.60384362936,
        "median": 0.574580311775,
        "min": -4.43706130981,
        "stdev": 1.16273367405,
        "var": 1.35194957256
    },
    "erbbands_spread": {
        "dmean": 12.404343605,
        "dmean2": 18.2384815216,
        "dvar": 194.372253418,
        "dvar2": 469.254455566,
        "max": 131.025161743,
        "mean": 34.3072891235,
        "median": 30.4322357178,
        "min": 3.36545300484,
        "stdev": 21.7415447235,
        "var": 472.694763184
    },
    "hfc": {
        "dmean": 14.6012916565,
        "dmean2": 21.4259986877,
        "dvar": 350.465789795,
        "dvar2": 737.062316895,
        "max": 187.313766479,
        "mean": 34.7602500916,
        "median": 28.0975074768,
        "min": 0.000127426101244,
        "stdev": 30.2148265839,
        "var": 912.93572998
    },
    "loudness_ebu128": {
        "integrated": -7.23133850098,
        "loudness_range": 1.05132102966,
        "momentary": {
            "dmean": 0.667472958565,
            "dmean2": 1.04612743855,
            "dvar": 0.265936404467,
            "dvar2": 0.650540411472,
            "max": -4.59867763519,
            "mean": -7.37948465347,
            "median": -7.26512622833,
            "min": -11.3348045349,
            "stdev": 1.14551925659,
            "var": 1.31221437454
        },
        "short_term": {
            "dmean": 0.0641930103302,
            "dmean2": 0.0836385041475,
            "dvar": 0.00304911611602,
            "dvar2": 0.00366094452329,
            "max": -6.15738201141,
            "mean": -7.37901210785,
            "median": -7.41845226288,
            "min": -7.93572807312,
            "stdev": 0.347599774599,
            "var": 0.120825596154
        }
    },
    "melbands_crest": {
        "dmean": 5.2698059082,
        "dmean2": 8.60296726227,
        "dvar": 17.4156208038,
        "dvar2": 41.3850440979,
        "max": 33.3349647522,
        "mean": 16.2069206238,
        "median": 16.0172920227,
        "min": 2.81574440002,
        "stdev": 6.40207576752,
        "var": 40.9865760803
    },
    "melbands_flatness_db": {
        "dmean": 0.0367534682155,
        "dmean2": 0.0542792119086,
        "dvar": 0.00126772501972,
        "dvar2": 0.00244318228215,
        "max": 0.398380219936,
        "mean": 0.167597919703,
        "median": 0.163026928902,
        "min": 0.0213708300143,
        "stdev": 0.0647927746177,
        "var": 0.00419810367748
    },
    "melbands_kurtosis": {
        "dmean": 10.6022968292,
        "dmean2": 16.8457050323,
        "dvar": 576.47076416,
        "dvar2": 1473.39257812,
        "max": 338.186676025,
        "mean": 11.6577663422,
        "median": 4.91546630859,
        "min": -1.86674177647,
        "stdev": 23.491558075,
        "var": 551.85333252
    },
    "melbands_skewness": {
        "dmean": 1.22172105312,
        "dmean2": 1.76115763187,
        "dvar": 1.87121272087,
        "dvar2": 3.89664769173,
        "max": 14.9883852005,
        "mean": 2.0664870739,
        "median": 1.62689220905,
        "min": -1.89060485363,
        "stdev": 2.02667355537,
        "var": 4.10740613937
    },
    "melbands_spread": {
        "dmean": 16.1109790802,
        "dmean2": 24.7799816132,
        "dvar": 664.576477051,
        "dvar2": 1241.74414062,
        "max": 257.342407227,
        "mean": 35.5077629089,
        "median": 25.3668632507,
        "min": 1.5613514185,
        "stdev": 37.9825210571,
        "var": 1442.671875
    },
    "pitch_salience": {
        "dmean": 0.109322890639,
        "dmean2": 0.171327725053,
        "dvar": 0.00921552814543,
        "dvar2": 0.0203426405787,
        "max": 0.944616258144,
        "mean": 0.540340721607,
        "median": 0.557844400406,
        "min": 0.112064696848,
        "stdev": 0.14635951817,
        "var": 0.0214211083949
    },
    "silence_rate_20dB": {
        "dmean": 0,
        "dmean2": 0,
        "dvar": 0,
        "dvar2": 0,
        "max": 1,
        "mean": 1,
        "median": 1,
        "min": 1,
        "stdev": 0,
        "var": 0
    },
    "silence_rate_30dB": {
        "dmean": 0.051700681448,
        "dmean2": 0.103542231023,
        "dvar": 0.0490276403725,
        "dvar2": 0.133691892028,
        "max": 1,
        "mean": 0.96875,
        "median": 1,
        "min": 0,
        "stdev": 0.17399263382,
        "var": 0.0302734375
    },
    "silence_rate_60dB": {
        "dmean": 0.0707482993603,
        "dmean2": 0.140326976776,
        "dvar": 0.0657426193357,
        "dvar2": 0.150607809424,
        "max": 1,
        "mean": 0.0896739140153,
        "median": 0,
        "min": 0,
        "stdev": 0.285713970661,
        "var": 0.0816324651241
    },
    "spectral_centroid": {
        "dmean": 433.621734619,
        "dmean2": 652.734069824,
        "dvar": 416787.6875,
        "dvar2": 813382.8125,
        "max": 8137.66162109,
        "mean": 1738.25305176,
        "median": 1540.60620117,
        "min": 372.547698975,
        "stdev": 990.48046875,
        "var": 981051.5625
    },
    "spectral_complexity": {
        "dmean": 5.31428575516,
        "dmean2": 7.44005441666,
        "dvar": 37.034538269,
        "dvar2": 66.5324249268,
        "max": 55,
        "mean": 16.7323360443,
        "median": 14,
        "min": 0,
        "stdev": 10.2168235779,
        "var": 104.383483887
    },
    "spectral_decrease": {
        "dmean": 3.88233090121e-09,
        "dmean2": 5.71306513208e-09,
        "dvar": 3.35908914684e-17,
        "dvar2": 6.25346954903e-17,
        "max": -4.04331685592e-15,
        "mean": -6.9774417355e-09,
        "median": -4.82409667768e-09,
        "min": -4.33393694266e-08,
        "stdev": 7.54424700489e-09,
        "var": 5.69156575893e-17
    },
    "spectral_energy": {
        "dmean": 0.0154496692121,
        "dmean2": 0.0225607044995,
        "dvar": 0.0004886945826,
        "dvar2": 0.000918233243283,
        "max": 0.165183126926,
        "mean": 0.0294873323292,
        "median": 0.0209723636508,
        "min": 2.68183235619e-08,
        "stdev": 0.0293695125729,
        "var": 0.000862568267621
    },
    "spectral_energyband_high": {
        "dmean": 0.00108353688847,
        "dmean2": 0.00157953239977,
        "dvar": 3.56180930794e-06,
        "dvar2": 7.1528738772e-06,
        "max": 0.0200216546655,
        "mean": 0.00203190860339,
        "median": 0.0010003867792,
        "min": 1.68911036269e-08,
        "stdev": 0.00288989418186,
        "var": 8.35148784972e-06
    },
    "spectral_energyband_low": {
        "dmean": 0.0087213544175,
        "dmean2": 0.0129849333316,
        "dvar": 0.000477056397358,
        "dvar2": 0.000854696962051,
        "max": 0.158671453595,
        "mean": 0.00953589007258,
        "median": 0.000210343467188,
        "min": 9.875383844e-10,
        "stdev": 0.0252167303115,
        "var": 0.000635883479845
    },
    "spectral_energyband_middle_high": {
        "dmean": 0.00522046303377,
        "dmean2": 0.00718854228035,
        "dvar": 4.56897432741e-05,
        "dvar2": 8.25002207421e-05,
        "max": 0.0752980038524,
        "mean": 0.0108400704339,
        "median": 0.00586479203776,
        "min": 5.58806112494e-09,
        "stdev": 0.0122488178313,
        "var": 0.000150033549289
    },
    "spectral_energyband_middle_low": {
        "dmean": 0.00646388716996,
        "dmean2": 0.0104404324666,
        "dvar": 0.000106175459223,
        "dvar2": 0.000272202072665,
        "max": 0.0754183977842,
        "mean": 0.00887137465179,
        "median": 0.00559410266578,
        "min": 3.78516107347e-09,
        "stdev": 0.0108920121565,
        "var": 0.000118635929539
    },
    "spectral_entropy": {
        "dmean": 0.222614377737,
        "dmean2": 0.308971494436,
        "dvar": 0.0494635589421,
        "dvar2": 0.0816340595484,
        "max": 8.98650169373,
        "mean": 7.79114675522,
        "median": 7.78637886047,
        "min": 6.42633914948,
        "stdev": 0.471076458693,
        "var": 0.221913024783
    },
    "spectral_flux": {
        "dmean": 0.0463765189052,
        "dmean2": 0.0733920559287,
        "dvar": 0.00235818396322,
        "dvar2": 0.00602365843952,
        "max": 0.358419924974,
        "mean": 0.114221788943,
        "median": 0.100076749921,
        "min": 0.000163763004821,
        "stdev": 0.0673157051206,
        "var": 0.00453140446916
    },
    "spectral_kurtosis": {
        "dmean": 1.1212208271,
        "dmean2": 1.70713889599,
        "dvar": 1.4353479147,
        "dvar2": 3.50486850739,
        "max": 12.1089553833,
        "mean": 2.95832896233,
        "median": 2.62152314186,
        "min": -1.44309604168,
        "stdev": 2.10638284683,
        "var": 4.43684864044
    },
    "spectral_rms": {
        "dmean": 0.00133294612169,
        "dmean2": 0.00183713564184,
        "dvar": 2.2875351533e-06,
        "dvar2": 3.96296672989e-06,
        "max": 0.0126946549863,
        "mean": 0.00477467291057,
        "median": 0.00452336203307,
        "min": 5.11509688295e-06,
        "stdev": 0.00244348752312,
        "var": 5.97063126406e-06
    },
    "spectral_rolloff": {
        "dmean": 1089.84399414,
        "dmean2": 1806.64855957,
        "dvar": 3732415.5,
        "dvar2": 7478376.5,
        "max": 13565.9179688,
        "mean": 2647.82177734,
        "median": 1658.05664062,
        "min": 64.599609375,
        "stdev": 2731.62524414,
        "var": 7461776.5
    },
    "spectral_skewness": {
        "dmean": 0.235831484199,
        "dmean2": 0.349943935871,
        "dvar": 0.0610139593482,
        "dvar2": 0.119264625013,
        "max": 2.87399816513,
        "mean": 1.4174195528,
        "median": 1.41527199745,
        "min": -0.415054112673,
        "stdev": 0.464058190584,
        "var": 0.21535000205
    },
    "spectral_spread": {
        "dmean": 927968.5625,
        "dmean2": 1274298.125,
        "dvar": 1.73297159373e+12,
        "dvar2": 2.50820794778e+12,
        "max": 23334510,
        "mean": 6242786,
        "median": 6003244,
        "min": 2435361,
        "stdev": 2429475.25,
        "var": 5.90235041792e+12
    },
    "spectral_strongpeak": {
        "dmean": 1.12509810925,
        "dmean2": 1.84252250195,
        "dvar": 2.30243945122,
        "dvar2": 5.35542154312,
        "max": 17.3288612366,
        "mean": 1.95643734932,
        "median": 1.10924351215,
        "min": 0,
        "stdev": 2.09875130653,
        "var": 4.40475749969
    },
    "zerocrossingrate": {
        "dmean": 0.0246306341141,
        "dmean2": 0.0276138354093,
        "dvar": 0.00124536023941,
        "dvar2": 0.00125263107475,
        "max": 0.4697265625,
        "mean": 0.10115648061,
        "median": 0.0771484375,
        "min": 0.00390625,
        "stdev": 0.0759696140885,
        "var": 0.00577138178051
    },
    "barkbands": {
        "dmean": [0.000247442978434, 0.00694680958986, 0.00167872244492, 0.00212878501043, 0.00160800677259, 0.000975504692178, 0.00147714011837, 0.000550281780306, 0.000817756808829, 0.00292919250205, 0.000370682246285, 0.00168893695809, 0.000825720024295, 0.00109017128125, 0.000419530173531, 0.000342266168445, 0.000200096241315, 0.000308285030769, 0.000175673398189, 0.00015215818712, 0.000195001295651, 0.000182650604984, 0.000175500710611, 0.000217964698095, 0.000349382928107, 0.000123707097373, 6.21121716904e-06],
        "dmean2": [0.000384547107387, 0.0103540224954, 0.00293812924065, 0.00347213097848, 0.00279180007055, 0.00154270546045, 0.00235176389106, 0.000942791928537, 0.00131251767743, 0.0042588468641, 0.000612257630564, 0.00258571328595, 0.00134916685056, 0.00163422769401, 0.000689058855642, 0.00053314777324, 0.000316752732033, 0.000494512554724, 0.000273000594461, 0.00023282726761, 0.000301097257761, 0.000258514715824, 0.000265152571956, 0.000333117030095, 0.000520554662216, 0.00018832735077, 1.08575695776e-05],
        "dvar": [2.3957375106e-07, 0.000385166727938, 3.01892177959e-05, 4.70763989142e-05, 2.14998053707e-05, 4.55108147435e-06, 9.69886423263e-06, 3.85738303521e-06, 8.66980644787e-06, 2.79856685665e-05, 3.11798339681e-06, 1.46293659782e-05, 3.50421896655e-06, 6.70426288707e-06, 8.39642268602e-07, 6.66638186431e-07, 1.41952213539e-07, 3.18177256986e-07, 7.34407947789e-08, 5.74501797246e-08, 7.5183478998e-08, 7.28858111643e-08, 9.53181640284e-08, 3.14402655022e-07, 1.01430282484e-06, 6.12097394992e-08, 1.99933500311e-10],
        "dvar2": [4.9690919468e-07, 0.000712740409654, 8.32888108562e-05, 0.00012067843636, 5.74518926442e-05, 1.00438510344e-05, 2.24751565838e-05, 1.05290828287e-05, 1.95948196051e-05, 5.44156282558e-05, 7.96415952209e-06, 3.14180324494e-05, 9.56977601163e-06, 1.51476333485e-05, 2.00858312382e-06, 1.3481520682e-06, 3.46666979567e-07, 7.96077301857e-07, 1.60505663871e-07, 1.38937267025e-07, 1.78381526439e-07, 1.45473137536e-07, 1.90599280359e-07, 7.2398768225e-07, 1.86893987575e-06, 1.25422047859e-07, 5.71058034193e-10],
        "max": [0.00285576516762, 0.152011156082, 0.0480231940746, 0.0599753558636, 0.0412365980446, 0.0252995509654, 0.0343805775046, 0.0268877390772, 0.0614214278758, 0.0581090897322, 0.0382045097649, 0.0398201458156, 0.0209885444492, 0.0277555193752, 0.0150067517534, 0.00918196793646, 0.00291877822019, 0.0045586139895, 0.00264779711142, 0.00232325354591, 0.00233564176597, 0.00319490674883, 0.00418156059459, 0.00733149237931, 0.0152141861618, 0.00243072793819, 0.000114446411317],
        "mean": [0.000251220451901, 0.00716769369319, 0.00122724624816, 0.00170033844188, 0.00136388919782, 0.0011961836135, 0.00192964088637, 0.000507265678607, 0.000884439738002, 0.00421351147816, 0.000362520746421, 0.00244302093051, 0.000954928982537, 0.00133191351779, 0.0005144237075, 0.000436792033724, 0.000251578079769, 0.000362553138984, 0.000243046597461, 0.000230086967349, 0.000311791052809, 0.000293701625196, 0.000285115267616, 0.000324404827552, 0.000530917546712, 0.000164021155797, 5.08356424689e-06],
        "median": [5.76275124331e-06, 3.76025927835e-05, 2.12133436435e-05, 3.89559863834e-05, 0.000116893977975, 0.000321699364576, 0.000369875517208, 4.91283208248e-05, 0.000140842312248, 0.000754519947805, 8.36067702039e-05, 0.000275304191746, 0.000321924453601, 0.000335314660333, 0.000234999024542, 9.64885111898e-05, 9.83843783615e-05, 0.000116480616271, 0.00010815315909, 8.36672115838e-05, 0.000177074907697, 0.000122416269733, 0.00015498441644, 8.96963902051e-05, 0.00011558838014, 3.48061876139e-05, 7.92201149125e-07],
        "min": [1.62809939142e-11, 3.07161296398e-10, 4.25057322673e-10, 4.80605666375e-10, 9.62143476002e-10, 4.53588416827e-10, 1.56555879371e-10, 2.21854506988e-10, 1.16293685792e-09, 7.48792972072e-10, 1.16955542473e-10, 9.82969039498e-10, 5.49294221219e-10, 3.30024424455e-10, 3.34929833867e-10, 4.61001625762e-10, 9.52852241554e-10, 3.03139374713e-10, 5.5379451025e-10, 8.29681878756e-10, 8.07867772679e-10, 1.02177555306e-08, 2.35836750129e-09, 1.54413659637e-09, 8.05724376107e-10, 7.15774162163e-10, 8.92415741999e-12],
        "stdev": [0.000557346094865, 0.0220576878637, 0.0043982504867, 0.00619306834415, 0.00415178900585, 0.00254277093336, 0.00386430323124, 0.00177102861926, 0.00308829941787, 0.00764785381034, 0.00158121809363, 0.00559749873355, 0.00216124509461, 0.00304060336202, 0.000969841959886, 0.00100176769774, 0.000422102020821, 0.00060746393865, 0.000350367190549, 0.000325505272485, 0.00035791634582, 0.000417882605689, 0.000415753544075, 0.000681122997776, 0.00157166423742, 0.000309945608024, 1.24216830955e-05],
        "var": [3.10634646894e-07, 0.000486541568534, 1.93446066987e-05, 3.83540937037e-05, 1.72373511305e-05, 6.4656842369e-06, 1.49328388943e-05, 3.13654231832e-06, 9.53759354161e-06, 5.84896697546e-05, 2.50025050264e-06, 3.13319906127e-05, 4.67098016088e-06, 9.24526830204e-06, 9.40593395171e-07, 1.0035385003e-06, 1.78170125764e-07, 3.6901244016e-07, 1.22757171539e-07, 1.05953681384e-07, 1.28104105102e-07, 1.74625867544e-07, 1.72851017055e-07, 4.63928500949e-07, 2.47012849286e-06, 9.6066280264e-08, 1.54298213095e-10]
    },
    "erbbands": {
        "dmean": [0.177589163184, 1.77558207512, 2.44149899483, 4.57256269455, 6.48271274567, 5.09994506836, 6.02784061432, 8.9586763382, 24.5617961884, 9.10473155975, 14.2106466293, 17.7628059387, 74.3322143555, 54.4704971313, 18.4398479462, 75.7967224121, 38.2104415894, 44.0389404297, 36.000579834, 22.8823928833, 11.8131961823, 11.7537698746, 15.9952993393, 12.3659496307, 7.47740602493, 7.10727119446, 8.54669761658, 6.94058227539, 6.84831857681, 6.07451629639, 4.83934688568, 3.72199487686, 4.26055669785, 3.93348145485, 2.69389224052, 0.681070327759, 0.212078273296, 0.0392378419638, 0.000771955179516, 4.11368637288e-05],
        "dmean2": [0.243683755398, 2.72461247444, 3.94232058525, 7.33287858963, 11.4720220566, 8.62380981445, 9.31700134277, 14.1380729675, 38.6260452271, 14.7898836136, 24.2272720337, 28.2886600494, 109.725593567, 77.6744842529, 29.0509166718, 115.229248047, 59.7086715698, 67.7840576172, 57.5584564209, 34.3169593811, 18.14985466, 18.087852478, 25.4106254578, 19.1967887878, 11.5459985733, 10.9125213623, 13.2928476334, 10.4936275482, 10.1377000809, 8.7497215271, 7.42888116837, 5.5551404953, 6.72528934479, 6.23484611511, 3.81275010109, 1.02359950542, 0.324526488781, 0.0622932650149, 0.00122621271294, 6.03484550084e-05],
        "dvar": [0.190635323524, 27.7715930939, 56.3360748291, 158.905227661, 497.554626465, 228.123764038, 314.079925537, 393.867950439, 2716.29614258, 462.454162598, 2281.60009766, 3174.52929688, 24381.6132812, 15369.3525391, 5611.55371094, 30105.1542969, 5601.65917969, 12458.8867188, 5744.53417969, 3080.44262695, 728.820251465, 507.390258789, 843.264343262, 438.17477417, 143.947006226, 124.420906067, 181.554016113, 91.5681838989, 114.552742004, 98.1489181519, 77.8777770996, 78.9215087891, 140.352035522, 144.215820312, 57.058391571, 2.28942489624, 0.183290690184, 0.00607193214819, 2.26070642384e-06, 3.71791064602e-09],
        "dvar2": [0.364866286516, 56.9113922119, 138.551605225, 396.718414307, 1383.74145508, 577.488830566, 717.783203125, 827.655578613, 6326.13427734, 1093.95080566, 6251.31201172, 6484.41699219, 48198.3476562, 31283.0839844, 13640.9960938, 63840.0429688, 15105.796875, 29830.21875, 13794.6513672, 6582.23828125, 1717.60168457, 1208.71411133, 2034.4119873, 1032.38952637, 327.856140137, 301.532287598, 460.249908447, 199.283889771, 227.326629639, 216.795654297, 149.469894409, 181.989105225, 310.246002197, 317.186065674, 99.9928817749, 4.36191272736, 0.395948529243, 0.014764752239, 5.59404497835e-06, 8.24203461036e-09],
        "max": [3.47876381874, 39.9517669678, 64.1238098145, 114.909591675, 164.867507935, 217.160339355, 314.904632568, 232.947784424, 586.157714844, 254.105178833, 481.986968994, 1029.640625, 1994.66809082, 1676.4263916, 1644.37817383, 1875.92602539, 964.297424316, 1645.75817871, 802.044128418, 863.145080566, 363.503814697, 188.580276489, 254.432144165, 193.834152222, 148.909118652, 104.748725891, 126.691810608, 96.3936157227, 116.654556274, 131.884155273, 129.371917725, 122.330513, 137.836425781, 173.028366089, 126.082275391, 17.0489292145, 4.2832903862, 0.68743121624, 0.0131962420419, 0.000463386473712],
        "mean": [0.17940568924, 1.65330576897, 1.97696614265, 3.8999683857, 4.67010068893, 4.40053844452, 6.76272583008, 11.3940830231, 33.9219932556, 9.57384109497, 13.7947444916, 22.2001972198, 108.173927307, 72.6831207275, 25.0648441315, 111.96598053, 53.7688674927, 57.7970504761, 44.9440345764, 31.2451229095, 16.1680202484, 14.9598016739, 19.4485015869, 15.7681150436, 11.0809030533, 11.1597604752, 12.5606374741, 11.4102725983, 10.7916717529, 9.50963783264, 7.8448548317, 6.03379535675, 6.05653238297, 5.81767082214, 3.81462931633, 0.929502725601, 0.27178516984, 0.0420748330653, 0.000861773034558, 7.23263146938e-05],
        "median": [0.00109651405364, 0.0105892121792, 0.0314014256001, 0.0925344526768, 0.247268781066, 0.441259473562, 0.78994846344, 3.40230369568, 6.39273548126, 3.00150871277, 1.90092897415, 5.60927200317, 20.9076271057, 17.8403968811, 7.88975191116, 14.2252883911, 19.4831466675, 18.3648033142, 16.9759902954, 9.79914665222, 5.03061628342, 5.35699319839, 6.95791721344, 6.6839389801, 5.02508497238, 4.43481731415, 7.25063323975, 6.09643173218, 4.49778938293, 4.64899158478, 4.11396837234, 2.18407011032, 1.41111111641, 1.18710935116, 0.846711993217, 0.231616824865, 0.0492759123445, 0.00707956589758, 0.000176763802301, 4.53975007986e-05],
        "min": [6.79961953409e-09, 7.98357362441e-08, 4.10843568943e-07, 1.17655110898e-06, 2.29224565373e-06, 3.37446090271e-06, 3.91755202145e-06, 3.52905340151e-06, 2.54448173109e-06, 2.56144062405e-06, 7.88265151641e-06, 2.52248155448e-05, 3.1635085179e-05, 1.12757952593e-05, 1.30005864776e-05, 4.14809546783e-05, 2.75178990705e-05, 1.72842210304e-05, 1.20576260088e-05, 2.62122339336e-05, 3.64316983905e-05, 4.99198504258e-05, 1.28125275296e-05, 3.05836292682e-05, 2.9894279578e-05, 4.05496393796e-05, 4.76417917525e-05, 3.82723701478e-05, 0.000379449134925, 0.000174903427251, 7.42694828659e-05, 4.94613268529e-05, 2.04437401408e-05, 1.02813646663e-05, 4.69429551231e-06, 3.4727838738e-06, 1.12825341603e-06, 1.29942677063e-07, 3.18456327975e-09, 1.93154561789e-10],
        "stdev": [0.514584064484, 5.47058725357, 6.75552082062, 11.8907432556, 17.9866275787, 14.3452358246, 19.5435600281, 23.7561969757, 67.1943359375, 22.3915996552, 44.6635246277, 65.9967498779, 224.984085083, 165.107437134, 74.5959854126, 257.903900146, 98.6760787964, 128.861755371, 83.0012207031, 64.5306472778, 30.6024971008, 25.7863864899, 32.3231773376, 24.4966812134, 15.7345552444, 15.3532218933, 15.7736587524, 13.7897777557, 15.7118225098, 13.6481227875, 11.9775066376, 10.8047733307, 14.7423801422, 17.7054271698, 11.3809566498, 1.96020054817, 0.518571019173, 0.0853716507554, 0.00165694253519, 8.0482881458e-05],
        "var": [0.264796733856, 29.9273262024, 45.6370620728, 141.389770508, 323.518768311, 205.785797119, 381.950744629, 564.356933594, 4515.07861328, 501.383758545, 1994.83044434, 4355.57080078, 50617.8359375, 27260.4648438, 5564.56152344, 66514.4140625, 9736.96875, 16605.3515625, 6889.203125, 4164.20410156, 936.512878418, 664.937744141, 1044.7878418, 600.087402344, 247.57623291, 235.721420288, 248.808319092, 190.157974243, 246.861373901, 186.271255493, 143.460662842, 116.743118286, 217.337783813, 313.482177734, 129.526168823, 3.84238600731, 0.268915891647, 0.00728831812739, 2.74545868706e-06, 6.47749409666e-09]
    },
    "gfcc": {
        "mean": [1.72131979465, 31.9055919647, -134.342086792, 5.97810173035, -72.6905975342, 24.6157512665, -42.3034286499, 6.81957006454, -31.2183475494, 12.2632579803, -17.2933368683, 6.0167760849, -10.9805793762],
        "cov": [[4665.70703125, -351.301818848, 865.688110352, 825.349914551, 438.059112549, 259.773681641, 155.358596802, 228.494812012, -10.4842662811, -87.8251190186, -67.360206604, 73.7279205322, -168.302078247], [-351.301818848, 1329.79406738, -149.21925354, 140.141372681, 341.377838135, 49.1369857788, 276.303100586, -24.6715888977, 169.967025757, 55.2473907471, 110.609214783, 54.3465499878, 77.4190444946], [865.688110352, -149.21925354, 1255.85742188, 539.405944824, 309.746032715, 209.55682373, -66.2172622681, 160.018569946, -40.3546485901, 44.2275657654, -12.2548818588, -12.2412452698, -65.7134170532], [825.349914551, 140.141372681, 539.405944824, 843.784240723, 462.021850586, 127.271385193, 43.374382019, 94.1918487549, 109.007736206, -1.8806489706, -13.1261863708, -3.46936058998, -32.8581733704], [438.059112549, 341.377838135, 309.746032715, 462.021850586, 612.302368164, 187.668487549, 171.630172729, 79.9250335693, 50.8786239624, 63.4539718628, -9.48771381378, 1.98932695389, -20.837726593], [259.773681641, 49.1369857788, 209.55682373, 127.271385193, 187.668487549, 353.62512207, 256.575408936, 96.2039871216, 15.3567361832, 33.093334198, 45.8426246643, 19.9781990051, -8.73294448853], [155.358596802, 276.303100586, -66.2172622681, 43.374382019, 171.630172729, 256.575408936, 451.245483398, 70.2412643433, 47.5570373535, 45.8766593933, 56.8268661499, 51.1371688843, -18.3119068146], [228.494812012, -24.6715888977, 160.018569946, 94.1918487549, 79.9250335693, 96.2039871216, 70.2412643433, 225.7449646, 122.860778809, 66.9086685181, 70.8771896362, 45.2943572998, 32.6858100891], [-10.4842662811, 169.967025757, -40.3546485901, 109.007736206, 50.8786239624, 15.3567361832, 47.5570373535, 122.860778809, 287.612548828, 142.968948364, 110.615348816, 85.9581451416, 57.9268875122], [-87.8251190186, 55.2473907471, 44.2275657654, -1.8806489706, 63.4539718628, 33.093334198, 45.8766593933, 66.9086685181, 142.968948364, 237.649505615, 151.98260498, 76.9618453979, 48.3969497681], [-67.360206604, 110.609214783, -12.2548818588, -13.1261863708, -9.48771381378, 45.8426246643, 56.8268661499, 70.8771896362, 110.615348816, 151.98260498, 242.267730713, 122.702445984, 60.4697761536], [73.7279205322, 54.3465499878, -12.2412452698, -3.46936058998, 1.98932695389, 19.9781990051, 51.1371688843, 45.2943572998, 85.9581451416, 76.9618453979, 122.702445984, 133.430343628, 45.2046661377], [-168.302078247, 77.4190444946, -65.7134170532, -32.8581733704, -20.837726593, -8.73294448853, -18.3119068146, 32.6858100891, 57.9268875122, 48.3969497681, 60.4697761536, 45.2046661377, 120.325576782]],
        "icov": [[0.000317541183904, 7.51356565161e-05, -4.79549526062e-05, -0.000272902514553, 1.17526897156e-05, 1.67034545484e-06, -7.34716086299e-05, -0.000263379100943, 0.000169268387253, 6.61656595184e-05, 0.000206091135624, -0.000557558261789, 0.000355410156772], [7.51356565161e-05, 0.00173991080374, -0.000507412943989, 0.000746283854824, -0.00164441030938, 0.00134877779055, -0.00161767215468, 0.00170092540793, -0.00208150083199, 0.00213709101081, -0.00200329208747, 0.00151333049871, -0.0014021092793], [-4.79549526062e-05, -0.000507412943989, 0.0020448511932, -0.00144118897151, 0.000760082970373, -0.00172289658803, 0.00176553439815, -0.00190378446132, 0.00228349887766, -0.00217258208431, 0.00142953195609, -0.00139170198236, 0.00135398993734], [-0.000272902514553, 0.000746283854824, -0.00144118897151, 0.00398012017831, -0.00302077480592, 0.00107229419518, -0.000667074345984, 0.001959545305, -0.00369518622756, 0.00348942633718, -0.0023841036018, 0.00214984244667, -0.000875314988662], [1.17526897156e-05, -0.00164441030938, 0.000760082970373, -0.00302077480592, 0.00541895488277, -0.00204113987274, 0.000766496988945, -0.00217811879702, 0.00332218385302, -0.00440591946244, 0.00366544583812, -0.00207636295818, 0.00127406173851], [1.67034545484e-06, 0.00134877779055, -0.00172289658803, 0.00107229419518, -0.00204113987274, 0.00794489216059, -0.00515411561355, 0.000574866135139, -0.00147267384455, 0.00266628502868, -0.00316895823926, 0.00298490212299, -0.00212327088229], [-7.34716086299e-05, -0.00161767215468, 0.00176553439815, -0.000667074345984, 0.000766496988945, -0.00515411561355, 0.00678642606363, -0.00219321297482, 0.00212091207504, -0.00248872581869, 0.00236401404254, -0.00343779451214, 0.00319081218913], [-0.000263379100943, 0.00170092540793, -0.00190378446132, 0.001959545305, -0.00217811879702, 0.000574866135139, -0.00219321297482, 0.009925307706, -0.0063082287088, 0.00382000068203, -0.0037259766832, 0.00309106637724, -0.00312116299756], [0.000169268387253, -0.00208150083199, 0.00228349887766, -0.00369518622756, 0.00332218385302, -0.00147267384455, 0.00212091207504, -0.0063082287088, 0.0116518996656, -0.00769299594685, 0.00451010465622, -0.00537690147758, 0.00155714410357], [6.61656595184e-05, 0.00213709101081, -0.00217258208431, 0.00348942633718, -0.00440591946244, 0.00266628502868, -0.00248872581869, 0.00382000068203, -0.00769299594685, 0.0137053206563, -0.00865961238742, 0.00417895242572, -0.00252908025868], [0.000206091135624, -0.00200329208747, 0.00142953195609, -0.0023841036018, 0.00366544583812, -0.00316895823926, 0.00236401404254, -0.0037259766832, 0.00451010465622, -0.00865961238742, 0.0145040377975, -0.0101451314986, 0.00131772411987], [-0.000557558261789, 0.00151333049871, -0.00139170198236, 0.00214984244667, -0.00207636295818, 0.00298490212299, -0.00343779451214, 0.00309106637724, -0.00537690147758, 0.00417895242572, -0.0101451314986, 0.0188808385283, -0.00451947376132], [0.000355410156772, -0.0014021092793, 0.00135398993734, -0.000875314988662, 0.00127406173851, -0.00212327088229, 0.00319081218913, -0.00312116299756, 0.00155714410357, -0.00252908025868, 0.00131772411987, -0.00451947376132, 0.0129137309268]]
    },
    "melbands": {
        "dmean": [0.00174474844243, 0.0016128749121, 0.000865391804837, 0.000384574290365, 0.000202826457098, 0.000216509914026, 0.000342037936207, 9.10354283405e-05, 0.000119400836411, 0.000120139760838, 0.000390991539462, 0.000257870793575, 5.3922583902e-05, 0.000138936375151, 0.000201779723284, 5.23987328052e-05, 9.58238524618e-05, 7.2058654041e-05, 3.10693103529e-05, 3.10466130031e-05, 1.11253639261e-05, 1.28077454065e-05, 1.26376571643e-05, 1.50361265696e-05, 1.02877811514e-05, 5.62299192097e-06, 5.58495730729e-06, 4.78969104734e-06, 5.78523531658e-06, 5.04308673044e-06, 4.17526871388e-06, 4.03415060646e-06, 3.76070465791e-06, 3.5028072034e-06, 2.98361601381e-06, 2.5592946713e-06, 2.29825877796e-06, 2.84890984403e-06, 3.3534074646e-06, 3.45385342371e-06],
        "dmean2": [0.00251060398296, 0.00251577422023, 0.00142923509702, 0.000662865350023, 0.000321537314449, 0.00033831721521, 0.00054099841509, 0.000151410495164, 0.000204815107281, 0.000188467922271, 0.000579805520829, 0.000367589760572, 8.90487499419e-05, 0.00021846650634, 0.000308947608573, 8.626577619e-05, 0.000146116493852, 0.000114442271297, 4.96506909258e-05, 4.73513136967e-05, 1.76705925696e-05, 2.02203464141e-05, 1.9958073608e-05, 2.42434325628e-05, 1.6052807041e-05, 8.67775361257e-06, 8.65722176968e-06, 7.56214149078e-06, 9.3102653409e-06, 7.57507405069e-06, 6.57841474094e-06, 6.09417020314e-06, 5.47868330614e-06, 5.17186481375e-06, 4.60058618046e-06, 3.97219764636e-06, 3.4444344692e-06, 4.41618522018e-06, 5.54980761081e-06, 5.53302061235e-06],
        "dvar": [2.13240782614e-05, 2.21970258281e-05, 6.27878716841e-06, 1.37472795814e-06, 3.03987292227e-07, 1.92530436038e-07, 5.2269842854e-07, 7.11065410997e-08, 1.52513138119e-07, 1.77592383466e-07, 6.61239312194e-07, 3.08500631263e-07, 8.33626856434e-08, 1.37725876925e-07, 1.83883301474e-07, 1.08589786052e-08, 5.92309241654e-08, 2.9747505792e-08, 5.7252220742e-09, 5.14920817096e-09, 8.10532030382e-10, 6.65426991286e-10, 6.33054553223e-10, 7.51451512127e-10, 3.16909359865e-10, 7.24024937226e-11, 8.69805824588e-11, 6.09483227776e-11, 1.08663661402e-10, 6.16812850796e-11, 3.80411743772e-11, 3.96939842107e-11, 3.7759930599e-11, 3.51221100814e-11, 2.91517331108e-11, 2.75560893548e-11, 3.28335275634e-11, 6.94435620119e-11, 1.22457599616e-10, 1.11936668268e-10],
        "dvar2": [3.67009597539e-05, 4.79733134853e-05, 1.63666645676e-05, 3.751033546e-06, 6.30553756764e-07, 4.05375146784e-07, 1.20394406622e-06, 1.80736051902e-07, 4.18426907345e-07, 3.78719249738e-07, 1.30788828301e-06, 6.30629529041e-07, 2.184359289e-07, 2.86973403263e-07, 4.48503868711e-07, 2.83592864747e-08, 1.38004551786e-07, 7.01713034346e-08, 1.37366535924e-08, 9.91391679861e-09, 2.00906380421e-09, 1.60242941138e-09, 1.48345202788e-09, 1.93576044083e-09, 7.35783545203e-10, 1.63463007019e-10, 2.06507713707e-10, 1.50334189541e-10, 2.82610351787e-10, 1.48101517161e-10, 8.4506610043e-11, 8.11539446754e-11, 7.94268678606e-11, 8.23599174971e-11, 5.8072862491e-11, 5.93237542423e-11, 7.76269812319e-11, 1.58026536301e-10, 2.86322188181e-10, 2.52335430329e-10],
        "max": [0.0357636623085, 0.0332068130374, 0.0204282663763, 0.0104044592008, 0.00861177500337, 0.00510373199359, 0.00797650776803, 0.00409824587405, 0.0038261518348, 0.00866094976664, 0.0103212818503, 0.00715247215703, 0.0061906366609, 0.00466444436461, 0.00413396442309, 0.00107985327486, 0.0033115518745, 0.00188667117618, 0.00126852816902, 0.000807098171208, 0.000388167158235, 0.000260967528448, 0.000337080069585, 0.000264542148216, 0.000168566257344, 9.15317723411e-05, 8.64275716594e-05, 6.81219971739e-05, 0.000107529303932, 9.91070919554e-05, 6.87657884555e-05, 7.98039473011e-05, 8.13156657387e-05, 7.41921758163e-05, 8.34863458294e-05, 7.11100001354e-05, 7.94905063231e-05, 0.000121051845781, 0.000174894332304, 0.000153349683387],
        "mean": [0.00186352874152, 0.00147683615796, 0.000691524357535, 0.000306734465994, 0.000228868535487, 0.000287354836473, 0.000465896475362, 8.59122301335e-05, 0.000112647008791, 0.000138723204145, 0.00056908337865, 0.000338037352776, 5.58998544875e-05, 0.000208802943234, 0.000278917170363, 6.53681418044e-05, 0.000118963427667, 8.43818779686e-05, 3.87217842217e-05, 3.99939272029e-05, 1.45523217725e-05, 1.55978341354e-05, 1.5738141883e-05, 1.72182371898e-05, 1.25210272017e-05, 7.91303136793e-06, 8.12180860521e-06, 6.98751455275e-06, 7.53084577809e-06, 7.6914930105e-06, 6.32630781183e-06, 6.09761627857e-06, 5.53223708266e-06, 5.21956690136e-06, 4.53019583802e-06, 4.02082514483e-06, 3.54606754627e-06, 4.02912473874e-06, 4.67033851237e-06, 4.96564234709e-06],
        "median": [1.01117748272e-05, 2.12626255234e-05, 2.07581597351e-05, 2.47566040343e-05, 2.26482407015e-05, 8.61267180881e-05, 9.31003596634e-05, 1.80868373718e-05, 1.34074016387e-05, 2.44544262387e-05, 0.000106168590719, 6.75965566188e-05, 1.21793746075e-05, 2.99335661111e-05, 4.3152278522e-05, 3.08622620651e-05, 3.17402082146e-05, 2.63482652372e-05, 1.59289011208e-05, 9.63431557466e-06, 4.40349958808e-06, 5.00647365698e-06, 5.73818397243e-06, 6.10789629718e-06, 4.53527172795e-06, 3.71916758013e-06, 2.89118270302e-06, 2.63380957222e-06, 3.61192996934e-06, 4.22212224294e-06, 2.81561187876e-06, 2.3269490157e-06, 1.99129272005e-06, 2.57838519246e-06, 2.44321927312e-06, 1.62645324053e-06, 1.15338957585e-06, 9.20672164284e-07, 8.61949331465e-07, 1.02555043213e-06],
        "min": [7.35478275504e-11, 1.84294760008e-10, 2.34158470391e-10, 2.05578484791e-10, 1.43085293614e-10, 7.97566110378e-11, 3.70613609246e-11, 2.95470106715e-11, 7.65237387346e-11, 1.71723676945e-10, 1.57775251197e-10, 4.82109144273e-11, 2.49650907586e-11, 1.00651875723e-10, 9.65636182126e-11, 4.4844464947e-11, 3.10990365404e-11, 1.93654536851e-11, 2.94016373747e-11, 2.73002540713e-11, 5.05948200002e-11, 6.52517970212e-11, 9.53019434202e-12, 1.68066966594e-11, 2.59588739393e-11, 1.84508259365e-11, 2.56847824259e-11, 2.60737612057e-11, 3.05871855621e-11, 1.80308840775e-11, 1.54625635213e-11, 1.78836376263e-10, 1.2856207765e-10, 2.95832455754e-11, 3.58071489126e-11, 4.33952943024e-11, 2.10499326303e-11, 1.43516960469e-11, 1.24419754013e-11, 7.32878081139e-12],
        "stdev": [0.0054779695347, 0.00469264434651, 0.00224049878307, 0.0010021138005, 0.000646498170681, 0.000557945808396, 0.000921964063309, 0.000250424840488, 0.000366449879948, 0.000475096720038, 0.0011712644482, 0.000743698561564, 0.000251512159593, 0.000556490267627, 0.000585731642786, 0.00011515096412, 0.00028260081308, 0.000186012053746, 7.77197492425e-05, 9.06460918486e-05, 2.96365506074e-05, 2.85699043161e-05, 2.90262541967e-05, 2.86184476863e-05, 2.07237426366e-05, 1.12417556011e-05, 1.2355589206e-05, 1.00528086477e-05, 1.1206999261e-05, 9.69542725215e-06, 8.50634751259e-06, 9.07654521143e-06, 8.64293269842e-06, 7.58836722525e-06, 7.04100148141e-06, 6.72559554005e-06, 6.69411792842e-06, 9.74887279881e-06, 1.42903581946e-05, 1.52924749273e-05],
        "var": [3.00081501337e-05, 2.2020913093e-05, 5.01983504364e-06, 1.00423199001e-06, 4.17959910237e-07, 3.11303494982e-07, 8.50017727316e-07, 6.27125942287e-08, 1.34285514264e-07, 2.25716888735e-07, 1.37186032134e-06, 5.53087545541e-07, 6.32583692095e-08, 3.09681439603e-07, 3.43081580922e-07, 1.32597444136e-08, 7.98632129317e-08, 3.46004824792e-08, 6.04035976792e-09, 8.21671353179e-09, 8.78325134845e-10, 8.16239464907e-10, 8.42523439903e-10, 8.19015522069e-10, 4.29473512309e-10, 1.26377075471e-10, 1.52660592501e-10, 1.01058959812e-10, 1.25596838485e-10, 9.40013067385e-11, 7.23579529627e-11, 8.23836762698e-11, 7.47002876222e-11, 5.75833200567e-11, 4.95757011831e-11, 4.52336328116e-11, 4.48112172369e-11, 9.50405240618e-11, 2.04214326005e-10, 2.33859792642e-10]
    },
    "melbands128": {
