{
"lowlevel": {
    "average_loudness": 0.888246178627,
    "barkbands_crest": {
        "dmean": 2.77424001694,
        "dmean2": 4.58776330948,
        "dvar": 5.9519610405,
        "dvar2": 15.4398002625,
        "max": 26.3035030365,
        "mean": 12.5383758545,
        "median": 11.6310758591,
        "min": 3.19070601463,
        "stdev": 4.51914834976,
        "var": 20.4227027893
    },
    "barkbands_flatness_db": {
        "dmean": 0.0301570016891,
        "dmean2": 0.0413714125752,
        "dvar": 0.000895944191143,
        "dvar2": 0.00161171215586,
        "max": 0.607213318348,
        "mean": 0.268567323685,
        "median": 0.256454080343,
        "min": 0.0727021694183,
        "stdev": 0.0781874284148,
        "var": 0.0061132744886
    },
    "barkbands_kurtosis": {
        "dmean": 5.70916843414,
        "dmean2": 8.76871299744,
        "dvar": 134.216400146,
        "dvar2": 255.909729004,
        "max": 471.515289307,
        "mean": 12.9526023865,
        "median": 9.43803977966,
        "min": -1.75960195065,
        "stdev": 21.0148105621,
        "var": 441.622253418
    },
    "barkbands_skewness": {
        "dmean": 0.6299046278,
        "dmean2": 0.9971357584,
        "dvar": 0.410604506731,
        "dvar2": 1.00291478634,
        "max": 15.060874939,
        "mean": 2.72606062889,
        "median": 2.57453775406,
        "min": -1.81226766109,
        "stdev": 1.21043348312,
        "var": 1.4651491642
    },
    "barkbands_spread": {
        "dmean": 2.16250014305,
        "dmean2": 3.4478867054,
        "dvar": 8.28541469574,
        "dvar2": 21.1069927216,
        "max": 46.7943878174,
        "mean": 6.80512428284,
        "median": 5.78601169586,
        "min": 0.136908113956,
        "stdev": 4.98192453384,
        "var": 24.8195705414
    },
    "dissonance": {
        "dmean": 0.01795081608,
        "dmean2": 0.030187221244,
        "dvar": 0.00027959869476,
        "dvar2": 0.000744226854295,
        "max": 0.500000238419,
        "mean": 0.470706433058,
        "median": 0.475082755089,
        "min": 0.339523971081,
        "stdev": 0.0212220642716,
        "var": 0.00045037601376
    },
    "dynamic_complexity": 1.21605181694,
    "erbbands_crest": {
        "dmean": 1.84959900379,
        "dmean2": 3.10854101181,
        "dvar": 3.04570317268,
        "dvar2": 7.83506774902,
        "max": 21.9196166992,
        "mean": 7.64300966263,
        "median": 6.94549322128,
        "min": 2.94463157654,
        "stdev": 2.91512179375,
        "var": 8.4979352951
    },
    "erbbands_flatness_db": {
        "dmean": 0.021804202348,
        "dmean2": 0.0272170510143,
        "dvar": 0.000484115647851,
        "dvar2": 0.000721459800843,
        "max": 0.374122649431,
        "mean": 0.231767162681,
        "median": 0.236725986004,
        "min": 0.0774065330625,
        "stdev": 0.0451893806458,
        "var": 0.00204208004288
    },
    "erbbands_kurtosis": {
        "dmean": 0.856291651726,
        "dmean2": 1.35796749592,
        "dvar": 3.25976157188,
        "dvar2": 6.88278627396,
        "max": 36.1721038818,
        "mean": 0.584425032139,
        "median": -0.418638586998,
        "min": -1.82090103626,
        "stdev": 3.17364788055,
        "var": 10.0720415115
    },
    "erbbands_skewness": {
        "dmean": 0.31005269289,
        "dmean2": 0.498849928379,
        "dvar": 0.107907354832,
        "dvar2": 0.260090440512,
        "max": 4.7779006958,
        "mean": 0.815647244453,
        "median": 0.703250467777,
        "min": -1.92870402336,
        "stdev": 0.707107245922,
        "var": 0.500000655651
    },
    "erbbands_spread": {
        "dmean": 6.01589918137,
        "dmean2": 8.93926048279,
        "dvar": 42.3888702393,
        "dvar2": 81.7183532715,
        "max": 97.5667572021,
        "mean": 32.0137748718,
        "median": 30.0341300964,
        "min": 2.78053545952,
        "stdev": 13.3192453384,
        "var": 177.402297974
    },
    "hfc": {
        "dmean": 3.47617268562,
        "dmean2": 5.69521522522,
        "dvar": 19.6237792969,
        "dvar2": 50.4242401123,
        "max": 72.4933013916,
        "mean": 14.7011270523,
        "median": 14.5472679138,
        "min": 1.10026482884e-16,
        "stdev": 7.03703069687,
        "var": 49.5197982788
    },
    "loudness_ebu128": {
        "integrated": -7.59382581711,
        "loudness_range": 1.79617881775,
        "momentary": {
            "dmean": 0.235188409686,
            "dmean2": 0.25195941329,
            "dvar": 0.0648888424039,
            "dvar2": 0.0480053685606,
            "max": -5.84298610687,
            "mean": -7.78412914276,
            "median": -7.42663049698,
            "min": -13.1629428864,
            "stdev": 1.41283249855,
            "var": 1.99609577656
        },
        "short_term": {
            "dmean": 0.053868111223,
            "dmean2": 0.0334808640182,
            "dvar": 0.00296805496328,
            "dvar2": 0.000932548660785,
            "max": -6.26651859283,
            "mean": -7.59279441833,
            "median": -7.46520805359,
            "min": -10.7335624695,
            "stdev": 0.770674109459,
            "var": 0.593938589096
        }
    },
    "melbands_crest": {
        "dmean": 3.40352892876,
        "dmean2": 5.6256480217,
        "dvar": 9.4647693634,
        "dvar2": 24.5922889709,
        "max": 28.5598964691,
        "mean": 16.5879592896,
        "median": 16.1906356812,
        "min": 1.6302549839,
        "stdev": 4.38763999939,
        "var": 19.2513847351
    },
    "melbands_flatness_db": {
        "dmean": 0.0345595814288,
        "dmean2": 0.0465928018093,
        "dvar": 0.00120382790919,
        "dvar2": 0.00211995537393,
        "max": 0.739351511002,
        "mean": 0.360855966806,
        "median": 0.344754725695,
        "min": 0.00465137837455,
        "stdev": 0.0943793579936,
        "var": 0.00890746340156
    },
    "melbands_kurtosis": {
        "dmean": 9.05705738068,
        "dmean2": 14.0388669968,
        "dvar": 158.406280518,
        "dvar2": 315.937561035,
        "max": 340.329467773,
        "mean": 22.7078723907,
        "median": 18.8456840515,
        "min": -1.19435465336,
        "stdev": 20.1712722778,
        "var": 406.880187988
    },
    "melbands_skewness": {
        "dmean": 0.763080239296,
        "dmean2": 1.20428299904,
        "dvar": 0.521039783955,
        "dvar2": 1.24866378307,
        "max": 13.0224685669,
        "mean": 3.54130315781,
        "median": 3.4639339447,
        "min": -0.14585095644,
        "stdev": 1.18382155895,
        "var": 1.40143346786
    },
    "melbands_spread": {
        "dmean": 2.36961340904,
        "dmean2": 3.8890914917,
        "dvar": 18.7892799377,
        "dvar2": 45.0038871765,
        "max": 124.41443634,
        "mean": 6.66083669662,
        "median": 5.57998752594,
        "min": 0.321723997593,
        "stdev": 6.24217939377,
        "var": 38.9648017883
    },
    "pitch_salience": {
        "dmean": 0.0845366716385,
        "dmean2": 0.139942809939,
        "dvar": 0.0057680006139,
        "dvar2": 0.0156854428351,
        "max": 0.892239868641,
        "mean": 0.57052731514,
        "median": 0.59360742569,
        "min": 0.0811944976449,
        "stdev": 0.129377797246,
        "var": 0.0167386140674
    },
    "silence_rate_20dB": {
        "dmean": 0,
        "dmean2": 0,
        "dvar": 0,
        "dvar2": 0,
        "max": 1,
        "mean": 1,
        "median": 1,
        "min": 1,
        "stdev": 0,
        "var": 0
    },
    "silence_rate_30dB": {
        "dmean": 0.0226687267423,
        "dmean2": 0.0453608259559,
        "dvar": 0.0221548434347,
        "dvar2": 0.0546435639262,
        "max": 1,
        "mean": 0.959320306778,
        "median": 1,
        "min": 0,
        "stdev": 0.197547495365,
        "var": 0.0390250124037
    },
    "silence_rate_60dB": {
        "dmean": 0.000515198335052,
        "dmean2": 0.00103092787322,
        "dvar": 0.000514905899763,
        "dvar2": 0.00102987512946,
        "max": 1,
        "mean": 0.00154479919001,
        "median": 0,
        "min": 0,
        "stdev": 0.0392735339701,
        "var": 0.00154241058044
    },
    "spectral_centroid": {
        "dmean": 119.461936951,
        "dmean2": 188.017669678,
        "dvar": 79830.6171875,
        "dvar2": 169214.3125,
        "max": 11210.1484375,
        "mean": 489.952423096,
        "median": 406.863586426,
        "min": 103.234329224,
        "stdev": 448.243438721,
        "var": 200922.1875
    },
    "spectral_complexity": {
        "dmean": 3.06079339981,
        "dmean2": 4.91134023666,
        "dvar": 7.84795618057,
        "dvar2": 18.4271240234,
        "max": 49,
        "mean": 19.1508750916,
        "median": 20,
        "min": 0,
        "stdev": 7.68064308167,
        "var": 58.9922790527
    },
    "spectral_decrease": {
        "dmean": 3.29567795276e-09,
        "dmean2": 5.53436096951e-09,
        "dvar": 9.72808654525e-18,
        "dvar2": 2.66906566776e-17,
        "max": 4.02071880591e-29,
        "mean": -1.42093128375e-08,
        "median": -1.34774014171e-08,
        "min": -4.21336885381e-08,
        "stdev": 6.11321304689e-09,
        "var": 3.73713748743e-17
    },
    "spectral_energy": {
        "dmean": 0.0126375686377,
        "dmean2": 0.0212232489139,
        "dvar": 0.00014224590268,
        "dvar2": 0.000390048400732,
        "max": 0.160525739193,
        "mean": 0.0549625903368,
        "median": 0.0524206832051,
        "min": 1.00483517822e-20,
        "stdev": 0.0232468433678,
        "var": 0.000540415698197
    },
    "spectral_energyband_high": {
        "dmean": 5.45353686903e-05,
        "dmean2": 7.84641306382e-05,
        "dvar": 1.39928850729e-08,
        "dvar2": 3.17267456751e-08,
        "max": 0.00257157627493,
        "mean": 8.6678097432e-05,
        "median": 1.42552653415e-05,
        "min": 7.45452906211e-21,
        "stdev": 0.000196739172679,
        "var": 3.8706300387e-08
    },
    "spectral_energyband_low": {
        "dmean": 0.00925732217729,
        "dmean2": 0.0154514741153,
        "dvar": 0.000110111002869,
        "dvar2": 0.000295698118862,
        "max": 0.156007319689,
        "mean": 0.0242810100317,
        "median": 0.0155311748385,
        "min": 3.4594289619e-23,
        "stdev": 0.0253980197012,
        "var": 0.000645059393719
    },
    "spectral_energyband_middle_high": {
        "dmean": 0.00112607504707,
        "dmean2": 0.00188626360614,
        "dvar": 4.69069027531e-06,
        "dvar2": 1.28772862809e-05,
        "max": 0.0274135041982,
        "mean": 0.00283540948294,
        "median": 0.00258689397015,
        "min": 1.31161007276e-21,
        "stdev": 0.00256441254169,
        "var": 6.57621194478e-06
    },
    "spectral_energyband_middle_low": {
        "dmean": 0.00962801557034,
        "dmean2": 0.0161190424114,
        "dvar": 8.6845131591e-05,
        "dvar2": 0.000240303837927,
        "max": 0.104285486042,
        "mean": 0.0336473546922,
        "median": 0.0340646654367,
        "min": 2.45892841406e-22,
        "stdev": 0.017132954672,
        "var": 0.000293538148981
    },
    "spectral_entropy": {
        "dmean": 0.213733479381,
        "dmean2": 0.28897446394,
        "dvar": 0.0506250672042,
        "dvar2": 0.0828069224954,
        "max": 9.80353832245,
        "mean": 6.73754119873,
        "median": 6.78951644897,
        "min": 4.70829057693,
        "stdev": 0.528499186039,
        "var": 0.279311358929
    },
    "spectral_flux": {
        "dmean": 0.0282769538462,
        "dmean2": 0.0448076315224,
        "dvar": 0.000654857663903,
        "dvar2": 0.00152466411237,
        "max": 0.24771374464,
        "mean": 0.0986841917038,
        "median": 0.0948255062103,
        "min": 6.55135598548e-11,
        "stdev": 0.040955234319,
        "var": 0.00167733116541
    },
    "spectral_kurtosis": {
        "dmean": 10.6767921448,
        "dmean2": 17.8793811798,
        "dvar": 137.67678833,
        "dvar2": 381.331359863,
        "max": 138.416931152,
        "mean": 19.8600406647,
        "median": 13.6957206726,
        "min": -1.20401644707,
        "stdev": 18.3756752014,
        "var": 337.665405273
    },
    "spectral_rms": {
        "dmean": 0.000852094497532,
        "dmean2": 0.00142200652044,
        "dvar": 5.75810645387e-07,
        "dvar2": 1.55540169544e-06,
        "max": 0.0125144105405,
        "mean": 0.00715574575588,
        "median": 0.00715137226507,
        "min": 3.13101736378e-12,
        "stdev": 0.00155476282816,
        "var": 2.41728730543e-06
    },
    "spectral_rolloff": {
        "dmean": 145.561721802,
        "dmean2": 250.227752686,
        "dvar": 228482.515625,
        "dvar2": 482634.59375,
        "max": 19056.8847656,
        "mean": 409.064178467,
        "median": 322.998046875,
        "min": 86.1328125,
        "stdev": 670.339355469,
        "var": 449354.875
    },
    "spectral_skewness": {
        "dmean": 0.774582207203,
        "dmean2": 1.26359522343,
        "dvar": 0.533476412296,
        "dvar2": 1.45943713188,
        "max": 9.11820220947,
        "mean": 2.74794197083,
        "median": 2.47613382339,
        "min": -0.0251422468573,
        "stdev": 1.39211177826,
        "var": 1.93797504902
    },
    "spectral_spread": {
        "dmean": 451531.84375,
        "dmean2": 590802.1875,
        "dvar": 900187422720,
        "dvar2": 914315149312,
        "max": 40696292,
        "mean": 2227732,
        "median": 1960979.25,
        "min": 721189.1875,
        "stdev": 1683777,
        "var": 2.83510492365e+12
    },
    "spectral_strongpeak": {
        "dmean": 0.307741969824,
        "dmean2": 0.518974304199,
        "dvar": 0.0949931964278,
        "dvar2": 0.2620639503,
        "max": 3.1924943924,
        "mean": 0.759453177452,
        "median": 0.755546450615,
        "min": 0,
        "stdev": 0.405864059925,
        "var": 0.164725646377
    },
    "zerocrossingrate": {
        "dmean": 0.00385644077323,
        "dmean2": 0.00500513473526,
        "dvar": 0.000117771480291,
        "dvar2": 0.000227054391871,
        "max": 0.494140625,
        "mean": 0.0169251561165,
        "median": 0.01416015625,
        "min": 0.001953125,
        "stdev": 0.01813098602,
        "var": 0.000328732683556
    },
    "barkbands": {
        "dmean": [3.41542836395e-05, 0.00544860819355, 0.00308792851865, 0.0073271188885, 0.00623077061027, 0.00175792956725, 0.000819330685772, 0.000485037540784, 0.000656183226965, 0.000358805264113, 0.000239234534092, 0.000139229567139, 0.000128304731334, 0.00020278248121, 0.000142369026435, 0.00019797544519, 7.22745535313e-05, 6.63061728119e-05, 0.000107564737846, 2.71340941254e-05, 2.71539865935e-05, 6.90791694069e-06, 4.10079474022e-06, 3.40399856213e-06, 1.48968922531e-06, 4.29443474559e-07, 2.60067949398e-08],
        "dmean2": [6.00271850999e-05, 0.00912552699447, 0.00516177900136, 0.0120126893744, 0.0106315920129, 0.00296016898938, 0.00135530810803, 0.000830059987493, 0.0011192165548, 0.000604667060543, 0.000410106324125, 0.000239310655161, 0.000216845670366, 0.000354212126695, 0.000246337527642, 0.000348370464053, 0.000121309356473, 0.000108690786874, 0.000151047919644, 4.13048219343e-05, 4.01283941756e-05, 1.02139165392e-05, 6.0672359723e-06, 5.07667436977e-06, 2.16942589759e-06, 6.40492316961e-07, 4.10004012963e-08],
        "dvar": [4.67321958908e-09, 8.68279021233e-05, 1.26434897538e-05, 6.14593809587e-05, 5.03456649312e-05, 5.79424295211e-06, 1.20361744393e-06, 3.39038621178e-07, 1.72743148141e-06, 2.91556233378e-07, 1.06832487745e-07, 6.07201684488e-08, 4.38786535994e-08, 3.83455244446e-07, 9.71026423713e-08, 3.82862651804e-07, 1.95435632122e-08, 1.61057954529e-07, 1.52312708224e-07, 2.96857405324e-09, 6.66066801713e-09, 2.22747889578e-10, 8.64534485667e-11, 6.33769772773e-11, 1.17287750692e-11, 1.11043921454e-12, 4.2398263821e-15],
        "dvar2": [1.38099398583e-08, 0.000226532210945, 3.38963982358e-05, 0.000159573071869, 0.000145535144839, 1.41606233228e-05, 3.2284469853e-06, 9.46413592828e-07, 4.6597842811e-06, 8.1415026898e-07, 3.02945039721e-07, 1.69346449752e-07, 1.21435078881e-07, 1.09824145511e-06, 2.75396843108e-07, 1.11112387913e-06, 5.18922362858e-08, 4.02817931899e-07, 2.54218946338e-07, 6.96939395084e-09, 1.60296060869e-08, 5.00420260785e-10, 1.88169119175e-10, 1.39780437225e-10, 2.56077051924e-11, 2.50528807769e-12, 9.05688962412e-15],
        "max": [0.00104179687332, 0.147264152765, 0.0407475121319, 0.0822773724794, 0.070100300014, 0.0337601527572, 0.018228597939, 0.00578394113109, 0.0187672302127, 0.00657733250409, 0.00327621446922, 0.00470882235095, 0.00258199498057, 0.0121375890449, 0.00450252601877, 0.0130079239607, 0.00173779495526, 0.0155170084909, 0.0166585408151, 0.000943584542256, 0.00195806892589, 0.000233084196225, 9.66619118117e-05, 6.36350523564e-05, 3.63465223927e-05, 1.05735562101e-05, 1.13091630283e-06],
        "mean": [4.7598110541e-05, 0.0128125324845, 0.00562415411696, 0.0133431106806, 0.0137159256265, 0.0030165927019, 0.00152912281919, 0.000823498819955, 0.00105307309423, 0.000649940688163, 0.000432429340435, 0.0002496096713, 0.000234658829868, 0.000313185504638, 0.000246146315476, 0.00032483873656, 0.000127102102851, 0.000114752510854, 0.000196648863493, 4.50232546427e-05, 4.52899148513e-05, 8.38328651298e-06, 4.04266256737e-06, 3.20995059155e-06, 1.40258441661e-06, 3.9638501903e-07, 2.35240573687e-08],
        "median": [1.63781260198e-05, 0.00405657337978, 0.00390556734055, 0.0109601942822, 0.0101297274232, 0.00184087769594, 0.00122702424414, 0.000663632643409, 0.000684582453687, 0.000530579069164, 0.000339823018294, 0.000189651254914, 0.000184433461982, 0.000228984776186, 0.000183792086318, 0.000229905694141, 8.78269638633e-05, 3.49853944499e-05, 3.62151913578e-05, 6.92239882483e-06, 5.67982624489e-06, 1.27126224925e-06, 4.32244405602e-07, 2.70701093541e-07, 1.14447566091e-07, 2.37733992492e-08, 3.13346770753e-09],
        "min": [2.10646002299e-25, 1.77945689419e-23, 1.29596175768e-23, 3.75832425681e-24, 1.54204573378e-23, 2.15065555091e-23, 4.86680825055e-23, 5.5728819903e-23, 7.69647282796e-23, 7.24092269459e-23, 4.48887224837e-23, 6.52338996133e-23, 8.7238246864e-23, 8.77187515077e-23, 1.19117857849e-22, 9.92084916596e-23, 1.27895052446e-22, 2.06890725215e-22, 1.78275912905e-22, 2.7917774814e-22, 3.96763410919e-22, 5.08365847722e-22, 5.51455929476e-22, 7.5308600006e-22, 1.23665662424e-21, 1.41155554352e-21, 2.1098146252e-21],
        "stdev": [8.28365809866e-05, 0.0242920704186, 0.00536831002682, 0.0108029199764, 0.0114248143509, 0.00341937015764, 0.00136910378933, 0.000718195922673, 0.00140516168904, 0.000627395755146, 0.000403167126933, 0.000272135745035, 0.000243650210905, 0.000520412926562, 0.000315075594699, 0.000520311063156, 0.000160831346875, 0.000533023441676, 0.000705579237547, 8.89538496267e-05, 0.000132106681122, 1.96853543457e-05, 9.67000414676e-06, 8.13270162325e-06, 3.5459843275e-06, 1.05972719666e-06, 6.67194228754e-08],
        "var": [6.86189860488e-09, 0.000590104667936, 2.88187547994e-05, 0.000116703085951, 0.000130526386783, 1.16920919027e-05, 1.87444516087e-06, 5.15805425039e-07, 1.97447934625e-06, 3.93625413153e-07, 1.62543742022e-07, 7.40578585123e-08, 5.93654227998e-08, 2.70829616511e-07, 9.92726327809e-08, 2.70723631957e-07, 2.58667203212e-08, 2.84114008764e-07, 4.97842052027e-07, 7.91278687018e-09, 1.74521748164e-08, 3.87513160449e-10, 9.35089783383e-11, 6.61408358638e-11, 1.25740052051e-11, 1.12302181443e-12, 4.45148170441e-15]
    },
    "erbbands": {
        "dmean": [0.0781268626451, 1.47893190384, 3.38215494156, 13.9737119675, 23.9337806702, 19.9075393677, 11.2001667023, 16.427312851, 11.3908958435, 11.6597394943, 10.8069314957, 16.7436542511, 10.9290676117, 11.5014896393, 6.55314397812, 5.63765048981, 5.64370822906, 8.12505340576, 8.68361663818, 10.602725029, 7.89483880997, 4.10920858383, 3.6636800766, 6.09360122681, 2.93482136726, 1.24172151089, 1.09062695503, 1.02578544617, 0.273594290018, 0.172824412584, 0.115197606385, 0.0784758627415, 0.0520902983844, 0.021635370329, 0.00829300563782, 0.00259711127728, 0.000583435758017, 0.000113952803076, 7.23639777789e-06, 1.37892429848e-05],
        "dmean2": [0.127738401294, 2.48932266235, 5.74437379837, 22.7482757568, 40.3687133789, 33.8937149048, 18.3986473083, 27.8535270691, 18.8466415405, 19.6055755615, 18.4605255127, 28.5174350739, 18.3193569183, 19.5340576172, 11.2088708878, 9.66898345947, 9.5043182373, 13.949432373, 15.1350784302, 18.5104980469, 13.7580327988, 6.91293859482, 6.04303741455, 8.83837604523, 4.20842647552, 1.90193498135, 1.58315551281, 1.52487325668, 0.400483757257, 0.254809707403, 0.172116070986, 0.117317520082, 0.0771522000432, 0.0317345783114, 0.0122663890943, 0.00390968425199, 0.00088264857186, 0.000172659594682, 1.15671709864e-05, 2.31581925618e-05],
        "dvar": [0.02412205562, 6.08579683304, 15.9964361191, 218.745071411, 658.475769043, 581.825073242, 190.484405518, 518.846435547, 271.739318848, 224.915725708, 210.899154663, 1136.31176758, 310.583648682, 263.343780518, 84.9684066772, 105.255729675, 78.6849517822, 504.895843506, 678.771362305, 751.734130859, 536.492004395, 65.6845245361, 479.05178833, 504.933319092, 60.0667190552, 6.04074764252, 7.15927743912, 10.9968547821, 0.415638744831, 0.140262380242, 0.0698406249285, 0.0321266725659, 0.0154346283525, 0.00249690259807, 0.000382679980248, 4.040056956e-05, 2.19539583668e-06, 8.19380900907e-08, 6.81772693856e-11, 1.67927824424e-10],
        "dvar2": [0.0532581843436, 16.1956539154, 46.5261611938, 570.683105469, 1951.67883301, 1600.17236328, 474.089385986, 1336.7421875, 746.067016602, 598.450012207, 585.5625, 3023.22094727, 852.625610352, 746.736755371, 242.615493774, 296.726501465, 216.508850098, 1433.56555176, 1931.9420166, 2178.30517578, 1548.6550293, 177.618804932, 1100.91418457, 989.012573242, 112.04650116, 14.6178646088, 16.2961444855, 27.3019447327, 1.01682662964, 0.298485815525, 0.153098508716, 0.070235863328, 0.0342011786997, 0.00546444579959, 0.000847027578857, 9.27994406084e-05, 4.96899929203e-06, 1.83051454883e-07, 1.41139419596e-10, 4.59985605161e-10],
        "max": [3.0447742939, 36.7799682617, 55.3380661011, 148.644668579, 262.262756348, 256.531341553, 167.487442017, 300.531097412, 288.713653564, 212.046005249, 163.084747314, 529.934814453, 210.804016113, 165.415008545, 99.4697113037, 207.579574585, 111.359886169, 384.630981445, 354.403686523, 486.247344971, 454.717773438, 98.8669662476, 847.547058105, 844.612670898, 268.376068115, 43.5401000977, 54.4775276184, 80.971496582, 15.5734672546, 3.47814416885, 2.66746020317, 1.56209146976, 1.04664194584, 0.473151415586, 0.201782912016, 0.0678958073258, 0.016879606992, 0.0028339959681, 0.000205277756322, 0.000173921711394],
        "mean": [0.242134228349, 3.30430984497, 6.55588912964, 27.0272464752, 54.7753410339, 40.7042236328, 23.6551551819, 26.486782074, 19.7552185059, 22.8247852325, 18.6414833069, 26.0357036591, 19.8370761871, 22.4525871277, 13.3485298157, 10.6625785828, 10.9431676865, 13.8455581665, 14.0273857117, 18.3851604462, 13.5438909531, 7.4675283432, 6.74967336655, 10.8125534058, 5.46401405334, 2.08762478828, 1.82132220268, 1.64164936543, 0.358910799026, 0.177070185542, 0.113286994398, 0.074884749949, 0.0488036088645, 0.0204018130898, 0.00781264621764, 0.00240902975202, 0.000552695244551, 0.000107945685158, 2.81745051325e-05, 6.08014233876e-05],
        "median": [0.0539991669357, 1.11214184761, 4.63874435425, 22.1316833496, 44.3628692627, 28.8128509521, 17.1083641052, 16.0948486328, 14.9883022308, 18.8720569611, 14.7090148926, 16.1956520081, 15.6455860138, 18.4880599976, 11.4723110199, 8.4317483902, 8.82414150238, 10.5730895996, 10.1220664978, 13.5753517151, 10.1336135864, 5.17172908783, 2.2649269104, 2.11615633965, 1.25902545452, 0.374000132084, 0.260845303535, 0.199467748404, 0.0566224455833, 0.0230254940689, 0.0126039125025, 0.00700677698478, 0.0040318085812, 0.00168103503529, 0.000674193142913, 0.00021387563902, 4.27224877058e-05, 7.6721808e-06, 2.63355250354e-05, 5.84014997003e-05],
        "min": [4.14785058206e-22, 4.22980421816e-21, 1.28825641743e-20, 1.58685310892e-20, 7.87345484489e-21, 3.16366405134e-20, 1.40983758875e-19, 1.52233156712e-19, 5.6515734995e-19, 8.57292054801e-19, 9.90223908347e-19, 1.50684317883e-18, 1.56799591773e-18, 3.79946554658e-18, 2.2372615475e-18, 2.680682675e-18, 3.60638628877e-18, 5.37463498138e-18, 5.24428331097e-18, 5.99204341777e-18, 8.26290648932e-18, 1.01199220014e-17, 1.07606577583e-17, 9.41906179457e-18, 1.02246381039e-17, 1.66024512624e-17, 2.21588269233e-17, 1.47057161916e-17, 1.27662365627e-17, 1.58716371912e-17, 1.46770593465e-17, 1.65142159065e-17, 1.29835625523e-17, 1.16162470618e-17, 7.25941067484e-18, 5.48310855178e-18, 2.53416479348e-18, 1.14183587827e-18, 2.9228235659e-19, 2.94332413879e-20],
        "stdev": [0.497493863106, 6.11289644241, 5.72643280029, 20.2241668701, 42.2886924744, 37.2047538757, 21.4250030518, 30.3840255737, 19.0090065002, 19.4978961945, 17.1249313354, 36.4560050964, 19.7920513153, 20.5168495178, 11.5707111359, 11.1636104584, 10.7646026611, 19.8021125793, 22.6815624237, 24.9642410278, 20.0611133575, 9.35070228577, 31.2795848846, 37.6650390625, 13.9376916885, 3.98602199554, 4.48310709, 5.23003911972, 0.890244603157, 0.402852088213, 0.272489964962, 0.184854850173, 0.126286581159, 0.0515312887728, 0.0200117975473, 0.00630545290187, 0.00148546660785, 0.000291135307634, 1.30551134134e-05, 2.51167875831e-05],
        "var": [0.247500151396, 37.3675003052, 32.7920303345, 409.016906738, 1788.33361816, 1384.19372559, 459.030731201, 923.189025879, 361.342346191, 380.167938232, 293.263244629, 1329.0402832, 391.725311279, 420.941131592, 133.881347656, 124.626205444, 115.876670837, 392.123687744, 514.45324707, 623.213317871, 402.448242188, 87.4356384277, 978.412475586, 1418.65515137, 194.259246826, 15.8883714676, 20.0982475281, 27.3533096313, 0.792535483837, 0.16228979826, 0.0742507874966, 0.0341713167727, 0.0159483011812, 0.00265547353774, 0.000400472024921, 3.9758735511e-05, 2.20661104322e-06, 8.47597689813e-08, 1.7043598477e-10, 6.30853036476e-10]
    },
    "gfcc": {
        "mean": [-57.0511169434, 196.657775879, -117.82988739, 24.7476882935, -28.7219257355, -10.5371160507, -27.7061748505, -9.22562408447, -15.3796424866, -16.8762321472, -12.8137865067, -17.7383804321, -0.589739084244],
        "cov": [[5329.96289062, -1070.20825195, -1241.7232666, 255.685119629, -811.101806641, 30.6230239868, -391.641845703, 12.9864292145, -422.941223145, 69.771484375, -278.696228027, -2.39430522919, -189.157012939], [-1070.20825195, 1214.93505859, 9.86128425598, -364.043121338, 518.877075195, -184.127227783, 135.461776733, -108.911064148, 209.17640686, -162.610946655, 114.101097107, -93.3999862671, 112.452575684], [-1241.7232666, 9.86128425598, 996.261230469, 79.2828903198, 135.625671387, 232.836853027, 68.002456665, 101.804519653, 151.662994385, 79.2471466064, 102.001716614, 107.132316589, 54.4674568176], [255.685119629, -364.043121338, 79.2828903198, 450.048614502, -103.435424805, -37.2093429565, 175.79473877, 34.1722564697, -64.9657516479, 113.676574707, 5.6460814476, 13.323597908, 4.70862579346], [-811.101806641, 518.877075195, 135.625671387, -103.435424805, 356.857391357, -55.7435417175, 128.487792969, -9.87668514252, 118.738227844, -51.946346283, 68.0034637451, -32.3454589844, 46.4391784668], [30.6230239868, -184.127227783, 232.836853027, -37.2093429565, -55.7435417175, 206.134384155, -86.8306884766, 72.7064743042, 38.0149421692, 30.2850399017, 0.11611174047, 52.3880577087, -12.5549821854], [-391.641845703, 135.461776733, 68.002456665, 175.79473877, 128.487792969, -86.8306884766, 228.305999756, -1.95703482628, 27.2806015015, 38.6608047485, 35.9184379578, -25.0447654724, 34.1357841492], [12.9864292145, -108.911064148, 101.804519653, 34.1722564697, -9.87668514252, 72.7064743042, -1.95703482628, 82.9627761841, 25.0083312988, 38.7444572449, 16.6229343414, 26.6140918732, -8.73473930359], [-422.941223145, 209.17640686, 151.662994385, -64.9657516479, 118.738227844, 38.0149421692, 27.2806015015, 25.0083312988, 112.813529968, -0.233854219317, 43.9457626343, 16.2369194031, 30.7775726318], [69.771484375, -162.610946655, 79.2471466064, 113.676574707, -51.946346283, 30.2850399017, 38.6608047485, 38.7444572449, -0.233854219317, 84.9960861206, 12.0678224564, 30.201833725, 3.69180369377], [-278.696228027, 114.101097107, 102.001716614, 5.6460814476, 68.0034637451, 0.11611174047, 35.9184379578, 16.6229343414, 43.9457626343, 12.0678224564, 60.9006347656, 11.9036798477, 23.4863128662], [-2.39430522919, -93.3999862671, 107.132316589, 13.323597908, -32.3454589844, 52.3880577087, -25.0447654724, 26.6140918732, 16.2369194031, 30.201833725, 11.9036798477, 56.8475761414, 4.96257257462], [-189.157012939, 112.452575684, 54.4674568176, 4.70862579346, 46.4391784668, -12.5549821854, 34.1357841492, -8.73473930359, 30.7775726318, 3.69180369377, 23.4863128662, 4.96257257462, 52.5280342102]],
        "icov": [[0.000914715521503, -0.00248038978316, 0.00123504607473, -0.0024337421637, 0.00111623655539, -0.00200133002363, 0.00215815403499, -0.00172386912163, 0.00305546238087, -0.00189682957716, 0.00291105010547, -0.0021736943163, 0.00163397577126], [-0.00248038978316, 0.0156476534903, -0.00327802170068, 0.0114653492346, -0.00703946128488, 0.00928618572652, -0.00844231620431, 0.00935045257211, -0.0162336751819, 0.00996279809624, -0.0145195908844, 0.0117250392213, -0.0103794364259], [0.00123504607473, -0.00327802170068, 0.00403484003618, -0.00401146011427, 0.000516374770086, -0.00577239645645, 0.00225904444233, -0.00115286710206, 0.00353717221878, -0.00231891311705, 0.00205245986581, -0.00521519733593, 0.00181037536822], [-0.0024337421637, 0.0114653492346, -0.00401146011427, 0.0166500192136, -0.00182101270184, 0.0081038819626, -0.0142895113677, 0.00504204444587, -0.00826607551426, 0.00466863345355, -0.0119023900479, 0.00829635839909, -0.00791750662029], [0.00111623655539, -0.00703946128488, 0.000516374770086, -0.00182101270184, 0.0134043358266, -0.00254926551133, -0.00329483137466, -0.0059443092905, 0.00231918273494, 0.00138943421189, 0.00298452330753, -0.00321286940016, 0.0049230097793], [-0.00200133002363, 0.00928618572652, -0.00577239645645, 0.0081038819626, -0.00254926551133, 0.0209799073637, -0.00114178692456, -0.00258991215378, -0.0138725200668, 0.00497552147135, -0.00361060607247, 0.00663024419919, -0.00548162730411], [0.00215815403499, -0.00844231620431, 0.00225904444233, -0.0142895113677, -0.00329483137466, -0.00114178692456, 0.0239593368024, -0.00483741424978, 0.00655689556152, -0.0127472383901, 0.0106642339379, -0.000317460333463, 0.00336480117403], [-0.00172386912163, 0.00935045257211, -0.00115286710206, 0.00504204444587, -0.0059443092905, -0.00258991215378, -0.00483741424978, 0.0312264375389, -0.0135131785646, -0.00125735823531, -0.0147316083312, 0.00601534545422, 0.00151516962796], [0.00305546238087, -0.0162336751819, 0.00353717221878, -0.00826607551426, 0.00231918273494, -0.0138725200668, 0.00655689556152, -0.0135131785646, 0.0416152514517, -0.0121519910172, 0.0103243030608, -0.0159213449806, 0.00431369710714], [-0.00189682957716, 0.00996279809624, -0.00231891311705, 0.00466863345355, 0.00138943421189, 0.00497552147135, -0.0127472383901, -0.00125735823531, -0.0121519910172, 0.0365129001439, -0.0127229169011, -0.00184663198888, -0.00772029813379], [0.00291105010547, -0.0145195908844, 0.00205245986581, -0.0119023900479, 0.00298452330753, -0.00361060607247, 0.0106642339379, -0.0147316083312, 0.0103243030608, -0.0127229169011, 0.0455352924764, -0.0142164370045, 0.00345208845101], [-0.0021736943163, 0.0117250392213, -0.00521519733593, 0.00829635839909, -0.00321286940016, 0.00663024419919, -0.000317460333463, 0.00601534545422, -0.0159213449806, -0.00184663198888, -0.0142164370045, 0.0432100743055, -0.0109001826495], [0.00163397577126, -0.0103794364259, 0.00181037536822, -0.00791750662029, 0.0049230097793, -0.00548162730411, 0.00336480117403, 0.00151516962796, 0.00431369710714, -0.00772029813379, 0.00345208845101, -0.0109001826495, 0.0358785800636]]
    },
    "melbands": {
        "dmean": [0.00115637865383, 0.00178573420271, 0.00246142689139, 0.00155734526925, 0.000427491439041, 0.000347039400367, 0.000170672268723, 0.000118438227219, 8.84067994775e-05, 0.000105000377516, 5.54660655325e-05, 4.80797425553e-05, 2.77432754956e-05, 1.6633530322e-05, 1.30911530505e-05, 1.28464198497e-05, 1.66460176843e-05, 1.64797656907e-05, 1.12804646051e-05, 1.72310265043e-05, 7.67589517636e-06, 4.77960975331e-06, 3.24948200614e-06, 3.31351179739e-06, 5.53082054466e-06, 3.2741013456e-06, 1.23597351376e-06, 8.15365694962e-07, 7.0165208399e-07, 7.59570298214e-07, 5.24950053205e-07, 1.54384480311e-07, 1.10634381656e-07, 8.82880115682e-08, 6.64049579768e-08, 5.94843427848e-08, 4.42412400048e-08, 4.10160119202e-08, 2.57836241246e-08, 1.58966670938e-08],
        "dmean2": [0.00191701948643, 0.00303929927759, 0.00400985078886, 0.00265395082533, 0.000701822980773, 0.000586684269365, 0.000281049811747, 0.000200780166779, 0.000151188403834, 0.000179587077582, 9.33506453293e-05, 8.17987820483e-05, 4.75256128993e-05, 2.85211917799e-05, 2.19752273551e-05, 2.16686003114e-05, 2.87960519927e-05, 2.90486077574e-05, 1.95473257918e-05, 3.03323977278e-05, 1.33104967972e-05, 8.07971264294e-06, 5.31030082129e-06, 5.54731605007e-06, 7.97414486442e-06, 4.51262803836e-06, 1.90436469438e-06, 1.28469503125e-06, 1.04719526917e-06, 1.1309052752e-06, 7.91307513737e-07, 2.32153624324e-07, 1.6581861928e-07, 1.30738129656e-07, 1.00567199013e-07, 9.01732306602e-08, 6.69762698635e-08, 6.18388682483e-08, 3.82066041027e-08, 2.37928450275e-08],
        "dvar": [4.46316198577e-06, 4.93749439556e-06, 6.28672705716e-06, 3.08106154989e-06, 2.38774418904e-07, 2.28572872629e-07, 5.93681157568e-08, 2.16904485484e-08, 1.58091726377e-08, 4.56821780404e-08, 7.84765141759e-09, 4.75581307668e-09, 1.41595546399e-09, 7.99095123405e-10, 4.69672689629e-10, 5.34789323936e-10, 2.23859730752e-09, 2.76405121014e-09, 5.80365644431e-10, 2.75317568743e-09, 4.05665778747e-10, 8.7899729162e-11, 6.78489972539e-11, 7.03719138517e-10, 4.0560013681e-10, 1.31635050082e-10, 7.56598603213e-12, 2.85108547014e-12, 2.98856555822e-12, 5.62190008088e-12, 2.99712750278e-12, 1.41065300717e-13, 5.97796009742e-14, 3.91906389882e-14, 2.45741554411e-14, 1.91046773535e-14, 1.06752646545e-14, 1.02214235543e-14, 3.58526049628e-15, 1.42157433659e-15],
        "dvar2": [1.09368847916e-05, 1.38512232297e-05, 1.66371210071e-05, 8.95926223166e-06, 6.03572459568e-07, 5.76698141685e-07, 1.62527612702e-07, 5.80530752359e-08, 4.33345164197e-08, 1.22090554555e-07, 2.17526210378e-08, 1.34745929969e-08, 4.04647826358e-09, 2.24031615481e-09, 1.29413091354e-09, 1.49458234677e-09, 6.36572083934e-09, 7.89356935371e-09, 1.63821878285e-09, 8.03483946044e-09, 1.1606503536e-09, 2.39204683838e-10, 1.55981644268e-10, 1.74772096795e-09, 7.49847406389e-10, 2.08106962218e-10, 1.84845264095e-11, 7.07549557138e-12, 7.09279380021e-12, 1.40637553686e-11, 7.4183662685e-12, 3.52467350011e-13, 1.33485467146e-13, 8.49509603829e-14, 5.46736524869e-14, 4.25475220377e-14, 2.37085419791e-14, 2.31093610366e-14, 7.75430457014e-15, 3.20510893318e-15],
        "max": [0.0375857949257, 0.0369019806385, 0.0269708205014, 0.0176699291915, 0.0053020985797, 0.00648220255971, 0.00431534880772, 0.00196315324865, 0.00160013139248, 0.00300977681763, 0.00101218710188, 0.00070680474164, 0.000363121915143, 0.000476771005196, 0.000402905454393, 0.00032312105759, 0.000891059054993, 0.000825187715236, 0.000379312579753, 0.00107613857836, 0.000360993115464, 0.000123392164824, 0.000244688038947, 0.00102934311144, 0.000806168653071, 0.000492673367262, 5.12535079906e-05, 3.17845115205e-05, 3.41562445101e-05, 5.75318226765e-05, 4.51518390037e-05, 8.76452759258e-06, 2.5399963306e-06, 2.32692718782e-06, 1.75380637302e-06, 1.1321914144e-06, 8.95856373972e-07, 9.51567017182e-07, 4.60031913008e-07, 3.96063541075e-07],
        "mean": [0.00304984627292, 0.00401959754527, 0.00562953669578, 0.00357816834003, 0.000943011662457, 0.000574710196815, 0.000303705281112, 0.000235132334637, 0.000148408347741, 0.000161446238053, 9.68506428762e-05, 9.24384221435e-05, 5.20673165738e-05, 2.96226571663e-05, 2.50839239015e-05, 2.2836466087e-05, 2.66371862381e-05, 2.4245278837e-05, 1.96097371372e-05, 2.76649043371e-05, 1.26593331515e-05, 7.98666224e-06, 5.94220819039e-06, 5.45038665223e-06, 9.54184451984e-06, 5.99477516516e-06, 2.02134106075e-06, 1.25713665966e-06, 1.13496412268e-06, 1.16634532787e-06, 8.29801876989e-07, 1.92891633333e-07, 1.10592452529e-07, 8.67307505814e-08, 6.47565272516e-08, 5.66877957908e-08, 4.14899972156e-08, 3.78820992353e-08, 2.43081039741e-08, 1.46580632077e-08],
        "median": [0.000841267057694, 0.00242986250669, 0.00508155114949, 0.00282342499122, 0.000713594723493, 0.000355323514668, 0.000234982988331, 0.000203155650524, 0.000113336238428, 9.99696349027e-05, 7.61915944167e-05, 7.53269559937e-05, 4.18371782871e-05, 2.28626522585e-05, 1.96920409508e-05, 1.74173910636e-05, 1.92879379028e-05, 1.63505974342e-05, 1.44427749547e-05, 1.89862548723e-05, 9.22394701774e-06, 5.66192738916e-06, 2.47114712693e-06, 1.50845835378e-06, 1.72798718268e-06, 1.26320890104e-06, 3.25974355064e-07, 2.0518399424e-07, 1.57490262609e-07, 1.44017121784e-07, 9.94275026756e-08, 2.81624270571e-08, 1.26608643569e-08, 1.01142907383e-08, 7.17581682963e-09, 5.63089352923e-09, 3.72542263705e-09, 3.09187742076e-09, 1.91612903322e-09, 1.15983600502e-09],
        "min": [4.21330688365e-24, 6.63793319585e-24, 2.66751086568e-24, 2.96851178812e-24, 4.18259495088e-24, 3.5849294744e-24, 8.9151553259e-24, 1.07367637404e-23, 8.61844659564e-24, 9.99453240327e-24, 7.49570977862e-24, 1.52327115978e-23, 6.75862339233e-24, 7.12006762619e-24, 6.50685251797e-24, 8.09463506597e-24, 8.89188235147e-24, 8.08332832261e-24, 7.70061797647e-24, 6.28132546821e-24, 1.12347574303e-23, 8.99845114888e-24, 9.55768884409e-24, 9.10011086487e-24, 6.95585834015e-24, 6.3723604111e-24, 7.90646728538e-24, 1.16273025054e-23, 1.21917640375e-23, 1.1291949846e-23, 8.00915646486e-24, 7.14097322904e-24, 8.24645134718e-24, 8.47936726261e-24, 7.77684955005e-24, 9.46425536961e-24, 1.05093887839e-23, 7.84684754475e-24, 1.13554428937e-23, 8.11200183879e-24],
        "stdev": [0.00611126655713, 0.00435071112588, 0.00367039605044, 0.00277244742028, 0.000799922971055, 0.000653975526802, 0.000286277179839, 0.000191618833924, 0.00014557808754, 0.000228099801461, 9.76267765509e-05, 8.61018925207e-05, 4.70484046673e-05, 3.10718533001e-05, 2.62872054009e-05, 2.49790391535e-05, 4.09348576795e-05, 4.43453864136e-05, 2.49114418693e-05, 4.42273230874e-05, 1.80335318873e-05, 1.01388986877e-05, 1.36240241773e-05, 3.36747798428e-05, 3.48121902789e-05, 2.11224032682e-05, 4.27341592513e-06, 2.55070176536e-06, 2.72445663541e-06, 3.54898907062e-06, 2.7322389542e-06, 5.07464847033e-07, 2.61320337813e-07, 2.07355228099e-07, 1.59447580472e-07, 1.40277265359e-07, 1.05082698099e-07, 1.00810659376e-07, 6.1937690532e-08, 3.79367719461e-08],
        "var": [3.73475777451e-05, 1.89286856767e-05, 1.34718065965e-05, 7.68646441429e-06, 6.39876759578e-07, 4.27683971793e-07, 8.19546244202e-08, 3.67177754867e-08, 2.11929798155e-08, 5.2029516695e-08, 9.53098755474e-09, 7.41353645139e-09, 2.2135522304e-09, 9.65460156266e-10, 6.91017187915e-10, 6.23952389756e-10, 1.67566271969e-09, 1.96651317452e-09, 6.20579920785e-10, 1.9560562059e-09, 3.25208276974e-10, 1.02797263757e-10, 1.85614038029e-10, 1.13399090118e-09, 1.21188847846e-09, 4.4615589001e-10, 1.82620828182e-11, 6.50607952929e-12, 7.42266404591e-12, 1.25953232219e-11, 7.4651300766e-12, 2.5752056737e-13, 6.82883179799e-14, 4.29961886136e-14, 2.54235312815e-14, 1.96777103889e-14, 1.1042372969e-14, 1.01627885456e-14, 3.83627786317e-15, 1.43919876288e-15]
    },
    "melbands128": {
