{
"lowlevel": {
    "average_loudness": 0.970881044865,
    "barkbands_crest": {
        "dmean": 2.58541941643,
        "dmean2": 4.19385385513,
        "dvar": 6.46349191666,
        "dvar2": 16.321352005,
        "max": 24.7645969391,
        "mean": 10.8804721832,
        "median": 10.0946998596,
        "min": 3.53355813026,
        "stdev": 4.09390115738,
        "var": 16.7600250244
    },
    "barkbands_flatness_db": {
        "dmean": 0.0267441011965,
        "dmean2": 0.0387983061373,
        "dvar": 0.00083776563406,
        "dvar2": 0.00161064462736,
        "max": 0.477771759033,
        "mean": 0.202718645334,
        "median": 0.191752910614,
        "min": 0.0522933192551,
        "stdev": 0.0732664987445,
        "var": 0.00536798033863
    },
    "barkbands_kurtosis": {
        "dmean": 9.55366516113,
        "dmean2": 15.0320568085,
        "dvar": 607.609558105,
        "dvar2": 1547.90893555,
        "max": 418.216400146,
        "mean": 15.2089509964,
        "median": 3.93858146667,
        "min": -1.91454565525,
        "stdev": 33.2601242065,
        "var": 1106.23596191
    },
    "barkbands_skewness": {
        "dmean": 0.785917401314,
        "dmean2": 1.16235721111,
        "dvar": 1.23840558529,
        "dvar2": 2.78970623016,
        "max": 16.0198402405,
        "mean": 2.28810739517,
        "median": 1.71694970131,
        "min": -2.6483027935,
        "stdev": 2.16095399857,
        "var": 4.66972255707
    },
    "barkbands_spread": {
        "dmean": 4.00981330872,
        "dmean2": 5.78868293762,
        "dvar": 33.9936218262,
        "dvar2": 64.9740371704,
        "max": 113.069694519,
        "mean": 14.4908294678,
        "median": 10.5269002914,
        "min": 0.426917105913,
        "stdev": 13.0479459763,
        "var": 170.248886108
    },
    "dissonance": {
        "dmean": 0.0292044412345,
        "dmean2": 0.0490190163255,
        "dvar": 0.000699389434885,
        "dvar2": 0.00181810068898,
        "max": 0.499285936356,
        "mean": 0.431751310825,
        "median": 0.43890568614,
        "min": 0.247536703944,
        "stdev": 0.0422407723963,
        "var": 0.00178428273648
    },
    "dynamic_complexity": 3.19590735435,
    "erbbands_crest": {
        "dmean": 2.42761588097,
        "dmean2": 3.7874610424,
        "dvar": 5.54874515533,
        "dvar2": 13.6844139099,
        "max": 26.6628036499,
        "mean": 10.4152746201,
        "median": 9.64245700836,
        "min": 2.72124671936,
        "stdev": 4.06233215332,
        "var": 16.5025405884
    },
    "erbbands_flatness_db": {
        "dmean": 0.0202889293432,
        "dmean2": 0.0274528954178,
        "dvar": 0.000419023999711,
        "dvar2": 0.000787348137237,
        "max": 0.35794878006,
        "mean": 0.17890432477,
        "median": 0.179283544421,
        "min": 0.0510633438826,
        "stdev": 0.0472425967455,
        "var": 0.00223186309449
    },
    "erbbands_kurtosis": {
        "dmean": 1.29510974884,
        "dmean2": 1.98517429829,
        "dvar": 4.03812265396,
        "dvar2": 9.63698768616,
        "max": 27.1856269836,
        "mean": 1.62946629524,
        "median": 0.706223964691,
        "min": -1.76206123829,
        "stdev": 3.43304109573,
        "var": 11.7857704163
    },
    "erbbands_skewness": {
        "dmean": 0.391827613115,
        "dmean2": 0.580581307411,
        "dvar": 0.169737875462,
        "dvar2": 0.36331436038,
        "max": 4.99956560135,
        "mean": 0.601292729378,
        "median": 0.559166312218,
        "min": -3.0506336689,
        "stdev": 1.04898059368,
        "var": 1.10036027431
    },
    "erbbands_spread": {
        "dmean": 7.62876653671,
        "dmean2": 11.2640686035,
        "dvar": 110.312088013,
        "dvar2": 231.61529541,
        "max": 159.718536377,
        "mean": 32.1603546143,
        "median": 28.5177078247,
        "min": 4.54777240753,
        "stdev": 20.21575737,
        "var": 408.676818848
    },
    "hfc": {
        "dmean": 4.21362495422,
        "dmean2": 5.52478408813,
        "dvar": 56.9526596069,
        "dvar2": 100.296714783,
        "max": 140.468963623,
        "mean": 13.3804836273,
        "median": 7.05669403076,
        "min": 0.0337196737528,
        "stdev": 16.9776439667,
        "var": 288.24041748
    },
    "loudness_ebu128": {
        "integrated": -19.5835781097,
        "loudness_range": 2.97749900818,
        "momentary": {
            "dmean": 0.962156414986,
            "dmean2": 1.19742929935,
            "dvar": 0.78850466013,
            "dvar2": 1.18598353863,
            "max": -14.0165481567,
            "mean": -20.0954532623,
            "median": -19.9443664551,
            "min": -28.930273056,
            "stdev": 2.20487427711,
            "var": 4.86147022247
        },
        "short_term": {
            "dmean": 0.108866132796,
            "dmean2": 0.118270203471,
            "dvar": 0.00973983854055,
            "dvar2": 0.0115652792156,
            "max": -17.1691589355,
            "mean": -19.6415576935,
            "median": -19.6297950745,
            "min": -22.8670864105,
            "stdev": 1.03932571411,
            "var": 1.08019804955
        }
    },
    "melbands_crest": {
        "dmean": 3.347468853,
        "dmean2": 5.49729633331,
        "dvar": 9.56566143036,
        "dvar2": 23.8532314301,
        "max": 33.5206718445,
        "mean": 15.241651535,
        "median": 14.6420049667,
        "min": 4.06363630295,
        "stdev": 5.15577507019,
        "var": 26.5820159912
    },
    "melbands_flatness_db": {
        "dmean": 0.0317245908082,
        "dmean2": 0.0461829006672,
        "dvar": 0.00118903722614,
        "dvar2": 0.00218290602788,
        "max": 0.620249807835,
        "mean": 0.296064972878,
        "median": 0.282787203789,
        "min": 0.0922715738416,
        "stdev": 0.0928662419319,
        "var": 0.00862413831055
    },
    "melbands_kurtosis": {
        "dmean": 15.6986675262,
        "dmean2": 24.7868366241,
        "dvar": 1758.39099121,
        "dvar2": 4520.05566406,
        "max": 956.250854492,
        "mean": 29.8434276581,
        "median": 8.73701000214,
        "min": -1.76333010197,
        "stdev": 66.5316543579,
        "var": 4426.4609375
    },
    "melbands_skewness": {
        "dmean": 0.896250426769,
        "dmean2": 1.33328294754,
        "dvar": 1.45864641666,
        "dvar2": 3.19024658203,
        "max": 23.9246330261,
        "mean": 3.10334396362,
        "median": 2.40150856972,
        "min": -2.03935718536,
        "stdev": 2.45794487,
        "var": 6.04149341583
    },
    "melbands_spread": {
        "dmean": 4.67771148682,
        "dmean2": 6.78834056854,
        "dvar": 45.2840003967,
        "dvar2": 100.918190002,
        "max": 96.7435073853,
        "mean": 15.5869579315,
        "median": 11.0938987732,
        "min": 0.394067972898,
        "stdev": 15.3150014877,
        "var": 234.54927063
    },
    "pitch_salience": {
        "dmean": 0.0775012224913,
        "dmean2": 0.126028418541,
        "dvar": 0.00488008884713,
        "dvar2": 0.0121322050691,
        "max": 0.802971184254,
        "mean": 0.501456141472,
        "median": 0.504731535912,
        "min": 0.113263681531,
        "stdev": 0.117082238197,
        "var": 0.0137082496658
    },
    "silence_rate_20dB": {
        "dmean": 0,
        "dmean2": 0,
        "dvar": 0,
        "dvar2": 0,
        "max": 1,
        "mean": 1,
        "median": 1,
        "min": 1,
        "stdev": 0,
        "var": 0
    },
    "silence_rate_30dB": {
        "dmean": 0.00103199179284,
        "dmean2": 0.00206504901871,
        "dvar": 0.00103093346115,
        "dvar2": 0.00309333251789,
        "max": 1,
        "mean": 0.999484241009,
        "median": 1,
        "min": 0,
        "stdev": 0.0227033067495,
        "var": 0.000515440129675
    },
    "silence_rate_60dB": {
        "dmean": 0.0257997941226,
        "dmean2": 0.0516262277961,
        "dvar": 0.0251332521439,
        "dvar2": 0.055155094713,
        "max": 1,
        "mean": 0.0500257872045,
        "median": 0,
        "min": 0,
        "stdev": 0.217997848988,
        "var": 0.0475230589509
    },
    "spectral_centroid": {
        "dmean": 175.977676392,
        "dmean2": 249.417755127,
        "dvar": 60427.84375,
        "dvar2": 124492.640625,
        "max": 2848.41381836,
        "mean": 877.944580078,
        "median": 680.13659668,
        "min": 139.78956604,
        "stdev": 612.794311523,
        "var": 375516.875
    },
    "spectral_complexity": {
        "dmean": 2.39783287048,
        "dmean2": 3.47496128082,
        "dvar": 14.9000282288,
        "dvar2": 29.5834369659,
        "max": 49,
        "mean": 10.3424444199,
        "median": 9,
        "min": 0,
        "stdev": 6.64934015274,
        "var": 44.2137260437
    },
    "spectral_decrease": {
        "dmean": 2.39761965837e-09,
        "dmean2": 3.47358164454e-09,
        "dvar": 1.1813241779e-17,
        "dvar2": 2.25679322563e-17,
        "max": -3.32808260117e-11,
        "mean": -6.44089315216e-09,
        "median": -5.03732344725e-09,
        "min": -3.37764234359e-08,
        "stdev": 5.23710852463e-09,
        "var": 2.74273040265e-17
    },
    "spectral_energy": {
        "dmean": 0.00931467395276,
        "dmean2": 0.0134265273809,
        "dvar": 0.000174600892933,
        "dvar2": 0.000331291550538,
        "max": 0.129358947277,
        "mean": 0.0255230981857,
        "median": 0.0197463128716,
        "min": 0.000136890128488,
        "stdev": 0.0206312835217,
        "var": 0.000425649835961
    },
    "spectral_energyband_high": {
        "dmean": 0.000141712822369,
        "dmean2": 0.000201869130251,
        "dvar": 1.54577051603e-07,
        "dvar2": 3.59970897534e-07,
        "max": 0.0070948866196,
        "mean": 0.000269391806796,
        "median": 5.63977046113e-05,
        "min": 8.86323832106e-08,
        "stdev": 0.000662652892061,
        "var": 4.39108816863e-07
    },
    "spectral_energyband_low": {
        "dmean": 0.00719916261733,
        "dmean2": 0.0111058568582,
        "dvar": 0.000152149266796,
        "dvar2": 0.000304571090965,
        "max": 0.127270296216,
        "mean": 0.0126729710028,
        "median": 0.00804388802499,
        "min": 3.94360977225e-05,
        "stdev": 0.015368022956,
        "var": 0.000236176143517
    },
    "spectral_energyband_middle_high": {
        "dmean": 0.00139322027098,
        "dmean2": 0.00184974551667,
        "dvar": 6.92374351274e-06,
        "dvar2": 1.19364867714e-05,
        "max": 0.0394642911851,
        "mean": 0.00414838502184,
        "median": 0.00126915390138,
        "min": 6.29705709798e-07,
        "stdev": 0.00617461465299,
        "var": 3.81258651032e-05
    },
    "spectral_energyband_middle_low": {
        "dmean": 0.00296139088459,
        "dmean2": 0.0042903595604,
        "dvar": 1.84900673048e-05,
        "dvar2": 3.79308585252e-05,
        "max": 0.0557689741254,
        "mean": 0.00929369032383,
        "median": 0.00676259817556,
        "min": 2.25303738262e-05,
        "stdev": 0.0085368975997,
        "var": 7.28786253603e-05
    },
    "spectral_entropy": {
        "dmean": 0.232241168618,
        "dmean2": 0.318853288889,
        "dvar": 0.0615101344883,
        "dvar2": 0.117408938706,
        "max": 8.59510231018,
        "mean": 6.81779575348,
        "median": 6.81992387772,
        "min": 4.65857696533,
        "stdev": 0.600129187107,
        "var": 0.360155016184
    },
    "spectral_flux": {
        "dmean": 0.0270353071392,
        "dmean2": 0.0432964898646,
        "dvar": 0.00101559655741,
        "dvar2": 0.00253841280937,
        "max": 0.2455701828,
        "mean": 0.0707027390599,
        "median": 0.0583168528974,
        "min": 0.00873431283981,
        "stdev": 0.0454390533268,
        "var": 0.00206470768899
    },
    "spectral_kurtosis": {
        "dmean": 3.35579228401,
        "dmean2": 5.38256025314,
        "dvar": 31.2529239655,
        "dvar2": 69.575843811,
        "max": 134.981414795,
        "mean": 9.51315593719,
        "median": 6.7864151001,
        "min": -0.988762378693,
        "stdev": 9.51386451721,
        "var": 90.5136260986
    },
    "spectral_rms": {
        "dmean": 0.000874642806593,
        "dmean2": 0.00122535100672,
        "dvar": 1.08172844193e-06,
        "dvar2": 1.83465567716e-06,
        "max": 0.011234048754,
        "mean": 0.00459514651448,
        "median": 0.00438915658742,
        "min": 0.000365446758224,
        "stdev": 0.00194555753842,
        "var": 3.78519393962e-06
    },
    "spectral_rolloff": {
        "dmean": 271.130767822,
        "dmean2": 444.172241211,
        "dvar": 384373.59375,
        "dvar2": 757001.875,
        "max": 10572.8027344,
        "mean": 918.331604004,
        "median": 538.330078125,
        "min": 64.599609375,
        "stdev": 1061.5958252,
        "var": 1126985.75
    },
    "spectral_skewness": {
        "dmean": 0.339632302523,
        "dmean2": 0.529171526432,
        "dvar": 0.156439140439,
        "dvar2": 0.338633269072,
        "max": 9.63880157471,
        "mean": 2.27034640312,
        "median": 2.06793618202,
        "min": 0.192622452974,
        "stdev": 0.883885204792,
        "var": 0.781253099442
    },
    "spectral_spread": {
        "dmean": 601458.875,
        "dmean2": 853347.9375,
        "dvar": 665419710464,
        "dvar2": 1.21904837427e+12,
        "max": 15000693,
        "mean": 4219799,
        "median": 3875780.75,
        "min": 889098.75,
        "stdev": 1963646.125,
        "var": 3.85590624256e+12
    },
    "spectral_strongpeak": {
        "dmean": 0.562643349171,
        "dmean2": 0.980914533138,
        "dvar": 2.20780229568,
        "dvar2": 5.67196273804,
        "max": 20.4165039062,
        "mean": 0.868124544621,
        "median": 0.359711915255,
        "min": 0,
        "stdev": 1.80433261395,
        "var": 3.25561618805
    },
    "zerocrossingrate": {
        "dmean": 0.0071365153417,
        "dmean2": 0.00809054542333,
        "dvar": 8.03065049695e-05,
        "dvar2": 7.9856159573e-05,
        "max": 0.25390625,
        "mean": 0.0370343327522,
        "median": 0.03076171875,
        "min": 0.001953125,
        "stdev": 0.0279149841517,
        "var": 0.00077924632933
    },
    "barkbands": {
        "dmean": [0.000567436916754, 0.00530228950083, 0.00235925475135, 0.00110446510371, 0.00128840864636, 0.000444849400083, 0.000671940098982, 0.000443296390586, 0.000454454158898, 0.000407546845963, 0.000139577430673, 0.000206524506211, 0.00013555494661, 0.000168121070601, 0.000130978587549, 0.000169952472788, 0.000373603776097, 0.000332165742293, 6.1375896621e-05, 4.68225407531e-05, 4.50542393082e-05, 2.33741648117e-05, 1.99700061785e-05, 1.67583530128e-05, 1.75891327672e-05, 1.21287866932e-05, 2.06836989491e-06],
        "dmean2": [0.000890757655725, 0.00853571482003, 0.00387285836041, 0.00184423523024, 0.00196845619939, 0.000651134818327, 0.000979327829555, 0.000706066959538, 0.000696271774359, 0.000591638439801, 0.000212882267078, 0.000263793888735, 0.000196351058548, 0.000222757007577, 0.00018114343402, 0.000249239237746, 0.000521761423443, 0.000463259319076, 9.74195863819e-05, 7.7549717389e-05, 6.65734551148e-05, 3.63912658941e-05, 3.02441676467e-05, 2.44544644374e-05, 2.30709047173e-05, 1.62728392752e-05, 3.29600538862e-06],
        "dvar": [1.4103295598e-06, 0.000107968808152, 1.28470410345e-05, 3.60084891327e-06, 4.71925795864e-06, 8.08176253031e-07, 1.71453064013e-06, 2.52775407716e-06, 2.05073661164e-06, 1.29602210563e-06, 1.49624810319e-07, 2.9953943681e-07, 1.15807132772e-07, 3.06599645228e-07, 2.10373528375e-07, 2.31315439692e-07, 1.09600659925e-06, 1.56864552991e-06, 3.57709311061e-08, 3.43730022223e-08, 2.81927885482e-08, 3.8298644256e-09, 2.25574492418e-09, 2.44982056863e-09, 4.34446389974e-09, 1.88924653699e-09, 9.93772356073e-11],
        "dvar2": [3.10549489768e-06, 0.000223148308578, 3.48606699845e-05, 9.31879276322e-06, 1.09998854896e-05, 1.82809174021e-06, 3.4733159282e-06, 6.19663569523e-06, 5.21039009982e-06, 2.78671586784e-06, 3.52030184558e-07, 4.27935617608e-07, 2.21271861278e-07, 4.42479858975e-07, 3.28685445083e-07, 5.06170181325e-07, 2.00992940336e-06, 3.20132357956e-06, 9.07521524596e-08, 9.69404254647e-08, 6.31913579241e-08, 9.06556429925e-09, 5.07328756782e-09, 4.59569671207e-09, 6.04637584445e-09, 3.21158033501e-09, 2.43187109339e-10],
        "max": [0.0108501976356, 0.0952758640051, 0.0408637970686, 0.028485417366, 0.0299209170043, 0.0161208994687, 0.0216971635818, 0.0283132214099, 0.0250753089786, 0.0229497551918, 0.0078041870147, 0.014073328115, 0.00663667125627, 0.0202782843262, 0.0150192147121, 0.0108050480485, 0.0242345035076, 0.0297292694449, 0.00235115922987, 0.00301955360919, 0.00609171297401, 0.000749454891775, 0.000579237414058, 0.00157303654123, 0.00284785474651, 0.00118331250269, 0.000263079680735],
        "mean": [0.00056639831746, 0.00664606736973, 0.0046488433145, 0.00209343247116, 0.00294592045248, 0.000948660832364, 0.00159637082834, 0.000750315492041, 0.000848151394166, 0.000883079948835, 0.000258326443145, 0.000491433078423, 0.000235002269619, 0.000341822422342, 0.000272322271485, 0.000315346609568, 0.000695010938216, 0.000618737365585, 7.8931938333e-05, 5.25198811374e-05, 8.42893205117e-05, 3.74408627977e-05, 3.36099983542e-05, 2.85204587271e-05, 3.20851686411e-05, 1.84093914868e-05, 2.05339506465e-06],
        "median": [0.000102040379716, 0.00251581845805, 0.00281930575147, 0.00120876426809, 0.00171457778197, 0.000336883967975, 0.000365754589438, 0.000185103272088, 9.33926930884e-05, 0.000145909521962, 4.35038564319e-05, 3.62968530681e-05, 3.12901247526e-05, 1.94332915271e-05, 2.99670373352e-05, 3.55819865945e-05, 3.48404682882e-05, 3.12101510644e-05, 1.38169443744e-05, 9.94648235064e-06, 1.06055113065e-05, 8.29903365229e-06, 7.54818120186e-06, 5.71247028347e-06, 5.27152315044e-06, 2.27456507673e-06, 1.17090728224e-07],
        "min": [8.01015289653e-08, 2.5757435651e-06, 5.38307176612e-07, 1.22842465089e-07, 6.45644945507e-07, 8.45169836339e-08, 2.83584739691e-07, 2.76290450074e-07, 4.9618577691e-08, 3.97433694843e-08, 2.71945452823e-08, 2.44481235256e-08, 2.31445795862e-08, 3.05208160967e-08, 1.64311853013e-08, 4.25620427791e-08, 4.12614369338e-08, 4.48570496303e-08, 1.2619975287e-08, 1.8452462669e-08, 1.14579723487e-08, 1.01912105421e-08, 5.60534330063e-09, 8.04825184275e-09, 1.34077540181e-08, 7.88838949717e-09, 3.04212471186e-12],
        "stdev": [0.00128615775611, 0.0118175698444, 0.00508580962196, 0.00275270454586, 0.0036031070631, 0.0015331680188, 0.00267756567337, 0.00186574214604, 0.00211958307773, 0.00216333940625, 0.000593291479163, 0.00137624773197, 0.00056866556406, 0.00121247617062, 0.000996729242615, 0.000833589583635, 0.00187337736133, 0.0021801085677, 0.000201018439839, 0.000162627082318, 0.00040641616215, 8.17672771518e-05, 6.79825534462e-05, 8.04937444627e-05, 0.000118116891827, 6.8530011049e-05, 9.8509271993e-06],
        "var": [1.65420169651e-06, 0.000139654963277, 2.58654617937e-05, 7.57738280299e-06, 1.29823811221e-05, 2.35060429077e-06, 7.16935801393e-06, 3.4809936551e-06, 4.49263279734e-06, 4.68003781862e-06, 3.51994771108e-07, 1.89405795936e-06, 3.23380504597e-07, 1.47009848206e-06, 9.93469257082e-07, 6.94871573614e-07, 3.50954269379e-06, 4.75287288282e-06, 4.0408412616e-08, 2.64475676914e-08, 1.65174100175e-07, 6.68588739927e-09, 4.62162708104e-09, 6.47924336405e-09, 1.39515998754e-08, 4.69636285416e-09, 9.7040764313e-11]
    },
    "erbbands": {
        "dmean": [0.212001755834, 1.05282008648, 2.5957839489, 2.93467450142, 4.4828042984, 4.55543613434, 3.4664876461, 4.38878011703, 8.96942234039, 9.37891578674, 8.18884372711, 9.57616996765, 9.25780296326, 13.0359039307, 7.06967020035, 7.02343034744, 6.79726886749, 8.8768415451, 6.31446361542, 6.61131906509, 11.9171571732, 18.6710510254, 16.268497467, 9.33126831055, 2.55280518532, 2.30316638947, 2.32004237175, 1.29762113094, 0.893552899361, 0.58698707819, 0.596152186394, 0.452399551868, 0.239167094231, 0.207108363509, 0.123073339462, 0.0513344593346, 0.0218434147537, 0.0063684550114, 0.000189586658962, 1.34647743835e-05],
        "dmean2": [0.34093362093, 1.74598753452, 4.31041479111, 4.82893133163, 7.08380031586, 7.20845413208, 5.20381784439, 6.46291732788, 12.9716033936, 14.4252214432, 12.7544937134, 15.2186908722, 13.8199033737, 18.5528507233, 10.2099123001, 9.03556346893, 9.52265834808, 11.8740186691, 8.42325115204, 9.59571743011, 17.4581184387, 25.9445667267, 22.6146507263, 13.5336046219, 4.03106880188, 3.77241563797, 3.47630357742, 1.98064255714, 1.38510584831, 0.889220178127, 0.911350488663, 0.671213388443, 0.341693460941, 0.276006907225, 0.166998833418, 0.0660189092159, 0.0301562212408, 0.00985364988446, 0.000296023354167, 1.92292463908e-05],
        "dvar": [0.173719584942, 4.22817420959, 15.950963974, 17.4705657959, 67.5266723633, 60.0731735229, 37.874912262, 103.718666077, 348.206726074, 580.965759277, 577.717651367, 1339.74633789, 540.021118164, 1250.80981445, 370.677856445, 381.407501221, 269.339874268, 923.370300293, 497.743286133, 423.065979004, 1179.21557617, 2644.43457031, 2583.12426758, 1232.31298828, 61.3879547119, 77.0303573608, 88.6945495605, 17.1097145081, 5.78903341293, 2.35363745689, 2.10945773125, 1.55379223824, 0.849016606808, 0.871882855892, 0.163029775023, 0.0321589820087, 0.00735283037648, 0.000744730292354, 6.96982908721e-07, 5.18992404608e-10],
        "dvar2": [0.370204657316, 9.4790725708, 42.2827835083, 46.1588783264, 164.246520996, 150.547302246, 76.2800750732, 239.879211426, 675.955993652, 1376.31665039, 1282.03234863, 3498.35668945, 1306.48571777, 2426.05371094, 818.465454102, 559.52557373, 490.353820801, 1378.85009766, 714.08380127, 844.786071777, 2510.60302734, 4931.50634766, 5083.25976562, 2630.51269531, 155.613052368, 217.472763062, 190.893310547, 43.5383834839, 13.5302934647, 5.53535318375, 4.85948753357, 3.2999894619, 1.60246515274, 1.37711000443, 0.260086685419, 0.0473060645163, 0.0136656928807, 0.00165829423349, 1.65168523836e-06, 1.01946118214e-09],
        "max": [3.81508874893, 17.6386241913, 44.8382644653, 46.7196388245, 101.670310974, 128.410964966, 114.647697449, 191.321655273, 348.547332764, 391.089996338, 461.395294189, 685.835693359, 440.252960205, 843.91027832, 507.13458252, 614.910827637, 315.689178467, 1099.75537109, 724.161010742, 403.085510254, 734.19152832, 1094.96777344, 1186.08569336, 945.91003418, 108.434761047, 149.712493896, 392.808258057, 130.591369629, 36.4013442993, 23.3302745819, 21.1226043701, 34.1865730286, 38.9240036011, 42.2667350769, 14.1420869827, 5.92798519135, 2.20919275284, 0.553015887737, 0.018310746178, 0.000387530308217],
        "mean": [0.235866099596, 1.35871851444, 4.82444667816, 6.14107179642, 9.36327171326, 9.48994922638, 6.94701194763, 9.86157894135, 21.9943256378, 19.5568218231, 15.6706552505, 16.9211158752, 21.1720142365, 29.7810993195, 16.4229736328, 17.1671829224, 13.3009061813, 19.0379524231, 13.7841281891, 12.1970376968, 23.7211093903, 35.6740837097, 31.9588165283, 15.8592309952, 3.54995369911, 2.83422875404, 4.30588150024, 2.12263989449, 1.45672631264, 0.95437079668, 0.972530961037, 0.745997130871, 0.404194355011, 0.347776472569, 0.226237460971, 0.0910631939769, 0.0314645431936, 0.00739073147997, 0.00021643564105, 3.44625877915e-05],
        "median": [0.0712638869882, 0.626636266708, 3.15062832832, 4.28638744354, 4.84042930603, 5.19440746307, 2.81323409081, 3.33980584145, 6.16834115982, 7.87504959106, 3.66807246208, 2.49432086945, 4.70581007004, 5.70407247543, 3.89043712616, 2.19541811943, 2.50212097168, 1.98189747334, 1.84497451782, 2.24343061447, 2.92037940025, 2.64962387085, 1.94473409653, 1.2687908411, 0.785014986992, 0.558900237083, 0.468955755234, 0.371822476387, 0.298359513283, 0.222838059068, 0.226401656866, 0.137339010835, 0.0790210217237, 0.0559374019504, 0.035147998482, 0.0131641002372, 0.00366076640785, 0.000590845185798, 2.71397311735e-05, 2.4470675271e-05],
        "min": [0.000123858451843, 0.00236665550619, 0.00216118386015, 0.00441963039339, 0.00111073406879, 0.00230443594046, 0.00431173993275, 0.00323503278196, 0.00270694168285, 0.00767739536241, 0.00452494435012, 0.00308917090297, 0.00225361809134, 0.00123426888604, 0.00159140105825, 0.00118626153562, 0.00110882217996, 0.00156783219427, 0.00129557168111, 0.00142590270843, 0.00263583287597, 0.00230289669707, 0.00223439582624, 0.00123655598145, 0.000682210316882, 0.000939838413615, 0.000536928826477, 0.000441181997303, 0.000511752790771, 0.00018641675706, 0.000163379940204, 0.000150898922584, 0.000163693825016, 0.000162484808243, 9.89552063402e-05, 5.86342066526e-05, 1.73676417035e-05, 1.40145255045e-06, 3.81104285907e-07, 2.4757704864e-07],
        "stdev": [0.460720598698, 2.23854422569, 5.16597366333, 6.36749887466, 12.8143424988, 11.9705963135, 10.1354522705, 17.1293716431, 39.5991859436, 32.1925354004, 36.3978271484, 50.9696426392, 42.5203666687, 72.5135803223, 35.741065979, 47.2938461304, 28.5027141571, 66.3712615967, 47.9844474792, 31.9945678711, 61.7889785767, 91.8095092773, 98.8566055298, 52.9264640808, 8.39950561523, 8.05068302155, 22.9054775238, 7.19722604752, 3.30359578133, 2.0356862545, 1.92371308804, 1.83851885796, 1.39577353001, 1.55824220181, 0.717156767845, 0.316314041615, 0.124540731311, 0.0306657217443, 0.000891056668479, 3.30307084369e-05],
        "var": [0.212263479829, 5.01108026505, 26.6872844696, 40.5450439453, 164.207382202, 143.295166016, 102.727386475, 293.415344238, 1568.09558105, 1036.359375, 1324.80187988, 2597.90429688, 1807.98156738, 5258.21972656, 1277.42382812, 2236.70800781, 812.404663086, 4405.14404297, 2302.50732422, 1023.65240479, 3817.87768555, 8428.98535156, 9772.62792969, 2801.21044922, 70.5516891479, 64.8134918213, 524.660888672, 51.8000602722, 10.9137449265, 4.14401865005, 3.70067191124, 3.38015174866, 1.94818365574, 2.42811870575, 0.514313817024, 0.100054569542, 0.0155103942379, 0.00094038649695, 7.93981939751e-07, 1.09102771262e-09]
    },
    "gfcc": {
        "mean": [-54.0895462036, 118.0025177, -88.9042663574, 32.1970024109, -43.7221984863, 13.7706632614, -33.0287475586, 15.3274831772, -20.2910652161, -2.6134531498, -16.2254657745, 3.5868294239, -12.3880834579],
        "cov": [[6689.97314453, -1506.17553711, -1591.76306152, -72.3852920532, -151.848144531, 54.3584022522, -450.506103516, 297.723480225, 1.40560567379, 133.334762573, -122.902450562, 325.644561768, -257.603942871], [-1506.17553711, 1746.83447266, 158.702911377, -337.710723877, 107.973724365, -253.744537354, 120.779541016, -293.538299561, 26.1081027985, -257.003814697, 121.871734619, -150.208343506, 181.339874268], [-1591.76306152, 158.702911377, 1525.34790039, 248.400314331, -124.176437378, 21.2345542908, 192.422210693, -82.3262252808, -182.494735718, -32.4538612366, -88.5475616455, -135.700531006, 77.5537185669], [-72.3852920532, -337.710723877, 248.400314331, 433.602416992, 79.1554107666, 44.6194572449, 15.5463571548, 23.7966156006, -35.5831298828, 18.7707424164, -38.5807685852, -54.6651153564, -40.932888031], [-151.848144531, 107.973724365, -124.176437378, 79.1554107666, 355.402832031, 78.8937606812, -22.4064998627, -23.2084980011, 97.8102722168, 11.0144948959, 23.505607605, -19.4821128845, -22.5236930847], [54.3584022522, -253.744537354, 21.2345542908, 44.6194572449, 78.8937606812, 187.592300415, 30.8909244537, 42.8365821838, 32.5022354126, 67.7468414307, -1.86311352253, 31.0353488922, -19.2881164551], [-450.506103516, 120.779541016, 192.422210693, 15.5463571548, -22.4064998627, 30.8909244537, 179.257400513, 39.2908668518, -0.908862411976, -7.12956380844, 27.8383331299, -14.7366189957, 28.0669002533], [297.723480225, -293.538299561, -82.3262252808, 23.7966156006, -23.2084980011, 42.8365821838, 39.2908668518, 166.29045105, 40.2181015015, 47.0313911438, -6.61190032959, 45.9143180847, -31.5733642578], [1.40560567379, 26.1081027985, -182.494735718, -35.5831298828, 97.8102722168, 32.5022354126, -0.908862411976, 40.2181015015, 156.799911499, 55.49634552, 11.7097396851, 3.69223213196, -9.10233688354], [133.334762573, -257.003814697, -32.4538612366, 18.7707424164, 11.0144948959, 67.7468414307, -7.12956380844, 47.0313911438, 55.49634552, 153.400848389, 20.6239910126, 30.8056697845, -10.0131425858], [-122.902450562, 121.871734619, -88.5475616455, -38.5807685852, 23.505607605, -1.86311352253, 27.8383331299, -6.61190032959, 11.7097396851, 20.6239910126, 134.064056396, 55.8399810791, 14.604593277], [325.644561768, -150.208343506, -135.700531006, -54.6651153564, -19.4821128845, 31.0353488922, -14.7366189957, 45.9143180847, 3.69223213196, 30.8056697845, 55.8399810791, 127.771881104, 13.8250217438], [-257.603942871, 181.339874268, 77.5537185669, -40.932888031, -22.5236930847, -19.2881164551, 28.0669002533, -31.5733642578, -9.10233688354, -10.0131425858, 14.604593277, 13.8250217438, 130.461456299]],
        "icov": [[0.000313316762913, -5.8797559177e-05, 0.000303738983348, -0.000140122167068, 0.000148127233842, -6.13748561591e-05, 0.000395770766772, -0.000305742403725, 0.000401065248298, -0.000230999081396, 0.000621730985586, -0.000677015981637, 0.000345624808688], [-5.8797559177e-05, 0.00427580671385, -0.000621433660854, 0.00298382411711, -0.00186497787945, 0.00328716286458, -0.00269137741998, 0.00400044862181, -0.002915462479, 0.00466644158587, -0.00421220157295, 0.00407045707107, -0.00284769851714], [0.000303738983348, -0.000621433660854, 0.0015738994116, -0.00102302688174, 0.000576188438572, -0.00065607810393, -0.000642543600406, -8.05015006335e-05, 0.00187257619109, -0.00139497313648, 0.00190319248941, -0.000640652724542, 0.000206591241295], [-0.000140122167068, 0.00298382411711, -0.00102302688174, 0.0053894687444, -0.00259068817832, 0.00218450184911, -0.00159235019237, 0.00149511918426, -0.00056709558703, 0.00258276890963, -0.00306588457897, 0.00433375593275, -0.00150230899453], [0.000148127233842, -0.00186497787945, 0.000576188438572, -0.00259068817832, 0.00584063772112, -0.00401694048196, 0.00241562561132, -0.000528985692654, -0.00212393398397, -0.000183624826605, 0.000298111437587, -0.000907233275939, 0.00139668036718], [-6.13748561591e-05, 0.00328716286458, -0.00065607810393, 0.00218450184911, -0.00401694048196, 0.0114527167752, -0.00498246308416, 0.00339182838798, -0.00151006528176, -0.000225567200687, -0.000272957491688, -0.000630980532151, -0.000747654819861], [0.000395770766772, -0.00269137741998, -0.000642543600406, -0.00159235019237, 0.00241562561132, -0.00498246308416, 0.0124517045915, -0.00748633826151, 0.00104828935582, -0.000239206594415, -0.00200700084679, 0.0010992489988, -0.000242400084971], [-0.000305742403725, 0.00400044862181, -8.05015006335e-05, 0.00149511918426, -0.000528985692654, 0.00339182838798, -0.00748633826151, 0.015204067342, -0.00561790540814, 0.00269369850866, -0.000395134557039, -0.00151746836491, 7.27931328584e-05], [0.000401065248298, -0.002915462479, 0.00187257619109, -0.00056709558703, -0.00212393398397, -0.00151006528176, 0.00104828935582, -0.00561790540814, 0.0145118553191, -0.00767726823688, 0.00414419732988, -0.00105715787504, 0.00144957040902], [-0.000230999081396, 0.00466644158587, -0.00139497313648, 0.00258276890963, -0.000183624826605, -0.000225567200687, -0.000239206594415, 0.00269369850866, -0.00767726823688, 0.0158009249717, -0.00785342883319, 0.00496698683128, -0.00363458413631], [0.000621730985586, -0.00421220157295, 0.00190319248941, -0.00306588457897, 0.000298111437587, -0.000272957491688, -0.00200700084679, -0.000395134557039, 0.00414419732988, -0.00785342883319, 0.0181228816509, -0.0124174188823, 0.00430999137461], [-0.000677015981637, 0.00407045707107, -0.000640652724542, 0.00433375593275, -0.000907233275939, -0.000630980532151, 0.0010992489988, -0.00151746836491, -0.00105715787504, 0.00496698683128, -0.0124174188823, 0.0211776662618, -0.00665442971513], [0.000345624808688, -0.00284769851714, 0.000206591241295, -0.00150230899453, 0.00139668036718, -0.000747654819861, -0.000242400084971, 7.27931328584e-05, 0.00144957040902, -0.00363458413631, 0.00430999137461, -0.00665442971513, 0.0119568798691]]
    },
    "melbands": {
        "dmean": [0.001622434007, 0.0012120148167, 0.000521085690707, 0.000303948181681, 0.000136013288284, 9.16993085411e-05, 0.000140634554555, 0.000103679361928, 6.43783860141e-05, 6.27729095868e-05, 4.77121793665e-05, 5.72146382183e-05, 2.23953866225e-05, 2.66524984909e-05, 1.35981736094e-05, 1.66209538293e-05, 1.54290119099e-05, 9.3137150543e-06, 9.29628822632e-06, 8.72813870956e-06, 1.73379357875e-05, 2.24336872634e-05, 1.38778714245e-05, 1.92915722437e-05, 6.59352099319e-06, 2.12084978557e-06, 1.3015511513e-06, 1.66895392795e-06, 1.59987575898e-06, 9.85989572655e-07, 8.07187916507e-07, 5.47003708107e-07, 4.36820897676e-07, 3.23423648751e-07, 3.6468475173e-07, 3.62002822385e-07, 2.70994007678e-07, 1.65044482969e-07, 1.90471183714e-07, 1.7963301957e-07],
        "dmean2": [0.00257642148063, 0.00197237031534, 0.000844251713715, 0.000473263586173, 0.000206889060792, 0.00013495136227, 0.000203269257327, 0.000162109907251, 9.96958988253e-05, 9.87465973594e-05, 7.10617459845e-05, 8.1303587649e-05, 3.32169256581e-05, 3.4397275158e-05, 1.88868380064e-05, 2.33181781368e-05, 2.07604698517e-05, 1.27787370729e-05, 1.29751369968e-05, 1.26767045003e-05, 2.55209979514e-05, 3.1235638744e-05, 1.95187803911e-05, 2.67391169473e-05, 9.75265902525e-06, 3.38289510182e-06, 2.16125386032e-06, 2.76811738331e-06, 2.45625733442e-06, 1.51729227582e-06, 1.23307336253e-06, 8.50510161854e-07, 6.78325818626e-07, 5.00058263242e-07, 5.49688195406e-07, 5.5880303762e-07, 3.98151058789e-07, 2.46572909646e-07, 2.64170637365e-07, 2.47811925647e-07],
        "dvar": [1.00888764791e-05, 3.69266444977e-06, 5.85344253068e-07, 2.9175660643e-07, 4.96014216367e-08, 4.12181577758e-08, 8.16121712433e-08, 9.44249833879e-08, 3.94204775489e-08, 4.80225210708e-08, 1.49021008866e-08, 2.52665923739e-08, 3.51608209215e-09, 5.64354962762e-09, 1.18992105058e-09, 1.94073312976e-09, 2.82009371411e-09, 1.00633346101e-09, 9.73029434803e-10, 7.38737182537e-10, 3.052148978e-09, 4.55495818841e-09, 1.57560253733e-09, 6.70317978901e-09, 6.10755723773e-10, 3.93251750608e-11, 2.3581482253e-11, 4.62929729272e-11, 4.62004080826e-11, 9.27306408743e-12, 7.61734165328e-12, 2.14080359343e-12, 1.79827138423e-12, 6.40514876381e-13, 7.53280088046e-13, 9.66234687746e-13, 5.88560721427e-13, 2.37045571973e-13, 1.24411830664e-12, 5.67780794169e-13],
        "dvar2": [2.08690580621e-05, 8.79959134181e-06, 1.47522587213e-06, 7.06250830262e-07, 1.01060791735e-07, 9.51215781697e-08, 1.60223947887e-07, 2.31009636309e-07, 9.12153907962e-08, 1.24140029811e-07, 3.66085615155e-08, 4.92838516664e-08, 8.156953335e-09, 8.35077873518e-09, 1.93402804882e-09, 3.45177775252e-09, 4.23205115396e-09, 1.56985890953e-09, 1.65434654864e-09, 1.4451640995e-09, 6.20539486462e-09, 8.12759548552e-09, 3.35632188708e-09, 1.35257858247e-08, 1.33786015599e-09, 9.59761228825e-11, 6.31659516359e-11, 1.3166373547e-10, 1.07256932502e-10, 2.16104877049e-11, 1.84738405129e-11, 4.84998976744e-12, 4.34284335923e-12, 1.46137138848e-12, 1.71215786774e-12, 2.25184172524e-12, 1.21655973056e-12, 4.61671987532e-13, 2.55065326499e-12, 8.77652280278e-13],
        "max": [0.029524538666, 0.0223005060107, 0.00987754762173, 0.00802855938673, 0.00389942270704, 0.00380316469818, 0.00517658842728, 0.00514577608556, 0.00395653303713, 0.00392127549276, 0.00220634671859, 0.00375789403915, 0.00125935371034, 0.00198851618916, 0.000660695659462, 0.00103905540891, 0.00191627279855, 0.000920690887142, 0.000966440595221, 0.000448787061032, 0.00116810167674, 0.00141748785973, 0.00081771920668, 0.00204040994868, 0.000682059268001, 7.07183498889e-05, 7.03867626726e-05, 0.000116480136057, 0.0002563133894, 8.88579961611e-05, 0.00010927056428, 2.36743180722e-05, 1.91341205209e-05, 1.23916970551e-05, 1.25988817672e-05, 1.50381702042e-05, 2.0957642846e-05, 1.67538128153e-05, 4.92151084472e-05, 3.25356340909e-05],
        "mean": [0.00195146317128, 0.00219543254934, 0.00121302332263, 0.000691546010785, 0.000279639498331, 0.000203645729925, 0.000345377688063, 0.000203693227377, 0.000119645395898, 0.000113041896839, 0.000106606486952, 0.000127110790345, 4.65896882815e-05, 6.34913740214e-05, 2.86198264803e-05, 3.22981541103e-05, 3.21442894347e-05, 1.84690215974e-05, 1.91317340068e-05, 1.49952038555e-05, 3.23070526065e-05, 4.05320934078e-05, 2.53456546488e-05, 3.61724269169e-05, 9.9008457255e-06, 2.74669378086e-06, 1.54765120897e-06, 1.87423484022e-06, 2.82630639958e-06, 1.5333949932e-06, 1.29152442696e-06, 8.60083218868e-07, 6.37679761439e-07, 4.9633075605e-07, 5.80744028866e-07, 5.16358625191e-07, 4.30244142535e-07, 2.6603785841e-07, 2.89810543563e-07, 2.9106860211e-07],
        "median": [0.000665658619255, 0.00143939780537, 0.000883771572262, 0.000399083044613, 0.000135888025397, 6.6277141741e-05, 0.000103048500023, 9.28028894123e-05, 1.96054279513e-05, 1.28671135826e-05, 2.09867394005e-05, 1.80939241545e-05, 1.03221618701e-05, 4.66784558739e-06, 3.49398010258e-06, 4.09969425164e-06, 1.81858706583e-06, 1.56574321863e-06, 2.54609085459e-06, 1.83089696293e-06, 2.49247909778e-06, 1.98645693672e-06, 1.25532085349e-06, 1.46285435676e-06, 8.58801456616e-07, 4.97789073961e-07, 3.69789120214e-07, 3.07179732317e-07, 2.75248510206e-07, 2.50456650974e-07, 1.86954423498e-07, 1.71233892843e-07, 1.19294028877e-07, 1.08913511099e-07, 1.27548986484e-07, 1.02068000274e-07, 7.64995888858e-08, 4.95069443218e-08, 4.31049365091e-08, 4.33685940493e-08],
        "min": [9.83376708064e-07, 2.68357371169e-06, 6.74834552683e-07, 1.0341202028e-07, 1.28426563606e-07, 1.94622575833e-08, 4.43822223417e-08, 9.44031768313e-08, 2.45107401042e-08, 7.41540606697e-09, 9.23972631739e-09, 5.00940355863e-09, 5.14782128036e-09, 2.54178633696e-09, 2.52366239017e-09, 1.61970359347e-09, 1.92204452354e-09, 1.70506608832e-09, 1.50837864421e-09, 1.14703802012e-09, 3.05401504086e-09, 2.28926211321e-09, 2.29854713041e-09, 1.51645318525e-09, 9.26525134393e-10, 5.06222896934e-10, 5.77299041904e-10, 5.12829112509e-10, 3.11950076881e-10, 2.27581481438e-10, 2.64759741908e-10, 3.06345282475e-10, 1.59959448465e-10, 8.76993547227e-11, 9.27763074698e-11, 8.35060492976e-11, 9.20726966891e-11, 1.00694744209e-10, 1.25542576335e-10, 1.31877994636e-10],
        "stdev": [0.00361340329982, 0.0023779887706, 0.00124900590163, 0.000871460360941, 0.000374135648599, 0.000345351436408, 0.000601084087975, 0.000367431988707, 0.000303103326587, 0.000306730449665, 0.00021710965666, 0.00032367039239, 9.83314675977e-05, 0.000185450917343, 7.29313687771e-05, 8.0310361227e-05, 0.000115503717097, 6.37840203126e-05, 6.61720259814e-05, 4.16137881984e-05, 9.94980000542e-05, 0.000120166783745, 7.00254386174e-05, 0.000149156447151, 3.43900064763e-05, 6.93470110491e-06, 4.53606526207e-06, 6.10969891568e-06, 1.53157125169e-05, 5.58513102078e-06, 5.55792212253e-06, 1.97893496079e-06, 1.7402442154e-06, 1.10131952624e-06, 1.1797596926e-06, 1.22500068755e-06, 1.15686066238e-06, 7.66406799357e-07, 1.49640095515e-06, 1.30179114421e-06],
        "var": [1.30566841108e-05, 5.65483105675e-06, 1.56001578944e-06, 7.59443139486e-07, 1.39977473168e-07, 1.19267610899e-07, 3.61302056717e-07, 1.35006260393e-07, 9.18716267506e-08, 9.40835676033e-08, 4.71366057297e-08, 1.04762527542e-07, 9.66907709454e-09, 3.43920412149e-08, 5.31898480816e-09, 6.44975450825e-09, 1.33411086622e-08, 4.06840117151e-09, 4.3787369286e-09, 1.73170722206e-09, 9.89985160516e-09, 1.44400553737e-08, 4.90356244498e-09, 2.22476437273e-08, 1.1826726265e-09, 4.80900770594e-11, 2.05758899502e-11, 3.73284216038e-11, 2.34571057023e-10, 3.11936899922e-11, 3.08904984925e-11, 3.91618334983e-12, 3.0284498867e-12, 1.21290466819e-12, 1.39183282954e-12, 1.50062666286e-12, 1.33832647655e-12, 5.8737937474e-13, 2.23921575726e-12, 1.69466014572e-12]
    },
    "melbands128": {
