{
"lowlevel": {
    "average_loudness": 0.950671553612,
    "barkbands_crest": {
        "dmean": 2.90742945671,
        "dmean2": 4.60486555099,
        "dvar": 6.36705446243,
        "dvar2": 15.405254364,
        "max": 25.8650169373,
        "mean": 10.5215501785,
        "median": 9.78468799591,
        "min": 3.08108830452,
        "stdev": 4.1834359169,
        "var": 17.5011348724
    },
    "barkbands_flatness_db": {
        "dmean": 0.0236561149359,
        "dmean2": 0.0361747294664,
        "dvar": 0.000489326252136,
        "dvar2": 0.00112651009113,
        "max": 0.357341110706,
        "mean": 0.127576693892,
        "median": 0.122683055699,
        "min": 0.0308360103518,
        "stdev": 0.0385262444615,
        "var": 0.00148427148815
    },
    "barkbands_kurtosis": {
        "dmean": 3.40061163902,
        "dmean2": 5.45208787918,
        "dvar": 47.2856369019,
        "dvar2": 116.995513916,
        "max": 145.028060913,
        "mean": 4.15145301819,
        "median": 1.89670038223,
        "min": -1.80729734898,
        "stdev": 8.02670478821,
        "var": 64.427986145
    },
    "barkbands_skewness": {
        "dmean": 0.628767132759,
        "dmean2": 0.98742634058,
        "dvar": 0.466148287058,
        "dvar2": 1.02401924133,
        "max": 8.75982379913,
        "mean": 1.66838574409,
        "median": 1.51510798931,
        "min": -2.81050109863,
        "stdev": 1.15357911587,
        "var": 1.33074474335
    },
    "barkbands_spread": {
        "dmean": 5.83207654953,
        "dmean2": 9.11429405212,
        "dvar": 37.2085494995,
        "dvar2": 86.293548584,
        "max": 71.1296768188,
        "mean": 21.0920238495,
        "median": 19.3974399567,
        "min": 0.843164145947,
        "stdev": 10.6622743607,
        "var": 113.684089661
    },
    "dissonance": {
        "dmean": 0.0181912593544,
        "dmean2": 0.0300112478435,
        "dvar": 0.000234674051171,
        "dvar2": 0.00059396069264,
        "max": 0.499255210161,
        "mean": 0.458909660578,
        "median": 0.462730288506,
        "min": 0.324347615242,
        "stdev": 0.0236767437309,
        "var": 0.000560588203371
    },
    "dynamic_complexity": 3.02340626717,
    "erbbands_crest": {
        "dmean": 2.38099265099,
        "dmean2": 3.71948862076,
        "dvar": 6.09349107742,
        "dvar2": 13.3367128372,
        "max": 30.871471405,
        "mean": 8.66684436798,
        "median": 7.4648308754,
        "min": 2.48323464394,
        "stdev": 4.3489408493,
        "var": 18.9132881165
    },
    "erbbands_flatness_db": {
        "dmean": 0.0207230839878,
        "dmean2": 0.0285362955183,
        "dvar": 0.000391156208934,
        "dvar2": 0.000741263153031,
        "max": 0.302970558405,
        "mean": 0.158567547798,
        "median": 0.156215518713,
        "min": 0.0665445253253,
        "stdev": 0.0405934080482,
        "var": 0.00164782465436
    },
    "erbbands_kurtosis": {
        "dmean": 0.719868838787,
        "dmean2": 1.15242636204,
        "dvar": 2.18055152893,
        "dvar2": 4.9919219017,
        "max": 24.0430583954,
        "mean": -0.259616196156,
        "median": -0.631620168686,
        "min": -1.81364524364,
        "stdev": 1.82357084751,
        "var": 3.32541060448
    },
    "erbbands_skewness": {
        "dmean": 0.36149173975,
        "dmean2": 0.556715607643,
        "dvar": 0.137212365866,
        "dvar2": 0.282738417387,
        "max": 4.01714086533,
        "mean": 0.307745933533,
        "median": 0.30102840066,
        "min": -3.50805330276,
        "stdev": 0.698914885521,
        "var": 0.488482058048
    },
    "erbbands_spread": {
        "dmean": 8.75692939758,
        "dmean2": 13.381477356,
        "dvar": 88.6613006592,
        "dvar2": 192.826339722,
        "max": 116.171264648,
        "mean": 43.7773780823,
        "median": 41.9885635376,
        "min": 6.03364086151,
        "stdev": 15.7275362015,
        "var": 247.355407715
    },
    "hfc": {
        "dmean": 6.4326543808,
        "dmean2": 8.07349395752,
        "dvar": 60.6943664551,
        "dvar2": 105.003395081,
        "max": 136.42074585,
        "mean": 16.0147571564,
        "median": 11.690826416,
        "min": 0.131200879812,
        "stdev": 14.3460617065,
        "var": 205.80947876
    },
    "loudness_ebu128": {
        "integrated": -18.5126895905,
        "loudness_range": 1.98311233521,
        "momentary": {
            "dmean": 0.897511661053,
            "dmean2": 1.49791932106,
            "dvar": 0.599000930786,
            "dvar2": 1.48548126221,
            "max": -14.3400936127,
            "mean": -18.8136787415,
            "median": -18.5148506165,
            "min": -25.719575882,
            "stdev": 1.69353866577,
            "var": 2.86807322502
        },
        "short_term": {
            "dmean": 0.113767936826,
            "dmean2": 0.172782287002,
            "dvar": 0.00865998957306,
            "dvar2": 0.0147411925718,
            "max": -17.1383934021,
            "mean": -18.6107006073,
            "median": -18.5281829834,
            "min": -22.4229774475,
            "stdev": 0.942268848419,
            "var": 0.88787060976
        }
    },
    "melbands_crest": {
        "dmean": 3.84723758698,
        "dmean2": 6.25877523422,
        "dvar": 10.3393163681,
        "dvar2": 24.3706169128,
        "max": 30.9083614349,
        "mean": 14.7184696198,
        "median": 13.8107833862,
        "min": 4.630215168,
        "stdev": 5.35991001129,
        "var": 28.728635788
    },
    "melbands_flatness_db": {
        "dmean": 0.0278578717262,
        "dmean2": 0.043204523623,
        "dvar": 0.000675505842082,
        "dvar2": 0.00161258666776,
        "max": 0.471190333366,
        "mean": 0.187455028296,
        "median": 0.182427600026,
        "min": 0.069715179503,
        "stdev": 0.046984449029,
        "var": 0.00220753857866
    },
    "melbands_kurtosis": {
        "dmean": 8.65112400055,
        "dmean2": 14.1482543945,
        "dvar": 254.502365112,
        "dvar2": 624.261047363,
        "max": 241.759140015,
        "mean": 13.7763395309,
        "median": 8.14163208008,
        "min": -1.79974031448,
        "stdev": 18.870262146,
        "var": 356.086791992
    },
    "melbands_skewness": {
        "dmean": 0.862304747105,
        "dmean2": 1.36701369286,
        "dvar": 0.896627545357,
        "dvar2": 2.0786011219,
        "max": 11.1762466431,
        "mean": 2.78112816811,
        "median": 2.46407914162,
        "min": -1.49558639526,
        "stdev": 1.51506209373,
        "var": 2.29541301727
    },
    "melbands_spread": {
        "dmean": 7.85436868668,
        "dmean2": 12.2375354767,
        "dvar": 95.1474456787,
        "dvar2": 211.277862549,
        "max": 132.963790894,
        "mean": 22.8406276703,
        "median": 19.2793807983,
        "min": 0.610125184059,
        "stdev": 16.3550796509,
        "var": 267.488616943
    },
    "pitch_salience": {
        "dmean": 0.0823280140758,
        "dmean2": 0.132122516632,
        "dvar": 0.00468129944056,
        "dvar2": 0.0112061398104,
        "max": 0.783789038658,
        "mean": 0.534800469875,
        "median": 0.545237958431,
        "min": 0.115576811135,
        "stdev": 0.114530436695,
        "var": 0.0131172211841
    },
    "silence_rate_20dB": {
        "dmean": 0,
        "dmean2": 0,
        "dvar": 0,
        "dvar2": 0,
        "max": 1,
        "mean": 1,
        "median": 1,
        "min": 1,
        "stdev": 0,
        "var": 0
    },
    "silence_rate_30dB": {
        "dmean": 0.00206398358569,
        "dmean2": 0.00413009803742,
        "dvar": 0.00205975351855,
        "dvar2": 0.00514566805214,
        "max": 1,
        "mean": 0.997937083244,
        "median": 1,
        "min": 0,
        "stdev": 0.0453728735447,
        "var": 0.00205869763158
    },
    "silence_rate_60dB": {
        "dmean": 0.0691434442997,
        "dmean2": 0.138358280063,
        "dvar": 0.0643639191985,
        "dvar2": 0.132640898228,
        "max": 1,
        "mean": 0.0933470875025,
        "median": 0,
        "min": 0,
        "stdev": 0.290917247534,
        "var": 0.0846328362823
    },
    "spectral_centroid": {
        "dmean": 312.412994385,
        "dmean2": 476.970062256,
        "dvar": 104125.335938,
        "dvar2": 214818.640625,
        "max": 3720.86450195,
        "mean": 1354.30908203,
        "median": 1219.8215332,
        "min": 219.924057007,
        "stdev": 673.467285156,
        "var": 453558.15625
    },
    "spectral_complexity": {
        "dmean": 4.02683162689,
        "dmean2": 5.29323673248,
        "dvar": 15.1096982956,
        "dvar2": 25.1550865173,
        "max": 39,
        "mean": 15.2305307388,
        "median": 15,
        "min": 1,
        "stdev": 7.77989816666,
        "var": 60.5268135071
    },
    "spectral_decrease": {
        "dmean": 2.26935736869e-09,
        "dmean2": 3.19433701712e-09,
        "dvar": 8.58906545921e-18,
        "dvar2": 1.9026080531e-17,
        "max": -5.80683418017e-11,
        "mean": -5.02631269939e-09,
        "median": -3.81925469028e-09,
        "min": -3.84546545718e-08,
        "stdev": 4.53693038693e-09,
        "var": 2.05837360707e-17
    },
    "spectral_energy": {
        "dmean": 0.00906390324235,
        "dmean2": 0.0126465279609,
        "dvar": 0.000131154782139,
        "dvar2": 0.000285765243461,
        "max": 0.149388298392,
        "mean": 0.0204230491072,
        "median": 0.0159768629819,
        "min": 0.000231063764659,
        "stdev": 0.0180873740464,
        "var": 0.000327153073158
    },
    "spectral_energyband_high": {
        "dmean": 0.000302740838379,
        "dmean2": 0.000396308023483,
        "dvar": 2.10425525893e-07,
        "dvar2": 3.3431493307e-07,
        "max": 0.00631648348644,
        "mean": 0.00062205363065,
        "median": 0.000296291487757,
        "min": 3.799870683e-06,
        "stdev": 0.000815133098513,
        "var": 6.644419841e-07
    },
    "spectral_energyband_low": {
        "dmean": 0.00285748532042,
        "dmean2": 0.00470789382234,
        "dvar": 3.43355968653e-05,
        "dvar2": 8.81244777702e-05,
        "max": 0.0897035971284,
        "mean": 0.00386145408265,
        "median": 0.00189901096746,
        "min": 3.31498376909e-05,
        "stdev": 0.00621990906075,
        "var": 3.86872670788e-05
    },
    "spectral_energyband_middle_high": {
        "dmean": 0.00175109622069,
        "dmean2": 0.00230079330504,
        "dvar": 6.3517882154e-06,
        "dvar2": 1.20900667753e-05,
        "max": 0.0496983155608,
        "mean": 0.00391149427742,
        "median": 0.00252516497858,
        "min": 1.06600464278e-05,
        "stdev": 0.00417304830626,
        "var": 1.74143315235e-05
    },
    "spectral_energyband_middle_low": {
        "dmean": 0.00672879023477,
        "dmean2": 0.00967856124043,
        "dvar": 8.63415771164e-05,
        "dvar2": 0.000188508522115,
        "max": 0.140858396888,
        "mean": 0.0138268200681,
        "median": 0.00950798671693,
        "min": 0.000123123347294,
        "stdev": 0.0143434247002,
        "var": 0.000205733842449
    },
    "spectral_entropy": {
        "dmean": 0.221202135086,
        "dmean2": 0.3136036098,
        "dvar": 0.0391464345157,
        "dvar2": 0.0809921696782,
        "max": 8.3078622818,
        "mean": 7.43529558182,
        "median": 7.46391105652,
        "min": 5.97537755966,
        "stdev": 0.354355573654,
        "var": 0.125567868352
    },
    "spectral_flux": {
        "dmean": 0.0274261068553,
        "dmean2": 0.043296687305,
        "dvar": 0.000845285772812,
        "dvar2": 0.00192554353271,
        "max": 0.325307577848,
        "mean": 0.0740692466497,
        "median": 0.0660257190466,
        "min": 0.00669110706076,
        "stdev": 0.0405482277274,
        "var": 0.00164415885229
    },
    "spectral_kurtosis": {
        "dmean": 1.41159820557,
        "dmean2": 2.40065455437,
        "dvar": 2.24397301674,
        "dvar2": 6.06889820099,
        "max": 17.5453681946,
        "mean": 3.55730223656,
        "median": 3.1529340744,
        "min": 0.154484510422,
        "stdev": 1.95024383068,
        "var": 3.80345082283
    },
    "spectral_rms": {
        "dmean": 0.000990718253888,
        "dmean2": 0.00131911644712,
        "dvar": 9.50402693434e-07,
        "dvar2": 1.85755379789e-06,
        "max": 0.0120724756271,
        "mean": 0.00404591718689,
        "median": 0.00394806079566,
        "min": 0.000474792643217,
        "stdev": 0.00188559514936,
        "var": 3.55546922037e-06
    },
    "spectral_rolloff": {
        "dmean": 537.754150391,
        "dmean2": 896.390563965,
        "dvar": 472297.9375,
        "dvar2": 1016090.9375,
        "max": 5490.96679688,
        "mean": 1444.11462402,
        "median": 1205.859375,
        "min": 107.666015625,
        "stdev": 1081.14526367,
        "var": 1168875
    },
    "spectral_skewness": {
        "dmean": 0.214790463448,
        "dmean2": 0.341238975525,
        "dvar": 0.0408199541271,
        "dvar2": 0.0923637375236,
        "max": 3.00577998161,
        "mean": 1.32168400288,
        "median": 1.30566978455,
        "min": 0.282162696123,
        "stdev": 0.369701832533,
        "var": 0.136679455638
    },
    "spectral_spread": {
        "dmean": 502461.125,
        "dmean2": 742312.75,
        "dvar": 336287367168,
        "dvar2": 661326921728,
        "max": 9682611,
        "mean": 4399170.5,
        "median": 4243407,
        "min": 2141717.5,
        "stdev": 1089822.25,
        "var": 1.18771259802e+12
    },
    "spectral_strongpeak": {
        "dmean": 0.553638100624,
        "dmean2": 0.875419259071,
        "dvar": 0.942401587963,
        "dvar2": 2.35255622864,
        "max": 14.5851783752,
        "mean": 1.02196097374,
        "median": 0.658199131489,
        "min": 0.016354482621,
        "stdev": 1.11681675911,
        "var": 1.24727964401
    },
    "zerocrossingrate": {
        "dmean": 0.00939122587442,
        "dmean2": 0.0109786400571,
        "dvar": 7.26200523786e-05,
        "dvar2": 9.43636841839e-05,
        "max": 0.15625,
        "mean": 0.0567010603845,
        "median": 0.052734375,
        "min": 0.009765625,
        "stdev": 0.0234875176102,
        "var": 0.000551663455553
    },
    "barkbands": {
        "dmean": [6.61079102429e-05, 0.0010574212065, 0.000856811762787, 0.00320477620699, 0.00227359333076, 0.000885877583642, 0.00107459211722, 0.00109534047078, 0.000590975629166, 0.000360562815331, 0.000157212474733, 0.000314487027936, 0.000320258899592, 0.000232464517467, 0.000159232949954, 0.000133483990794, 0.000228978853556, 0.000247343676165, 0.000236987572862, 0.000199473433895, 0.000124993835925, 8.38762716739e-05, 4.65292687295e-05, 1.95126667677e-05, 1.46522179421e-05, 6.13105112279e-06, 1.60614956712e-06],
        "dmean2": [0.000110286338895, 0.00175375596154, 0.00149635120761, 0.00510172080249, 0.00342614832334, 0.00133404426742, 0.00148507743143, 0.00152706576046, 0.000831439625472, 0.000504095398355, 0.00023405624961, 0.000461964955321, 0.000462513358798, 0.000348772126017, 0.000235986808548, 0.000203047413379, 0.000342706829542, 0.000357174751116, 0.000347345456248, 0.000291108241072, 0.000176904795808, 0.000119304095278, 6.69463843224e-05, 2.74753128906e-05, 2.0105362637e-05, 8.7429807536e-06, 2.54700103142e-06],
        "dvar": [1.77971386961e-07, 8.74520264915e-06, 5.3523481256e-06, 4.14962414652e-05, 1.69802187884e-05, 2.2993622224e-06, 5.5363498177e-06, 5.9916696955e-06, 1.4241942381e-06, 7.60672321576e-07, 7.21425479355e-08, 3.85540403158e-07, 3.31926884201e-07, 2.10329574202e-07, 7.74280977112e-08, 8.46806074151e-08, 1.54462895807e-06, 2.64193459998e-07, 1.87101761639e-07, 1.75136349867e-07, 4.40366214605e-08, 1.97342675534e-08, 9.33421073768e-09, 2.10398898304e-09, 1.57068980045e-09, 2.27848989676e-10, 1.65555711501e-11],
        "dvar2": [4.53805768075e-07, 2.20233578148e-05, 1.54294757522e-05, 9.9658522231e-05, 3.91424619011e-05, 5.07948971062e-06, 9.13281837711e-06, 1.01392442957e-05, 2.40984263655e-06, 1.59594094384e-06, 1.51554203853e-07, 7.51456354919e-07, 7.06357070612e-07, 4.07994434681e-07, 1.56479245561e-07, 1.75888544618e-07, 3.93269556298e-06, 5.32760225269e-07, 3.78657802003e-07, 3.34896895993e-07, 7.94382657432e-08, 3.94451404873e-08, 1.91368396685e-08, 3.47018525026e-09, 3.17189630117e-09, 4.97965835233e-10, 3.98032995452e-11],
        "max": [0.0121959410608, 0.0598896257579, 0.0465055853128, 0.0917511954904, 0.0894251018763, 0.0294713489711, 0.0468639470637, 0.0388194210827, 0.0215320382267, 0.0155545547605, 0.00400780793279, 0.0133741218597, 0.00734789203852, 0.00614078808576, 0.00447578541934, 0.0067113628611, 0.0445659160614, 0.0115955825895, 0.00649826927111, 0.00631098588929, 0.00341320922598, 0.00203945976682, 0.0017355926102, 0.00123676203657, 0.00107575836591, 0.00021798654052, 4.81474889966e-05],
        "mean": [5.71192140342e-05, 0.00115073937923, 0.000944356434047, 0.0039859986864, 0.0033014761284, 0.00144214811735, 0.00204860605299, 0.00180965755135, 0.00104623625521, 0.000576490070671, 0.000238525302848, 0.000513914681505, 0.000523136754055, 0.000381330202799, 0.000252231111517, 0.000198406516574, 0.000337669393048, 0.000390578003135, 0.000387931533623, 0.000331630231813, 0.000221994589083, 0.000146901715198, 7.13117042324e-05, 3.24045358866e-05, 2.23588522203e-05, 8.26336508908e-06, 1.64476512055e-06],
        "median": [1.15703624033e-05, 0.000412933877669, 0.000381610996556, 0.00106173707172, 0.00116525962949, 0.000542454014067, 0.00051202083705, 0.000338814221323, 0.000234819293837, 0.000178632224561, 0.000107563726488, 0.000176773202838, 0.000192838910152, 0.000120388365758, 9.90552653093e-05, 8.76957710716e-05, 0.00012203570077, 0.000131056600367, 0.00014317932073, 0.000112646404887, 9.30245878408e-05, 6.01743922743e-05, 2.62230023509e-05, 1.29459112941e-05, 7.74420641392e-06, 2.55936765825e-06, 2.39876840169e-07],
        "min": [2.90032975414e-08, 5.21766560269e-06, 1.72052682501e-06, 1.28073190808e-06, 9.72849375103e-06, 8.65142794737e-07, 1.23903726035e-06, 5.15938268109e-07, 1.11815847958e-06, 7.52031951379e-07, 5.34698983756e-07, 2.79218596688e-07, 7.45790885048e-07, 3.04581334376e-07, 3.06079016354e-07, 2.9967029036e-07, 2.16739309167e-07, 3.18175523262e-07, 3.79134803552e-07, 5.6655244407e-07, 6.45649834041e-07, 4.91283003612e-07, 3.37070389378e-07, 1.40784749192e-07, 3.79397064876e-08, 6.70137811909e-09, 7.16244952237e-10],
        "stdev": [0.000371592032025, 0.00295818294398, 0.00203916942701, 0.00766530260444, 0.0056762737222, 0.00243428698741, 0.00467092776671, 0.0039579551667, 0.00213056709617, 0.00122533307876, 0.000380633922759, 0.000911848561373, 0.000819277076516, 0.000715251895599, 0.000413449306507, 0.000365028245142, 0.00119671761058, 0.000731785723474, 0.000616982812062, 0.000607671157923, 0.000331809918862, 0.000219621797442, 0.000130302010803, 7.24495403119e-05, 5.23259950569e-05, 1.74211800186e-05, 4.20426340497e-06],
        "var": [1.38080636702e-07, 8.75084606378e-06, 4.1582115955e-06, 5.87568611081e-05, 3.22200830851e-05, 5.9257531575e-06, 2.18175664486e-05, 1.56654077728e-05, 4.53931579614e-06, 1.5014412611e-06, 1.44882179143e-07, 8.31467787066e-07, 6.712149343e-07, 5.11585255936e-07, 1.70940325006e-07, 1.33245620759e-07, 1.43213310366e-06, 5.35510366717e-07, 3.80667813715e-07, 3.69264228084e-07, 1.1009782952e-07, 4.82337334518e-08, 1.69786140702e-08, 5.24893639664e-09, 2.73800959683e-09, 3.03497504905e-10, 1.76758312848e-11]
    },
    "erbbands": {
        "dmean": [0.0181013364345, 0.282016664743, 0.937511980534, 5.70578336716, 9.699177742, 6.84035921097, 9.2725353241, 7.60126638412, 11.9310235977, 23.4165058136, 19.5542068481, 11.9773855209, 12.1019163132, 8.68303871155, 6.16276073456, 14.1119642258, 14.6579313278, 12.2811508179, 7.92060756683, 7.64711666107, 7.75730419159, 13.036945343, 9.58166408539, 14.8536367416, 11.3029670715, 10.3205509186, 3.94481015205, 5.9888253212, 2.95584201813, 2.07509207726, 1.29283046722, 0.438222140074, 0.332952827215, 0.196066170931, 0.084670715034, 0.0260637905449, 0.00993979349732, 0.00451033934951, 0.000154756125994, 1.25145934362e-05],
        "dmean2": [0.030303793028, 0.468461424112, 1.60824155807, 9.2735452652, 15.952132225, 9.93920612335, 13.9094705582, 11.4038877487, 17.4719028473, 31.5765972137, 28.0559406281, 17.0178394318, 16.7545146942, 12.1947784424, 9.01730632782, 20.2500038147, 20.9051170349, 18.3307151794, 11.5854225159, 11.3944416046, 11.4650754929, 19.231672287, 13.8349933624, 20.9669475555, 16.5148010254, 14.8481960297, 5.64313793182, 8.44403171539, 4.12514257431, 3.0146715641, 1.87345147133, 0.631847143173, 0.467772960663, 0.268190354109, 0.119224600494, 0.0368868112564, 0.0143002821133, 0.00673158606514, 0.000242961628828, 1.70500807144e-05],
        "dvar": [0.00258628861047, 0.663607656956, 7.12323665619, 122.202507019, 405.08505249, 190.52935791, 305.067840576, 217.262481689, 515.897216797, 2923.76538086, 2061.56298828, 644.142456055, 627.570495605, 461.242980957, 95.1903915405, 878.066040039, 674.448669434, 561.827331543, 244.606781006, 158.234786987, 276.392578125, 7377.578125, 264.680114746, 998.940124512, 479.812042236, 572.04888916, 36.3851051331, 126.64616394, 21.1873950958, 14.0527276993, 8.72532176971, 1.04060316086, 0.640621721745, 0.302540868521, 0.0343420803547, 0.00370490201749, 0.000686376879457, 0.000128131068777, 1.60066250032e-07, 2.67157074241e-10],
        "dvar2": [0.00657557044178, 1.72369480133, 20.4515514374, 295.647705078, 1106.71533203, 371.57800293, 688.644287109, 479.581390381, 1074.15368652, 4507.07275391, 3903.109375, 1068.69482422, 1143.57531738, 1079.11169434, 213.411819458, 1705.93078613, 1423.23425293, 1122.71630859, 465.679351807, 348.851318359, 552.555297852, 18836.3300781, 528.552307129, 1914.20019531, 989.848571777, 1073.99487305, 68.0033874512, 228.655685425, 41.7382545471, 28.7052612305, 18.1413650513, 1.90767216682, 1.10822093487, 0.55849802494, 0.073112718761, 0.00793032720685, 0.0015616217861, 0.000283756002318, 3.81033629537e-07, 5.53549872606e-10],
        "max": [0.920745253563, 15.6271066666, 53.203338623, 161.626800537, 245.084991455, 386.575927734, 354.977172852, 336.95098877, 390.540008545, 958.634094238, 690.403686523, 494.995391846, 489.34286499, 511.029266357, 171.525863647, 674.173583984, 328.212738037, 357.142913818, 250.453384399, 194.31628418, 359.074127197, 3111.15478516, 240.11088562, 840.244628906, 361.866790771, 389.245361328, 73.3323135376, 209.835479736, 74.2793731689, 52.5493927002, 63.0112953186, 29.2712135315, 21.7871742249, 15.4693508148, 3.00041222572, 0.810181736946, 0.464169502258, 0.1397138834, 0.00592261273414, 0.000172787957126],
        "mean": [0.017609173432, 0.312183976173, 1.10995364189, 7.36772584915, 11.5717134476, 9.98331356049, 13.1172590256, 12.6247243881, 21.3346252441, 46.2000961304, 32.8605995178, 21.8986644745, 21.3355560303, 14.4394197464, 10.5472354889, 23.7029037476, 25.0463581085, 20.9555206299, 14.1498632431, 12.7549324036, 12.5162525177, 19.3093929291, 16.6961708069, 24.1635665894, 19.7129764557, 16.6470508575, 7.44298028946, 10.2247123718, 5.32426548004, 3.4963953495, 1.92935621738, 0.761976540089, 0.523297309875, 0.301377505064, 0.127457603812, 0.0385204851627, 0.0132065713406, 0.00512332189828, 0.000169851642568, 2.80154163192e-05],
        "median": [0.00584992393851, 0.118101492524, 0.513473212719, 2.3149869442, 3.14992070198, 3.31624269485, 4.78969097137, 4.15539550781, 7.41298103333, 8.12932682037, 8.68025684357, 5.97276544571, 7.41645288467, 6.13743686676, 5.90633869171, 8.13949871063, 10.0995607376, 8.21279811859, 5.95410871506, 6.77492284775, 6.01342439651, 7.0768532753, 7.45020484924, 8.89957332611, 7.29293394089, 5.46935462952, 3.52189803123, 3.71500587463, 2.33736824989, 1.29139149189, 0.67730474472, 0.301344871521, 0.1998218894, 0.105088301003, 0.0444082394242, 0.0141778904945, 0.00408898713067, 0.00102508848067, 3.73378315999e-05, 2.11149981624e-05],
        "min": [9.95288282866e-05, 0.00198796787299, 0.00559399509802, 0.0241911131889, 0.00926257763058, 0.0282953679562, 0.0395003892481, 0.0167213883251, 0.0277151819319, 0.0224739201367, 0.0115145780146, 0.0271530635655, 0.017390627414, 0.0456508435309, 0.0370324365795, 0.0315213613212, 0.0299621149898, 0.0175501909107, 0.0179789643735, 0.0143274916336, 0.0184682626277, 0.0123391915113, 0.0192707851529, 0.0284099876881, 0.0192430783063, 0.0341618731618, 0.0326120741665, 0.0288303419948, 0.0290046818554, 0.0125784501433, 0.00889314431697, 0.00407620472834, 0.00163008132949, 0.000606075045653, 0.000123863312183, 4.15267131757e-05, 1.17220188258e-05, 3.00455735669e-06, 5.26487838215e-07, 3.99004761675e-07],
        "stdev": [0.0484459660947, 0.794248640537, 2.33508324623, 13.2329149246, 21.4822807312, 19.9655132294, 23.1383800507, 23.9999828339, 36.6323394775, 104.756698608, 67.7444000244, 45.2376022339, 41.179397583, 28.4522266388, 14.2478227615, 43.180973053, 37.6214675903, 36.0948944092, 24.3772506714, 17.8085136414, 21.8316459656, 81.3148117065, 25.0051193237, 44.1942901611, 32.0194206238, 33.6269645691, 9.87127780914, 17.2662239075, 7.35522031784, 5.56480360031, 3.84715056419, 1.56234693527, 1.19086992741, 0.7590290308, 0.245200812817, 0.0744748488069, 0.0290590971708, 0.0124633414671, 0.00041361595504, 2.5389052098e-05],
        "var": [0.00234701158479, 0.63083088398, 5.45261335373, 175.110031128, 461.488372803, 398.621704102, 535.384643555, 575.999145508, 1341.92822266, 10973.9658203, 4589.30322266, 2046.44055176, 1695.74291992, 809.529174805, 203.000442505, 1864.59655762, 1415.37487793, 1302.84130859, 594.250366211, 317.143127441, 476.620758057, 6612.09814453, 625.255981445, 1953.13525391, 1025.24328613, 1130.77270508, 97.4421234131, 298.122467041, 54.0992660522, 30.9670372009, 14.8005666733, 2.44092798233, 1.41817104816, 0.576125025749, 0.0601234361529, 0.00554650323465, 0.000844431109726, 0.000155334870215, 1.71078170297e-07, 6.44603981304e-10]
    },
    "gfcc": {
        "mean": [-16.8747901917, 93.3148345947, -126.630172729, 38.1917762756, -65.0154342651, 4.15663671494, -34.9846343994, 0.334538400173, -27.172504425, 0.693689227104, -17.6118984222, -4.67861223221, -17.5776348114],
        "cov": [[3914.32348633, -396.379669189, -324.138977051, -74.3127593994, -105.061523438, -190.97984314, -54.5086479187, 60.8964042664, -2.23808073997, 1.16670811176, -69.2966156006, 68.5903167725, -91.1087493896], [-396.379669189, 719.176208496, -193.647003174, -111.622192383, 105.467605591, -47.457069397, -33.4718017578, -137.081558228, 43.4266662598, -56.2774009705, 103.635231018, -54.2036132812, 65.1130905151], [-324.138977051, -193.647003174, 758.974609375, 46.5707626343, 57.2929458618, 217.627624512, -79.6233291626, -29.2644824982, -133.569900513, 3.26684498787, -94.2641067505, 41.9467086792, -35.5090370178], [-74.3127593994, -111.622192383, 46.5707626343, 254.366714478, -3.77579259872, -4.64969205856, 96.5570373535, 64.8475036621, 27.4135437012, -14.4146318436, -26.5695037842, -22.7716007233, -0.731493413448], [-105.061523438, 105.467605591, 57.2929458618, -3.77579259872, 172.882568359, 86.7182312012, -19.9870452881, -51.1686286926, -35.228061676, -24.0119819641, -0.381888091564, 7.09464788437, 3.31580519676], [-190.97984314, -47.457069397, 217.627624512, -4.64969205856, 86.7182312012, 200.292282104, -21.7137451172, -36.9977111816, -60.1971282959, -14.5111923218, -34.0090446472, 18.560043335, 0.90329772234], [-54.5086479187, -33.4718017578, -79.6233291626, 96.5570373535, -19.9870452881, -21.7137451172, 158.675918579, 106.273841858, 68.9489974976, 5.50172710419, -6.19080400467, -27.7358627319, -9.74102973938], [60.8964042664, -137.081558228, -29.2644824982, 64.8475036621, -51.1686286926, -36.9977111816, 106.273841858, 181.411254883, 88.7517089844, 37.8003311157, -16.8715343475, -20.7083511353, -24.2220211029], [-2.23808073997, 43.4266662598, -133.569900513, 27.4135437012, -35.228061676, -60.1971282959, 68.9489974976, 88.7517089844, 135.639984131, 42.2206001282, 25.8118667603, -20.9978904724, -1.91159462929], [1.16670811176, -56.2774009705, 3.26684498787, -14.4146318436, -24.0119819641, -14.5111923218, 5.50172710419, 37.8003311157, 42.2206001282, 96.6096572876, 39.33436203, 21.8655471802, -12.6791906357], [-69.2966156006, 103.635231018, -94.2641067505, -26.5695037842, -0.381888091564, -34.0090446472, -6.19080400467, -16.8715343475, 25.8118667603, 39.33436203, 95.1507720947, 30.0666313171, 19.0526332855], [68.5903167725, -54.2036132812, 41.9467086792, -22.7716007233, 7.09464788437, 18.560043335, -27.7358627319, -20.7083511353, -20.9978904724, 21.8655471802, 30.0666313171, 83.6337051392, 27.4673023224], [-91.1087493896, 65.1130905151, -35.5090370178, -0.731493413448, 3.31580519676, 0.90329772234, -9.74102973938, -24.2220211029, -1.91159462929, -12.6791906357, 19.0526332855, 27.4673023224, 74.1937408447]],
        "icov": [[0.000343593623256, 6.70128356433e-05, 0.000276357925031, 2.12379106301e-07, -1.06004927147e-05, 0.000250375596806, 0.000294020865113, -0.000132714325446, 3.64343904948e-05, 0.000101304663986, 0.000612467818428, -0.000818620552309, 0.000652117771097], [6.70128356433e-05, 0.00510303676128, -0.00128518999554, 0.00265011191368, -0.00308998767287, 0.00197448045947, -0.00164172635414, 0.00401113461703, -0.00421928381547, 0.00398628041148, -0.00648961821571, 0.00640683853999, -0.00390997156501], [0.000276357925031, -0.00128518999554, 0.00341412611306, -0.00183283269871, 0.00117842259351, -0.00273994822055, 0.00233827368356, -0.00200916803442, 0.00282199005596, -0.00236821547151, 0.00408253166825, -0.00348725612275, 0.00262557971291], [2.12379106301e-07, 0.00265011191368, -0.00183283269871, 0.00717149162665, -0.00206836708821, 0.00217761518434, -0.00478782877326, 0.0021024311427, -0.00234256405383, 0.00284288148396, -0.00302780419588, 0.00405760202557, -0.00330745126121], [-1.06004927147e-05, -0.00308998767287, 0.00117842259351, -0.00206836708821, 0.0101240947843, -0.00516523746774, 0.00107928935904, -0.000932920200285, 0.0021452724468, -0.000588799070101, 0.00226853298955, -0.0040231635794, 0.00355146173388], [0.000250375596806, 0.00197448045947, -0.00273994822055, 0.00217761518434, -0.00516523746774, 0.01090718247, -0.00273830839433, 0.00250760605559, -0.000590887095314, 0.000721260730643, 4.2554212996e-05, 0.00124831905123, -0.00252307765186], [0.000294020865113, -0.00164172635414, 0.00233827368356, -0.00478782877326, 0.00107928935904, -0.00273830839433, 0.0154852783307, -0.00832914095372, -0.000318456673995, 0.000843887275551, 0.00132647703867, -0.00183982879389, 0.00264921761118], [-0.000132714325446, 0.00401113461703, -0.00200916803442, 0.0021024311427, -0.000932920200285, 0.00250760605559, -0.00832914095372, 0.0172952506691, -0.0090971570462, -0.000210313126445, -0.000818861299194, 0.00391191244125, -0.00156832160428], [3.64343904948e-05, -0.00421928381547, 0.00282199005596, -0.00234256405383, 0.0021452724468, -0.000590887095314, -0.000318456673995, -0.0090971570462, 0.0202927943319, -0.00873225834221, 0.00329983280972, -0.00123730953783, 0.000615930359345], [0.000101304663986, 0.00398628041148, -0.00236821547151, 0.00284288148396, -0.000588799070101, 0.000721260730643, 0.000843887275551, -0.000210313126445, -0.00873225834221, 0.0225551705807, -0.013117806986, 0.00040952427662, 0.00242679705843], [0.000612467818428, -0.00648961821571, 0.00408253166825, -0.00302780419588, 0.00226853298955, 4.2554212996e-05, 0.00132647703867, -0.000818861299194, 0.00329983280972, -0.013117806986, 0.0297428127378, -0.0153096010908, 0.00404963875189], [-0.000818620552309, 0.00640683853999, -0.00348725612275, 0.00405760202557, -0.0040231635794, 0.00124831905123, -0.00183982879389, 0.00391191244125, -0.00123730953783, 0.00040952427662, -0.0153096010908, 0.0297777764499, -0.0141112757847], [0.000652117771097, -0.00390997156501, 0.00262557971291, -0.00330745126121, 0.00355146173388, -0.00252307765186, 0.00264921761118, -0.00156832160428, 0.000615930359345, 0.00242679705843, 0.00404963875189, -0.0141112757847, 0.0232570469379]]
    },
    "melbands": {
        "dmean": [0.000228033779422, 0.000469188380521, 0.00114420731552, 0.000475163717056, 0.000357245473424, 0.000171875653905, 0.000198880938115, 0.000254133308772, 0.000153854343807, 7.62775744079e-05, 6.22813240625e-05, 3.81193422072e-05, 1.85090411833e-05, 3.14549142786e-05, 4.13258821936e-05, 2.63518359134e-05, 2.44841758104e-05, 1.30907055791e-05, 1.2505110135e-05, 1.03252059489e-05, 9.20663842408e-06, 1.55152847583e-05, 8.22107267595e-06, 1.11853432827e-05, 1.25759324874e-05, 1.00758934423e-05, 7.73050396674e-06, 6.57295822748e-06, 2.52736435868e-06, 3.41803183801e-06, 3.39677194461e-06, 1.95281177184e-06, 1.33785249545e-06, 1.11189638119e-06, 9.26707684812e-07, 3.55606943003e-07, 2.64280771489e-07, 2.41699979142e-07, 2.21251752919e-07, 1.53798310976e-07],
        "dmean2": [0.000379274802981, 0.000786150165368, 0.00184510194231, 0.000750146573409, 0.000528719392605, 0.000258365907939, 0.000284210429527, 0.000343262945535, 0.000222586560994, 0.000107506144559, 8.61967491801e-05, 5.34813952981e-05, 2.74191297649e-05, 4.5340435463e-05, 6.00025923632e-05, 3.80977289751e-05, 3.72616013919e-05, 1.91835788428e-05, 1.84444052138e-05, 1.59116243594e-05, 1.36609132824e-05, 2.31899048231e-05, 1.19205669762e-05, 1.61961852427e-05, 1.78675218194e-05, 1.49898132804e-05, 1.14556896733e-05, 9.55687573878e-06, 3.73255193153e-06, 4.93285688208e-06, 4.94735968459e-06, 2.78462971437e-06, 2.01420425583e-06, 1.65368112448e-06, 1.36845096677e-06, 5.37354821972e-07, 3.8295584659e-07, 3.47717445948e-07, 3.12959343773e-07, 2.14155406297e-07],
        "dvar": [4.04384792319e-07, 1.533998784e-06, 4.92782419315e-06, 7.9189430835e-07, 5.07430740981e-07, 1.0412412621e-07, 1.44138851965e-07, 3.33172636147e-07, 1.29109992031e-07, 2.89416988153e-08, 1.66167843929e-08, 9.75106217993e-09, 8.57665272136e-10, 4.69218885968e-09, 6.11427797281e-09, 2.14030926315e-09, 2.48589016039e-09, 8.07144295845e-10, 4.0381700761e-10, 4.55374460362e-10, 3.60539570421e-10, 9.87488224524e-09, 6.02091987378e-10, 4.5006692817e-10, 7.80646991494e-10, 5.3596749261e-10, 2.46754144895e-10, 2.33157909646e-10, 2.0853792651e-11, 4.15506518081e-11, 4.03457059428e-11, 1.13377137539e-11, 4.98546212993e-12, 4.52925110611e-12, 5.36476028531e-12, 5.82435250203e-13, 5.31189892419e-13, 3.09669309509e-13, 4.71983888604e-13, 1.56416221121e-13],
        "dvar2": [9.85669089459e-07, 4.25289408668e-06, 1.21638413475e-05, 2.0157799554e-06, 1.04986156657e-06, 2.34814180544e-07, 2.70903825594e-07, 5.17372711784e-07, 2.43288411639e-07, 4.71160461757e-08, 3.04239868854e-08, 2.27679279874e-08, 1.92465177129e-09, 8.89602347343e-09, 1.30249748764e-08, 4.30356505987e-09, 5.03930097651e-09, 1.51592272069e-09, 8.47267200843e-10, 1.00053842989e-09, 7.13398062846e-10, 2.51634038051e-08, 1.4378712665e-09, 8.88886853012e-10, 1.49177781239e-09, 1.16284770701e-09, 4.89349727406e-10, 4.38895003674e-10, 4.13388247245e-11, 7.78426281767e-11, 7.72171285246e-11, 2.31598819983e-11, 1.09997202319e-11, 9.30455105325e-12, 1.11684446413e-11, 1.28967789139e-12, 9.02853367155e-13, 5.88199519473e-13, 8.18803575289e-13, 3.09967573527e-13],
        "max": [0.0128961820155, 0.023818699643, 0.0289093721658, 0.0117680747062, 0.0176055449992, 0.00674794334918, 0.00720338569954, 0.00993323232979, 0.00537934526801, 0.0036863386631, 0.00237795477733, 0.00234582531266, 0.000440490228357, 0.00155266362708, 0.00113854161464, 0.00095504836645, 0.000791710685007, 0.000480630842503, 0.000318165402859, 0.000503666931763, 0.000390254164813, 0.00358661240898, 0.000750958919525, 0.000353408482624, 0.000750802399125, 0.000448300706921, 0.000280950858723, 0.000230387653573, 6.21419967501e-05, 0.000112217341666, 0.000106141858851, 5.76206002734e-05, 3.37167330144e-05, 2.9996419471e-05, 5.65887094126e-05, 1.18700572784e-05, 2.39735709329e-05, 1.46657766891e-05, 2.02694554901e-05, 9.52752088779e-06],
        "mean": [0.000246453186264, 0.000591231044382, 0.00146656914148, 0.000682313169818, 0.000514071027283, 0.000283909728751, 0.00036714412272, 0.000493125524372, 0.000251273071626, 0.000137317489134, 0.000106919876998, 6.08111186011e-05, 3.01812287944e-05, 5.20699977642e-05, 6.84476253809e-05, 4.51003579656e-05, 3.89820706914e-05, 2.21031768888e-05, 1.9595012418e-05, 1.56005025929e-05, 1.39960839078e-05, 2.17113265535e-05, 1.36574089993e-05, 1.78314985533e-05, 1.95372449525e-05, 1.59197170433e-05, 1.27361045088e-05, 1.0023066352e-05, 4.27899612987e-06, 5.52589972358e-06, 5.68619043406e-06, 3.31717728841e-06, 2.10968687497e-06, 1.78848733867e-06, 1.2928395563e-06, 5.54079520043e-07, 4.34036167007e-07, 3.68233003201e-07, 3.257611354e-07, 2.32062134842e-07],
        "median": [8.96750716493e-05, 0.000288469425868, 0.000468773010653, 0.000263689114945, 0.000166575366165, 9.58201126195e-05, 0.000113623005745, 8.04672890808e-05, 5.88875554968e-05, 3.08235394186e-05, 3.35611002811e-05, 2.31364883803e-05, 1.63653530763e-05, 1.85160661204e-05, 2.15167256101e-05, 1.82027579285e-05, 1.30353873828e-05, 7.74835007178e-06, 8.27777057566e-06, 7.15214991942e-06, 5.71102873437e-06, 7.05157208358e-06, 5.05487059854e-06, 6.41359883957e-06, 5.90817580814e-06, 4.6336322157e-06, 4.49859999208e-06, 2.85174269266e-06, 1.77948152214e-06, 2.13841303776e-06, 1.95163465833e-06, 1.35022219183e-06, 8.37543666421e-07, 6.15910437318e-07, 4.32901401837e-07, 2.01057417826e-07, 1.68562749536e-07, 1.38909953762e-07, 1.07939371219e-07, 8.45162659857e-08],
        "min": [1.14104432214e-06, 3.49653464582e-06, 5.56880922886e-06, 1.11568760985e-06, 1.22057815588e-06, 2.29821296216e-07, 3.01778527501e-07, 1.67598599887e-07, 6.71168933764e-08, 1.29333358245e-07, 5.64099238431e-08, 1.76125382723e-07, 7.1017396408e-08, 5.98314926492e-08, 7.5693094459e-08, 6.42454907052e-08, 2.8063553259e-08, 2.22042402243e-08, 1.84282118454e-08, 1.73656751201e-08, 2.17390176971e-08, 1.3065797333e-08, 1.22289840476e-08, 1.62387188141e-08, 2.38430555299e-08, 1.1587332871e-08, 1.5136070175e-08, 1.78793886363e-08, 2.07122727858e-08, 1.64697162575e-08, 1.20950964799e-08, 1.31311166385e-08, 9.684187674e-09, 6.38842267975e-09, 5.54342660664e-09, 2.80319056856e-09, 2.26807128634e-09, 1.25825982966e-09, 8.90906404205e-10, 3.25679289093e-10],
        "stdev": [0.000644724874292, 0.00114533759188, 0.00259402394295, 0.0010974110337, 0.000989879481494, 0.000521003152244, 0.000679765304085, 0.00108642771374, 0.000538258813322, 0.000308448768919, 0.000209345525946, 0.000129514141008, 4.16853581555e-05, 0.000100863289845, 0.000113606947707, 6.89060179866e-05, 7.39754395909e-05, 4.42302443844e-05, 3.00025349134e-05, 2.62793655565e-05, 2.5812198146e-05, 9.4340844953e-05, 2.93555840472e-05, 3.13818636641e-05, 3.86748797609e-05, 3.22150517604e-05, 2.27172113227e-05, 2.12423747143e-05, 6.86845214659e-06, 9.3492326414e-06, 9.57915290201e-06, 5.15788406119e-06, 3.07599543703e-06, 3.02776084027e-06, 2.92970617011e-06, 1.00806039427e-06, 1.13290332138e-06, 8.02248564469e-07, 9.58332179835e-07, 5.31926559688e-07],
        "var": [4.1567017206e-07, 1.31179808704e-06, 6.7289602157e-06, 1.20431093364e-06, 9.79861397354e-07, 2.71444292821e-07, 4.62080834041e-07, 1.18032517094e-06, 2.89722549951e-07, 9.51406420313e-08, 4.38255511881e-08, 1.67739120371e-08, 1.73766911971e-09, 1.01734025648e-08, 1.29065380605e-08, 4.74803885098e-09, 5.47236611581e-09, 1.95631444377e-09, 9.0015211951e-10, 6.90605017617e-10, 6.66269595051e-10, 8.90019435928e-09, 8.61750282244e-10, 9.84821446615e-10, 1.49574619357e-09, 1.037809505e-09, 5.16071685386e-10, 4.51238491017e-10, 4.71756349263e-11, 8.74081501623e-11, 9.17601689077e-11, 2.66037677998e-11, 9.46174735783e-12, 9.16733529366e-12, 8.58317843883e-12, 1.01618572498e-12, 1.28346985817e-12, 6.43602738378e-13, 9.18400663678e-13, 2.82945840152e-13]
    },
    "melbands128": {
