{
"lowlevel": {
    "average_loudness": 0.979934215546,
    "barkbands_crest": {
        "dmean": 2.88709974289,
        "dmean2": 4.88120222092,
        "dvar": 6.86204814911,
        "dvar2": 19.6109256744,
        "max": 23.6959762573,
        "mean": 8.77677631378,
        "median": 7.96586036682,
        "min": 3.12993168831,
        "stdev": 3.50263595581,
        "var": 12.2684593201
    },
    "barkbands_flatness_db": {
        "dmean": 0.0208565182984,
        "dmean2": 0.0334722287953,
        "dvar": 0.000355004827725,
        "dvar2": 0.000912465446163,
        "max": 0.329459965229,
        "mean": 0.123946890235,
        "median": 0.116850249469,
        "min": 0.0460444651544,
        "stdev": 0.038749422878,
        "var": 0.001501517836
    },
    "barkbands_kurtosis": {
        "dmean": 2.96128845215,
        "dmean2": 4.96283483505,
        "dvar": 22.8206481934,
        "dvar2": 61.7760620117,
        "max": 77.1508789062,
        "mean": 4.70618009567,
        "median": 2.55640697479,
        "min": -1.73519647121,
        "stdev": 6.89304161072,
        "var": 47.5140228271
    },
    "barkbands_skewness": {
        "dmean": 0.504817605019,
        "dmean2": 0.834742546082,
        "dvar": 0.270637273788,
        "dvar2": 0.711376070976,
        "max": 7.4442152977,
        "mean": 1.8895881176,
        "median": 1.72858071327,
        "min": -0.655611157417,
        "stdev": 0.932807087898,
        "var": 0.870129108429
    },
    "barkbands_spread": {
        "dmean": 4.98219060898,
        "dmean2": 7.98540687561,
        "dvar": 25.8699531555,
        "dvar2": 57.5984802246,
        "max": 82.4787902832,
        "mean": 22.1694412231,
        "median": 22.2689723969,
        "min": 1.69083619118,
        "stdev": 9.18902111053,
        "var": 84.4381103516
    },
    "dissonance": {
        "dmean": 0.0149474004284,
        "dmean2": 0.0253086052835,
        "dvar": 0.00019237579545,
        "dvar2": 0.000551599601749,
        "max": 0.500000119209,
        "mean": 0.471034497023,
        "median": 0.474581450224,
        "min": 0.350555896759,
        "stdev": 0.0196287743747,
        "var": 0.000385288789403
    },
    "dynamic_complexity": 1.21478545666,
    "erbbands_crest": {
        "dmean": 2.11667537689,
        "dmean2": 3.41652965546,
        "dvar": 4.29175138474,
        "dvar2": 10.4806013107,
        "max": 25.2016181946,
        "mean": 6.95286560059,
        "median": 5.87271690369,
        "min": 2.47955179214,
        "stdev": 3.54745078087,
        "var": 12.5844078064
    },
    "erbbands_flatness_db": {
        "dmean": 0.01193660032,
        "dmean2": 0.0176309403032,
        "dvar": 0.000119951429951,
        "dvar2": 0.000241943416768,
        "max": 0.27109208703,
        "mean": 0.140960842371,
        "median": 0.136060222983,
        "min": 0.0756037607789,
        "stdev": 0.0275482013822,
        "var": 0.000758903450333
    },
    "erbbands_kurtosis": {
        "dmean": 0.484831482172,
        "dmean2": 0.783485293388,
        "dvar": 0.941133260727,
        "dvar2": 2.24282383919,
        "max": 21.1934204102,
        "mean": -0.519501149654,
        "median": -0.954510211945,
        "min": -1.81487500668,
        "stdev": 1.61540484428,
        "var": 2.6095328331
    },
    "erbbands_skewness": {
        "dmean": 0.28314563632,
        "dmean2": 0.44484397769,
        "dvar": 0.0734899640083,
        "dvar2": 0.164845898747,
        "max": 4.44420671463,
        "mean": 0.385681122541,
        "median": 0.288011312485,
        "min": -2.44734716415,
        "stdev": 0.561911404133,
        "var": 0.315744429827
    },
    "erbbands_spread": {
        "dmean": 7.40912151337,
        "dmean2": 11.4822292328,
        "dvar": 51.4787902832,
        "dvar2": 117.190093994,
        "max": 131.600769043,
        "mean": 52.4174194336,
        "median": 51.4439697266,
        "min": 5.57138347626,
        "stdev": 16.6842842102,
        "var": 278.365356445
    },
    "hfc": {
        "dmean": 4.6380405426,
        "dmean2": 7.0012512207,
        "dvar": 25.6715869904,
        "dvar2": 52.8091430664,
        "max": 86.8137435913,
        "mean": 26.523771286,
        "median": 26.2014503479,
        "min": 0.385734289885,
        "stdev": 11.4754095078,
        "var": 131.685012817
    },
    "loudness_ebu128": {
        "integrated": -16.4192314148,
        "loudness_range": 1.02633285522,
        "momentary": {
            "dmean": 0.291324138641,
            "dmean2": 0.328078955412,
            "dvar": 0.0769619941711,
            "dvar2": 0.0953444391489,
            "max": -14.6630821228,
            "mean": -16.5586929321,
            "median": -16.3304519653,
            "min": -25.6990280151,
            "stdev": 1.25134468079,
            "var": 1.5658633709
        },
        "short_term": {
            "dmean": 0.0441492050886,
            "dmean2": 0.0401650369167,
            "dvar": 0.00122264982201,
            "dvar2": 0.000912148214411,
            "max": -15.69099617,
            "mean": -16.3817996979,
            "median": -16.2969455719,
            "min": -17.6962337494,
            "stdev": 0.418414026499,
            "var": 0.175070285797
        }
    },
    "melbands_crest": {
        "dmean": 3.67217707634,
        "dmean2": 6.20714426041,
        "dvar": 9.73050403595,
        "dvar2": 26.7533416748,
        "max": 29.293800354,
        "mean": 12.968416214,
        "median": 12.3639192581,
        "min": 4.40002584457,
        "stdev": 4.28497219086,
        "var": 18.3609886169
    },
    "melbands_flatness_db": {
        "dmean": 0.0252769067883,
        "dmean2": 0.0409919060767,
        "dvar": 0.000539529661182,
        "dvar2": 0.00137351918966,
        "max": 0.416822165251,
        "mean": 0.18062235415,
        "median": 0.170882374048,
        "min": 0.084319986403,
        "stdev": 0.0481254830956,
        "var": 0.00231606210582
    },
    "melbands_kurtosis": {
        "dmean": 8.31371498108,
        "dmean2": 13.8744564056,
        "dvar": 167.937728882,
        "dvar2": 441.034240723,
        "max": 175.079879761,
        "mean": 17.6531639099,
        "median": 11.75203228,
        "min": -1.17040300369,
        "stdev": 19.2738304138,
        "var": 371.480529785
    },
    "melbands_skewness": {
        "dmean": 0.76200813055,
        "dmean2": 1.24182796478,
        "dvar": 0.595122933388,
        "dvar2": 1.52324056625,
        "max": 10.6534996033,
        "mean": 3.22374296188,
        "median": 2.96039700508,
        "min": -0.642458200455,
        "stdev": 1.45665311813,
        "var": 2.12183833122
    },
    "melbands_spread": {
        "dmean": 5.45299577713,
        "dmean2": 8.89354801178,
        "dvar": 35.4434928894,
        "dvar2": 90.7778396606,
        "max": 128.268127441,
        "mean": 19.6468448639,
        "median": 18.7204036713,
        "min": 1.20744550228,
        "stdev": 10.1303472519,
        "var": 102.623931885
    },
    "pitch_salience": {
        "dmean": 0.0833648368716,
        "dmean2": 0.141026571393,
        "dvar": 0.00495152082294,
        "dvar2": 0.013715159148,
        "max": 0.858238279819,
        "mean": 0.615860521793,
        "median": 0.624483704567,
        "min": 0.285942673683,
        "stdev": 0.0960820242763,
        "var": 0.00923175550997
    },
    "silence_rate_20dB": {
        "dmean": 0,
        "dmean2": 0,
        "dvar": 0,
        "dvar2": 0,
        "max": 1,
        "mean": 1,
        "median": 1,
        "min": 1,
        "stdev": 0,
        "var": 0
    },
    "silence_rate_30dB": {
        "dmean": 0.00206398358569,
        "dmean2": 0.00413009803742,
        "dvar": 0.00205975282006,
        "dvar2": 0.00617818953469,
        "max": 1,
        "mean": 0.998968541622,
        "median": 1,
        "min": 0,
        "stdev": 0.0320999063551,
        "var": 0.00103040400427
    },
    "silence_rate_60dB": {
        "dmean": 0.00206398358569,
        "dmean2": 0.00413009803742,
        "dvar": 0.0020597234834,
        "dvar2": 0.00514556560665,
        "max": 1,
        "mean": 0.00206291908398,
        "median": 0,
        "min": 0,
        "stdev": 0.0453724972904,
        "var": 0.00205866363831
    },
    "spectral_centroid": {
        "dmean": 243.787689209,
        "dmean2": 385.550811768,
        "dvar": 53549.0078125,
        "dvar2": 123851.234375,
        "max": 3779.31103516,
        "mean": 1402.66186523,
        "median": 1422.92285156,
        "min": 220.341339111,
        "stdev": 493.640258789,
        "var": 243680.71875
    },
    "spectral_complexity": {
        "dmean": 4.11455106735,
        "dmean2": 6.37687158585,
        "dvar": 11.4688148499,
        "dvar2": 27.1535320282,
        "max": 60,
        "mean": 30.1299648285,
        "median": 33,
        "min": 1,
        "stdev": 10.9992628098,
        "var": 120.983779907
    },
    "spectral_decrease": {
        "dmean": 3.65232555311e-09,
        "dmean2": 6.10843198245e-09,
        "dvar": 1.72416964398e-17,
        "dvar2": 4.5937607667e-17,
        "max": -3.63550384241e-10,
        "mean": -1.06156612389e-08,
        "median": -9.73316094388e-09,
        "min": -3.74518478452e-08,
        "stdev": 5.07241360026e-09,
        "var": 2.57293785072e-17
    },
    "spectral_energy": {
        "dmean": 0.0140425805002,
        "dmean2": 0.0234447214752,
        "dvar": 0.000250390643487,
        "dvar2": 0.000665790226776,
        "max": 0.144166663289,
        "mean": 0.042471781373,
        "median": 0.0392935685813,
        "min": 0.00141559960321,
        "stdev": 0.0195656754076,
        "var": 0.000382815662306
    },
    "spectral_energyband_high": {
        "dmean": 0.00035950896563,
        "dmean2": 0.000539699976798,
        "dvar": 2.85209409867e-07,
        "dvar2": 6.27492511285e-07,
        "max": 0.0117746656761,
        "mean": 0.00132660695817,
        "median": 0.00116828712635,
        "min": 7.45085208109e-06,
        "stdev": 0.0009185874369,
        "var": 8.43802865802e-07
    },
    "spectral_energyband_low": {
        "dmean": 0.0102010034025,
        "dmean2": 0.0174027830362,
        "dvar": 0.000221135400352,
        "dvar2": 0.000599321210757,
        "max": 0.112529091537,
        "mean": 0.0151100400835,
        "median": 0.0105233741924,
        "min": 0.000235544721363,
        "stdev": 0.015552341938,
        "var": 0.000241875328356
    },
    "spectral_energyband_middle_high": {
        "dmean": 0.00147446594201,
        "dmean2": 0.00225542159751,
        "dvar": 3.74413434656e-06,
        "dvar2": 8.41981818667e-06,
        "max": 0.0502541549504,
        "mean": 0.0059938528575,
        "median": 0.00542681571096,
        "min": 3.04813165712e-05,
        "stdev": 0.00479889521375,
        "var": 2.30293953791e-05
    },
    "spectral_energyband_middle_low": {
        "dmean": 0.00740560796112,
        "dmean2": 0.0123048443347,
        "dvar": 6.26160835964e-05,
        "dvar2": 0.000160390962265,
        "max": 0.111328482628,
        "mean": 0.0212575122714,
        "median": 0.0195465944707,
        "min": 0.000672620139085,
        "stdev": 0.0113575691357,
        "var": 0.0001289943757
    },
    "spectral_entropy": {
        "dmean": 0.109522454441,
        "dmean2": 0.172069013119,
        "dvar": 0.0139185423031,
        "dvar2": 0.028645100072,
        "max": 8.35137844086,
        "mean": 7.72126531601,
        "median": 7.78822660446,
        "min": 5.9322385788,
        "stdev": 0.26883071661,
        "var": 0.0722699537873
    },
    "spectral_flux": {
        "dmean": 0.0291324872524,
        "dmean2": 0.0479473359883,
        "dvar": 0.000878643535543,
        "dvar2": 0.00191313948017,
        "max": 0.295432955027,
        "mean": 0.117527022958,
        "median": 0.110231183469,
        "min": 0.0263507477939,
        "stdev": 0.0415832437575,
        "var": 0.00172916625161
    },
    "spectral_kurtosis": {
        "dmean": 0.911192476749,
        "dmean2": 1.55650854111,
        "dvar": 0.947106778622,
        "dvar2": 2.65522241592,
        "max": 24.7974529266,
        "mean": 2.45865082741,
        "median": 2.17258167267,
        "min": -0.321363925934,
        "stdev": 1.51867318153,
        "var": 2.30636811256
    },
    "spectral_rms": {
        "dmean": 0.00102768000215,
        "dmean2": 0.0016924230149,
        "dvar": 1.01788191387e-06,
        "dvar2": 2.65994844995e-06,
        "max": 0.0118596125394,
        "mean": 0.00627030944452,
        "median": 0.00619154144078,
        "min": 0.00117519055493,
        "stdev": 0.00145576160867,
        "var": 2.11924202631e-06
    },
    "spectral_rolloff": {
        "dmean": 425.142547607,
        "dmean2": 716.877929688,
        "dvar": 310644.46875,
        "dvar2": 703797.9375,
        "max": 7278.22265625,
        "mean": 1068.99743652,
        "median": 861.328125,
        "min": 107.666015625,
        "stdev": 785.121398926,
        "var": 616415.625
    },
    "spectral_skewness": {
        "dmean": 0.150240257382,
        "dmean2": 0.240874901414,
        "dvar": 0.0192758161575,
        "dvar2": 0.0458363480866,
        "max": 4.00079917908,
        "mean": 1.11905038357,
        "median": 1.07955908775,
        "min": 0.421519041061,
        "stdev": 0.294286876917,
        "var": 0.0866047665477
    },
    "spectral_spread": {
        "dmean": 310479.625,
        "dmean2": 460401,
        "dvar": 245926051840,
        "dvar2": 340776779776,
        "max": 19352056,
        "mean": 4455406,
        "median": 4336858.5,
        "min": 2316781,
        "stdev": 905406.5625,
        "var": 819760988160
    },
    "spectral_strongpeak": {
        "dmean": 0.463388711214,
        "dmean2": 0.794693350792,
        "dvar": 0.456576675177,
        "dvar2": 1.24992489815,
        "max": 8.20093154907,
        "mean": 0.741902589798,
        "median": 0.50847941637,
        "min": 0,
        "stdev": 0.752457737923,
        "var": 0.566192626953
    },
    "zerocrossingrate": {
        "dmean": 0.00799113325775,
        "dmean2": 0.0103078512475,
        "dvar": 5.14749699505e-05,
        "dvar2": 7.9025659943e-05,
        "max": 0.16357421875,
        "mean": 0.0556645654142,
        "median": 0.05517578125,
        "min": 0.01123046875,
        "stdev": 0.0179316960275,
        "var": 0.000321545754559
    },
    "barkbands": {
        "dmean": [0.00115610496141, 0.00706041743979, 0.00343091995455, 0.00269304658286, 0.00500709842891, 0.0017067596782, 0.00177911156788, 0.0010269790655, 0.00090717501007, 0.000732786080334, 0.000429932930274, 0.000346686370904, 0.000271829718258, 0.000235432686168, 0.000140468822792, 0.00018646143144, 0.000185880504432, 0.000204743832001, 0.000226328382269, 0.000251176505117, 0.000152032996994, 0.000102318517747, 6.84539554641e-05, 3.3332969906e-05, 1.96370983758e-05, 4.31375656262e-06, 1.73788706093e-07],
        "dmean2": [0.00196854607202, 0.0124091822654, 0.005816554185, 0.00460122292861, 0.00840072520077, 0.00280127720907, 0.00286546885036, 0.00169563246891, 0.00141073612031, 0.00119532574899, 0.000701076060068, 0.000547728617676, 0.000432437955169, 0.000372248759959, 0.000234333143453, 0.00031148744165, 0.000306763744447, 0.000337904726621, 0.000364209816325, 0.000397327879909, 0.000243220973061, 0.000162468248163, 0.000104856699181, 5.04815616296e-05, 2.93454304483e-05, 6.75936462358e-06, 2.84556477936e-07],
        "dvar": [4.36759000877e-06, 0.000168343132827, 1.77748443093e-05, 1.52009288286e-05, 3.28156602336e-05, 3.73765669792e-06, 5.87306021771e-06, 3.76652747036e-06, 2.09133190765e-06, 1.67565724496e-06, 5.51080574951e-07, 4.43800217909e-07, 2.54839619629e-07, 2.9474122698e-07, 4.31160742664e-08, 4.20517700661e-08, 2.55606465771e-07, 5.05244237559e-08, 9.32588903879e-08, 9.60917319048e-08, 5.58123183225e-08, 4.72798582507e-08, 1.9021033637e-08, 2.32281860413e-09, 1.02128450141e-09, 7.50654469139e-11, 1.04474832648e-13],
        "dvar2": [1.19432479551e-05, 0.000462423369754, 4.96306129207e-05, 4.13319467043e-05, 8.26611139928e-05, 9.48243359744e-06, 1.40627989822e-05, 9.90206081042e-06, 4.53343773188e-06, 4.19761954618e-06, 1.49810625771e-06, 9.94576566882e-07, 5.87470594837e-07, 4.95921824495e-07, 1.07863925791e-07, 1.13461418039e-07, 7.11339225745e-07, 1.31655852442e-07, 1.8567355653e-07, 2.22663658178e-07, 1.37850662441e-07, 1.11319941709e-07, 3.96212094245e-08, 4.8805715025e-09, 2.31249686067e-09, 1.89308471676e-10, 2.60481875869e-13],
        "max": [0.0153838787228, 0.0900218635798, 0.0446064919233, 0.0459309890866, 0.0716676935554, 0.0218939390033, 0.0387048944831, 0.0431260317564, 0.0205034669489, 0.0282989237458, 0.017130849883, 0.0106536448002, 0.0154985338449, 0.0186930038035, 0.00479381205514, 0.00383616820909, 0.0162787586451, 0.0038916526828, 0.00770756043494, 0.00432707089931, 0.00459049316123, 0.00561050092801, 0.00313050672412, 0.00115188653581, 0.000385050807381, 0.000119865166198, 3.59176578968e-06],
        "mean": [0.00106293219142, 0.00759336445481, 0.00541291479021, 0.00342602515593, 0.00824930146337, 0.0030563280452, 0.003158967942, 0.0015435727546, 0.00153974664863, 0.00127353041898, 0.000782397866715, 0.000640416692477, 0.000502817973029, 0.000409823551308, 0.000276690727333, 0.0003840601712, 0.000406499806559, 0.000516492989846, 0.000588573399, 0.000647402543109, 0.00042520739953, 0.000242658701609, 0.000179072318133, 0.000100781318906, 4.49323342764e-05, 7.10253152647e-06, 2.03961704415e-07],
        "median": [0.000151508036652, 0.00331429741345, 0.00382679863833, 0.00206717848778, 0.00617278367281, 0.00224764947779, 0.00198097876273, 0.000953442417085, 0.000742459436879, 0.000777052307967, 0.000499147572555, 0.000257646810496, 0.000259120075498, 0.000274137390079, 0.000229732482694, 0.000332025927491, 0.000346776592778, 0.000495103711728, 0.000544415437616, 0.000456149748061, 0.000351277965819, 0.000194494394236, 0.000138665564009, 8.23381051305e-05, 3.37444071192e-05, 3.92262018067e-06, 5.48557537172e-08],
        "min": [4.63968135023e-08, 1.19392607303e-05, 9.95626760414e-06, 7.18732553651e-06, 0.000162016774993, 9.72173165792e-06, 1.59645369422e-05, 4.7718785936e-06, 6.00320390731e-06, 4.16003149439e-06, 2.84335169454e-06, 2.5604279017e-06, 1.15839907266e-06, 4.70095670835e-07, 2.65539171096e-07, 1.35769127496e-07, 5.1672788004e-07, 6.57416194372e-07, 7.53490041916e-07, 1.21392531582e-06, 1.98425505005e-06, 1.28651913656e-06, 9.81481775852e-07, 3.5206895177e-07, 1.70756294438e-07, 1.48297401026e-08, 1.94919059192e-12],
        "stdev": [0.00210901256651, 0.0120253497735, 0.00520786782727, 0.00431410921738, 0.00782296992838, 0.00288688368164, 0.00393826002255, 0.00211595394649, 0.00225916062482, 0.00184422219172, 0.00102581898682, 0.00108966440894, 0.00096550269518, 0.000764016818721, 0.000268275412964, 0.000322950654663, 0.000538015505299, 0.000369291898096, 0.000488711928483, 0.000607304624282, 0.000386269675801, 0.000249948527198, 0.000187234720215, 9.14286501938e-05, 4.36725204054e-05, 9.35721800488e-06, 3.4432736129e-07],
        "var": [4.44793431598e-06, 0.00014460903185, 2.71218868875e-05, 1.86115394172e-05, 6.11988580204e-05, 8.33409740153e-06, 1.55098932737e-05, 4.47726142738e-06, 5.10380641572e-06, 3.4011554817e-06, 1.05230469671e-06, 1.18736841159e-06, 9.32195405312e-07, 5.83721657677e-07, 7.19716908293e-08, 1.04297129155e-07, 2.8946067232e-07, 1.36376499427e-07, 2.3883936251e-07, 3.68818916741e-07, 1.49204268496e-07, 6.24742710897e-08, 3.50568427621e-08, 8.3591986666e-09, 1.90728899341e-09, 8.75575237314e-11, 1.18561329374e-13]
    },
    "erbbands": {
        "dmean": [0.236997127533, 1.55272829533, 3.6705622673, 5.7519903183, 16.3071746826, 18.0923728943, 10.9600496292, 16.241071701, 20.4661140442, 27.040769577, 22.1165828705, 20.9673442841, 20.132478714, 21.5980587006, 14.0523176193, 14.146686554, 12.3801927567, 11.0530357361, 8.18790531158, 6.17552995682, 11.5200490952, 9.06352519989, 9.75759506226, 11.9484233856, 11.1959495544, 11.8408870697, 7.52272891998, 5.56074619293, 3.84681892395, 2.53203749657, 1.75246393681, 0.983112215996, 0.503955364227, 0.260006666183, 0.124945752323, 0.031250141561, 0.00598321435973, 0.000729443621822, 2.11080678127e-05, 1.5645106032e-05],
        "dmean2": [0.408559083939, 2.76074981689, 6.22232246399, 9.96724033356, 27.0894203186, 30.2925548553, 18.4850940704, 26.4802436829, 33.2060775757, 43.3318099976, 36.4082221985, 32.5451316833, 31.7208595276, 35.3577461243, 23.0256443024, 22.2569904327, 19.7016372681, 18.0088405609, 12.8315982819, 10.293422699, 19.4009284973, 14.6973733902, 16.1161441803, 19.3322677612, 17.8434009552, 18.6338405609, 12.1657876968, 8.93514537811, 6.15057182312, 3.98109292984, 2.72897386551, 1.49412572384, 0.773438751698, 0.38545525074, 0.189655125141, 0.0499787889421, 0.00926969572902, 0.00111973483581, 3.27142006427e-05, 2.59846801782e-05],
        "dvar": [0.208141982555, 7.90901136398, 21.2662200928, 62.5602416992, 571.302062988, 476.443054199, 176.448883057, 371.784545898, 668.081665039, 1787.21276855, 2142.02148438, 1215.23608398, 922.352233887, 1450.72509766, 617.772399902, 793.580566406, 660.180297852, 293.60345459, 370.4871521, 50.9325485229, 164.803634644, 448.857543945, 230.519226074, 178.734161377, 188.175674438, 218.533798218, 152.318115234, 60.1924629211, 69.4264678955, 17.3867416382, 7.17138957977, 2.95113611221, 0.637762725353, 0.149403333664, 0.0594280734658, 0.00437527289614, 0.00012056453852, 1.29183979425e-06, 9.09615660571e-10, 2.99576530249e-10],
        "dvar2": [0.562955379486, 22.4129276276, 60.6806106567, 170.71975708, 1423.10913086, 1202.5135498, 462.157409668, 944.284545898, 1662.90283203, 4196.50976562, 5590.44775391, 2645.82958984, 2202.66308594, 3864.33959961, 1686.36730957, 1647.91491699, 1585.84631348, 622.270629883, 542.808105469, 127.066627502, 446.576812744, 1178.49353027, 578.747314453, 423.57913208, 424.181915283, 499.261169434, 377.036712646, 146.1068573, 162.259872437, 38.533416748, 15.484916687, 5.81247663498, 1.49422037601, 0.329203039408, 0.140806183219, 0.0110914688557, 0.000292224722216, 2.94171763926e-06, 2.05946126819e-09, 7.87953646775e-10],
        "max": [3.35279965401, 19.8061599731, 40.8907966614, 92.03125, 335.0730896, 432.662811279, 164.073806763, 258.745605469, 418.902801514, 915.890686035, 1244.24890137, 598.850463867, 510.046203613, 659.246154785, 467.748443604, 490.591156006, 818.031005859, 344.95614624, 760.447875977, 169.622970581, 176.519989014, 642.752441406, 497.373443604, 249.369903564, 237.453765869, 210.18939209, 268.771484375, 126.191139221, 215.910980225, 100.730552673, 48.6547279358, 42.1743011475, 19.9136371613, 6.12023973465, 2.80823612213, 0.924597144127, 0.118238128722, 0.0112935286015, 0.000315227283863, 0.000164433120517],
        "mean": [0.210190847516, 1.74163222313, 5.99313592911, 8.83356666565, 23.4273586273, 28.0584831238, 17.8818836212, 28.9858722687, 37.1648254395, 47.9898071289, 34.420665741, 36.1155395508, 37.9885559082, 41.0055503845, 27.5130939484, 27.8576641083, 24.7988109589, 21.742685318, 17.2745552063, 14.3614177704, 25.2893180847, 22.7457332611, 25.4998970032, 31.4669647217, 30.0601921082, 30.9546642303, 20.4773254395, 14.7540569305, 9.10023117065, 6.44288253784, 4.81727457047, 2.79312038422, 1.39744734764, 0.67829400301, 0.219611093402, 0.0496434867382, 0.0100888432935, 0.0012381572742, 5.4760799685e-05, 5.19902387168e-05],
        "median": [0.0419449880719, 0.793911874294, 4.29324388504, 5.9099240303, 14.6488609314, 18.814786911, 13.0534505844, 19.4235038757, 26.0442123413, 27.1699829102, 20.9393959045, 19.2100811005, 24.3613967896, 26.9846115112, 17.167766571, 11.1229457855, 13.4147109985, 14.9434194565, 12.8183469772, 12.8929080963, 22.4131469727, 19.9988536835, 24.4236812592, 29.9970436096, 25.7105007172, 21.5207843781, 16.5335884094, 12.090467453, 7.24735832214, 5.17429637909, 3.82489562035, 2.2075240612, 1.11524713039, 0.528356492519, 0.141818836331, 0.0287218857557, 0.00568284746259, 0.000685694569256, 4.44030265498e-05, 4.89006124553e-05],
        "min": [0.000492557534017, 0.00841937214136, 0.0544239506125, 0.0345849767327, 0.211815148592, 0.509731292725, 0.143438532948, 0.075684428215, 0.10899335891, 0.337772250175, 0.102217771113, 0.108829624951, 0.304390907288, 0.180292412639, 0.159933239222, 0.137850031257, 0.0718634128571, 0.0329365879297, 0.0162603482604, 0.0157143212855, 0.0100136827677, 0.0325827561319, 0.0320821218193, 0.0360267311335, 0.0555768162012, 0.0634522289038, 0.099630728364, 0.0598828680813, 0.0396806970239, 0.0313813947141, 0.0238026361912, 0.0105775119737, 0.00601662136614, 0.00294966879301, 0.00049787183525, 0.000116472525406, 3.79096272809e-05, 4.10451730204e-06, 9.59508383858e-07, 1.60567515195e-06],
        "stdev": [0.419922471046, 2.57266497612, 5.70415782928, 9.36277008057, 29.0660648346, 31.7367019653, 16.8864059448, 30.6695957184, 37.6865768433, 72.8008346558, 50.3639068604, 52.4704589844, 45.2996902466, 58.3306121826, 38.02003479, 48.5646095276, 46.4604454041, 25.5357723236, 31.6557636261, 11.9837932587, 19.7798862457, 26.8013114929, 20.7872161865, 22.2850551605, 23.7761039734, 29.5249137878, 19.0237979889, 12.2899303436, 9.61570739746, 5.86283016205, 4.23044633865, 2.72701311111, 1.31443607807, 0.61146736145, 0.271940797567, 0.0675375387073, 0.0126492222771, 0.00148555869237, 3.91894209315e-05, 2.20824967982e-05],
        "var": [0.176334872842, 6.61860466003, 32.5374183655, 87.6614608765, 844.836120605, 1007.21826172, 285.150695801, 940.624084473, 1420.27819824, 5299.96191406, 2536.52294922, 2753.14892578, 2052.06176758, 3402.46020508, 1445.52307129, 2358.52124023, 2158.57299805, 652.075683594, 1002.08734131, 143.611297607, 391.243927002, 718.310302734, 432.108337402, 496.623718262, 565.303100586, 871.72052002, 361.904907227, 151.042388916, 92.4618301392, 34.3727760315, 17.8966770172, 7.43660020828, 1.72774231434, 0.373892337084, 0.0739518031478, 0.00456131901592, 0.00016000281903, 2.20688457375e-06, 1.53581058981e-09, 4.87636653279e-10]
    },
    "gfcc": {
        "mean": [43.4962539673, 102.923141479, -122.784370422, 54.2282791138, -74.6532440186, 9.63522052765, -35.4905090332, 6.8364648819, -24.8664512634, -4.3284573555, -13.0464982986, -6.92221784592, -8.78980445862],
        "cov": [[1331.96655273, -252.824203491, -256.841644287, 46.5847434998, 68.9143753052, 38.8061790466, -5.6889538765, 134.500305176, -63.529624939, 83.0449447632, -2.75509333611, 80.8012390137, -3.31491947174], [-252.824203491, 396.514556885, -39.8911209106, 17.060005188, 61.4814109802, -61.5391616821, 41.8640060425, -36.7920761108, 106.175544739, -49.7319755554, 71.7662277222, -54.201499939, 56.6698455811], [-256.841644287, -39.8911209106, 498.523834229, 142.904220581, 6.27096796036, 51.5501670837, -31.0010051727, -10.8752775192, 29.2019844055, 29.7041454315, -48.8191986084, 22.1707000732, -23.4245986938], [46.5847434998, 17.060005188, 142.904220581, 226.877807617, 34.4193267822, 34.1029853821, 6.05222511292, -3.82861208916, 52.9285125732, 1.14732563496, 20.2249736786, -14.8436498642, 26.00872612], [68.9143753052, 61.4814109802, 6.27096796036, 34.4193267822, 142.930114746, 38.92420578, 48.1895561218, 19.9806137085, 23.1765613556, 23.5744285583, 2.05909061432, 19.3608779907, 14.4566364288], [38.8061790466, -61.5391616821, 51.5501670837, 34.1029853821, 38.92420578, 122.213661194, 71.1807174683, 30.1721343994, -15.0913047791, 12.5959739685, 9.27210998535, 19.4052181244, 6.88851308823], [-5.6889538765, 41.8640060425, -31.0010051727, 6.05222511292, 48.1895561218, 71.1807174683, 142.212310791, 38.4863700867, -4.80396318436, -1.03022313118, 24.7179718018, 9.63939666748, 9.90505599976], [134.500305176, -36.7920761108, -10.8752775192, -3.82861208916, 19.9806137085, 30.1721343994, 38.4863700867, 85.8755264282, 20.5289993286, 29.6889858246, 3.99934625626, 16.8891029358, 0.249034136534], [-63.529624939, 106.175544739, 29.2019844055, 52.9285125732, 23.1765613556, -15.0913047791, -4.80396318436, 20.5289993286, 119.124130249, 27.4840221405, 28.4018268585, -17.1351718903, 19.4040699005], [83.0449447632, -49.7319755554, 29.7041454315, 1.14732563496, 23.5744285583, 12.5959739685, -1.03022313118, 29.6889858246, 27.4840221405, 83.0858230591, 12.534825325, 26.6154899597, -8.54552364349], [-2.75509333611, 71.7662277222, -48.8191986084, 20.2249736786, 2.05909061432, 9.27210998535, 24.7179718018, 3.99934625626, 28.4018268585, 12.534825325, 76.9870529175, 5.88370227814, 27.6663265228], [80.8012390137, -54.201499939, 22.1707000732, -14.8436498642, 19.3608779907, 19.4052181244, 9.63939666748, 16.8891029358, -17.1351718903, 26.6154899597, 5.88370227814, 70.8283157349, 11.6841421127], [-3.31491947174, 56.6698455811, -23.4245986938, 26.00872612, 14.4566364288, 6.88851308823, 9.90505599976, 0.249034136534, 19.4040699005, -8.54552364349, 27.6663265228, 11.6841421127, 63.2055969238]],
        "icov": [[0.00178066571243, -0.000824114365969, 0.00198453548364, -0.00249583972618, 0.000115081151307, -0.00087164650904, 0.00196535349824, -0.00316609581932, 0.00238736020401, -0.0019360461738, 0.00159432482906, -0.00211473600939, 0.00106634036638], [-0.000824114365969, 0.0159702524543, -0.00524318963289, 0.00783548876643, -0.0101598277688, 0.011999361217, -0.00849456246942, 0.00683349696919, -0.0115599818528, 0.0127094397321, -0.0150914238766, 0.0103376340121, -0.00724714901298], [0.00198453548364, -0.00524318963289, 0.00699947215617, -0.00697254948318, 0.00402272073552, -0.00616427324712, 0.0047921910882, -0.00342676066794, 0.0037692557089, -0.00617282837629, 0.00898566562682, -0.00747107248753, 0.00473872805014], [-0.00249583972618, 0.00783548876643, -0.00697254948318, 0.0136745749041, -0.00609596353024, 0.00476036919281, -0.00522730732337, 0.00682583311573, -0.00923031568527, 0.0088581815362, -0.0108630890027, 0.00978726241738, -0.00672243069857], [0.000115081151307, -0.0101598277688, 0.00402272073552, -0.00609596353024, 0.0164875946939, -0.00910882279277, 0.00177094934043, -0.00205068197101, 0.00429985299706, -0.0103869969025, 0.0135000376031, -0.00889176782221, 0.00307687837631], [-0.00087164650904, 0.011999361217, -0.00616427324712, 0.00476036919281, -0.00910882279277, 0.0241597276181, -0.012710695155, 0.00250535528176, -0.0043127881363, 0.0080520408228, -0.0128971785307, 0.00827873125672, -0.00708768516779], [0.00196535349824, -0.00849456246942, 0.0047921910882, -0.00522730732337, 0.00177094934043, -0.012710695155, 0.0189742576331, -0.0103788375854, 0.00850456487387, -0.00423054629937, 0.00427682464942, -0.00610681483522, 0.00576790934429], [-0.00316609581932, 0.00683349696919, -0.00342676066794, 0.00682583311573, -0.00205068197101, 0.00250535528176, -0.0103788375854, 0.0252738837153, -0.0128110954538, 0.00275908713229, -0.00340887671337, 0.00332310446538, -0.00346496026032], [0.00238736020401, -0.0115599818528, 0.0037692557089, -0.00923031568527, 0.00429985299706, -0.0043127881363, 0.00850456487387, -0.0128110954538, 0.0258511193097, -0.0153477806598, 0.00664467271417, -0.00151726196054, 0.00124989449978], [-0.0019360461738, 0.0127094397321, -0.00617282837629, 0.0088581815362, -0.0103869969025, 0.0080520408228, -0.00423054629937, 0.00275908713229, -0.0153477806598, 0.0315589532256, -0.0176424086094, 0.00199403520674, 0.00105314364191], [0.00159432482906, -0.0150914238766, 0.00898566562682, -0.0108630890027, 0.0135000376031, -0.0128971785307, 0.00427682464942, -0.00340887671337, 0.00664467271417, -0.0176424086094, 0.0367296934128, -0.0133691607043, 0.0010447264649], [-0.00211473600939, 0.0103376340121, -0.00747107248753, 0.00978726241738, -0.00889176782221, 0.00827873125672, -0.00610681483522, 0.00332310446538, -0.00151726196054, 0.00199403520674, -0.0133691607043, 0.0312184840441, -0.0132841123268], [0.00106634036638, -0.00724714901298, 0.00473872805014, -0.00672243069857, 0.00307687837631, -0.00708768516779, 0.00576790934429, -0.00346496026032, 0.00124989449978, 0.00105314364191, 0.0010447264649, -0.0132841123268, 0.0278330482543]]
    },
    "melbands": {
        "dmean": [0.00201967079192, 0.00182025774848, 0.00124840287026, 0.00117575482, 0.000445495068561, 0.000354864547262, 0.000328595517203, 0.000265973969363, 0.000173786596861, 0.000139822775964, 0.00010595889762, 9.45639330894e-05, 5.3821135225e-05, 3.46739761881e-05, 3.54055846401e-05, 2.78841635009e-05, 2.18534732994e-05, 1.56025544129e-05, 1.00209053926e-05, 9.46866475715e-06, 1.5040870494e-05, 1.11213048513e-05, 1.03426327769e-05, 1.04409564301e-05, 1.09180728032e-05, 9.05523393158e-06, 9.60305987974e-06, 8.67110338731e-06, 5.92344167671e-06, 4.11956716562e-06, 3.44468276126e-06, 2.95203699352e-06, 1.34882770908e-06, 1.64562118243e-06, 1.11754434329e-06, 9.79866058515e-07, 5.20272180893e-07, 3.96644651346e-07, 2.94182484595e-07, 2.23071424443e-07],
        "dmean2": [0.00350792333484, 0.00312066264451, 0.00210652779788, 0.0019700282719, 0.000755947490688, 0.000579093059059, 0.000531926751137, 0.00042702149949, 0.000285804300802, 0.000217294873437, 0.000167509468156, 0.000153987566591, 8.78567007021e-05, 5.63758985663e-05, 5.61485176149e-05, 4.42029813712e-05, 3.58091383532e-05, 2.42397163674e-05, 1.67275575222e-05, 1.54722984007e-05, 2.54055830737e-05, 1.81587874977e-05, 1.71624305949e-05, 1.7341966668e-05, 1.77835900104e-05, 1.44625964822e-05, 1.54299723363e-05, 1.39147186928e-05, 9.67489904724e-06, 6.71240559313e-06, 5.58411466045e-06, 4.77211597172e-06, 2.14771148421e-06, 2.62056619249e-06, 1.79740470685e-06, 1.48974243075e-06, 8.15097564555e-07, 6.20913397142e-07, 4.62501532184e-07, 3.32039377327e-07],
        "dvar": [1.46742349898e-05, 6.09390099271e-06, 2.76585819847e-06, 1.9325550511e-06, 2.67027786549e-07, 1.61236116014e-07, 1.64328653796e-07, 1.65380782846e-07, 1.36219611591e-07, 5.40660956005e-08, 2.70595030827e-08, 2.9342652752e-08, 9.43649869356e-09, 3.674865523e-09, 5.30224886219e-09, 2.42468378708e-09, 1.3561161083e-09, 1.8640253785e-09, 2.10447145821e-10, 1.34349142922e-10, 2.91669827179e-10, 4.08312356148e-10, 1.14291298647e-09, 1.27004920469e-10, 1.52506868245e-10, 1.84735504671e-10, 1.51403001247e-10, 1.19790954933e-10, 1.16771883829e-10, 3.19320195286e-11, 2.44162606799e-11, 5.45958070419e-11, 2.96091536706e-12, 1.11814082299e-11, 2.76475890792e-12, 6.28883100109e-12, 5.44210347359e-13, 3.80732907224e-13, 2.45743475482e-13, 1.16334391664e-13],
        "dvar2": [3.98743686674e-05, 1.75432942342e-05, 7.31782483854e-06, 4.86427279611e-06, 7.09655694209e-07, 4.06732453939e-07, 4.04612904958e-07, 3.97703246335e-07, 3.47678792423e-07, 1.16707781217e-07, 6.50236557931e-08, 7.65104530842e-08, 2.55087133638e-08, 8.83419382092e-09, 1.17366205643e-08, 5.37685673763e-09, 2.85985701787e-09, 2.65146926637e-09, 5.55958390436e-10, 3.0817084995e-10, 7.80003894807e-10, 1.08424236256e-09, 3.05875413886e-09, 3.43641226586e-10, 3.65817126591e-10, 3.38192529536e-10, 3.66512237227e-10, 2.85211188e-10, 3.02886465908e-10, 8.0640175093e-11, 6.01690711144e-11, 1.29455487996e-10, 7.52175405294e-12, 2.51607762403e-11, 6.69146509036e-12, 1.19456484635e-11, 1.15346827142e-12, 9.302192263e-13, 6.0195712347e-13, 2.54048057547e-13],
        "max": [0.0274672135711, 0.0213958378881, 0.0202891007066, 0.0180388446897, 0.0060014622286, 0.005079573486, 0.00584375206381, 0.00856170523912, 0.0104184644297, 0.00402354914695, 0.00301707186736, 0.00317221530713, 0.00222272169776, 0.000798214983661, 0.00141237210482, 0.00125535600819, 0.000812323705759, 0.00169486319646, 0.00032851358992, 0.000363759230822, 0.000240515713813, 0.000598981161602, 0.00122481933795, 0.000145785830682, 0.000226885051234, 0.00036637057201, 0.000166247686138, 0.000151801141328, 0.00025820476003, 0.000115793358418, 9.02567408048e-05, 0.000196344728465, 2.52806330536e-05, 9.09689042601e-05, 3.20219478454e-05, 7.8307093645e-05, 1.73812459252e-05, 1.20995118778e-05, 1.56383666763e-05, 4.10796474171e-06],
        "mean": [0.00202132598497, 0.00282635819167, 0.00201341765933, 0.00190366094466, 0.000754128210247, 0.000638732512016, 0.000604212924372, 0.000476006418467, 0.000258733460214, 0.000233516038861, 0.000192222199985, 0.000171843756107, 0.000100070414192, 6.47955021122e-05, 6.79021250107e-05, 5.16735417477e-05, 3.87742147723e-05, 2.92772710964e-05, 1.93888063222e-05, 2.07599368878e-05, 3.10233845084e-05, 2.37980675593e-05, 2.17624892684e-05, 2.45062783506e-05, 2.58170730376e-05, 2.15375312109e-05, 2.22275193664e-05, 2.04015086638e-05, 1.37002289193e-05, 1.01336318039e-05, 7.96887616161e-06, 5.85904581385e-06, 3.33673165187e-06, 3.63277467841e-06, 2.77059666587e-06, 2.41440125137e-06, 1.38528253046e-06, 9.96544144982e-07, 7.44062276681e-07, 5.25654002104e-07],
        "median": [0.000748240039684, 0.00201631709933, 0.00144875771366, 0.00140082440339, 0.000576436403207, 0.000455171160866, 0.000430093059549, 0.000278029590845, 0.000146331454744, 0.000112169764179, 0.000119525582704, 0.000108426036604, 6.06555004197e-05, 3.18378879456e-05, 2.5614615879e-05, 2.776294059e-05, 2.6359790354e-05, 2.00179583771e-05, 1.64657158166e-05, 1.83523334272e-05, 2.69576739811e-05, 1.98297439056e-05, 1.85098524526e-05, 2.30645564443e-05, 2.40351091634e-05, 1.85685839824e-05, 1.59642986546e-05, 1.34741976581e-05, 1.05543786049e-05, 8.22382025945e-06, 6.4786108851e-06, 4.24793461207e-06, 2.76719288195e-06, 2.74160038316e-06, 2.13750877265e-06, 1.80522579285e-06, 1.0920019804e-06, 7.81023061336e-07, 5.82093832691e-07, 3.76543340508e-07],
        "min": [2.63727429228e-06, 4.92188300996e-05, 1.10593091449e-05, 3.18600941682e-05, 4.2894357648e-06, 1.16785952287e-06, 2.38585334955e-06, 1.40070369525e-06, 5.51005314264e-07, 8.39880442527e-07, 8.83722975686e-07, 6.12341636952e-07, 4.45348888434e-07, 2.22312593223e-07, 1.961721523e-07, 8.91877931508e-08, 5.18596969812e-08, 2.66033435281e-08, 2.08066843754e-08, 1.19300755941e-08, 1.21154162258e-08, 3.27029177072e-08, 3.26236424542e-08, 2.52487595276e-08, 2.51394567385e-08, 3.21479696197e-08, 3.29609335381e-08, 4.51186572548e-08, 6.01220406793e-08, 4.72875747448e-08, 3.4390936321e-08, 1.53391148672e-08, 2.05534806952e-08, 1.56258774808e-08, 1.0459968891e-08, 9.82536274563e-09, 5.32149080357e-09, 2.424539014e-09, 3.96971611138e-09, 1.59281032808e-09],
        "stdev": [0.00354027887806, 0.00274434243329, 0.00197437824681, 0.00190629425924, 0.000692656030878, 0.000630113121588, 0.000617946847342, 0.00068028003443, 0.000410764099797, 0.000357512501068, 0.000239500528551, 0.000256661471212, 0.000137293493026, 9.95053196675e-05, 0.000131299602799, 8.68391944095e-05, 5.06485594087e-05, 6.73440226819e-05, 1.80693277798e-05, 1.87037912838e-05, 2.45842875302e-05, 2.81124903267e-05, 3.32032650476e-05, 1.76469638973e-05, 1.95619850274e-05, 2.10841189983e-05, 2.12488866964e-05, 2.0786328605e-05, 1.40917900353e-05, 9.49272180151e-06, 6.8956251198e-06, 7.97842039901e-06, 2.67487735073e-06, 4.13884481532e-06, 2.51720985034e-06, 3.23521931023e-06, 1.3135251038e-06, 9.53515552737e-07, 7.42023473776e-07, 5.19174761848e-07],
        "var": [1.25335745906e-05, 7.53141512178e-06, 3.89816977986e-06, 3.63395793102e-06, 4.79772381823e-07, 3.97042526856e-07, 3.81858285436e-07, 4.62780917587e-07, 1.68727140704e-07, 1.27815198425e-07, 5.73605056786e-08, 6.58751133642e-08, 1.88495032916e-08, 9.90130821776e-09, 1.72395857589e-08, 7.54104512168e-09, 2.56527643572e-09, 4.53521753485e-09, 3.26500604331e-10, 3.49831802415e-10, 6.04387151437e-10, 7.90312093546e-10, 1.10245690355e-09, 3.11415337961e-10, 3.82671228039e-10, 4.44540043665e-10, 4.51515158595e-10, 4.32071461942e-10, 1.98578556376e-10, 9.01117652718e-11, 4.75496447772e-11, 6.36551922284e-11, 7.15496845799e-12, 1.71300352375e-11, 6.33634551078e-12, 1.04666440445e-11, 1.72534827137e-12, 9.09191884106e-13, 5.5059884603e-13, 2.69542445005e-13]
    },
    "melbands128": {
