{
"lowlevel": {
    "average_loudness": 0.985263645649,
    "barkbands_crest": {
        "dmean": 2.16355061531,
        "dmean2": 3.6340610981,
        "dvar": 4.35641956329,
        "dvar2": 12.1383085251,
        "max": 19.6298160553,
        "mean": 8.25692367554,
        "median": 7.88279533386,
        "min": 3.14942741394,
        "stdev": 2.52110981941,
        "var": 6.35599422455
    },
    "barkbands_flatness_db": {
        "dmean": 0.0168183259666,
        "dmean2": 0.0263922400773,
        "dvar": 0.000217427339521,
        "dvar2": 0.000546954979654,
        "max": 0.29122325778,
        "mean": 0.130777433515,
        "median": 0.127637192607,
        "min": 0.057714022696,
        "stdev": 0.0274880193174,
        "var": 0.000755591201596
    },
    "barkbands_kurtosis": {
        "dmean": 2.39853787422,
        "dmean2": 3.81756401062,
        "dvar": 8.89216423035,
        "dvar2": 20.7293548584,
        "max": 35.4885749817,
        "mean": 4.54236221313,
        "median": 3.06524372101,
        "min": -1.11750018597,
        "stdev": 4.99472475052,
        "var": 24.9472751617
    },
    "barkbands_skewness": {
        "dmean": 0.437314361334,
        "dmean2": 0.691275000572,
        "dvar": 0.159134864807,
        "dvar2": 0.398354798555,
        "max": 4.98292589188,
        "mean": 1.95010900497,
        "median": 1.85640382767,
        "min": 0.114025495946,
        "stdev": 0.788839101791,
        "var": 0.622267127037
    },
    "barkbands_spread": {
        "dmean": 4.1247086525,
        "dmean2": 6.4916229248,
        "dvar": 13.3755369186,
        "dvar2": 32.50157547,
        "max": 46.0932617188,
        "mean": 20.8936653137,
        "median": 20.7733802795,
        "min": 3.42022681236,
        "stdev": 7.30606937408,
        "var": 53.3786506653
    },
    "dissonance": {
        "dmean": 0.0124666020274,
        "dmean2": 0.0210320912302,
        "dvar": 0.000132224653498,
        "dvar2": 0.000375073199393,
        "max": 0.500000178814,
        "mean": 0.476840794086,
        "median": 0.480180233717,
        "min": 0.39542645216,
        "stdev": 0.0155055681244,
        "var": 0.000240422654315
    },
    "dynamic_complexity": 0.820874452591,
    "erbbands_crest": {
        "dmean": 2.14339971542,
        "dmean2": 3.55737185478,
        "dvar": 4.02849960327,
        "dvar2": 10.1232557297,
        "max": 23.2114067078,
        "mean": 7.00562334061,
        "median": 6.16974115372,
        "min": 2.56790781021,
        "stdev": 3.09040689468,
        "var": 9.55061531067
    },
    "erbbands_flatness_db": {
        "dmean": 0.010939206928,
        "dmean2": 0.0164017509669,
        "dvar": 8.6242260295e-05,
        "dvar2": 0.000193327156012,
        "max": 0.220323711634,
        "mean": 0.136758282781,
        "median": 0.135235071182,
        "min": 0.0907541885972,
        "stdev": 0.0192608293146,
        "var": 0.000370979512809
    },
    "erbbands_kurtosis": {
        "dmean": 0.38595494628,
        "dmean2": 0.610085368156,
        "dvar": 0.274359673262,
        "dvar2": 0.591435551643,
        "max": 8.19708061218,
        "mean": -0.729294657707,
        "median": -0.994442224503,
        "min": -1.7572042942,
        "stdev": 0.885281980038,
        "var": 0.783724188805
    },
    "erbbands_skewness": {
        "dmean": 0.256606727839,
        "dmean2": 0.403802216053,
        "dvar": 0.055829577148,
        "dvar2": 0.124024443328,
        "max": 2.48384332657,
        "mean": 0.256219744682,
        "median": 0.195590928197,
        "min": -1.1935069561,
        "stdev": 0.52472525835,
        "var": 0.275336623192
    },
    "erbbands_spread": {
        "dmean": 7.08215761185,
        "dmean2": 10.989068985,
        "dvar": 35.0591201782,
        "dvar2": 83.627243042,
        "max": 100.770523071,
        "mean": 52.3172454834,
        "median": 51.7953147888,
        "min": 12.5748901367,
        "stdev": 13.4346752167,
        "var": 180.490509033
    },
    "hfc": {
        "dmean": 4.52024364471,
        "dmean2": 7.0927863121,
        "dvar": 17.8584384918,
        "dvar2": 40.395488739,
        "max": 69.1584396362,
        "mean": 26.3734779358,
        "median": 25.9960174561,
        "min": 5.0633597374,
        "stdev": 8.87927532196,
        "var": 78.8415222168
    },
    "loudness_ebu128": {
        "integrated": -15.476890564,
        "loudness_range": 0.75722026825,
        "momentary": {
            "dmean": 0.251388430595,
            "dmean2": 0.273650765419,
            "dvar": 0.046348311007,
            "dvar2": 0.0582035928965,
            "max": -14.2055988312,
            "mean": -15.5197162628,
            "median": -15.4612827301,
            "min": -17.95038414,
            "stdev": 0.619922935963,
            "var": 0.384304463863
        },
        "short_term": {
            "dmean": 0.0311806574464,
            "dmean2": 0.0342869572341,
            "dvar": 0.000656687363517,
            "dvar2": 0.000775987748057,
            "max": -14.9655857086,
            "mean": -15.4768333435,
            "median": -15.5154933929,
            "min": -16.0002822876,
            "stdev": 0.253782242537,
            "var": 0.064405426383
        }
    },
    "melbands_crest": {
        "dmean": 2.77850317955,
        "dmean2": 4.68026590347,
        "dvar": 7.10497140884,
        "dvar2": 19.3521938324,
        "max": 26.2048568726,
        "mean": 11.7346334457,
        "median": 11.2147388458,
        "min": 4.63288211823,
        "stdev": 3.284948349,
        "var": 10.7908859253
    },
    "melbands_flatness_db": {
        "dmean": 0.020884219557,
        "dmean2": 0.0330512337387,
        "dvar": 0.000353021663614,
        "dvar2": 0.000859462714288,
        "max": 0.400717139244,
        "mean": 0.196282118559,
        "median": 0.192041218281,
        "min": 0.108007624745,
        "stdev": 0.0371087491512,
        "var": 0.00137705914676
    },
    "melbands_kurtosis": {
        "dmean": 6.78462696075,
        "dmean2": 10.9288578033,
        "dvar": 61.7998199463,
        "dvar2": 152.233795166,
        "max": 94.7699050903,
        "mean": 17.0486469269,
        "median": 13.61353302,
        "min": 0.0226476192474,
        "stdev": 13.2641410828,
        "var": 175.937438965
    },
    "melbands_skewness": {
        "dmean": 0.655271291733,
        "dmean2": 1.05602002144,
        "dvar": 0.354358822107,
        "dvar2": 0.91658860445,
        "max": 8.14236354828,
        "mean": 3.30175924301,
        "median": 3.23729133606,
        "min": 0.575240433216,
        "stdev": 1.17228066921,
        "var": 1.37424194813
    },
    "melbands_spread": {
        "dmean": 4.32942438126,
        "dmean2": 6.88112831116,
        "dvar": 16.6489086151,
        "dvar2": 42.2451248169,
        "max": 45.4300880432,
        "mean": 17.591917038,
        "median": 16.623254776,
        "min": 3.29888391495,
        "stdev": 7.90876674652,
        "var": 62.5485877991
    },
    "pitch_salience": {
        "dmean": 0.0678768083453,
        "dmean2": 0.1122597754,
        "dvar": 0.00337618775666,
        "dvar2": 0.0093559063971,
        "max": 0.83667910099,
        "mean": 0.628711402416,
        "median": 0.637015104294,
        "min": 0.323301643133,
        "stdev": 0.0780469998717,
        "var": 0.00609133439139
    },
    "silence_rate_20dB": {
        "dmean": 0,
        "dmean2": 0,
        "dvar": 0,
        "dvar2": 0,
        "max": 1,
        "mean": 1,
        "median": 1,
        "min": 1,
        "stdev": 0,
        "var": 0
    },
    "silence_rate_30dB": {
        "dmean": 0.00103199179284,
        "dmean2": 0.00206504901871,
        "dvar": 0.00103093159851,
        "dvar2": 0.00206080148928,
        "max": 1,
        "mean": 0.998968541622,
        "median": 1,
        "min": 0,
        "stdev": 0.0320998616517,
        "var": 0.0010304012103
    },
    "silence_rate_60dB": {
        "dmean": 0,
        "dmean2": 0,
        "dvar": 0,
        "dvar2": 0,
        "max": 0,
        "mean": 0,
        "median": 0,
        "min": 0,
        "stdev": 0,
        "var": 0
    },
    "spectral_centroid": {
        "dmean": 219.017166138,
        "dmean2": 340.191589355,
        "dvar": 33289.6953125,
        "dvar2": 75579.40625,
        "max": 2574.21020508,
        "mean": 1335.23352051,
        "median": 1341.10229492,
        "min": 293.468322754,
        "stdev": 407.962554932,
        "var": 166433.453125
    },
    "spectral_complexity": {
        "dmean": 4.31217765808,
        "dmean2": 6.72431612015,
        "dvar": 13.5914583206,
        "dvar2": 29.757818222,
        "max": 54,
        "mean": 29.7075805664,
        "median": 30,
        "min": 6,
        "stdev": 8.33650875092,
        "var": 69.4973831177
    },
    "spectral_decrease": {
        "dmean": 3.31470495496e-09,
        "dmean2": 5.48342482531e-09,
        "dvar": 1.18760611835e-17,
        "dvar2": 3.11549438261e-17,
        "max": -1.2417822326e-09,
        "mean": -1.25571890663e-08,
        "median": -1.20315366559e-08,
        "min": -3.20838360324e-08,
        "stdev": 4.33118962917e-09,
        "var": 1.87592022869e-17
    },
    "spectral_energy": {
        "dmean": 0.0127340937033,
        "dmean2": 0.0210564173758,
        "dvar": 0.000173457010533,
        "dvar2": 0.000454338267446,
        "max": 0.123224727809,
        "mean": 0.0497859455645,
        "median": 0.0477801784873,
        "min": 0.00524722458795,
        "stdev": 0.0166367236525,
        "var": 0.000276780570857
    },
    "spectral_energyband_high": {
        "dmean": 0.000316960009513,
        "dmean2": 0.000478490168462,
        "dvar": 9.98863924906e-08,
        "dvar2": 2.23129291044e-07,
        "max": 0.00427168654278,
        "mean": 0.00110993837006,
        "median": 0.000996639253572,
        "min": 2.38060238189e-05,
        "stdev": 0.000645953754429,
        "var": 4.17256245555e-07
    },
    "spectral_energyband_low": {
        "dmean": 0.00965463090688,
        "dmean2": 0.0160266309977,
        "dvar": 0.000141824712045,
        "dvar2": 0.000373632996343,
        "max": 0.0948474481702,
        "mean": 0.0213220119476,
        "median": 0.0189376752824,
        "min": 0.000703707744833,
        "stdev": 0.0136191360652,
        "var": 0.000185480865184
    },
    "spectral_energyband_middle_high": {
        "dmean": 0.00167454010807,
        "dmean2": 0.00252451025881,
        "dvar": 3.5766261135e-06,
        "dvar2": 7.93857725512e-06,
        "max": 0.0359686948359,
        "mean": 0.0061054630205,
        "median": 0.00529671087861,
        "min": 0.000126674494823,
        "stdev": 0.00427324092016,
        "var": 1.82605890586e-05
    },
    "spectral_energyband_middle_low": {
        "dmean": 0.00689344806597,
        "dmean2": 0.0114538194612,
        "dvar": 4.90335514769e-05,
        "dvar2": 0.000137284267112,
        "max": 0.0814739689231,
        "mean": 0.023994134739,
        "median": 0.0225994624197,
        "min": 0.00212039612234,
        "stdev": 0.00989457778633,
        "var": 9.79026663117e-05
    },
    "spectral_entropy": {
        "dmean": 0.102125056088,
        "dmean2": 0.153836682439,
        "dvar": 0.00908168405294,
        "dvar2": 0.0199142210186,
        "max": 8.18364906311,
        "mean": 7.66298723221,
        "median": 7.69551897049,
        "min": 6.25593852997,
        "stdev": 0.189844533801,
        "var": 0.0360409468412
    },
    "spectral_flux": {
        "dmean": 0.0255572833121,
        "dmean2": 0.0395471863449,
        "dvar": 0.000582844309974,
        "dvar2": 0.00121500878595,
        "max": 0.250880420208,
        "mean": 0.111167013645,
        "median": 0.104476779699,
        "min": 0.0235280748457,
        "stdev": 0.0363860204816,
        "var": 0.0013239425607
    },
    "spectral_kurtosis": {
        "dmean": 0.975592911243,
        "dmean2": 1.68866789341,
        "dvar": 0.86546587944,
        "dvar2": 2.59539055824,
        "max": 11.3397426605,
        "mean": 2.74721837044,
        "median": 2.56395196915,
        "min": 0.123907566071,
        "stdev": 1.19221735001,
        "var": 1.42138206959
    },
    "spectral_rms": {
        "dmean": 0.000871889991686,
        "dmean2": 0.00142737489659,
        "dvar": 6.86437488184e-07,
        "dvar2": 1.77427284598e-06,
        "max": 0.0109644532204,
        "mean": 0.0068754167296,
        "median": 0.00682750390843,
        "min": 0.00226257462054,
        "stdev": 0.00114030728582,
        "var": 1.30030082346e-06
    },
    "spectral_rolloff": {
        "dmean": 304.575714111,
        "dmean2": 514.441223145,
        "dvar": 169570.953125,
        "dvar2": 429323.5625,
        "max": 3445.3125,
        "mean": 847.168395996,
        "median": 667.529296875,
        "min": 150.732421875,
        "stdev": 573.544128418,
        "var": 328952.875
    },
    "spectral_skewness": {
        "dmean": 0.150437518954,
        "dmean2": 0.247593596578,
        "dvar": 0.0182824973017,
        "dvar2": 0.0463748127222,
        "max": 2.73120045662,
        "mean": 1.15303707123,
        "median": 1.12908565998,
        "min": 0.595032215118,
        "stdev": 0.229020565748,
        "var": 0.0524504221976
    },
    "spectral_spread": {
        "dmean": 321600.59375,
        "dmean2": 464289.21875,
        "dvar": 132326473728,
        "dvar2": 218180911104,
        "max": 13330879,
        "mean": 4236067.5,
        "median": 4167203.5,
        "min": 2667451.25,
        "stdev": 685352.5,
        "var": 469708046336
    },
    "spectral_strongpeak": {
        "dmean": 0.418106287718,
        "dmean2": 0.727770864964,
        "dvar": 0.308346629143,
        "dvar2": 0.786316156387,
        "max": 4.74927091599,
        "mean": 0.652409732342,
        "median": 0.425543218851,
        "min": 0,
        "stdev": 0.692937672138,
        "var": 0.480162590742
    },
    "zerocrossingrate": {
        "dmean": 0.0067883185111,
        "dmean2": 0.00889065116644,
        "dvar": 2.91258056677e-05,
        "dvar2": 4.95576496178e-05,
        "max": 0.09814453125,
        "mean": 0.0484967269003,
        "median": 0.04833984375,
        "min": 0.0107421875,
        "stdev": 0.0128799080849,
        "var": 0.000165892022778
    },
    "barkbands": {
        "dmean": [0.0010137159843, 0.00704081216827, 0.00324683194049, 0.00353702483699, 0.00388642586768, 0.00222148606554, 0.00112819357309, 0.000954232818913, 0.00101348408498, 0.00091293459991, 0.000286071881419, 0.000302466592984, 0.000291843549348, 0.000203979128855, 0.000145665937453, 0.000194639258552, 0.000455062021501, 0.000156647685799, 0.000287344213575, 0.000208091048989, 0.000158207127242, 7.31435720809e-05, 4.4056763727e-05, 3.22388405039e-05, 1.24596235764e-05, 2.92549498226e-06, 1.04948107094e-07],
        "dmean2": [0.00173302192707, 0.0119643043727, 0.00547485984862, 0.00604558503255, 0.00641026860103, 0.00360304303467, 0.00182230153587, 0.00154878024478, 0.00162233680021, 0.00141176092438, 0.000472036568681, 0.00049003114691, 0.000463776028482, 0.000331897928845, 0.000235395156778, 0.000323185580783, 0.000750607287046, 0.000257637671893, 0.000456812180346, 0.000324051798088, 0.000254261743976, 0.000113582958875, 6.82892787154e-05, 4.76587410958e-05, 1.86590332305e-05, 4.44018451162e-06, 1.70736200289e-07],
        "dvar": [3.43444958162e-06, 0.000105324092146, 1.75312816282e-05, 1.93882588064e-05, 1.50617006511e-05, 7.55941482566e-06, 2.17424644688e-06, 2.34234448726e-06, 3.19601917909e-06, 2.90927391688e-06, 1.72904250917e-07, 4.57640879858e-07, 3.24335758251e-07, 8.04497020113e-08, 3.39625678691e-08, 5.61823760847e-08, 3.84091208616e-07, 2.62477790614e-08, 1.02655732803e-07, 6.11617707591e-08, 2.79624199351e-08, 8.51821280179e-09, 2.78780931673e-09, 2.39100783617e-09, 2.27802512964e-10, 2.04483686927e-11, 3.20856486996e-14],
        "dvar2": [9.23753850657e-06, 0.00027998216683, 4.94465748488e-05, 5.54782782274e-05, 4.05003629567e-05, 1.92792012967e-05, 5.50518916498e-06, 5.43281021237e-06, 7.7936310845e-06, 6.41410451863e-06, 4.41764257175e-07, 1.20718107155e-06, 8.64834873937e-07, 2.02524404358e-07, 8.16720415742e-08, 1.41485202221e-07, 1.07422454221e-06, 6.46202167331e-08, 2.414701612e-07, 1.42639933642e-07, 6.54196483652e-08, 1.98931218165e-08, 6.77825084949e-09, 4.71168881688e-09, 4.97929697474e-10, 5.02869725028e-11, 7.26401835275e-14],
        "max": [0.0148515291512, 0.080254688859, 0.0572448037565, 0.0567462854087, 0.039121683687, 0.0466781072319, 0.0195018984377, 0.0224977824837, 0.0278473421931, 0.0292152650654, 0.00581326289102, 0.0172355957329, 0.0134333344176, 0.00478870607913, 0.00348894833587, 0.00427792081609, 0.00783759448677, 0.00214633368887, 0.00469580339268, 0.00437793042511, 0.00250915321521, 0.00136877025943, 0.000771149352659, 0.00114783388563, 0.000162971467944, 7.52628184273e-05, 3.72268391402e-06],
        "mean": [0.000929164816625, 0.0118359392509, 0.00614889478311, 0.00580917065963, 0.00800366699696, 0.00419805804268, 0.00217823917046, 0.00151401164476, 0.00166917499155, 0.00166460161563, 0.000474819127703, 0.00051171053201, 0.000527705182321, 0.000379888777388, 0.000279477797449, 0.000376939686248, 0.000883357482962, 0.000361051992513, 0.000697630050126, 0.000518478744198, 0.000420877855504, 0.000178256668733, 0.000107099294837, 8.01553396741e-05, 3.10068753606e-05, 6.46257558401e-06, 1.16293826125e-07],
        "median": [0.000250682089245, 0.00960038229823, 0.00404017046094, 0.00447948183864, 0.00667500123382, 0.0030231247656, 0.00151086924598, 0.000869637588039, 0.000704781501554, 0.000572735560127, 0.000257433508523, 0.000241873436607, 0.000249199918471, 0.000251076795394, 0.000195113068912, 0.000305883295368, 0.00069520768011, 0.000309011666104, 0.000584829540458, 0.000374383409508, 0.000351538299583, 0.000140700023621, 8.69703580975e-05, 6.1614846345e-05, 2.4797855076e-05, 5.08637776875e-06, 5.83925690023e-08],
        "min": [3.90506784242e-07, 3.21708575939e-05, 2.57524188783e-05, 5.23260314367e-05, 7.64834840083e-05, 0.000110954395495, 3.36954908562e-05, 2.43219492404e-05, 2.69245829259e-05, 9.15516648092e-06, 1.79827202373e-06, 1.95844631889e-06, 2.60990009338e-06, 2.61331069851e-06, 3.91581397707e-06, 6.96402094036e-06, 2.89235799755e-06, 2.52357017416e-06, 2.88459364128e-06, 3.91745606976e-06, 1.24178441183e-05, 4.14180021835e-06, 2.26135898629e-06, 2.03218587558e-06, 5.59423881441e-07, 2.7243970635e-07, 2.798111352e-12],
        "stdev": [0.00175016443245, 0.0101981731132, 0.00578657584265, 0.00526397582144, 0.00570980692282, 0.00400957465172, 0.00219036405906, 0.00211455696262, 0.00281855580397, 0.0029765907675, 0.00059580989182, 0.000878089456819, 0.000914395146538, 0.000400720105972, 0.000295813864795, 0.000298706843751, 0.000771593302488, 0.000245257600909, 0.000519789347891, 0.000477375171613, 0.000299807492411, 0.000143155732076, 8.23110312922e-05, 7.72717758082e-05, 2.34945164266e-05, 5.42852831131e-06, 1.88550856706e-07],
        "var": [3.06307561004e-06, 0.000104002727312, 3.34844626195e-05, 2.77094422927e-05, 3.26018962369e-05, 1.60766885529e-05, 4.79769460071e-06, 4.47135153081e-06, 7.94425704953e-06, 8.86009274836e-06, 3.54989424523e-07, 7.71041072767e-07, 8.3611843138e-07, 1.60576604458e-07, 8.75058390193e-08, 8.922577166e-08, 5.95356254962e-07, 6.01512937237e-08, 2.70180947837e-07, 2.27887056781e-07, 8.98845371466e-08, 2.04935624026e-08, 6.77510580971e-09, 5.97092730814e-09, 5.51992285214e-10, 2.94689203595e-11, 3.55514263048e-14]
    },
    "erbbands": {
        "dmean": [0.237746417522, 1.54457318783, 3.19278645515, 7.62821292877, 13.3648710251, 16.3810386658, 13.8777542114, 19.1186752319, 13.5577793121, 22.6517829895, 18.5055541992, 24.0461597443, 29.976682663, 16.1245288849, 11.5306901932, 10.9374837875, 12.6035261154, 10.4890098572, 8.40853595734, 6.25680112839, 14.0700359344, 24.5453510284, 9.13904094696, 14.0835447311, 11.6017589569, 10.0740003586, 8.12637519836, 5.07160568237, 2.60320615768, 1.92750298977, 1.34557449818, 0.762058436871, 0.491803050041, 0.192621096969, 0.0722992792726, 0.0188218634576, 0.00459997914732, 0.000460284354631, 1.40674346767e-05, 1.40899655889e-05],
        "dmean2": [0.407011687756, 2.62102007866, 5.36810779572, 13.0882558823, 22.7452945709, 27.0120677948, 22.8123607635, 31.0251331329, 21.7872219086, 36.2079162598, 29.6095638275, 38.7818107605, 46.1199111938, 25.9146575928, 18.5259418488, 17.3076000214, 20.3216991425, 16.9450798035, 13.4860992432, 10.3547725677, 23.0766963959, 41.0281219482, 14.8531293869, 22.9546451569, 18.1782894135, 15.8791818619, 13.1349973679, 8.02349090576, 4.12498998642, 2.98652625084, 2.09237265587, 1.15888237953, 0.739446341991, 0.287764966488, 0.109796062112, 0.0284506436437, 0.0070585180074, 0.000699602533132, 2.13128532778e-05, 2.32395723287e-05],
        "dvar": [0.149185687304, 4.72671937943, 15.9852285385, 73.0992050171, 321.947601318, 294.772003174, 230.064193726, 663.91998291, 295.3644104, 1126.62268066, 997.733642578, 2407.27197266, 3136.68286133, 713.463684082, 281.548492432, 596.562866211, 567.69152832, 211.920547485, 113.073318481, 55.6591339111, 375.143035889, 1092.02062988, 93.2692718506, 276.225524902, 155.492156982, 168.194549561, 77.9734115601, 33.9453392029, 11.8578147888, 4.666492939, 2.78343319893, 1.52590823174, 0.539078235626, 0.0558666549623, 0.00919564720243, 0.000735116773285, 5.24461538589e-05, 4.75375912856e-07, 5.04799868573e-10, 2.11616377199e-10],
        "dvar2": [0.398792058229, 12.9040374756, 45.6378479004, 204.424667358, 896.466125488, 747.742431641, 601.908874512, 1644.23730469, 758.037536621, 2703.31518555, 2238.76171875, 5874.078125, 6746.93115234, 1609.31176758, 729.283447266, 1545.51599121, 1508.05615234, 514.986877441, 277.189300537, 141.546432495, 996.680419922, 3052.68115234, 229.841812134, 663.128601074, 368.258636475, 401.775268555, 182.953063965, 85.6307296753, 28.4080142975, 11.072851181, 6.5584602356, 2.95648884773, 1.23179745674, 0.120721459389, 0.0209068730474, 0.00177420314867, 0.000132047702209, 1.14134559226e-06, 1.08318132241e-09, 5.48577905324e-10],
        "max": [2.90366411209, 17.7012195587, 45.247467041, 99.9269866943, 211.525894165, 197.355499268, 245.289215088, 320.032531738, 228.598937988, 582.073181152, 639.143554688, 875.32598877, 1080.57312012, 442.993438721, 231.693740845, 662.351806641, 492.690734863, 263.943450928, 217.188247681, 97.6261138916, 285.813934326, 378.513793945, 154.300430298, 261.151580811, 148.886734009, 246.871505737, 128.567642212, 81.0744247437, 51.5651245117, 23.2663593292, 30.1532707214, 31.0455474854, 12.3899765015, 2.81914710999, 0.998036623001, 0.399159222841, 0.118943050504, 0.0125386249274, 0.000526159710716, 0.000138396630064],
        "mean": [0.327451497316, 2.70979952812, 6.61604976654, 14.2450408936, 23.7428569794, 29.8742332458, 25.996635437, 35.9016838074, 26.7900314331, 41.3842353821, 32.0235786438, 38.5947761536, 55.7864837646, 31.5979576111, 21.7739334106, 21.2834510803, 24.3185997009, 20.7077827454, 17.171672821, 13.3914003372, 28.8913249969, 48.3229598999, 23.3893280029, 32.588306427, 29.8053798676, 24.8966693878, 21.3875389099, 12.7646179199, 6.15513038635, 4.89925575256, 3.18372607231, 1.83136236668, 1.15924179554, 0.4865693748, 0.151820629835, 0.0410372503102, 0.0100666722283, 0.000912603398319, 4.92743383802e-05, 5.9145353589e-05],
        "median": [0.223459139466, 2.23234081268, 5.21384143829, 12.315911293, 17.7373905182, 22.4154510498, 20.1603851318, 23.5606002808, 19.85313797, 24.8058261871, 19.1586551666, 15.4984006882, 18.8439121246, 16.0482177734, 12.9415521622, 9.94058513641, 12.3668766022, 13.8170909882, 12.6341438293, 10.8634386063, 23.0053272247, 38.1639328003, 20.4332866669, 27.231508255, 25.0957241058, 18.1399707794, 17.9916973114, 10.5687713623, 4.74549770355, 3.91157031059, 2.4874317646, 1.41346693039, 0.883515536785, 0.378746211529, 0.112422332168, 0.0314935855567, 0.00773167656735, 0.000707417493686, 4.47051461379e-05, 5.69738258491e-05],
        "min": [0.00183958048001, 0.00958020985126, 0.124543875456, 0.256315022707, 0.727234363556, 0.38119417429, 0.700243890285, 0.910834550858, 1.21623110771, 1.62509143353, 0.685240864754, 0.600727915764, 0.604951679707, 0.240456938744, 0.168108448386, 0.0860219821334, 0.19072085619, 0.124534063041, 0.263423740864, 0.379326373339, 0.661236703396, 0.203978046775, 0.167020082474, 0.23373568058, 0.107680991292, 0.195170909166, 0.55708104372, 0.311196088791, 0.135250896215, 0.115216612816, 0.0657728612423, 0.0559829808772, 0.0200029499829, 0.00681673362851, 0.00404631532729, 0.00151338067371, 0.000374824943719, 2.31607518799e-05, 1.03118545667e-05, 7.41265057513e-06],
        "stdev": [0.370813459158, 2.21197247505, 5.2046995163, 10.1349916458, 21.8061008453, 25.8387317657, 21.8010368347, 37.8969993591, 23.5733165741, 52.6826400757, 42.3933296204, 75.9035263062, 97.8793869019, 44.8137283325, 26.0921649933, 35.4075698853, 37.4962272644, 21.2266178131, 17.2992134094, 10.1760835648, 23.8890647888, 40.8796195984, 15.302312851, 25.6364631653, 21.2797985077, 23.3100795746, 15.1212272644, 9.46735954285, 5.11395692825, 3.5864212513, 2.59659290314, 1.89894068241, 1.06696307659, 0.382130742073, 0.129784718156, 0.034191660583, 0.00850219279528, 0.000820996239781, 2.60983943008e-05, 1.86541055882e-05],
        "var": [0.137502625585, 4.89282274246, 27.0888957977, 102.718048096, 475.50604248, 667.640014648, 475.285247803, 1436.18261719, 555.701293945, 2775.46069336, 1797.19433594, 5761.34521484, 9580.37402344, 2008.27038574, 680.801086426, 1253.69592285, 1405.96704102, 450.56930542, 299.262817383, 103.55267334, 570.687438965, 1671.14318848, 234.160766602, 657.228271484, 452.829864502, 543.359802246, 228.651504517, 89.630897522, 26.152557373, 12.8624181747, 6.74229431152, 3.60597586632, 1.13841032982, 0.146023899317, 0.0168440714478, 0.00116906955373, 7.22872864571e-05, 6.74034822623e-07, 6.81126155477e-10, 3.47975676052e-10]
    },
    "gfcc": {
        "mean": [50.8558197021, 110.596252441, -116.274749756, 59.5766906738, -62.3760795593, 8.40820407867, -34.5039634705, 11.0667924881, -23.5345592499, -1.05451762676, -13.2949743271, -2.50735712051, -6.86721515656],
        "cov": [[451.003295898, -129.747528076, -123.796920776, -19.8553466797, -32.5120582581, 85.7082366943, 52.5520820618, 27.6153812408, -41.2451400757, -2.93912482262, -12.2431602478, 6.83641672134, -4.21138286591], [-129.747528076, 189.984573364, -7.2800412178, -32.9361419678, 49.1270103455, -60.538433075, 37.156414032, 3.53196525574, 27.5150356293, -13.245215416, 20.3632659912, -15.455247879, 1.3153835535], [-123.796920776, -7.2800412178, 295.619232178, 90.0399475098, -14.4809541702, 9.1873884201, -78.4770889282, -24.8233566284, 34.0321846008, 15.3298511505, -7.46155786514, 10.6824016571, 3.90544509888], [-19.8553466797, -32.9361419678, 90.0399475098, 151.638381958, 43.7294692993, -2.00708580017, -57.3717384338, -24.392332077, 30.7280158997, 9.96619987488, 0.295058757067, -0.570889949799, 15.3376455307], [-32.5120582581, 49.1270103455, -14.4809541702, 43.7294692993, 116.678108215, -12.0129108429, -13.2139806747, -7.05758047104, 7.97237205505, 6.2996635437, 3.66290235519, -1.43090975285, 2.40052461624], [85.7082366943, -60.538433075, 9.1873884201, -2.00708580017, -12.0129108429, 96.1473388672, 35.606880188, -1.19263517857, -21.1021442413, -4.55056762695, -7.86470222473, -0.782436549664, 0.363814890385], [52.5520820618, 37.156414032, -78.4770889282, -57.3717384338, -13.2139806747, 35.606880188, 123.94669342, 36.6172981262, -25.9461040497, -23.4584274292, 2.69702458382, -8.60929775238, -5.5739107132], [27.6153812408, 3.53196525574, -24.8233566284, -24.392332077, -7.05758047104, -1.19263517857, 36.6172981262, 61.7191200256, 18.9386367798, -1.74744880199, -3.2637090683, -5.50934696198, -5.8350520134], [-41.2451400757, 27.5150356293, 34.0321846008, 30.7280158997, 7.97237205505, -21.1021442413, -25.9461040497, 18.9386367798, 82.880027771, 31.337852478, -2.24931788445, -11.0268058777, 0.376207619905], [-2.93912482262, -13.245215416, 15.3298511505, 9.96619987488, 6.2996635437, -4.55056762695, -23.4584274292, -1.74744880199, 31.337852478, 53.9038085938, 15.6130132675, -0.460554867983, -4.72311496735], [-12.2431602478, 20.3632659912, -7.46155786514, 0.295058757067, 3.66290235519, -7.86470222473, 2.69702458382, -3.2637090683, -2.24931788445, 15.6130132675, 48.954284668, 19.0136356354, -0.903461456299], [6.83641672134, -15.455247879, 10.6824016571, -0.570889949799, -1.43090975285, -0.782436549664, -8.60929775238, -5.50934696198, -11.0268058777, -0.460554867983, 19.0136356354, 50.5507164001, 17.4515323639], [-4.21138286591, 1.3153835535, 3.90544509888, 15.3376455307, 2.40052461624, 0.363814890385, -5.5739107132, -5.8350520134, 0.376207619905, -4.72311496735, -0.903461456299, 17.4515323639, 41.8710136414]],
        "icov": [[0.0038397917524, 0.000267094903393, 0.00223805964924, -0.00172252615448, 0.00135640555527, -0.00314053450711, 0.000578396371566, -0.00233064545318, 0.00180631491821, -0.00177032698411, 0.00174921844155, -0.00173750764225, 0.00104776234366], [0.000267094903393, 0.0346462801099, -0.0103919170797, 0.0198477692902, -0.0204666275531, 0.0225070416927, -0.0219737328589, 0.0205123610795, -0.0256121847779, 0.0244730040431, -0.025105137378, 0.0195063445717, -0.0121325179935], [0.00223805964924, -0.0103919170797, 0.00964486040175, -0.00964317005128, 0.00877445749938, -0.0101434579119, 0.00926404166967, -0.00726928096265, 0.00745319155976, -0.008155583404, 0.00962085463107, -0.00885434728116, 0.00590070197359], [-0.00172252615448, 0.0198477692902, -0.00964317005128, 0.024150211364, -0.0166373290122, 0.0124232340604, -0.00969311315566, 0.0151483966038, -0.0194151736796, 0.0180120263249, -0.0182378422469, 0.0151141621172, -0.0115638934076], [0.00135640555527, -0.0204666275531, 0.00877445749938, -0.0166373290122, 0.0231540556997, -0.0133703509346, 0.0129229454324, -0.0127139361575, 0.0162730664015, -0.016444882378, 0.0159428343177, -0.0127300806344, 0.00844117254019], [-0.00314053450711, 0.0225070416927, -0.0101434579119, 0.0124232340604, -0.0133703509346, 0.0315904691815, -0.0213580988348, 0.0170536227524, -0.0142073128372, 0.0129071213305, -0.0133456531912, 0.012966892682, -0.00871101766825], [0.000578396371566, -0.0219737328589, 0.00926404166967, -0.00969311315566, 0.0129229454324, -0.0213580988348, 0.0313522331417, -0.0221729613841, 0.0184941291809, -0.00987870618701, 0.0103844385594, -0.00802533328533, 0.00625187112018], [-0.00233064545318, 0.0205123610795, -0.00726928096265, 0.0151483966038, -0.0127139361575, 0.0170536227524, -0.0221729613841, 0.039631549269, -0.0268795676529, 0.0179836712778, -0.013618092984, 0.00978628639132, -0.00470033753663], [0.00180631491821, -0.0256121847779, 0.00745319155976, -0.0194151736796, 0.0162730664015, -0.0142073128372, 0.0184941291809, -0.0268795676529, 0.0436350516975, -0.0321126431227, 0.0226354412735, -0.0108772320673, 0.00631713634357], [-0.00177032698411, 0.0244730040431, -0.008155583404, 0.0180120263249, -0.016444882378, 0.0129071213305, -0.00987870618701, 0.0179836712778, -0.0321126431227, 0.0499993637204, -0.0311146546155, 0.0171045791358, -0.00663425261155], [0.00174921844155, -0.025105137378, 0.00962085463107, -0.0182378422469, 0.0159428343177, -0.0133456531912, 0.0103844385594, -0.013618092984, 0.0226354412735, -0.0311146546155, 0.0506432168186, -0.0291877035052, 0.0149792358279], [-0.00173750764225, 0.0195063445717, -0.00885434728116, 0.0151141621172, -0.0127300806344, 0.012966892682, -0.00802533328533, 0.00978628639132, -0.0108772320673, 0.0171045791358, -0.0291877035052, 0.0437150932848, -0.0214082505554], [0.00104776234366, -0.0121325179935, 0.00590070197359, -0.0115638934076, 0.00844117254019, -0.00871101766825, 0.00625187112018, -0.00470033753663, 0.00631713634357, -0.00663425261155, 0.0149792358279, -0.0214082505554, 0.0362648293376]]
    },
    "melbands": {
        "dmean": [0.00205091806129, 0.00161017058417, 0.00141344801523, 0.000941899779718, 0.000494952022564, 0.000413648114773, 0.000212860380998, 0.000240156674408, 0.000148763312609, 0.000154351946549, 0.000154389243107, 7.5466465205e-05, 4.14191636082e-05, 3.07111258735e-05, 3.7850219087e-05, 2.38405445998e-05, 2.03899489861e-05, 1.46431139001e-05, 9.27265045902e-06, 1.04698501673e-05, 2.00627091544e-05, 2.92988916044e-05, 1.40709680636e-05, 8.2324286268e-06, 1.32687973746e-05, 1.10137043521e-05, 7.58773740017e-06, 7.30011879568e-06, 6.16945408183e-06, 4.30269528806e-06, 2.79106279777e-06, 1.79259973265e-06, 1.24897155729e-06, 1.07343998934e-06, 8.80177935869e-07, 6.02013130901e-07, 4.55572148894e-07, 3.81901088531e-07, 2.81002087377e-07, 1.44285763781e-07],
        "dmean2": [0.00350845558569, 0.0026961248368, 0.0024138588924, 0.00156623939984, 0.000802784110419, 0.000669494329486, 0.000341798266163, 0.000381861376809, 0.000236890366068, 0.000247657386353, 0.000237624466536, 0.000120676610095, 6.75138071529e-05, 4.92662002216e-05, 6.09124581388e-05, 3.76033895009e-05, 3.32364943461e-05, 2.35482166318e-05, 1.51311223817e-05, 1.7318796381e-05, 3.32221607096e-05, 4.90382299176e-05, 2.32546699408e-05, 1.35217187562e-05, 2.16904536501e-05, 1.76635076059e-05, 1.1768859622e-05, 1.18016141641e-05, 9.93685625872e-06, 6.98172289049e-06, 4.48184664492e-06, 2.8673646284e-06, 1.97755775844e-06, 1.67617417901e-06, 1.3909863128e-06, 9.6029168617e-07, 6.95752419233e-07, 5.81189738114e-07, 4.34746198152e-07, 2.20028283593e-07],
        "dvar": [9.97857023322e-06, 3.76425737159e-06, 2.78854622593e-06, 9.18474938771e-07, 2.5251426905e-07, 2.95923626936e-07, 6.86479779688e-08, 1.22717437989e-07, 6.9063958108e-08, 8.97267540267e-08, 8.24045400805e-08, 1.70980332115e-08, 3.77634679083e-09, 2.92659518841e-09, 1.17825669221e-08, 1.38466516031e-09, 8.40747638176e-10, 3.48505224679e-10, 1.27863400423e-10, 1.49018658524e-10, 9.26783816357e-10, 1.48946843748e-09, 3.02683295095e-10, 7.84733875103e-11, 2.56673543531e-10, 1.52306361967e-10, 7.63067109499e-11, 9.71966118701e-11, 4.9805236324e-11, 2.11369914627e-11, 1.08991071376e-11, 6.69538946854e-12, 2.19704658112e-12, 1.47148916316e-12, 1.14451536356e-12, 7.63399814283e-13, 6.27272702097e-13, 3.49705995498e-13, 1.19741239493e-13, 3.37352995745e-14],
        "dvar2": [2.65152666543e-05, 1.049693401e-05, 7.86324471846e-06, 2.51493929682e-06, 6.53261679417e-07, 7.38902429021e-07, 1.76676053343e-07, 2.92587685635e-07, 1.53103925982e-07, 2.19620346797e-07, 1.78255433525e-07, 3.91963261848e-08, 9.81329151273e-09, 6.71170496958e-09, 3.42431469846e-08, 3.41910721957e-09, 2.07857797641e-09, 8.63792870565e-10, 3.18944537447e-10, 3.75323994106e-10, 2.54504106678e-09, 4.15037693102e-09, 7.9724954416e-10, 1.97807464852e-10, 6.20054452227e-10, 3.70659836157e-10, 1.72340683391e-10, 2.41042547033e-10, 1.18019816142e-10, 5.24555537895e-11, 2.73409246632e-11, 1.56918783523e-11, 5.28340175429e-12, 3.60957856486e-12, 2.73090816454e-12, 1.71752933056e-12, 1.19504428055e-12, 8.21946677387e-13, 2.74052753147e-13, 7.68710385602e-14],
        "max": [0.0228608064353, 0.0182738173753, 0.0192422568798, 0.00902108103037, 0.00714248977602, 0.00763157987967, 0.00342744169757, 0.00560347177088, 0.00576701853424, 0.00506012327969, 0.0054573523812, 0.00209249695763, 0.000856482598465, 0.00104288989678, 0.00291750696488, 0.000483104930026, 0.000456526933704, 0.000353534996975, 0.000160165945999, 0.000151111016748, 0.000458711292595, 0.000416041002609, 0.000268973904895, 0.000108010157419, 0.0002498672402, 0.000143310855492, 0.000141259777592, 0.000172998712515, 0.000113822876301, 6.05673958489e-05, 5.43356400158e-05, 4.58968461317e-05, 1.80672814167e-05, 1.39666353789e-05, 1.69127506524e-05, 1.60430918186e-05, 2.10907164728e-05, 1.00939878394e-05, 3.60553985956e-06, 2.21884988605e-06],
        "mean": [0.0032065983396, 0.00355139304884, 0.00279289204627, 0.00189787300769, 0.00101223960519, 0.000789377780166, 0.000425443082349, 0.000429096427979, 0.000251205114182, 0.000242744237767, 0.000280861801002, 0.000137011054903, 7.27311125956e-05, 5.34130740562e-05, 6.9193643867e-05, 4.29363863077e-05, 3.74433329853e-05, 2.81059437839e-05, 1.75601890078e-05, 2.0251947717e-05, 3.66922613466e-05, 5.46339651919e-05, 2.80425683741e-05, 1.78148566192e-05, 2.7452750146e-05, 2.52029476542e-05, 1.73641947185e-05, 1.6260506527e-05, 1.4448809452e-05, 1.01400983112e-05, 6.34935668131e-06, 3.59880868928e-06, 2.92413460556e-06, 2.50061930274e-06, 1.96608766601e-06, 1.30938872189e-06, 1.02715830508e-06, 8.30223427783e-07, 6.50081688036e-07, 3.28949568029e-07],
        "median": [0.00248806830496, 0.00315445358865, 0.00235697301105, 0.00159847305622, 0.00080068258103, 0.0005485098809, 0.00031756752287, 0.000256610044744, 0.000137125636684, 9.41389007494e-05, 9.25777349039e-05, 6.26847322565e-05, 4.01623510697e-05, 2.8939857657e-05, 2.40872723225e-05, 2.60105807683e-05, 2.39341934503e-05, 1.93572286662e-05, 1.316066664e-05, 1.60694253282e-05, 2.7684673114e-05, 4.19016541855e-05, 2.29507859331e-05, 1.50962823682e-05, 2.17013675865e-05, 2.07304310607e-05, 1.30539347083e-05, 1.10005776151e-05, 1.16578894449e-05, 8.44052647153e-06, 5.06937340106e-06, 2.59229113908e-06, 2.28476051234e-06, 1.99753594643e-06, 1.50810160449e-06, 1.00232807654e-06, 7.56417080083e-07, 6.19615946107e-07, 5.12236454142e-07, 2.458345989e-07],
        "min": [1.21214789033e-05, 8.79946674104e-05, 7.17408183846e-05, 7.59152098908e-05, 2.23926945182e-05, 1.95693755813e-05, 1.64250050148e-05, 1.30098324007e-05, 4.36915161117e-06, 3.8210873754e-06, 2.48818128057e-06, 5.88545901792e-07, 4.58766550082e-07, 2.22082888968e-07, 1.71070496435e-07, 3.74818853288e-07, 1.698167722e-07, 4.04566918633e-07, 2.9061021678e-07, 4.54266825045e-07, 6.86561349994e-07, 1.89973221154e-07, 1.1523506771e-07, 1.32127311758e-07, 1.80386123816e-07, 7.71946560008e-08, 1.01645561301e-07, 1.1279595924e-07, 2.98813944255e-07, 3.08633872237e-07, 1.21051414226e-07, 6.287098131e-08, 5.58510215853e-08, 5.02631074539e-08, 3.90342833612e-08, 2.7781299039e-08, 3.4337134025e-08, 1.4633627643e-08, 7.61443175179e-09, 5.40707745245e-09],
        "stdev": [0.00304229091853, 0.00231464998797, 0.00203577452339, 0.0013514860766, 0.000790113292169, 0.000802027992904, 0.000366586173186, 0.000545243092347, 0.000353495561285, 0.000459041068098, 0.000499022076838, 0.00021341338288, 9.04376429389e-05, 8.19872366264e-05, 0.000153557615704, 5.27779666299e-05, 4.08322011936e-05, 2.95038298646e-05, 1.60427316587e-05, 1.59144656209e-05, 3.50546652044e-05, 4.77350658912e-05, 2.33520495385e-05, 1.2718220205e-05, 2.3857855922e-05, 1.91037524928e-05, 1.53129312821e-05, 1.68443602888e-05, 1.14038693937e-05, 7.31157751943e-06, 5.12505084771e-06, 3.65148684978e-06, 2.33947639572e-06, 1.89452975974e-06, 1.65474955338e-06, 1.28545252664e-06, 1.16441083264e-06, 8.14900545265e-07, 5.34509581485e-07, 2.74836224889e-07],
        "var": [9.25553376874e-06, 5.35760500497e-06, 4.14437818108e-06, 1.82651456271e-06, 6.24278982286e-07, 6.43248938559e-07, 1.34385416573e-07, 2.97290000617e-07, 1.24959115055e-07, 2.10718695826e-07, 2.49023031529e-07, 4.5545270666e-08, 8.17896683714e-09, 6.7219065869e-09, 2.35799397785e-08, 2.78551359756e-09, 1.66726876749e-09, 8.70476024595e-10, 2.57369264789e-10, 2.5327021036e-10, 1.22882959364e-09, 2.27863639068e-09, 5.45318179501e-10, 1.61753124783e-10, 5.69197300404e-10, 3.64953373078e-10, 2.34485847406e-10, 2.83732481954e-10, 1.30048236069e-10, 5.34591641788e-11, 2.62661472433e-11, 1.33333561206e-11, 5.47314971122e-12, 3.58924305208e-12, 2.73819617154e-12, 1.65238818722e-12, 1.35585260467e-12, 6.64062934416e-13, 2.85700499716e-13, 7.5534949118e-14]
    },
    "melbands128": {
