{
"lowlevel": {
    "average_loudness": 0.816876649857,
    "barkbands_crest": {
        "dmean": 2.24550008774,
        "dmean2": 3.66908550262,
        "dvar": 4.82211112976,
        "dvar2": 12.18080616,
        "max": 20.7655181885,
        "mean": 8.96837806702,
        "median": 8.62590885162,
        "min": 2.51467370987,
        "stdev": 3.12194633484,
        "var": 9.74654960632
    },
    "barkbands_flatness_db": {
        "dmean": 0.0193493273109,
        "dmean2": 0.0282736364752,
        "dvar": 0.000362742110156,
        "dvar2": 0.000705797574483,
        "max": 0.361908614635,
        "mean": 0.134798571467,
        "median": 0.126892492175,
        "min": 0.0212790481746,
        "stdev": 0.0661647468805,
        "var": 0.00437777396291
    },
    "barkbands_kurtosis": {
        "dmean": 2.68177461624,
        "dmean2": 4.19890499115,
        "dvar": 10.5012054443,
        "dvar2": 24.9892654419,
        "max": 50.1723213196,
        "mean": 7.06000947952,
        "median": 5.57813644409,
        "min": -1.63329124451,
        "stdev": 7.44953870773,
        "var": 55.4956283569
    },
    "barkbands_skewness": {
        "dmean": 0.425959289074,
        "dmean2": 0.666508197784,
        "dvar": 0.168775364757,
        "dvar2": 0.398564755917,
        "max": 6.08876609802,
        "mean": 2.16003537178,
        "median": 2.24580001831,
        "min": -0.0858326107264,
        "stdev": 1.06876134872,
        "var": 1.1422508955
    },
    "barkbands_spread": {
        "dmean": 4.37707233429,
        "dmean2": 6.81547260284,
        "dvar": 32.1122703552,
        "dvar2": 72.1437606812,
        "max": 76.0955047607,
        "mean": 20.9447803497,
        "median": 16.9489574432,
        "min": 1.53991925716,
        "stdev": 14.6451797485,
        "var": 214.481292725
    },
    "dissonance": {
        "dmean": 0.0120128635317,
        "dmean2": 0.0199145190418,
        "dvar": 0.000110307308205,
        "dvar2": 0.000297568534734,
        "max": 0.499928534031,
        "mean": 0.472814589739,
        "median": 0.476393014193,
        "min": 0.371568977833,
        "stdev": 0.017614884302,
        "var": 0.000310284143779
    },
    "dynamic_complexity": 3.50719952583,
    "erbbands_crest": {
        "dmean": 1.70950603485,
        "dmean2": 2.77784776688,
        "dvar": 2.78563833237,
        "dvar2": 6.80941009521,
        "max": 21.6971855164,
        "mean": 6.71429777145,
        "median": 5.85299301147,
        "min": 2.35907196999,
        "stdev": 3.12279009819,
        "var": 9.75181770325
    },
    "erbbands_flatness_db": {
        "dmean": 0.0118818357587,
        "dmean2": 0.0165385045111,
        "dvar": 0.000181656243512,
        "dvar2": 0.000304558576318,
        "max": 0.25523480773,
        "mean": 0.130647465587,
        "median": 0.120218530297,
        "min": 0.0616261735559,
        "stdev": 0.0374724790454,
        "var": 0.00140418671072
    },
    "erbbands_kurtosis": {
        "dmean": 0.450276732445,
        "dmean2": 0.704674184322,
        "dvar": 0.269358813763,
        "dvar2": 0.610650599003,
        "max": 9.34687328339,
        "mean": -0.17855463922,
        "median": -0.500639200211,
        "min": -1.57243299484,
        "stdev": 1.1006000042,
        "var": 1.21132040024
    },
    "erbbands_skewness": {
        "dmean": 0.231685444713,
        "dmean2": 0.367666512728,
        "dvar": 0.0408915281296,
        "dvar2": 0.0987068116665,
        "max": 2.86000275612,
        "mean": 0.385018497705,
        "median": 0.347768455744,
        "min": -1.11800098419,
        "stdev": 0.628249943256,
        "var": 0.394698023796
    },
    "erbbands_spread": {
        "dmean": 6.30142450333,
        "dmean2": 9.71813297272,
        "dvar": 42.8628578186,
        "dvar2": 96.6673736572,
        "max": 112.829116821,
        "mean": 47.9006347656,
        "median": 47.6468505859,
        "min": 13.5609178543,
        "stdev": 15.3281002045,
        "var": 234.950668335
    },
    "hfc": {
        "dmean": 3.26491093636,
        "dmean2": 4.70075893402,
        "dvar": 32.0076370239,
        "dvar2": 58.2220115662,
        "max": 95.9969558716,
        "mean": 18.2056465149,
        "median": 7.14702177048,
        "min": 0.718701660633,
        "stdev": 19.6720161438,
        "var": 386.988220215
    },
    "loudness_ebu128": {
        "integrated": -18.6140594482,
        "loudness_range": 8.36209487915,
        "momentary": {
            "dmean": 0.407706916332,
            "dmean2": 0.474270820618,
            "dvar": 0.146403044462,
            "dvar2": 0.224694654346,
            "max": -13.9878959656,
            "mean": -20.0016670227,
            "median": -20.8505249023,
            "min": -27.0300655365,
            "stdev": 3.57118964195,
            "var": 12.7533950806
        },
        "short_term": {
            "dmean": 0.0711620375514,
            "dmean2": 0.0580028370023,
            "dvar": 0.0031454260461,
            "dvar2": 0.00231211492792,
            "max": -15.1762886047,
            "mean": -19.900592804,
            "median": -21.1178607941,
            "min": -24.1667633057,
            "stdev": 3.35574626923,
            "var": 11.2610330582
        }
    },
    "melbands_crest": {
        "dmean": 2.7516181469,
        "dmean2": 4.50241851807,
        "dvar": 6.29608726501,
        "dvar2": 16.2691555023,
        "max": 25.5710964203,
        "mean": 14.4089250565,
        "median": 14.2260408401,
        "min": 4.72084760666,
        "stdev": 3.75782465935,
        "var": 14.1212453842
    },
    "melbands_flatness_db": {
        "dmean": 0.0226627606899,
        "dmean2": 0.0337348990142,
        "dvar": 0.000526214076672,
        "dvar2": 0.00107459852006,
        "max": 0.477706551552,
        "mean": 0.21298879385,
        "median": 0.209731429815,
        "min": 0.0670878887177,
        "stdev": 0.0790970623493,
        "var": 0.00625634565949
    },
    "melbands_kurtosis": {
        "dmean": 6.64705371857,
        "dmean2": 10.3707933426,
        "dvar": 56.4888916016,
        "dvar2": 129.736022949,
        "max": 114.067619324,
        "mean": 20.6637172699,
        "median": 18.2277984619,
        "min": -0.719929218292,
        "stdev": 15.6710128784,
        "var": 245.5806427
    },
    "melbands_skewness": {
        "dmean": 0.606549918652,
        "dmean2": 0.947249472141,
        "dvar": 0.338757246733,
        "dvar2": 0.78241944313,
        "max": 8.10026454926,
        "mean": 3.51325654984,
        "median": 3.49201655388,
        "min": 0.107921235263,
        "stdev": 1.33607792854,
        "var": 1.78510415554
    },
    "melbands_spread": {
        "dmean": 4.61693477631,
        "dmean2": 7.32354831696,
        "dvar": 37.2861175537,
        "dvar2": 87.2977752686,
        "max": 81.9329528809,
        "mean": 17.8629798889,
        "median": 12.1964960098,
        "min": 1.40355277061,
        "stdev": 14.1390647888,
        "var": 199.913146973
    },
    "pitch_salience": {
        "dmean": 0.0672368779778,
        "dmean2": 0.109641887248,
        "dvar": 0.00349328666925,
        "dvar2": 0.00931817665696,
        "max": 0.825092256069,
        "mean": 0.585370063782,
        "median": 0.588628649712,
        "min": 0.303415685892,
        "stdev": 0.0895305201411,
        "var": 0.00801571458578
    },
    "silence_rate_20dB": {
        "dmean": 0,
        "dmean2": 0,
        "dvar": 0,
        "dvar2": 0,
        "max": 1,
        "mean": 1,
        "median": 1,
        "min": 1,
        "stdev": 0,
        "var": 0
    },
    "silence_rate_30dB": {
        "dmean": 0.00103199179284,
        "dmean2": 0.00206504901871,
        "dvar": 0.00103093427606,
        "dvar2": 0.0030933348462,
        "max": 1,
        "mean": 0.999484241009,
        "median": 1,
        "min": 0,
        "stdev": 0.0227032471448,
        "var": 0.000515437452123
    },
    "silence_rate_60dB": {
        "dmean": 0.0103199174628,
        "dmean2": 0.0206504911184,
        "dvar": 0.0102135427296,
        "dvar2": 0.0274520516396,
        "max": 1,
        "mean": 0.00773594621569,
        "median": 0,
        "min": 0,
        "stdev": 0.087613940239,
        "var": 0.00767620280385
    },
    "spectral_centroid": {
        "dmean": 194.72795105,
        "dmean2": 314.834991455,
        "dvar": 43556.625,
        "dvar2": 107921.734375,
        "max": 3238.29321289,
        "mean": 1179.8996582,
        "median": 1083.28747559,
        "min": 207.778945923,
        "stdev": 621.711120605,
        "var": 386524.75
    },
    "spectral_complexity": {
        "dmean": 2.67956662178,
        "dmean2": 4.29272079468,
        "dvar": 7.97010040283,
        "dvar2": 17.7857952118,
        "max": 57,
        "mean": 21.0118618011,
        "median": 14,
        "min": 3,
        "stdev": 14.5205802917,
        "var": 210.847244263
    },
    "spectral_decrease": {
        "dmean": 1.83149739819e-09,
        "dmean2": 2.8412916464e-09,
        "dvar": 9.100850376e-18,
        "dvar2": 2.19797522469e-17,
        "max": -4.98791286052e-10,
        "mean": -6.02523364535e-09,
        "median": -4.59580329348e-09,
        "min": -3.42280799259e-08,
        "stdev": 4.8867283553e-09,
        "var": 2.38801136774e-17
    },
    "spectral_energy": {
        "dmean": 0.00706982379779,
        "dmean2": 0.0109012220055,
        "dvar": 0.000133515015477,
        "dvar2": 0.000320686114719,
        "max": 0.132233411074,
        "mean": 0.0243919212371,
        "median": 0.0184140931815,
        "min": 0.00194774160627,
        "stdev": 0.0198243837804,
        "var": 0.000393006193917
    },
    "spectral_energyband_high": {
        "dmean": 0.000244499417022,
        "dmean2": 0.000338564830599,
        "dvar": 2.45045754355e-07,
        "dvar2": 4.55677906075e-07,
        "max": 0.00823284685612,
        "mean": 0.000909826194402,
        "median": 0.000253235019045,
        "min": 3.59103182745e-07,
        "stdev": 0.00129604060203,
        "var": 1.67972132203e-06
    },
    "spectral_energyband_low": {
        "dmean": 0.00456127338111,
        "dmean2": 0.00726038403809,
        "dvar": 7.74074578658e-05,
        "dvar2": 0.00018565771461,
        "max": 0.104740917683,
        "mean": 0.0105768963695,
        "median": 0.00795162282884,
        "min": 0.000327466026647,
        "stdev": 0.0105945318937,
        "var": 0.000112244102638
    },
    "spectral_energyband_middle_high": {
        "dmean": 0.000935015908908,
        "dmean2": 0.00146522314753,
        "dvar": 3.5780676626e-06,
        "dvar2": 9.17828219826e-06,
        "max": 0.0469305515289,
        "mean": 0.00418937625363,
        "median": 0.00117713666987,
        "min": 5.01643553434e-05,
        "stdev": 0.00563591718674,
        "var": 3.17635640386e-05
    },
    "spectral_energyband_middle_low": {
        "dmean": 0.00414521200582,
        "dmean2": 0.0066082351841,
        "dvar": 5.61383640161e-05,
        "dvar2": 0.00013793418475,
        "max": 0.106438428164,
        "mean": 0.0105092749,
        "median": 0.00777755258605,
        "min": 0.000660420977511,
        "stdev": 0.0105658890679,
        "var": 0.000111638008093
    },
    "spectral_entropy": {
        "dmean": 0.129302993417,
        "dmean2": 0.190089330077,
        "dvar": 0.0248394925147,
        "dvar2": 0.0465948134661,
        "max": 8.53221416473,
        "mean": 7.53941679001,
        "median": 7.62174892426,
        "min": 5.98112630844,
        "stdev": 0.506209909916,
        "var": 0.256248474121
    },
    "spectral_flux": {
        "dmean": 0.0176061857492,
        "dmean2": 0.0280138924718,
        "dvar": 0.000494350853842,
        "dvar2": 0.00109838799108,
        "max": 0.272065907717,
        "mean": 0.0711209028959,
        "median": 0.0594672821462,
        "min": 0.0134015176445,
        "stdev": 0.0468234866858,
        "var": 0.00219243904576
    },
    "spectral_kurtosis": {
        "dmean": 1.47019541264,
        "dmean2": 2.49608635902,
        "dvar": 5.15363883972,
        "dvar2": 13.7893123627,
        "max": 34.8828544617,
        "mean": 4.38857603073,
        "median": 3.5198764801,
        "min": 0.0217475891113,
        "stdev": 3.33875203133,
        "var": 11.1472644806
    },
    "spectral_rms": {
        "dmean": 0.000628182024229,
        "dmean2": 0.000949837092776,
        "dvar": 5.76400850605e-07,
        "dvar2": 1.31190915909e-06,
        "max": 0.0113581772894,
        "mean": 0.00453987764195,
        "median": 0.0042385100387,
        "min": 0.00137849035673,
        "stdev": 0.00178508285899,
        "var": 3.18652064379e-06
    },
    "spectral_rolloff": {
        "dmean": 349.055847168,
        "dmean2": 562.81237793,
        "dvar": 388180.5625,
        "dvar2": 887834.0625,
        "max": 8656.34765625,
        "mean": 1101.2166748,
        "median": 581.396484375,
        "min": 150.732421875,
        "stdev": 1158.88220215,
        "var": 1343008
    },
    "spectral_skewness": {
        "dmean": 0.178924635053,
        "dmean2": 0.296064138412,
        "dvar": 0.0433442294598,
        "dvar2": 0.108484432101,
        "max": 4.31925201416,
        "mean": 1.53474020958,
        "median": 1.45350575447,
        "min": 0.764922499657,
        "stdev": 0.432449221611,
        "var": 0.187012329698
    },
    "spectral_spread": {
        "dmean": 430292.46875,
        "dmean2": 614304,
        "dvar": 331758010368,
        "dvar2": 602860748800,
        "max": 13106532,
        "mean": 4519081.5,
        "median": 4558533,
        "min": 1551925.5,
        "stdev": 1262838.375,
        "var": 1.59476062618e+12
    },
    "spectral_strongpeak": {
        "dmean": 0.262136876583,
        "dmean2": 0.439227283001,
        "dvar": 0.263168513775,
        "dvar2": 0.663977921009,
        "max": 5.87006855011,
        "mean": 0.470426589251,
        "median": 0.27105653286,
        "min": 0.0412330776453,
        "stdev": 0.706657111645,
        "var": 0.499364286661
    },
    "zerocrossingrate": {
        "dmean": 0.00806974247098,
        "dmean2": 0.00981629360467,
        "dvar": 7.76778833824e-05,
        "dvar2": 0.000104314087366,
        "max": 0.17724609375,
        "mean": 0.0524760074914,
        "median": 0.04638671875,
        "min": 0.00537109375,
        "stdev": 0.0319179818034,
        "var": 0.00101875758264
    },
    "barkbands": {
        "dmean": [7.46635487303e-05, 0.00267857708968, 0.00230632652529, 0.00140044465661, 0.00266078370623, 0.000755727640353, 0.000409697444411, 0.000412626570323, 0.000655866402667, 0.000437229522504, 0.000259004445979, 0.000201655828278, 0.00019596653874, 0.000238318083575, 0.000160028779646, 0.000199286805582, 0.000189220358152, 0.000119884505693, 0.000126470957184, 0.000102374717244, 7.8869277786e-05, 7.67433884903e-05, 5.03283299622e-05, 4.99623565702e-05, 4.47982165497e-05, 2.34067538258e-05, 1.36895016567e-06],
        "dmean2": [0.000120227457955, 0.00430591171607, 0.00376711250283, 0.0023478763178, 0.00434051267803, 0.00122002733406, 0.000680161290802, 0.000626506865956, 0.00100016139913, 0.000721422198694, 0.000432718195952, 0.000334732118063, 0.000315842888085, 0.000385930063203, 0.000258221669355, 0.000323765445501, 0.000317666796036, 0.000198742927751, 0.000206371056265, 0.000168276499608, 0.000130235319375, 0.00011641040328, 7.79695110396e-05, 7.0989386586e-05, 6.52370290481e-05, 3.58417455573e-05, 2.27668328989e-06],
        "dvar": [2.76641802799e-08, 4.10616485169e-05, 1.25546639538e-05, 3.38056884175e-06, 4.66382116429e-05, 1.9103251816e-06, 8.60553427628e-07, 1.32822617616e-06, 4.12942108596e-06, 1.82782082447e-06, 7.34241439204e-07, 2.90342171638e-07, 1.88971867487e-07, 2.65628727902e-07, 1.16631845515e-07, 1.67476386537e-07, 1.13785397104e-07, 4.24708694879e-08, 3.91427832369e-08, 2.77702660867e-08, 2.32686385715e-08, 2.12484465578e-08, 9.99053817452e-09, 1.55478137032e-08, 2.41550015545e-08, 4.65661109672e-09, 1.32606182979e-11],
        "dvar2": [6.63204673401e-08, 9.3096467026e-05, 3.70486231986e-05, 9.50605863181e-06, 0.000116460323625, 4.90397997055e-06, 2.22789526561e-06, 2.95283507512e-06, 9.40643894864e-06, 5.07620643475e-06, 1.94252993424e-06, 7.35145817998e-07, 4.46635084472e-07, 6.33601700883e-07, 2.74569970315e-07, 4.15489353145e-07, 3.13349318048e-07, 1.12797067686e-07, 9.93596600551e-08, 7.18044859127e-08, 6.09489205772e-08, 4.80737973874e-08, 2.32486474516e-08, 3.30480354194e-08, 4.87265232607e-08, 1.09022684214e-08, 3.21676331405e-11],
        "max": [0.00260227895342, 0.0743357613683, 0.0328086987138, 0.0172998830676, 0.0777741521597, 0.036380354315, 0.0199357047677, 0.0280238352716, 0.0523553341627, 0.027443382889, 0.0178454723209, 0.0118354782462, 0.00989804882556, 0.011779692024, 0.0080438349396, 0.00734698213637, 0.00744582945481, 0.00327752274461, 0.00260040489957, 0.00252114236355, 0.00232023792341, 0.00227999640629, 0.00164801452775, 0.00260963058099, 0.00359809934162, 0.0012395378435, 5.22920272488e-05],
        "mean": [0.000107220133941, 0.00440682889894, 0.00441079773009, 0.00247247354127, 0.00354714947753, 0.00146797392517, 0.000676328490954, 0.000718636030797, 0.00137078145053, 0.000736359565053, 0.000450646446552, 0.000354200805305, 0.000378877186449, 0.000478642730741, 0.000310991803417, 0.000410281034419, 0.000415447779233, 0.000285412563244, 0.000325670844177, 0.000246069714194, 0.000202103299671, 0.00020713727281, 0.0001412564161, 0.000132013548864, 9.29319430725e-05, 4.3724427087e-05, 1.99901592168e-06],
        "median": [2.11518472497e-05, 0.0025395960547, 0.0033323331736, 0.00183829781599, 0.00192801537924, 0.00093323161127, 0.000323699321598, 0.000261306500761, 0.00033806785359, 0.000200364622287, 8.33263911773e-05, 0.000137272712891, 0.000130174666992, 8.07018077467e-05, 9.20242091524e-05, 0.00010729443602, 9.60936158663e-05, 6.69008513796e-05, 0.000130391432322, 0.000117273921205, 6.81966776028e-05, 4.54040782643e-05, 2.65464277618e-05, 3.38367135555e-05, 1.9372018869e-05, 8.67956441652e-06, 2.56103788843e-07],
        "min": [2.29524523832e-08, 3.5389810364e-05, 3.35321819875e-05, 6.59901070321e-06, 7.50207691453e-05, 2.25581898121e-05, 1.40256702252e-06, 7.75721491664e-06, 6.84580436427e-06, 1.92397260435e-06, 8.13178075987e-07, 3.01569798467e-06, 1.24389850953e-06, 8.19186368517e-07, 9.48296303704e-07, 5.99910890742e-07, 4.74957943197e-07, 5.9010858422e-07, 1.35512527777e-06, 4.10199845646e-07, 1.52946313392e-07, 4.93780021316e-08, 1.82196497889e-08, 8.15224154849e-09, 9.09480490918e-09, 2.5559077077e-09, 3.75295633329e-13],
        "stdev": [0.000235038693063, 0.00717654917389, 0.00409431010485, 0.00230463128537, 0.00660397205502, 0.00198037968948, 0.00116752064787, 0.00163021695334, 0.00428731692955, 0.00165499758441, 0.00137485913001, 0.000774164276663, 0.000720393145457, 0.000922036531847, 0.000551980920136, 0.000682035053615, 0.000611630617641, 0.000403934769565, 0.000397180876462, 0.000305375113385, 0.000281460495899, 0.000321410159813, 0.000228612174396, 0.000230238816584, 0.000247818097705, 9.11636889214e-05, 4.53800294054e-06],
        "var": [5.52431842493e-08, 5.15028550581e-05, 1.67633752426e-05, 5.31132582182e-06, 4.36124464613e-05, 3.9219039536e-06, 1.36310450216e-06, 2.65760718321e-06, 1.83810880117e-05, 2.73901719083e-06, 1.89023751318e-06, 5.99330292061e-07, 5.18966317031e-07, 8.50151366194e-07, 3.04682913566e-07, 4.65171808628e-07, 3.74092024913e-07, 1.63163306865e-07, 1.5775265183e-07, 9.32539663268e-08, 7.9220008331e-08, 1.03304493848e-07, 5.22635232869e-08, 5.3009909351e-08, 6.14138073729e-08, 8.3108186999e-09, 2.05934696379e-11]
    },
    "erbbands": {
        "dmean": [0.0647892802954, 0.686945438385, 2.35383963585, 3.73122000694, 7.84597158432, 8.47468566895, 5.96774816513, 6.19332647324, 6.21211481094, 5.47503614426, 10.0889358521, 16.29737854, 12.889840126, 11.0499477386, 10.3919429779, 7.97277212143, 8.83641147614, 10.1394939423, 10.2261543274, 6.37761735916, 11.8557491302, 9.23030948639, 6.37673711777, 5.68016004562, 7.11907100677, 4.37591552734, 3.14206218719, 3.15267586708, 2.94803786278, 2.03038883209, 1.45788264275, 1.15685403347, 0.869166016579, 0.608823120594, 0.262640982866, 0.136118814349, 0.0368174575269, 0.00547644030303, 0.000146436301293, 1.02196072476e-05],
        "dmean2": [0.104942440987, 1.10029304028, 3.87536215782, 6.10837459564, 13.0264596939, 13.9692564011, 9.87234783173, 10.0750789642, 10.4275932312, 8.62015533447, 15.0060396194, 24.3716583252, 21.1875247955, 18.3403911591, 17.3403491974, 13.0637264252, 14.3590650558, 16.0147743225, 16.7150325775, 10.28698349, 19.7651405334, 15.4890432358, 10.8952894211, 9.40933036804, 11.9606676102, 7.17759275436, 5.01265096664, 5.19386005402, 4.47768974304, 3.18520665169, 2.24807500839, 1.65725457668, 1.28420603275, 0.891859173775, 0.385232210159, 0.205324798822, 0.0577914491296, 0.00880600791425, 0.000241573521635, 1.54937424668e-05],
        "dvar": [0.0293973498046, 2.60147404671, 17.2015380859, 24.363286972, 286.685455322, 584.713378906, 88.9011917114, 193.643264771, 186.13180542, 237.329849243, 850.250305176, 3125.73950195, 1269.69836426, 1578.93383789, 1082.43115234, 349.866912842, 388.461883545, 482.79598999, 446.09954834, 169.972488403, 614.343383789, 268.667633057, 135.869766235, 99.6499023438, 129.920913696, 51.6930427551, 34.9606437683, 37.4069900513, 32.0422744751, 15.7305736542, 8.61015415192, 5.18926429749, 6.76502418518, 4.87109994888, 0.724508225918, 0.170490846038, 0.00996245164424, 0.000216905056732, 1.6792768065e-07, 3.11491110683e-10],
        "dvar2": [0.067769125104, 6.22595882416, 50.1667785645, 68.72315979, 731.678588867, 1514.11877441, 252.407226562, 462.923278809, 499.762481689, 455.703613281, 1861.70666504, 6954.70019531, 3190.30517578, 4354.12011719, 2758.83129883, 891.619445801, 922.713806152, 1097.81066895, 1019.35028076, 430.359161377, 1531.36743164, 704.866821289, 358.602539062, 263.134613037, 354.729431152, 129.393463135, 86.5863342285, 96.9816741943, 73.5329818726, 36.4584274292, 19.7680931091, 10.6909217834, 15.37977314, 10.447675705, 1.37149333954, 0.38875195384, 0.0241515617818, 0.000522044312675, 4.08144757102e-07, 6.75136280215e-10],
        "max": [1.83174550533, 19.7846488953, 43.7797164917, 62.3208580017, 188.761260986, 293.979675293, 117.655815125, 444.42098999, 317.642150879, 472.168701172, 713.068847656, 1476.28930664, 1095.5423584, 905.796569824, 845.702819824, 414.588256836, 529.373474121, 680.360595703, 498.613494873, 266.238891602, 438.797241211, 278.311645508, 208.649200439, 154.882110596, 159.008148193, 115.903579712, 108.09021759, 86.3906860352, 83.3120422363, 67.8943481445, 49.8160209656, 37.3145637512, 59.8638420105, 49.1405220032, 22.9116477966, 7.27663373947, 1.48934328556, 0.217499747872, 0.00597805250436, 0.000238467691815],
        "mean": [0.0924687236547, 1.14763069153, 4.72887802124, 7.73825454712, 10.3086633682, 11.294128418, 11.516582489, 10.6407308578, 10.5297822952, 9.71772670746, 19.8715686798, 34.4111938477, 24.6095466614, 19.2393627167, 19.5949363708, 15.5366487503, 17.9391479492, 21.7140674591, 22.6273670197, 14.7512969971, 25.5028762817, 22.286031723, 17.0498332977, 15.1399297714, 17.4490585327, 11.1807632446, 7.56311845779, 7.95737314224, 7.42542505264, 5.67723846436, 4.06540632248, 3.19607782364, 1.98901069164, 1.23845052719, 0.540877938271, 0.251266688108, 0.068023212254, 0.00969050452113, 0.000256929895841, 3.79064513254e-05],
        "median": [0.0408643446863, 0.700680851936, 3.58076572418, 6.01805591583, 5.8209862709, 5.81203889847, 7.49778604507, 5.75178766251, 5.46249389648, 3.52223491669, 7.25147151947, 9.16274833679, 5.91922330856, 5.68543720245, 4.24528121948, 6.47448921204, 6.77080059052, 4.56827068329, 4.71290016174, 5.29257726669, 6.95208358765, 4.69487762451, 3.98205089569, 5.34516763687, 7.73511457443, 5.37155771255, 3.07101750374, 2.43710017204, 1.86632204056, 0.862325370312, 0.758600711823, 0.615077674389, 0.61381483078, 0.271848082542, 0.0956612080336, 0.0526982285082, 0.0132711660117, 0.00143901212141, 4.56714478787e-05, 2.36530413531e-05],
        "min": [0.000523079710547, 0.0133481370285, 0.0625954642892, 0.053954705596, 0.109112888575, 0.2201295048, 0.243307158351, 0.116147831082, 0.112237997353, 0.109668426216, 0.278808653355, 0.199035987258, 0.185043230653, 0.113501109183, 0.100456483662, 0.135103717446, 0.136821016669, 0.103054277599, 0.0843266397715, 0.0877536982298, 0.0383468307555, 0.0237150024623, 0.0269495937973, 0.105059728026, 0.0385745093226, 0.0184277445078, 0.00978216622025, 0.00371431279927, 0.00158123066649, 0.000854528741911, 0.000537277082913, 0.00026063263067, 0.000137943032314, 0.00011065036233, 6.5810396336e-05, 2.64776717813e-05, 4.17013234255e-06, 3.09826958755e-07, 9.84739244814e-07, 2.17506385525e-06],
        "stdev": [0.195469304919, 1.71346259117, 4.54069805145, 6.46680879593, 16.5019855499, 22.6584300995, 12.1272659302, 19.8155574799, 16.5186691284, 21.2329006195, 46.3228111267, 114.222557068, 56.1088371277, 50.9368247986, 58.9805755615, 28.6508312225, 32.6697883606, 38.7579574585, 41.2492332458, 21.7983703613, 42.1745910645, 31.546043396, 23.6330661774, 19.943113327, 20.7235507965, 13.7270832062, 10.2908029556, 11.3705091476, 11.6290950775, 9.20561885834, 6.5894241333, 5.26303100586, 3.86696624756, 3.24462771416, 1.48607075214, 0.552841246128, 0.134308606386, 0.0200428180397, 0.00053137895884, 3.54532749043e-05],
        "var": [0.0382082499564, 2.93595409393, 20.6179409027, 41.8196182251, 272.315551758, 513.404418945, 147.070571899, 392.656311035, 272.866424561, 450.83605957, 2145.80297852, 13046.7919922, 3148.20141602, 2594.56005859, 3478.70825195, 820.870117188, 1067.31518555, 1502.17932129, 1701.49926758, 475.16897583, 1778.69628906, 995.152893066, 558.521850586, 397.727752686, 429.465545654, 188.432800293, 105.900634766, 129.288482666, 135.235855103, 84.7434158325, 43.4205093384, 27.6994953156, 14.9534273148, 10.5276088715, 2.20840644836, 0.305633425713, 0.0180388018489, 0.000401714554755, 2.82363600945e-07, 1.25693477848e-09]
    },
    "gfcc": {
        "mean": [-3.76839947701, 102.662834167, -104.740997314, 44.0655403137, -52.687789917, 12.9524145126, -35.6189994812, 9.63674736023, -29.1123180389, -0.31831869483, -19.047870636, -5.00584316254, -13.0453824997],
        "cov": [[6575.41308594, -2871.70947266, -523.163330078, -100.322441101, -437.346282959, 747.614990234, -350.302825928, 480.5390625, 98.9124984741, 325.152954102, -425.644195557, 435.530090332, -402.663879395], [-2871.70947266, 1723.29492188, 12.3897628784, 37.8103942871, 312.3074646, -419.056396484, 239.134109497, -265.936798096, 60.049282074, -203.513259888, 247.534667969, -236.174911499, 235.126678467], [-523.163330078, 12.3897628784, 351.438110352, 9.98879241943, -3.41152834892, -16.0894565582, -31.9429740906, -18.5690059662, -88.2497787476, 23.1644687653, -3.2058403492, 3.55346250534, 6.18912410736], [-100.322441101, 37.8103942871, 9.98879241943, 165.673828125, 8.85103416443, 0.747470259666, 14.5687599182, -16.7069129944, 12.6857557297, -12.771027565, 35.2454566956, -15.869556427, 23.9258098602], [-437.346282959, 312.3074646, -3.41152834892, 8.85103416443, 176.76423645, -47.0749435425, 53.2120170593, -27.1970386505, 26.3969802856, -26.3243732452, 39.1888198853, -32.0156669617, 36.5580024719], [747.614990234, -419.056396484, -16.0894565582, 0.747470259666, -47.0749435425, 172.711914062, -30.0272293091, 84.1441192627, 0.841616511345, 51.1016540527, -52.9571685791, 63.4709091187, -56.716293335], [-350.302825928, 239.134109497, -31.9429740906, 14.5687599182, 53.2120170593, -30.0272293091, 92.4665985107, -14.5909719467, 28.2289772034, -31.2599239349, 35.6709518433, -36.8317642212, 28.5445976257], [480.5390625, -265.936798096, -18.5690059662, -16.7069129944, -27.1970386505, 84.1441192627, -14.5909719467, 106.038772583, 22.8118209839, 44.4625930786, -40.8430900574, 37.9250259399, -41.7924728394], [98.9124984741, 60.049282074, -88.2497787476, 12.6857557297, 26.3969802856, 0.841616511345, 28.2289772034, 22.8118209839, 92.8360977173, 4.51030492783, 14.643491745, -6.8743429184, -1.64919185638], [325.152954102, -203.513259888, 23.1644687653, -12.771027565, -26.3243732452, 51.1016540527, -31.2599239349, 44.4625930786, 4.51030492783, 76.0129623413, -12.9348487854, 35.8530006409, -30.6171302795], [-425.644195557, 247.534667969, -3.2058403492, 35.2454566956, 39.1888198853, -52.9571685791, 35.6709518433, -40.8430900574, 14.643491745, -12.9348487854, 82.3463058472, -20.7890396118, 39.2014160156], [435.530090332, -236.174911499, 3.55346250534, -15.869556427, -32.0156669617, 63.4709091187, -36.8317642212, 37.9250259399, -6.8743429184, 35.8530006409, -20.7890396118, 81.9205474854, -20.1946277618], [-402.663879395, 235.126678467, 6.18912410736, 23.9258098602, 36.5580024719, -56.716293335, 28.5445976257, -41.7924728394, -1.64919185638, -30.6171302795, 39.2014160156, -20.1946277618, 73.8447647095]],
        "icov": [[0.00113266834524, 0.00164697028231, 0.00136561330874, 3.88339285564e-05, -0.000417835224653, -0.000328195339534, 0.000151304455358, 0.000655969197396, -0.00130590936169, -0.000251286255661, 0.00105485506356, -0.00118855386972, 5.43326095794e-05], [0.00164697028231, 0.0110277319327, 7.32420012355e-05, 0.0037705511786, -0.00552608212456, 0.00669095059857, -0.00595320900902, 0.00473461020738, -0.0059261652641, 0.00534939300269, -0.00798752531409, 0.00500753289089, -0.00680937385187], [0.00136561330874, 7.32420012355e-05, 0.00624980870634, -0.00156675325707, -0.00010768341599, -0.000972925859969, 0.00168707116973, -0.000395782059059, 0.0037337038666, -0.00409287214279, 0.00363308074884, -0.00260543008335, 0.00137224944774], [3.88339285564e-05, 0.0037705511786, -0.00156675325707, 0.00915785878897, -0.00149063079152, 5.40175569768e-05, -0.00135258946102, 0.00213285954669, -0.00359933939762, 0.00412065675482, -0.00781042035669, 0.00496908975765, -0.00498711876571], [-0.000417835224653, -0.00552608212456, -0.00010768341599, -0.00149063079152, 0.0105249499902, -0.00387008418329, 0.000840846158098, -0.00199334113859, 0.000738758710213, -0.00259739323519, 0.00390108954161, -0.00283412635326, 0.002266488038], [-0.000328195339534, 0.00669095059857, -0.000972925859969, 5.40175569768e-05, -0.00387008418329, 0.0201750919223, -0.00804227031767, -0.00252992124297, -0.000466093420982, 0.00215089158155, -0.00407359981909, -0.000789906887803, -0.00111381022725], [0.000151304455358, -0.00595320900902, 0.00168707116973, -0.00135258946102, 0.000840846158098, -0.00804227031767, 0.0244221221656, -0.00612828833982, -0.000571880664211, 0.00200554379262, 0.000109166452603, 0.00161470286548, 0.00177791493479], [0.000655969197396, 0.00473461020738, -0.000395782059059, 0.00213285954669, -0.00199334113859, -0.00252992124297, -0.00612828833982, 0.0236894823611, -0.00811940990388, -0.00432894285768, 0.00317117408849, -0.000188866295503, -0.0010478933109], [-0.00130590936169, -0.0059261652641, 0.0037337038666, -0.00359933939762, 0.000738758710213, -0.000466093420982, -0.000571880664211, -0.00811940990388, 0.0221376884729, -0.00560763617977, 0.000891015457455, -0.00110426405445, 0.00489821098745], [-0.000251286255661, 0.00534939300269, -0.00409287214279, 0.00412065675482, -0.00259739323519, 0.00215089158155, 0.00200554379262, -0.00432894285768, -0.00560763617977, 0.028772925958, -0.0137376775965, 0.00135584024247, -0.000214406492887], [0.00105485506356, -0.00798752531409, 0.00363308074884, -0.00781042035669, 0.00390108954161, -0.00407359981909, 0.000109166452603, 0.00317117408849, 0.000891015457455, -0.0137376775965, 0.0358842238784, -0.0112864822149, 0.00229128543288], [-0.00118855386972, 0.00500753289089, -0.00260543008335, 0.00496908975765, -0.00283412635326, -0.000789906887803, 0.00161470286548, -0.000188866295503, -0.00110426405445, 0.00135584024247, -0.0112864822149, 0.0284800585359, -0.0094339819625], [5.43326095794e-05, -0.00680937385187, 0.00137224944774, -0.00498711876571, 0.002266488038, -0.00111381022725, 0.00177791493479, -0.0010478933109, 0.00489821098745, -0.000214406492887, 0.00229128543288, -0.0094339819625, 0.0299868769944]]
    },
    "melbands": {
        "dmean": [0.000653658469673, 0.0010321077425, 0.000665961939376, 0.000672805821523, 0.000204604322789, 0.000137590017403, 9.37628210522e-05, 6.42523955321e-05, 8.89996517799e-05, 0.000101627527329, 6.61089798086e-05, 4.78460387967e-05, 3.47453242284e-05, 2.33527953242e-05, 2.18129935092e-05, 1.90079244931e-05, 2.17631604755e-05, 1.97863737412e-05, 1.01880650618e-05, 1.09185684778e-05, 1.6040272385e-05, 1.063331365e-05, 9.11964252737e-06, 6.12408894085e-06, 5.18780234415e-06, 5.80146979701e-06, 5.20397634318e-06, 2.82988844447e-06, 2.15174577534e-06, 2.21920254262e-06, 1.94386984731e-06, 1.67863345268e-06, 1.87110379102e-06, 1.05315632482e-06, 8.64108926635e-07, 9.53369635681e-07, 7.78148319114e-07, 6.69554594879e-07, 6.0671072788e-07, 5.17381806731e-07],
        "dmean2": [0.00105090555735, 0.00167679798324, 0.00109366094694, 0.00110522645991, 0.000342401181115, 0.000223478797125, 0.000157401664183, 9.96991511784e-05, 0.000132211585878, 0.000150277439388, 0.00010862477211, 7.93411236373e-05, 5.81309104746e-05, 3.87249601772e-05, 3.60347257811e-05, 3.09799142997e-05, 3.47699242411e-05, 3.2174444641e-05, 1.6786134438e-05, 1.75876502908e-05, 2.67196719506e-05, 1.78935424628e-05, 1.54510289576e-05, 1.02495423562e-05, 8.63700915943e-06, 9.77280160441e-06, 8.70580970513e-06, 4.64822733193e-06, 3.47419927493e-06, 3.65627488463e-06, 3.17925946547e-06, 2.54862106885e-06, 2.89480931315e-06, 1.6846474864e-06, 1.38375332881e-06, 1.47898629166e-06, 1.14292447506e-06, 1.03334105006e-06, 9.22438857742e-07, 7.71023621837e-07],
        "dvar": [2.69121187557e-06, 3.89363776776e-06, 7.6573297747e-07, 3.20697404277e-06, 1.39052687587e-07, 8.35834015334e-08, 4.17495051863e-08, 2.99662019643e-08, 6.13720132492e-08, 1.22003825709e-07, 3.39570682684e-08, 3.00014839638e-08, 1.18161720408e-08, 4.10391676198e-09, 2.75964562313e-09, 1.69366942693e-09, 2.35004593563e-09, 1.78242964832e-09, 5.30404276056e-10, 5.13597941953e-10, 1.09444220353e-09, 3.74730052544e-10, 2.64990029919e-10, 1.13283882275e-10, 8.45429004581e-11, 9.03969815669e-11, 6.98771526753e-11, 2.41089821718e-11, 1.76287196646e-11, 1.83886725291e-11, 1.39978011821e-11, 1.03072429064e-11, 1.51193103176e-11, 4.74037085627e-12, 3.14305786259e-12, 3.56404510939e-12, 2.64827786436e-12, 3.13996853692e-12, 5.25265681645e-12, 3.39872466108e-12],
        "dvar2": [5.98521319262e-06, 1.06861789391e-05, 2.14438591684e-06, 8.10313031252e-06, 4.02207774641e-07, 2.05774256301e-07, 1.11329768515e-07, 6.06231935762e-08, 1.34473381763e-07, 2.72141136293e-07, 8.64523883592e-08, 8.28952764209e-08, 2.9831440429e-08, 1.06850679416e-08, 6.96136615019e-09, 3.84281451105e-09, 5.38220978896e-09, 4.07165590133e-09, 1.2794325599e-09, 1.2469205668e-09, 2.73420286412e-09, 1.02472985652e-09, 7.30765559176e-10, 3.11969339251e-10, 2.28064872543e-10, 2.44052417164e-10, 1.9367737969e-10, 6.00845415089e-11, 4.50335498059e-11, 4.95154160729e-11, 3.72386947667e-11, 2.36798896464e-11, 3.70747842149e-11, 1.23344737202e-11, 7.4014188875e-12, 8.54218865781e-12, 5.73869077258e-12, 7.25301112572e-12, 1.24415677413e-11, 7.07232016006e-12],
        "max": [0.0161405615509, 0.0237147603184, 0.0091778896749, 0.0205337144434, 0.00460778968409, 0.00867677666247, 0.00460436707363, 0.00476092472672, 0.00549436174333, 0.0100572770461, 0.00546311540529, 0.0041072415188, 0.00249045155942, 0.00148988363799, 0.0012399937259, 0.0012549739331, 0.00148416811135, 0.00106806901749, 0.000541888992302, 0.000360304751666, 0.000699687458109, 0.000367982749594, 0.000217498556594, 0.000192249688553, 0.000137833616463, 0.000113365349534, 0.000119266958791, 8.89205184649e-05, 8.45734393806e-05, 5.91780080867e-05, 4.21578006353e-05, 4.14956994064e-05, 7.38991730032e-05, 3.23397398461e-05, 2.37043041125e-05, 2.94884594041e-05, 2.46045055974e-05, 3.99758500862e-05, 4.77660978504e-05, 4.59603106719e-05],
        "mean": [0.00103608192876, 0.00214819749817, 0.00134800572414, 0.000860286585521, 0.000380106444936, 0.000244929426117, 0.000157886403031, 0.000111114364699, 0.000179853552254, 0.000209108446143, 0.000118822274089, 7.86015225458e-05, 6.31091461401e-05, 4.40237454313e-05, 4.00135286327e-05, 3.65418563888e-05, 4.21798831667e-05, 4.00745739171e-05, 2.02136106964e-05, 2.175381087e-05, 3.18760685332e-05, 2.30351597565e-05, 1.92875340872e-05, 1.33744588311e-05, 1.17637628136e-05, 1.3402535842e-05, 1.12946418085e-05, 6.34336402072e-06, 4.48533955932e-06, 4.92017989018e-06, 4.34842286268e-06, 3.90503919334e-06, 4.39618679593e-06, 2.60818842435e-06, 2.20789002014e-06, 2.3168468033e-06, 1.87416947028e-06, 1.42582348417e-06, 1.1681001979e-06, 9.98891209747e-07],
        "median": [0.000559219741262, 0.00163850816898, 0.00107815896627, 0.000438313465565, 0.000250909884926, 0.00013788221986, 8.09025441413e-05, 3.71682435798e-05, 6.25109605608e-05, 5.25715404365e-05, 2.71309509117e-05, 2.23820661631e-05, 1.33685434776e-05, 1.58581970027e-05, 1.42109129229e-05, 1.28630535983e-05, 7.74076761445e-06, 7.34310015105e-06, 6.41721408101e-06, 6.62567117615e-06, 8.21564481157e-06, 4.67196696263e-06, 4.6412192205e-06, 3.20213666782e-06, 4.31134139944e-06, 5.20375033375e-06, 5.60643866265e-06, 2.7586570468e-06, 1.84524492397e-06, 1.83599524917e-06, 1.20775439427e-06, 1.07637481506e-06, 6.3797705252e-07, 4.45623868472e-07, 4.00939001111e-07, 4.15517689589e-07, 3.20781111895e-07, 4.50770102134e-07, 2.66193808329e-07, 2.06705223604e-07],
        "min": [7.84764324635e-06, 5.3025829402e-05, 1.49829975271e-05, 6.47354090688e-06, 7.27857877791e-06, 3.06762831315e-06, 1.27267935568e-06, 1.51910217028e-06, 2.23259826271e-06, 1.01399689356e-06, 2.18115886241e-07, 3.07730488203e-07, 1.41453881497e-07, 3.25063638229e-07, 2.54063394323e-07, 1.70463110294e-07, 1.10693136435e-07, 4.16990459939e-08, 9.67416156072e-08, 6.61827783688e-08, 2.87969594837e-08, 1.8205602359e-08, 1.72622591776e-08, 2.08101127441e-08, 8.99921062114e-08, 4.00620621122e-08, 1.75974346206e-08, 9.59812407331e-09, 4.71530503532e-09, 4.34125757565e-09, 1.49379986158e-09, 8.58348114807e-10, 6.39381436685e-10, 3.46058626199e-10, 2.95241386894e-10, 1.58548146834e-10, 1.01001623731e-10, 8.45554876117e-11, 7.95784965701e-11, 7.64819388377e-11],
        "stdev": [0.00186003849376, 0.00213935226202, 0.0010721659055, 0.00170543009881, 0.00040952351992, 0.000413731497247, 0.000250870391028, 0.000235529601923, 0.000432778586401, 0.00071415619459, 0.000276903330814, 0.000215726307943, 0.000186539473361, 0.000107045198092, 8.06366224424e-05, 6.71092057019e-05, 8.09204357211e-05, 7.79047841206e-05, 3.57063036063e-05, 3.62208884326e-05, 5.46196606592e-05, 3.38006284437e-05, 2.71046174021e-05, 1.99776168301e-05, 1.63323693414e-05, 1.6724847228e-05, 1.3689210391e-05, 8.44833903102e-06, 6.48671766612e-06, 6.85308668835e-06, 6.51706614008e-06, 6.20766377324e-06, 7.41373924029e-06, 4.46478497906e-06, 3.64835432265e-06, 3.82383859687e-06, 3.31926275976e-06, 2.67398900178e-06, 2.91232413474e-06, 2.78420770883e-06],
        "var": [3.45974308402e-06, 4.57682835986e-06, 1.14953968477e-06, 2.90849197881e-06, 1.67709515608e-07, 1.71173752506e-07, 6.29359462323e-08, 5.54741959036e-08, 1.87297317211e-07, 5.10019049216e-07, 7.66754553183e-08, 4.65378384717e-08, 3.47969759673e-08, 1.14586748978e-08, 6.50226494869e-09, 4.50364545657e-09, 6.54811715961e-09, 6.06915495638e-09, 1.27494015345e-09, 1.31195276865e-09, 2.98330715687e-09, 1.14248255301e-09, 7.34660277057e-10, 3.99105165583e-10, 2.66746291722e-10, 2.79720524521e-10, 1.87394474938e-10, 7.13744341407e-11, 4.20775081444e-11, 4.69648001045e-11, 4.24721507963e-11, 3.85350883148e-11, 5.49635302549e-11, 1.9934305942e-11, 1.33104898631e-11, 1.46217413177e-11, 1.10175054843e-11, 7.15021748407e-12, 8.48163206335e-12, 7.75181308033e-12]
    },
    "melbands128": {
