{
"lowlevel": {
    "average_loudness": 0.967099905014,
    "barkbands_crest": {
        "dmean": 3.10789871216,
        "dmean2": 4.99619531631,
        "dvar": 9.89711093903,
        "dvar2": 23.8262710571,
        "max": 24.3823356628,
        "mean": 11.0115270615,
        "median": 10.2276229858,
        "min": 2.43505549431,
        "stdev": 4.13988494873,
        "var": 17.1386489868
    },
    "barkbands_flatness_db": {
        "dmean": 0.0251164976507,
        "dmean2": 0.0386927984655,
        "dvar": 0.000708558131009,
        "dvar2": 0.00161412637681,
        "max": 0.267384380102,
        "mean": 0.109921738505,
        "median": 0.105733916163,
        "min": 0.0178262367845,
        "stdev": 0.0392424240708,
        "var": 0.00153996795416
    },
    "barkbands_kurtosis": {
        "dmean": 4.54528999329,
        "dmean2": 7.30641031265,
        "dvar": 49.5472946167,
        "dvar2": 120.449241638,
        "max": 59.3028717041,
        "mean": 6.15055942535,
        "median": 3.7419962883,
        "min": -1.65253937244,
        "stdev": 7.79989910126,
        "var": 60.8384284973
    },
    "barkbands_skewness": {
        "dmean": 0.716626644135,
        "dmean2": 1.11011493206,
        "dvar": 0.712082564831,
        "dvar2": 1.60467815399,
        "max": 7.45742368698,
        "mean": 2.33606934547,
        "median": 2.15281510353,
        "min": -0.260960280895,
        "stdev": 1.15513384342,
        "var": 1.33433425426
    },
    "barkbands_spread": {
        "dmean": 8.65211486816,
        "dmean2": 13.5462522507,
        "dvar": 76.9833984375,
        "dvar2": 169.403106689,
        "max": 85.0268936157,
        "mean": 30.6240463257,
        "median": 29.2615089417,
        "min": 4.10325860977,
        "stdev": 13.8129234314,
        "var": 190.796859741
    },
    "dissonance": {
        "dmean": 0.00838253647089,
        "dmean2": 0.0140650030226,
        "dvar": 6.10266943113e-05,
        "dvar2": 0.000169847044162,
        "max": 0.499874860048,
        "mean": 0.483488708735,
        "median": 0.485862970352,
        "min": 0.421169728041,
        "stdev": 0.0113037526608,
        "var": 0.000127774823341
    },
    "dynamic_complexity": 1.09501171112,
    "erbbands_crest": {
        "dmean": 1.61643707752,
        "dmean2": 2.64961886406,
        "dvar": 2.79224729538,
        "dvar2": 7.23952722549,
        "max": 20.3846740723,
        "mean": 5.61509132385,
        "median": 4.89276838303,
        "min": 2.40410089493,
        "stdev": 2.47881126404,
        "var": 6.14450550079
    },
    "erbbands_flatness_db": {
        "dmean": 0.00908882543445,
        "dmean2": 0.0139225888997,
        "dvar": 6.74952607369e-05,
        "dvar2": 0.000149157494889,
        "max": 0.193386971951,
        "mean": 0.0882021635771,
        "median": 0.0874315723777,
        "min": 0.0423144251108,
        "stdev": 0.0215448029339,
        "var": 0.000464178534457
    },
    "erbbands_kurtosis": {
        "dmean": 0.424421310425,
        "dmean2": 0.680471658707,
        "dvar": 0.17476554215,
        "dvar2": 0.427764683962,
        "max": 3.04291725159,
        "mean": -0.656659841537,
        "median": -0.806405067444,
        "min": -1.73419106007,
        "stdev": 0.657672524452,
        "var": 0.432533174753
    },
    "erbbands_skewness": {
        "dmean": 0.262478590012,
        "dmean2": 0.413608968258,
        "dvar": 0.0484178811312,
        "dvar2": 0.121681474149,
        "max": 1.96112072468,
        "mean": -0.225038632751,
        "median": -0.277998358011,
        "min": -1.61957764626,
        "stdev": 0.468309402466,
        "var": 0.219313696027
    },
    "erbbands_spread": {
        "dmean": 10.5477628708,
        "dmean2": 16.3022708893,
        "dvar": 92.3609008789,
        "dvar2": 214.267333984,
        "max": 146.110946655,
        "mean": 68.1687164307,
        "median": 67.5578460693,
        "min": 20.7322177887,
        "stdev": 19.15990448,
        "var": 367.101959229
    },
    "hfc": {
        "dmean": 6.63710737228,
        "dmean2": 10.2869129181,
        "dvar": 49.6926307678,
        "dvar2": 105.48323822,
        "max": 90.0931015015,
        "mean": 36.6296920776,
        "median": 35.7197914124,
        "min": 7.46639442444,
        "stdev": 13.8937683105,
        "var": 193.03678894
    },
    "loudness_ebu128": {
        "integrated": -15.8853006363,
        "loudness_range": 1.08511829376,
        "momentary": {
            "dmean": 0.264819294214,
            "dmean2": 0.319405376911,
            "dvar": 0.0401555597782,
            "dvar2": 0.0621000044048,
            "max": -13.8354930878,
            "mean": -15.9368877411,
            "median": -15.9293861389,
            "min": -18.4542827606,
            "stdev": 0.670932114124,
            "var": 0.450149863958
        },
        "short_term": {
            "dmean": 0.0378523990512,
            "dmean2": 0.0436742156744,
            "dvar": 0.000791988917626,
            "dvar2": 0.0011031186441,
            "max": -15.1012468338,
            "mean": -15.9111480713,
            "median": -15.9815711975,
            "min": -16.5325508118,
            "stdev": 0.366460770369,
            "var": 0.134293496609
        }
    },
    "melbands_crest": {
        "dmean": 3.76799225807,
        "dmean2": 5.93627166748,
        "dvar": 13.9024572372,
        "dvar2": 34.6164894104,
        "max": 33.6557312012,
        "mean": 16.3156070709,
        "median": 15.3010406494,
        "min": 4.94777488708,
        "stdev": 5.08214712143,
        "var": 25.8282203674
    },
    "melbands_flatness_db": {
        "dmean": 0.0310524273664,
        "dmean2": 0.047139775008,
        "dvar": 0.00108337355778,
        "dvar2": 0.00237281993032,
        "max": 0.351651549339,
        "mean": 0.194655150175,
        "median": 0.192104011774,
        "min": 0.0484261848032,
        "stdev": 0.0495740808547,
        "var": 0.00245758937672
    },
    "melbands_kurtosis": {
        "dmean": 18.7442188263,
        "dmean2": 30.2079811096,
        "dvar": 838.76940918,
        "dvar2": 2045.67663574,
        "max": 246.435211182,
        "mean": 35.0949707031,
        "median": 25.5791473389,
        "min": 0.0312492847443,
        "stdev": 33.3442649841,
        "var": 1111.84008789
    },
    "melbands_skewness": {
        "dmean": 1.25935411453,
        "dmean2": 1.96824812889,
        "dvar": 2.28580355644,
        "dvar2": 5.19108009338,
        "max": 14.3292236328,
        "mean": 4.90695571899,
        "median": 4.62770938873,
        "min": 0.848347008228,
        "stdev": 2.14691925049,
        "var": 4.60926246643
    },
    "melbands_spread": {
        "dmean": 6.74278450012,
        "dmean2": 10.4631299973,
        "dvar": 62.5438995361,
        "dvar2": 135.466140747,
        "max": 97.6962051392,
        "mean": 18.448551178,
        "median": 15.5565605164,
        "min": 2.11689090729,
        "stdev": 12.2077732086,
        "var": 149.029724121
    },
    "pitch_salience": {
        "dmean": 0.0924617871642,
        "dmean2": 0.151454508305,
        "dvar": 0.00741873728111,
        "dvar2": 0.0202077887952,
        "max": 0.831995427608,
        "mean": 0.539648652077,
        "median": 0.553749084473,
        "min": 0.121758788824,
        "stdev": 0.111361935735,
        "var": 0.012401481159
    },
    "silence_rate_20dB": {
        "dmean": 0,
        "dmean2": 0,
        "dvar": 0,
        "dvar2": 0,
        "max": 1,
        "mean": 1,
        "median": 1,
        "min": 1,
        "stdev": 0,
        "var": 0
    },
    "silence_rate_30dB": {
        "dmean": 0.115583077073,
        "dmean2": 0.231285497546,
        "dvar": 0.102225609124,
        "dvar2": 0.221160039306,
        "max": 1,
        "mean": 0.899432718754,
        "median": 1,
        "min": 0,
        "stdev": 0.300757229328,
        "var": 0.0904549136758
    },
    "silence_rate_60dB": {
        "dmean": 0,
        "dmean2": 0,
        "dvar": 0,
        "dvar2": 0,
        "max": 0,
        "mean": 0,
        "median": 0,
        "min": 0,
        "stdev": 0,
        "var": 0
    },
    "spectral_centroid": {
        "dmean": 303.49798584,
        "dmean2": 488.423126221,
        "dvar": 69160.90625,
        "dvar2": 172240.8125,
        "max": 3517.78955078,
        "mean": 1641.44689941,
        "median": 1611.28210449,
        "min": 505.340698242,
        "stdev": 492.403686523,
        "var": 242461.390625
    },
    "spectral_complexity": {
        "dmean": 5.021671772,
        "dmean2": 7.77387714386,
        "dvar": 17.4360580444,
        "dvar2": 38.8543663025,
        "max": 54,
        "mean": 30.8014431,
        "median": 31,
        "min": 6,
        "stdev": 8.49896907806,
        "var": 72.2324752808
    },
    "spectral_decrease": {
        "dmean": 6.25064933146e-09,
        "dmean2": 1.00242250056e-08,
        "dvar": 6.86295806193e-17,
        "dvar2": 1.61515127588e-16,
        "max": -1.19429044432e-09,
        "mean": -1.51624632849e-08,
        "median": -1.28891581852e-08,
        "min": -5.6087301914e-08,
        "stdev": 9.43958688993e-09,
        "var": 8.91058080258e-17
    },
    "spectral_energy": {
        "dmean": 0.0237788558006,
        "dmean2": 0.0380984246731,
        "dvar": 0.00098287651781,
        "dvar2": 0.00231446418911,
        "max": 0.217187583447,
        "mean": 0.0605491325259,
        "median": 0.0522928126156,
        "min": 0.00546079641208,
        "stdev": 0.0359536111355,
        "var": 0.00129266222939
    },
    "spectral_energyband_high": {
        "dmean": 0.000560892513022,
        "dmean2": 0.000871691270731,
        "dvar": 3.59086897106e-07,
        "dvar2": 8.03052444098e-07,
        "max": 0.00793241802603,
        "mean": 0.00237298500724,
        "median": 0.00222849217243,
        "min": 0.000172407671926,
        "stdev": 0.00109422148671,
        "var": 1.19732055737e-06
    },
    "spectral_energyband_low": {
        "dmean": 0.0212824773043,
        "dmean2": 0.0336874760687,
        "dvar": 0.000978920958005,
        "dvar2": 0.00226461258717,
        "max": 0.198088109493,
        "mean": 0.0396075509489,
        "median": 0.0298917926848,
        "min": 0.000429047271609,
        "stdev": 0.0346747748554,
        "var": 0.00120234000497
    },
    "spectral_energyband_middle_high": {
        "dmean": 0.00127926643472,
        "dmean2": 0.00196652207524,
        "dvar": 1.87538444152e-06,
        "dvar2": 4.29991951023e-06,
        "max": 0.0176421497017,
        "mean": 0.00487473001704,
        "median": 0.00427702488378,
        "min": 0.000395886512706,
        "stdev": 0.00279374513775,
        "var": 7.80501250119e-06
    },
    "spectral_energyband_middle_low": {
        "dmean": 0.00799588579684,
        "dmean2": 0.0132976043969,
        "dvar": 0.000138923176564,
        "dvar2": 0.000370132504031,
        "max": 0.132970586419,
        "mean": 0.0167423635721,
        "median": 0.0133505789563,
        "min": 0.00108190637548,
        "stdev": 0.0133643588051,
        "var": 0.000178606089321
    },
    "spectral_entropy": {
        "dmean": 0.0969079732895,
        "dmean2": 0.153852000833,
        "dvar": 0.00729167135432,
        "dvar2": 0.0174842271954,
        "max": 8.64967441559,
        "mean": 8.02087306976,
        "median": 8.03667736053,
        "min": 7.12231445312,
        "stdev": 0.167750224471,
        "var": 0.0281401388347
    },
    "spectral_flux": {
        "dmean": 0.0421937033534,
        "dmean2": 0.0674135759473,
        "dvar": 0.00234069093131,
        "dvar2": 0.00539927231148,
        "max": 0.390739709139,
        "mean": 0.125836089253,
        "median": 0.106232449412,
        "min": 0.0367669761181,
        "stdev": 0.0628103911877,
        "var": 0.00394514482468
    },
    "spectral_kurtosis": {
        "dmean": 0.485277742147,
        "dmean2": 0.809175729752,
        "dvar": 0.199593007565,
        "dvar2": 0.484379857779,
        "max": 9.58153343201,
        "mean": 2.42288661003,
        "median": 2.41772174835,
        "min": -0.125943183899,
        "stdev": 0.830210089684,
        "var": 0.689248800278
    },
    "spectral_rms": {
        "dmean": 0.00140641268808,
        "dmean2": 0.00219298317097,
        "dvar": 2.62391381511e-06,
        "dvar2": 5.91507796344e-06,
        "max": 0.014556452632,
        "mean": 0.00738842179999,
        "median": 0.00714264484122,
        "min": 0.0023081607651,
        "stdev": 0.00211740774103,
        "var": 4.48341552328e-06
    },
    "spectral_rolloff": {
        "dmean": 626.841552734,
        "dmean2": 1031.60510254,
        "dvar": 754955.5625,
        "dvar2": 1605555.875,
        "max": 9259.27734375,
        "mean": 1121.1151123,
        "median": 581.396484375,
        "min": 64.599609375,
        "stdev": 1197.43981934,
        "var": 1433862.125
    },
    "spectral_skewness": {
        "dmean": 0.0981043800712,
        "dmean2": 0.160371869802,
        "dvar": 0.00769459130242,
        "dvar2": 0.0177206303924,
        "max": 2.13249373436,
        "mean": 1.2480148077,
        "median": 1.27295732498,
        "min": 0.662917613983,
        "stdev": 0.230408892035,
        "var": 0.0530882589519
    },
    "spectral_spread": {
        "dmean": 494055.125,
        "dmean2": 781074.25,
        "dvar": 288307511296,
        "dvar2": 593912266752,
        "max": 14278290,
        "mean": 6199337.5,
        "median": 6030775.5,
        "min": 3245314.75,
        "stdev": 1243450.625,
        "var": 1.54616935219e+12
    },
    "spectral_strongpeak": {
        "dmean": 0.293567746878,
        "dmean2": 0.506846666336,
        "dvar": 0.138368144631,
        "dvar2": 0.364487677813,
        "max": 4.41172838211,
        "mean": 0.577345371246,
        "median": 0.486594051123,
        "min": 0,
        "stdev": 0.433865785599,
        "var": 0.188239514828
    },
    "zerocrossingrate": {
        "dmean": 0.0132269291207,
        "dmean2": 0.0165667757392,
        "dvar": 0.000151833271957,
        "dvar2": 0.000216543252463,
        "max": 0.1962890625,
        "mean": 0.0746241807938,
        "median": 0.0712890625,
        "min": 0.01318359375,
        "stdev": 0.0287779662758,
        "var": 0.000828171323519
    },
    "barkbands": {
        "dmean": [0.00174028484616, 0.016569212079, 0.00607543066144, 0.00425273831934, 0.00372325628996, 0.00133738177828, 0.000552418001462, 0.000558494124562, 0.000584446650464, 0.000293607678032, 0.000202069451916, 0.000235133920796, 0.0002375865879, 0.000198108682525, 0.000212082712096, 0.000312786665745, 0.000269495911198, 0.000242495065322, 0.000270173448371, 0.000194355598069, 0.000174814776983, 0.000133266803459, 8.17921536509e-05, 0.0001154634665, 0.000116492490633, 0.000109898690425, 4.14850146626e-05],
        "dmean2": [0.00258267996833, 0.0271972324699, 0.0101276300848, 0.00716737704352, 0.00627421215177, 0.00223074108362, 0.000908577872906, 0.000863939523697, 0.000898909813259, 0.00046254490735, 0.000331687973812, 0.000372266513295, 0.000387649488403, 0.000328199414071, 0.00035057507921, 0.000516678672284, 0.000456602370832, 0.000401917699492, 0.00044939329382, 0.000333643198246, 0.000285971211269, 0.0002100970014, 0.000130881075165, 0.000187602490769, 0.000184769480256, 0.000174429660547, 7.01329627191e-05],
        "dvar": [1.2729466107e-05, 0.000833057274576, 5.73554571019e-05, 3.13388300128e-05, 3.94908638555e-05, 3.89602701034e-06, 6.51143295727e-07, 2.00089380087e-06, 1.91150661522e-06, 3.22109997342e-07, 1.95822465798e-07, 1.74772807782e-07, 1.73829974415e-07, 7.53311155677e-08, 6.68761757083e-08, 1.18401672466e-07, 8.67768292778e-08, 7.32116944846e-08, 7.6879523192e-08, 5.22203471576e-08, 3.3787156184e-08, 1.93528144621e-08, 9.44217593002e-09, 2.18682938424e-08, 3.87958927206e-08, 2.8961400389e-08, 6.09264372287e-09],
        "dvar2": [2.7226675229e-05, 0.00202296883799, 0.000147986720549, 8.34226375446e-05, 0.000105359955342, 9.54664301389e-06, 1.63582433288e-06, 4.46107014795e-06, 4.14831947637e-06, 6.68600534937e-07, 4.89462820497e-07, 3.72880833766e-07, 4.11886702523e-07, 1.78843748699e-07, 1.57067532314e-07, 3.18314562264e-07, 2.36438367551e-07, 1.91722236309e-07, 2.08079129038e-07, 1.46811927948e-07, 9.12774780204e-08, 4.33047553372e-08, 2.28010534897e-08, 5.50731691362e-08, 8.43034015929e-08, 6.39536708036e-08, 1.66107376742e-08],
        "max": [0.0343672335148, 0.167591392994, 0.0857385918498, 0.0658178776503, 0.0740548446774, 0.0239146929234, 0.0117721986026, 0.022708568722, 0.0283589642495, 0.013339035213, 0.00817154347897, 0.00870394147933, 0.00545180030167, 0.0041436641477, 0.00463110301644, 0.00411045039073, 0.00380436540581, 0.00350641063415, 0.00338625395671, 0.00287321861833, 0.00282134744339, 0.00216648099013, 0.00213388190605, 0.00271037919447, 0.00404140213504, 0.00230366457254, 0.000818363798317],
        "mean": [0.00172890780959, 0.0246232692152, 0.0102955978364, 0.00619159126654, 0.00561057170853, 0.0021805993747, 0.000859330233652, 0.000844304449856, 0.000911828305107, 0.000475433073007, 0.000303137232549, 0.000389741064282, 0.000387704611057, 0.000333951291395, 0.000396301358705, 0.000662500679027, 0.000582604436204, 0.000501584378071, 0.000650428468361, 0.000450578780146, 0.000492032500915, 0.000384477083571, 0.000225576528464, 0.00035416695755, 0.000359651545295, 0.000296607991913, 5.66200760659e-05],
        "median": [0.000237087529968, 0.0161145944148, 0.00690141972154, 0.00416592229158, 0.00347635778598, 0.00108617602382, 0.000506904325448, 0.000235428669839, 0.000319761398714, 0.000207436765777, 0.000100927245512, 0.000180804592674, 0.000209384481423, 0.00021587809897, 0.000283540721284, 0.000510764541104, 0.000472322717542, 0.000391016335925, 0.000553304620553, 0.000387514621252, 0.000411511486163, 0.000334769545589, 0.000196857610717, 0.000313040538458, 0.000272511038929, 0.000165581397596, 1.30974267449e-05],
        "min": [7.14571285698e-07, 6.8578083301e-05, 4.44100660388e-05, 1.63216045621e-05, 0.00012676276674, 1.33016947075e-05, 1.14502272481e-05, 5.29082808498e-06, 6.45822638035e-06, 5.001104455e-06, 4.14966871176e-06, 5.47912623006e-06, 1.79585003934e-05, 9.62189187703e-06, 1.36367889354e-05, 4.14258392993e-05, 2.97941642202e-05, 2.17108845391e-05, 3.64635852748e-05, 2.87007733277e-05, 2.84131583612e-05, 3.90827699448e-05, 4.76687091577e-06, 2.89175022772e-06, 1.87424325304e-06, 5.54018299681e-07, 1.68378175985e-11],
        "stdev": [0.0038758313749, 0.0287535600364, 0.0107776904479, 0.00649608625099, 0.00664432393387, 0.00282573467121, 0.0010843181517, 0.00214916886762, 0.00211896840483, 0.000870255054906, 0.000650199537631, 0.000678279204294, 0.00056548952125, 0.000381690973882, 0.000364850042388, 0.000521940586623, 0.000411728862673, 0.000382252648706, 0.000384611455956, 0.000267654744675, 0.000326202454744, 0.000225116877118, 0.000147268379806, 0.000225930620218, 0.000339313031873, 0.000317706231726, 8.81594460225e-05],
        "var": [1.50220694195e-05, 0.000826767180115, 0.000116158618766, 4.21991353505e-05, 4.41470401711e-05, 7.98477685748e-06, 1.17574575142e-06, 4.61892705061e-06, 4.49002664027e-06, 7.57343855184e-07, 4.22759455887e-07, 4.60062693719e-07, 3.19778393987e-07, 1.45687991449e-07, 1.33115563017e-07, 2.72421971204e-07, 1.6952066062e-07, 1.46117088207e-07, 1.47925973693e-07, 7.16390644584e-08, 1.06408037936e-07, 5.06776096643e-08, 2.16879758597e-08, 5.10446440671e-08, 1.15133339307e-07, 1.0093724967e-07, 7.77208786218e-09]
    },
    "erbbands": {
        "dmean": [0.639633536339, 3.22107887268, 6.10486984253, 10.6426010132, 16.9147338867, 9.12476634979, 11.8157243729, 11.0357704163, 8.40228176117, 8.84523963928, 12.3050756454, 12.9406814575, 10.4010877609, 7.60394525528, 8.40442085266, 9.25514984131, 10.2170705795, 9.50256919861, 8.77107048035, 12.8736524582, 16.5685043335, 14.7541542053, 13.8770198822, 11.6050930023, 13.0989112854, 9.53040122986, 7.7511305809, 6.17595529556, 5.62200117111, 3.30027604103, 2.3239107132, 2.24054932594, 2.14892745018, 1.62950110435, 0.771983802319, 0.414045929909, 0.223580569029, 0.0943910107017, 0.00353510002606, 7.12467372068e-05],
        "dmean2": [1.06852018833, 5.26554298401, 10.2552671432, 17.8042755127, 28.4902038574, 15.6007509232, 19.3384990692, 18.3913917542, 14.2898607254, 13.8359270096, 18.884601593, 20.5971431732, 16.3769493103, 12.4703969955, 13.6320858002, 14.7579603195, 16.5717658997, 15.4815263748, 14.3766288757, 21.0918159485, 27.5104999542, 25.1643390656, 22.9532165527, 19.1425666809, 21.8172264099, 16.211889267, 12.7236871719, 10.2353582382, 8.79815769196, 5.32529163361, 3.69415926933, 3.64136338234, 3.46797561646, 2.59155321121, 1.22183644772, 0.638305962086, 0.35621085763, 0.154394313693, 0.00594270927832, 0.000114503396617],
        "dvar": [1.79513883591, 25.1461086273, 65.0544586182, 136.482833862, 958.408447266, 204.354980469, 281.064147949, 283.070404053, 151.621292114, 253.658248901, 1038.20495605, 1201.78759766, 415.263580322, 226.417251587, 323.338745117, 242.851699829, 336.664550781, 159.412612915, 152.049865723, 234.017120361, 333.465667725, 249.461471558, 239.770645142, 162.113296509, 173.822479248, 139.036331177, 91.3391189575, 36.3631477356, 37.3585205078, 15.4824819565, 8.27154827118, 8.21148777008, 7.9126663208, 6.1177520752, 2.07695364952, 0.409061670303, 0.118609309196, 0.0266883019358, 4.65414304927e-05, 1.07728892473e-08],
        "dvar2": [4.48085784912, 60.9455299377, 169.680938721, 358.893463135, 2482.86181641, 544.459106445, 679.455749512, 707.171813965, 405.317749023, 558.935791016, 2308.11865234, 2677.87084961, 865.402648926, 573.593139648, 845.418273926, 538.489868164, 794.670837402, 391.20904541, 351.065612793, 613.643737793, 884.364868164, 679.862365723, 637.616394043, 422.595001221, 461.215148926, 393.191467285, 250.056381226, 96.8463745117, 80.5828933716, 38.6030273438, 19.1327762604, 19.8657417297, 20.4533023834, 14.3318424225, 4.70097064972, 0.923494577408, 0.263642787933, 0.0705351457, 0.000125598118757, 2.73776628035e-08],
        "max": [7.70584964752, 35.4109420776, 69.9264678955, 106.094566345, 363.085601807, 157.880447388, 203.540771484, 230.291305542, 173.366271973, 261.564697266, 533.086303711, 562.089599609, 399.57333374, 317.18371582, 277.94619751, 248.14074707, 272.299407959, 178.428939819, 246.290527344, 218.184524536, 251.128356934, 171.495529175, 206.241836548, 181.318023682, 183.495910645, 154.487533569, 123.158416748, 81.6030883789, 94.2246932983, 82.3892288208, 62.3529434204, 50.569934845, 56.1468811035, 46.7383804321, 35.1798210144, 11.3780202866, 4.82397079468, 1.59762883186, 0.080019466579, 0.00122011906933],
        "mean": [0.701618850231, 5.48757266998, 11.3674230576, 18.3807373047, 22.5843505859, 13.9661092758, 18.5814857483, 18.118927002, 12.8788766861, 15.0327739716, 19.618347168, 20.1984519958, 16.7057361603, 12.6977777481, 14.0432567596, 16.2341022491, 17.8164558411, 17.0967330933, 17.7745552063, 27.3184165955, 36.7211112976, 34.3745079041, 30.3705673218, 26.9460201263, 33.3590278625, 22.2337169647, 19.5489292145, 17.4966869354, 15.6377773285, 9.16897964478, 6.40201377869, 6.45852994919, 6.32218647003, 4.54003286362, 2.24153208733, 1.13449215889, 0.559609174728, 0.168805107474, 0.00529782800004, 0.000181217241334],
        "median": [0.303295314312, 3.92821073532, 7.50660562515, 14.2200737, 10.4538373947, 9.01351070404, 11.5008945465, 8.89836120605, 8.09501743317, 6.8554353714, 5.60650539398, 7.07098197937, 8.27999782562, 5.26622104645, 5.01754236221, 8.33486461639, 9.97442436218, 11.1469240189, 12.7170085907, 20.2811431885, 28.2552165985, 28.5235862732, 24.5385417938, 22.3592319489, 28.5863227844, 18.9405384064, 15.7282390594, 15.2424497604, 13.0994920731, 7.60180807114, 5.57488489151, 5.61512708664, 5.53846263885, 3.62823176384, 1.59366762638, 0.744423806667, 0.283086687326, 0.0590973347425, 0.00149872351903, 0.000138843446621],
        "min": [0.0024549625814, 0.0231897104532, 0.0826599299908, 0.0959602370858, 0.284930258989, 0.328033387661, 0.285477876663, 0.245412141085, 0.298549443483, 0.313561946154, 0.263510972261, 0.309489130974, 0.278229296207, 0.207337543368, 0.284662276506, 0.523239135742, 0.758833527565, 0.696851909161, 0.975992560387, 1.73444807529, 1.94869482517, 1.9241861105, 2.30842614174, 1.94780099392, 3.00862240791, 1.59350275993, 1.44857633114, 0.999384701252, 1.78161776066, 0.485543608665, 0.114659830928, 0.0739782005548, 0.040176782757, 0.0271739400923, 0.0105824451894, 0.00352747342549, 0.000915982178412, 0.000149398736539, 2.58780000877e-05, 1.03443589978e-05],
        "stdev": [1.23843026161, 5.3834028244, 11.0063781738, 15.4118232727, 33.0926551819, 16.4203586578, 21.7208786011, 24.555316925, 14.6209363937, 25.961391449, 49.1629638672, 48.8549957275, 27.9564723969, 21.7696113586, 28.5338401794, 24.5909957886, 25.3091220856, 18.6309776306, 17.8786678314, 21.761341095, 28.6242465973, 22.703496933, 21.4731693268, 18.1022796631, 19.0233898163, 13.7543239594, 14.5519866943, 10.1962680817, 9.97199821472, 6.22327470779, 4.33301782608, 4.26820373535, 4.46435308456, 4.07513141632, 2.31368613243, 1.15801954269, 0.627637982368, 0.220703527331, 0.00788093730807, 0.000151027430547],
        "var": [1.53370952606, 28.9810256958, 121.140350342, 237.524291992, 1095.1237793, 269.628204346, 471.796539307, 602.963562012, 213.771789551, 673.993835449, 2416.99707031, 2386.81054688, 781.564331055, 473.91595459, 814.179992676, 604.717102051, 640.551635742, 347.113311768, 319.646759033, 473.555999756, 819.34753418, 515.448791504, 461.097015381, 327.6925354, 361.889343262, 189.181427002, 211.7603302, 103.963874817, 99.4407577515, 38.7291488647, 18.7750415802, 18.2175617218, 19.9304485321, 16.6066951752, 5.35314321518, 1.34100925922, 0.393929421902, 0.0487100481987, 6.21091676294e-05, 2.28092851273e-08]
    },
    "gfcc": {
        "mean": [76.138420105, 55.6881523132, -83.1581802368, 55.9420547485, -42.625617981, 18.037525177, -39.856086731, 15.8741941452, -26.7932624817, 7.53363609314, -21.0858097076, 3.30434799194, -13.4163579941],
        "cov": [[653.085327148, -190.096893311, 146.48286438, -268.970489502, 101.228759766, -52.5935554504, -27.1554069519, 43.0948143005, -16.1819667816, 8.04785633087, -32.1768074036, 48.6330947876, -51.8512763977], [-190.096893311, 450.753845215, -206.027328491, 119.73589325, -111.545433044, 14.9741325378, 77.0776901245, -32.8291435242, 11.6104297638, -59.3331756592, 15.7199277878, -65.4720840454, 24.8058357239], [146.48286438, -206.027328491, 394.723815918, -31.4049282074, 162.408706665, -22.6503276825, -50.2057952881, 31.4473056793, 4.8329205513, 44.7914657593, -0.525017797947, 45.3691902161, -17.7177124023], [-268.970489502, 119.73589325, -31.4049282074, 299.670532227, -19.5046615601, 21.2097682953, 4.27182865143, -49.68309021, 33.4917907715, -1.70923995972, 25.9401874542, -20.9343338013, 43.5601081848], [101.228759766, -111.545433044, 162.408706665, -19.5046615601, 192.892929077, 4.27584266663, -9.92094230652, 13.6155929565, 15.0073928833, 32.3490371704, 14.5632591248, 38.4537162781, -2.25610184669], [-52.5935554504, 14.9741325378, -22.6503276825, 21.2097682953, 4.27584266663, 95.3178482056, 58.8127593994, 1.89258491993, -16.1830654144, -10.4119710922, 8.15816116333, 0.661716938019, 6.57576560974], [-27.1554069519, 77.0776901245, -50.2057952881, 4.27182865143, -9.92094230652, 58.8127593994, 102.704551697, 20.5856838226, 0.715595960617, -15.3585796356, 8.47199821472, -5.62404727936, 1.99255812168], [43.0948143005, -32.8291435242, 31.4473056793, -49.68309021, 13.6155929565, 1.89258491993, 20.5856838226, 72.7369918823, 31.3425426483, 22.2622528076, 0.0653588920832, 3.83730483055, -7.02833032608], [-16.1819667816, 11.6104297638, 4.8329205513, 33.4917907715, 15.0073928833, -16.1830654144, 0.715595960617, 31.3425426483, 80.0732116699, 36.1884346008, 10.5676355362, -5.57600879669, 0.102625608444], [8.04785633087, -59.3331756592, 44.7914657593, -1.70923995972, 32.3490371704, -10.4119710922, -15.3585796356, 22.2622528076, 36.1884346008, 61.5108413696, 24.162103653, 18.2826976776, 1.49507808685], [-32.1768074036, 15.7199277878, -0.525017797947, 25.9401874542, 14.5632591248, 8.15816116333, 8.47199821472, 0.0653588920832, 10.5676355362, 24.162103653, 54.0537796021, 30.5410003662, 17.3618659973], [48.6330947876, -65.4720840454, 45.3691902161, -20.9343338013, 38.4537162781, 0.661716938019, -5.62404727936, 3.83730483055, -5.57600879669, 18.2826976776, 30.5410003662, 62.9390029907, 20.9925632477], [-51.8512763977, 24.8058357239, -17.7177124023, 43.5601081848, -2.25610184669, 6.57576560974, 1.99255812168, -7.02833032608, 0.102625608444, 1.49507808685, 17.3618659973, 20.9925632477, 47.6342430115]],
        "icov": [[0.00305943610147, 6.57033815514e-05, -0.000371873145923, 0.00222153798677, -0.000804677605629, 0.00116359628737, -0.000517676235177, 0.000555481179617, -0.000925705768168, 0.000933601229917, 0.00153527059592, -0.00250382977538, 0.00154764996842], [6.57033815514e-05, 0.00548105826601, 0.000657788943499, -0.0002155516122, 0.000604148372076, 0.00259148795158, -0.00383041193709, 0.00154878001194, -0.00188007066026, 0.00495791342109, -0.00597047666088, 0.00662129791453, -0.00317483232357], [-0.000371873145923, 0.000657788943499, 0.00514406245202, -0.00169294432271, -0.00334165524691, 0.000601823441684, 0.00144839868881, -0.00298155122437, 0.0023952475749, -0.00129952246789, 0.00144695781637, -0.0018279789947, 0.00228612846695], [0.00222153798677, -0.0002155516122, -0.00169294432271, 0.0082499589771, 0.000138606163091, -0.00129651743919, -0.000126503960928, 0.006295342464, -0.00592964095995, 0.00189690245315, -0.0023293395061, 0.00334424641915, -0.00519545795396], [-0.000804677605629, 0.000604148372076, -0.00334165524691, 0.000138606163091, 0.00932596810162, -0.0016183758853, -0.00101790146437, 0.0023137787357, -0.00278685474768, -0.000616312667262, -0.000973933900241, -0.00167153147049, -0.000394150294596], [0.00116359628737, 0.00259148795158, 0.000601823441684, -0.00129651743919, -0.0016183758853, 0.0202781334519, -0.0128566678613, 0.000267893687123, 0.00529961194843, -0.000204018127988, -0.00194638769608, 0.00246723159216, -0.00135501509067], [-0.000517676235177, -0.00383041193709, 0.00144839868881, -0.000126503960928, -0.00101790146437, -0.0128566678613, 0.0227240249515, -0.00852883420885, -0.000848072988447, 0.00439781369641, -0.00161764631048, -0.00306765176356, 0.00340859754942], [0.000555481179617, 0.00154878001194, -0.00298155122437, 0.006295342464, 0.0023137787357, 0.000267893687123, -0.00852883420885, 0.0274598486722, -0.0120945544913, -0.00345471454784, 0.00144295976497, 0.00210720323958, -0.00390686653554], [-0.000925705768168, -0.00188007066026, 0.0023952475749, -0.00592964095995, -0.00278685474768, 0.00529961194843, -0.000848072988447, -0.0120945544913, 0.027986895293, -0.0151791209355, 0.00217358209193, 0.00246645254083, 0.00220908038318], [0.000933601229917, 0.00495791342109, -0.00129952246789, 0.00189690245315, -0.000616312667262, -0.000204018127988, 0.00439781369641, -0.00345471454784, -0.0151791209355, 0.0399626530707, -0.0189977586269, 0.0033329455182, -0.000244432216277], [0.00153527059592, -0.00597047666088, 0.00144695781637, -0.0023293395061, -0.000973933900241, -0.00194638769608, -0.00161764631048, 0.00144295976497, 0.00217358209193, -0.0189977586269, 0.0446718931198, -0.0260449461639, 0.0037393446546], [-0.00250382977538, 0.00662129791453, -0.0018279789947, 0.00334424641915, -0.00167153147049, 0.00246723159216, -0.00306765176356, 0.00210720323958, 0.00246645254083, 0.0033329455182, -0.0260449461639, 0.0466491058469, -0.0210676379502], [0.00154764996842, -0.00317483232357, 0.00228612846695, -0.00519545795396, -0.000394150294596, -0.00135501509067, 0.00340859754942, -0.00390686653554, 0.00220908038318, -0.000244432216277, 0.0037393446546, -0.0210676379502, 0.0373066179454]]
    },
    "melbands": {
        "dmean": [0.00507104583085, 0.00313823204488, 0.00195206410717, 0.000877387821674, 0.000399755634135, 0.000244030044996, 0.000122141107568, 0.000104603845102, 0.000103046906588, 8.11395220808e-05, 5.27699558006e-05, 3.25564651575e-05, 2.85676451313e-05, 2.56035600614e-05, 2.60088218056e-05, 2.22598864639e-05, 1.86760807992e-05, 1.53735818458e-05, 1.70771581907e-05, 2.05825053854e-05, 2.04581701837e-05, 1.628008431e-05, 1.6197505829e-05, 1.06468651211e-05, 1.04343835119e-05, 1.18989346447e-05, 8.92501793714e-06, 6.63531181999e-06, 4.99809220855e-06, 4.68542702947e-06, 3.94804374082e-06, 3.44558225152e-06, 2.91692845167e-06, 1.86888382814e-06, 1.4985658936e-06, 1.2796235751e-06, 1.71544047589e-06, 1.72940463017e-06, 1.50451114678e-06, 1.52951247401e-06],
        "dmean2": [0.00829197838902, 0.0050789071247, 0.00325451861136, 0.0014973457437, 0.000650220317766, 0.000405093072914, 0.00020478690567, 0.000161298608873, 0.00015805401199, 0.000127925392007, 8.35619284771e-05, 5.37144478585e-05, 4.63734722871e-05, 4.16680886701e-05, 4.22673183493e-05, 3.66047206626e-05, 3.05862849928e-05, 2.54788574239e-05, 2.82808578049e-05, 3.40447659255e-05, 3.40984952345e-05, 2.7913320082e-05, 2.70824202744e-05, 1.75778095581e-05, 1.7361884602e-05, 2.00900012715e-05, 1.50325840877e-05, 1.13311598398e-05, 8.34669754113e-06, 7.65804998082e-06, 6.60035084366e-06, 5.47219406144e-06, 4.64272352474e-06, 3.1482986742e-06, 2.41857333094e-06, 2.05286664823e-06, 2.83473605123e-06, 2.7944743124e-06, 2.40134386331e-06, 2.46886907007e-06],
        "dvar": [9.19998565223e-05, 1.61469451996e-05, 5.42536417925e-06, 2.55036525232e-06, 2.75134908634e-07, 1.2826868101e-07, 3.09670298293e-08, 4.10344540569e-08, 7.08467169375e-08, 4.13140064381e-08, 1.08718936076e-08, 4.08186950906e-09, 3.8832612681e-09, 2.50132670132e-09, 2.192986015e-09, 1.46025169734e-09, 6.46865505605e-10, 5.26586774185e-10, 4.54222603974e-10, 5.71872327271e-10, 5.41768629958e-10, 3.24455184941e-10, 3.3429420343e-10, 1.47138343176e-10, 1.32634556116e-10, 1.53271076386e-10, 7.77579667322e-11, 7.11490241723e-11, 3.31585175983e-11, 2.90549563575e-11, 1.65428955257e-11, 1.30648547536e-11, 9.82313362596e-12, 5.47198007392e-12, 3.49326036847e-12, 2.42653076452e-12, 4.63814923968e-12, 4.08085674627e-12, 5.61634159318e-12, 5.05216268126e-12],
        "dvar2": [0.000224252100452, 4.05460305046e-05, 1.42959761433e-05, 6.85605436956e-06, 6.69647135965e-07, 3.22108007822e-07, 8.22393104727e-08, 8.87737101607e-08, 1.51323746422e-07, 9.24041785311e-08, 2.26919425472e-08, 1.03108037663e-08, 9.85528281205e-09, 5.65589219903e-09, 4.90656892893e-09, 3.6569371975e-09, 1.57836455017e-09, 1.25007737495e-09, 1.12690501375e-09, 1.53583856743e-09, 1.4470801224e-09, 8.80468087328e-10, 9.02103725053e-10, 3.8585398765e-10, 3.53005430442e-10, 4.14578982255e-10, 2.18036963484e-10, 1.99714036975e-10, 9.00747670896e-11, 7.91115922771e-11, 4.50726400647e-11, 3.02632224836e-11, 2.33682517781e-11, 1.44092663149e-11, 8.2588944364e-12, 5.84362159356e-12, 1.16014324883e-11, 1.06038554673e-11, 1.4181757331e-11, 1.21622208832e-11],
        "max": [0.0553679205477, 0.0351055413485, 0.0243982393295, 0.0190941169858, 0.00610072677955, 0.00470012240112, 0.00226189475507, 0.00376928132027, 0.00496855517849, 0.00325761176646, 0.00212067505345, 0.00121993164066, 0.001259188517, 0.00100474362262, 0.000746859877836, 0.000611421826761, 0.000383507518563, 0.000462751457235, 0.000378341617761, 0.000258508312982, 0.000343509134836, 0.000223265189561, 0.000268887408311, 0.00013993938046, 0.000167323116329, 0.000162057272973, 9.80540789897e-05, 0.000102750185761, 7.22085751477e-05, 8.53483943501e-05, 6.02483123657e-05, 5.79366205784e-05, 4.41571355623e-05, 4.79325462948e-05, 3.936957728e-05, 2.46510717261e-05, 3.96118484787e-05, 3.38175013894e-05, 5.65644259041e-05, 3.29098002112e-05],
        "mean": [0.0067272009328, 0.00647537270561, 0.00335598690435, 0.00124681182206, 0.000657891738228, 0.000403124344302, 0.000189804544789, 0.000173047199496, 0.000163726945175, 0.00012264054385, 8.24131275294e-05, 5.22545160493e-05, 4.44341894763e-05, 4.3601346988e-05, 4.23695782956e-05, 3.67572720279e-05, 3.12674383167e-05, 2.76180835499e-05, 3.18383645208e-05, 4.2282474169e-05, 4.17341834691e-05, 3.432550875e-05, 3.37865349138e-05, 2.13817947952e-05, 2.12901722989e-05, 2.65194630629e-05, 2.03869476536e-05, 1.31034967126e-05, 1.12267780423e-05, 1.15375687528e-05, 9.73194255494e-06, 8.7739990704e-06, 7.07908384356e-06, 4.43518865723e-06, 3.60813555744e-06, 3.32578542839e-06, 4.30244608651e-06, 4.57900068795e-06, 3.97124858864e-06, 3.82696225643e-06],
        "median": [0.00397853041068, 0.00493338890374, 0.0024851441849, 0.000707432511263, 0.000449115090305, 0.00020142851281, 0.000119881100545, 6.98839794495e-05, 4.25920006819e-05, 4.44152756245e-05, 4.06226499763e-05, 2.10282614717e-05, 1.51210451804e-05, 1.85524640983e-05, 2.27754935622e-05, 2.04508851311e-05, 2.03724866878e-05, 1.86362449313e-05, 2.31967078435e-05, 3.1920037145e-05, 3.12629490509e-05, 2.73078330792e-05, 2.77143899439e-05, 1.63840159075e-05, 1.72694508365e-05, 2.20126548811e-05, 1.7589680283e-05, 1.06183942989e-05, 9.0875882961e-06, 8.69331506692e-06, 8.52554330777e-06, 7.47143667468e-06, 5.85008729104e-06, 3.61746492672e-06, 3.04086074721e-06, 2.83930808109e-06, 3.6549631659e-06, 3.92213905798e-06, 3.20380149788e-06, 2.91991273116e-06],
        "min": [2.17836695811e-05, 5.4382115195e-05, 2.55141130765e-05, 2.59122625721e-05, 1.01714949778e-05, 3.61704019269e-06, 2.9097600418e-06, 2.52006952906e-06, 1.56238002091e-06, 1.02254966805e-06, 7.75262833486e-07, 8.07406422609e-07, 7.22019649402e-07, 8.88662214038e-07, 1.90355081031e-06, 1.40889949307e-06, 8.06757043392e-07, 1.31502656586e-06, 1.15658303912e-06, 1.96679616238e-06, 2.00846307052e-06, 1.74714557488e-06, 2.42706482823e-06, 1.10370604034e-06, 1.28383783249e-06, 1.48624621943e-06, 9.11656002245e-07, 1.13573366889e-06, 7.35536218599e-07, 6.40412167741e-07, 4.43266657157e-07, 9.98563109533e-07, 4.78853507957e-07, 1.37784098797e-07, 5.3947033507e-08, 5.47445537791e-08, 4.05515265811e-08, 2.76911773511e-08, 2.61987658234e-08, 2.10441637449e-08],
        "stdev": [0.00926732178777, 0.00525092845783, 0.00291157420725, 0.00162999227177, 0.000695171940606, 0.000523566559423, 0.000216301181354, 0.000332812254783, 0.000415378599428, 0.000285101035843, 0.000141427153721, 9.11851457204e-05, 9.40011377679e-05, 8.20524801384e-05, 6.25847824267e-05, 5.38992826478e-05, 3.59739460691e-05, 3.14746066579e-05, 2.86946433334e-05, 3.41580234817e-05, 3.46447159245e-05, 2.51461096923e-05, 2.37829190155e-05, 1.71170686372e-05, 1.56414771482e-05, 1.66245899891e-05, 1.1811850527e-05, 9.53088874667e-06, 8.24165454105e-06, 9.01263229025e-06, 6.05028708378e-06, 5.56730310564e-06, 4.87867373522e-06, 3.33046227752e-06, 2.65052358372e-06, 2.30288446801e-06, 3.03637671095e-06, 3.18999514093e-06, 3.58593706551e-06, 3.57029307452e-06],
        "var": [8.58832572703e-05, 2.75722486549e-05, 8.47726460051e-06, 2.6568748126e-06, 4.83263988826e-07, 2.74121930488e-07, 4.67862015796e-08, 1.10763998862e-07, 1.72539373011e-07, 8.12826002061e-08, 2.00016412322e-08, 8.31473023766e-09, 8.83621442682e-09, 6.73260913686e-09, 3.91685484047e-09, 2.90513280099e-09, 1.29412480732e-09, 9.90650783628e-10, 8.23382528825e-10, 1.16677045803e-09, 1.20025644978e-09, 6.32326857541e-10, 5.65627267246e-10, 2.92994045692e-10, 2.44655795623e-10, 2.76377004615e-10, 1.3951981237e-10, 9.08378441911e-11, 6.79248740587e-11, 8.12275385842e-11, 3.66059751955e-11, 3.09948663957e-11, 2.38014573328e-11, 1.10919788979e-11, 7.02527489307e-12, 5.30327691484e-12, 9.21958343003e-12, 1.01760691887e-11, 1.28589439444e-11, 1.27469926975e-11]
    },
    "melbands128": {
