{
"lowlevel": {
    "average_loudness": 0.945984899998,
    "barkbands_crest": {
        "dmean": 2.54933977127,
        "dmean2": 3.8057923317,
        "dvar": 7.45435380936,
        "dvar2": 13.7698249817,
        "max": 26.7551460266,
        "mean": 10.2548160553,
        "median": 7.90403604507,
        "min": 2.43844437599,
        "stdev": 6.28303146362,
        "var": 39.4764823914
    },
    "barkbands_flatness_db": {
        "dmean": 0.0240514501929,
        "dmean2": 0.0306948050857,
        "dvar": 0.000888913345989,
        "dvar2": 0.00117366923951,
        "max": 0.439505755901,
        "mean": 0.153840586543,
        "median": 0.137398287654,
        "min": 0.037817902863,
        "stdev": 0.0729762464762,
        "var": 0.00532553251833
    },
    "barkbands_kurtosis": {
        "dmean": 5.25933218002,
        "dmean2": 7.09243440628,
        "dvar": 388.962524414,
        "dvar2": 716.500427246,
        "max": 426.314117432,
        "mean": 5.95413970947,
        "median": -0.843561649323,
        "min": -1.85089588165,
        "stdev": 26.7766227722,
        "var": 716.987548828
    },
    "barkbands_skewness": {
        "dmean": 0.71255749464,
        "dmean2": 0.948861837387,
        "dvar": 1.03256702423,
        "dvar2": 1.57777512074,
        "max": 1.89446389675,
        "mean": -0.951826512814,
        "median": -0.412005275488,
        "min": -18.9860591888,
        "stdev": 2.10622215271,
        "var": 4.43617200851
    },
    "barkbands_spread": {
        "dmean": 6.27264022827,
        "dmean2": 9.35121250153,
        "dvar": 60.8411445618,
        "dvar2": 106.495811462,
        "max": 60.1429901123,
        "mean": 28.3379917145,
        "median": 30.5647392273,
        "min": 0.3469414711,
        "stdev": 15.3526659012,
        "var": 235.704360962
    },
    "dissonance": {
        "dmean": 0.00786799751222,
        "dmean2": 0.0137344682589,
        "dvar": 8.56524929986e-05,
        "dvar2": 0.000231116515351,
        "max": 0.499999433756,
        "mean": 0.488828837872,
        "median": 0.492194920778,
        "min": 0.406088113785,
        "stdev": 0.0104580577463,
        "var": 0.00010937096522
    },
    "dynamic_complexity": 2.36213564873,
    "erbbands_crest": {
        "dmean": 3.0789399147,
        "dmean2": 4.34008455276,
        "dvar": 10.5636377335,
        "dvar2": 15.3396892548,
        "max": 34.6059951782,
        "mean": 13.8900327682,
        "median": 10.3880386353,
        "min": 3.06123113632,
        "stdev": 8.75301551819,
        "var": 76.6152801514
    },
    "erbbands_flatness_db": {
        "dmean": 0.0268222149462,
        "dmean2": 0.0321681164205,
        "dvar": 0.00114208832383,
        "dvar2": 0.00145866419189,
        "max": 0.525078475475,
        "mean": 0.248729228973,
        "median": 0.231050804257,
        "min": 0.112121328712,
        "stdev": 0.0825617164373,
        "var": 0.00681643653661
    },
    "erbbands_kurtosis": {
        "dmean": 4.01940345764,
        "dmean2": 5.99240779877,
        "dvar": 90.8723602295,
        "dvar2": 197.856735229,
        "max": 151.818969727,
        "mean": 6.47481250763,
        "median": 2.52526378632,
        "min": -1.12506914139,
        "stdev": 13.9345331192,
        "var": 194.171218872
    },
    "erbbands_skewness": {
        "dmean": 0.505094528198,
        "dmean2": 0.762391328812,
        "dvar": 0.317237764597,
        "dvar2": 0.661071658134,
        "max": 1.50686001778,
        "mean": -1.51994144917,
        "median": -1.33099997044,
        "min": -8.67151546478,
        "stdev": 1.25006580353,
        "var": 1.56266438961
    },
    "erbbands_spread": {
        "dmean": 5.39001941681,
        "dmean2": 7.78800106049,
        "dvar": 34.5718269348,
        "dvar2": 69.6314239502,
        "max": 58.8245391846,
        "mean": 18.9937705994,
        "median": 18.3041172028,
        "min": 0.257589161396,
        "stdev": 11.4502010345,
        "var": 131.10710144
    },
    "hfc": {
        "dmean": 6.09135484695,
        "dmean2": 8.40420341492,
        "dvar": 54.2430419922,
        "dvar2": 113.884407043,
        "max": 135.183547974,
        "mean": 26.1027851105,
        "median": 21.1604423523,
        "min": 1.11461722851,
        "stdev": 20.1613063812,
        "var": 406.478271484
    },
    "loudness_ebu128": {
        "integrated": -18.3688240051,
        "loudness_range": 3.29163360596,
        "momentary": {
            "dmean": 0.664713323116,
            "dmean2": 0.842345118523,
            "dvar": 0.348969399929,
            "dvar2": 0.590998888016,
            "max": -14.2893371582,
            "mean": -18.7706642151,
            "median": -18.8935241699,
            "min": -23.4475364685,
            "stdev": 1.8717007637,
            "var": 3.50326371193
        },
        "short_term": {
            "dmean": 0.0977222695947,
            "dmean2": 0.0862038955092,
            "dvar": 0.00588823901489,
            "dvar2": 0.00632855622098,
            "max": -16.366651535,
            "mean": -18.4221954346,
            "median": -18.2240905762,
            "min": -21.2467422485,
            "stdev": 1.17986881733,
            "var": 1.3920904398
        }
    },
    "melbands_crest": {
        "dmean": 3.55335068703,
        "dmean2": 5.52379894257,
        "dvar": 9.78925609589,
        "dvar2": 23.7910900116,
        "max": 27.5380115509,
        "mean": 13.8912134171,
        "median": 13.0618076324,
        "min": 3.69471955299,
        "stdev": 5.67512845993,
        "var": 32.2070808411
    },
    "melbands_flatness_db": {
        "dmean": 0.0237664170563,
        "dmean2": 0.0333271510899,
        "dvar": 0.000624406035058,
        "dvar2": 0.00110982614569,
        "max": 0.419738590717,
        "mean": 0.169499412179,
        "median": 0.161945104599,
        "min": 0.032372482121,
        "stdev": 0.0641952306032,
        "var": 0.00412102788687
    },
    "melbands_kurtosis": {
        "dmean": 2.84853506088,
        "dmean2": 4.23860025406,
        "dvar": 40.2960128784,
        "dvar2": 75.3699111938,
        "max": 116.229301453,
        "mean": 2.60360336304,
        "median": 0.0268170833588,
        "min": -1.86862444878,
        "stdev": 8.93588638306,
        "var": 79.8500671387
    },
    "melbands_skewness": {
        "dmean": 0.718889355659,
        "dmean2": 0.982361495495,
        "dvar": 0.657671630383,
        "dvar2": 1.09428274632,
        "max": 3.82216978073,
        "mean": 0.250202804804,
        "median": 0.547562420368,
        "min": -9.96710777283,
        "stdev": 1.79548668861,
        "var": 3.22377252579
    },
    "melbands_spread": {
        "dmean": 12.692278862,
        "dmean2": 19.8538398743,
        "dvar": 166.407897949,
        "dvar2": 379.013305664,
        "max": 105.416488647,
        "mean": 51.6193771362,
        "median": 52.4716072083,
        "min": 2.23088860512,
        "stdev": 22.7195720673,
        "var": 516.178955078
    },
    "pitch_salience": {
        "dmean": 0.0726817175746,
        "dmean2": 0.109009496868,
        "dvar": 0.0045215645805,
        "dvar2": 0.00878998078406,
        "max": 0.820290327072,
        "mean": 0.522586226463,
        "median": 0.549992799759,
        "min": 0.063917517662,
        "stdev": 0.140401214361,
        "var": 0.0197125021368
    },
    "silence_rate_20dB": {
        "dmean": 0,
        "dmean2": 0,
        "dvar": 0,
        "dvar2": 0,
        "max": 1,
        "mean": 1,
        "median": 1,
        "min": 1,
        "stdev": 0,
        "var": 0
    },
    "silence_rate_30dB": {
        "dmean": 0,
        "dmean2": 0,
        "dvar": 0,
        "dvar2": 0,
        "max": 1,
        "mean": 1,
        "median": 1,
        "min": 1,
        "stdev": 0,
        "var": 0
    },
    "silence_rate_60dB": {
        "dmean": 0.0165118686855,
        "dmean2": 0.0330407842994,
        "dvar": 0.0162393320352,
        "dvar2": 0.0350460298359,
        "max": 1,
        "mean": 0.0391954630613,
        "median": 0,
        "min": 0,
        "stdev": 0.194054573774,
        "var": 0.0376571752131
    },
    "spectral_centroid": {
        "dmean": 170.302856445,
        "dmean2": 272.192169189,
        "dvar": 29282.5683594,
        "dvar2": 75625.5625,
        "max": 3508.42358398,
        "mean": 2461.8125,
        "median": 2488.98535156,
        "min": 723.713623047,
        "stdev": 334.292816162,
        "var": 111751.679688
    },
    "spectral_complexity": {
        "dmean": 5.08359146118,
        "dmean2": 7.01239013672,
        "dvar": 34.0900192261,
        "dvar2": 54.5130996704,
        "max": 55,
        "mean": 23.3445072174,
        "median": 23,
        "min": 1,
        "stdev": 13.0796785355,
        "var": 171.077987671
    },
    "spectral_decrease": {
        "dmean": 9.1661600532e-10,
        "dmean2": 1.32968702715e-09,
        "dvar": 1.33196230809e-18,
        "dvar2": 2.43092024533e-18,
        "max": -1.13885852138e-10,
        "mean": -3.25393401113e-09,
        "median": -2.73784506177e-09,
        "min": -1.28445201142e-08,
        "stdev": 2.12994333282e-09,
        "var": 4.53665883466e-18
    },
    "spectral_energy": {
        "dmean": 0.00387328187935,
        "dmean2": 0.00552555266768,
        "dvar": 2.27272412303e-05,
        "dvar2": 4.00394674216e-05,
        "max": 0.0514819808304,
        "mean": 0.014648694545,
        "median": 0.0122636668384,
        "min": 0.000530930468813,
        "stdev": 0.00950153078884,
        "var": 9.02790852706e-05
    },
    "spectral_energyband_high": {
        "dmean": 0.000435864931205,
        "dmean2": 0.000630753871519,
        "dvar": 8.91151159976e-07,
        "dvar2": 1.97774511435e-06,
        "max": 0.0143815847114,
        "mean": 0.000915537762921,
        "median": 0.000244536640821,
        "min": 2.14235046769e-06,
        "stdev": 0.00189997337293,
        "var": 3.60989861292e-06
    },
    "spectral_energyband_low": {
        "dmean": 0.00190735491924,
        "dmean2": 0.00299185072072,
        "dvar": 9.34921354201e-06,
        "dvar2": 2.07827833947e-05,
        "max": 0.027781765908,
        "mean": 0.00249843904749,
        "median": 0.00120414956473,
        "min": 4.09040058003e-06,
        "stdev": 0.00370451388881,
        "var": 1.37234237627e-05
    },
    "spectral_energyband_middle_high": {
        "dmean": 0.00181892886758,
        "dmean2": 0.00268276128918,
        "dvar": 3.20651906804e-06,
        "dvar2": 7.61280125516e-06,
        "max": 0.0276258718222,
        "mean": 0.00880631245673,
        "median": 0.00785481836647,
        "min": 0.000381377874874,
        "stdev": 0.0054735946469,
        "var": 2.99602397718e-05
    },
    "spectral_energyband_middle_low": {
        "dmean": 0.0019261763664,
        "dmean2": 0.00289389281534,
        "dvar": 9.45364172367e-06,
        "dvar2": 2.06655131478e-05,
        "max": 0.0304499305785,
        "mean": 0.00366718391888,
        "median": 0.00282041309401,
        "min": 2.61614786723e-06,
        "stdev": 0.00389830791391,
        "var": 1.51968051796e-05
    },
    "spectral_entropy": {
        "dmean": 0.178682953119,
        "dmean2": 0.204517245293,
        "dvar": 0.057124517858,
        "dvar2": 0.0666488930583,
        "max": 8.25892829895,
        "mean": 7.3488445282,
        "median": 7.51239585876,
        "min": 4.43892765045,
        "stdev": 0.637656807899,
        "var": 0.40660622716
    },
    "spectral_flux": {
        "dmean": 0.0152747472748,
        "dmean2": 0.0225844010711,
        "dvar": 0.000284840061795,
        "dvar2": 0.000527451746166,
        "max": 0.187624588609,
        "mean": 0.0688851848245,
        "median": 0.0668135583401,
        "min": 0.00817654188722,
        "stdev": 0.0339988432825,
        "var": 0.00115592125803
    },
    "spectral_kurtosis": {
        "dmean": 3.73649168015,
        "dmean2": 5.95047998428,
        "dvar": 25.273393631,
        "dvar2": 49.195098877,
        "max": 74.5591812134,
        "mean": 8.46229362488,
        "median": 5.44160461426,
        "min": 0.72816324234,
        "stdev": 8.91381168365,
        "var": 79.4560470581
    },
    "spectral_rms": {
        "dmean": 0.000483062554849,
        "dmean2": 0.0006857420085,
        "dvar": 2.83329796957e-07,
        "dvar2": 4.95172116644e-07,
        "max": 0.00708705326542,
        "mean": 0.00358321983367,
        "median": 0.00345898140222,
        "min": 0.000719708914403,
        "stdev": 0.00120496854652,
        "var": 1.45194917422e-06
    },
    "spectral_rolloff": {
        "dmean": 280.142242432,
        "dmean2": 475.943756104,
        "dvar": 135693.578125,
        "dvar2": 352140.15625,
        "max": 6610.69335938,
        "mean": 2945.62426758,
        "median": 2820.84960938,
        "min": 667.529296875,
        "stdev": 713.55645752,
        "var": 509162.84375
    },
    "spectral_skewness": {
        "dmean": 0.356159180403,
        "dmean2": 0.55682182312,
        "dvar": 0.163877740502,
        "dvar2": 0.312778264284,
        "max": 5.92797708511,
        "mean": 1.31217443943,
        "median": 1.1465408802,
        "min": -0.0514235906303,
        "stdev": 0.808854460716,
        "var": 0.654245555401
    },
    "spectral_spread": {
        "dmean": 331455.25,
        "dmean2": 447151.75,
        "dvar": 174634614784,
        "dvar2": 255065702400,
        "max": 8494382,
        "mean": 2502455.75,
        "median": 2263198.25,
        "min": 898994.75,
        "stdev": 882409.375,
        "var": 778646257664
    },
    "spectral_strongpeak": {
        "dmean": 1.22040700912,
        "dmean2": 1.98336982727,
        "dvar": 2.52925515175,
        "dvar2": 4.97014904022,
        "max": 15.2597370148,
        "mean": 2.77768588066,
        "median": 1.38664829731,
        "min": 0,
        "stdev": 3.08795309067,
        "var": 9.53545379639
    },
    "zerocrossingrate": {
        "dmean": 0.00671222945675,
        "dmean2": 0.00800735875964,
        "dvar": 3.75351664843e-05,
        "dvar2": 5.47876261408e-05,
        "max": 0.2158203125,
        "mean": 0.0978526696563,
        "median": 0.09716796875,
        "min": 0.02685546875,
        "stdev": 0.0229174531996,
        "var": 0.000525209703483
    },
    "barkbands": {
        "dmean": [7.93940125732e-05, 0.000326082168613, 0.000916915887501, 0.0014335749438, 0.000475192326121, 0.000196861394215, 8.12829821371e-05, 9.92406567093e-05, 0.000251411984209, 0.000320301594911, 0.000162766940775, 0.000203386734938, 0.000504403491504, 0.000301644409774, 0.000380719429813, 0.000368744978914, 0.000900023733266, 0.000490149424877, 0.000334175594617, 0.0002421480458, 0.000154697961989, 0.000142025310197, 6.21664657956e-05, 4.15665235778e-05, 1.61085372383e-05, 4.70670966024e-06, 3.17999337085e-07],
        "dmean2": [0.00013342605962, 0.000575043959543, 0.00155981606804, 0.00231300853193, 0.000754338339902, 0.000317159370752, 0.000130588086904, 0.000169725724845, 0.000402956240578, 0.000515759689733, 0.000257347710431, 0.000322507519741, 0.000807958829682, 0.00048344550305, 0.000599030288868, 0.000579729327001, 0.00118555943482, 0.000786055345088, 0.000525608949829, 0.000383637321647, 0.000233530940022, 0.000220417728997, 9.61540281423e-05, 6.06282592344e-05, 2.30373734667e-05, 6.43297244096e-06, 5.22298762462e-07],
        "dvar": [2.55595242749e-08, 4.38907221678e-07, 2.11132351069e-06, 8.62984325067e-06, 5.35332219442e-07, 1.0356622937e-07, 2.06985877327e-08, 4.07325124741e-08, 2.0418092106e-07, 7.07066249106e-07, 1.73177440388e-07, 2.72173025451e-07, 3.55486889703e-07, 3.87607769881e-07, 4.95166489145e-07, 3.66161572174e-07, 1.38775931191e-06, 3.91960782054e-07, 1.97007409497e-07, 1.35381981181e-07, 8.90629081596e-08, 1.30762529693e-07, 2.74548579426e-08, 1.08071231963e-08, 1.5736002501e-09, 1.30028501855e-10, 1.15186755533e-12],
        "dvar2": [6.67159198997e-08, 1.16219064239e-06, 5.55011592951e-06, 2.09470927075e-05, 1.29594195641e-06, 2.81906238797e-07, 5.30845056801e-08, 1.07880062217e-07, 4.99713166846e-07, 1.90864579963e-06, 3.85008746662e-07, 6.21169306214e-07, 8.80954246441e-07, 9.44076646192e-07, 1.22859967178e-06, 9.11134065973e-07, 2.31355465985e-06, 9.4083861768e-07, 4.9987318107e-07, 3.17780916248e-07, 2.07763434901e-07, 3.12312124606e-07, 7.15293708708e-08, 2.40250486172e-08, 3.39212968825e-09, 2.47905057593e-10, 3.28332066396e-12],
        "max": [0.00164849730209, 0.00435117539018, 0.013810666278, 0.0270423162729, 0.00814376585186, 0.00489242747426, 0.00186427030712, 0.0028389277868, 0.00887304265052, 0.0139509243891, 0.0103519102558, 0.0101865092292, 0.00831212196499, 0.00863268040121, 0.0112904096022, 0.00944019854069, 0.0222906451672, 0.00828280299902, 0.00703049637377, 0.00652899779379, 0.00412864238024, 0.00459888530895, 0.00411434052512, 0.00257819471881, 0.000969614135101, 0.000338814395946, 1.98299621843e-05],
        "mean": [7.27939186618e-05, 0.000281771935988, 0.00100775877945, 0.00181952910498, 0.000677900330629, 0.000323729327647, 0.000109353350126, 0.000114215472422, 0.000449866696727, 0.000595456513111, 0.000212841900066, 0.00041141116526, 0.000821489084046, 0.000540270761121, 0.000711511704139, 0.000739841547329, 0.00276721408591, 0.00103254907299, 0.000729801075067, 0.000493138737511, 0.000291035714326, 0.000204779222258, 0.000119473181257, 7.72875791881e-05, 3.32161507686e-05, 1.00965344245e-05, 3.91761290075e-07],
        "median": [1.17986073747e-05, 5.04438139615e-05, 0.000358684686944, 0.000997578026727, 0.000379052828066, 0.000198730442207, 3.66519598174e-05, 2.56028379226e-05, 0.000236710024183, 5.46548399143e-05, 4.54092478321e-05, 8.62115703057e-05, 0.000567034527194, 0.000147094047861, 0.000220342044486, 0.000377084274078, 0.00119163212366, 0.000782690534834, 0.000531678029802, 0.000312398071401, 0.000112887435535, 2.69878128165e-05, 7.06562104824e-06, 3.34474111696e-06, 1.37341999107e-06, 3.56022979986e-07, 2.10450732396e-08],
        "min": [1.93237053026e-08, 1.32793024932e-06, 6.1410716512e-08, 4.13211509454e-08, 2.23572101277e-07, 3.30926503977e-08, 3.16820880641e-08, 1.53820263193e-08, 1.35458913064e-06, 5.26504742027e-08, 6.2167700321e-08, 1.99477170781e-07, 2.13389357668e-05, 2.18386475126e-07, 6.19490492682e-07, 2.98061308968e-06, 5.47092240595e-05, 6.61004924041e-06, 2.44828811446e-07, 3.54674028813e-07, 6.19366346655e-07, 2.59954333615e-07, 5.93013105288e-08, 3.51210793781e-08, 2.34084822637e-08, 2.62460027045e-08, 7.51671724863e-10],
        "stdev": [0.000155338741024, 0.000586263893638, 0.0015744123375, 0.00303170643747, 0.000891279429197, 0.000426263082772, 0.000180211762199, 0.000251533696428, 0.000711528991815, 0.00142332422547, 0.000582106004003, 0.00103686354123, 0.00085826771101, 0.000999157084152, 0.00123083835933, 0.00103277293965, 0.00336396996863, 0.000992784625851, 0.000795485451818, 0.000611642317381, 0.000498002220411, 0.000497013039421, 0.000356908742106, 0.000216545071453, 9.40034296946e-05, 3.19973551086e-05, 1.3938564507e-06],
        "var": [2.4130123677e-08, 3.43705352179e-07, 2.47877437687e-06, 9.19124431675e-06, 7.94379047875e-07, 1.81700215762e-07, 3.24762794435e-08, 6.32691978808e-08, 5.0627352266e-07, 2.02585169973e-06, 3.38847399917e-07, 1.07508606106e-06, 7.36623462672e-07, 9.9831481748e-07, 1.51496305989e-06, 1.06661991595e-06, 1.13162932394e-05, 9.85621227301e-07, 6.32797082289e-07, 3.74106321033e-07, 2.48006188031e-07, 2.47021972655e-07, 1.27383842141e-07, 4.68917704666e-08, 8.83664519336e-09, 1.02383079792e-09, 1.94283586614e-12]
    },
    "erbbands": {
        "dmean": [0.0073717487976, 0.0892112925649, 0.747915804386, 3.52476334572, 2.41417217255, 1.5855255127, 2.05012345314, 1.41541445255, 1.21679151058, 1.38195157051, 2.56657671928, 5.82653808594, 8.46802520752, 8.8425655365, 6.48216629028, 9.23897838593, 24.6193027496, 11.9929904938, 17.588766098, 19.8618469238, 17.7968101501, 54.7776679993, 23.3116569519, 23.1830463409, 12.9494094849, 10.1035270691, 7.98859071732, 5.50939750671, 5.51765918732, 3.10067915916, 1.60532224178, 0.930768609047, 0.684173822403, 0.255483359098, 0.0831704512239, 0.0237551126629, 0.00852704979479, 0.00155549088959, 3.5209402995e-05, 6.07857509749e-06],
        "dmean2": [0.01294115372, 0.155998796225, 1.2800797224, 5.47518539429, 3.89615535736, 2.56454205513, 3.39319396019, 2.31929445267, 1.99058008194, 2.30738282204, 4.32593774796, 9.6539068222, 13.4829416275, 14.1966667175, 10.1590824127, 14.5913696289, 39.4084091187, 18.6097068787, 26.783575058, 31.8305015564, 27.4079837799, 69.5109634399, 36.7794456482, 36.4473075867, 20.3326663971, 15.9116010666, 12.1639041901, 8.37888336182, 8.45721912384, 4.87016630173, 2.45219731331, 1.38606083393, 1.01377463341, 0.368232309818, 0.115532524884, 0.0341893211007, 0.0114520015195, 0.00227442313917, 5.15682804689e-05, 8.25733786769e-06],
        "dvar": [0.00019710198103, 0.0331646837294, 1.53188741207, 45.9962425232, 17.0512218475, 7.5648226738, 13.2760076523, 6.46053028107, 4.67457151413, 7.34697771072, 23.343038559, 106.906524658, 462.773101807, 739.590515137, 160.095199585, 500.225494385, 830.643310547, 616.37878418, 1372.05944824, 1094.88317871, 867.835021973, 5752.53027344, 760.76965332, 810.548400879, 300.143585205, 262.927001953, 225.365432739, 152.434738159, 210.743408203, 70.7216796875, 17.7722682953, 6.20373821259, 3.03041148186, 0.358223468065, 0.0449480973184, 0.00341489026323, 0.00052867399063, 2.43504091486e-05, 1.01137489494e-08, 6.70218880394e-11],
        "dvar2": [0.000519087072462, 0.0885835587978, 4.09056138992, 103.691986084, 41.787612915, 18.1715621948, 34.9207229614, 17.8860168457, 11.9599866867, 18.7827987671, 60.6164665222, 264.82131958, 1237.37695312, 1952.06677246, 385.012207031, 1136.71777344, 2057.19628906, 1471.96130371, 3361.41821289, 2920.81713867, 2059.85131836, 8456.60742188, 1830.13330078, 2050.97680664, 730.049682617, 610.201171875, 514.747314453, 359.595153809, 504.753936768, 185.953155518, 43.5325584412, 13.7511892319, 6.88404226303, 0.751461029053, 0.0947661101818, 0.00725646829233, 0.000923017272726, 5.83277869737e-05, 2.38726727275e-08, 1.14547059338e-10],
        "max": [0.12425840646, 1.39335441589, 13.2801580429, 63.6509971619, 38.2303390503, 36.0185279846, 44.72423172, 51.0996284485, 26.681180954, 52.6489067078, 80.1973419189, 177.8228302, 338.214080811, 512.434143066, 244.883117676, 503.933776855, 416.777893066, 467.944000244, 621.375427246, 483.816589355, 536.520263672, 1492.51977539, 487.336273193, 336.704101562, 252.566650391, 292.450714111, 245.488189697, 205.118972778, 176.27822876, 160.003387451, 97.8768005371, 63.6541366577, 41.2183761597, 12.7093782425, 5.30119562149, 1.43763315678, 0.645841538906, 0.156119808555, 0.00307076843455, 0.000166661644471],
        "mean": [0.00664597284049, 0.0807638242841, 0.834900319576, 4.52953100204, 3.3189804554, 2.19591331482, 3.06633353233, 2.22041130066, 1.77116692066, 1.75883162022, 3.76447677612, 10.3831005096, 15.8975400925, 15.9230928421, 10.5396966934, 19.7027187347, 40.6487350464, 24.9087562561, 36.0589637756, 40.6127433777, 45.1970787048, 177.445922852, 67.4189605713, 51.4193191528, 30.7620983124, 21.8145427704, 15.3323383331, 9.33816719055, 7.6149687767, 5.20189762115, 2.97019386292, 1.69797492027, 1.22162878513, 0.528334677219, 0.163740158081, 0.0459250509739, 0.0182848908007, 0.00301615614444, 7.49492755858e-05, 2.28702192544e-05],
        "median": [0.0012805321021, 0.017974730581, 0.317784130573, 2.31276273727, 1.83003556728, 1.07549846172, 1.51220774651, 1.34764206409, 0.659366726875, 0.627288162708, 1.40657281876, 6.34396839142, 2.03376936913, 2.09361839294, 2.89469361305, 7.70433807373, 28.7460174561, 8.79668807983, 9.76730728149, 20.7222270966, 27.3160953522, 69.2201156616, 53.2599754333, 41.5073204041, 21.8467941284, 13.7325057983, 7.13914442062, 2.06739234924, 1.05372726917, 0.389850318432, 0.158391371369, 0.0923096090555, 0.0455342307687, 0.0205758661032, 0.00737620936707, 0.00201373640448, 0.000587442249525, 0.000103950427729, 1.20763461382e-05, 1.67905018316e-05],
        "min": [5.27945740032e-05, 0.000195176398847, 0.000217919674469, 0.000220395770157, 0.000728073529899, 0.000764257332776, 0.000659972778521, 0.000371811183868, 0.00061245955294, 0.00076190487016, 0.0063337944448, 0.0349521674216, 0.00553769571707, 0.00509896920994, 0.020077271387, 0.234619066119, 1.1082611084, 0.144533842802, 0.0749731436372, 0.249384060502, 1.06305408478, 3.6175699234, 2.3670437336, 0.327462315559, 0.0541910417378, 0.0373516194522, 0.0241995248944, 0.0315985158086, 0.0112142851576, 0.00166958244517, 0.00147146091331, 0.000809499528259, 0.000659307057504, 0.000282601366052, 0.000160295792739, 0.000134956891998, 3.52714559995e-05, 1.12054804049e-05, 1.01945352071e-06, 7.71232009811e-07],
        "stdev": [0.0129614807665, 0.161513164639, 1.28464639187, 7.52063751221, 4.57923412323, 3.39684915543, 4.38426208496, 3.26009559631, 2.84220504761, 3.28099274635, 6.6992893219, 15.1283330917, 34.3484306335, 44.3501701355, 21.7579307556, 43.2310523987, 41.3747138977, 43.5164794922, 65.1480331421, 53.764881134, 53.2598075867, 223.133529663, 51.1818733215, 46.4504852295, 33.7042808533, 27.8449954987, 23.8962059021, 20.5454082489, 18.2665519714, 15.071972847, 8.52985572815, 4.81399822235, 3.48945832253, 1.4929831028, 0.465739697218, 0.132310435176, 0.0598910748959, 0.0108052706346, 0.000225291529205, 1.99772366614e-05],
        "var": [0.000167999984114, 0.0260865017772, 1.65031647682, 56.5599899292, 20.9693832397, 11.5385837555, 19.2217559814, 10.6282234192, 8.07812976837, 10.764913559, 44.8804779053, 228.866455078, 1179.8145752, 1966.93774414, 473.407562256, 1868.92382812, 1711.86682129, 1893.68395996, 4244.26660156, 2890.66235352, 2836.60717773, 49788.5742188, 2619.58422852, 2157.64770508, 1135.97851562, 775.34375, 571.028625488, 422.113769531, 333.666900635, 227.164352417, 72.7584457397, 23.174577713, 12.1763191223, 2.22899842262, 0.216913476586, 0.0175060518086, 0.00358694093302, 0.000116753864859, 5.07562738505e-08, 3.99089955527e-10]
    },
    "gfcc": {
        "mean": [-46.0403442383, 76.6330795288, -176.655838013, 49.4901580811, -31.4938526154, -1.54595220089, -34.4131584167, 3.68709731102, -27.3398342133, -11.6810712814, -20.1970214844, -5.49807548523, -15.5465326309],
        "cov": [[6210.60742188, -457.307769775, 1079.10461426, 340.794128418, -1245.55456543, 609.014892578, -294.750976562, -120.113983154, -638.100646973, 193.981185913, -195.889831543, -314.855224609, 30.6356315613], [-457.307769775, 1578.38000488, -55.1262588501, 75.5877227783, 217.779388428, -419.464630127, 121.209671021, -368.625152588, -207.876403809, -90.3191680908, 29.4967441559, -194.30291748, 4.07334709167], [1079.10461426, -55.1262588501, 512.442260742, 295.890258789, -181.622695923, 130.334716797, -59.5211334229, -23.5746326447, -167.015045166, 22.8529472351, -85.8327484131, -81.9330444336, -93.6139373779], [340.794128418, 75.5877227783, 295.890258789, 425.767059326, -23.8459644318, -45.2121009827, -0.952823519707, -88.5813293457, -162.250152588, 5.42950296402, -35.9296035767, -88.513130188, -82.7551574707], [-1245.55456543, 217.779388428, -181.622695923, -23.8459644318, 388.381286621, -102.965713501, 75.9915771484, 5.78886604309, 112.024246216, -53.7614517212, 32.7647514343, 45.8497047424, -27.6375522614], [609.014892578, -419.464630127, 130.334716797, -45.2121009827, -102.965713501, 313.103363037, -21.5341529846, 113.814064026, 35.75623703, 37.0704345703, -22.6967983246, 23.7072124481, -17.2058601379], [-294.750976562, 121.209671021, -59.5211334229, -0.952823519707, 75.9915771484, -21.5341529846, 113.859008789, 3.4112944603, 15.516998291, -8.17257213593, -1.48061048985, -1.0337870121, -8.49404239655], [-120.113983154, -368.625152588, -23.5746326447, -88.5813293457, 5.78886604309, 113.814064026, 3.4112944603, 207.549133301, 157.182495117, 17.9665718079, 6.83445739746, 76.1117935181, 11.2120256424], [-638.100646973, -207.876403809, -167.015045166, -162.250152588, 112.024246216, 35.75623703, 15.516998291, 157.182495117, 251.721374512, 13.7714319229, 31.0502262115, 105.951507568, 29.8596839905], [193.981185913, -90.3191680908, 22.8529472351, 5.42950296402, -53.7614517212, 37.0704345703, -8.17257213593, 17.9665718079, 13.7714319229, 74.9450683594, 23.7168159485, 6.65353918076, 7.89784765244], [-195.889831543, 29.4967441559, -85.8327484131, -35.9296035767, 32.7647514343, -22.6967983246, -1.48061048985, 6.83445739746, 31.0502262115, 23.7168159485, 88.9242706299, 41.8030815125, 26.4235877991], [-314.855224609, -194.30291748, -81.9330444336, -88.513130188, 45.8497047424, 23.7072124481, -1.0337870121, 76.1117935181, 105.951507568, 6.65353918076, 41.8030815125, 131.87387085, 45.179775238], [30.6356315613, 4.07334709167, -93.6139373779, -82.7551574707, -27.6375522614, -17.2058601379, -8.49404239655, 11.2120256424, 29.8596839905, 7.89784765244, 26.4235877991, 45.179775238, 87.8388824463]],
        "icov": [[0.00106430356391, -0.000392279558582, -0.000624438223895, -6.27527551842e-05, 0.00194202840794, -0.00156120816246, 0.000897851830814, -0.000603419495746, 0.00146542000584, -0.00100925413426, 0.000697549257893, 0.000687275372911, -0.00157928664703], [-0.000392279558582, 0.00469563761726, -0.00569868320599, 0.00375310867094, -0.00325271789916, 0.00464264815673, -0.0057515273802, 0.00671704532579, -0.00366552476771, 0.00387688516639, -0.00654989946634, 0.00800988916308, -0.00539805227891], [-0.000624438223895, -0.00569868320599, 0.0154392654076, -0.0086331544444, 0.00359284924343, -0.00639878865331, 0.00889379065484, -0.00943601690233, 0.00595343345776, -0.00528781209141, 0.0116586834192, -0.0131510356441, 0.0124531220645], [-6.27527551842e-05, 0.00375310867094, -0.0086331544444, 0.00902628432959, -0.00346130342223, 0.00540307583287, -0.00546264555305, 0.00502260588109, -0.000946957676206, 0.00162948539946, -0.00633095949888, 0.00733201857656, -0.00374041683972], [0.00194202840794, -0.00325271789916, 0.00359284924343, -0.00346130342223, 0.0106655014679, -0.00469011440873, 0.00258576008491, -0.00287577370182, 0.00104371493217, -7.43283890188e-05, 0.0031851590611, -0.00472136074677, 0.00421795761213], [-0.00156120816246, 0.00464264815673, -0.00639878865331, 0.00540307583287, -0.00469011440873, 0.0117140710354, -0.00645991973579, 0.00370646920055, -0.00395700428635, 0.00279859406874, -0.00618549250066, 0.00565767427906, -0.0016346287448], [0.000897851830814, -0.0057515273802, 0.00889379065484, -0.00546264555305, 0.00258576008491, -0.00645991973579, 0.0183357242495, -0.00974421482533, 0.00675374176353, -0.00662209745497, 0.0104243718088, -0.0091384248808, 0.00671471655369], [-0.000603419495746, 0.00671704532579, -0.00943601690233, 0.00502260588109, -0.00287577370182, 0.00370646920055, -0.00974421482533, 0.0232205409557, -0.0145978927612, 0.00735268881544, -0.00988776702434, 0.00980529654771, -0.00727817881852], [0.00146542000584, -0.00366552476771, 0.00595343345776, -0.000946957676206, 0.00104371493217, -0.00395700428635, 0.00675374176353, -0.0145978927612, 0.0197395328432, -0.00886021275073, 0.0084492880851, -0.00930617470294, 0.00351264723577], [-0.00100925413426, 0.00387688516639, -0.00528781209141, 0.00162948539946, -7.43283890188e-05, 0.00279859406874, -0.00662209745497, 0.00735268881544, -0.00886021275073, 0.023888008669, -0.0137072447687, 0.00800539553165, -0.00411223806441], [0.000697549257893, -0.00654989946634, 0.0116586834192, -0.00633095949888, 0.0031851590611, -0.00618549250066, 0.0104243718088, -0.00988776702434, 0.0084492880851, -0.0137072447687, 0.0282884687185, -0.0166607815772, 0.0070017776452], [0.000687275372911, 0.00800988916308, -0.0131510356441, 0.00733201857656, -0.00472136074677, 0.00565767427906, -0.0091384248808, 0.00980529654771, -0.00930617470294, 0.00800539553165, -0.0166607815772, 0.0315314903855, -0.0189942661673], [-0.00157928664703, -0.00539805227891, 0.0124531220645, -0.00374041683972, 0.00421795761213, -0.0016346287448, 0.00671471655369, -0.00727817881852, 0.00351264723577, -0.00411223806441, 0.0070017776452, -0.0189942661673, 0.0313578732312]]
    },
    "melbands": {
        "dmean": [7.73276260588e-05, 0.000315974553814, 0.000535896571819, 0.000114945840323, 7.16779322829e-05, 3.21197512676e-05, 1.80686201929e-05, 1.63964377862e-05, 2.48917276622e-05, 3.70620582544e-05, 4.37990383944e-05, 3.80422898161e-05, 2.14518713619e-05, 2.40568697336e-05, 4.74876760563e-05, 3.89407505281e-05, 2.47911266342e-05, 3.06645742967e-05, 3.02334683511e-05, 2.83939152723e-05, 2.37829772232e-05, 5.77750106459e-05, 3.53062387148e-05, 2.47054686042e-05, 2.09646404983e-05, 1.01264431578e-05, 1.13408341349e-05, 6.17777868683e-06, 5.7273055063e-06, 3.82092230211e-06, 3.26992062583e-06, 3.74943283532e-06, 2.03356830752e-06, 1.71733427123e-06, 1.05481240098e-06, 6.23857602022e-07, 5.99431643877e-07, 5.58862609523e-07, 3.21614578525e-07, 2.01988811455e-07],
        "dmean2": [0.000133725290652, 0.000530642049853, 0.000831248937175, 0.000179592621862, 0.000118819720228, 5.23344715475e-05, 2.93726498057e-05, 2.77258131973e-05, 4.14803580497e-05, 5.97784201091e-05, 7.00843156665e-05, 6.15343815298e-05, 3.38607460435e-05, 3.75491872546e-05, 7.52774358261e-05, 6.23088344582e-05, 3.85419189115e-05, 4.7179088142e-05, 4.77742214571e-05, 4.48845858045e-05, 3.60775775334e-05, 7.39375027479e-05, 5.04619492858e-05, 4.01060169679e-05, 3.34604046657e-05, 1.6119227439e-05, 1.81993746082e-05, 9.83901645668e-06, 8.83921893546e-06, 5.91907610215e-06, 5.03126375406e-06, 5.87159956922e-06, 3.13303553412e-06, 2.73820592156e-06, 1.62768913015e-06, 9.35808373015e-07, 9.0830320687e-07, 8.39595486468e-07, 4.82097448185e-07, 3.02947825048e-07],
        "dvar": [2.2506201347e-08, 2.60164597421e-07, 9.93089429357e-07, 3.17265929084e-08, 1.5499765027e-08, 3.03316349815e-09, 1.00363373168e-09, 1.01542618758e-09, 1.83731518888e-09, 4.76871786503e-09, 1.23786243478e-08, 1.33610269515e-08, 2.0149826252e-09, 4.08592004675e-09, 3.59694340979e-09, 2.71327071921e-09, 2.74260525401e-09, 4.79857931168e-09, 3.31448446467e-09, 2.29813101882e-09, 1.78925385619e-09, 6.30774277255e-09, 1.80176862319e-09, 9.19498088781e-10, 6.81074918685e-10, 2.89268720088e-10, 2.15257159319e-10, 1.3749051897e-10, 1.24348323305e-10, 5.97394772539e-11, 6.20304849153e-11, 1.03380685956e-10, 2.8432169813e-11, 2.56499717299e-11, 7.93255912346e-12, 3.10766039638e-12, 2.9374020577e-12, 2.15237615057e-12, 5.96987032291e-13, 2.73998651459e-13],
        "dvar2": [5.86365906941e-08, 6.62510956317e-07, 2.28026465265e-06, 7.26459461475e-08, 4.08491196424e-08, 8.40562996984e-09, 2.57263987891e-09, 2.6501323358e-09, 4.78304018614e-09, 1.16079661439e-08, 3.37120837912e-08, 3.52048132868e-08, 4.78778972024e-09, 8.86148043833e-09, 8.96497809322e-09, 6.83217971087e-09, 6.44706732444e-09, 1.17205116723e-08, 8.21187207123e-09, 6.04449335029e-09, 4.13969436508e-09, 1.00493364741e-08, 3.55291218668e-09, 2.38697106525e-09, 1.77218162367e-09, 7.75811970222e-10, 5.47249967564e-10, 3.18723408776e-10, 2.88516877056e-10, 1.47248782612e-10, 1.51280252214e-10, 2.50873266605e-10, 6.90215107291e-11, 7.16057629857e-11, 1.9706647772e-11, 7.14072464353e-12, 7.06261958638e-12, 5.11678676859e-12, 1.3014325945e-12, 6.15397760962e-13],
        "max": [0.00101519771852, 0.00498947640881, 0.00966516230255, 0.00192863447592, 0.00163996312767, 0.00104543962516, 0.000408538180636, 0.000635452801362, 0.000714435998816, 0.0012992953416, 0.00175164209213, 0.00221588928252, 0.000724154349882, 0.00153574615251, 0.000857672770508, 0.000898517784663, 0.0010600569658, 0.00118828739505, 0.00100331264548, 0.000814293744043, 0.000877946265973, 0.0015139398165, 0.000680506811477, 0.000319233629853, 0.000303439795971, 0.000310403673211, 0.000161858682986, 0.000237259999267, 0.000188996345969, 0.000101362995338, 0.000121235614643, 0.000119657204777, 7.79039619374e-05, 9.73460846581e-05, 5.55956830794e-05, 4.25764374086e-05, 4.78266047139e-05, 3.34391552315e-05, 1.39972316902e-05, 1.24944972413e-05],
        "mean": [7.12521796231e-05, 0.000374921917683, 0.000719265080988, 0.000171830994077, 0.000105451697891, 5.19980094396e-05, 2.60318174696e-05, 1.96191613213e-05, 3.83428596251e-05, 6.52753151371e-05, 8.04271621746e-05, 6.76144845784e-05, 3.05171979562e-05, 4.68288599222e-05, 7.97244065325e-05, 6.69544970151e-05, 4.50627558166e-05, 5.69357034692e-05, 5.45128277736e-05, 5.29448807356e-05, 4.711694055e-05, 0.000177061461727, 0.000106031729956, 4.91199098178e-05, 4.18759227614e-05, 2.14442789002e-05, 2.29528377531e-05, 1.19278374768e-05, 1.0191543879e-05, 6.88677346261e-06, 4.89933427161e-06, 4.86897488372e-06, 2.90858292828e-06, 2.93425364362e-06, 1.80640620329e-06, 1.17565741675e-06, 9.6565554486e-07, 9.40547522532e-07, 5.79366712827e-07, 4.1037981191e-07],
        "median": [1.37756705954e-05, 0.000150650012074, 0.000423988240073, 9.5706403954e-05, 5.88684852119e-05, 3.26824483636e-05, 9.60029137786e-06, 5.83066957915e-06, 1.77275851456e-05, 3.61452039215e-05, 8.63934383233e-06, 7.41492931411e-06, 7.62599984228e-06, 9.37892764341e-06, 5.19933419127e-05, 4.38632232544e-05, 1.25188371385e-05, 1.32579434649e-05, 1.89916445379e-05, 2.63383117272e-05, 2.41227844526e-05, 6.62497404846e-05, 6.16245961282e-05, 3.91935536754e-05, 3.27070010826e-05, 1.40274223668e-05, 1.67396610777e-05, 6.44057445243e-06, 4.73285808766e-06, 2.43376439357e-06, 8.63420098085e-07, 7.07668050381e-07, 2.6006765097e-07, 1.8634575838e-07, 8.71507666034e-08, 7.68136132479e-08, 4.53890862673e-08, 3.30243210556e-08, 2.24514860037e-08, 1.52784807028e-08],
        "min": [2.94673469625e-07, 2.5498627565e-07, 8.88360176532e-08, 4.44155077162e-08, 3.94271353343e-08, 7.60917906462e-09, 8.35966673662e-09, 5.03497865623e-09, 8.86302515823e-08, 2.12721189996e-07, 1.06419957291e-08, 1.01466186564e-08, 1.72541394505e-08, 1.76311907296e-08, 1.80597646704e-06, 1.60730417065e-06, 2.38259190155e-08, 3.05739753514e-08, 6.69586768254e-08, 1.08629599538e-07, 3.67120918554e-07, 2.33030596064e-06, 2.91107676276e-06, 2.7204981734e-07, 2.05729353553e-08, 1.21501821937e-08, 1.25240173787e-08, 5.88946669211e-09, 7.3727619565e-09, 1.41000970899e-08, 1.44926035617e-08, 5.9768638927e-09, 2.46617642974e-10, 4.67864247344e-10, 6.40900499338e-10, 4.52878928803e-10, 5.2062232303e-10, 3.44144657216e-10, 3.23932325408e-10, 1.95918711809e-10],
        "stdev": [0.0001383615745, 0.000558641389944, 0.00111260602716, 0.000222753820708, 0.000143656259752, 7.23970661056e-05, 4.11730143242e-05, 3.82420803362e-05, 6.18913763901e-05, 0.000103099089756, 0.000178467002115, 0.000190942446352, 6.75715200487e-05, 0.000127351479023, 9.4716262538e-05, 8.01226560725e-05, 8.75975674717e-05, 0.000111140361696, 9.17136712815e-05, 7.72564671934e-05, 7.27887963876e-05, 0.000226262083743, 0.000104622529761, 4.5659373427e-05, 4.01580364269e-05, 2.92586028081e-05, 2.36887408391e-05, 1.87202986126e-05, 1.6520922145e-05, 1.26552431539e-05, 1.17315930765e-05, 1.19661472127e-05, 7.55608971303e-06, 9.28852296056e-06, 5.17688158652e-06, 3.59389832738e-06, 2.77496224044e-06, 2.76083324025e-06, 1.57183092142e-06, 1.23622862702e-06],
        "var": [1.91439255559e-08, 3.12080175036e-07, 1.23789220652e-06, 4.96192633648e-08, 2.06371222333e-08, 5.24133492164e-09, 1.6952169668e-09, 1.46245660027e-09, 3.83054210573e-09, 1.06294226754e-08, 3.1850468929e-08, 3.64590171387e-08, 4.56591076059e-09, 1.62183990682e-08, 8.97117047316e-09, 6.41964037484e-09, 7.67333396823e-09, 1.23521806117e-08, 8.41139691232e-09, 5.96856120083e-09, 5.29820853856e-09, 5.11945295045e-08, 1.09458744291e-08, 2.08477834995e-09, 1.6126677771e-09, 8.56065884847e-10, 5.61156454637e-10, 3.50449558262e-10, 2.7294089211e-10, 1.60155180784e-10, 1.37630268293e-10, 1.43188669255e-10, 5.70944923284e-11, 8.62766524889e-11, 2.68001038028e-11, 1.2916105685e-11, 7.70041582582e-12, 7.62219974637e-12, 2.47065237192e-12, 1.52826134994e-12]
    },
    "melbands128": {
