{
"lowlevel": {
    "average_loudness": 0.938174247742,
    "barkbands_crest": {
        "dmean": 2.64747953415,
        "dmean2": 4.14301300049,
        "dvar": 6.93702793121,
        "dvar2": 15.0643539429,
        "max": 26.1126022339,
        "mean": 9.769490242,
        "median": 7.86890697479,
        "min": 2.47897863388,
        "stdev": 5.52073812485,
        "var": 30.4785499573
    },
    "barkbands_flatness_db": {
        "dmean": 0.0205886289477,
        "dmean2": 0.0297155175358,
        "dvar": 0.000352778326487,
        "dvar2": 0.000756987836212,
        "max": 0.330222338438,
        "mean": 0.130529299378,
        "median": 0.121832199395,
        "min": 0.0387455560267,
        "stdev": 0.0438306666911,
        "var": 0.00192112720106
    },
    "barkbands_kurtosis": {
        "dmean": 2.44787621498,
        "dmean2": 3.66124081612,
        "dvar": 26.2716369629,
        "dvar2": 48.7662620544,
        "max": 114.221122742,
        "mean": 2.9171705246,
        "median": 0.393813371658,
        "min": -1.72187888622,
        "stdev": 8.20609855652,
        "var": 67.3400497437
    },
    "barkbands_skewness": {
        "dmean": 0.510522007942,
        "dmean2": 0.769144594669,
        "dvar": 0.319944351912,
        "dvar2": 0.667139112949,
        "max": 9.97894859314,
        "mean": 1.25149941444,
        "median": 1.03041946888,
        "min": -1.59755730629,
        "stdev": 1.0952283144,
        "var": 1.19952499866
    },
    "barkbands_spread": {
        "dmean": 4.49689531326,
        "dmean2": 6.88878822327,
        "dvar": 22.4967098236,
        "dvar2": 51.9083747864,
        "max": 67.2196426392,
        "mean": 20.3973846436,
        "median": 20.9271202087,
        "min": 0.917424082756,
        "stdev": 9.77125453949,
        "var": 95.4774169922
    },
    "dissonance": {
        "dmean": 0.018117537722,
        "dmean2": 0.0301490630955,
        "dvar": 0.000363121042028,
        "dvar2": 0.000957150012255,
        "max": 0.500000119209,
        "mean": 0.463873833418,
        "median": 0.471796929836,
        "min": 0.272202342749,
        "stdev": 0.028827207163,
        "var": 0.000831007841043
    },
    "dynamic_complexity": 2.85699033737,
    "erbbands_crest": {
        "dmean": 3.01649856567,
        "dmean2": 4.62122774124,
        "dvar": 10.4736652374,
        "dvar2": 21.6488571167,
        "max": 33.2227325439,
        "mean": 10.5283622742,
        "median": 7.56279182434,
        "min": 2.61355185509,
        "stdev": 6.98764801025,
        "var": 48.8272247314
    },
    "erbbands_flatness_db": {
        "dmean": 0.0173752084374,
        "dmean2": 0.0239437501878,
        "dvar": 0.000291456613922,
        "dvar2": 0.000516743748449,
        "max": 0.374403506517,
        "mean": 0.184753358364,
        "median": 0.179537713528,
        "min": 0.0971614047885,
        "stdev": 0.041224103421,
        "var": 0.00169942679349
    },
    "erbbands_kurtosis": {
        "dmean": 1.26054501534,
        "dmean2": 1.85293459892,
        "dvar": 7.85541582108,
        "dvar2": 14.2478551865,
        "max": 61.2574081421,
        "mean": 0.827054023743,
        "median": -0.53620672226,
        "min": -1.62993550301,
        "stdev": 4.49899816513,
        "var": 20.240983963
    },
    "erbbands_skewness": {
        "dmean": 0.444079726934,
        "dmean2": 0.656465232372,
        "dvar": 0.215137213469,
        "dvar2": 0.441883444786,
        "max": 7.31211948395,
        "mean": 0.490832358599,
        "median": 0.212569892406,
        "min": -1.60509848595,
        "stdev": 1.08119320869,
        "var": 1.1689786911
    },
    "erbbands_spread": {
        "dmean": 5.73191928864,
        "dmean2": 8.58220863342,
        "dvar": 31.19389534,
        "dvar2": 66.543586731,
        "max": 95.3681259155,
        "mean": 32.2917938232,
        "median": 33.2461967468,
        "min": 2.65670752525,
        "stdev": 11.9166059494,
        "var": 142.005493164
    },
    "hfc": {
        "dmean": 4.43018245697,
        "dmean2": 5.99615573883,
        "dvar": 26.6188373566,
        "dvar2": 50.7929992676,
        "max": 78.9253005981,
        "mean": 16.4898757935,
        "median": 13.6994228363,
        "min": 1.19933803752e-16,
        "stdev": 11.642080307,
        "var": 135.538024902
    },
    "loudness_ebu128": {
        "integrated": -9.17591953278,
        "loudness_range": 2.21811676025,
        "momentary": {
            "dmean": 0.805998265743,
            "dmean2": 0.96698063612,
            "dvar": 0.611824810505,
            "dvar2": 0.856030523777,
            "max": -5.22207260132,
            "mean": -9.59706115723,
            "median": -9.37986660004,
            "min": -15.2672519684,
            "stdev": 1.97279012203,
            "var": 3.89190077782
        },
        "short_term": {
            "dmean": 0.106424361467,
            "dmean2": 0.123469360173,
            "dvar": 0.00865755602717,
            "dvar2": 0.00915033835918,
            "max": -7.82912635803,
            "mean": -9.20296192169,
            "median": -9.14183998108,
            "min": -10.9597558975,
            "stdev": 0.760501086712,
            "var": 0.578361928463
        }
    },
    "melbands_crest": {
        "dmean": 3.09960389137,
        "dmean2": 4.99903583527,
        "dvar": 9.88737678528,
        "dvar2": 22.1263027191,
        "max": 33.7969589233,
        "mean": 12.3848390579,
        "median": 10.2803916931,
        "min": 2.30404090881,
        "stdev": 6.16474533081,
        "var": 38.0040855408
    },
    "melbands_flatness_db": {
        "dmean": 0.0219900235534,
        "dmean2": 0.0330816395581,
        "dvar": 0.000474679691251,
        "dvar2": 0.00105218833778,
        "max": 0.35501652956,
        "mean": 0.157634019852,
        "median": 0.148191660643,
        "min": 0.00775837013498,
        "stdev": 0.046169474721,
        "var": 0.00213162042201
    },
    "melbands_kurtosis": {
        "dmean": 4.72176790237,
        "dmean2": 7.16806650162,
        "dvar": 89.3137359619,
        "dvar2": 176.469985962,
        "max": 258.72833252,
        "mean": 7.86888313293,
        "median": 4.02957105637,
        "min": -1.40440058708,
        "stdev": 14.2604656219,
        "var": 203.360870361
    },
    "melbands_skewness": {
        "dmean": 0.566929221153,
        "dmean2": 0.87068349123,
        "dvar": 0.423747122288,
        "dvar2": 0.918987870216,
        "max": 12.7778549194,
        "mean": 1.95383012295,
        "median": 1.77007484436,
        "min": -0.724621415138,
        "stdev": 1.08671677113,
        "var": 1.18095326424
    },
    "melbands_spread": {
        "dmean": 7.37568616867,
        "dmean2": 11.431558609,
        "dvar": 65.9166564941,
        "dvar2": 149.260635376,
        "max": 115.689750671,
        "mean": 26.8107433319,
        "median": 25.3809490204,
        "min": 1.01454639435,
        "stdev": 15.4047489166,
        "var": 237.306289673
    },
    "pitch_salience": {
        "dmean": 0.0733313560486,
        "dmean2": 0.115710519254,
        "dvar": 0.00504260556772,
        "dvar2": 0.0115245645866,
        "max": 0.933310389519,
        "mean": 0.586906731129,
        "median": 0.620337843895,
        "min": 0.0606789253652,
        "stdev": 0.14292486012,
        "var": 0.0204275175929
    },
    "silence_rate_20dB": {
        "dmean": 0,
        "dmean2": 0,
        "dvar": 0,
        "dvar2": 0,
        "max": 1,
        "mean": 1,
        "median": 1,
        "min": 1,
        "stdev": 0,
        "var": 0
    },
    "silence_rate_30dB": {
        "dmean": 0.00103092787322,
        "dmean2": 0.00206291908398,
        "dvar": 0.00102987210266,
        "dvar2": 0.00205868855119,
        "max": 1,
        "mean": 0.998969614506,
        "median": 1,
        "min": 0,
        "stdev": 0.0320833735168,
        "var": 0.00102934276219
    },
    "silence_rate_60dB": {
        "dmean": 0.0242268033326,
        "dmean2": 0.0484785959125,
        "dvar": 0.0236401390284,
        "dvar2": 0.0512854866683,
        "max": 1,
        "mean": 0.033487893641,
        "median": 0,
        "min": 0,
        "stdev": 0.179907053709,
        "var": 0.0323665477335
    },
    "spectral_centroid": {
        "dmean": 259.967803955,
        "dmean2": 397.614257812,
        "dvar": 89386.7265625,
        "dvar2": 166740.390625,
        "max": 10567.6962891,
        "mean": 1577.71923828,
        "median": 1554.89233398,
        "min": 366.498565674,
        "stdev": 593.57244873,
        "var": 352328.21875
    },
    "spectral_complexity": {
        "dmean": 3.50206184387,
        "dmean2": 5.34657049179,
        "dvar": 10.2613191605,
        "dvar2": 20.921672821,
        "max": 41,
        "mean": 21.1107673645,
        "median": 21,
        "min": 0,
        "stdev": 6.51828479767,
        "var": 42.4880371094
    },
    "spectral_decrease": {
        "dmean": 1.6090109245e-09,
        "dmean2": 2.26656182711e-09,
        "dvar": 4.60362489551e-18,
        "dvar2": 9.4181899462e-18,
        "max": -1.8221149853e-30,
        "mean": -4.65972860297e-09,
        "median": -3.06774561309e-09,
        "min": -3.17383417325e-08,
        "stdev": 4.24157020618e-09,
        "var": 1.79909185883e-17
    },
    "spectral_energy": {
        "dmean": 0.0064238095656,
        "dmean2": 0.00900945067406,
        "dvar": 7.22160984878e-05,
        "dvar2": 0.00014715611178,
        "max": 0.126946523786,
        "mean": 0.019082525745,
        "median": 0.012828880921,
        "min": 1.08852218786e-20,
        "stdev": 0.0169772095978,
        "var": 0.000288225652184
    },
    "spectral_energyband_high": {
        "dmean": 0.000116268616694,
        "dmean2": 0.000163886565133,
        "dvar": 3.69496113706e-08,
        "dvar2": 7.55214699666e-08,
        "max": 0.00419581774622,
        "mean": 0.000365321233403,
        "median": 0.000306581321638,
        "min": 7.65984999199e-21,
        "stdev": 0.000290423515253,
        "var": 8.43458138888e-08
    },
    "spectral_energyband_low": {
        "dmean": 0.000475476670545,
        "dmean2": 0.00077893724665,
        "dvar": 6.36980757918e-07,
        "dvar2": 1.5700129552e-06,
        "max": 0.00763674778864,
        "mean": 0.000855172693264,
        "median": 0.000620289181825,
        "min": 5.48831483908e-23,
        "stdev": 0.00092196802143,
        "var": 8.50025003274e-07
    },
    "spectral_energyband_middle_high": {
        "dmean": 0.00119418918621,
        "dmean2": 0.0016949508572,
        "dvar": 2.877539373e-06,
        "dvar2": 5.48082016394e-06,
        "max": 0.0308404620737,
        "mean": 0.00390437105671,
        "median": 0.00318834651262,
        "min": 1.75805627166e-21,
        "stdev": 0.0030376741197,
        "var": 9.22746403376e-06
    },
    "spectral_energyband_middle_low": {
        "dmean": 0.00594502268359,
        "dmean2": 0.00860786717385,
        "dvar": 7.23846533219e-05,
        "dvar2": 0.000150737469085,
        "max": 0.125328585505,
        "mean": 0.0142749566585,
        "median": 0.00735517125577,
        "min": 3.92541806007e-22,
        "stdev": 0.016222672537,
        "var": 0.000263175083091
    },
    "spectral_entropy": {
        "dmean": 0.123596198857,
        "dmean2": 0.181151494384,
        "dvar": 0.014063950628,
        "dvar2": 0.0275447014719,
        "max": 9.79526901245,
        "mean": 7.54499864578,
        "median": 7.58899116516,
        "min": 6.16429758072,
        "stdev": 0.264643222094,
        "var": 0.0700360387564
    },
    "spectral_flux": {
        "dmean": 0.0217891335487,
        "dmean2": 0.0329672209918,
        "dvar": 0.000612415373325,
        "dvar2": 0.00137066643219,
        "max": 0.240405216813,
        "mean": 0.0711642429233,
        "median": 0.0611933246255,
        "min": 1.0433226505e-10,
        "stdev": 0.0393085852265,
        "var": 0.00154516485054
    },
    "spectral_kurtosis": {
        "dmean": 1.47957277298,
        "dmean2": 2.56570672989,
        "dvar": 1.84967362881,
        "dvar2": 5.51272010803,
        "max": 17.3265399933,
        "mean": 4.32506418228,
        "median": 4.09714508057,
        "min": -1.26101458073,
        "stdev": 1.73586916924,
        "var": 3.01324176788
    },
    "spectral_rms": {
        "dmean": 0.000685827282723,
        "dmean2": 0.000945754814893,
        "dvar": 6.09037954291e-07,
        "dvar2": 1.15549983093e-06,
        "max": 0.0111288037151,
        "mean": 0.00394980469719,
        "median": 0.00353779317811,
        "min": 3.25879254137e-12,
        "stdev": 0.0017367079854,
        "var": 3.01615455101e-06
    },
    "spectral_rolloff": {
        "dmean": 472.62121582,
        "dmean2": 764.102050781,
        "dvar": 436591.53125,
        "dvar2": 807374.75,
        "max": 19379.8828125,
        "mean": 1826.73364258,
        "median": 1744.18945312,
        "min": 193.798828125,
        "stdev": 1042.24707031,
        "var": 1086279
    },
    "spectral_skewness": {
        "dmean": 0.205893009901,
        "dmean2": 0.336177527905,
        "dvar": 0.0320872105658,
        "dvar2": 0.0855252146721,
        "max": 3.46624159813,
        "mean": 1.3820912838,
        "median": 1.3828984499,
        "min": 0.0456709973514,
        "stdev": 0.318340778351,
        "var": 0.101340845227
    },
    "spectral_spread": {
        "dmean": 354706.96875,
        "dmean2": 513805.84375,
        "dvar": 665373507584,
        "dvar2": 1.11621046272e+12,
        "max": 46061372,
        "mean": 3704911.75,
        "median": 3618738.25,
        "min": 2025543.375,
        "stdev": 1431599.75,
        "var": 2.0494778368e+12
    },
    "spectral_strongpeak": {
        "dmean": 0.628914654255,
        "dmean2": 0.945945441723,
        "dvar": 0.622302472591,
        "dvar2": 1.28855407238,
        "max": 7.83096456528,
        "mean": 1.47304224968,
        "median": 0.850122392178,
        "min": 0,
        "stdev": 1.55182337761,
        "var": 2.40815591812
    },
    "zerocrossingrate": {
        "dmean": 0.00800000969321,
        "dmean2": 0.00990941468626,
        "dvar": 0.000138541581691,
        "dvar2": 0.000232180173043,
        "max": 0.4921875,
        "mean": 0.0634217187762,
        "median": 0.06298828125,
        "min": 0.01513671875,
        "stdev": 0.0243178084493,
        "var": 0.000591355841607
    },
    "barkbands": {
        "dmean": [2.27685559366e-05, 0.000126476734295, 0.000244161579758, 0.000462828727905, 0.00128839665558, 0.00123620324302, 0.000898653001059, 0.00200725812465, 0.00274521880783, 0.000297142891213, 0.000257869862253, 0.000201114686206, 0.000283959147055, 0.000283843430225, 0.000187131081475, 0.000132400135044, 0.000194889275008, 0.000147105471115, 0.000143452110933, 9.82862911769e-05, 4.03614758397e-05, 2.34268372878e-05, 1.83584306797e-05, 2.08561450563e-05, 7.89887235442e-06, 3.90279774365e-06, 7.89657619293e-08],
        "dmean2": [3.96379546146e-05, 0.000200858834432, 0.000414835638367, 0.000793918850832, 0.00208884524181, 0.001897961949, 0.00150358257815, 0.00281842518598, 0.0041004200466, 0.000425063073635, 0.000409794913139, 0.000314536038786, 0.000445897749159, 0.00042550303624, 0.000283480330836, 0.000206095675821, 0.000316330464557, 0.000236867883359, 0.000222606220632, 0.000156122463522, 6.3349987613e-05, 3.52815732185e-05, 2.62528265011e-05, 3.01723375742e-05, 1.12118386824e-05, 5.74537898501e-06, 1.33651340661e-07],
        "dvar": [7.9229147687e-09, 6.64074732981e-08, 1.76017820763e-07, 7.85790291502e-07, 8.01336682343e-06, 8.09007451608e-06, 5.55657379664e-06, 3.07969712594e-05, 3.8992267946e-05, 1.05639537651e-06, 5.9109902395e-07, 2.38030537503e-07, 3.97298094867e-07, 5.89539979501e-07, 1.26631519493e-07, 3.00784286367e-08, 6.70285231763e-08, 4.07372304778e-08, 3.58665026567e-08, 1.63663376185e-08, 2.74444134085e-09, 1.66133073964e-09, 2.17749418496e-09, 5.83909320895e-09, 3.16186105076e-10, 5.98240415539e-11, 3.77345385299e-14],
        "dvar2": [2.16872191316e-08, 1.51889295807e-07, 4.86398562316e-07, 2.05429751077e-06, 1.84172604349e-05, 1.82010317076e-05, 1.41081718539e-05, 4.77376306662e-05, 8.51646036608e-05, 1.91547223949e-06, 1.41834186707e-06, 5.42906946066e-07, 9.6115593351e-07, 1.1697222817e-06, 2.56548787547e-07, 6.29155891829e-08, 1.75840725092e-07, 9.36851449751e-08, 7.7561438161e-08, 3.95581771784e-08, 6.37960750893e-09, 3.64256336205e-09, 4.23100754432e-09, 1.26009682688e-08, 6.84757583969e-10, 1.36348168867e-10, 9.56737469739e-14],
        "max": [0.00100748846307, 0.0031669489108, 0.00494953524321, 0.00878771487623, 0.0528021529317, 0.0638890787959, 0.0392470471561, 0.120239078999, 0.0749660283327, 0.0274379402399, 0.0215048287064, 0.0117715978995, 0.0130788385868, 0.0117520345375, 0.00797986332327, 0.00294727343135, 0.00427010469139, 0.00416597072035, 0.00439216382802, 0.00201988290064, 0.00138145824894, 0.000802830851171, 0.00109223776963, 0.00174085970502, 0.000557499181014, 0.000105099970824, 2.92151912618e-06],
        "mean": [1.59857736435e-05, 0.000180069575435, 0.000413749861764, 0.000629976275377, 0.00201742071658, 0.00195847428404, 0.0011665772181, 0.0034825024195, 0.00487129203975, 0.000543876609299, 0.000394116941607, 0.000336846365826, 0.000432207161793, 0.000448597362265, 0.000399723998271, 0.000272262404906, 0.000383927894291, 0.000323108921293, 0.000311697687721, 0.00024411288905, 0.000106772582512, 5.29737299075e-05, 3.78707482014e-05, 3.81249010388e-05, 1.46599732034e-05, 5.56789973416e-06, 7.57886411407e-08],
        "median": [8.56750602907e-07, 9.16461431189e-05, 0.000250095443334, 0.00027215317823, 0.00067526253406, 0.000879084749613, 0.000409586267779, 0.000479095149785, 0.000992457615212, 0.000137201292091, 0.000204647614737, 0.00016044707445, 0.000230446836213, 0.000190445935004, 0.000236599924392, 0.000178497139132, 0.000298088096315, 0.000245376082603, 0.000227807220654, 0.0001888776751, 8.28350603115e-05, 3.88613589166e-05, 2.46722702286e-05, 2.27367945627e-05, 8.69152154337e-06, 1.89014372154e-06, 9.06097863407e-09],
        "min": [1.8043769313e-24, 1.58934409816e-23, 2.26683220083e-23, 2.80806651246e-23, 1.46385147427e-23, 6.0522001872e-23, 9.23170027916e-23, 9.48891374156e-23, 9.31835696514e-23, 2.75330915267e-23, 1.09506464932e-22, 1.72641199366e-22, 4.75361270599e-23, 8.92118758747e-23, 1.50875113352e-22, 4.07917424491e-22, 1.85771227464e-22, 1.86445040895e-22, 2.81694428998e-22, 4.14574072623e-22, 4.80637475256e-22, 3.45324706919e-22, 5.1475004223e-22, 6.8855601681e-22, 1.33230816733e-21, 1.72630574356e-21, 2.5757132e-21],
        "stdev": [7.21504402463e-05, 0.000280378124444, 0.000473725667689, 0.000933075789362, 0.00374456238933, 0.00352285569534, 0.00289693195373, 0.0104616638273, 0.010695357807, 0.00185056286864, 0.000828578078654, 0.000662032340188, 0.000736826390494, 0.000956613454036, 0.000543648668099, 0.000296804355457, 0.000329591683112, 0.000316749355989, 0.000314059085213, 0.000208566169022, 9.35880016186e-05, 5.43024834769e-05, 5.75563135499e-05, 8.48192139529e-05, 2.17378837988e-05, 9.37585900829e-06, 1.92136056398e-07],
        "var": [5.2056861044e-09, 7.86118974361e-08, 2.24415998673e-07, 8.7063040155e-07, 1.40217471198e-05, 1.2410511772e-05, 8.39221502247e-06, 0.000109446402348, 0.000114390677481, 3.42458292835e-06, 6.86541625328e-07, 4.38286804183e-07, 5.42913141999e-07, 9.15109353627e-07, 2.95553888918e-07, 8.80928254787e-08, 1.08630672457e-07, 1.00330154851e-07, 9.8633115897e-08, 4.34998455034e-08, 8.75871375428e-09, 2.94875968088e-09, 3.31272920207e-09, 7.19429937845e-09, 4.72535566232e-10, 8.7906730506e-11, 3.69162640452e-14]
    },
    "erbbands": {
        "dmean": [0.00448145298287, 0.0273407045752, 0.205263182521, 0.9148914814, 3.06163692474, 5.01611185074, 8.85995197296, 9.61557102203, 10.1187200546, 19.0836448669, 57.1683921814, 68.6658248901, 12.7727928162, 8.29416942596, 8.74216938019, 7.98950004578, 12.4679603577, 10.0085897446, 14.5971364975, 7.50605297089, 7.96467208862, 9.47185993195, 8.07660961151, 6.66249084473, 7.01554298401, 4.50400495529, 2.52516412735, 0.96644115448, 0.856732785702, 0.730698525906, 0.482466191053, 0.433564692736, 0.35180079937, 0.131707683206, 0.0377496369183, 0.0234931986779, 0.00596780190244, 0.000608290953096, 1.43889992614e-05, 7.54572374717e-06],
        "dmean2": [0.00728410901502, 0.044069301337, 0.347080767155, 1.55699539185, 4.89804983139, 8.36304569244, 14.2062149048, 14.920003891, 17.3669261932, 30.8452644348, 79.1504898071, 98.6591110229, 18.6180858612, 12.0612697601, 13.8073015213, 12.3269748688, 19.2973518372, 15.3758811951, 21.3645610809, 11.4289264679, 12.721868515, 15.0842971802, 12.84187603, 10.7856349945, 11.0999593735, 7.15010643005, 3.93354272842, 1.48108720779, 1.30500006676, 1.0687110424, 0.697082698345, 0.617850005627, 0.51748663187, 0.187761485577, 0.0532154664397, 0.0348487012088, 0.00880839861929, 0.000896153855138, 2.01660695893e-05, 1.03781767393e-05],
        "dvar": [0.000194365129573, 0.00190411892254, 0.11022631824, 2.72926616669, 45.9551734924, 177.656600952, 370.288360596, 512.455566406, 597.048522949, 3691.17407227, 20114.8320312, 25089.4980469, 1614.58190918, 458.20703125, 489.297180176, 319.187530518, 883.628356934, 527.285949707, 1549.70178223, 89.2560119629, 103.331756592, 133.471588135, 112.004066467, 93.0772247314, 81.8938751221, 31.16522789, 11.2215833664, 1.70493710041, 2.22130513191, 2.58812832832, 1.46417725086, 2.26899814606, 1.61852073669, 0.116810411215, 0.00445392215624, 0.00214607617818, 0.000145138357766, 1.54929671226e-06, 6.79098166589e-10, 9.29877702616e-11],
        "dvar2": [0.000477669935208, 0.00448384089395, 0.303410977125, 7.18784952164, 110.112304688, 410.936157227, 820.881652832, 1159.55822754, 1596.24377441, 7186.56689453, 31267.9667969, 54094.828125, 3456.5703125, 927.926757812, 1233.49108887, 715.959106445, 2111.80810547, 1016.57543945, 3057.95043945, 188.743911743, 241.62197876, 337.783752441, 251.849685669, 208.358581543, 183.493408203, 74.1502380371, 25.1731071472, 4.01372861862, 5.13186979294, 5.17949962616, 2.81052279472, 4.7427072525, 3.54223966599, 0.245768025517, 0.00918906368315, 0.00495814485475, 0.000330796901835, 3.48521075466e-06, 1.50843837421e-09, 1.84245368962e-10],
        "max": [0.120874270797, 0.61620259285, 3.70408582687, 16.1084365845, 101.457977295, 299.186798096, 332.405212402, 484.702545166, 277.663787842, 1615.58227539, 3322.37353516, 2265.03540039, 931.850524902, 460.431091309, 494.874237061, 351.628204346, 647.115966797, 519.78704834, 614.406005859, 148.378204346, 159.763656616, 169.804351807, 222.9559021, 204.413070679, 156.786087036, 84.5113067627, 92.6395797729, 23.8623371124, 27.5288581848, 34.8241882324, 30.8789234161, 32.768283844, 30.1414279938, 10.2429227829, 1.08022379875, 0.674721717834, 0.185477435589, 0.0187085419893, 0.000437158247223, 0.000146589503856],
        "mean": [0.00432354956865, 0.0484667904675, 0.385340809822, 1.36002755165, 4.08736991882, 6.83434104919, 14.37778759, 14.4002075195, 13.2394428253, 30.510969162, 110.456741333, 125.741065979, 23.4901103973, 16.2362480164, 14.9450550079, 14.3698501587, 19.7799072266, 17.9417991638, 26.4445800781, 17.8933868408, 17.1890640259, 20.5459651947, 18.9398269653, 14.9827623367, 15.8872060776, 11.7575311661, 7.13112926483, 2.55688405037, 1.92179763317, 1.54469287395, 1.00315022469, 0.788290262222, 0.61884200573, 0.240645483136, 0.0687716752291, 0.0328897312284, 0.0087726674974, 0.000863975728862, 2.93947377941e-05, 2.38893135247e-05],
        "median": [0.00144803489093, 0.0288366600871, 0.229179233313, 0.794669449329, 1.41763079166, 2.3257496357, 5.06192588806, 6.95389270782, 6.26639890671, 8.97972679138, 19.02501297, 27.0742053986, 8.19641971588, 7.09137248993, 8.34736061096, 7.32421064377, 10.7438955307, 9.16087436676, 12.9660129547, 12.2173280716, 12.305975914, 16.3246059418, 15.0318603516, 10.8047561646, 12.330239296, 9.6136341095, 5.87972545624, 1.90124714375, 1.41528654099, 1.05879962444, 0.650161743164, 0.475468784571, 0.354248315096, 0.139708027244, 0.0381799340248, 0.0123175093904, 0.0031313917134, 0.000253928097663, 1.80212118721e-05, 1.67227572092e-05],
        "min": [2.76612448207e-22, 4.58527579678e-21, 2.38328425156e-20, 6.49442698747e-20, 5.01181010639e-20, 4.92655880451e-20, 1.9134450497e-19, 5.8092196486e-19, 1.15820640298e-18, 1.50029449332e-18, 2.29273765605e-18, 1.79900388817e-18, 1.5082268452e-18, 1.82704014106e-18, 6.81978527237e-18, 5.57999373539e-18, 2.08916333742e-18, 4.03295464527e-18, 6.39851252616e-18, 1.57478363776e-17, 1.80595414919e-17, 1.30377585988e-17, 8.83087185896e-18, 9.90823738368e-18, 1.62134298747e-17, 2.0357849589e-17, 1.84159090978e-17, 2.07319271318e-17, 1.26641186346e-17, 1.20643580966e-17, 1.47003113935e-17, 1.59716449816e-17, 1.07063243997e-17, 1.3157605489e-17, 1.12325088766e-17, 6.31299694007e-18, 3.37820231294e-18, 1.22685846471e-18, 2.47472069953e-19, 3.6740551688e-20],
        "stdev": [0.0127282449976, 0.0555626787245, 0.405172049999, 1.72687804699, 7.44275522232, 16.714805603, 30.3199748993, 26.5802230835, 23.3584156036, 96.4839477539, 287.554931641, 275.030822754, 61.6319274902, 35.4866676331, 24.4390487671, 24.2756786346, 34.6652603149, 30.0271167755, 50.7402801514, 18.4598731995, 15.9916591644, 15.9612264633, 16.586769104, 16.0600967407, 14.1321496964, 9.48746204376, 6.11210203171, 2.20668554306, 1.95436549187, 2.0205757618, 1.51405131817, 1.71659708023, 1.39211177826, 0.40508684516, 0.0912353098392, 0.0545704551041, 0.0147140901536, 0.0015327524161, 3.43512401741e-05, 1.98446232389e-05],
        "var": [0.000162008218467, 0.00308721140027, 0.16416439414, 2.98210787773, 55.3946075439, 279.384735107, 919.30090332, 706.508300781, 545.615539551, 9309.15234375, 82687.84375, 75641.9609375, 3798.49462891, 1259.30358887, 597.267150879, 589.30859375, 1201.68029785, 901.627746582, 2574.57592773, 340.766937256, 255.733154297, 254.760742188, 275.120910645, 257.926696777, 199.717666626, 90.0119400024, 37.3577919006, 4.86946153641, 3.81954455376, 4.08272647858, 2.29235124588, 2.94670557976, 1.93797516823, 0.16409535706, 0.00832388177514, 0.00297793466598, 0.000216504457057, 2.34932986132e-06, 1.18000764715e-09, 3.93809040933e-10]
    },
    "gfcc": {
        "mean": [-13.8676996231, 90.974937439, -153.29069519, 27.5352497101, -74.1993637085, -3.86270284653, -46.3649253845, 8.94710540771, -25.2290420532, -1.93784832954, -16.4736003876, -11.6710042953, -12.9536314011],
        "cov": [[3614.59521484, 20.5139083862, -99.5280303955, -119.286399841, -235.087509155, 48.4859390259, -124.727912903, 57.8639221191, -69.1074447632, 9.09854221344, -111.331535339, -24.8580741882, -79.8570861816], [20.5139083862, 375.991485596, -60.4213523865, 47.0221557617, 25.6237068176, -44.5191192627, 53.2000427246, -71.2803573608, 15.6053323746, -70.7938156128, 37.7392044067, -34.7133255005, 49.6987380981], [-99.5280303955, -60.4213523865, 423.658233643, -20.904296875, 50.0623893738, 11.7639970779, -92.889213562, 25.0372123718, -66.5574493408, 43.6193847656, -46.2892951965, 87.4389190674, -59.9821281433], [-119.286399841, 47.0221557617, -20.904296875, 279.705627441, 126.504302979, 16.7864570618, -5.17819881439, -28.8515644073, -6.36294746399, 7.54491662979, 31.9474925995, -11.1148719788, 10.9563694], [-235.087509155, 25.6237068176, 50.0623893738, 126.504302979, 184.828079224, 38.1255493164, 0.497664988041, -2.4975631237, -29.2075576782, 24.7179393768, -1.72732937336, 31.3862571716, -8.32458782196], [48.4859390259, -44.5191192627, 11.7639970779, 16.7864570618, 38.1255493164, 117.708358765, 36.5301399231, 30.5367355347, -4.68985033035, -2.53751325607, -10.1097383499, -0.917003035545, -2.46334981918], [-124.727912903, 53.2000427246, -92.889213562, -5.17819881439, 0.497664988041, 36.5301399231, 155.102600098, 39.935382843, 37.3632926941, -30.6584434509, -6.3624753952, -44.9040603638, 10.6155939102], [57.8639221191, -71.2803573608, 25.0372123718, -28.8515644073, -2.4975631237, 30.5367355347, 39.935382843, 120.249359131, 35.3791275024, 9.80836105347, -23.2461299896, -10.3136281967, -18.2704086304], [-69.1074447632, 15.6053323746, -66.5574493408, -6.36294746399, -29.2075576782, -4.68985033035, 37.3632926941, 35.3791275024, 112.301734924, 5.7224779129, 1.40551316738, -55.3877410889, 10.0262308121], [9.09854221344, -70.7938156128, 43.6193847656, 7.54491662979, 24.7179393768, -2.53751325607, -30.6584434509, 9.80836105347, 5.7224779129, 85.3524703979, 5.18607616425, 22.230009079, -25.8483295441], [-111.331535339, 37.7392044067, -46.2892951965, 31.9474925995, -1.72732937336, -10.1097383499, -6.3624753952, -23.2461299896, 1.40551316738, 5.18607616425, 74.2196655273, 10.5906085968, 19.4914340973], [-24.8580741882, -34.7133255005, 87.4389190674, -11.1148719788, 31.3862571716, -0.917003035545, -44.9040603638, -10.3136281967, -55.3877410889, 22.230009079, 10.5906085968, 98.9513931274, 1.42223060131], [-79.8570861816, 49.6987380981, -59.9821281433, 10.9563694, -8.32458782196, -2.46334981918, 10.6155939102, -18.2704086304, 10.0262308121, -25.8483295441, 19.4914340973, 1.42223060131, 68.0676727295]],
        "icov": [[0.000530400313437, -0.00091589539079, 0.000727033475414, -0.000415668007918, 0.00145487731788, -0.00100036570802, 0.00113968108781, -0.000949175737333, 0.000859092455357, -0.000866606715135, 0.00147636630572, -0.000424185418524, 0.000838255102281], [-0.00091589539079, 0.00665493635461, -0.00237272377126, 0.00119800551329, -0.00474861450493, 0.00414024479687, -0.00417296867818, 0.00453157024458, -0.00267838174477, 0.00515479687601, -0.00509576313198, 0.0023905124981, -0.00301975756884], [0.000727033475414, -0.00237272377126, 0.00531574105844, -0.000681248493493, 0.00209976686165, -0.00227530463599, 0.00384951499291, -0.00287401583046, 0.00177266588435, -0.00188150431495, 0.00467905541882, -0.00380587391555, 0.00394605146721], [-0.000415668007918, 0.00119800551329, -0.000681248493493, 0.00674979295582, -0.00630853138864, 0.00104262214154, -0.000206304146559, 0.00165553018451, -0.000557981024031, 0.00123717717361, -0.00423938268796, 0.00365231791511, -0.00161675957497], [0.00145487731788, -0.00474861450493, 0.00209976686165, -0.00630853138864, 0.0153827238828, -0.00583640113473, 0.00246919156052, -0.00357438251376, 0.00375324580818, -0.00620427727699, 0.00751373777166, -0.00540843280032, 0.00341788190417], [-0.00100036570802, 0.00414024479687, -0.00227530463599, 0.00104262214154, -0.00583640113473, 0.0135989366099, -0.00539728021249, 0.000778841436841, -0.000600657833274, 0.00339447334409, -0.00369956996292, 0.00228044437245, -0.00315103167668], [0.00113968108781, -0.00417296867818, 0.00384951499291, -0.000206304146559, 0.00246919156052, -0.00539728021249, 0.0136458110064, -0.00609915936366, 0.00134257797617, -0.000504872587044, 0.00416946597397, 0.000503016228322, 0.00255682342686], [-0.000949175737333, 0.00453157024458, -0.00287401583046, 0.00165553018451, -0.00357438251376, 0.000778841436841, -0.00609915936366, 0.0156263429672, -0.00687074335292, 0.00295461667702, -0.00193762546405, -0.000226490446948, 0.000208880926948], [0.000859092455357, -0.00267838174477, 0.00177266588435, -0.000557981024031, 0.00375324580818, -0.000600657833274, 0.00134257797617, -0.00687074335292, 0.0180412027985, -0.00734099699184, 0.00182639644481, 0.00794147141278, -0.00313499616459], [-0.000866606715135, 0.00515479687601, -0.00188150431495, 0.00123717717361, -0.00620427727699, 0.00339447334409, -0.000504872587044, 0.00295461667702, -0.00734099699184, 0.0213772337884, -0.00663081603125, -0.0027998178266, 0.00475477613509], [0.00147636630572, -0.00509576313198, 0.00467905541882, -0.00423938268796, 0.00751373777166, -0.00369956996292, 0.00416946597397, -0.00193762546405, 0.00182639644481, -0.00663081603125, 0.0237273797393, -0.00678881118074, 0.000433382665506], [-0.000424185418524, 0.0023905124981, -0.00380587391555, 0.00365231791511, -0.00540843280032, 0.00228044437245, 0.000503016228322, -0.000226490446948, 0.00794147141278, -0.0027998178266, -0.00678881118074, 0.0224635712802, -0.00766122760251], [0.000838255102281, -0.00301975756884, 0.00394605146721, -0.00161675957497, 0.00341788190417, -0.00315103167668, 0.00255682342686, 0.000208880926948, -0.00313499616459, 0.00475477613509, 0.000433382665506, -0.00766122760251, 0.0238817278296]]
    },
    "melbands": {
        "dmean": [3.64990046364e-05, 8.28376505524e-05, 0.000210949641769, 0.000272759236395, 0.000280794891296, 0.000222282062168, 0.000164526354638, 0.00022814598924, 0.000519885041285, 0.000382860540412, 5.44475478819e-05, 3.51439739461e-05, 3.55997872248e-05, 2.33773607761e-05, 2.66112565441e-05, 2.46066902037e-05, 1.99535152205e-05, 2.87568072963e-05, 1.23481295304e-05, 8.64785306476e-06, 1.14523190859e-05, 1.07239320641e-05, 1.03607417259e-05, 7.18904084351e-06, 5.85235738981e-06, 5.58407100471e-06, 4.77146568301e-06, 2.92389927381e-06, 2.09990480471e-06, 1.04295372694e-06, 4.95652102472e-07, 5.29160502083e-07, 5.08639686814e-07, 4.15963171463e-07, 2.88798219117e-07, 2.91253797968e-07, 2.82478140434e-07, 2.74190767868e-07, 1.99291164904e-07, 9.12555506716e-08],
        "dmean2": [5.82879874855e-05, 0.000138121511554, 0.000343616702594, 0.000449096492957, 0.000447967177024, 0.000344176020008, 0.00028270308394, 0.000367646483937, 0.000731923501007, 0.000552153855097, 8.16791434772e-05, 5.03778937855e-05, 5.67509086977e-05, 3.58343022526e-05, 4.18268537032e-05, 3.80331803171e-05, 3.0806822906e-05, 4.20321848651e-05, 1.86435772775e-05, 1.32049672175e-05, 1.85873923328e-05, 1.74582128238e-05, 1.67579310073e-05, 1.17351110021e-05, 9.62050944509e-06, 8.80564584804e-06, 7.5974912761e-06, 4.70057693747e-06, 3.30734951604e-06, 1.6864069039e-06, 7.64692799748e-07, 8.2166991433e-07, 7.87624344412e-07, 6.20204275492e-07, 4.27060626862e-07, 4.32961542174e-07, 4.11490646002e-07, 4.04757457773e-07, 2.96165694635e-07, 1.33359009169e-07],
        "dvar": [8.84888518016e-09, 1.70957950019e-08, 1.56657648631e-07, 3.99365518433e-07, 3.45015990888e-07, 2.66190966158e-07, 1.68883772744e-07, 4.72747302638e-07, 1.34209346925e-06, 8.231182278e-07, 3.84702865119e-08, 8.85878392864e-09, 1.00612673748e-08, 3.54190499152e-09, 4.37464819925e-09, 2.409868749e-09, 2.2241524178e-09, 6.94576707261e-09, 2.70394123758e-10, 1.75126496638e-10, 2.38928488105e-10, 1.76617970249e-10, 2.81231316013e-10, 8.14689773976e-11, 7.71621586071e-11, 5.60826281248e-11, 4.44281104961e-11, 1.21531291974e-11, 8.84602200518e-12, 1.59115082221e-12, 5.12695734391e-13, 7.17530852443e-13, 9.83944588133e-13, 9.41161319885e-13, 4.33537537467e-13, 7.71121610576e-13, 9.41971544169e-13, 9.1510252067e-13, 4.65709393792e-13, 4.49067595176e-14],
        "dvar2": [2.10732284955e-08, 4.53693118629e-08, 3.84790155294e-07, 9.21782600471e-07, 7.79566391884e-07, 6.12718395132e-07, 4.52252351124e-07, 8.89528280368e-07, 2.33034234043e-06, 1.79041057891e-06, 8.047545208e-08, 1.65930664764e-08, 2.47946321252e-08, 7.7464710202e-09, 1.0467659628e-08, 5.61751223316e-09, 4.35027924794e-09, 1.37525288935e-08, 5.59676860412e-10, 3.40646455488e-10, 5.81118486664e-10, 4.49910553257e-10, 6.78157530132e-10, 2.02442798636e-10, 1.75933489999e-10, 1.27158311658e-10, 1.11095500854e-10, 2.88767863788e-11, 1.91368240698e-11, 4.02097409188e-12, 1.20235462212e-12, 1.73326153777e-12, 2.15864327281e-12, 1.92753321984e-12, 8.29737157888e-13, 1.65396374981e-12, 1.97140611127e-12, 1.90547122352e-12, 1.0991836781e-12, 1.01128896652e-13],
        "max": [0.000924627180211, 0.00144305580761, 0.00419189129025, 0.0114098750055, 0.00935221742839, 0.0110906800255, 0.00490398379043, 0.0166083201766, 0.0257906615734, 0.0126890772954, 0.00449232989922, 0.00192505633458, 0.00268779322505, 0.00143467669841, 0.00142914254684, 0.000895483768545, 0.00100002065301, 0.00126890023239, 0.000293576566037, 0.000307157170027, 0.000233955317526, 0.000224950126722, 0.000367607106455, 0.000103980724816, 0.000191045546671, 0.000156507085194, 0.000108305495814, 4.71661332995e-05, 8.78444552654e-05, 1.79507151188e-05, 1.47211385411e-05, 1.56496735144e-05, 1.8878152332e-05, 2.34196868405e-05, 1.84629534488e-05, 1.77921465365e-05, 2.16392418224e-05, 2.2078595066e-05, 1.48361468746e-05, 7.04986405253e-06],
        "mean": [4.30616382801e-05, 0.00015991582768, 0.000318911625072, 0.000385165883927, 0.000467482808745, 0.000337065168424, 0.00020881612727, 0.000376928132027, 0.00102593388874, 0.000675313931424, 9.20659658732e-05, 6.67757412884e-05, 5.62520654057e-05, 3.97028998123e-05, 4.08068735851e-05, 3.90695058741e-05, 3.28556125169e-05, 4.72054307465e-05, 2.63723995886e-05, 1.83346146514e-05, 2.16229036596e-05, 2.11557617149e-05, 2.03001800401e-05, 1.51986387209e-05, 1.1650397937e-05, 1.11149483928e-05, 1.06891775431e-05, 7.11462189429e-06, 5.25282166564e-06, 2.4730527457e-06, 1.10995847535e-06, 1.10581254376e-06, 9.78067987489e-07, 8.07261642422e-07, 5.776580565e-07, 4.98861368214e-07, 4.80075300402e-07, 4.63981621124e-07, 3.29638510266e-07, 1.59369037078e-07],
        "median": [1.96605997189e-05, 0.000107397485408, 0.000160743482411, 0.000133130495669, 0.000172700223629, 0.000161676915013, 9.14269330679e-05, 9.32230468607e-05, 0.000176865461981, 0.000137511320645, 2.51315159403e-05, 2.46820163738e-05, 3.01614945784e-05, 1.89503280126e-05, 1.86542602023e-05, 2.15304426092e-05, 1.53498731379e-05, 2.00683516596e-05, 1.68431033671e-05, 1.17254303404e-05, 1.4740297047e-05, 1.66657318914e-05, 1.42993139889e-05, 1.17818353829e-05, 7.78115190769e-06, 7.93131312093e-06, 8.18511216494e-06, 5.71710233999e-06, 4.11632026953e-06, 1.92809602595e-06, 7.54824270643e-07, 7.85096858635e-07, 6.21244112153e-07, 5.24620816122e-07, 3.71482173023e-07, 2.94693791147e-07, 2.77454432762e-07, 2.56645222407e-07, 1.73023551042e-07, 9.30741066441e-08],
        "min": [3.71597780899e-24, 1.04516370659e-23, 1.08765814472e-23, 2.98909198585e-24, 6.27406873674e-24, 1.24853969991e-23, 1.919573106e-23, 1.77501560729e-23, 1.82255425871e-23, 1.16774503931e-23, 7.37658152674e-24, 5.95233654971e-24, 1.9635655121e-23, 2.0919777102e-23, 7.04724156514e-24, 5.06569278541e-24, 8.08489973353e-24, 1.0519035764e-23, 1.29246047744e-23, 2.54824065828e-23, 1.95155226492e-23, 1.34489077644e-23, 6.96233962135e-24, 1.07706248059e-23, 6.65980594217e-24, 1.39123951007e-23, 8.22267586835e-24, 1.56069125013e-23, 1.2223039217e-23, 1.17880550029e-23, 1.20092279349e-23, 7.54475483882e-24, 5.53797079316e-24, 7.23604201217e-24, 7.61984098636e-24, 1.04730002081e-23, 9.58761901569e-24, 6.2667346969e-24, 8.80040525204e-24, 1.1559259308e-23],
        "stdev": [9.11021706997e-05, 0.000158563518198, 0.000434219953604, 0.000777739216574, 0.000907451787498, 0.000601616280619, 0.000399677926907, 0.00107390980702, 0.00235618208535, 0.00152627192438, 0.000311137730023, 0.000167796330061, 0.000107030391518, 8.40241409605e-05, 7.4926923844e-05, 6.08236878179e-05, 6.08859518252e-05, 0.000104459686554, 3.00697574858e-05, 2.29304187087e-05, 2.25013282034e-05, 1.74435808731e-05, 2.2874064598e-05, 1.30026828629e-05, 1.41548052852e-05, 1.10968467197e-05, 9.85901806416e-06, 5.75109652345e-06, 5.21511719853e-06, 2.05631295103e-06, 1.07956634565e-06, 1.1074117765e-06, 1.24893119846e-06, 1.1709064438e-06, 8.36505535062e-07, 9.95295977191e-07, 1.10180656065e-06, 1.07715879949e-06, 7.18943795164e-07, 2.46441857144e-07],
        "var": [8.29960544735e-09, 2.51423877273e-08, 1.88546977142e-07, 6.04878266586e-07, 8.23468781164e-07, 3.61942170457e-07, 1.59742455708e-07, 1.15328236916e-06, 5.55159431315e-06, 2.32950606005e-06, 9.6806687111e-08, 2.81556076231e-08, 1.14555041009e-08, 7.0600560953e-09, 5.61404345234e-09, 3.69952113388e-09, 3.7070992942e-09, 1.09118261093e-08, 9.04190333717e-10, 5.25804066953e-10, 5.06309771886e-10, 3.04278491292e-10, 5.23222853932e-10, 1.69069772071e-10, 2.00358521441e-10, 1.23139998198e-10, 9.72002339727e-11, 3.30751120936e-11, 2.71974474192e-11, 4.22842273348e-12, 1.16546345057e-12, 1.2263609182e-12, 1.55982919723e-12, 1.3710218941e-12, 6.99741480037e-13, 9.90614166217e-13, 1.21397781151e-12, 1.16027109795e-12, 5.16880158466e-13, 6.07335904658e-14]
    },
