{
"lowlevel": {
    "average_loudness": 0.818295955658,
    "barkbands_crest": {
        "dmean": 2.3288269043,
        "dmean2": 3.72689509392,
        "dvar": 5.44846820831,
        "dvar2": 12.5541400909,
        "max": 26.0588493347,
        "mean": 8.40040302277,
        "median": 7.01491069794,
        "min": 2.31827735901,
        "stdev": 4.65064907074,
        "var": 21.6285362244
    },
    "barkbands_flatness_db": {
        "dmean": 0.0187708176672,
        "dmean2": 0.0288242418319,
        "dvar": 0.000399429205572,
        "dvar2": 0.00084180990234,
        "max": 0.402925461531,
        "mean": 0.121582977474,
        "median": 0.1125651896,
        "min": 0.0397457666695,
        "stdev": 0.0438463650644,
        "var": 0.00192250369582
    },
    "barkbands_kurtosis": {
        "dmean": 1.45984244347,
        "dmean2": 2.3182861805,
        "dvar": 6.17589139938,
        "dvar2": 13.5642032623,
        "max": 54.0532608032,
        "mean": 1.15329277515,
        "median": 0.0384622812271,
        "min": -1.71340441704,
        "stdev": 3.74681639671,
        "var": 14.0386333466
    },
    "barkbands_skewness": {
        "dmean": 0.453613787889,
        "dmean2": 0.696270227432,
        "dvar": 0.23793888092,
        "dvar2": 0.534127414227,
        "max": 7.03652048111,
        "mean": 0.555041432381,
        "median": 0.458151996136,
        "min": -2.54932761192,
        "stdev": 0.981503605843,
        "var": 0.963349282742
    },
    "barkbands_spread": {
        "dmean": 4.54109573364,
        "dmean2": 7.05739736557,
        "dvar": 19.6379394531,
        "dvar2": 45.0896949768,
        "max": 58.5517959595,
        "mean": 22.976234436,
        "median": 22.323677063,
        "min": 1.86321532726,
        "stdev": 11.0072431564,
        "var": 121.15940094
    },
    "dissonance": {
        "dmean": 0.0148998936638,
        "dmean2": 0.0252278000116,
        "dvar": 0.000306270609144,
        "dvar2": 0.000797218992375,
        "max": 0.500000059605,
        "mean": 0.475675672293,
        "median": 0.482973128557,
        "min": 0.280955195427,
        "stdev": 0.0234068110585,
        "var": 0.000547878793441
    },
    "dynamic_complexity": 3.98251104355,
    "erbbands_crest": {
        "dmean": 2.47214365005,
        "dmean2": 3.80553460121,
        "dvar": 6.31711816788,
        "dvar2": 14.1376228333,
        "max": 31.8535404205,
        "mean": 10.0635242462,
        "median": 7.6718082428,
        "min": 2.88856625557,
        "stdev": 6.28733921051,
        "var": 39.530632019
    },
    "erbbands_flatness_db": {
        "dmean": 0.0165641568601,
        "dmean2": 0.023896034807,
        "dvar": 0.000285360671114,
        "dvar2": 0.000556388753466,
        "max": 0.445708632469,
        "mean": 0.193054735661,
        "median": 0.181466430426,
        "min": 0.0954143702984,
        "stdev": 0.0486847572029,
        "var": 0.00237020547502
    },
    "erbbands_kurtosis": {
        "dmean": 0.983387947083,
        "dmean2": 1.54414629936,
        "dvar": 1.92825448513,
        "dvar2": 4.44798707962,
        "max": 19.1248550415,
        "mean": 0.975326061249,
        "median": 0.189821004868,
        "min": -1.59989440441,
        "stdev": 2.47338628769,
        "var": 6.11764001846
    },
    "erbbands_skewness": {
        "dmean": 0.373014956713,
        "dmean2": 0.576904892921,
        "dvar": 0.13925857842,
        "dvar2": 0.321521788836,
        "max": 3.71033334732,
        "mean": 0.127554684877,
        "median": 0.0329018905759,
        "min": -2.04090189934,
        "stdev": 0.80505001545,
        "var": 0.648105502129
    },
    "erbbands_spread": {
        "dmean": 5.37831783295,
        "dmean2": 8.4564447403,
        "dvar": 30.3624248505,
        "dvar2": 69.4222640991,
        "max": 71.3707504272,
        "mean": 27.9869422913,
        "median": 28.5082397461,
        "min": 2.80228257179,
        "stdev": 13.0509767532,
        "var": 170.32800293
    },
    "hfc": {
        "dmean": 5.01327228546,
        "dmean2": 7.13032579422,
        "dvar": 35.3764076233,
        "dvar2": 75.8990631104,
        "max": 132.001968384,
        "mean": 23.4513893127,
        "median": 19.0116195679,
        "min": 1.20448429207e-16,
        "stdev": 19.5769863129,
        "var": 383.258392334
    },
    "loudness_ebu128": {
        "integrated": -9.02133369446,
        "loudness_range": 4.57250881195,
        "momentary": {
            "dmean": 0.877802908421,
            "dmean2": 0.900297105312,
            "dvar": 2.12016010284,
            "dvar2": 2.66296720505,
            "max": -4.5645365715,
            "mean": -10.3629512787,
            "median": -9.9690580368,
            "min": -35.9949035645,
            "stdev": 4.09864807129,
            "var": 16.7989177704
        },
        "short_term": {
            "dmean": 0.130808919668,
            "dmean2": 0.0815714597702,
            "dvar": 0.0222970843315,
            "dvar2": 0.0119725475088,
            "max": -5.92525482178,
            "mean": -9.35690784454,
            "median": -9.17633342743,
            "min": -15.7520637512,
            "stdev": 1.64967417717,
            "var": 2.72142481804
        }
    },
    "melbands_crest": {
        "dmean": 3.08313679695,
        "dmean2": 4.96370840073,
        "dvar": 8.72786426544,
        "dvar2": 21.3079414368,
        "max": 31.5698928833,
        "mean": 11.2386875153,
        "median": 9.99822330475,
        "min": 1.88888204098,
        "stdev": 5.2433347702,
        "var": 27.4925575256
    },
    "melbands_flatness_db": {
        "dmean": 0.0220422316343,
        "dmean2": 0.0338624343276,
        "dvar": 0.000609006499872,
        "dvar2": 0.00131912715733,
        "max": 0.469073265791,
        "mean": 0.140152439475,
        "median": 0.13478115201,
        "min": 0.0050853099674,
        "stdev": 0.0487368293107,
        "var": 0.00237527838908
    },
    "melbands_kurtosis": {
        "dmean": 2.84814739227,
        "dmean2": 4.38446807861,
        "dvar": 29.6449317932,
        "dvar2": 53.632976532,
        "max": 203.683883667,
        "mean": 3.86931037903,
        "median": 1.79324030876,
        "min": -1.53700602055,
        "stdev": 8.52869224548,
        "var": 72.7385864258
    },
    "melbands_skewness": {
        "dmean": 0.527850270271,
        "dmean2": 0.816048622131,
        "dvar": 0.328312456608,
        "dvar2": 0.694938063622,
        "max": 13.0609407425,
        "mean": 1.25097036362,
        "median": 1.25589370728,
        "min": -2.0037021637,
        "stdev": 1.19419372082,
        "var": 1.42609870434
    },
    "melbands_spread": {
        "dmean": 8.69905185699,
        "dmean2": 13.4038887024,
        "dvar": 82.1350631714,
        "dvar2": 181.131561279,
        "max": 143.276367188,
        "mean": 35.3579216003,
        "median": 32.6776695251,
        "min": 1.81264460087,
        "stdev": 18.588218689,
        "var": 345.521850586
    },
    "pitch_salience": {
        "dmean": 0.0707146078348,
        "dmean2": 0.110888838768,
        "dvar": 0.0043624038808,
        "dvar2": 0.00971951894462,
        "max": 0.978321254253,
        "mean": 0.608694911003,
        "median": 0.635486006737,
        "min": 0.110721103847,
        "stdev": 0.128299593925,
        "var": 0.0164607856423
    },
    "silence_rate_20dB": {
        "dmean": 0,
        "dmean2": 0,
        "dvar": 0,
        "dvar2": 0,
        "max": 1,
        "mean": 1,
        "median": 1,
        "min": 1,
        "stdev": 0,
        "var": 0
    },
    "silence_rate_30dB": {
        "dmean": 0,
        "dmean2": 0,
        "dvar": 0,
        "dvar2": 0,
        "max": 1,
        "mean": 1,
        "median": 1,
        "min": 1,
        "stdev": 0,
        "var": 0
    },
    "silence_rate_60dB": {
        "dmean": 0.0226687267423,
        "dmean2": 0.0453608259559,
        "dvar": 0.0221549551934,
        "dvar2": 0.0463961809874,
        "max": 1,
        "mean": 0.101956747472,
        "median": 0,
        "min": 0,
        "stdev": 0.302591860294,
        "var": 0.0915618315339
    },
    "spectral_centroid": {
        "dmean": 273.762268066,
        "dmean2": 419.527923584,
        "dvar": 128190.554688,
        "dvar2": 274707.4375,
        "max": 11203.6386719,
        "mean": 1879.2746582,
        "median": 1897.48486328,
        "min": 237.888244629,
        "stdev": 658.20513916,
        "var": 433234.03125
    },
    "spectral_complexity": {
        "dmean": 4.17516756058,
        "dmean2": 6.29793834686,
        "dvar": 16.2876529694,
        "dvar2": 33.4101600647,
        "max": 49,
        "mean": 23.8259525299,
        "median": 25,
        "min": 0,
        "stdev": 11.0141992569,
        "var": 121.312583923
    },
    "spectral_decrease": {
        "dmean": 1.28429444857e-09,
        "dmean2": 1.93866767084e-09,
        "dvar": 2.73175073807e-18,
        "dvar2": 5.90527878896e-18,
        "max": 1.09427379247e-28,
        "mean": -4.46034853496e-09,
        "median": -3.32877148068e-09,
        "min": -2.37875674713e-08,
        "stdev": 3.52689033534e-09,
        "var": 1.24389551088e-17
    },
    "spectral_energy": {
        "dmean": 0.00522634014487,
        "dmean2": 0.00784503947943,
        "dvar": 4.2842955736e-05,
        "dvar2": 9.19312951737e-05,
        "max": 0.0947849601507,
        "mean": 0.0189614780247,
        "median": 0.0144699010998,
        "min": 1.0512023674e-20,
        "stdev": 0.014799288474,
        "var": 0.000219018940697
    },
    "spectral_energyband_high": {
        "dmean": 0.0002220349852,
        "dmean2": 0.000336868106388,
        "dvar": 1.1077793971e-07,
        "dvar2": 2.4034721946e-07,
        "max": 0.00602613482624,
        "mean": 0.000729424355086,
        "median": 0.000532501668204,
        "min": 7.92393709607e-21,
        "stdev": 0.000704580394085,
        "var": 4.96433528951e-07
    },
    "spectral_energyband_low": {
        "dmean": 0.000672136200592,
        "dmean2": 0.00111131672747,
        "dvar": 8.7090904799e-07,
        "dvar2": 2.25661779041e-06,
        "max": 0.00855896621943,
        "mean": 0.00117386830971,
        "median": 0.000851912423968,
        "min": 8.71446185409e-23,
        "stdev": 0.00121425103862,
        "var": 1.47440562159e-06
    },
    "spectral_energyband_middle_high": {
        "dmean": 0.00218883366324,
        "dmean2": 0.00318809784949,
        "dvar": 1.03657584987e-05,
        "dvar2": 2.16718144657e-05,
        "max": 0.0774620324373,
        "mean": 0.00930499937385,
        "median": 0.00521956197917,
        "min": 1.28781439279e-21,
        "stdev": 0.010859449394,
        "var": 0.000117927644169
    },
    "spectral_energyband_middle_low": {
        "dmean": 0.00395066011697,
        "dmean2": 0.0061689238064,
        "dvar": 4.14572896261e-05,
        "dvar2": 9.12611067179e-05,
        "max": 0.0891276076436,
        "mean": 0.00820013135672,
        "median": 0.00455495994538,
        "min": 2.77832393198e-22,
        "stdev": 0.0102936588228,
        "var": 0.000105959421489
    },
    "spectral_entropy": {
        "dmean": 0.126733958721,
        "dmean2": 0.191381320357,
        "dvar": 0.0288011748344,
        "dvar2": 0.0561873503029,
        "max": 9.81408405304,
        "mean": 7.64768457413,
        "median": 7.69602966309,
        "min": 5.24960803986,
        "stdev": 0.295852571726,
        "var": 0.0875287503004
    },
    "spectral_flux": {
        "dmean": 0.0209426302463,
        "dmean2": 0.0327093750238,
        "dvar": 0.000511609076057,
        "dvar2": 0.00120045163203,
        "max": 0.327600806952,
        "mean": 0.0773213654757,
        "median": 0.0732293576002,
        "min": 6.4903284136e-11,
        "stdev": 0.0409292690456,
        "var": 0.00167520507239
    },
    "spectral_kurtosis": {
        "dmean": 1.67957878113,
        "dmean2": 2.9412920475,
        "dvar": 4.9625992775,
        "dvar2": 14.3534812927,
        "max": 33.9285545349,
        "mean": 4.15403699875,
        "median": 3.60705256462,
        "min": -1.21531939507,
        "stdev": 2.58241701126,
        "var": 6.66887760162
    },
    "spectral_rms": {
        "dmean": 0.000587152200751,
        "dmean2": 0.000867207185365,
        "dvar": 4.41950646746e-07,
        "dvar2": 9.24762048271e-07,
        "max": 0.00961629487574,
        "mean": 0.00391998514533,
        "median": 0.00375725654885,
        "min": 3.20244178398e-12,
        "stdev": 0.00176996074151,
        "var": 3.13276086672e-06
    },
    "spectral_rolloff": {
        "dmean": 461.916320801,
        "dmean2": 755.516174316,
        "dvar": 457792.8125,
        "dvar2": 1018868.375,
        "max": 19186.0839844,
        "mean": 2177.50610352,
        "median": 2088.72070312,
        "min": 215.33203125,
        "stdev": 1109.79858398,
        "var": 1231653
    },
    "spectral_skewness": {
        "dmean": 0.210956171155,
        "dmean2": 0.356830656528,
        "dvar": 0.0616458542645,
        "dvar2": 0.169400185347,
        "max": 4.48400974274,
        "mean": 1.31361293793,
        "median": 1.2688062191,
        "min": -0.0285967700183,
        "stdev": 0.39235201478,
        "var": 0.153940096498
    },
    "spectral_spread": {
        "dmean": 340453.90625,
        "dmean2": 522035.71875,
        "dvar": 632665800704,
        "dvar2": 1.03768077107e+12,
        "max": 40612584,
        "mean": 3593912.75,
        "median": 3527378,
        "min": 1306368.75,
        "stdev": 1390256,
        "var": 1.93281182925e+12
    },
    "spectral_strongpeak": {
        "dmean": 0.751811861992,
        "dmean2": 1.20663774014,
        "dvar": 0.916272222996,
        "dvar2": 2.22995471954,
        "max": 12.4947385788,
        "mean": 1.89068233967,
        "median": 0.7223097682,
        "min": 0,
        "stdev": 2.45770096779,
        "var": 6.04029369354
    },
    "zerocrossingrate": {
        "dmean": 0.00786608271301,
        "dmean2": 0.00961989536881,
        "dvar": 0.000155060406541,
        "dvar2": 0.000298810831737,
        "max": 0.52490234375,
        "mean": 0.0754105374217,
        "median": 0.07373046875,
        "min": 0.015625,
        "stdev": 0.0261477604508,
        "var": 0.000683705380652
    },
    "barkbands": {
        "dmean": [6.81022138451e-05, 0.000182156349183, 0.00031056656735, 0.00075333379209, 0.00125472305808, 0.000888734823093, 0.000966630934272, 0.00105525192339, 0.000680276250932, 0.000359345314791, 0.00050334725529, 0.000495304004289, 0.000990434433334, 0.000913186522666, 0.000338348210789, 0.00033587004873, 0.000257441046415, 0.000215476116864, 0.0001825922227, 0.000206761993468, 9.19264130061e-05, 3.38107565767e-05, 2.91901433229e-05, 2.75436450465e-05, 9.58168402576e-06, 3.01581826534e-06, 8.21362391434e-08],
        "dmean2": [0.000117985655379, 0.000296395242913, 0.000521830515936, 0.00130655954126, 0.00211771880277, 0.00148072501179, 0.00154361664318, 0.00160459056497, 0.00105964171235, 0.000568367657252, 0.000761316565331, 0.000782335700933, 0.00142243131995, 0.00129179039504, 0.000539611733984, 0.00053587713046, 0.000422142155003, 0.000345320586348, 0.000287435832433, 0.00032367624226, 0.000141830474604, 5.37067644473e-05, 4.56431953353e-05, 4.19033021899e-05, 1.49185798364e-05, 4.75250499221e-06, 1.48338884287e-07],
        "dvar": [1.95066363062e-08, 1.00520303192e-07, 2.10493567465e-07, 1.32337322611e-06, 5.10221343575e-06, 4.51616051578e-06, 9.92945388134e-06, 1.02939093267e-05, 3.33230377692e-06, 1.35296556891e-06, 4.7884700507e-06, 9.74769022832e-07, 6.38486926618e-06, 6.77800971971e-06, 4.53013655033e-07, 3.9203021629e-07, 7.80035009029e-07, 1.42460550023e-07, 5.17986471493e-08, 8.19764167659e-08, 1.76801595586e-08, 3.77409081764e-09, 3.65772057087e-09, 3.5040335078e-09, 6.82448264566e-10, 4.74533780326e-11, 3.73628808014e-13],
        "dvar2": [5.17829619184e-08, 2.49302104294e-07, 5.53921381652e-07, 3.63064759767e-06, 1.35809641506e-05, 1.15162683869e-05, 2.24518535106e-05, 2.07927787415e-05, 7.1927420322e-06, 2.99953171634e-06, 9.57506017585e-06, 2.23742154049e-06, 1.12884226837e-05, 1.16368346426e-05, 1.02266710655e-06, 1.02443937067e-06, 2.17991191676e-06, 3.78678095103e-07, 1.25738452539e-07, 1.92100372942e-07, 3.98166868365e-08, 9.69591340549e-09, 8.94728646728e-09, 7.76203190611e-09, 1.73159020456e-09, 1.10556792887e-10, 1.10438665591e-12],
        "max": [0.000898025347851, 0.00343091366813, 0.00508498353884, 0.0116733489558, 0.0237658470869, 0.0432476960123, 0.0864466354251, 0.0603817217052, 0.040293559432, 0.0275948531926, 0.058303270489, 0.0125978589058, 0.0419422760606, 0.0424455702305, 0.0166954919696, 0.0180297382176, 0.0271641928703, 0.00914430059493, 0.00356919621117, 0.00452596601099, 0.00246253283694, 0.0015815529041, 0.00151697779074, 0.00143312988803, 0.000783403986134, 0.000110938613943, 1.82115436473e-05],
        "mean": [5.64092406421e-05, 0.000253209436778, 0.00048212040565, 0.000960520177614, 0.00165347242728, 0.00100261520129, 0.0013903870713, 0.00195628381334, 0.00110126938671, 0.000536239065696, 0.000845043163281, 0.000864425033797, 0.00219665118493, 0.00200677500106, 0.000634369382169, 0.00069518230157, 0.000473933352623, 0.000456777052023, 0.000398891599616, 0.000519779394381, 0.00023796732421, 8.20468994789e-05, 6.52774251648e-05, 6.70669105602e-05, 2.05077703868e-05, 4.2181968638e-06, 6.05942673815e-08],
        "median": [9.3669141279e-06, 0.00011092639761, 0.00028438391746, 0.000491191167384, 0.000852871977258, 0.000401511759264, 0.000379086035537, 0.000363926228601, 0.000509882345796, 0.000204305484658, 0.000233991304412, 0.000399802869651, 0.000369339832105, 0.000344217492966, 0.00044391740812, 0.0004586452269, 0.00033001875272, 0.000287601927994, 0.000320807273965, 0.000334223266691, 0.000145740254084, 6.51440641377e-05, 4.67045756523e-05, 3.65509986295e-05, 1.20728236652e-05, 1.67757161762e-06, 3.10701220307e-09],
        "min": [1.66983851829e-23, 5.54325868558e-23, 1.68893841853e-23, 9.0854025533e-24, 1.21788164635e-23, 2.59441110935e-23, 2.96995023654e-23, 2.15257516504e-23, 5.13182291621e-23, 3.86456173264e-23, 3.72673132419e-23, 3.24132627655e-23, 9.71450334799e-23, 8.20814252612e-23, 1.50044802539e-22, 1.22290757384e-22, 7.48610445046e-23, 1.89629287405e-22, 2.11063622698e-22, 2.89562893698e-22, 3.45393344129e-22, 3.65930359609e-22, 6.18159735702e-22, 7.54391949823e-22, 1.20669758033e-21, 1.62753924751e-21, 2.50881072705e-21],
        "stdev": [0.000122065597679, 0.000360332982382, 0.00059094838798, 0.00133786140941, 0.00230178656057, 0.00203422829509, 0.00403437390924, 0.00632352102548, 0.00243325857446, 0.00164787564427, 0.0029621401336, 0.00141817587428, 0.00504331057891, 0.00553365470842, 0.00086733646458, 0.00110101967584, 0.00099050893914, 0.000618701102212, 0.000361682439689, 0.000606437097304, 0.000276036909781, 8.14884406282e-05, 7.58186506573e-05, 9.30053865886e-05, 3.0165159842e-05, 7.55933706387e-06, 4.47155542815e-07],
        "var": [1.49000101146e-08, 1.29839861529e-07, 3.4922001646e-07, 1.78987318122e-06, 5.29822182216e-06, 4.13808493249e-06, 1.62761734828e-05, 3.99869204557e-05, 5.92074775341e-06, 2.71549424724e-06, 8.77427464729e-06, 2.01122270482e-06, 2.54349815805e-05, 3.06213369186e-05, 7.52272512727e-07, 1.21224422855e-06, 9.81107859843e-07, 3.82791057518e-07, 1.3081418615e-07, 3.67765920828e-07, 7.61963718787e-08, 6.64036603482e-09, 5.7484674798e-09, 8.65000160388e-09, 9.09936848092e-10, 5.71435745944e-11, 1.99948090311e-13]
    },
    "erbbands": {
        "dmean": [0.00778527045622, 0.0363358147442, 0.269336730242, 1.37161564827, 4.14614629745, 4.10639095306, 5.06086397171, 7.83900117874, 10.8662595749, 17.6361808777, 24.0378494263, 13.9937419891, 11.1185913086, 14.8307771683, 17.6760444641, 18.6151885986, 32.5875701904, 46.7663459778, 16.4397182465, 15.7019729614, 17.5878410339, 14.359746933, 11.296421051, 10.0341463089, 9.12459278107, 8.95906734467, 5.63134908676, 2.40103149414, 1.28226923943, 0.980153620243, 0.857693612576, 0.607366085052, 0.449576169252, 0.161818146706, 0.0429366566241, 0.0184331983328, 0.00466509815305, 0.000489829631988, 1.34725341923e-05, 6.47154593025e-06],
        "dmean2": [0.0129456557333, 0.0605666600168, 0.455525815487, 2.36627817154, 6.96774721146, 7.19552326202, 8.61866855621, 12.980386734, 18.2490921021, 27.3445549011, 35.6234054565, 21.571937561, 16.6413192749, 22.6755714417, 24.9753017426, 28.5279655457, 44.4123573303, 64.095664978, 25.466917038, 25.0819835663, 28.093788147, 23.6295700073, 18.2727451324, 15.8929262161, 14.5877141953, 14.246468544, 8.61580181122, 3.73646330833, 2.046626091, 1.56246972084, 1.34659600258, 0.960717618465, 0.687768816948, 0.246934875846, 0.0671205073595, 0.0284769386053, 0.00743502238765, 0.000803448143415, 2.14935207623e-05, 9.63199636317e-06],
        "dvar": [0.000292870827252, 0.00329238874838, 0.152961209416, 4.14313316345, 54.5472488403, 55.8601493835, 116.465148926, 371.507110596, 959.490905762, 2797.1887207, 5934.578125, 1383.94958496, 1367.85644531, 2979.30981445, 4928.84960938, 1275.02832031, 5853.56787109, 15149.9306641, 638.405395508, 1226.88928223, 1042.10559082, 3187.84619141, 345.610321045, 235.350082397, 116.452964783, 154.388641357, 72.5650405884, 12.5379323959, 4.97038030624, 2.79479527473, 3.5059056282, 2.45556783676, 0.80290132761, 0.141481414437, 0.0211815964431, 0.00183212931734, 0.000128752843011, 3.9477545215e-06, 4.89143170412e-09, 6.1600287371e-11],
        "dvar2": [0.000721069576684, 0.00856821984053, 0.417066991329, 11.3990182877, 144.26940918, 155.054092407, 300.126922607, 946.64855957, 2127.37817383, 5900.86279297, 11623.9794922, 3313.79101562, 2258.68139648, 6120.29003906, 8793.31738281, 2926.81079102, 10353.3554688, 26684.4902344, 1320.74462891, 2786.86962891, 2550.87670898, 9245.31835938, 911.533996582, 602.876953125, 297.92590332, 382.64956665, 159.210952759, 27.1074085236, 12.3367843628, 7.10890340805, 8.38049411774, 5.48358821869, 1.6378685236, 0.343187212944, 0.0535060465336, 0.00423131370917, 0.000323581509292, 1.11625322461e-05, 1.40013209915e-08, 1.29939961568e-10],
        "max": [0.131452143192, 0.726539850235, 4.45067691803, 22.2105350494, 70.5199050903, 75.1767807007, 116.985679626, 437.784973145, 853.856811523, 973.948303223, 1661.66723633, 719.38684082, 1561.96826172, 2308.21826172, 2733.92333984, 534.484985352, 1523.2322998, 2542.13574219, 425.387542725, 1018.24163818, 762.815368652, 1811.55834961, 308.972076416, 470.3152771, 159.194412231, 188.550064087, 144.378341675, 60.4022903442, 55.7186813354, 35.9382858276, 48.3642807007, 44.838432312, 15.0580778122, 9.6663236618, 4.59512472153, 0.955832898617, 0.202116265893, 0.0545325540006, 0.00218516099267, 0.000108881846245],
        "mean": [0.00746011734009, 0.0607891902328, 0.445944160223, 1.99619567394, 5.02987384796, 5.17563676834, 5.84402942657, 8.69561386108, 13.6138181686, 30.0738887787, 48.9228553772, 23.8495559692, 19.0726413727, 26.7255630493, 32.0688896179, 36.5515518188, 82.8656692505, 145.218078613, 37.438167572, 33.8008995056, 37.4321937561, 28.0652484894, 24.7400512695, 22.6454124451, 21.9205818176, 22.9312610626, 15.3216028214, 6.19936943054, 3.12288045883, 2.37497639656, 1.85912168026, 1.31029057503, 1.08586204052, 0.374343574047, 0.0825547501445, 0.0280037261546, 0.00609699357301, 0.000551161181647, 2.61047716776e-05, 2.5023931812e-05],
        "median": [0.00214368733577, 0.0331672132015, 0.285101056099, 1.12562215328, 2.2666926384, 2.64373040199, 2.8098692894, 3.11507153511, 4.91717529297, 7.33894729614, 10.5345592499, 10.7657241821, 9.28939628601, 10.4630832672, 9.57065582275, 17.4478149414, 19.17436409, 17.6547546387, 23.6485118866, 23.624917984, 25.1377983093, 19.6267776489, 16.9676856995, 16.5151367188, 18.7477912903, 15.2935733795, 8.67517185211, 4.20630168915, 2.4760248661, 1.65751576424, 1.31748795509, 0.782457232475, 0.518999814987, 0.209843218327, 0.0475049540401, 0.0128949666396, 0.0020913882181, 0.000154445398948, 1.81260184036e-05, 2.02928240469e-05],
        "min": [1.63901496487e-21, 1.08052188115e-20, 1.68274499079e-20, 3.21976693015e-20, 2.03396458641e-20, 4.34348112943e-20, 2.30319109934e-19, 1.8945313065e-19, 3.56174045598e-19, 4.05776525566e-19, 6.65593413131e-19, 1.20853320882e-18, 2.03602442769e-18, 1.4030812292e-18, 1.471201724e-18, 1.58684333139e-18, 4.73176964805e-18, 4.34580221115e-18, 6.22463750704e-18, 6.79857842942e-18, 9.28750947149e-18, 4.11314236103e-18, 8.04019720838e-18, 1.15508832498e-17, 1.02401262337e-17, 1.48498590308e-17, 1.57334384719e-17, 1.24405399868e-17, 1.23890438578e-17, 1.74059794725e-17, 1.54287398758e-17, 1.43988933957e-17, 1.26340754347e-17, 1.04083673256e-17, 1.06267148832e-17, 6.66112830857e-18, 2.74439667527e-18, 1.42154028156e-18, 3.32801773047e-19, 3.36966465872e-20],
        "stdev": [0.0160487741232, 0.074991106987, 0.492902547121, 2.52959036827, 7.56286334991, 7.3892621994, 10.3906478882, 18.4651451111, 32.5974884033, 90.4537124634, 165.219528198, 49.4521789551, 55.6270027161, 87.5034942627, 110.216209412, 56.251335144, 164.921478271, 360.668792725, 43.0059738159, 54.8045120239, 48.5768318176, 60.9890289307, 29.1427230835, 26.9372940063, 18.1257228851, 24.8044986725, 18.7652015686, 6.87859535217, 3.07188558578, 2.50430440903, 2.28959321976, 1.94279789925, 1.70845174789, 0.529784798622, 0.146892338991, 0.0479222461581, 0.0116794109344, 0.00162867095787, 5.60811640753e-05, 1.88312333194e-05],
        "var": [0.000257563136984, 0.00562366610393, 0.242952927947, 6.39882802963, 57.1968994141, 54.6011962891, 107.965560913, 340.961578369, 1062.59619141, 8181.87402344, 27297.4941406, 2445.51806641, 3094.36352539, 7656.86181641, 12147.6123047, 3164.21289062, 27199.0957031, 130081.984375, 1849.51367188, 3003.53442383, 2359.70874023, 3719.66186523, 849.298278809, 725.617858887, 328.541809082, 615.263183594, 352.1328125, 47.315071106, 9.43648147583, 6.27154111862, 5.2422375679, 3.77446389198, 2.91880750656, 0.280671954155, 0.0215773601085, 0.00229654181749, 0.000136408649269, 2.65256926468e-06, 3.14509707167e-09, 3.5461536485e-10]
    },
    "gfcc": {
        "mean": [-23.9953708649, 85.7743148804, -164.640853882, 34.5930290222, -68.1921539307, 9.6372127533, -44.212688446, 2.06365990639, -26.6227531433, -2.46060919762, -13.3494386673, -14.1331424713, -10.8426761627],
        "cov": [[11627.1601562, -486.839630127, -120.727157593, 312.437164307, -236.602035522, 52.8981208801, -260.65322876, 81.0504302979, -319.186798096, 168.44921875, -196.016525269, -100.388565063, -229.899414062], [-486.839630127, 933.819213867, 224.723876953, 162.152114868, 85.2853622437, -164.596252441, 69.7712631226, -96.522026062, 33.7487792969, -69.015953064, 62.0528106689, -97.6974945068, -0.172013953328], [-120.727157593, 224.723876953, 611.795288086, 153.08757019, -70.6798248291, -84.7830657959, -85.2421646118, 37.4510498047, -28.3174705505, 47.282245636, -56.4151077271, 37.2407913208, -50.3744697571], [312.437164307, 162.152114868, 153.08757019, 440.820465088, 93.227973938, -33.9124298096, -28.7693901062, -32.0621109009, -15.4451932907, 15.6696910858, 14.890627861, -57.7790184021, 10.967382431], [-236.602035522, 85.2853622437, -70.6798248291, 93.227973938, 221.353179932, 58.5632247925, 64.4585342407, -36.9539833069, -4.52480840683, 2.63400220871, 31.9635124207, -26.8629589081, -4.38012647629], [52.8981208801, -164.596252441, -84.7830657959, -33.9124298096, 58.5632247925, 200.531219482, 50.0802612305, 12.3589076996, -25.389251709, -0.21874524653, 5.2646522522, -0.816175103188, 6.22728061676], [-260.65322876, 69.7712631226, -85.2421646118, -28.7693901062, 64.4585342407, 50.0802612305, 143.538818359, 19.7726306915, 10.971373558, -15.4066677094, 24.501033783, -25.0412158966, 3.51810503006], [81.0504302979, -96.522026062, 37.4510498047, -32.0621109009, -36.9539833069, 12.3589076996, 19.7726306915, 131.267211914, 34.5181083679, -0.772379398346, -29.2887554169, 34.0482749939, -5.95090723038], [-319.186798096, 33.7487792969, -28.3174705505, -15.4451932907, -4.52480840683, -25.389251709, 10.971373558, 34.5181083679, 108.047416687, 3.68347525597, 2.88285517693, -7.91093111038, 12.8393163681], [168.44921875, -69.015953064, 47.282245636, 15.6696910858, 2.63400220871, -0.21874524653, -15.4066677094, -0.772379398346, 3.68347525597, 91.0929412842, 10.2615432739, -4.58366346359, -24.860376358], [-196.016525269, 62.0528106689, -56.4151077271, 14.890627861, 31.9635124207, 5.2646522522, 24.501033783, -29.2887554169, 2.88285517693, 10.2615432739, 85.3676300049, -5.98547315598, 9.56694221497], [-100.388565063, -97.6974945068, 37.2407913208, -57.7790184021, -26.8629589081, -0.816175103188, -25.0412158966, 34.0482749939, -7.91093111038, -4.58366346359, -5.98547315598, 112.674629211, 23.1122646332], [-229.899414062, -0.172013953328, -50.3744697571, 10.967382431, -4.38012647629, 6.22728061676, 3.51810503006, -5.95090723038, 12.8393163681, -24.860376358, 9.56694221497, 23.1122646332, 77.8637542725]],
        "icov": [[0.000139730298542, -0.000169017526787, 0.000356123695383, -0.000237388187088, 0.00028629694134, -0.000158384631504, 0.000289877672913, -0.000330020004185, 0.000526631716639, -0.000453611632111, 0.000412746419897, -7.30200190446e-05, 0.00040577139589], [-0.000169017526787, 0.00328696612269, -0.00254350970499, 0.000543341797311, -0.00150120083708, 0.00252858479507, -0.00235199951567, 0.00229828013107, -0.00184609985445, 0.00393554847687, -0.00281618069857, 0.00234983372502, -0.00100913073402], [0.000356123695383, -0.00254350970499, 0.00496693048626, -0.00207624584436, 0.00236441520974, -0.0014172445517, 0.00219273730181, -0.00238165515475, 0.0025813842658, -0.00436828052625, 0.00391773646697, -0.00327623449266, 0.00318771484308], [-0.000237388187088, 0.000543341797311, -0.00207624584436, 0.00429824879393, -0.00300286803395, 0.001187159447, 0.00103317212779, -0.000425672478741, 7.59376925998e-05, 0.000878622697201, -0.00192502408754, 0.00346054020338, -0.00351411709562], [0.00028629694134, -0.00150120083708, 0.00236441520974, -0.00300286803395, 0.00861582253128, -0.00303515861742, -0.00213401671499, 0.00157306867186, 0.000247084768489, -0.00232547265477, 0.00159721937962, -0.0030281743966, 0.00365808233619], [-0.000158384631504, 0.00252858479507, -0.0014172445517, 0.001187159447, -0.00303515861742, 0.00857715215534, -0.00285224360414, 1.80461993295e-05, 0.00113869877532, 0.0020096572116, -0.00176879798528, 0.00236813863739, -0.0023043549154], [0.000289877672913, -0.00235199951567, 0.00219273730181, 0.00103317212779, -0.00213401671499, -0.00285224360414, 0.013202351518, -0.00610341038555, 0.00243887118995, -0.00133160222322, -0.00099153642077, 0.00238774809986, -0.000245384726441], [-0.000330020004185, 0.00229828013107, -0.00238165515475, -0.000425672478741, 0.00157306867186, 1.80461993295e-05, -0.00610341038555, 0.0148302968591, -0.0071303662844, 0.00321734440513, 0.00165214529261, -0.00393097801134, 0.00221287924796], [0.000526631716639, -0.00184609985445, 0.0025813842658, 7.59376925998e-05, 0.000247084768489, 0.00113869877532, 0.00243887118995, -0.0071303662844, 0.0149414641783, -0.0046576349996, 0.00140448741149, 0.00222531356849, -0.0023060888052], [-0.000453611632111, 0.00393554847687, -0.00436828052625, 0.000878622697201, -0.00232547265477, 0.0020096572116, -0.00133160222322, 0.00321734440513, -0.0046576349996, 0.0185640789568, -0.00687698367983, 0.00264700758271, 0.00248845410533], [0.000412746419897, -0.00281618069857, 0.00391773646697, -0.00192502408754, 0.00159721937962, -0.00176879798528, -0.00099153642077, 0.00165214529261, 0.00140448741149, -0.00687698367983, 0.0183802973479, -0.0041082794778, 0.000954415358137], [-7.30200190446e-05, 0.00234983372502, -0.00327623449266, 0.00346054020338, -0.0030281743966, 0.00236813863739, 0.00238774809986, -0.00393097801134, 0.00222531356849, 0.00264700758271, -0.0041082794778, 0.0162900406867, -0.00743787316605], [0.00040577139589, -0.00100913073402, 0.00318771484308, -0.00351411709562, 0.00365808233619, -0.0023043549154, -0.000245384726441, 0.00221287924796, -0.0023060888052, 0.00248845410533, 0.000954415358137, -0.00743787316605, 0.0204316582531]]
    },
    "melbands": {
        "dmean": [5.88400762354e-05, 0.000110124870844, 0.000314444798278, 0.000281974847894, 0.000170321232872, 0.000176758301677, 0.00018166177324, 0.000192344203242, 0.000192248640815, 8.58051062096e-05, 5.68206123717e-05, 5.95074452576e-05, 6.38334095129e-05, 5.00709757034e-05, 5.81146596232e-05, 9.80662880465e-05, 8.72636155691e-05, 2.74551202892e-05, 2.59412208834e-05, 2.23454189836e-05, 2.20174679271e-05, 1.75667446456e-05, 1.1434971384e-05, 1.18573780128e-05, 8.77275851963e-06, 7.44313138057e-06, 8.25177903607e-06, 6.571024187e-06, 4.50083325632e-06, 2.30299065151e-06, 1.30029866341e-06, 8.14000088667e-07, 6.79134359416e-07, 5.82587176723e-07, 5.68630184716e-07, 4.37402263742e-07, 4.08000886409e-07, 3.51300968759e-07, 2.70251319989e-07, 1.12131559149e-07],
        "dmean2": [9.72120542428e-05, 0.00018568719679, 0.000538810680155, 0.000483415205963, 0.000291191186989, 0.000292998010991, 0.000295400270261, 0.000300115934806, 0.000286610506009, 0.000133880224894, 8.55899270391e-05, 9.16989520192e-05, 9.18808509596e-05, 7.80659174779e-05, 8.74456236488e-05, 0.000135892667458, 0.000118764502986, 4.30646468885e-05, 4.12347253587e-05, 3.52617898898e-05, 3.52257920895e-05, 2.89155868813e-05, 1.87556252058e-05, 1.91597246157e-05, 1.40066586027e-05, 1.20236873045e-05, 1.32176346597e-05, 1.0600535461e-05, 7.01859062247e-06, 3.5996247334e-06, 2.03681406674e-06, 1.31725653318e-06, 1.10556004529e-06, 9.40578843256e-07, 9.09150685402e-07, 7.11834388767e-07, 6.61739591123e-07, 5.45075124592e-07, 4.11328983319e-07, 1.76172207489e-07],
        "dvar": [1.36093829539e-08, 2.38669208841e-08, 2.23165244506e-07, 2.64644086201e-07, 1.15305944348e-07, 2.01755668172e-07, 2.8147400144e-07, 2.81436854266e-07, 3.60675699085e-07, 4.91746696696e-08, 3.33624647908e-08, 4.40028209425e-08, 7.16055339467e-08, 1.15323395278e-08, 1.60438649033e-08, 5.78468863921e-08, 5.53487460309e-08, 1.82463111287e-09, 3.80920095466e-09, 2.96562396862e-09, 2.21880891438e-09, 5.05022335062e-09, 4.855434943e-10, 4.21941342976e-10, 1.86605619845e-10, 9.42946970506e-11, 1.21277543563e-10, 8.69913724388e-11, 4.7956784377e-11, 1.30218882552e-11, 4.04695678011e-12, 2.02226646887e-12, 1.39180832658e-12, 9.5989318924e-13, 1.41295406365e-12, 1.26505999686e-12, 9.02389979147e-13, 4.46124880744e-13, 3.586001396e-13, 7.15073616639e-14],
        "dvar2": [3.35666285878e-08, 6.45471374128e-08, 6.05473815085e-07, 7.16815009127e-07, 2.94142125767e-07, 5.21135405052e-07, 6.28901489108e-07, 5.990017371e-07, 7.06685057139e-07, 1.16065905331e-07, 5.54408465803e-08, 9.04087684717e-08, 1.30442387558e-07, 2.57573731233e-08, 3.25225286701e-08, 9.77700906901e-08, 9.42889002431e-08, 3.87188769935e-09, 8.66579430436e-09, 7.46153805409e-09, 5.47409717555e-09, 1.44057965556e-08, 1.12539411123e-09, 1.09177966667e-09, 4.79569051137e-10, 2.47940695752e-10, 3.05853814497e-10, 2.236704294e-10, 1.0373535364e-10, 2.77842974322e-11, 9.29053795701e-12, 5.02620991702e-12, 3.68128617867e-12, 2.47845082131e-12, 3.57728972313e-12, 2.91492849823e-12, 2.05839533786e-12, 9.8710709745e-13, 7.84333427199e-13, 1.83262110457e-13],
        "max": [0.00102878198959, 0.00168601202313, 0.00391202652827, 0.00590969529003, 0.00332361785695, 0.010499608703, 0.0154482666403, 0.00913463812321, 0.0127732139081, 0.00393578363582, 0.0075310934335, 0.00862540211529, 0.00868227239698, 0.00195713806897, 0.00176813080907, 0.00487290369347, 0.00502703059465, 0.00061827711761, 0.00181040097959, 0.00176338048186, 0.00126602384262, 0.00225796876475, 0.000634895579424, 0.000419552903622, 0.000391078705434, 0.000159682953381, 0.000147165017552, 0.000120144017274, 0.000141807962791, 7.6366297435e-05, 3.2238807762e-05, 3.69442677766e-05, 2.04821953957e-05, 1.99063415494e-05, 2.976570795e-05, 3.11171061185e-05, 2.50182238233e-05, 1.22565124911e-05, 1.06032739495e-05, 7.46329351387e-06],
        "mean": [6.83983962517e-05, 0.000193445404875, 0.000446341990028, 0.000366121617844, 0.000208965560887, 0.000196707813302, 0.000234625913436, 0.000333670410328, 0.000383745791623, 0.000138961782795, 9.28689551074e-05, 0.000102761230664, 0.000112573026854, 8.75684127095e-05, 0.000105202139821, 0.000285204761894, 0.000247933436185, 5.17592161486e-05, 4.59805814899e-05, 4.61177551188e-05, 4.14071218984e-05, 2.98852683045e-05, 2.07959346881e-05, 2.43835984293e-05, 1.73615317181e-05, 1.53407090693e-05, 1.75284258148e-05, 1.47397468027e-05, 1.12002480819e-05, 5.35835761184e-06, 2.93037282972e-06, 1.74996955593e-06, 1.44954572079e-06, 1.25602912249e-06, 1.13993030482e-06, 8.3632926362e-07, 7.93083358985e-07, 7.7944412169e-07, 5.9826834331e-07, 2.30315677641e-07],
        "median": [2.8679785828e-05, 0.000139216237585, 0.000270536518656, 0.000188190577319, 0.000106676016003, 7.14755442459e-05, 8.07360120234e-05, 8.34176462376e-05, 8.41193686938e-05, 6.32424780633e-05, 4.20195901825e-05, 4.0163671656e-05, 3.16954647133e-05, 3.54404364771e-05, 5.00032911077e-05, 3.44714571838e-05, 2.9220169381e-05, 3.12813754135e-05, 3.02458010992e-05, 3.0312436138e-05, 2.62366338575e-05, 1.94600615941e-05, 1.46366292029e-05, 1.42314584082e-05, 1.19872665891e-05, 1.23596837511e-05, 1.20931854326e-05, 9.2426143965e-06, 5.82518259762e-06, 3.22292066812e-06, 1.95761208488e-06, 1.36047265187e-06, 1.00559896055e-06, 8.58391445036e-07, 8.00280758995e-07, 5.12681708642e-07, 4.35853564795e-07, 3.72251804492e-07, 2.83722158656e-07, 1.29552830685e-07],
        "min": [1.50614640947e-23, 1.03931848394e-23, 4.85099679588e-24, 2.44514596486e-24, 8.7947743629e-24, 4.25756986904e-24, 5.63095067262e-24, 4.90347024557e-24, 5.90247028531e-24, 7.15562237605e-24, 9.92760623293e-24, 5.54320449084e-24, 5.51176325617e-24, 3.54245128681e-24, 4.21969034609e-24, 1.21135934438e-23, 7.1469023076e-24, 7.92359976652e-24, 1.07006970198e-23, 5.70351640957e-24, 1.20981451807e-23, 4.18130358558e-24, 4.18326903253e-24, 9.55892025596e-24, 9.31766213645e-24, 6.46012591997e-24, 7.7406629226e-24, 9.93156789239e-24, 9.75136997354e-24, 7.07426478431e-24, 7.59518119446e-24, 6.86877835141e-24, 7.0821021174e-24, 1.07677557188e-23, 1.01912277702e-23, 5.84431230393e-24, 9.26340349453e-24, 8.83894741815e-24, 7.28297608058e-24, 8.94910947698e-24],
        "stdev": [0.000115542890853, 0.000196999404579, 0.000537668704055, 0.000516956031788, 0.00033431337215, 0.00042341084918, 0.000581416883506, 0.000927151704673, 0.00129171262961, 0.000290761963697, 0.000276032078546, 0.000341563136317, 0.000392324320273, 0.000167380610947, 0.000179283189937, 0.00063900242094, 0.000641263497528, 6.33903546259e-05, 7.58529131417e-05, 9.71339686657e-05, 5.82283500989e-05, 7.18033916201e-05, 2.93190823868e-05, 3.6281246139e-05, 2.24393988901e-05, 1.37258593895e-05, 1.90810151253e-05, 1.6672496713e-05, 1.46746569953e-05, 6.87518604536e-06, 3.41041823049e-06, 1.79725623184e-06, 1.6277534769e-06, 1.37427196023e-06, 1.40165820994e-06, 1.27650218928e-06, 1.21581558687e-06, 1.22429389648e-06, 1.00637248579e-06, 3.28245192804e-07],
        "var": [1.33501600885e-08, 3.8808767755e-08, 2.89087608962e-07, 2.67243535745e-07, 1.11765423583e-07, 1.79276753443e-07, 3.3804556665e-07, 8.59610281623e-07, 1.6685215769e-06, 8.45425276452e-08, 7.61937073435e-08, 1.16665368921e-07, 1.53918364276e-07, 2.80162701927e-08, 3.21424629135e-08, 4.08324069667e-07, 4.11218906038e-07, 4.01833721853e-09, 5.75366465583e-09, 9.43500744199e-09, 3.39054073706e-09, 5.15572695647e-09, 8.59608551007e-10, 1.31632893474e-09, 5.03526609297e-10, 1.88399212897e-10, 3.64085150917e-10, 2.77972145302e-10, 2.15345560828e-10, 4.72681858932e-11, 1.16309522777e-11, 3.23013013906e-12, 2.64958150906e-12, 1.88862337228e-12, 1.96464567705e-12, 1.62945785337e-12, 1.47820763876e-12, 1.49889562567e-12, 1.01278566696e-12, 1.07744908373e-13]
    },
    "melbands128": {
