{
"lowlevel": {
    "average_loudness": 0.962665438652,
    "barkbands_crest": {
        "dmean": 2.40867805481,
        "dmean2": 4.06855201721,
        "dvar": 4.79709196091,
        "dvar2": 13.9627523422,
        "max": 22.6378574371,
        "mean": 9.95532608032,
        "median": 9.32068252563,
        "min": 3.98342132568,
        "stdev": 3.30275058746,
        "var": 10.9081611633
    },
    "barkbands_flatness_db": {
        "dmean": 0.0252599623054,
        "dmean2": 0.0382605493069,
        "dvar": 0.000557369086891,
        "dvar2": 0.00133451132569,
        "max": 0.30960637331,
        "mean": 0.179714754224,
        "median": 0.180441573262,
        "min": 0.0611221343279,
        "stdev": 0.0401737764478,
        "var": 0.00161393242888
    },
    "barkbands_kurtosis": {
        "dmean": 3.97681879997,
        "dmean2": 6.46225881577,
        "dvar": 24.169588089,
        "dvar2": 66.3849945068,
        "max": 61.2233123779,
        "mean": 8.86417961121,
        "median": 7.0430688858,
        "min": -1.13944208622,
        "stdev": 7.49305486679,
        "var": 56.1458702087
    },
    "barkbands_skewness": {
        "dmean": 0.523874104023,
        "dmean2": 0.817477881908,
        "dvar": 0.24800427258,
        "dvar2": 0.627134740353,
        "max": 6.08944320679,
        "mean": 2.20137906075,
        "median": 2.13659286499,
        "min": 0.118793331087,
        "stdev": 0.92713946104,
        "var": 0.859587609768
    },
    "barkbands_spread": {
        "dmean": 2.91388630867,
        "dmean2": 4.76998329163,
        "dvar": 16.3689823151,
        "dvar2": 39.6859970093,
        "max": 67.1338195801,
        "mean": 9.37945461273,
        "median": 8.3379611969,
        "min": 1.92163109779,
        "stdev": 5.63469171524,
        "var": 31.74974823
    },
    "dissonance": {
        "dmean": 0.0235564727336,
        "dmean2": 0.0390237867832,
        "dvar": 0.000403958954848,
        "dvar2": 0.00108234747313,
        "max": 0.499905019999,
        "mean": 0.443347364664,
        "median": 0.446830511093,
        "min": 0.287449747324,
        "stdev": 0.0291553530842,
        "var": 0.00085003458662
    },
    "dynamic_complexity": 1.76996564865,
    "erbbands_crest": {
        "dmean": 2.12586212158,
        "dmean2": 3.50018358231,
        "dvar": 3.89526867867,
        "dvar2": 10.7574605942,
        "max": 23.3971538544,
        "mean": 8.72233390808,
        "median": 7.98595762253,
        "min": 2.90601348877,
        "stdev": 3.27157092094,
        "var": 10.7031764984
    },
    "erbbands_flatness_db": {
        "dmean": 0.022937214002,
        "dmean2": 0.0314858816564,
        "dvar": 0.000471415114589,
        "dvar2": 0.00100803002715,
        "max": 0.268501758575,
        "mean": 0.165936678648,
        "median": 0.170798808336,
        "min": 0.058925036341,
        "stdev": 0.0365360938013,
        "var": 0.00133488606662
    },
    "erbbands_kurtosis": {
        "dmean": 0.989909946918,
        "dmean2": 1.58098387718,
        "dvar": 1.31462979317,
        "dvar2": 3.30938839912,
        "max": 14.476524353,
        "mean": 1.17632555962,
        "median": 0.622110843658,
        "min": -1.79952681065,
        "stdev": 2.03331947327,
        "var": 4.13438796997
    },
    "erbbands_skewness": {
        "dmean": 0.312186837196,
        "dmean2": 0.494104474783,
        "dvar": 0.0724573433399,
        "dvar2": 0.173526749015,
        "max": 3.43812298775,
        "mean": 0.967058718204,
        "median": 0.907051086426,
        "min": -1.09153234959,
        "stdev": 0.60689842701,
        "var": 0.368325680494
    },
    "erbbands_spread": {
        "dmean": 7.70334005356,
        "dmean2": 12.1305484772,
        "dvar": 102.828819275,
        "dvar2": 235.609222412,
        "max": 142.422103882,
        "mean": 32.1371040344,
        "median": 28.1433448792,
        "min": 9.09643268585,
        "stdev": 16.7379779816,
        "var": 280.159912109
    },
    "hfc": {
        "dmean": 3.68045711517,
        "dmean2": 5.67722940445,
        "dvar": 23.9382858276,
        "dvar2": 52.520488739,
        "max": 58.2890930176,
        "mean": 14.1176118851,
        "median": 12.1871109009,
        "min": 1.41374611855,
        "stdev": 8.4707069397,
        "var": 71.7528762817
    },
    "loudness_ebu128": {
        "integrated": -17.1820735931,
        "loudness_range": 1.77931976318,
        "momentary": {
            "dmean": 0.395145148039,
            "dmean2": 0.450788140297,
            "dvar": 0.122513994575,
            "dvar2": 0.160856664181,
            "max": -14.7465267181,
            "mean": -17.3807678223,
            "median": -17.2765579224,
            "min": -21.694694519,
            "stdev": 1.34222137928,
            "var": 1.80155825615
        },
        "short_term": {
            "dmean": 0.0592260807753,
            "dmean2": 0.0617797337472,
            "dvar": 0.00216089468449,
            "dvar2": 0.00261914567091,
            "max": -16.2781562805,
            "mean": -17.2605133057,
            "median": -17.0950126648,
            "min": -18.8314247131,
            "stdev": 0.595586955547,
            "var": 0.354723840952
        }
    },
    "melbands_crest": {
        "dmean": 2.63585686684,
        "dmean2": 4.42669677734,
        "dvar": 5.39032363892,
        "dvar2": 14.5990848541,
        "max": 26.4381828308,
        "mean": 12.7883043289,
        "median": 12.3583679199,
        "min": 5.10027122498,
        "stdev": 3.55926799774,
        "var": 12.6683883667
    },
    "melbands_flatness_db": {
        "dmean": 0.0279455371201,
        "dmean2": 0.0433189533651,
        "dvar": 0.000690739951096,
        "dvar2": 0.00169908674434,
        "max": 0.434432327747,
        "mean": 0.273866534233,
        "median": 0.273870527744,
        "min": 0.102160140872,
        "stdev": 0.0464649684727,
        "var": 0.00215899338946
    },
    "melbands_kurtosis": {
        "dmean": 7.57732009888,
        "dmean2": 12.2943782806,
        "dvar": 102.014595032,
        "dvar2": 266.679473877,
        "max": 156.922409058,
        "mean": 17.3886260986,
        "median": 13.7503814697,
        "min": -0.533524751663,
        "stdev": 15.5937509537,
        "var": 243.16506958
    },
    "melbands_skewness": {
        "dmean": 0.68402159214,
        "dmean2": 1.08777940273,
        "dvar": 0.480122059584,
        "dvar2": 1.19437646866,
        "max": 9.48003578186,
        "mean": 2.89016866684,
        "median": 2.74138140678,
        "min": 0.486243635416,
        "stdev": 1.30362653732,
        "var": 1.69944226742
    },
    "melbands_spread": {
        "dmean": 2.3169066906,
        "dmean2": 3.7380130291,
        "dvar": 6.87025785446,
        "dvar2": 17.222114563,
        "max": 52.3892326355,
        "mean": 8.89968776703,
        "median": 7.97179794312,
        "min": 1.53264009953,
        "stdev": 4.52426338196,
        "var": 20.468957901
    },
    "pitch_salience": {
        "dmean": 0.0656134560704,
        "dmean2": 0.11146903038,
        "dvar": 0.00350084668025,
        "dvar2": 0.00948284938931,
        "max": 0.862974882126,
        "mean": 0.601498425007,
        "median": 0.605706512928,
        "min": 0.229310855269,
        "stdev": 0.0844480246305,
        "var": 0.00713146943599
    },
    "silence_rate_20dB": {
        "dmean": 0,
        "dmean2": 0,
        "dvar": 0,
        "dvar2": 0,
        "max": 1,
        "mean": 1,
        "median": 1,
        "min": 1,
        "stdev": 0,
        "var": 0
    },
    "silence_rate_30dB": {
        "dmean": 0.0154798757285,
        "dmean2": 0.030975734815,
        "dvar": 0.0152402622625,
        "dvar2": 0.0444721765816,
        "max": 1,
        "mean": 0.991748332977,
        "median": 1,
        "min": 0,
        "stdev": 0.0904632359743,
        "var": 0.00818359758705
    },
    "silence_rate_60dB": {
        "dmean": 0,
        "dmean2": 0,
        "dvar": 0,
        "dvar2": 0,
        "max": 0,
        "mean": 0,
        "median": 0,
        "min": 0,
        "stdev": 0,
        "var": 0
    },
    "spectral_centroid": {
        "dmean": 109.578857422,
        "dmean2": 177.108093262,
        "dvar": 18071.9375,
        "dvar2": 43714.734375,
        "max": 2714.45532227,
        "mean": 559.934387207,
        "median": 520.841125488,
        "min": 232.838272095,
        "stdev": 213.897705078,
        "var": 45752.2265625
    },
    "spectral_complexity": {
        "dmean": 2.22187829018,
        "dmean2": 3.53433132172,
        "dvar": 4.61848545074,
        "dvar2": 10.5698738098,
        "max": 35,
        "mean": 14.5146980286,
        "median": 14,
        "min": 4,
        "stdev": 4.29330635071,
        "var": 18.4324798584
    },
    "spectral_decrease": {
        "dmean": 3.05994585226e-09,
        "dmean2": 5.01638286465e-09,
        "dvar": 1.70598573257e-17,
        "dvar2": 4.28326859761e-17,
        "max": -9.46562717097e-10,
        "mean": -1.01041406353e-08,
        "median": -9.00057450792e-09,
        "min": -4.31202167306e-08,
        "stdev": 5.49725642784e-09,
        "var": 3.02198293785e-17
    },
    "spectral_energy": {
        "dmean": 0.0117897521704,
        "dmean2": 0.0192727539688,
        "dvar": 0.00025051648845,
        "dvar2": 0.000626683584414,
        "max": 0.164742037654,
        "mean": 0.0394158624113,
        "median": 0.0351722799242,
        "min": 0.00370078487322,
        "stdev": 0.0212971121073,
        "var": 0.000453566957731
    },
    "spectral_energyband_high": {
        "dmean": 0.000174438173417,
        "dmean2": 0.00028389878571,
        "dvar": 1.34917357286e-07,
        "dvar2": 3.43026613336e-07,
        "max": 0.00388387986459,
        "mean": 0.0002178272116,
        "median": 9.01005842024e-05,
        "min": 2.81808593172e-06,
        "stdev": 0.000414825568441,
        "var": 1.72080248717e-07
    },
    "spectral_energyband_low": {
        "dmean": 0.00653122877702,
        "dmean2": 0.010917685926,
        "dvar": 0.000142772027175,
        "dvar2": 0.000374140363419,
        "max": 0.142440259457,
        "mean": 0.0137442806736,
        "median": 0.0108087006956,
        "min": 0.00030071666697,
        "stdev": 0.0130850458518,
        "var": 0.000171218416654
    },
    "spectral_energyband_middle_high": {
        "dmean": 0.000708418374415,
        "dmean2": 0.00101412809454,
        "dvar": 1.10299720291e-06,
        "dvar2": 2.02296519092e-06,
        "max": 0.0256976466626,
        "mean": 0.00262326933444,
        "median": 0.00188390689436,
        "min": 0.000110477718408,
        "stdev": 0.00241478555836,
        "var": 5.83118935538e-06
    },
    "spectral_energyband_middle_low": {
        "dmean": 0.00847475044429,
        "dmean2": 0.0139975734055,
        "dvar": 0.000136980190291,
        "dvar2": 0.000360892852768,
        "max": 0.155093714595,
        "mean": 0.0250289067626,
        "median": 0.0216431412846,
        "min": 0.00188154529314,
        "stdev": 0.0159205272794,
        "var": 0.000253463193076
    },
    "spectral_entropy": {
        "dmean": 0.242181703448,
        "dmean2": 0.359792917967,
        "dvar": 0.0604132972658,
        "dvar2": 0.140294402838,
        "max": 8.26184749603,
        "mean": 7.01064252853,
        "median": 6.95893096924,
        "min": 5.87631320953,
        "stdev": 0.386244058609,
        "var": 0.149184480309
    },
    "spectral_flux": {
        "dmean": 0.0260196551681,
        "dmean2": 0.0406883656979,
        "dvar": 0.000869568088092,
        "dvar2": 0.00193987914827,
        "max": 0.330954641104,
        "mean": 0.0863132476807,
        "median": 0.0769055783749,
        "min": 0.0168976970017,
        "stdev": 0.0426489524543,
        "var": 0.00181893329136
    },
    "spectral_kurtosis": {
        "dmean": 3.04056572914,
        "dmean2": 4.81787538528,
        "dvar": 8.46809577942,
        "dvar2": 21.5465698242,
        "max": 36.8519134521,
        "mean": 8.55087280273,
        "median": 7.85210990906,
        "min": -0.653669118881,
        "stdev": 4.38970375061,
        "var": 19.2695007324
    },
    "spectral_rms": {
        "dmean": 0.000874831282999,
        "dmean2": 0.00141104857903,
        "dvar": 9.32065233883e-07,
        "dvar2": 2.24130371862e-06,
        "max": 0.0126776946709,
        "mean": 0.0060065947473,
        "median": 0.00585785135627,
        "min": 0.0019001372857,
        "stdev": 0.00154120428488,
        "var": 2.37531071434e-06
    },
    "spectral_rolloff": {
        "dmean": 121.498733521,
        "dmean2": 208.650039673,
        "dvar": 87380.5546875,
        "dvar2": 186566.3125,
        "max": 7256.68945312,
        "mean": 499.705383301,
        "median": 430.6640625,
        "min": 107.666015625,
        "stdev": 350.488555908,
        "var": 122842.226562
    },
    "spectral_skewness": {
        "dmean": 0.322007983923,
        "dmean2": 0.50678730011,
        "dvar": 0.0820050165057,
        "dvar2": 0.20424772799,
        "max": 4.46597719193,
        "mean": 2.28312897682,
        "median": 2.28629827499,
        "min": 0.307055622339,
        "stdev": 0.510838270187,
        "var": 0.26095572114
    },
    "spectral_spread": {
        "dmean": 840750.125,
        "dmean2": 1215539.75,
        "dvar": 1.07747875226e+12,
        "dvar2": 2.57658034586e+12,
        "max": 11768597,
        "mean": 3912501.75,
        "median": 3550604,
        "min": 1715731.125,
        "stdev": 1438065,
        "var": 2.06803094733e+12
    },
    "spectral_strongpeak": {
        "dmean": 0.389222741127,
        "dmean2": 0.665430545807,
        "dvar": 0.228276729584,
        "dvar2": 0.579013705254,
        "max": 5.0477604866,
        "mean": 0.741131544113,
        "median": 0.517829596996,
        "min": 0,
        "stdev": 0.685130357742,
        "var": 0.469403594732
    },
    "zerocrossingrate": {
        "dmean": 0.00596796581522,
        "dmean2": 0.00785207655281,
        "dvar": 4.55043300462e-05,
        "dvar2": 6.32966330159e-05,
        "max": 0.158203125,
        "mean": 0.0289377775043,
        "median": 0.02685546875,
        "min": 0.0078125,
        "stdev": 0.0129409022629,
        "var": 0.000167466962012
    },
    "barkbands": {
        "dmean": [0.000126081911731, 0.00410200608894, 0.00262904330157, 0.00307970610447, 0.00592867704108, 0.00150922161993, 0.00101897318382, 0.00108655507211, 0.000537835003342, 0.00023802719079, 0.000253520789556, 0.000152865512064, 0.000207072254852, 0.000156931375386, 0.000123294827063, 6.86295461492e-05, 5.60927546758e-05, 4.02215628128e-05, 4.50510306109e-05, 3.33862008119e-05, 2.80552303593e-05, 2.17517354031e-05, 2.70606506092e-05, 3.39444668498e-05, 3.52688184648e-05, 2.4236354875e-05, 1.89996251265e-06],
        "dmean2": [0.000209589983569, 0.00699250679463, 0.00437650410458, 0.00512774242088, 0.0100910868496, 0.00241983239539, 0.00152924482245, 0.00163723994046, 0.000822733854875, 0.000362687191227, 0.000373073329683, 0.00024199183099, 0.000316565769026, 0.000240618857788, 0.000189835584024, 0.000111061672214, 8.74974211911e-05, 6.42475570203e-05, 7.22853365005e-05, 5.42551715625e-05, 4.56812704215e-05, 3.42971470673e-05, 4.47152779088e-05, 5.68627547182e-05, 6.08864538663e-05, 4.08869163948e-05, 3.28236183122e-06],
        "dvar": [7.04010574282e-08, 0.000120392876852, 8.87209353095e-06, 2.49450149568e-05, 6.95773705957e-05, 3.11624057758e-06, 2.75530010185e-06, 4.23085202783e-06, 8.35514697428e-07, 1.55787788003e-07, 3.58866742545e-07, 1.23346850955e-07, 2.52573670423e-07, 1.31777284196e-07, 5.75584024887e-08, 1.85028916633e-08, 2.08726103068e-08, 4.36767155776e-09, 7.10909553447e-09, 5.09516162595e-09, 3.00914848594e-09, 3.02207237013e-09, 4.66664840104e-09, 6.80874689962e-09, 7.38697591984e-09, 3.22727422564e-09, 2.80487542914e-11],
        "dvar2": [1.61953465749e-07, 0.000321663945215, 2.45619103225e-05, 6.68589927955e-05, 0.000194976382772, 7.86472446634e-06, 6.06184221397e-06, 8.55313010106e-06, 1.88312117189e-06, 3.64094745464e-07, 6.41825806724e-07, 2.4883900096e-07, 5.54952407583e-07, 2.60327084334e-07, 1.23439420463e-07, 4.35135092403e-08, 4.87325806375e-08, 1.0907379e-08, 1.69796852134e-08, 1.19043024327e-08, 7.24303417243e-09, 5.7323754632e-09, 1.05451771759e-08, 1.73679008952e-08, 2.0357688868e-08, 8.5948546058e-09, 7.68791350025e-11],
        "max": [0.00367656070739, 0.13046246767, 0.0332818925381, 0.062767162919, 0.0872178524733, 0.0283799767494, 0.0280999783427, 0.0490822382271, 0.0140858767554, 0.00707886740565, 0.0216363277286, 0.0102216368541, 0.0142513820902, 0.010497703217, 0.00491280667484, 0.00421867286786, 0.00440141092986, 0.00077133992454, 0.00157381384633, 0.00118153204676, 0.0011309600668, 0.00173348165117, 0.00165042991284, 0.00140081648715, 0.00090601935517, 0.000461333256681, 6.56465708744e-05],
        "mean": [0.000172914093127, 0.00682725012302, 0.00466100126505, 0.00430932966992, 0.0110512115061, 0.00336968456395, 0.00223169894889, 0.00256907078438, 0.00127285032067, 0.000585468660574, 0.000478818634292, 0.000308759539621, 0.000398461619625, 0.000283030065475, 0.000249201897532, 0.000132924687932, 0.000115876406198, 7.18845112715e-05, 7.73422580096e-05, 5.47878953512e-05, 4.38155293523e-05, 3.00613646687e-05, 3.38911631843e-05, 3.47647255694e-05, 2.98221002595e-05, 2.04482603294e-05, 1.5177994328e-06],
        "median": [5.1882743719e-05, 0.00507979188114, 0.00338873523287, 0.00277103716508, 0.00814499612898, 0.00249031186104, 0.00118215021212, 0.000901109422557, 0.000460870069219, 0.000220829024329, 0.000306521687889, 0.000186470118933, 0.000196293622139, 0.000111527508125, 0.000100246579677, 7.35074208933e-05, 4.96927605127e-05, 3.94625021727e-05, 4.7029228881e-05, 2.78253810393e-05, 2.36960986513e-05, 1.18318212117e-05, 1.27800012706e-05, 9.30239639274e-06, 5.68328323425e-06, 3.54669282387e-06, 1.58333392619e-07],
        "min": [1.05712487652e-08, 4.43577800979e-06, 4.8299851187e-05, 9.45115607465e-06, 0.00022432039259, 3.74872870452e-05, 2.09533845918e-05, 6.60201840219e-06, 1.06779280031e-05, 5.35699518878e-06, 5.16414638696e-06, 5.17054240845e-06, 7.94809602667e-06, 2.45206297222e-06, 2.91810647468e-06, 1.61290711276e-06, 1.10643259177e-06, 1.78840718945e-06, 1.58389593707e-06, 8.58658893321e-07, 7.15600947387e-07, 3.26423389652e-07, 2.37737921793e-07, 6.31472261148e-08, 5.85074317883e-08, 1.2088555934e-08, 1.59329230365e-10],
        "stdev": [0.000317232334055, 0.0105478418991, 0.00428433623165, 0.00536239612848, 0.0104811899364, 0.0030234393198, 0.00298185413703, 0.00461264653131, 0.00197599339299, 0.000929610338062, 0.000842397450469, 0.000478976377053, 0.000717690913007, 0.000533303245902, 0.000453539279988, 0.000200161783141, 0.00025532420841, 9.22257022467e-05, 0.00010451189155, 9.1817440989e-05, 7.05931088305e-05, 8.31993602333e-05, 9.11827737582e-05, 9.37897348194e-05, 7.48094898881e-05, 4.99936904816e-05, 4.44261058874e-06],
        "var": [1.00636349032e-07, 0.000111256958917, 1.83555366675e-05, 2.87552920781e-05, 0.000109855347546, 9.14118572837e-06, 8.89145394467e-06, 2.12765098695e-05, 3.90454988519e-06, 8.64175376591e-07, 7.09633468432e-07, 2.29418375852e-07, 5.15080216701e-07, 2.84412351448e-07, 2.05697872957e-07, 4.00647408583e-08, 6.51904485949e-08, 8.50558024013e-09, 1.09227356049e-08, 8.43044212218e-09, 4.98338748045e-09, 6.92213308895e-09, 8.31429858295e-09, 8.79651462782e-09, 5.59645929599e-09, 2.49936915608e-09, 1.97367885924e-11]
    },
    "erbbands": {
        "dmean": [0.106530241668, 0.992266774178, 2.7119987011, 6.12532091141, 20.7895278931, 15.7840795517, 18.1303062439, 7.79221725464, 13.8523597717, 19.5425167084, 18.0658760071, 10.9858531952, 8.09153461456, 5.418820858, 10.0198221207, 5.85106611252, 9.63471794128, 7.24245548248, 5.97280979156, 4.47906541824, 3.60855984688, 2.83391356468, 2.45712590218, 1.93703389168, 2.21153330803, 1.5759114027, 1.22882699966, 1.06123173237, 0.786875247955, 0.71918797493, 0.806272149086, 0.692631542683, 0.586762726307, 0.392799943686, 0.254924684763, 0.124378658831, 0.0416982397437, 0.00725786294788, 0.000192884413991, 1.62074084074e-05],
        "dmean2": [0.176173001528, 1.69695794582, 4.49534463882, 10.1914625168, 36.3049926758, 26.151594162, 29.7920093536, 11.79545784, 21.0670070648, 29.4658699036, 27.6367549896, 16.8865737915, 12.1373529434, 8.52484226227, 14.3705091476, 9.22581291199, 14.6931676865, 10.9295663834, 9.13027381897, 6.94632816315, 5.70738220215, 4.35701417923, 3.85394644737, 3.13063693047, 3.49427080154, 2.52525734901, 2.01590466499, 1.71467649937, 1.24330461025, 1.15513765812, 1.30499184132, 1.15716946125, 1.00147712231, 0.679800629616, 0.438567876816, 0.210712224245, 0.0707019641995, 0.0123320864514, 0.000329532311298, 2.62173543888e-05],
        "dvar": [0.105188094079, 6.0748796463, 10.3271942139, 69.375869751, 1445.14501953, 485.429138184, 575.553771973, 107.743476868, 523.293395996, 1364.99304199, 854.955566406, 420.596160889, 183.00604248, 73.7154388428, 564.136169434, 207.671615601, 669.625427246, 254.400054932, 130.517944336, 72.8165588379, 59.5652275085, 39.2677726746, 16.5701885223, 8.53348064423, 24.9166069031, 11.4902086258, 6.11519193649, 4.78727960587, 4.00280237198, 3.51636314392, 4.48336267471, 2.73557925224, 2.20844316483, 0.928825378418, 0.406199902296, 0.0860398635268, 0.00998356379569, 0.000316660560202, 2.51025397802e-07, 5.01569619171e-10],
        "dvar2": [0.261709839106, 16.837600708, 27.0311698914, 194.580245972, 4002.78271484, 1317.36535645, 1495.71484375, 217.31829834, 1178.88549805, 2944.11621094, 1979.90612793, 950.407714844, 403.487213135, 156.119689941, 912.280334473, 404.525726318, 1518.83996582, 503.961242676, 311.235412598, 153.41027832, 138.729782104, 84.3544692993, 40.3189163208, 21.8063106537, 60.3757209778, 26.2464561462, 14.4215402603, 11.0298137665, 7.82343626022, 8.1430978775, 9.57169532776, 6.69211292267, 5.84834194183, 2.52751588821, 1.13055932522, 0.231185391545, 0.026654034853, 0.000845006550662, 6.75161743402e-07, 1.18363796542e-09],
        "max": [3.85317349434, 29.4282455444, 39.0404129028, 98.4220809937, 472.950256348, 269.260467529, 327.342987061, 215.818328857, 511.603485107, 674.561157227, 504.666625977, 391.757568359, 266.913452148, 177.893768311, 897.278015137, 475.089935303, 797.061096191, 493.994995117, 221.208633423, 206.717224121, 247.918457031, 180.876052856, 63.4544487, 34.9184570312, 105.684288025, 60.8795280457, 50.8690872192, 46.4663124084, 60.9297218323, 47.7984580994, 60.0047798157, 35.8995246887, 19.981092453, 12.5948181152, 6.00682830811, 2.49028015137, 0.862436890602, 0.154818966985, 0.00580304535106, 0.000225555922952],
        "mean": [0.184473648667, 1.60198926926, 5.37273645401, 10.3826255798, 28.7330112457, 32.9588394165, 40.016658783, 20.5460739136, 29.5787658691, 47.884021759, 42.2440414429, 29.218996048, 21.5729484558, 13.2797727585, 19.1859798431, 13.1092605591, 19.0861606598, 14.466714859, 13.363907814, 9.75809192657, 7.52443122864, 6.28914356232, 5.06611156464, 3.50877118111, 3.66126990318, 2.58452391624, 1.88993024826, 1.59426927567, 1.09427499771, 0.971771597862, 0.984231948853, 0.744136154652, 0.571417152882, 0.343308329582, 0.209260046482, 0.10487947613, 0.0346421860158, 0.00608296925202, 0.000175122753717, 4.86163153255e-05],
        "median": [0.115088298917, 1.1483399868, 3.84831953049, 7.77701044083, 17.9837684631, 22.2054233551, 28.2832965851, 15.0058908463, 16.5181274414, 20.3800048828, 18.4825363159, 9.35297489166, 9.03908824921, 8.45969009399, 11.7126502991, 8.34402084351, 9.65925598145, 6.20670032501, 5.64194822311, 5.10691452026, 4.06771469116, 3.29008722305, 2.60186672211, 2.34694766998, 2.0432612896, 1.30501782894, 1.00060212612, 0.814039766788, 0.411197125912, 0.402758985758, 0.357700407505, 0.226717531681, 0.134153947234, 0.0712448880076, 0.0366158820689, 0.0186514984816, 0.00578206777573, 0.000845934730023, 4.05336759286e-05, 4.18680756411e-05],
        "min": [0.000253596925177, 0.00393495708704, 0.0630106702447, 0.287017077208, 0.454748302698, 0.792475581169, 0.737792253494, 0.48284059763, 0.571354568005, 0.265181720257, 0.412818670273, 0.197466403246, 0.303979158401, 0.377370655537, 0.232715278864, 0.327626258135, 0.403617143631, 0.345940649509, 0.303092062473, 0.208250567317, 0.124288387597, 0.0972920507193, 0.147387012839, 0.0891875326633, 0.0570315122604, 0.0342982895672, 0.042279265821, 0.0211955755949, 0.0105674704537, 0.0101328073069, 0.00634070439264, 0.00175088783726, 0.000896627083421, 0.000751382787712, 0.000340709841112, 9.10289600142e-05, 2.21816353587e-05, 3.56009559255e-06, 4.62997240902e-06, 5.52610708837e-06],
        "stdev": [0.340840548277, 2.27576637268, 4.86301517487, 9.69441413879, 38.1368179321, 32.8996353149, 42.9432563782, 19.577999115, 39.6668319702, 78.4656524658, 58.1634521484, 50.7122535706, 30.7914505005, 15.3729372025, 34.4349937439, 20.0384140015, 34.5005340576, 25.0361347198, 20.5761165619, 15.2931976318, 12.5186309814, 11.2794981003, 6.49316215515, 3.62392735481, 5.92132091522, 4.50703954697, 3.13042879105, 2.8928501606, 2.99318099022, 2.5225212574, 2.80268359184, 1.97472274303, 1.57990062237, 0.873302221298, 0.537276208401, 0.256857812405, 0.0868930444121, 0.0155816497281, 0.000430964428233, 2.837577631e-05],
        "var": [0.116172283888, 5.17911291122, 23.6489162445, 93.9816589355, 1454.41687012, 1082.38598633, 1844.12316895, 383.298065186, 1573.4576416, 6156.85888672, 3382.98706055, 2571.73266602, 948.113464355, 236.327209473, 1185.76867676, 401.53805542, 1190.28674316, 626.808044434, 423.376586914, 233.881881714, 156.716110229, 127.227073669, 42.161151886, 13.1328496933, 35.0620422363, 20.3134059906, 9.79958438873, 8.36858177185, 8.95913314819, 6.36311292648, 7.85503530502, 3.89952969551, 2.49608588219, 0.762656807899, 0.288665741682, 0.065975934267, 0.00755040068179, 0.000242787806201, 1.85730328894e-07, 8.05184696695e-10]
    },
    "gfcc": {
        "mean": [-4.22782182693, 133.525253296, -92.5359725952, 24.5346794128, -52.6945915222, 7.25964641571, -40.2939186096, 2.2000105381, -26.6623535156, 0.805295348167, -15.3513879776, -2.91958379745, -12.8778495789],
        "cov": [[1791.40698242, -880.768005371, 114.706237793, -101.861869812, -209.251907349, 158.381851196, -144.551147461, 196.846099854, -32.3824081421, 128.68019104, -191.309753418, -4.37604856491, -173.037185669], [-880.768005371, 944.110473633, -272.024627686, -93.2590332031, 178.379852295, -96.7167892456, 174.674209595, -97.3553543091, 146.898834229, -85.5599060059, 153.038192749, -44.6410903931, 96.8362350464], [114.706237793, -272.024627686, 390.622711182, 107.794509888, -17.4153213501, 58.1749382019, -33.3544120789, 37.1713256836, -57.2242622375, 63.8233032227, -15.6044187546, 61.9450492859, -6.607213974], [-101.861869812, -93.2590332031, 107.794509888, 204.45880127, 44.7593078613, -9.90978336334, -3.28374624252, -16.7998733521, -13.5293979645, 1.66090297699, 9.6044216156, 18.6158313751, 39.1595039368], [-209.251907349, 178.379852295, -17.4153213501, 44.7593078613, 182.739929199, 5.40055036545, 30.0048103333, 0.68440425396, 18.9274902344, -12.4555740356, 33.0013999939, 13.3812570572, 44.5525474548], [158.381851196, -96.7167892456, 58.1749382019, -9.90978336334, 5.40055036545, 131.149795532, 27.5238246918, 34.5044822693, 10.8720684052, 23.0521869659, -11.8482885361, -1.70935368538, -24.8260860443], [-144.551147461, 174.674209595, -33.3544120789, -3.28374624252, 30.0048103333, 27.5238246918, 118.279602051, 6.54614496231, 28.3730316162, -8.17846679688, 35.5136489868, -6.47604990005, 7.01195430756], [196.846099854, -97.3553543091, 37.1713256836, -16.7998733521, 0.68440425396, 34.5044822693, 6.54614496231, 102.367141724, 35.0088348389, 30.8771095276, -18.7833805084, 10.4627132416, -22.986032486], [-32.3824081421, 146.898834229, -57.2242622375, -13.5293979645, 18.9274902344, 10.8720684052, 28.3730316162, 35.0088348389, 138.847412109, 17.3656234741, 21.0169010162, -13.3812952042, 0.265834718943], [128.68019104, -85.5599060059, 63.8233032227, 1.66090297699, -12.4555740356, 23.0521869659, -8.17846679688, 30.8771095276, 17.3656234741, 75.4072799683, 10.3298454285, 14.769493103, -14.0566549301], [-191.309753418, 153.038192749, -15.6044187546, 9.6044216156, 33.0013999939, -11.8482885361, 35.5136489868, -18.7833805084, 21.0169010162, 10.3298454285, 81.9162597656, 22.8034496307, 21.8720417023], [-4.37604856491, -44.6410903931, 61.9450492859, 18.6158313751, 13.3812570572, -1.70935368538, -6.47604990005, 10.4627132416, -13.3812952042, 14.769493103, 22.8034496307, 68.7883377075, 16.8443260193], [-173.037185669, 96.8362350464, -6.607213974, 39.1595039368, 44.5525474548, -24.8260860443, 7.01195430756, -22.986032486, 0.265834718943, -14.0566549301, 21.8720417023, 16.8443260193, 67.2007293701]],
        "icov": [[0.00163061637431, 0.00127559679095, 0.000572284159716, 0.000755191838834, 5.7070828916e-05, -0.0004900075146, 5.86860805925e-05, -0.000921831524465, -0.000451710307971, -0.00117762060836, 0.00118440843653, -9.67964588199e-05, 0.000830718432553], [0.00127559679095, 0.0130885411054, -0.00210844445974, 0.0105716828257, -0.00786725617945, 0.00789682660252, -0.0110369343311, 0.00770369870588, -0.0110041648149, 0.00712153408676, -0.0108676236123, 0.00881573092192, -0.00716329040006], [0.000572284159716, -0.00210844445974, 0.00578535394743, -0.00447881966829, 0.00233950931579, -0.00376937887631, 0.00284132710658, -0.0028855195269, 0.00397311104462, -0.00513320835307, 0.00395778845996, -0.00519369356334, 0.00238778977655], [0.000755191838834, 0.0105716828257, -0.00447881966829, 0.0157348606735, -0.00780530460179, 0.00754114706069, -0.0093199359253, 0.00769920507446, -0.00953665468842, 0.00648536905646, -0.00888180546463, 0.00827091932297, -0.00912008155137], [5.7070828916e-05, -0.00786725617945, 0.00233950931579, -0.00780530460179, 0.012661174871, -0.00684158410877, 0.00696284743026, -0.0072803851217, 0.00685104494914, -0.00392543664202, 0.00552868796512, -0.00585475936532, 0.000943572202232], [-0.0004900075146, 0.00789682660252, -0.00376937887631, 0.00754114706069, -0.00684158410877, 0.0164444018155, -0.0110311200842, 0.00526389107108, -0.00766837457195, 0.00411846069619, -0.00606836611405, 0.00662925420329, -0.00263840565458], [5.86860805925e-05, -0.0110369343311, 0.00284132710658, -0.0093199359253, 0.00696284743026, -0.0110311200842, 0.0223869103938, -0.0101443892345, 0.00925378967077, -0.00413023261353, 0.00387220596895, -0.00534902745858, 0.00644830008969], [-0.000921831524465, 0.00770369870588, -0.0028855195269, 0.00769920507446, -0.0072803851217, 0.00526389107108, -0.0101443892345, 0.0227798167616, -0.0117734856904, 0.00174288626295, -0.00162763660774, 0.000926723820157, -0.0019145749975], [-0.000451710307971, -0.0110041648149, 0.00397311104462, -0.00953665468842, 0.00685104494914, -0.00766837457195, 0.00925378967077, -0.0117734856904, 0.0198446717113, -0.00915655214339, 0.00677414983511, -0.00473631592467, 0.00526260165498], [-0.00117762060836, 0.00712153408676, -0.00513320835307, 0.00648536905646, -0.00392543664202, 0.00411846069619, -0.00413023261353, 0.00174288626295, -0.00915655214339, 0.026907261461, -0.0152412746102, 0.00592516595498, -0.0032872504089], [0.00118440843653, -0.0108676236123, 0.00395778845996, -0.00888180546463, 0.00552868796512, -0.00606836611405, 0.00387220596895, -0.00162763660774, 0.00677414983511, -0.0152412746102, 0.0350667908788, -0.0175436232239, 0.00717602297664], [-9.67964588199e-05, 0.00881573092192, -0.00519369356334, 0.00827091932297, -0.00585475936532, 0.00662925420329, -0.00534902745858, 0.000926723820157, -0.00473631592467, 0.00592516595498, -0.0175436232239, 0.0298080835491, -0.0115807652473], [0.000830718432553, -0.00716329040006, 0.00238778977655, -0.00912008155137, 0.000943572202232, -0.00263840565458, 0.00644830008969, -0.0019145749975, 0.00526260165498, -0.0032872504089, 0.00717602297664, -0.0115807652473, 0.0298221670091]]
    },
    "melbands": {
        "dmean": [0.00105087598786, 0.00127765827347, 0.00138487503864, 0.00133715500124, 0.000608330883551, 0.00019939953927, 0.000201658767764, 0.000232588761719, 0.000146833583131, 6.62708480377e-05, 4.14031928813e-05, 2.24992691074e-05, 3.20172985084e-05, 1.75383665919e-05, 2.39517903537e-05, 1.99390051421e-05, 1.48099543367e-05, 1.04917089629e-05, 1.09004968181e-05, 4.75846218251e-06, 4.20071955887e-06, 3.12201564157e-06, 3.2256061786e-06, 1.76924959305e-06, 1.6366991531e-06, 1.92924585463e-06, 1.42480359955e-06, 1.03975196453e-06, 8.37204538584e-07, 6.85469615291e-07, 6.26991095487e-07, 4.74224975733e-07, 4.01665516847e-07, 4.1879610535e-07, 4.75980613146e-07, 4.67629348577e-07, 4.1695273012e-07, 4.19808571905e-07, 3.77999953116e-07, 3.26419012708e-07],
        "dmean2": [0.00177831668407, 0.0021387685556, 0.00233109947294, 0.00229701353237, 0.000988942454569, 0.00030708356644, 0.0003052042739, 0.000347551918821, 0.000225557450904, 0.000100878933154, 6.22838269919e-05, 3.54668445652e-05, 4.65812809125e-05, 2.67715877271e-05, 3.72365866497e-05, 3.07849004457e-05, 2.2291444111e-05, 1.61444459081e-05, 1.68423484865e-05, 7.76624074206e-06, 6.72292435411e-06, 4.85659165861e-06, 4.98973213325e-06, 2.86562340079e-06, 2.71428666565e-06, 3.07887148665e-06, 2.32896036323e-06, 1.69467807609e-06, 1.38487052936e-06, 1.12416739739e-06, 1.01591672319e-06, 7.66352570736e-07, 6.3471611611e-07, 6.84604003709e-07, 7.74757609179e-07, 7.78253877343e-07, 6.99033989804e-07, 7.18181638604e-07, 6.52130211165e-07, 5.67873485124e-07],
        "dvar": [9.27405653783e-06, 3.48522030436e-06, 5.09165374751e-06, 3.90329932998e-06, 7.12496557753e-07, 5.91558126928e-08, 1.10921213547e-07, 1.90921468857e-07, 5.70360327856e-08, 1.5928677044e-08, 4.75033123948e-09, 1.25848087507e-09, 8.82032846761e-09, 9.47671274787e-10, 2.40216047054e-09, 2.74939027101e-09, 1.27397359329e-09, 5.19400411569e-10, 5.29935206828e-10, 8.18292031357e-11, 8.70746044712e-11, 6.2096494613e-11, 4.09197432882e-11, 7.66840410615e-12, 6.12795144489e-12, 1.7045762371e-11, 9.96935780456e-12, 5.52764604922e-12, 3.06474095234e-12, 1.81411016851e-12, 1.95202859953e-12, 1.45739995593e-12, 1.334935309e-12, 1.33239437278e-12, 1.57212350776e-12, 1.48525018239e-12, 9.38581027135e-13, 1.1932754047e-12, 8.52589158128e-13, 6.94925128726e-13],
        "dvar2": [2.42707137659e-05, 9.39958954405e-06, 1.36524895424e-05, 1.09412976599e-05, 1.79642779585e-06, 1.26169510395e-07, 2.5099362233e-07, 3.9979909161e-07, 1.39901587204e-07, 3.45149047121e-08, 1.05829132124e-08, 2.8009705666e-09, 1.51355692424e-08, 1.94260496578e-09, 4.84055195926e-09, 6.59912657852e-09, 2.46800824222e-09, 1.22885590592e-09, 1.1179737136e-09, 1.90016904988e-10, 2.06788947077e-10, 1.33870359242e-10, 9.25392748541e-11, 1.87615860348e-11, 1.58554835927e-11, 4.10367954895e-11, 2.55025098261e-11, 1.25977995397e-11, 7.18870709487e-12, 4.56714657412e-12, 4.56313459241e-12, 2.98139746398e-12, 2.56761062065e-12, 3.42186717329e-12, 3.19844693265e-12, 3.63899231928e-12, 2.32265096912e-12, 3.13749525492e-12, 2.32051313928e-12, 1.89040319856e-12],
        "max": [0.0354056693614, 0.0223804078996, 0.0304821133614, 0.0210997443646, 0.0118871293962, 0.00421097734943, 0.00655098631978, 0.00952772423625, 0.00351237645373, 0.0026406974066, 0.00133787409868, 0.000734408153221, 0.00360778835602, 0.000779192312621, 0.0011940037366, 0.00126162299421, 0.00113577151205, 0.000485268625198, 0.0005077207461, 0.000263347028522, 0.000249068136327, 0.000256605853792, 0.000143108001794, 3.64630795957e-05, 2.89058116323e-05, 7.22812474123e-05, 5.85497436987e-05, 5.33068559889e-05, 4.15663816966e-05, 2.31953290495e-05, 3.25628025166e-05, 3.00277715723e-05, 4.29470055678e-05, 2.31303747569e-05, 3.42309613188e-05, 3.06255133182e-05, 1.88108169823e-05, 1.58227012435e-05, 1.36406733873e-05, 1.16703795356e-05],
        "mean": [0.00176388141699, 0.00253706425428, 0.0023050669115, 0.00238936580718, 0.00141166790854, 0.000521495763678, 0.000429587758845, 0.000564850517549, 0.000321809551679, 0.000177361856913, 0.000105854582216, 5.44660833839e-05, 6.04967244726e-05, 3.69738372683e-05, 4.70041122753e-05, 3.50998525391e-05, 2.68671665253e-05, 2.10708640225e-05, 2.12557679333e-05, 8.83739812707e-06, 8.20702643978e-06, 6.18821331955e-06, 6.48001378067e-06, 3.09162101075e-06, 2.73800537798e-06, 3.01792192658e-06, 2.19506250687e-06, 1.57400756962e-06, 1.22355913845e-06, 9.96742073767e-07, 8.86913824161e-07, 6.32186413441e-07, 5.31734542619e-07, 5.40854045994e-07, 5.84900021749e-07, 5.08560674461e-07, 4.30637300042e-07, 4.0890935793e-07, 3.43040426287e-07, 2.73592718258e-07],
        "median": [0.00132394290995, 0.00191697222181, 0.00169569626451, 0.00177678349428, 0.000928859051783, 0.000395368260797, 0.000230848338106, 0.000225095442147, 0.000147195256432, 5.13632730872e-05, 4.42856617155e-05, 3.06683905364e-05, 3.76202042389e-05, 2.29373617913e-05, 2.55067789112e-05, 1.31596007122e-05, 1.04130822365e-05, 7.95084906713e-06, 8.88962404133e-06, 5.11851612828e-06, 4.02679415856e-06, 2.86428871732e-06, 2.9581851777e-06, 1.76686035047e-06, 1.77121046363e-06, 1.60867466548e-06, 1.1259699022e-06, 7.1097002774e-07, 6.22327092969e-07, 5.14775592819e-07, 4.24024648282e-07, 2.20984304633e-07, 1.96230629967e-07, 2.10158489722e-07, 2.07565889809e-07, 1.64286703352e-07, 1.20127822356e-07, 9.46690263959e-08, 7.79690410013e-08, 5.29688399808e-08],
        "min": [1.55540715241e-06, 3.23930362356e-05, 7.63895804994e-05, 3.16737823596e-05, 2.80780423054e-05, 1.01569248727e-05, 5.80345522394e-06, 1.01697173704e-06, 2.52435938819e-06, 9.0483393933e-07, 9.21209220905e-07, 7.66580114941e-07, 7.26299390408e-07, 6.51070251934e-07, 4.41899913994e-07, 5.13980978667e-07, 3.26366915715e-07, 3.00154795241e-07, 2.03872986049e-07, 1.21314926105e-07, 8.09017066672e-08, 9.21098646245e-08, 7.04052709466e-08, 9.19136695643e-08, 5.91229394331e-08, 5.59941746303e-08, 1.92038474012e-08, 8.45602787791e-09, 2.66795137094e-08, 1.60311568465e-08, 1.03723936107e-08, 5.53286438887e-09, 4.3575001385e-09, 4.40180647487e-09, 2.59869681329e-09, 1.12710196731e-09, 9.21461573711e-10, 6.7444072549e-10, 4.82165918303e-10, 5.4048127085e-10],
        "stdev": [0.00299630546942, 0.00222823722288, 0.00237611681223, 0.00232113874517, 0.00158486806322, 0.00046101163025, 0.000573168275878, 0.000968538923189, 0.000437054870417, 0.000331537943566, 0.00015526797506, 7.18787050573e-05, 0.000128022657009, 4.90413112857e-05, 7.75762746343e-05, 6.8226509029e-05, 5.39195243618e-05, 3.53449831891e-05, 4.25983853347e-05, 1.27442908706e-05, 1.58502025442e-05, 1.34382189572e-05, 1.07370333353e-05, 3.710949386e-06, 3.00805822917e-06, 4.93319021189e-06, 3.63679896509e-06, 3.13988971357e-06, 2.20865035772e-06, 1.61649575148e-06, 1.80875781552e-06, 1.71813462657e-06, 1.69368695424e-06, 1.4011420717e-06, 1.72038721757e-06, 1.39220946949e-06, 1.15032526082e-06, 1.16331739264e-06, 9.22232288758e-07, 7.26871348888e-07],
        "var": [8.9778459369e-06, 4.96504071634e-06, 5.64593165109e-06, 5.38768472325e-06, 2.51180676969e-06, 2.12531730881e-07, 3.28521878146e-07, 9.38067614698e-07, 1.9101695159e-07, 1.09917401403e-07, 2.41081430374e-08, 5.16654807825e-09, 1.6389801516e-08, 2.40505038107e-09, 6.01807848e-09, 4.65485694434e-09, 2.90731527741e-09, 1.24926791134e-09, 1.8146224523e-09, 1.62416941007e-10, 2.51228926551e-10, 1.80585740805e-10, 1.15283886604e-10, 1.37711448148e-11, 9.04841479521e-12, 2.43363645208e-11, 1.32263072022e-11, 9.85890709349e-12, 4.8781365232e-12, 2.61305842415e-12, 3.27160477528e-12, 2.95198674533e-12, 2.86857560275e-12, 1.96319913451e-12, 2.95973206881e-12, 1.93824730571e-12, 1.32324815168e-12, 1.35330733165e-12, 8.50512423076e-13, 5.28341964363e-13]
    },
    "melbands128": {
