{
"lowlevel": {
    "average_loudness": 0.967607498169,
    "barkbands_crest": {
        "dmean": 2.38986110687,
        "dmean2": 3.903673172,
        "dvar": 4.65019845963,
        "dvar2": 12.4872579575,
        "max": 22.9479732513,
        "mean": 8.67856216431,
        "median": 8.34229850769,
        "min": 2.37333655357,
        "stdev": 3.19695448875,
        "var": 10.2205181122
    },
    "barkbands_flatness_db": {
        "dmean": 0.0262187961489,
        "dmean2": 0.0389608666301,
        "dvar": 0.000508287921548,
        "dvar2": 0.00115749821998,
        "max": 0.279843121767,
        "mean": 0.131551221013,
        "median": 0.130916133523,
        "min": 0.0358761772513,
        "stdev": 0.0385058149695,
        "var": 0.00148269790225
    },
    "barkbands_kurtosis": {
        "dmean": 2.25429224968,
        "dmean2": 3.66936850548,
        "dvar": 10.3301477432,
        "dvar2": 25.4353237152,
        "max": 48.0592765808,
        "mean": 2.38812208176,
        "median": 0.810255765915,
        "min": -1.79264986515,
        "stdev": 4.68303632736,
        "var": 21.9308300018
    },
    "barkbands_skewness": {
        "dmean": 0.566344022751,
        "dmean2": 0.880639493465,
        "dvar": 0.310779750347,
        "dvar2": 0.720266997814,
        "max": 5.64479541779,
        "mean": 1.41858279705,
        "median": 1.34935522079,
        "min": -2.13164687157,
        "stdev": 1.00247907639,
        "var": 1.00496435165
    },
    "barkbands_spread": {
        "dmean": 7.99931716919,
        "dmean2": 13.2889328003,
        "dvar": 68.7441940308,
        "dvar2": 177.790115356,
        "max": 74.5263519287,
        "mean": 28.3730564117,
        "median": 27.1763439178,
        "min": 2.18589067459,
        "stdev": 12.4527721405,
        "var": 155.071533203
    },
    "dissonance": {
        "dmean": 0.0150777213275,
        "dmean2": 0.0242994185537,
        "dvar": 0.000267926545348,
        "dvar2": 0.000533533282578,
        "max": 0.499999135733,
        "mean": 0.466416597366,
        "median": 0.471268862486,
        "min": 0,
        "stdev": 0.02359672077,
        "var": 0.00055680522928
    },
    "dynamic_complexity": 1.79664444923,
    "erbbands_crest": {
        "dmean": 2.18904781342,
        "dmean2": 3.60726189613,
        "dvar": 4.31588315964,
        "dvar2": 11.1489276886,
        "max": 24.5592403412,
        "mean": 7.08685016632,
        "median": 6.34953022003,
        "min": 2.26112127304,
        "stdev": 2.95557904243,
        "var": 8.73544692993
    },
    "erbbands_flatness_db": {
        "dmean": 0.0262808781117,
        "dmean2": 0.0379820130765,
        "dvar": 0.000503188814037,
        "dvar2": 0.00110370060429,
        "max": 0.293153733015,
        "mean": 0.155672103167,
        "median": 0.154136672616,
        "min": 0.0697846487164,
        "stdev": 0.0364501662552,
        "var": 0.0013286145404
    },
    "erbbands_kurtosis": {
        "dmean": 0.54269015789,
        "dmean2": 0.890641987324,
        "dvar": 0.388875722885,
        "dvar2": 0.970113456249,
        "max": 6.85150623322,
        "mean": -0.553282320499,
        "median": -0.749529480934,
        "min": -1.74476706982,
        "stdev": 0.851752340794,
        "var": 0.725482046604
    },
    "erbbands_skewness": {
        "dmean": 0.35530936718,
        "dmean2": 0.561156868935,
        "dvar": 0.0950445607305,
        "dvar2": 0.229801431298,
        "max": 2.39051485062,
        "mean": -0.212835222483,
        "median": -0.22755856812,
        "min": -2.22614645958,
        "stdev": 0.590018033981,
        "var": 0.348121285439
    },
    "erbbands_spread": {
        "dmean": 9.35335445404,
        "dmean2": 15.0410032272,
        "dvar": 86.0886154175,
        "dvar2": 221.891311646,
        "max": 100.9348526,
        "mean": 46.3546104431,
        "median": 45.4445457458,
        "min": 12.5559406281,
        "stdev": 13.9563903809,
        "var": 194.780822754
    },
    "hfc": {
        "dmean": 8.12677001953,
        "dmean2": 12.4685916901,
        "dvar": 117.144447327,
        "dvar2": 235.543045044,
        "max": 176.764801025,
        "mean": 19.3757305145,
        "median": 14.1871395111,
        "min": 1.17374374588e-16,
        "stdev": 16.2920341492,
        "var": 265.430358887
    },
    "loudness_ebu128": {
        "integrated": -15.4977712631,
        "loudness_range": 2.82307434082,
        "momentary": {
            "dmean": 0.395767152309,
            "dmean2": 0.517475128174,
            "dvar": 0.111032828689,
            "dvar2": 0.172855511308,
            "max": -11.7926979065,
            "mean": -15.721575737,
            "median": -15.7176952362,
            "min": -19.8996448517,
            "stdev": 1.38750863075,
            "var": 1.92518007755
        },
        "short_term": {
            "dmean": 0.0659852027893,
            "dmean2": 0.0788286477327,
            "dvar": 0.00252221990377,
            "dvar2": 0.00342477788217,
            "max": -13.6584014893,
            "mean": -15.5868396759,
            "median": -15.8833312988,
            "min": -17.228849411,
            "stdev": 1.00695085526,
            "var": 1.01394999027
        }
    },
    "melbands_crest": {
        "dmean": 3.10587835312,
        "dmean2": 5.14718866348,
        "dvar": 8.13637924194,
        "dvar2": 21.8600559235,
        "max": 29.2340698242,
        "mean": 12.7839431763,
        "median": 12.4300336838,
        "min": 1.90635061264,
        "stdev": 4.05673837662,
        "var": 16.4571266174
    },
    "melbands_flatness_db": {
        "dmean": 0.0325465090573,
        "dmean2": 0.0498894713819,
        "dvar": 0.000846876413561,
        "dvar2": 0.00203772075474,
        "max": 0.383818030357,
        "mean": 0.185858383775,
        "median": 0.18443711102,
        "min": 0.004344987683,
        "stdev": 0.0512915365398,
        "var": 0.00263082189485
    },
    "melbands_kurtosis": {
        "dmean": 6.8500494957,
        "dmean2": 11.1353063583,
        "dvar": 101.718521118,
        "dvar2": 264.592498779,
        "max": 117.20160675,
        "mean": 12.19140625,
        "median": 8.52288818359,
        "min": -1.49384343624,
        "stdev": 13.189699173,
        "var": 173.968154907
    },
    "melbands_skewness": {
        "dmean": 0.790458679199,
        "dmean2": 1.24734151363,
        "dvar": 0.728876888752,
        "dvar2": 1.75291788578,
        "max": 9.17211055756,
        "mean": 2.83755803108,
        "median": 2.72027611732,
        "min": -0.115663066506,
        "stdev": 1.36165249348,
        "var": 1.85409748554
    },
    "melbands_spread": {
        "dmean": 10.5701236725,
        "dmean2": 16.7552833557,
        "dvar": 145.692214966,
        "dvar2": 351.173370361,
        "max": 142.023178101,
        "mean": 28.6816501617,
        "median": 24.0696372986,
        "min": 1.65937387943,
        "stdev": 18.628742218,
        "var": 347.030059814
    },
    "pitch_salience": {
        "dmean": 0.069821164012,
        "dmean2": 0.114003308117,
        "dvar": 0.00346871907823,
        "dvar2": 0.00882473029196,
        "max": 0.944415152073,
        "mean": 0.547334551811,
        "median": 0.539689362049,
        "min": 0.260769605637,
        "stdev": 0.086890809238,
        "var": 0.00755001278594
    },
    "silence_rate_20dB": {
        "dmean": 0,
        "dmean2": 0,
        "dvar": 0,
        "dvar2": 0,
        "max": 1,
        "mean": 1,
        "median": 1,
        "min": 1,
        "stdev": 0,
        "var": 0
    },
    "silence_rate_30dB": {
        "dmean": 0,
        "dmean2": 0,
        "dvar": 0,
        "dvar2": 0,
        "max": 1,
        "mean": 1,
        "median": 1,
        "min": 1,
        "stdev": 0,
        "var": 0
    },
    "silence_rate_60dB": {
        "dmean": 0.00206079334021,
        "dmean2": 0.00360824749805,
        "dvar": 0.0020565779414,
        "dvar2": 0.00359510979615,
        "max": 1,
        "mean": 0.00360453152098,
        "median": 0,
        "min": 0,
        "stdev": 0.0599284693599,
        "var": 0.00359142129309
    },
    "spectral_centroid": {
        "dmean": 375.206542969,
        "dmean2": 600.614074707,
        "dvar": 139906.34375,
        "dvar2": 303045.21875,
        "max": 11450.1152344,
        "mean": 1848.73303223,
        "median": 1828.86328125,
        "min": 256.238067627,
        "stdev": 729.386169434,
        "var": 532004.1875
    },
    "spectral_complexity": {
        "dmean": 3.78979897499,
        "dmean2": 5.93711328506,
        "dvar": 13.4334373474,
        "dvar2": 30.5918617249,
        "max": 54,
        "mean": 20.6884651184,
        "median": 20,
        "min": 0,
        "stdev": 6.28724956512,
        "var": 39.5295066833
    },
    "spectral_decrease": {
        "dmean": 2.5842854523e-09,
        "dmean2": 4.2649421772e-09,
        "dvar": 1.60465346056e-17,
        "dvar2": 4.27927463874e-17,
        "max": 2.72953414426e-29,
        "mean": -6.11932327033e-09,
        "median": -5.17485787555e-09,
        "min": -3.75541233666e-08,
        "stdev": 4.21630197422e-09,
        "var": 1.77772032422e-17
    },
    "spectral_energy": {
        "dmean": 0.0102772060782,
        "dmean2": 0.0168489161879,
        "dvar": 0.000239621062065,
        "dvar2": 0.000636515556835,
        "max": 0.145145118237,
        "mean": 0.0248531699181,
        "median": 0.0210833325982,
        "min": 1.05431770407e-20,
        "stdev": 0.0166276060045,
        "var": 0.00027647727984
    },
    "spectral_energyband_high": {
        "dmean": 0.000665833940729,
        "dmean2": 0.00111498020124,
        "dvar": 1.30780756535e-06,
        "dvar2": 3.08596304421e-06,
        "max": 0.0190280787647,
        "mean": 0.000908010464627,
        "median": 0.000542596564628,
        "min": 7.87543313134e-21,
        "stdev": 0.00130486011039,
        "var": 1.70265980159e-06
    },
    "spectral_energyband_low": {
        "dmean": 0.00691822590306,
        "dmean2": 0.0117673771456,
        "dvar": 0.000164956640219,
        "dvar2": 0.000443244673079,
        "max": 0.115096755326,
        "mean": 0.0110094994307,
        "median": 0.00793218892068,
        "min": 5.55502849029e-23,
        "stdev": 0.0123557206243,
        "var": 0.000152663822519
    },
    "spectral_energyband_middle_high": {
        "dmean": 0.00205698702484,
        "dmean2": 0.00295792589895,
        "dvar": 1.00722654679e-05,
        "dvar2": 1.76418907358e-05,
        "max": 0.0486410930753,
        "mean": 0.00506500294432,
        "median": 0.00332210143097,
        "min": 1.21395217241e-21,
        "stdev": 0.00527064269409,
        "var": 2.77796752925e-05
    },
    "spectral_energyband_middle_low": {
        "dmean": 0.00415101042017,
        "dmean2": 0.00683207204565,
        "dvar": 3.15542602038e-05,
        "dvar2": 8.39728963911e-05,
        "max": 0.0693118423223,
        "mean": 0.00944886822253,
        "median": 0.00771614350379,
        "min": 2.49780903305e-22,
        "stdev": 0.00687066372484,
        "var": 4.72060200991e-05
    },
    "spectral_entropy": {
        "dmean": 0.251072525978,
        "dmean2": 0.383671075106,
        "dvar": 0.0524906218052,
        "dvar2": 0.127044454217,
        "max": 9.81898880005,
        "mean": 7.49648952484,
        "median": 7.47527551651,
        "min": 6.51438426971,
        "stdev": 0.306614547968,
        "var": 0.0940124839544
    },
    "spectral_flux": {
        "dmean": 0.0297990962863,
        "dmean2": 0.0472276285291,
        "dvar": 0.00120537937619,
        "dvar2": 0.00259424606338,
        "max": 0.285944521427,
        "mean": 0.0853434130549,
        "median": 0.0734502971172,
        "min": 6.66753111056e-11,
        "stdev": 0.0457741655409,
        "var": 0.00209527439438
    },
    "spectral_kurtosis": {
        "dmean": 1.60699188709,
        "dmean2": 2.75409007072,
        "dvar": 2.05779767036,
        "dvar2": 6.10699462891,
        "max": 12.6188144684,
        "mean": 3.20321512222,
        "median": 2.92597365379,
        "min": -1.21945285797,
        "stdev": 1.71214687824,
        "var": 2.9314467907
    },
    "spectral_rms": {
        "dmean": 0.000938036770094,
        "dmean2": 0.00148933404125,
        "dvar": 1.35851985306e-06,
        "dvar2": 3.39378789249e-06,
        "max": 0.0118997897953,
        "mean": 0.00469705602154,
        "median": 0.00453531742096,
        "min": 3.2071836506e-12,
        "stdev": 0.00147805572487,
        "var": 2.18464879254e-06
    },
    "spectral_rolloff": {
        "dmean": 766.03302002,
        "dmean2": 1295.08984375,
        "dvar": 996995.5,
        "dvar2": 2380405.25,
        "max": 18540.0878906,
        "mean": 1759.31347656,
        "median": 1442.72460938,
        "min": 129.19921875,
        "stdev": 1405.93005371,
        "var": 1976639.375
    },
    "spectral_skewness": {
        "dmean": 0.25043925643,
        "dmean2": 0.397207438946,
        "dvar": 0.0450048856437,
        "dvar2": 0.117412768304,
        "max": 2.50767922401,
        "mean": 1.07387840748,
        "median": 1.04724347591,
        "min": -0.0373760946095,
        "stdev": 0.359246701002,
        "var": 0.12905818224
    },
    "spectral_spread": {
        "dmean": 753878.3125,
        "dmean2": 1190924.125,
        "dvar": 839158857728,
        "dvar2": 1.63716608819e+12,
        "max": 40427628,
        "mean": 3935161.25,
        "median": 3664378,
        "min": 2154142.25,
        "stdev": 1494575.125,
        "var": 2.23375471411e+12
    },
    "spectral_strongpeak": {
        "dmean": 0.501706182957,
        "dmean2": 0.874809086323,
        "dvar": 1.09855914116,
        "dvar2": 2.83512926102,
        "max": 12.2612543106,
        "mean": 0.669783294201,
        "median": 0.281027197838,
        "min": 0,
        "stdev": 1.07991862297,
        "var": 1.16622436047
    },
    "zerocrossingrate": {
        "dmean": 0.00996838416904,
        "dmean2": 0.0126404436305,
        "dvar": 0.000140208183439,
        "dvar2": 0.000224439310841,
        "max": 0.49755859375,
        "mean": 0.0615661814809,
        "median": 0.0595703125,
        "min": 0,
        "stdev": 0.0274091679603,
        "var": 0.000751262530684
    },
    "barkbands": {
        "dmean": [0.000618578982539, 0.00421562045813, 0.00197631516494, 0.00184177234769, 0.00128919142298, 0.00103457749356, 0.00039838734665, 0.000633372808807, 0.000656679505482, 0.000413093657698, 0.000421886186814, 0.000318291247822, 0.000313951459248, 0.000375985633582, 0.000239026383497, 0.00017832715821, 0.000192671752302, 0.00040264177369, 0.000443098746473, 0.000404951832024, 0.000270704476861, 0.000148243183503, 0.000119791395264, 4.79468253616e-05, 3.50653026544e-05, 1.18387442853e-05, 3.70471781252e-07],
        "dmean2": [0.00107620668132, 0.00736901909113, 0.00329154776409, 0.00310614332557, 0.00212691049092, 0.00163066445384, 0.000628848385531, 0.00102900946513, 0.00103869230952, 0.000656428746879, 0.000652972958051, 0.000511750869919, 0.000488113902975, 0.000591294490732, 0.000373564835172, 0.00028235767968, 0.000320043996908, 0.000613249838352, 0.000662913895212, 0.000677799398545, 0.000422807293944, 0.000264998932835, 0.000228114615311, 8.42685185489e-05, 6.09405433352e-05, 2.02043920581e-05, 6.54517407384e-07],
        "dvar": [2.26838824346e-06, 7.96395979705e-05, 9.41361849982e-06, 1.15168950288e-05, 3.39409507433e-06, 2.05340097637e-06, 5.0924182915e-07, 2.66932397608e-06, 4.75779324915e-06, 1.15164880299e-06, 1.19139997423e-06, 3.82787646913e-07, 9.31264139581e-07, 9.03378690964e-07, 3.12222454113e-07, 7.7280951416e-08, 8.58164383999e-08, 5.01343720316e-07, 6.80923278651e-07, 3.41462339293e-07, 4.4907363872e-07, 8.59641886564e-08, 1.20942843296e-07, 1.00632586708e-08, 4.71300198868e-09, 4.80103679035e-10, 1.38253178437e-12],
        "dvar2": [5.899273674e-06, 0.000221987909754, 2.4146924261e-05, 3.11904441332e-05, 8.79711569723e-06, 5.37339656148e-06, 1.2828513718e-06, 6.9858142524e-06, 1.15756793093e-05, 2.72313559435e-06, 2.67127552434e-06, 9.59454041549e-07, 2.25687313105e-06, 2.05805235964e-06, 6.45353736672e-07, 1.86700049198e-07, 2.26091771083e-07, 1.01181990431e-06, 1.23257245832e-06, 9.03266425212e-07, 8.57248380726e-07, 2.39269638769e-07, 3.50164157226e-07, 2.83507226584e-08, 1.33021922366e-08, 1.28222665818e-09, 3.78315434535e-12],
        "max": [0.0135657768697, 0.0683990269899, 0.0451692044735, 0.0336077660322, 0.0302352197468, 0.0242073331028, 0.0111021483317, 0.0229663010687, 0.0544106550515, 0.0163925476372, 0.0164700895548, 0.00761993788183, 0.0190102960914, 0.0171504616737, 0.0147798368707, 0.0063289925456, 0.00516220321879, 0.00899082794785, 0.0128053957596, 0.00909125804901, 0.0176642928272, 0.00348894111812, 0.00466255145147, 0.00171499000862, 0.00113505276386, 0.00020929708262, 1.61331190611e-05],
        "mean": [0.000467484380351, 0.00595580134541, 0.00309538771398, 0.00246322131716, 0.00236657820642, 0.0020269844681, 0.000683896651026, 0.000855205231346, 0.000885299115907, 0.000559003499802, 0.000588975497521, 0.000455105415313, 0.000385528517654, 0.000458686234197, 0.000349040725268, 0.000280432112049, 0.000306144880597, 0.000623797590379, 0.000694474903867, 0.000674842274748, 0.000368813838577, 0.000151101790834, 7.55041983211e-05, 4.18091258325e-05, 3.01821419271e-05, 9.62299145613e-06, 2.61067754082e-07],
        "median": [3.98594311264e-05, 0.00467288540676, 0.00155367841944, 0.00116665288806, 0.00149842258543, 0.00129030772951, 0.000340141210472, 0.000311865500407, 0.000302887056023, 0.000185886136023, 0.000236015504925, 0.000231551370234, 0.000136234855745, 0.000179002003279, 0.000204389187275, 0.000186418896192, 0.000191771992831, 0.000293351185974, 0.000306247151457, 0.000434927933384, 0.00016291954671, 6.93218316883e-05, 1.37615415952e-05, 1.54525951075e-05, 1.06917213998e-05, 1.87807233942e-06, 6.37784491886e-09],
        "min": [2.41625077876e-24, 1.90245845311e-23, 1.47949995027e-23, 6.82324924427e-24, 2.09181851807e-23, 4.52812754474e-23, 4.14163461056e-23, 2.04706233684e-23, 5.73169294338e-23, 6.14691272074e-23, 2.89158605639e-23, 6.45621750862e-23, 1.20502024748e-22, 1.12470991592e-22, 6.54545092986e-23, 1.37900610759e-22, 9.71685730893e-23, 1.51154988579e-22, 2.26452557154e-22, 2.24457534236e-22, 4.08034428341e-22, 6.20588165113e-22, 6.0057997674e-22, 7.40796784091e-22, 9.63277470764e-22, 1.57629968987e-21, 2.35867784977e-21],
        "stdev": [0.00130680087022, 0.00771889695898, 0.00395585782826, 0.00350221362896, 0.00260160537437, 0.00225873827003, 0.00102536077611, 0.00177068670746, 0.00252227578312, 0.00135630217846, 0.00126345828176, 0.000744017073885, 0.000989491702057, 0.0010635254439, 0.000635273521766, 0.000342208892107, 0.000359584344551, 0.00096846249653, 0.00117949349806, 0.000777622801252, 0.000851450138725, 0.000265501526883, 0.000256487022853, 8.14030863694e-05, 5.67829265492e-05, 1.96533474082e-05, 9.62273134064e-07],
        "var": [1.70772864294e-06, 5.9581372625e-05, 1.56488113134e-05, 1.22655001178e-05, 6.76835043123e-06, 5.10189875058e-06, 1.05136462025e-06, 3.13533132612e-06, 6.36187496639e-06, 1.83955569355e-06, 1.59632668328e-06, 5.53561449124e-07, 9.79093783826e-07, 1.13108649202e-06, 4.0357244302e-07, 1.17106928599e-07, 1.29300900653e-07, 9.37919651278e-07, 1.39120504627e-06, 6.04697220297e-07, 7.24967378574e-07, 7.04910618765e-08, 6.57855920849e-08, 6.62646293392e-09, 3.22430082633e-09, 3.86254056517e-10, 9.25969587465e-13]
    },
    "erbbands": {
        "dmean": [0.158101826906, 0.825875103474, 1.86747646332, 4.90256595612, 4.5995054245, 3.89501166344, 11.0437555313, 5.53613710403, 4.87063407898, 7.77304887772, 17.1329135895, 13.2256889343, 10.1486787796, 19.4107170105, 10.7427606583, 14.2582550049, 13.4267244339, 20.2663784027, 12.8735790253, 9.17360687256, 9.78075790405, 9.61464977264, 20.1273937225, 22.1808109283, 23.9011058807, 14.4477901459, 12.4003067017, 8.25952148438, 5.37197256088, 3.36458969116, 3.7622487545, 1.241746068, 0.898679375648, 0.557885468006, 0.149830818176, 0.0648262798786, 0.0191588308662, 0.00251551228575, 6.15130484221e-05, 1.37005235956e-05],
        "dmean2": [0.283621758223, 1.41850745678, 3.14317250252, 8.16370582581, 7.82107448578, 6.46830844879, 17.6170959473, 8.65740394592, 7.70362901688, 12.2643508911, 28.1991634369, 20.5623588562, 16.2779407501, 29.403585434, 16.3304691315, 22.5288524628, 20.8061733246, 31.7400093079, 19.8971195221, 14.1161632538, 15.5869379044, 15.7868795395, 30.9671440125, 31.7550563812, 37.8494415283, 23.5816116333, 19.1441192627, 13.5350179672, 9.56960868835, 6.24311256409, 7.19987773895, 2.2982006073, 1.55869090557, 0.96989941597, 0.26642164588, 0.114027291536, 0.0324189960957, 0.00413884967566, 0.000102851117845, 2.23497281695e-05],
        "dvar": [0.144717499614, 2.43952870369, 7.93238973618, 68.8000259399, 72.6512069702, 31.9717159271, 247.788162231, 68.1085510254, 73.7480163574, 207.60798645, 2473.50292969, 1596.58581543, 1026.2277832, 2372.36523438, 1321.52941895, 713.235290527, 1983.3203125, 2499.31494141, 1637.04309082, 251.598815918, 156.181640625, 216.11366272, 1081.93554688, 1918.19995117, 1307.71618652, 470.281555176, 904.66784668, 345.746063232, 128.410415649, 46.9923439026, 139.303466797, 8.33838653564, 4.32452344894, 1.45939791203, 0.0791493430734, 0.0149797582999, 0.00133232399821, 2.85086061922e-05, 2.1563661079e-08, 3.52648632518e-10],
        "dvar2": [0.402659833431, 6.78126144409, 20.1153869629, 181.057800293, 199.273193359, 82.2718887329, 628.274658203, 154.175842285, 189.794921875, 500.332275391, 6538.42919922, 3777.0534668, 2569.1628418, 5263.43945312, 3082.74707031, 1739.77709961, 4958.45654297, 5827.47607422, 3531.34936523, 521.172363281, 391.498748779, 556.717712402, 2432.47436523, 3404.33154297, 2661.54638672, 1187.22192383, 1661.80175781, 744.820983887, 357.8230896, 131.881103516, 404.808441162, 23.827955246, 12.2795543671, 4.16407299042, 0.219537839293, 0.0408864282072, 0.00354967266321, 7.32377739041e-05, 5.7867534764e-08, 9.235064935e-10],
        "max": [2.89159393311, 13.2077741623, 43.9804992676, 78.680229187, 131.440475464, 64.49634552, 249.948867798, 170.267669678, 131.42817688, 252.870559692, 952.615783691, 1138.62268066, 604.711547852, 819.327819824, 924.354187012, 349.528930664, 903.562133789, 972.512329102, 964.420471191, 393.672485352, 230.412872314, 301.565429688, 638.104370117, 696.960998535, 727.528625488, 280.616790771, 765.71673584, 421.343780518, 154.927597046, 50.1045684814, 163.812438965, 26.3516654968, 46.9598579407, 23.773809433, 2.05855345726, 1.5190012455, 0.278418630362, 0.0554223097861, 0.00253055454232, 0.000165129735251],
        "mean": [0.180823192, 1.31695568562, 3.02318882942, 7.34776878357, 6.67640352249, 6.86945915222, 20.2173099518, 11.0360918045, 8.90390968323, 12.9685697556, 23.3374443054, 19.4594421387, 14.4796457291, 28.150598526, 14.998705864, 21.0181217194, 17.8585548401, 27.3883781433, 18.0304450989, 15.7332668304, 16.9152450562, 16.7762126923, 32.2017593384, 35.126121521, 42.1556015015, 25.7789897919, 18.7127037048, 10.6023035049, 5.84421253204, 2.69723677635, 2.34043455124, 0.897255063057, 0.82427418232, 0.493134468794, 0.115309290588, 0.0502764321864, 0.0156240044162, 0.00212654354982, 6.15711978753e-05, 3.2011186704e-05],
        "median": [0.103619709611, 1.10532426834, 1.72325289249, 4.08832073212, 3.65488266945, 4.3037815094, 11.3127479553, 6.99030017853, 5.48653459549, 6.98367214203, 7.59152793884, 7.34716892242, 5.92349290848, 11.1733541489, 6.37403392792, 10.8232088089, 7.64687252045, 12.4466161728, 9.38602828979, 10.8315029144, 11.9835243225, 11.648103714, 17.1399726868, 13.4083919525, 25.0051727295, 17.1927452087, 9.78437042236, 4.16729259491, 2.71055603027, 1.00005364418, 0.408206790686, 0.235058397055, 0.325745463371, 0.186230883002, 0.0306788086891, 0.00990114361048, 0.00293854158372, 0.000356258446118, 2.35020597756e-05, 2.7217924071e-05],
        "min": [6.94151249439e-22, 3.33074573012e-21, 1.47896016115e-20, 2.44197481628e-20, 3.254241944e-20, 9.59348306309e-20, 2.46592932059e-19, 3.63718372224e-19, 6.03844690597e-19, 3.9665525665e-19, 6.31125417392e-19, 1.31274545489e-18, 1.76618735853e-18, 1.33941231027e-18, 1.58457592593e-18, 2.56500829057e-18, 4.54693283146e-18, 5.17535476411e-18, 5.10448689231e-18, 5.05661546872e-18, 7.81516685863e-18, 7.51361485761e-18, 7.92302955615e-18, 8.3794190145e-18, 1.1304323043e-17, 1.04722405582e-17, 1.62366207103e-17, 2.28726937181e-17, 2.43759009212e-17, 2.17873748518e-17, 1.51300168325e-17, 1.24823324601e-17, 1.05100882071e-17, 8.3936779539e-18, 8.99652552997e-18, 5.97496172454e-18, 2.94010429948e-18, 1.3635940049e-18, 3.07375145746e-19, 3.27150384629e-20],
        "stdev": [0.310937404633, 1.45968639851, 3.64646029472, 9.03199100494, 9.17759990692, 7.86137008667, 25.0746269226, 12.9754533768, 10.9938745499, 18.7339611053, 53.5888938904, 50.2216033936, 37.346206665, 59.828414917, 40.7125511169, 33.1879959106, 44.4905204773, 57.3269195557, 43.2560157776, 20.3914260864, 16.9622344971, 17.851896286, 44.4478302002, 62.878326416, 52.5843391418, 28.6945800781, 38.4780578613, 22.9815063477, 10.4415464401, 5.35869216919, 8.66050338745, 2.2088162899, 1.67395067215, 0.978368163109, 0.231667384505, 0.105153240263, 0.0328560136259, 0.0049076047726, 0.000125823236885, 2.06114818866e-05],
        "var": [0.0966820716858, 2.13068437576, 13.2966718674, 81.5768661499, 84.2283477783, 61.8011360168, 628.736877441, 168.36239624, 120.865272522, 350.961334229, 2871.76953125, 2522.20947266, 1394.73913574, 3579.43920898, 1657.51184082, 1101.44299316, 1979.40649414, 3286.37573242, 1871.08300781, 415.810272217, 287.717376709, 318.690216064, 1975.60974121, 3953.68383789, 2765.11279297, 823.378967285, 1480.56103516, 528.149597168, 109.025901794, 28.7155799866, 75.0043258667, 4.87886953354, 2.802110672, 0.957204222679, 0.0536697804928, 0.0110572036356, 0.00107951753307, 2.40845838562e-05, 1.58314854559e-08, 4.248331964e-10]
    },
    "gfcc": {
        "mean": [3.23285746574, 107.020072937, -133.290557861, 56.6126785278, -53.8267288208, 6.34364795685, -30.0618419647, 8.28991985321, -28.0028953552, 2.17195534706, -9.04215145111, -7.17276144028, -4.21627569199],
        "cov": [[4157.63623047, -436.619384766, -35.9419631958, 41.0751571655, -144.199630737, 227.063034058, -60.4975852966, 166.963134766, -176.474090576, 105.505836487, -151.812683105, 124.2317276, -166.579574585], [-436.619384766, 847.982910156, -151.685150146, 113.538749695, 87.3169326782, -126.717430115, 146.102111816, -71.9815368652, 124.204940796, -95.4825592041, 120.46244812, -164.568618774, 133.302368164], [-35.9419631958, -151.685150146, 746.308532715, 3.04640054703, 119.214492798, 166.139022827, -100.815330505, 90.9540023804, 20.1788825989, 87.9737548828, -49.709197998, 153.398895264, -87.4854812622], [41.0751571655, 113.538749695, 3.04640054703, 303.321868896, 47.721786499, 25.2613487244, 60.091545105, -39.5342178345, 55.0500183105, -16.1561393738, 45.0799636841, -35.6894073486, 50.5549659729], [-144.199630737, 87.3169326782, 119.214492798, 47.721786499, 191.351593018, 43.8973121643, 25.0286064148, 19.8886528015, 11.387172699, 14.2081212997, -0.839369356632, 13.5054645538, 7.24936246872], [227.063034058, -126.717430115, 166.139022827, 25.2613487244, 43.8973121643, 187.551635742, 12.2301416397, 37.8460121155, 14.6331806183, 27.7438964844, -16.0216388702, 55.8114547729, -35.592754364], [-60.4975852966, 146.102111816, -100.815330505, 60.091545105, 25.0286064148, 12.2301416397, 181.112869263, 11.414396286, 10.3301086426, -17.901845932, 22.2105388641, -48.8890304565, 21.7515640259], [166.963134766, -71.9815368652, 90.9540023804, -39.5342178345, 19.8886528015, 37.8460121155, 11.414396286, 111.212928772, 5.77764368057, 25.5654010773, -15.0131692886, 23.9462871552, -28.0059242249], [-176.474090576, 124.204940796, 20.1788825989, 55.0500183105, 11.387172699, 14.6331806183, 10.3301086426, 5.77764368057, 112.082366943, 8.41375350952, 30.3960475922, -26.3405799866, 23.7303619385], [105.505836487, -95.4825592041, 87.9737548828, -16.1561393738, 14.2081212997, 27.7438964844, -17.901845932, 25.5654010773, 8.41375350952, 89.994392395, -1.93073880672, 33.0986328125, -20.3115158081], [-151.812683105, 120.46244812, -49.709197998, 45.0799636841, -0.839369356632, -16.0216388702, 22.2105388641, -15.0131692886, 30.3960475922, -1.93073880672, 89.1346359253, -14.2081079483, 36.6916503906], [124.2317276, -164.568618774, 153.398895264, -35.6894073486, 13.5054645538, 55.8114547729, -48.8890304565, 23.9462871552, -26.3405799866, 33.0986328125, -14.2081079483, 125.648643494, -20.358215332], [-166.579574585, 133.302368164, -87.4854812622, 50.5549659729, 7.24936246872, -35.592754364, 21.7515640259, -28.0059242249, 23.7303619385, -20.3115158081, 36.6916503906, -20.358215332, 102.700798035]],
        "icov": [[0.000517866050359, -0.000799411267508, 0.000681842968334, -0.000895449193195, 0.000860698870383, -0.00111155910417, 0.000889698276296, -0.00132900231984, 0.00148972938769, -0.0011855752673, 0.00119613867719, -0.000764612224884, 0.000744763063267], [-0.000799411267508, 0.00518176984042, -0.00225573522039, 0.00255449209362, -0.00321631249972, 0.00384115707129, -0.00376505963504, 0.00382790970616, -0.00530789140612, 0.00477863289416, -0.00483334716409, 0.00408234307542, -0.00309431157075], [0.000681842968334, -0.00225573522039, 0.00399243086576, -0.00208376254886, 0.000488387246151, -0.00296033825725, 0.00308606121689, -0.00327540095896, 0.00194851902779, -0.00309195253067, 0.00308316084556, -0.00396508909762, 0.00290402933024], [-0.000895449193195, 0.00255449209362, -0.00208376254886, 0.00660953344777, -0.00270270416513, 0.00165362446569, -0.00343073369004, 0.00478002941236, -0.00472900131717, 0.00335241830908, -0.00406023394316, 0.00311388541013, -0.00317914527841], [0.000860698870383, -0.00321631249972, 0.000488387246151, -0.00270270416513, 0.00882570073009, -0.00343467178755, 0.00154301268049, -0.00351675925776, 0.00437334319577, -0.00380212580785, 0.0037411453668, -0.0021254401654, 0.00069764564978], [-0.00111155910417, 0.00384115707129, -0.00296033825725, 0.00165362446569, -0.00343467178755, 0.0117163974792, -0.00496622174978, 0.00316116819158, -0.00651035830379, 0.00406272988766, -0.00324031338096, -3.00692736346e-05, -0.000448075705208], [0.000889698276296, -0.00376505963504, 0.00308606121689, -0.00343073369004, 0.00154301268049, -0.00496622174978, 0.0108394566923, -0.00574711058289, 0.00548246316612, -0.00341341109015, 0.00268200063147, -0.000532580830622, 0.0019490175182], [-0.00132900231984, 0.00382790970616, -0.00327540095896, 0.00478002941236, -0.00351675925776, 0.00316116819158, -0.00574711058289, 0.0163267944008, -0.00681406259537, 0.0028134691529, -0.00363212241791, 0.00251493533142, -0.00132695736829], [0.00148972938769, -0.00530789140612, 0.00194851902779, -0.00472900131717, 0.00437334319577, -0.00651035830379, 0.00548246316612, -0.00681406259537, 0.0190545078367, -0.00732167437673, 0.00249764649197, 7.09691230441e-05, 0.000980130163953], [-0.0011855752673, 0.00477863289416, -0.00309195253067, 0.00335241830908, -0.00380212580785, 0.00406272988766, -0.00341341109015, 0.0028134691529, -0.00732167437673, 0.0187634713948, -0.0061871111393, 0.00150483171456, -0.00133162492421], [0.00119613867719, -0.00483334716409, 0.00308316084556, -0.00406023394316, 0.0037411453668, -0.00324031338096, 0.00268200063147, -0.00363212241791, 0.00249764649197, -0.0061871111393, 0.0199402440339, -0.00526141887531, -7.45737197576e-05], [-0.000764612224884, 0.00408234307542, -0.00396508909762, 0.00311388541013, -0.0021254401654, -3.00692736346e-05, -0.000532580830622, 0.00251493533142, 7.09691230441e-05, 0.00150483171456, -0.00526141887531, 0.017577227205, -0.00486595137045], [0.000744763063267, -0.00309431157075, 0.00290402933024, -0.00317914527841, 0.00069764564978, -0.000448075705208, 0.0019490175182, -0.00132695736829, 0.000980130163953, -0.00133162492421, -7.45737197576e-05, -0.00486595137045, 0.0165931414813]]
    },
    "melbands": {
        "dmean": [0.00129355571698, 0.000969400512986, 0.000782648159657, 0.00025400245795, 0.000333728501573, 0.000138723000418, 7.7648437582e-05, 9.01297826204e-05, 0.000150585066876, 7.97372704255e-05, 5.14464445587e-05, 7.80903283157e-05, 4.13131601817e-05, 3.2851119613e-05, 3.67215143342e-05, 3.23716594721e-05, 4.09012027376e-05, 2.17147535295e-05, 1.73755870492e-05, 1.31676551973e-05, 1.20962440633e-05, 1.04107602965e-05, 1.63141485245e-05, 1.86249162653e-05, 1.8779113816e-05, 2.1009493139e-05, 1.99613186851e-05, 9.00648410607e-06, 7.65636195865e-06, 7.63938169257e-06, 4.40233861809e-06, 3.3823589547e-06, 2.34629374063e-06, 1.63240326856e-06, 2.33307991948e-06, 1.56452915689e-06, 4.76604270716e-07, 5.84393035297e-07, 7.3692154956e-07, 3.79271995143e-07],
        "dmean2": [0.0022814697586, 0.00163515121676, 0.00131417962257, 0.000430111191235, 0.000532334321178, 0.000216406857362, 0.000121127573948, 0.000142661490827, 0.000245975475991, 0.000122336947243, 8.32014120533e-05, 0.000118540330732, 6.37329794699e-05, 5.26788680872e-05, 5.88597213209e-05, 5.13372506248e-05, 6.41228325549e-05, 3.43899591826e-05, 2.74223257293e-05, 2.09474019357e-05, 1.96385026356e-05, 1.73734879354e-05, 2.59365551756e-05, 2.80976983049e-05, 2.74081958196e-05, 3.28168898704e-05, 3.40744736604e-05, 1.48842773342e-05, 1.18684783956e-05, 1.18600237329e-05, 7.54077609599e-06, 6.0423699324e-06, 4.24939798904e-06, 3.05057892547e-06, 4.47886804977e-06, 2.97130759463e-06, 8.61860712575e-07, 1.02323292595e-06, 1.27193004573e-06, 6.70275426273e-07],
        "dvar": [8.64458070282e-06, 2.0895729449e-06, 1.82836333806e-06, 1.72877065552e-07, 2.03001476962e-07, 3.60223353368e-08, 1.74704002376e-08, 3.41888686251e-08, 2.09578331578e-07, 6.89675445642e-08, 2.81427912086e-08, 3.83718123942e-08, 1.34620110614e-08, 4.93658802725e-09, 8.8679144028e-09, 1.24428503057e-08, 1.11307754125e-08, 5.72475888916e-09, 8.38898783773e-10, 6.01235339293e-10, 2.37363684263e-10, 2.5032162454e-10, 6.71888211734e-10, 1.03255659578e-09, 1.47228906844e-09, 1.45398182383e-09, 8.52765136283e-10, 2.15084852706e-10, 3.45495049237e-10, 4.71444439043e-10, 8.68285651712e-11, 5.9727042756e-11, 2.26236546857e-11, 1.38701619634e-11, 6.08542521929e-11, 1.96319956819e-11, 9.78211110204e-13, 1.72767280083e-12, 3.64549232815e-12, 6.37354101787e-13],
        "dvar2": [2.4024870072e-05, 5.36708103027e-06, 4.8713045544e-06, 4.62348936026e-07, 5.05155185238e-07, 8.63486562253e-08, 4.4229970797e-08, 8.52021457831e-08, 5.55607130082e-07, 1.55193163209e-07, 6.98312447867e-08, 8.60103455125e-08, 3.13445873701e-08, 1.1911960307e-08, 2.19594848971e-08, 3.07378158482e-08, 2.61291788206e-08, 1.2773671898e-08, 1.9369530424e-09, 1.40560130202e-09, 6.22944751338e-10, 6.75709654896e-10, 1.48796563959e-09, 2.10394990319e-09, 2.71345257374e-09, 2.87173329561e-09, 2.43667797051e-09, 5.66673930003e-10, 6.62169430399e-10, 9.0617707782e-10, 2.1556711971e-10, 1.66289357284e-10, 6.37715852347e-11, 3.93941129717e-11, 1.77302367232e-10, 5.67630387138e-11, 2.75227388623e-12, 4.86436238512e-12, 1.05014443322e-11, 1.80747842908e-12],
        "max": [0.0218860022724, 0.0200996156782, 0.0126253915951, 0.00669488683343, 0.00710750138387, 0.00328464107588, 0.00203228183091, 0.002675534226, 0.00999092869461, 0.00881202705204, 0.00315226102248, 0.00316093862057, 0.00235021626577, 0.00138334312942, 0.00137242861092, 0.00252043572254, 0.00194878748152, 0.00189691339619, 0.000500897876918, 0.000536273641046, 0.000195002852706, 0.000263189984253, 0.000417547678808, 0.000383538805181, 0.000590847164858, 0.000697900308296, 0.000368635897757, 0.000190239152289, 0.000441985379439, 0.000682664802298, 0.000125231657876, 9.43815393839e-05, 5.70187366975e-05, 3.3821004763e-05, 0.00011242605251, 4.37556482211e-05, 9.83025074675e-06, 2.59812004515e-05, 4.81906390633e-05, 1.01280347735e-05],
        "mean": [0.00170235347468, 0.00167964259163, 0.00121745688375, 0.000430521642556, 0.000627158093266, 0.000278511317447, 0.000142446180689, 0.00014384809765, 0.000201746515813, 0.000115253540571, 6.8931862188e-05, 0.00011063367856, 5.60555708944e-05, 4.72630963486e-05, 5.03462324559e-05, 3.9742775698e-05, 5.25037685293e-05, 2.65730850515e-05, 2.70465752692e-05, 1.99839687411e-05, 1.88886879187e-05, 1.60626223078e-05, 2.52270892815e-05, 2.84661728074e-05, 2.74331505352e-05, 3.17420672218e-05, 3.02814132738e-05, 1.3792729078e-05, 1.10647961264e-05, 1.01986215668e-05, 4.98815143146e-06, 3.58622878593e-06, 2.17195429286e-06, 1.16619128221e-06, 1.42059047903e-06, 9.95910227175e-07, 3.74998393227e-07, 5.26520466337e-07, 6.79671416037e-07, 3.17131366501e-07],
        "median": [0.001211152412, 0.0011703891214, 0.000712056644261, 0.000271936325589, 0.000385193619877, 0.000179855560418, 8.24951130198e-05, 7.43415002944e-05, 6.44006504444e-05, 4.11645887652e-05, 2.37260246649e-05, 4.08812084061e-05, 2.22946291615e-05, 2.27799719141e-05, 2.33096016018e-05, 1.27370803966e-05, 2.25228795898e-05, 1.09739794425e-05, 1.655388769e-05, 1.234606043e-05, 1.26427939904e-05, 1.05406033981e-05, 1.45819094541e-05, 1.25820570247e-05, 8.96155688679e-06, 1.52357479237e-05, 1.78819373104e-05, 8.35529317555e-06, 5.41065219295e-06, 4.51294363302e-06, 1.5173131942e-06, 1.5580588979e-06, 9.95395339487e-07, 3.32976526352e-07, 2.13349295564e-07, 1.85253639984e-07, 1.14436360832e-07, 1.94623837046e-07, 2.65440462499e-07, 1.08333431115e-07],
        "min": [6.2190910481e-24, 6.09136815666e-24, 4.31048547527e-24, 4.69123274105e-24, 7.54514532496e-24, 8.17256269049e-24, 9.58085690001e-24, 4.33167309589e-24, 4.93908770987e-24, 7.83528678818e-24, 9.60278644432e-24, 5.81661658084e-24, 4.68700168558e-24, 4.97926952337e-24, 8.13926013851e-24, 1.36202814852e-23, 8.91826895989e-24, 8.28856547546e-24, 4.73821926872e-24, 9.02267312297e-24, 7.94502838415e-24, 6.69061253824e-24, 7.94289135996e-24, 6.19669449814e-24, 5.84784561193e-24, 9.02309043039e-24, 6.41123744866e-24, 7.20580181823e-24, 7.66943588261e-24, 9.60070700697e-24, 1.5364167379e-23, 1.51135068264e-23, 1.00615264156e-23, 1.29533634876e-23, 9.32263984877e-24, 6.10574001906e-24, 8.42882336669e-24, 7.0532534741e-24, 6.81470351408e-24, 6.0548691403e-24],
        "stdev": [0.00247210799716, 0.00171963789035, 0.00142838235479, 0.000499279180076, 0.000718773400877, 0.000302780972561, 0.000182829826372, 0.000219755340368, 0.000488607911393, 0.000342141254805, 0.000194489359274, 0.000242100242758, 0.000131475913804, 8.50532669574e-05, 0.00010536400805, 0.000111581794044, 0.000118176620163, 7.82046190579e-05, 3.54236690328e-05, 2.86086051347e-05, 2.0000812583e-05, 1.81343020813e-05, 3.42310377164e-05, 4.42023992946e-05, 5.37119085493e-05, 5.23952767253e-05, 3.74742485292e-05, 1.72142790689e-05, 2.29390770983e-05, 2.68485400738e-05, 1.05771659946e-05, 7.12916971679e-06, 3.86392912333e-06, 2.8417393878e-06, 5.7037791521e-06, 3.28528039972e-06, 7.90890226199e-07, 1.06727179627e-06, 1.50629273321e-06, 6.458263897e-07],
        "var": [6.11131781625e-06, 2.95715449283e-06, 2.0402762857e-06, 2.49279707987e-07, 5.16635225267e-07, 9.16763198688e-08, 3.34267475921e-08, 4.82924100709e-08, 2.38737669633e-07, 1.1706063674e-07, 3.78261084677e-08, 5.86125281643e-08, 1.7285916698e-08, 7.23405868541e-09, 1.11015747706e-08, 1.24504975219e-08, 1.39657130305e-08, 6.11596284728e-09, 1.25483623492e-09, 8.18452250417e-10, 4.00032534875e-10, 3.28852889364e-10, 1.17176390813e-09, 1.95385196911e-09, 2.88496893042e-09, 2.74526512634e-09, 1.40431921647e-09, 2.96331431615e-10, 5.2620124924e-10, 7.20844106628e-10, 1.1187643173e-10, 5.08250629083e-11, 1.49299496377e-11, 8.07548299064e-12, 3.25330942741e-11, 1.0793066961e-11, 6.25507349909e-13, 1.13906909079e-12, 2.26891790946e-12, 4.17091735498e-13]
    },
    "melbands128": {
