{
"lowlevel": {
    "average_loudness": 0.978868842125,
    "barkbands_crest": {
        "dmean": 2.55979776382,
        "dmean2": 4.04515743256,
        "dvar": 5.56860208511,
        "dvar2": 13.4616346359,
        "max": 23.7193870544,
        "mean": 10.4073057175,
        "median": 9.65372848511,
        "min": 3.01282954216,
        "stdev": 3.91294360161,
        "var": 15.311126709
    },
    "barkbands_flatness_db": {
        "dmean": 0.0213431753218,
        "dmean2": 0.0310661122203,
        "dvar": 0.000449881015811,
        "dvar2": 0.000894652097486,
        "max": 0.335926026106,
        "mean": 0.145398959517,
        "median": 0.141369849443,
        "min": 0.0314222499728,
        "stdev": 0.0498366542161,
        "var": 0.00248369202018
    },
    "barkbands_kurtosis": {
        "dmean": 2.30450630188,
        "dmean2": 3.59102892876,
        "dvar": 11.4308338165,
        "dvar2": 25.8888320923,
        "max": 55.4707450867,
        "mean": 3.61375451088,
        "median": 1.4947476387,
        "min": -1.90505361557,
        "stdev": 6.09146928787,
        "var": 37.1059989929
    },
    "barkbands_skewness": {
        "dmean": 0.492295771837,
        "dmean2": 0.745589315891,
        "dvar": 0.26543033123,
        "dvar2": 0.582419753075,
        "max": 6.88190412521,
        "mean": 1.52685105801,
        "median": 1.342471838,
        "min": -2.4653968811,
        "stdev": 1.07456731796,
        "var": 1.15469479561
    },
    "barkbands_spread": {
        "dmean": 5.75376415253,
        "dmean2": 8.58648967743,
        "dvar": 64.8644332886,
        "dvar2": 118.238815308,
        "max": 118.591255188,
        "mean": 22.8957042694,
        "median": 20.6261100769,
        "min": 1.87140643597,
        "stdev": 14.9628973007,
        "var": 223.888290405
    },
    "dissonance": {
        "dmean": 0.0183828417212,
        "dmean2": 0.0310787837952,
        "dvar": 0.00030738580972,
        "dvar2": 0.000826008617878,
        "max": 0.4999358356,
        "mean": 0.461514800787,
        "median": 0.466278523207,
        "min": 0.284626215696,
        "stdev": 0.0250079035759,
        "var": 0.000625395274255
    },
    "dynamic_complexity": 1.79933607578,
    "erbbands_crest": {
        "dmean": 2.86901545525,
        "dmean2": 4.58204030991,
        "dvar": 6.50603103638,
        "dvar2": 15.2831516266,
        "max": 30.4711666107,
        "mean": 10.6262340546,
        "median": 9.44874095917,
        "min": 2.80858111382,
        "stdev": 4.83363771439,
        "var": 23.3640556335
    },
    "erbbands_flatness_db": {
        "dmean": 0.0189839676023,
        "dmean2": 0.0263990610838,
        "dvar": 0.000363530853065,
        "dvar2": 0.000678722921293,
        "max": 0.281674355268,
        "mean": 0.162750139832,
        "median": 0.166017740965,
        "min": 0.0555294826627,
        "stdev": 0.0407731495798,
        "var": 0.00166244979482
    },
    "erbbands_kurtosis": {
        "dmean": 0.753441870213,
        "dmean2": 1.1667983532,
        "dvar": 0.822367429733,
        "dvar2": 1.79236185551,
        "max": 14.8556137085,
        "mean": -0.0221899691969,
        "median": -0.428550720215,
        "min": -1.74284315109,
        "stdev": 1.46128618717,
        "var": 2.13535737991
    },
    "erbbands_skewness": {
        "dmean": 0.379279017448,
        "dmean2": 0.568656265736,
        "dvar": 0.117693156004,
        "dvar2": 0.242948338389,
        "max": 2.30443692207,
        "mean": 0.177410215139,
        "median": 0.229031309485,
        "min": -3.12142944336,
        "stdev": 0.74838668108,
        "var": 0.560082614422
    },
    "erbbands_spread": {
        "dmean": 7.2942738533,
        "dmean2": 10.9917812347,
        "dvar": 65.9588394165,
        "dvar2": 134.396636963,
        "max": 144.384597778,
        "mean": 38.8563117981,
        "median": 36.759021759,
        "min": 8.485496521,
        "stdev": 15.9014854431,
        "var": 252.857254028
    },
    "hfc": {
        "dmean": 7.91620492935,
        "dmean2": 10.5096750259,
        "dvar": 156.25112915,
        "dvar2": 281.282775879,
        "max": 205.666122437,
        "mean": 23.9239501953,
        "median": 18.5881824493,
        "min": 0.682893276215,
        "stdev": 21.3394851685,
        "var": 455.373657227
    },
    "loudness_ebu128": {
        "integrated": -16.9984321594,
        "loudness_range": 1.56813430786,
        "momentary": {
            "dmean": 0.641693651676,
            "dmean2": 0.819465458393,
            "dvar": 0.322884887457,
            "dvar2": 0.470291614532,
            "max": -14.6906852722,
            "mean": -17.1729640961,
            "median": -16.9550209045,
            "min": -21.5612430573,
            "stdev": 1.29198110104,
            "var": 1.66921508312
        },
        "short_term": {
            "dmean": 0.0825859159231,
            "dmean2": 0.0998894125223,
            "dvar": 0.00461877789348,
            "dvar2": 0.00602762168273,
            "max": -15.6747636795,
            "mean": -17.0222396851,
            "median": -17.0371894836,
            "min": -18.6951656342,
            "stdev": 0.574628591537,
            "var": 0.330198049545
        }
    },
    "melbands_crest": {
        "dmean": 3.04904842377,
        "dmean2": 4.84886980057,
        "dvar": 7.75048351288,
        "dvar2": 18.9491195679,
        "max": 32.3101234436,
        "mean": 13.6674261093,
        "median": 12.9395437241,
        "min": 4.20569992065,
        "stdev": 4.80432462692,
        "var": 23.0815353394
    },
    "melbands_flatness_db": {
        "dmean": 0.0252152215689,
        "dmean2": 0.0365710258484,
        "dvar": 0.000671125773806,
        "dvar2": 0.00136782147456,
        "max": 0.438330501318,
        "mean": 0.216087609529,
        "median": 0.208092451096,
        "min": 0.0526294745505,
        "stdev": 0.0661217048764,
        "var": 0.00437207985669
    },
    "melbands_kurtosis": {
        "dmean": 5.74191331863,
        "dmean2": 9.02272701263,
        "dvar": 82.6542205811,
        "dvar2": 197.411224365,
        "max": 139.419662476,
        "mean": 11.8877391815,
        "median": 6.74649238586,
        "min": -1.80586504936,
        "stdev": 14.6605911255,
        "var": 214.932937622
    },
    "melbands_skewness": {
        "dmean": 0.663466751575,
        "dmean2": 1.01630425453,
        "dvar": 0.528474986553,
        "dvar2": 1.20904552937,
        "max": 9.73978996277,
        "mean": 2.61242508888,
        "median": 2.35895657539,
        "min": -0.16802893579,
        "stdev": 1.42882156372,
        "var": 2.04153108597
    },
    "melbands_spread": {
        "dmean": 7.06606817245,
        "dmean2": 10.6397180557,
        "dvar": 128.425048828,
        "dvar2": 249.727493286,
        "max": 227.178085327,
        "mean": 23.5031375885,
        "median": 19.8881473541,
        "min": 1.52913975716,
        "stdev": 19.1968975067,
        "var": 368.520904541
    },
    "pitch_salience": {
        "dmean": 0.0678870752454,
        "dmean2": 0.107155449688,
        "dvar": 0.00399427162483,
        "dvar2": 0.00953424721956,
        "max": 0.815762639046,
        "mean": 0.538209199905,
        "median": 0.539773225784,
        "min": 0.202529788017,
        "stdev": 0.112542130053,
        "var": 0.0126657318324
    },
    "silence_rate_20dB": {
        "dmean": 0,
        "dmean2": 0,
        "dvar": 0,
        "dvar2": 0,
        "max": 1,
        "mean": 1,
        "median": 1,
        "min": 1,
        "stdev": 0,
        "var": 0
    },
    "silence_rate_30dB": {
        "dmean": 0.0216718260199,
        "dmean2": 0.0433660298586,
        "dvar": 0.0212018135935,
        "dvar2": 0.056971937418,
        "max": 1,
        "mean": 0.98555958271,
        "median": 1,
        "min": 0,
        "stdev": 0.119297139347,
        "var": 0.0142318075523
    },
    "silence_rate_60dB": {
        "dmean": 0.0030959751457,
        "dmean2": 0.00619514705613,
        "dvar": 0.00308634270914,
        "dvar2": 0.00718906475231,
        "max": 1,
        "mean": 0.00309437862597,
        "median": 0,
        "min": 0,
        "stdev": 0.0555406659842,
        "var": 0.00308476551436
    },
    "spectral_centroid": {
        "dmean": 233.9818573,
        "dmean2": 347.815093994,
        "dvar": 75520.3203125,
        "dvar2": 150567.046875,
        "max": 4318.25292969,
        "mean": 1303.44787598,
        "median": 1233.68334961,
        "min": 274.797729492,
        "stdev": 594.418579102,
        "var": 353333.46875
    },
    "spectral_complexity": {
        "dmean": 3.56346750259,
        "dmean2": 5.14661836624,
        "dvar": 13.8489837646,
        "dvar2": 26.5238513947,
        "max": 56,
        "mean": 20.1387310028,
        "median": 19,
        "min": 3,
        "stdev": 8.28898334503,
        "var": 68.707244873
    },
    "spectral_decrease": {
        "dmean": 3.15846393484e-09,
        "dmean2": 4.88428053558e-09,
        "dvar": 2.37923779386e-17,
        "dvar2": 5.82105195027e-17,
        "max": -2.96558749779e-10,
        "mean": -8.6918161557e-09,
        "median": -6.67272725963e-09,
        "min": -5.22415248838e-08,
        "stdev": 6.60642696104e-09,
        "var": 4.3644878076e-17
    },
    "spectral_energy": {
        "dmean": 0.0123689770699,
        "dmean2": 0.0190598145127,
        "dvar": 0.000357037846697,
        "dvar2": 0.000870250456501,
        "max": 0.200449094176,
        "mean": 0.0349749214947,
        "median": 0.0271455887705,
        "min": 0.00119007425383,
        "stdev": 0.0257157050073,
        "var": 0.000661297468469
    },
    "spectral_energyband_high": {
        "dmean": 0.000440687697846,
        "dmean2": 0.000585378729738,
        "dvar": 1.1210717048e-06,
        "dvar2": 1.60267995852e-06,
        "max": 0.0188693609089,
        "mean": 0.000856492726598,
        "median": 0.000313598255161,
        "min": 2.56910311691e-06,
        "stdev": 0.00187235313933,
        "var": 3.50570621777e-06
    },
    "spectral_energyband_low": {
        "dmean": 0.00805297866464,
        "dmean2": 0.012856782414,
        "dvar": 0.000251657067565,
        "dvar2": 0.00065535819158,
        "max": 0.157715007663,
        "mean": 0.0143804652616,
        "median": 0.007271933835,
        "min": 7.6351534517e-05,
        "stdev": 0.019065387547,
        "var": 0.000363489001757
    },
    "spectral_energyband_middle_high": {
        "dmean": 0.00207014777698,
        "dmean2": 0.00295759714209,
        "dvar": 8.95612538443e-06,
        "dvar2": 2.0431334633e-05,
        "max": 0.0340157225728,
        "mean": 0.00613955128938,
        "median": 0.00421260483563,
        "min": 9.43962004385e-05,
        "stdev": 0.00555080641061,
        "var": 3.08114504151e-05
    },
    "spectral_energyband_middle_low": {
        "dmean": 0.00607623066753,
        "dmean2": 0.00938364025205,
        "dvar": 8.98719881661e-05,
        "dvar2": 0.000213234612602,
        "max": 0.11790060997,
        "mean": 0.0148069672287,
        "median": 0.0119992922992,
        "min": 0.000421825039666,
        "stdev": 0.0120393782854,
        "var": 0.000144946621731
    },
    "spectral_entropy": {
        "dmean": 0.159902334213,
        "dmean2": 0.221220940351,
        "dvar": 0.0318050980568,
        "dvar2": 0.0523269288242,
        "max": 8.80009555817,
        "mean": 7.44494724274,
        "median": 7.44917678833,
        "min": 6.13383054733,
        "stdev": 0.404044985771,
        "var": 0.163252353668
    },
    "spectral_flux": {
        "dmean": 0.0284580178559,
        "dmean2": 0.0456687435508,
        "dvar": 0.00129989045672,
        "dvar2": 0.00271127512679,
        "max": 0.339644402266,
        "mean": 0.0897101536393,
        "median": 0.0725329220295,
        "min": 0.0184066221118,
        "stdev": 0.0536675304174,
        "var": 0.00288020377047
    },
    "spectral_kurtosis": {
        "dmean": 1.94336283207,
        "dmean2": 3.20161485672,
        "dvar": 4.05219268799,
        "dvar2": 10.7202119827,
        "max": 25.3037891388,
        "mean": 5.58818387985,
        "median": 4.9070763588,
        "min": -0.91511964798,
        "stdev": 3.37005543709,
        "var": 11.3572740555
    },
    "spectral_rms": {
        "dmean": 0.000931208021939,
        "dmean2": 0.00137803633697,
        "dvar": 1.30990815705e-06,
        "dvar2": 2.90842035611e-06,
        "max": 0.0139842797071,
        "mean": 0.00551635492593,
        "median": 0.00514621241018,
        "min": 0.00107751938049,
        "stdev": 0.00192137202248,
        "var": 3.69167037206e-06
    },
    "spectral_rolloff": {
        "dmean": 517.921936035,
        "dmean2": 848.622253418,
        "dvar": 1110102.875,
        "dvar2": 1857372,
        "max": 12575.390625,
        "mean": 1506.97912598,
        "median": 925.927734375,
        "min": 86.1328125,
        "stdev": 1757.19226074,
        "var": 3087724.75
    },
    "spectral_skewness": {
        "dmean": 0.238159492612,
        "dmean2": 0.382135629654,
        "dvar": 0.0488849058747,
        "dvar2": 0.111078575253,
        "max": 3.50655317307,
        "mean": 1.62384772301,
        "median": 1.59814238548,
        "min": 0.324868798256,
        "stdev": 0.498366266489,
        "var": 0.248368948698
    },
    "spectral_spread": {
        "dmean": 655807.3125,
        "dmean2": 848576.4375,
        "dvar": 769062535168,
        "dvar2": 1.19621628723e+12,
        "max": 14701165,
        "mean": 4234987,
        "median": 3713743.75,
        "min": 1698316.5,
        "stdev": 1861928.625,
        "var": 3.46677837824e+12
    },
    "spectral_strongpeak": {
        "dmean": 0.536105334759,
        "dmean2": 0.930430173874,
        "dvar": 0.726550996304,
        "dvar2": 1.82938611507,
        "max": 7.11032009125,
        "mean": 1.01923716068,
        "median": 0.581735134125,
        "min": 0.0449484996498,
        "stdev": 1.05954170227,
        "var": 1.1226285696
    },
    "zerocrossingrate": {
        "dmean": 0.0120770242065,
        "dmean2": 0.0130267990753,
        "dvar": 0.000343044055626,
        "dvar2": 0.000319234939525,
        "max": 0.4306640625,
        "mean": 0.0587571822107,
        "median": 0.05029296875,
        "min": 0.00634765625,
        "stdev": 0.0449265539646,
        "var": 0.00201839534566
    },
    "barkbands": {
        "dmean": [0.000224913179409, 0.00528024323285, 0.00328031042591, 0.00129807845224, 0.00274949707091, 0.00151278695557, 0.00122349499725, 0.000803481088951, 0.000857944891322, 0.000683153630234, 0.000471709412523, 0.000176737914444, 0.000119955911941, 0.000307450740365, 0.000247790536378, 0.000416255206801, 0.000531848694663, 0.000219946945435, 0.000165818171808, 0.000104177481262, 7.99760600785e-05, 6.37177363387e-05, 8.72260134201e-05, 5.93787299294e-05, 8.65901456564e-05, 9.27025757846e-05, 6.32870478512e-06],
        "dmean2": [0.00035601016134, 0.00874941423535, 0.00526014948264, 0.0021013575606, 0.00443841703236, 0.00235948036425, 0.00190255907364, 0.00126618449576, 0.00131372408941, 0.00106498075183, 0.000717881834134, 0.000281343556708, 0.000184032469406, 0.00045877075172, 0.000388163025491, 0.000618270307314, 0.000846707029268, 0.000338922342053, 0.000264445203356, 0.00016785763728, 0.000125721635413, 9.37172881095e-05, 0.000121870922158, 8.39197964524e-05, 0.000116434443044, 0.000125555336126, 9.3261605798e-06],
        "dvar": [2.3037551955e-07, 0.000132964880322, 5.50141121494e-05, 7.86927466834e-06, 1.81916111615e-05, 1.10433338705e-05, 5.05332855028e-06, 5.11281814397e-06, 4.46039075541e-06, 2.31716330745e-06, 1.06483605578e-06, 3.0968604392e-07, 1.2444210995e-07, 5.59521936339e-07, 2.44215385692e-07, 3.31880045223e-07, 8.02222189122e-07, 1.06812599654e-07, 7.44745491943e-08, 4.55295676716e-08, 4.20146371027e-08, 2.61813060121e-08, 8.02972195402e-08, 4.1498541492e-08, 8.968906684e-08, 5.49250387394e-08, 2.72014050173e-10],
        "dvar2": [5.90786726207e-07, 0.000354387389962, 0.000136542890687, 2.06828408409e-05, 4.80977651023e-05, 2.6158779292e-05, 1.16655319289e-05, 1.25223432406e-05, 1.06499710455e-05, 5.68112545807e-06, 2.40286522057e-06, 7.68759662151e-07, 2.66304198249e-07, 1.22837332128e-06, 5.81426206736e-07, 7.08027698693e-07, 1.91700405594e-06, 2.47821049015e-07, 1.76388880391e-07, 1.20710836882e-07, 9.29339876166e-08, 5.07505255598e-08, 1.43395666896e-07, 6.95512127891e-08, 1.37282711421e-07, 9.26204251073e-08, 5.92011328848e-10],
        "max": [0.00584496930242, 0.128348261118, 0.07614775002, 0.0393605865538, 0.0445852987468, 0.0485069155693, 0.0390931814909, 0.0355315022171, 0.0452510751784, 0.0204833876342, 0.0167864896357, 0.0100464448333, 0.00673921359703, 0.010581292212, 0.00832624267787, 0.00851130019873, 0.00911417696625, 0.00468444032595, 0.0043385438621, 0.00358079187572, 0.00424998858944, 0.00244463095441, 0.00653234031051, 0.00437334133312, 0.00805515330285, 0.00497339153662, 0.000189979051356],
        "mean": [0.000436751812231, 0.00909084174782, 0.0040191472508, 0.00196507782675, 0.0048983450979, 0.00247669639066, 0.00209534727037, 0.000985374557786, 0.00167371309362, 0.00138740881812, 0.00121900008526, 0.000260297820205, 0.000162119205925, 0.000474818865769, 0.000395729846787, 0.000798819935881, 0.000931073562242, 0.000415098125814, 0.000347053719452, 0.000198732581339, 0.00013702090655, 0.000102692203654, 0.000142093602335, 9.81469711405e-05, 0.000132868211949, 0.000123500809423, 7.15677742846e-06],
        "median": [5.31335499545e-05, 0.00390564207919, 0.00136066437699, 0.000781015492976, 0.00281890854239, 0.0011906233849, 0.00108551385347, 0.000328279536916, 0.000398062256863, 0.000142600794788, 0.000151135463966, 7.27259612177e-05, 4.03592530347e-05, 0.000202918890864, 0.000192870327737, 0.000444910343504, 0.000400425837142, 0.000249514472671, 0.000162164578796, 0.00010715337703, 7.13750487193e-05, 3.42664461641e-05, 3.60963167623e-05, 2.00359354494e-05, 1.05857398012e-05, 5.60756780033e-06, 2.21973834869e-07],
        "min": [2.0624128183e-08, 1.13339101517e-05, 4.38567485617e-06, 3.76779394173e-06, 1.9900053303e-05, 1.28852061607e-05, 2.14690608118e-05, 1.43292834309e-06, 4.21892718805e-06, 1.19014327993e-06, 1.32448803924e-06, 5.06834226144e-07, 7.3719206739e-07, 5.03450382894e-06, 1.85764065463e-06, 4.48847822554e-06, 1.17828622024e-05, 2.64459640675e-06, 1.74139574938e-06, 1.01962427834e-06, 5.55256065127e-07, 9.49651592919e-08, 5.47407239537e-08, 5.72010669941e-08, 4.41532819195e-08, 1.61286504152e-08, 1.33233691007e-12],
        "stdev": [0.000766535231378, 0.0134727247059, 0.00813543517143, 0.00322215328924, 0.00584059162065, 0.0039418679662, 0.00304689141922, 0.00249296566471, 0.00302392989397, 0.00293195736594, 0.00266961776651, 0.000705065496732, 0.000434229616076, 0.000998226576485, 0.000644134299364, 0.000971830042545, 0.00129766191822, 0.000478621135699, 0.000479924667161, 0.000269761192612, 0.000257837498793, 0.000224668430747, 0.000418048206484, 0.000336231605615, 0.000523780123331, 0.000377641001251, 1.98742072826e-05],
        "var": [5.87576266753e-07, 0.000181514304131, 6.6185304604e-05, 1.03822712845e-05, 3.41125087289e-05, 1.55383240781e-05, 9.28354802454e-06, 6.21487788521e-06, 9.14415250008e-06, 8.59637384565e-06, 7.12685869075e-06, 4.9711735528e-07, 1.88555347336e-07, 9.96456378743e-07, 4.1490901026e-07, 9.44453631746e-07, 1.68392648447e-06, 2.29078196412e-07, 2.30327700024e-07, 7.27710940396e-08, 6.64801831363e-08, 5.04759007924e-08, 1.7476429548e-07, 1.1305168357e-07, 2.74345637763e-07, 1.42612719856e-07, 3.94984128738e-10]
    },
    "erbbands": {
        "dmean": [0.126802623272, 1.36439669132, 3.83223104477, 3.47169923782, 6.47819566727, 11.0743970871, 9.97925949097, 13.7866344452, 12.3786554337, 26.7407245636, 13.4693078995, 20.470867157, 21.7729949951, 15.2894496918, 16.7383956909, 7.01330757141, 4.64113664627, 12.86602211, 11.3596515656, 17.65442276, 22.6889095306, 29.8067378998, 10.9458312988, 11.4579153061, 6.05719900131, 4.84332942963, 4.19714975357, 2.54356598854, 2.14067459106, 2.30026125908, 2.77698898315, 1.64666390419, 0.818119704723, 0.77960985899, 0.735337913036, 0.463898301125, 0.164016529918, 0.024892386049, 0.00064584671054, 2.91143078357e-05],
        "dmean2": [0.198294579983, 2.27327728271, 6.16916847229, 5.57637119293, 10.3773231506, 18.0748081207, 15.7808437347, 21.8572883606, 19.5895328522, 41.1825790405, 20.2403717041, 31.4212093353, 34.4068412781, 22.6505813599, 25.393032074, 10.6482801437, 7.12941980362, 18.9460029602, 17.5529975891, 27.4694633484, 33.6570739746, 47.4597663879, 16.6206417084, 18.2237033844, 9.52715778351, 7.74346494675, 6.65412425995, 4.05054664612, 3.23262739182, 3.29638338089, 3.91875767708, 2.30369400978, 1.12326669693, 1.03620159626, 1.00419974327, 0.628281533718, 0.2207570225, 0.0345423966646, 0.000916636374313, 4.03820631618e-05],
        "dvar": [0.0798237398267, 9.11514091492, 72.5512161255, 59.3730621338, 147.987197876, 285.581878662, 486.190643311, 1043.55383301, 424.013000488, 3227.93530273, 1429.10705566, 3139.43041992, 2558.18774414, 990.882324219, 1580.07080078, 374.022979736, 140.838684082, 1147.49914551, 686.90447998, 739.525695801, 973.564453125, 2667.48339844, 243.697433472, 276.558288574, 138.323989868, 91.4504165649, 108.03237915, 35.8928337097, 29.7886867523, 44.2630882263, 85.52394104, 32.3293190002, 7.55479669571, 8.12817955017, 6.81364631653, 1.71192669868, 0.161246329546, 0.00370750855654, 2.67482937488e-06, 2.62358490488e-09],
        "dvar2": [0.196442052722, 25.1159000397, 184.925125122, 159.634231567, 368.451019287, 732.317260742, 1185.5645752, 2533.54467773, 949.022033691, 7826.12744141, 3164.76049805, 7541.33984375, 6708.24316406, 2084.06201172, 3667.07446289, 886.763671875, 335.068267822, 2523.69165039, 1624.97094727, 1625.90869141, 2129.74829102, 6480.81396484, 548.47253418, 672.958312988, 337.614074707, 240.14630127, 240.502151489, 85.1885299683, 59.4889984131, 84.0817489624, 151.051254272, 53.9749984741, 11.9939393997, 13.7488059998, 11.7586812973, 2.82219338417, 0.277739495039, 0.00671326834708, 5.19333661941e-06, 4.82760142972e-09],
        "max": [3.39993143082, 30.4832191467, 83.6509246826, 136.800338745, 131.52432251, 231.097259521, 396.560455322, 509.02166748, 381.277130127, 779.687744141, 933.515075684, 1253.4263916, 733.670898438, 544.328674316, 722.420715332, 343.29699707, 142.426971436, 586.476135254, 468.976928711, 323.722839355, 424.356903076, 502.386352539, 178.992828369, 211.308410645, 226.484695435, 148.580871582, 211.075363159, 91.4045562744, 86.4636383057, 115.522994995, 223.396057129, 106.238220215, 70.3743362427, 90.2955169678, 71.5432052612, 32.6887741089, 6.81752347946, 0.687087595463, 0.0208985749632, 0.000706277205609],
        "mean": [0.235607206821, 2.08302664757, 5.17320632935, 5.29564857483, 11.3550109863, 18.9369525909, 16.0846157074, 20.9963226318, 22.9455699921, 38.2824859619, 22.0250663757, 39.8474311829, 48.4900398254, 36.1196746826, 40.5043487549, 12.5079126358, 7.51045656204, 20.3789539337, 18.5747146606, 33.8055381775, 47.1416244507, 52.283039093, 22.4437007904, 24.3022956848, 12.6790103912, 9.5097951889, 7.47254657745, 4.198554039, 3.50212860107, 3.75017738342, 4.49830436707, 2.69127845764, 1.35091531277, 1.20790481567, 1.06457710266, 0.628299593925, 0.216572389007, 0.0318815335631, 0.000816146377474, 6.52190938126e-05],
        "median": [0.0568508654833, 0.89545750618, 2.06303691864, 2.50281143188, 4.79285097122, 11.2973594666, 6.97331142426, 11.2542362213, 14.2022428513, 16.11485672, 7.76433086395, 10.4393482208, 7.90574121475, 8.0679731369, 6.26241970062, 3.99077486992, 2.61071538925, 7.57605981827, 8.6335401535, 19.8486652374, 27.1803092957, 23.8722133636, 13.0947303772, 13.4204521179, 6.19141054153, 5.13709115982, 3.88825583458, 2.06931138039, 1.22911310196, 1.30532920361, 0.945597589016, 0.568076193333, 0.245199590921, 0.140896365047, 0.0636537820101, 0.024914868176, 0.0100677860901, 0.00145506404806, 5.33630700374e-05, 3.9301608922e-05],
        "min": [0.000230808233027, 0.00810118112713, 0.00847281329334, 0.0366127677262, 0.062190528959, 0.0967963784933, 0.118138119578, 0.173984840512, 0.249771371484, 0.14692081511, 0.120877340436, 0.136705979705, 0.151883795857, 0.0700745731592, 0.0676911771297, 0.0425487309694, 0.0562389791012, 0.236182540655, 0.216217026114, 0.204141631722, 0.279363304377, 0.829815924168, 0.4003457129, 0.144571825862, 0.10209813714, 0.0719594210386, 0.0261251032352, 0.0104246623814, 0.00402037519962, 0.00246311747469, 0.00159857783001, 0.00133250257932, 0.000780770089477, 0.000475433713291, 0.000223705588724, 0.000125971593661, 1.48602648551e-05, 1.00163970274e-06, 1.25520818983e-06, 1.42811859405e-06],
        "stdev": [0.396344304085, 3.16899394989, 9.23830890656, 8.01706123352, 16.9800453186, 23.8519020081, 27.8499298096, 34.4722328186, 27.966085434, 68.8086700439, 50.6686630249, 76.9320907593, 98.9140777588, 70.3829345703, 91.635597229, 27.810552597, 15.2208499908, 46.8367767334, 31.7403202057, 41.1613349915, 52.7927780151, 72.7046279907, 24.709312439, 28.5356311798, 18.7526855469, 12.7773141861, 13.2393655777, 7.3130736351, 7.40212631226, 9.2682466507, 13.8735342026, 9.03041744232, 4.70345592499, 4.70735216141, 4.31391716003, 2.1637969017, 0.636658668518, 0.0847954377532, 0.00218707602471, 8.01334899734e-05],
        "var": [0.157088816166, 10.0425233841, 85.3463439941, 64.2732772827, 288.321929932, 568.913208008, 775.618591309, 1188.33496094, 782.101928711, 4734.6328125, 2567.31323242, 5918.546875, 9783.99511719, 4953.75732422, 8397.08300781, 773.426879883, 231.67427063, 2193.68359375, 1007.44787598, 1694.25537109, 2787.07739258, 5285.96337891, 610.550109863, 814.282226562, 351.663208008, 163.259765625, 175.280807495, 53.481048584, 54.7914733887, 85.900390625, 192.474945068, 81.5484466553, 22.1224994659, 22.1591644287, 18.6098804474, 4.68201732635, 0.405334234238, 0.00719026615843, 4.78330139231e-06, 6.42137631957e-09]
    },
    "gfcc": {
        "mean": [12.7575569153, 102.215614319, -112.996704102, 38.5972480774, -47.3601226807, 0.227886721492, -42.7853736877, 16.368724823, -15.8937311172, -0.763706564903, -20.3985080719, 3.42190766335, -7.27458095551],
        "cov": [[2705.71850586, -1287.7088623, 243.139465332, -289.182434082, -295.500549316, 322.20513916, -80.8788604736, 171.824676514, -185.745986938, 117.053894043, -216.799789429, 120.478034973, -256.17791748], [-1287.7088623, 1586.83764648, -408.027404785, 151.98286438, 277.570251465, -168.569320679, 298.764373779, -106.887504578, 156.058639526, -190.90953064, 238.717895508, -146.411743164, 207.737976074], [243.139465332, -408.027404785, 822.314697266, -79.0299301147, 133.971450806, 54.3906517029, -201.244934082, 6.8656244278, -41.0931930542, 185.73008728, -139.290588379, 94.9267349243, -139.980911255], [-289.182434082, 151.98286438, -79.0299301147, 372.470489502, 58.4372444153, 10.8010377884, 113.192245483, 16.936870575, 53.9614448547, -91.2952194214, 70.1725921631, -23.1556587219, 102.217514038], [-295.500549316, 277.570251465, 133.971450806, 58.4372444153, 346.473144531, -23.8630943298, 24.2220878601, 37.7564468384, 33.9192085266, 20.3641242981, 29.4126186371, 19.6870174408, -4.28032684326], [322.20513916, -168.569320679, 54.3906517029, 10.8010377884, -23.8630943298, 275.555541992, 117.279067993, 36.9251594543, -21.8106632233, -18.2397975922, 28.1750831604, 31.2161197662, -8.56551837921], [-80.8788604736, 298.764373779, -201.244934082, 113.192245483, 24.2220878601, 117.279067993, 297.346618652, 38.5340194702, 14.083984375, -96.5973587036, 94.3121948242, -16.052324295, 80.5681610107], [171.824676514, -106.887504578, 6.8656244278, 16.936870575, 37.7564468384, 36.9251594543, 38.5340194702, 138.406311035, 24.4378509521, -1.55922913551, -6.40723848343, 17.9970054626, -6.55602836609], [-185.745986938, 156.058639526, -41.0931930542, 53.9614448547, 33.9192085266, -21.8106632233, 14.083984375, 24.4378509521, 131.403579712, 6.63385438919, 33.1351089478, -29.0247516632, 27.5754680634], [117.053894043, -190.90953064, 185.73008728, -91.2952194214, 20.3641242981, -18.2397975922, -96.5973587036, -1.55922913551, 6.63385438919, 152.768554688, -42.6424102783, 30.8907299042, -63.1388587952], [-216.799789429, 238.717895508, -139.290588379, 70.1725921631, 29.4126186371, 28.1750831604, 94.3121948242, -6.40723848343, 33.1351089478, -42.6424102783, 126.730995178, 2.032766819, 58.3054389954], [120.478034973, -146.411743164, 94.9267349243, -23.1556587219, 19.6870174408, 31.2161197662, -16.052324295, 17.9970054626, -29.0247516632, 30.8907299042, 2.032766819, 96.0975570679, -6.27823877335], [-256.17791748, 207.737976074, -139.980911255, 102.217514038, -4.28032684326, -8.56551837921, 80.5681610107, -6.55602836609, 27.5754680634, -63.1388587952, 58.3054389954, -6.27823877335, 123.78200531]],
        "icov": [[0.000844315509312, 0.000251201097853, 0.000193162661162, 0.000129654450575, 0.000417837727582, -0.000625919376034, -0.000196022112505, -0.000697118695825, 0.000355647061951, -5.51967641513e-05, 0.000676724710502, -0.000440356554464, 0.00105050392449], [0.000251201097853, 0.00365150766447, -0.000696828530636, 0.00218533724546, -0.00258427346125, 0.00267612934113, -0.00330107007176, 0.00291185011156, -0.00225254450925, 0.00270456029102, -0.00337937357835, 0.00340758217499, -0.0021562713664], [0.000193162661162, -0.000696828530636, 0.00305298506282, -0.00120953225996, -0.000525307084899, -0.00207140645944, 0.00169876706786, -0.000129430714878, 0.000576058402658, -0.00246205902658, 0.00325941923074, -0.00251507898793, 0.00169945298694], [0.000129654450575, 0.00218533724546, -0.00120953225996, 0.0055133914575, -0.00189923448488, 0.0018256327603, -0.00251385057345, 0.00141303183045, -0.00230075372383, 0.00346892303787, -0.00283230911009, 0.00280409376137, -0.00378988194279], [0.000417837727582, -0.00258427346125, -0.000525307084899, -0.00189923448488, 0.00614378368482, -0.00114560348447, 0.00139563623816, -0.0036883612629, 0.00147950428072, -0.0019508858677, 0.00121834175661, -0.00310858455487, 0.00314930547029], [-0.000625919376034, 0.00267612934113, -0.00207140645944, 0.0018256327603, -0.00114560348447, 0.00860737357289, -0.00551895564422, 0.00209162640385, -0.00179378024768, 0.00302779581398, -0.00490890769288, 0.00199526641518, -0.00102020311169], [-0.000196022112505, -0.00330107007176, 0.00169876706786, -0.00251385057345, 0.00139563623816, -0.00551895564422, 0.0103780478239, -0.00419589923695, 0.00311056198552, -0.00147325615399, 0.000884262495674, -0.001655011205, -0.000124370024423], [-0.000697118695825, 0.00291185011156, -0.000129430714878, 0.00141303183045, -0.0036883612629, 0.00209162640385, -0.00419589923695, 0.012678168714, -0.00540745304897, 0.00293851923198, -0.000447999802418, 0.00012625430827, -0.00130211701617], [0.000355647061951, -0.00225254450925, 0.000576058402658, -0.00230075372383, 0.00147950428072, -0.00179378024768, 0.00311056198552, -0.00540745304897, 0.012920839712, -0.0050200773403, -0.000747791607864, 0.00232409336604, -0.000285192683805], [-5.51967641513e-05, 0.00270456029102, -0.00246205902658, 0.00346892303787, -0.0019508858677, 0.00302779581398, -0.00147325615399, 0.00293851923198, -0.0050200773403, 0.0144928582013, -0.00300919217989, 2.38643860939e-05, 0.000884105509613], [0.000676724710502, -0.00337937357835, 0.00325941923074, -0.00283230911009, 0.00121834175661, -0.00490890769288, 0.000884262495674, -0.000447999802418, -0.000747791607864, -0.00300919217989, 0.0194099210203, -0.00790769793093, 0.00128786626738], [-0.000440356554464, 0.00340758217499, -0.00251507898793, 0.00280409376137, -0.00310858455487, 0.00199526641518, -0.001655011205, 0.00012625430827, 0.00232409336604, 2.38643860939e-05, -0.00790769793093, 0.0194374192506, -0.00647038593888], [0.00105050392449, -0.0021562713664, 0.00169945298694, -0.00378988194279, 0.00314930547029, -0.00102020311169, -0.000124370024423, -0.00130211701617, -0.000285192683805, 0.000884105509613, 0.00128786626738, -0.00647038593888, 0.0185530781746]]
    },
    "melbands": {
        "dmean": [0.00129910802934, 0.00181845389307, 0.000663828628603, 0.000598893559072, 0.000388049345929, 0.000300038780551, 0.000198870868189, 0.000271437922493, 0.00011639825243, 0.000126854196424, 0.000110004359158, 6.50819783914e-05, 6.44565880066e-05, 2.42132082349e-05, 1.27823550429e-05, 1.37289889608e-05, 2.69641204795e-05, 2.13085950236e-05, 1.97448025574e-05, 2.85411060759e-05, 2.7928770578e-05, 3.61023812729e-05, 1.39493913593e-05, 1.18673942779e-05, 1.00906581793e-05, 5.3999829106e-06, 3.47127070199e-06, 3.47664376932e-06, 3.21755442201e-06, 1.96189421331e-06, 1.434864771e-06, 1.09142058591e-06, 1.59158605584e-06, 1.20794663871e-06, 1.73074215581e-06, 1.4401352928e-06, 9.2801997198e-07, 6.11899622527e-07, 5.7985806734e-07, 7.13343695224e-07],
        "dmean2": [0.00209513562731, 0.00293055782095, 0.00104646850377, 0.000972173409536, 0.00061656627804, 0.000471425126307, 0.000313845608616, 0.000418265815824, 0.000173286302015, 0.000193479398149, 0.000174306580448, 9.5414747193e-05, 9.72237685346e-05, 3.76910065825e-05, 1.97714452952e-05, 2.03903346119e-05, 3.95660063077e-05, 3.30591574311e-05, 3.05022294924e-05, 4.28939456469e-05, 4.19008356403e-05, 5.7538607507e-05, 2.2288873879e-05, 1.85418321053e-05, 1.62998821907e-05, 8.46968214319e-06, 5.73392298975e-06, 5.56892973691e-06, 5.1391721172e-06, 3.11074245474e-06, 2.37510971601e-06, 1.70318173787e-06, 2.41182647187e-06, 1.7711926148e-06, 2.47569687417e-06, 1.97124882106e-06, 1.35766458698e-06, 8.63845855292e-07, 8.17938655473e-07, 9.71621830104e-07],
        "dvar": [7.9697883848e-06, 1.48606450239e-05, 1.72817067323e-06, 9.16450005661e-07, 5.18567730978e-07, 4.41062127265e-07, 1.16159043273e-07, 3.5748450955e-07, 1.12073109904e-07, 1.02708767713e-07, 6.54655565313e-08, 1.90960030011e-08, 2.06411829851e-08, 5.35109956346e-09, 1.32463828795e-09, 1.57240565013e-09, 4.93347940278e-09, 2.37181629892e-09, 1.45917211647e-09, 1.63331348446e-09, 1.54927914942e-09, 3.84886522653e-09, 6.21746154561e-10, 3.47807588286e-10, 2.18483592329e-10, 1.12073086922e-10, 5.49758016888e-11, 4.65479876866e-11, 6.90864448982e-11, 1.92685572359e-11, 1.20793791636e-11, 6.94853116018e-12, 2.13691425666e-11, 1.27519210469e-11, 3.34774118149e-11, 2.39443170152e-11, 1.0410165785e-11, 4.63725672445e-12, 4.2391628402e-12, 7.28938610861e-12],
        "dvar2": [2.07702905755e-05, 3.95860988647e-05, 4.42361169917e-06, 2.44603825195e-06, 1.27040823372e-06, 1.05768617686e-06, 2.6287551691e-07, 8.76623118984e-07, 2.49606273428e-07, 2.41945826929e-07, 1.70481655459e-07, 3.98519119926e-08, 4.6703334533e-08, 1.33338202701e-08, 3.15881387714e-09, 3.40013839306e-09, 1.06376338849e-08, 5.44679013004e-09, 3.23381255107e-09, 3.37864713984e-09, 3.48340711831e-09, 9.40051503306e-09, 1.49074597111e-09, 7.9968170974e-10, 5.42691114269e-10, 2.69254618601e-10, 1.49274467787e-10, 1.20118789915e-10, 1.62234350953e-10, 4.0196870138e-11, 3.10688419436e-11, 1.51689685118e-11, 4.06130754027e-11, 2.61423504372e-11, 6.54036408365e-11, 3.96925825541e-11, 1.95291421923e-11, 8.68591483461e-12, 8.76892568974e-12, 1.18210137859e-11],
        "max": [0.0343625918031, 0.0377571843565, 0.0201525203884, 0.0110122524202, 0.01099669002, 0.0103967143223, 0.00544875394553, 0.00920455437154, 0.00760323833674, 0.00708910869434, 0.00372363976203, 0.00217991415411, 0.00277267978527, 0.00149771559518, 0.000566153787076, 0.000696676957887, 0.00111926335376, 0.000876049976796, 0.00054378551431, 0.000573015830014, 0.00054988428019, 0.000687272811774, 0.000355201889761, 0.000294041034067, 0.000205762917176, 0.000226518430281, 0.000127717474243, 9.23174229683e-05, 0.000185223383596, 8.27986586955e-05, 5.05177777086e-05, 4.66892452096e-05, 7.86725067883e-05, 7.3529954534e-05, 0.000149249477545, 9.76425726549e-05, 5.65620212001e-05, 6.22352818027e-05, 5.33595630259e-05, 8.57233608258e-05],
        "mean": [0.00230135279708, 0.00270091858692, 0.00111434538849, 0.00108973600436, 0.000645594031084, 0.000479252397781, 0.000371146947145, 0.000375654897653, 0.000192677762243, 0.000246191542828, 0.000237232481595, 0.00013904752268, 0.000163125339895, 4.04592428822e-05, 1.93747309822e-05, 1.92485040316e-05, 4.1598759708e-05, 3.18934580719e-05, 3.17077792715e-05, 5.46525116079e-05, 5.4875294154e-05, 6.0732345446e-05, 2.41025118157e-05, 2.13275507122e-05, 2.00910671992e-05, 1.08065751192e-05, 6.52421977065e-06, 6.2740004978e-06, 5.1454280765e-06, 3.34815240421e-06, 2.10121811506e-06, 1.71688657247e-06, 2.38277402786e-06, 1.87515695416e-06, 2.652407602e-06, 2.23356846618e-06, 1.44154216741e-06, 9.37368724863e-07, 8.66340201355e-07, 1.0688816019e-06],
        "median": [0.000805703864899, 0.00123933563009, 0.000527355470695, 0.00061805814039, 0.000336363445967, 0.000260664906818, 0.000220690999413, 0.000159903967869, 5.02609800606e-05, 5.9717662225e-05, 3.02283133351e-05, 2.26563315664e-05, 2.17462857108e-05, 8.47501360113e-06, 6.99031988916e-06, 5.45864213564e-06, 1.53875371325e-05, 1.45864632941e-05, 1.45790354509e-05, 3.21532570524e-05, 3.00009596685e-05, 2.623688124e-05, 1.09686670839e-05, 1.21688644867e-05, 1.06301167762e-05, 4.51053165307e-06, 3.22580763168e-06, 3.03558886117e-06, 2.37157746596e-06, 1.74158674326e-06, 9.06724892502e-07, 6.20189041456e-07, 6.95958988217e-07, 6.80939763242e-07, 5.45130887986e-07, 4.26143799359e-07, 2.82705912014e-07, 1.67385948657e-07, 1.3214645378e-07, 1.10015513144e-07],
        "min": [2.36053710978e-06, 6.75626142765e-06, 1.00403121905e-05, 5.74865316594e-06, 3.86329156754e-06, 3.81293489227e-06, 4.62260095446e-06, 7.13102508598e-07, 9.72101361185e-07, 8.82664778601e-07, 2.21327837835e-07, 2.45987763492e-07, 1.79452541715e-07, 9.66720747897e-08, 6.38912567297e-08, 8.02356225904e-08, 4.60943141434e-07, 2.23374399866e-07, 1.26507899267e-07, 3.72026420337e-07, 2.81738351759e-07, 6.35361459445e-07, 2.46636517431e-07, 1.55698302251e-07, 1.04292773528e-07, 4.70836312161e-08, 3.26240296999e-08, 2.67806079535e-08, 1.74676451081e-08, 7.2444432675e-09, 1.90793869592e-09, 1.84875015297e-09, 1.85766868555e-09, 7.57214679847e-10, 8.23246026904e-10, 6.77404521365e-10, 6.1718702371e-10, 4.37828162614e-10, 4.16111228807e-10, 3.79270559403e-10],
        "stdev": [0.0035480086226, 0.00409106304869, 0.00151766010094, 0.00130492297467, 0.000914270814974, 0.0007395526045, 0.000471628503874, 0.000699516560417, 0.000457677728264, 0.000458843249362, 0.000503191840835, 0.000292784825433, 0.000367822620319, 0.00010474633018, 4.43031385657e-05, 5.2236544434e-05, 9.72181660472e-05, 5.90997296968e-05, 5.23750095454e-05, 6.7237415351e-05, 6.30188878858e-05, 8.58408602653e-05, 3.53832147084e-05, 2.6433102903e-05, 2.46937524935e-05, 1.73439511855e-05, 9.45252395468e-06, 9.07689536689e-06, 9.88408646663e-06, 6.00876001045e-06, 3.85266548619e-06, 3.34757169185e-06, 6.36882350591e-06, 4.63868309453e-06, 8.2213382484e-06, 7.49021182855e-06, 4.95770609632e-06, 3.39908388014e-06, 3.08869834953e-06, 4.40328540208e-06],
        "var": [1.25883643705e-05, 1.67367979884e-05, 2.30329214901e-06, 1.70282407908e-06, 8.35891171391e-07, 5.46938053958e-07, 2.22433456543e-07, 4.8932338359e-07, 2.09468907997e-07, 2.10537137946e-07, 2.53202045997e-07, 8.57229522921e-08, 1.35293475978e-07, 1.09717941399e-08, 1.96276817022e-09, 2.72865663398e-09, 9.4513712412e-09, 3.49277784473e-09, 2.74314171378e-09, 4.52086990066e-09, 3.97138055774e-09, 7.36865368722e-09, 1.25197197054e-09, 6.98708924052e-10, 6.09781447558e-10, 3.00812652565e-10, 8.93502008492e-11, 8.23900253577e-11, 9.76951713971e-11, 3.61051986919e-11, 1.48430330527e-11, 1.12062364596e-11, 4.05619114685e-11, 2.15173816265e-11, 6.75904054948e-11, 5.61032713342e-11, 2.45788476377e-11, 1.15537709608e-11, 9.54005711234e-12, 1.93889210243e-11]
    },
    "melbands128": {
