{
"lowlevel": {
    "average_loudness": 0.656736254692,
    "barkbands_crest": {
        "dmean": 2.62103891373,
        "dmean2": 4.31176376343,
        "dvar": 5.2844414711,
        "dvar2": 13.5078897476,
        "max": 24.6303367615,
        "mean": 12.0424575806,
        "median": 11.0753908157,
        "min": 3.52706217766,
        "stdev": 4.44255495071,
        "var": 19.7362937927
    },
    "barkbands_flatness_db": {
        "dmean": 0.0266727954149,
        "dmean2": 0.0395435765386,
        "dvar": 0.000658664794173,
        "dvar2": 0.00130037742201,
        "max": 0.509841024876,
        "mean": 0.253484666348,
        "median": 0.244917720556,
        "min": 0.0425909608603,
        "stdev": 0.0752550512552,
        "var": 0.00566332321614
    },
    "barkbands_kurtosis": {
        "dmean": 4.39086008072,
        "dmean2": 6.9785118103,
        "dvar": 40.9370002747,
        "dvar2": 98.572303772,
        "max": 85.3118743896,
        "mean": 8.02880954742,
        "median": 4.62174797058,
        "min": -1.81800234318,
        "stdev": 10.5128078461,
        "var": 110.519134521
    },
    "barkbands_skewness": {
        "dmean": 0.617192625999,
        "dmean2": 0.943202257156,
        "dvar": 0.417780905962,
        "dvar2": 0.937339127064,
        "max": 6.715965271,
        "mean": 1.65158653259,
        "median": 1.6380392313,
        "min": -2.26119470596,
        "stdev": 1.4439522028,
        "var": 2.08499789238
    },
    "barkbands_spread": {
        "dmean": 3.02733278275,
        "dmean2": 4.67381334305,
        "dvar": 17.6078491211,
        "dvar2": 38.3957061768,
        "max": 62.5304603577,
        "mean": 10.3445281982,
        "median": 7.90820884705,
        "min": 0.497949957848,
        "stdev": 9.10864925385,
        "var": 82.9674835205
    },
    "dissonance": {
        "dmean": 0.0360883958638,
        "dmean2": 0.0595386587083,
        "dvar": 0.00112463172991,
        "dvar2": 0.0029744040221,
        "max": 0.499952286482,
        "mean": 0.415810704231,
        "median": 0.426429331303,
        "min": 0.155917584896,
        "stdev": 0.0550227500498,
        "var": 0.00302750291303
    },
    "dynamic_complexity": 3.6712808609,
    "erbbands_crest": {
        "dmean": 2.89407610893,
        "dmean2": 4.62755155563,
        "dvar": 7.18904352188,
        "dvar2": 17.3770484924,
        "max": 28.9951210022,
        "mean": 12.7136325836,
        "median": 12.0701351166,
        "min": 2.6073076725,
        "stdev": 5.00617313385,
        "var": 25.0617675781
    },
    "erbbands_flatness_db": {
        "dmean": 0.0197012126446,
        "dmean2": 0.0268374178559,
        "dvar": 0.000353287614416,
        "dvar2": 0.000625452201348,
        "max": 0.404991656542,
        "mean": 0.253685444593,
        "median": 0.25439453125,
        "min": 0.0787852481008,
        "stdev": 0.0589915663004,
        "var": 0.00348000507802
    },
    "erbbands_kurtosis": {
        "dmean": 1.79009544849,
        "dmean2": 2.8260114193,
        "dvar": 8.76282215118,
        "dvar2": 20.1042003632,
        "max": 48.2753410339,
        "mean": 2.33481383324,
        "median": 0.806708812714,
        "min": -1.86098134518,
        "stdev": 4.83285474777,
        "var": 23.3564853668
    },
    "erbbands_skewness": {
        "dmean": 0.467372059822,
        "dmean2": 0.690054655075,
        "dvar": 0.212026804686,
        "dvar2": 0.438887894154,
        "max": 4.75912094116,
        "mean": 0.640152513981,
        "median": 0.600893974304,
        "min": -2.85851860046,
        "stdev": 1.21701514721,
        "var": 1.4811258316
    },
    "erbbands_spread": {
        "dmean": 6.3898639679,
        "dmean2": 9.4579782486,
        "dvar": 72.0026168823,
        "dvar2": 147.809448242,
        "max": 133.173370361,
        "mean": 25.3122806549,
        "median": 22.2450218201,
        "min": 1.98955559731,
        "stdev": 17.0313339233,
        "var": 290.066314697
    },
    "hfc": {
        "dmean": 3.04237508774,
        "dmean2": 3.91452717781,
        "dvar": 24.0272712708,
        "dvar2": 34.6535263062,
        "max": 102.812828064,
        "mean": 12.0315914154,
        "median": 4.85364723206,
        "min": 1.1595210039e-16,
        "stdev": 17.0233879089,
        "var": 289.795715332
    },
    "loudness_ebu128": {
        "integrated": -9.17145252228,
        "loudness_range": 5.06203794479,
        "momentary": {
            "dmean": 0.98010456562,
            "dmean2": 0.908767223358,
            "dvar": 0.737821340561,
            "dvar2": 0.908488094807,
            "max": -2.77744817734,
            "mean": -10.1326589584,
            "median": -10.4351463318,
            "min": -19.2299346924,
            "stdev": 2.80138492584,
            "var": 7.84775686264
        },
        "short_term": {
            "dmean": 0.137193307281,
            "dmean2": 0.110820412636,
            "dvar": 0.0207732673734,
            "dvar2": 0.0114115532488,
            "max": -5.07934617996,
            "mean": -9.46458625793,
            "median": -9.5932598114,
            "min": -12.3930168152,
            "stdev": 1.63968980312,
            "var": 2.68858265877
        }
    },
    "melbands_crest": {
        "dmean": 3.10907506943,
        "dmean2": 5.17904853821,
        "dvar": 7.78463602066,
        "dvar2": 20.2019004822,
        "max": 30.0036277771,
        "mean": 15.1257019043,
        "median": 14.4755973816,
        "min": 2.3937227726,
        "stdev": 5.23951387405,
        "var": 27.452507019
    },
    "melbands_flatness_db": {
        "dmean": 0.0314578339458,
        "dmean2": 0.0447902567685,
        "dvar": 0.000972666603047,
        "dvar2": 0.00179886678234,
        "max": 0.636558651924,
        "mean": 0.326291769743,
        "median": 0.314987003803,
        "min": 0.00604813080281,
        "stdev": 0.0946903675795,
        "var": 0.00896626617759
    },
    "melbands_kurtosis": {
        "dmean": 7.588783741,
        "dmean2": 12.0978965759,
        "dvar": 154.324691772,
        "dvar2": 376.922637939,
        "max": 175.254013062,
        "mean": 14.9975194931,
        "median": 9.52962303162,
        "min": -1.71650063992,
        "stdev": 19.0946273804,
        "var": 364.604766846
    },
    "melbands_skewness": {
        "dmean": 0.732718288898,
        "dmean2": 1.13697111607,
        "dvar": 0.661192715168,
        "dvar2": 1.49844563007,
        "max": 11.3731575012,
        "mean": 2.38964247704,
        "median": 2.34913372993,
        "min": -1.56822061539,
        "stdev": 1.7016658783,
        "var": 2.89566659927
    },
    "melbands_spread": {
        "dmean": 3.89793539047,
        "dmean2": 6.02673864365,
        "dvar": 34.1917457581,
        "dvar2": 72.627532959,
        "max": 122.013000488,
        "mean": 12.973783493,
        "median": 8.59514904022,
        "min": 0.584621191025,
        "stdev": 12.6527500153,
        "var": 160.092086792
    },
    "pitch_salience": {
        "dmean": 0.0705512091517,
        "dmean2": 0.11763894558,
        "dvar": 0.00389938941225,
        "dvar2": 0.0101057523862,
        "max": 0.834043622017,
        "mean": 0.517883837223,
        "median": 0.51946246624,
        "min": 0.180174514651,
        "stdev": 0.112512856722,
        "var": 0.0126591436565
    },
    "silence_rate_20dB": {
        "dmean": 0,
        "dmean2": 0,
        "dvar": 0,
        "dvar2": 0,
        "max": 1,
        "mean": 1,
        "median": 1,
        "min": 1,
        "stdev": 0,
        "var": 0
    },
    "silence_rate_30dB": {
        "dmean": 0,
        "dmean2": 0,
        "dvar": 0,
        "dvar2": 0,
        "max": 1,
        "mean": 1,
        "median": 1,
        "min": 1,
        "stdev": 0,
        "var": 0
    },
    "silence_rate_60dB": {
        "dmean": 0.0221649482846,
        "dmean2": 0.0443527586758,
        "dvar": 0.0216742847115,
        "dvar2": 0.0465123169124,
        "max": 1,
        "mean": 0.0607934072614,
        "median": 0,
        "min": 0,
        "stdev": 0.238950252533,
        "var": 0.057097222656
    },
    "spectral_centroid": {
        "dmean": 142.767044067,
        "dmean2": 220.216491699,
        "dvar": 103553.132812,
        "dvar2": 211338.546875,
        "max": 11297.3847656,
        "mean": 692.627075195,
        "median": 521.768737793,
        "min": 164.793762207,
        "stdev": 606.255310059,
        "var": 367545.5
    },
    "spectral_complexity": {
        "dmean": 2.01391744614,
        "dmean2": 3.13460540771,
        "dvar": 7.81887197495,
        "dvar2": 16.0721340179,
        "max": 46,
        "mean": 9.91293144226,
        "median": 9,
        "min": 0,
        "stdev": 5.66196775436,
        "var": 32.0578804016
    },
    "spectral_decrease": {
        "dmean": 1.28831223467e-09,
        "dmean2": 1.92307103575e-09,
        "dvar": 2.38345972371e-18,
        "dvar2": 4.91135179981e-18,
        "max": -3.45820883594e-29,
        "mean": -4.86052575965e-09,
        "median": -3.51039153301e-09,
        "min": -2.47535751896e-08,
        "stdev": 4.30491953196e-09,
        "var": 1.85323331147e-17
    },
    "spectral_energy": {
        "dmean": 0.00509053841233,
        "dmean2": 0.00754089327529,
        "dvar": 3.74055271095e-05,
        "dvar2": 7.50488252379e-05,
        "max": 0.100914344192,
        "mean": 0.0194360334426,
        "median": 0.0139095438644,
        "min": 1.0647714414e-20,
        "stdev": 0.0176241267473,
        "var": 0.000310609844746
    },
    "spectral_energyband_high": {
        "dmean": 8.36160397739e-05,
        "dmean2": 0.000104056751297,
        "dvar": 1.22025539895e-07,
        "dvar2": 1.44166790506e-07,
        "max": 0.0171146783978,
        "mean": 0.000167588295881,
        "median": 1.74789911398e-05,
        "min": 7.39247759147e-21,
        "stdev": 0.000811402802356,
        "var": 6.58374460727e-07
    },
    "spectral_energyband_low": {
        "dmean": 0.00177056516986,
        "dmean2": 0.00297868717462,
        "dvar": 5.06228752783e-06,
        "dvar2": 1.36587123052e-05,
        "max": 0.0262601301074,
        "mean": 0.00396424951032,
        "median": 0.0026413644664,
        "min": 1.03717500687e-22,
        "stdev": 0.00374289043248,
        "var": 1.40092288348e-05
    },
    "spectral_energyband_middle_high": {
        "dmean": 0.00170039664954,
        "dmean2": 0.00210520415567,
        "dvar": 1.45194098877e-05,
        "dvar2": 2.22462167585e-05,
        "max": 0.0844127312303,
        "mean": 0.00527887186036,
        "median": 0.000790774996858,
        "min": 1.84589412854e-21,
        "stdev": 0.0112262405455,
        "var": 0.000126028477098
    },
    "spectral_energyband_middle_low": {
        "dmean": 0.0041206064634,
        "dmean2": 0.00641835900024,
        "dvar": 3.1577754271e-05,
        "dvar2": 6.77690113662e-05,
        "max": 0.0877255350351,
        "mean": 0.011641131714,
        "median": 0.00907854177058,
        "min": 2.90292078853e-22,
        "stdev": 0.0101875010878,
        "var": 0.000103785183455
    },
    "spectral_entropy": {
        "dmean": 0.246785998344,
        "dmean2": 0.349581569433,
        "dvar": 0.0637721642852,
        "dvar2": 0.115990497172,
        "max": 9.81866264343,
        "mean": 6.47658491135,
        "median": 6.56071186066,
        "min": 4.31932258606,
        "stdev": 0.675048410892,
        "var": 0.455690324306
    },
    "spectral_flux": {
        "dmean": 0.0191269125789,
        "dmean2": 0.0294296517968,
        "dvar": 0.00045334501192,
        "dvar2": 0.00103996659163,
        "max": 0.286821514368,
        "mean": 0.0622841902077,
        "median": 0.0511076897383,
        "min": 7.43821601534e-11,
        "stdev": 0.0441474989057,
        "var": 0.0019490015693
    },
    "spectral_kurtosis": {
        "dmean": 8.29975128174,
        "dmean2": 13.2784128189,
        "dvar": 111.467918396,
        "dvar2": 250.637069702,
        "max": 167.420562744,
        "mean": 17.7125797272,
        "median": 10.7296457291,
        "min": -1.20514154434,
        "stdev": 21.1640529633,
        "var": 447.917114258
    },
    "spectral_rms": {
        "dmean": 0.000585983099882,
        "dmean2": 0.000879812636413,
        "dvar": 3.79628147584e-07,
        "dvar2": 7.65922777646e-07,
        "max": 0.0099223498255,
        "mean": 0.00398262683302,
        "median": 0.00368378707208,
        "min": 3.22304422734e-12,
        "stdev": 0.00176086439751,
        "var": 3.10064342557e-06
    },
    "spectral_rolloff": {
        "dmean": 213.777359009,
        "dmean2": 367.054016113,
        "dvar": 298316.25,
        "dvar2": 623219,
        "max": 18927.6855469,
        "mean": 815.276794434,
        "median": 495.263671875,
        "min": 129.19921875,
        "stdev": 908.065429688,
        "var": 824582.8125
    },
    "spectral_skewness": {
        "dmean": 0.646942794323,
        "dmean2": 1.00088632107,
        "dvar": 0.432215571404,
        "dvar2": 0.961745023727,
        "max": 10.863951683,
        "mean": 2.73647522926,
        "median": 2.3531639576,
        "min": -0.02265172638,
        "stdev": 1.58363485336,
        "var": 2.50789928436
    },
    "spectral_spread": {
        "dmean": 479236.65625,
        "dmean2": 698144.375,
        "dvar": 701957341184,
        "dvar2": 953305858048,
        "max": 41004696,
        "mean": 2749566.5,
        "median": 2346062.25,
        "min": 596871.5625,
        "stdev": 1835743.75,
        "var": 3.3699552297e+12
    },
    "spectral_strongpeak": {
        "dmean": 0.535885155201,
        "dmean2": 0.877872467041,
        "dvar": 1.34424984455,
        "dvar2": 3.09220504761,
        "max": 23.2908287048,
        "mean": 1.20000529289,
        "median": 0.57318842411,
        "min": 0,
        "stdev": 1.82702100277,
        "var": 3.33800554276
    },
    "zerocrossingrate": {
        "dmean": 0.00539877964184,
        "dmean2": 0.00633279886097,
        "dvar": 0.000124670405057,
        "dvar2": 0.000203504911042,
        "max": 0.4892578125,
        "mean": 0.0312555357814,
        "median": 0.02587890625,
        "min": 0.0048828125,
        "stdev": 0.0247476864606,
        "var": 0.000612447969615
    },
    "barkbands": {
        "dmean": [2.19359317271e-05, 0.000708698178641, 0.000785468320828, 0.00132959184702, 0.00232673832215, 0.00029190260102, 0.000611748313531, 0.000320784456562, 0.000927937566303, 0.000700986129232, 0.00045163667528, 0.000488231773488, 0.000686378101818, 0.000394188798964, 0.000265796552412, 8.08203840279e-05, 5.68411305721e-05, 2.84861780528e-05, 3.60052945325e-05, 2.46762738243e-05, 5.01040703966e-05, 1.54458339239e-05, 9.04414264369e-06, 3.33008529196e-06, 2.64574237008e-06, 4.15189418845e-07, 3.66476005098e-09],
        "dmean2": [3.5186902096e-05, 0.00110488722567, 0.00135403999593, 0.00226469710469, 0.00393636338413, 0.000474368804134, 0.000876034086104, 0.00046318070963, 0.00131099030841, 0.000966528779827, 0.000644376385026, 0.000718838593457, 0.000983985024504, 0.00058172858553, 0.000397394411266, 0.000125529273646, 8.54684258229e-05, 4.41331612819e-05, 5.50115801161e-05, 3.79162884201e-05, 5.81504900765e-05, 2.29499873967e-05, 1.41590398925e-05, 5.16494492331e-06, 4.08324467571e-06, 6.30009481029e-07, 6.42223207947e-09],
        "dvar": [1.62917779267e-09, 1.38199345656e-06, 1.36747883062e-06, 4.01774332204e-06, 1.55548677867e-05, 2.11399878935e-07, 2.17480260289e-06, 9.55476821218e-07, 9.04597254703e-06, 9.77420040726e-06, 3.56321356776e-06, 3.11558096655e-06, 4.71594967166e-06, 1.65792914686e-06, 9.71530198512e-07, 1.07067478439e-07, 2.05446095691e-08, 4.70971883715e-09, 1.36473090606e-08, 8.0886657372e-09, 9.65202460179e-08, 2.2679143008e-09, 8.77923123088e-10, 1.58582869059e-10, 1.13427878201e-10, 2.6890087379e-12, 2.00903562534e-16],
        "dvar2": [3.75460507129e-09, 3.43084548149e-06, 4.00580847781e-06, 1.08169851956e-05, 3.90983259422e-05, 5.2090825875e-07, 4.13411407862e-06, 1.66708286997e-06, 1.57742742886e-05, 1.73092357727e-05, 6.75921955917e-06, 6.47449633107e-06, 1.05140361484e-05, 3.55849715561e-06, 2.01929492505e-06, 2.26480139531e-07, 4.25623092326e-08, 1.11933244895e-08, 2.77740550558e-08, 1.84014403715e-08, 9.59647508125e-08, 4.98219687728e-09, 1.96675764563e-09, 3.83376913549e-10, 2.69063160641e-10, 6.25062935439e-12, 5.28402075326e-16],
        "max": [0.000615007418673, 0.0121341254562, 0.0166838150471, 0.0240706373006, 0.0575004555285, 0.00687978696078, 0.038392342627, 0.0183978639543, 0.0697094872594, 0.0714779794216, 0.0416892468929, 0.0286210291088, 0.0434581115842, 0.0217651259154, 0.0203150399029, 0.0105724669993, 0.00387320504524, 0.00136600621045, 0.00375979347154, 0.00237309420481, 0.0160987898707, 0.000916509015951, 0.000327479356201, 0.000139736323035, 0.000123257908854, 2.11540427699e-05, 3.57443695975e-07],
        "mean": [6.36995828245e-05, 0.0011703891214, 0.00125428091269, 0.00256806495599, 0.00469371443614, 0.00057157734409, 0.00120165816043, 0.000590504263528, 0.00167577201501, 0.00120234547649, 0.000676804978866, 0.000837759522256, 0.00132893049158, 0.000637593795545, 0.000408042193158, 0.000140730277053, 0.000114364964247, 4.86182361783e-05, 6.52413145872e-05, 4.06145009038e-05, 0.00010308605124, 2.21594309551e-05, 1.26767436086e-05, 3.81499921787e-06, 3.16240357279e-06, 4.50626913562e-07, 3.57664498019e-09],
        "median": [2.33584214584e-05, 0.000671755173244, 0.000738367321901, 0.00118489121087, 0.00273518147878, 0.000359139143256, 0.000467572361231, 0.000149317027535, 9.98224422801e-05, 6.92920366419e-05, 4.72062238259e-05, 6.98903168086e-05, 5.92718461121e-05, 1.79283360922e-05, 5.52899909962e-05, 1.46147731357e-05, 1.36279477374e-05, 7.63640946388e-06, 1.09476050056e-05, 6.11379073234e-06, 5.97242296863e-06, 3.72779118152e-06, 1.03522461359e-06, 2.79831112948e-07, 6.31348200386e-08, 8.94450824518e-09, 3.29627769524e-10],
        "min": [1.52773437701e-23, 1.50558111175e-23, 3.38049049101e-23, 2.00095278584e-23, 2.66221749068e-23, 8.45681357156e-23, 3.13276071442e-23, 1.74296576644e-23, 5.05082772717e-23, 1.26152565992e-22, 2.07685934872e-22, 1.02453385796e-22, 7.67923022184e-23, 9.15948542754e-23, 1.4810333381e-22, 1.44073024513e-22, 1.69293589228e-22, 3.14754541928e-22, 1.52025562852e-22, 2.45692458114e-22, 3.9369127101e-22, 4.39587930538e-22, 6.91140956224e-22, 6.83067917803e-22, 1.03659402659e-21, 1.64070658557e-21, 2.34569398182e-21],
        "stdev": [8.00080961199e-05, 0.00151135481428, 0.00144811475184, 0.00335005251691, 0.0056023215875, 0.000666205247398, 0.00250085722655, 0.00164765527006, 0.00519827799872, 0.00509552983567, 0.00259450916201, 0.0026772657875, 0.00388481724076, 0.00201795645989, 0.00142196565866, 0.000499722838867, 0.000312726566335, 0.000113699396024, 0.00018126910436, 0.000124241414596, 0.000703779573087, 6.28188208793e-05, 3.7032761611e-05, 1.35565687742e-05, 1.19691903819e-05, 1.80003939931e-06, 1.53951749127e-08],
        "var": [6.40129549367e-09, 2.28419344239e-06, 2.09703625842e-06, 1.12228517537e-05, 3.1386007322e-05, 4.43829463848e-07, 6.25428720014e-06, 2.71476801572e-06, 2.70220953098e-05, 2.59644239122e-05, 6.73147815178e-06, 7.16775184628e-06, 1.50918049258e-05, 4.0721483856e-06, 2.02198634724e-06, 2.49722944545e-07, 9.77979084382e-08, 1.29275532501e-08, 3.28584874865e-08, 1.54359298676e-08, 4.95305698678e-07, 3.94620380817e-09, 1.37142530665e-09, 1.83780560215e-10, 1.43261527641e-10, 3.24014166192e-12, 2.37011385935e-16]
    },
    "erbbands": {
        "dmean": [0.0155909331515, 0.178426429629, 0.654520750046, 3.04967188835, 6.81694078445, 8.18211841583, 3.94717431068, 2.39891314507, 6.07452821732, 9.85130977631, 7.76776647568, 20.0095729828, 19.7561759949, 21.1895771027, 15.1052303314, 18.5649642944, 30.8846073151, 20.6831378937, 15.8731584549, 6.30353832245, 3.59967470169, 2.98476719856, 1.58648395538, 1.27971708775, 1.92636370659, 1.14884650707, 2.89561247826, 0.888206064701, 0.60343170166, 0.475340813398, 0.183387041092, 0.0784045606852, 0.0523348897696, 0.0219241399318, 0.025633584708, 0.00433394266292, 0.000390748406062, 2.86474569293e-05, 3.23350104736e-06, 5.82319034947e-06],
        "dmean2": [0.024551352486, 0.278984367847, 1.11200249195, 5.25350141525, 11.5459041595, 13.9721269608, 6.22138738632, 4.00481367111, 9.2925567627, 13.8951244354, 11.0119228363, 27.3369560242, 25.0290966034, 29.2378120422, 22.1219482422, 24.5084495544, 43.0486335754, 28.2899169922, 22.4932765961, 9.0235824585, 5.10555648804, 4.2716217041, 2.42637252808, 1.90168583393, 2.90807390213, 1.65028727055, 3.308334589, 1.34570324421, 0.918150901794, 0.700646698475, 0.282952457666, 0.119383685291, 0.0816214457154, 0.0344240665436, 0.0399956479669, 0.00652044080198, 0.000614299729932, 4.72277097288e-05, 4.71238763566e-06, 8.55458438309e-06],
        "dvar": [0.000843729067128, 0.0811637789011, 0.825173676014, 17.4417953491, 196.485702515, 213.74520874, 48.6702537537, 15.6834611893, 207.701416016, 668.340698242, 547.387268066, 5061.43017578, 7068.41601562, 9880.24902344, 3212.05004883, 4554.45361328, 8624.01171875, 3912.42724609, 3605.63134766, 462.710418701, 86.4273452759, 57.0912246704, 14.5312614441, 11.3159322739, 44.3132896423, 17.1000938416, 479.290405273, 9.40839958191, 4.09244012833, 2.10700321198, 0.353047311306, 0.0797768607736, 0.0424681827426, 0.00771522149444, 0.0109499571845, 0.000293241580948, 2.42710848397e-06, 1.11884066456e-08, 2.49065212898e-11, 4.97899846352e-11],
        "dvar2": [0.00211176625453, 0.204512640834, 2.31945085526, 47.6032943726, 471.111480713, 619.764770508, 120.690139771, 42.7486343384, 421.992431641, 1287.14221191, 980.907165527, 8592.28125, 9210.03027344, 18462.1269531, 6001.17919922, 8091.15039062, 17907.4394531, 7579.42285156, 7266.58007812, 821.574035645, 174.066665649, 111.747764587, 33.4162368774, 25.4254169464, 89.833984375, 33.9802970886, 517.241821289, 20.2626628876, 9.3213262558, 4.36054944992, 0.797065556049, 0.184096425772, 0.106930874288, 0.0183929186314, 0.0267884805799, 0.000680266122799, 5.97582584305e-06, 2.77993308373e-08, 5.31942268012e-11, 9.56930229501e-11],
        "max": [0.343300700188, 2.77851653099, 13.5093708038, 55.7321929932, 217.157943726, 249.855987549, 95.4824676514, 64.1700515747, 314.030853271, 478.824066162, 595.825805664, 2219.63769531, 2724.53759766, 2623.04199219, 1301.98132324, 1354.38427734, 2072.81787109, 1292.85095215, 1325.10241699, 707.384216309, 307.322875977, 242.563262939, 77.3363876343, 56.6052322388, 247.04006958, 164.910629272, 1090.23547363, 84.3135986328, 48.9362640381, 20.4124488831, 6.8227853775, 3.49124860764, 2.61245083809, 1.04027569294, 1.22504854202, 0.220710277557, 0.0207787435502, 0.00155855424237, 8.6347994511e-05, 0.000118520321848],
        "mean": [0.0294141881168, 0.278629750013, 1.1580466032, 6.12245559692, 11.9485788345, 17.2426395416, 8.4650220871, 4.4236125946, 12.3390016556, 19.8797721863, 14.7038478851, 37.5399589539, 36.6273880005, 40.7563934326, 29.640165329, 37.0031051636, 65.4495010376, 38.3882293701, 28.356464386, 11.2190904617, 7.55601406097, 6.45116090775, 2.92672514915, 2.29909992218, 3.5003631115, 2.32795619965, 6.17713308334, 1.54630720615, 0.833402097225, 0.730834007263, 0.250123918056, 0.0939135104418, 0.057552061975, 0.0247689839453, 0.0303352829069, 0.00497494172305, 0.000402922159992, 3.04632540065e-05, 1.10446944745e-05, 2.25328167289e-05],
        "median": [0.0139785036445, 0.163595169783, 0.778590619564, 3.20081782341, 6.1361489296, 8.50207710266, 4.72392988205, 2.86566901207, 5.28331279755, 6.0277299881, 3.78136110306, 2.67547893524, 2.00899553299, 3.20245313644, 2.66271662712, 3.24951267242, 3.49980759621, 2.1854903698, 2.93179106712, 1.89377510548, 1.06927931309, 1.00963997841, 0.562754333019, 0.403721213341, 0.486537694931, 0.321616023779, 0.281303375959, 0.21579477191, 0.140811160207, 0.0674100965261, 0.0258985571563, 0.00869683269411, 0.00339448498562, 0.000961491838098, 0.000337215518812, 8.65798792802e-05, 1.27035973492e-05, 1.86804265923e-06, 7.18630735719e-06, 1.58766160894e-05],
        "min": [4.13938566278e-22, 3.00239985948e-21, 2.2135372579e-20, 8.29875218022e-20, 2.54294933527e-20, 8.56814745739e-20, 4.05978435183e-19, 7.33691574048e-19, 5.92900935997e-19, 4.92358580107e-19, 3.54198195458e-19, 9.84491029714e-19, 3.88530456029e-18, 5.37724845853e-18, 6.12609754862e-18, 4.8980234386e-18, 4.25099655961e-18, 4.52081873952e-18, 6.66969169586e-18, 1.01443734603e-17, 8.05998171427e-18, 1.04253162564e-17, 1.37846563698e-17, 1.28409359351e-17, 1.06379786016e-17, 1.05574600136e-17, 1.64098836158e-17, 1.35616799095e-17, 1.53258154466e-17, 1.60899897119e-17, 1.93259599728e-17, 1.52901192944e-17, 1.1950064897e-17, 1.04214442239e-17, 7.80232901553e-18, 5.38699636846e-18, 3.74777709806e-18, 1.23309799147e-18, 3.32007679659e-19, 3.37691153637e-20],
        "stdev": [0.0393665395677, 0.350549966097, 1.15868151188, 7.54476118088, 18.034734726, 21.7958297729, 10.4541044235, 5.15643405914, 24.394329071, 44.4747924805, 38.6181259155, 127.874076843, 151.666687012, 175.75920105, 91.5712661743, 116.325515747, 183.580154419, 108.855064392, 92.7521133423, 37.6062240601, 18.9381904602, 16.7546329498, 6.71267366409, 5.23956346512, 11.1062488556, 8.10436820984, 47.354839325, 5.40771007538, 2.60294389725, 2.02919340134, 0.7248878479, 0.316158056259, 0.214263677597, 0.0943647250533, 0.116609431803, 0.0192693341523, 0.00160624249838, 0.000107705607661, 1.10583878268e-05, 2.08992114494e-05],
        "var": [0.00154972448945, 0.122885286808, 1.34254288673, 56.9234199524, 325.251647949, 475.058166504, 109.28830719, 26.5888137817, 595.083251953, 1978.00732422, 1491.35974121, 16351.7802734, 23002.7832031, 30891.2988281, 8385.296875, 13531.6259766, 33701.6757812, 11849.4257812, 8602.95410156, 1414.22814941, 358.655029297, 280.717712402, 45.0599899292, 27.4530277252, 123.348770142, 65.6807861328, 2242.48095703, 29.2433261871, 6.77531719208, 4.11762619019, 0.525462388992, 0.0999559164047, 0.0459089241922, 0.0089047010988, 0.0135977603495, 0.000371307251044, 2.5800147796e-06, 1.16004974515e-08, 1.2228794366e-10, 4.36777058965e-10]
    },
    "gfcc": {
        "mean": [-112.915985107, 176.315414429, -121.153900146, 29.6204490662, -52.3316612244, 2.0995028019, -25.0578041077, -20.0285568237, -14.9289693832, -9.7862329483, -8.94131946564, -15.4348907471, -4.36813783646],
        "cov": [[8863.96875, -1683.56860352, -2584.9855957, 155.207260132, -321.582580566, 495.419921875, 29.1622638702, 306.202789307, -266.02166748, 59.6371040344, -313.567077637, 29.8372421265, -166.177856445], [-1683.56860352, 1428.0847168, 213.338729858, -439.14944458, 450.506378174, -315.590698242, 142.446914673, -189.941635132, 196.330551147, -192.288757324, 229.071990967, -117.997299194, 61.8224029541], [-2584.9855957, 213.338729858, 1590.84094238, 210.402862549, -261.457824707, -8.60903453827, -145.969039917, -63.9283943176, -28.0771713257, 75.1965484619, -3.45738983154, 73.1384277344, 52.2730827332], [155.207260132, -439.14944458, 210.402862549, 728.185546875, -209.502471924, -20.3944149017, -88.2049255371, -2.2018032074, 55.0656929016, 56.936630249, -71.2725906372, 33.3945999146, 78.5316696167], [-321.582580566, 450.506378174, -261.457824707, -209.502471924, 436.931732178, -109.534317017, 20.0746765137, -31.4376583099, 76.2720108032, -80.9147033691, 70.6142578125, -66.9126586914, -8.69913959503], [495.419921875, -315.590698242, -8.60903453827, -20.3944149017, -109.534317017, 309.097717285, 11.405664444, 16.5382652283, -80.6601715088, 53.5005302429, -28.2514019012, 38.9510879517, -26.5685024261], [29.1622638702, 142.446914673, -145.969039917, -88.2049255371, 20.0746765137, 11.405664444, 207.620986938, -17.2561988831, -9.63675117493, -49.3932876587, 56.0499954224, -21.3499011993, -2.77269244194], [306.202789307, -189.941635132, -63.9283943176, -2.2018032074, -31.4376583099, 16.5382652283, -17.2561988831, 164.605377197, -0.250667333603, 10.7479782104, -42.0265007019, 22.2585220337, -11.916103363], [-266.02166748, 196.330551147, -28.0771713257, 55.0656929016, 76.2720108032, -80.6601715088, -9.63675117493, -0.250667333603, 189.074829102, -22.6819801331, 17.6157684326, -20.9460868835, 40.9591064453], [59.6371040344, -192.288757324, 75.1965484619, 56.936630249, -80.9147033691, 53.5005302429, -49.3932876587, 10.7479782104, -22.6819801331, 138.942382812, -18.291015625, 17.856710434, -14.1008615494], [-313.567077637, 229.071990967, -3.45738983154, -71.2725906372, 70.6142578125, -28.2514019012, 56.0499954224, -42.0265007019, 17.6157684326, -18.291015625, 131.029602051, -3.55737566948, 1.67308223248], [29.8372421265, -117.997299194, 73.1384277344, 33.3945999146, -66.9126586914, 38.9510879517, -21.3499011993, 22.2585220337, -20.9460868835, 17.856710434, -3.55737566948, 93.7369918823, 12.6793994904], [-166.177856445, 61.8224029541, 52.2730827332, 78.5316696167, -8.69913959503, -26.5685024261, -2.77269244194, -11.916103363, 40.9591064453, -14.1008615494, 1.67308223248, 12.6793994904, 94.6394500732]],
        "icov": [[0.00048911588965, -0.000642450468149, 0.00113796326332, -0.000542664900422, 0.000860951317009, -0.000740579504054, 0.000620784354396, -0.000618111283984, 0.000805691408459, -0.000104125108919, 0.000802851805929, -0.000295678939437, 0.000573079683818], [-0.000642450468149, 0.00610295310616, -0.0031675179489, 0.00345199345611, -0.00349200330675, 0.00351813109592, -0.00259714340791, 0.00390529213473, -0.00426043337211, 0.0024917840492, -0.00437976513058, 0.00249356892891, -0.00318889995106], [0.00113796326332, -0.0031675179489, 0.00398897659034, -0.00213644187897, 0.00327680096962, -0.00237122038379, 0.00262113753706, -0.0020466609858, 0.0029723609332, -0.00103693781421, 0.00253865122795, -0.0015811775811, 0.00181752024218], [-0.000542664900422, 0.00345199345611, -0.00213644187897, 0.00400410825387, -0.00124272983521, 0.00242185196839, -0.00115144066513, 0.00260713463649, -0.00321411248296, 0.000965695129707, -0.00204598135315, 0.001424656366, -0.00310999364592], [0.000860951317009, -0.00349200330675, 0.00327680096962, -0.00124272983521, 0.00667880196124, -0.00182052911259, 0.00311236851849, -0.00211546430364, 0.00180551374797, 6.51923182886e-05, 0.0013159296941, 0.000103907717858, 0.00213294522837], [-0.000740579504054, 0.00351813109592, -0.00237122038379, 0.00242185196839, -0.00182052911259, 0.00658937497064, -0.00241041276604, 0.00259769498371, -0.00175942247733, 7.2798851761e-05, -0.00213044183329, 0.00017308423412, -0.00157274538651], [0.000620784354396, -0.00259714340791, 0.00262113753706, -0.00115144066513, 0.00311236851849, -0.00241041276604, 0.00833225157112, -0.001793334377, 0.00254664942622, 0.00133670354262, -0.00101953698322, 0.000591272255406, 0.00095782399876], [-0.000618111283984, 0.00390529213473, -0.0020466609858, 0.00260713463649, -0.00211546430364, 0.00259769498371, -0.001793334377, 0.00985950883478, -0.00371429673396, 0.00134860596154, -0.000626055058092, -0.000526165880729, -0.00105568999425], [0.000805691408459, -0.00426043337211, 0.0029723609332, -0.00321411248296, 0.00180551374797, -0.00175942247733, 0.00254664942622, -0.00371429673396, 0.0104417754337, -0.00153494009282, 0.00244277738966, -0.000564484507777, -0.000213268882362], [-0.000104125108919, 0.0024917840492, -0.00103693781421, 0.000965695129707, 6.51923182886e-05, 7.2798851761e-05, 0.00133670354262, 0.00134860596154, -0.00153494009282, 0.010534349829, -0.00256232707761, 0.00114480406046, 0.000322036183206], [0.000802851805929, -0.00437976513058, 0.00253865122795, -0.00204598135315, 0.0013159296941, -0.00213044183329, -0.00101953698322, -0.000626055058092, 0.00244277738966, -0.00256232707761, 0.0143978381529, -0.00408262666315, 0.00283395894803], [-0.000295678939437, 0.00249356892891, -0.0015811775811, 0.001424656366, 0.000103907717858, 0.00017308423412, 0.000591272255406, -0.000526165880729, -0.000564484507777, 0.00114480406046, -0.00408262666315, 0.0149257732555, -0.00396034680307], [0.000573079683818, -0.00318889995106, 0.00181752024218, -0.00310999364592, 0.00213294522837, -0.00157274538651, 0.00095782399876, -0.00105568999425, -0.000213268882362, 0.000322036183206, 0.00283395894803, -0.00396034680307, 0.0155030405149]]
    },
    "melbands": {
        "dmean": [0.000166532408912, 0.000310911040287, 0.000590433599427, 0.000542403256986, 0.000184522214113, 5.38383974344e-05, 0.000105012295535, 9.96312446659e-05, 7.2466522397e-05, 0.000138216710184, 9.9480341305e-05, 8.99890510482e-05, 5.54144498892e-05, 4.27789418609e-05, 6.60202858853e-05, 6.30891881883e-05, 3.99858072342e-05, 2.80866152025e-05, 1.4835737602e-05, 6.54756149743e-06, 4.56224825029e-06, 3.68853761756e-06, 1.96318933376e-06, 1.23288953091e-06, 1.05640015136e-06, 1.53191160734e-06, 1.05384231119e-06, 7.56696692861e-07, 1.97391705115e-06, 9.35564116844e-07, 5.02271291225e-07, 3.26584853383e-07, 3.45507487509e-07, 2.65784166231e-07, 1.21426211308e-07, 6.20021367581e-08, 4.36894502798e-08, 4.14228082946e-08, 2.51582967792e-08, 1.5753226279e-08],
        "dmean2": [0.00026071278262, 0.000518845801707, 0.00100734177977, 0.000927648565266, 0.000297836988466, 8.88299546205e-05, 0.000156654496095, 0.000139185984153, 0.000103840866359, 0.000185510856682, 0.000126205006381, 0.000123465681099, 7.95217056293e-05, 6.26910114079e-05, 8.79373619682e-05, 9.25097265281e-05, 5.52748933842e-05, 4.075454126e-05, 2.15383242903e-05, 9.62189915299e-06, 6.82677045916e-06, 5.42053612662e-06, 2.91223159365e-06, 1.91959679796e-06, 1.58102307068e-06, 2.42203850576e-06, 1.61420507538e-06, 1.13880969366e-06, 2.31022158914e-06, 1.15236628062e-06, 8.13231054053e-07, 5.14973066856e-07, 5.16335319389e-07, 4.11841682535e-07, 1.92997390513e-07, 9.61062198712e-08, 6.84707686105e-08, 6.52879137419e-08, 3.92524412973e-08, 2.48592790797e-08],
        "dvar": [8.62019007286e-08, 1.58161270747e-07, 7.48890784052e-07, 8.54320148846e-07, 1.17657492638e-07, 8.39325320356e-09, 6.22849398724e-08, 6.5244769587e-08, 4.8308365308e-08, 2.26856315066e-07, 1.79431268066e-07, 1.81814499456e-07, 5.32301065448e-08, 1.59371325026e-08, 5.54625927407e-08, 4.38354383903e-08, 1.69203744349e-08, 1.18751897205e-08, 2.67850275293e-09, 7.51182005487e-10, 1.42051065355e-10, 9.27729074118e-11, 2.61583133626e-11, 1.32795796928e-11, 7.74123473657e-12, 2.50374113803e-11, 1.44260931326e-11, 8.11637909659e-12, 2.18672205343e-10, 2.17969132327e-11, 3.85901163455e-12, 1.24249623177e-12, 1.05606929451e-12, 7.54623522958e-13, 1.58845552272e-13, 4.90021976988e-14, 2.71106786109e-14, 2.76351495534e-14, 1.03646788485e-14, 3.94429023405e-15],
        "dvar2": [2.15362391032e-07, 4.35898130036e-07, 1.93572827811e-06, 2.22006451622e-06, 3.09026717105e-07, 2.1525250915e-08, 1.22038827044e-07, 1.25120820371e-07, 9.05420094455e-08, 3.80783632181e-07, 2.37505403788e-07, 3.36282056423e-07, 9.21748792848e-08, 3.11092840377e-08, 8.86773250386e-08, 9.86072308251e-08, 3.34378214006e-08, 2.48044340623e-08, 5.06489961083e-09, 1.27964172592e-09, 2.97060709364e-10, 1.85572709976e-10, 5.35807787028e-11, 3.26733154421e-11, 1.74818493015e-11, 5.54059124969e-11, 3.06670591699e-11, 1.75936470254e-11, 2.4041962865e-10, 2.35590574826e-11, 9.86834919336e-12, 2.98502043396e-12, 2.2146427487e-12, 1.67488939384e-12, 3.73143871487e-13, 1.17092262535e-13, 6.42134457586e-14, 7.19344017946e-14, 2.54868453003e-14, 9.27601027131e-15],
        "max": [0.00327597488649, 0.00499850371853, 0.0097792269662, 0.0133233005181, 0.00535795325413, 0.00178593711462, 0.00626828148961, 0.00460875499994, 0.00574986450374, 0.013862606138, 0.0134883550927, 0.0110501935706, 0.00558396661654, 0.00193207687698, 0.00473977904767, 0.00421290006489, 0.00284800957888, 0.00234687933698, 0.00115620659199, 0.00101267953869, 0.000232727688854, 0.0002501658455, 0.000182289513759, 9.40686877584e-05, 4.6771732741e-05, 0.000131995184347, 0.000149835381308, 7.8426557593e-05, 0.000720930227544, 0.000243872986175, 4.8715439334e-05, 2.31559843087e-05, 2.01029397431e-05, 1.0491959074e-05, 4.6543946155e-06, 2.65335984295e-06, 2.24416817218e-06, 2.1675489279e-06, 1.29958402795e-06, 7.94622337708e-07],
        "mean": [0.000293362914817, 0.00059474556474, 0.00117347412743, 0.00109387992416, 0.000397864234401, 9.87609600998e-05, 0.000210565936868, 0.000199097179575, 0.000131356398924, 0.000246949086431, 0.000176335626747, 0.000164653538377, 9.89671607385e-05, 8.28696211101e-05, 0.000140778167406, 0.000115699898743, 6.74340626574e-05, 4.58173999505e-05, 2.43434260483e-05, 9.74920294539e-06, 8.93532069313e-06, 7.54186476115e-06, 3.43093643096e-06, 2.01270836442e-06, 1.75859793217e-06, 2.51107394433e-06, 1.93246296476e-06, 1.27813507333e-06, 4.17730052504e-06, 1.82681185379e-06, 6.78319224789e-07, 4.06509656159e-07, 4.9798109103e-07, 3.83658715464e-07, 1.58413755003e-07, 7.19671717775e-08, 4.93884613206e-08, 4.34824585227e-08, 2.7409042147e-08, 1.71173013541e-08],
        "median": [0.000164445402334, 0.000414736918174, 0.000699781405274, 0.000658777949866, 0.000216123822611, 6.19398706476e-05, 8.48929921631e-05, 5.70064767089e-05, 2.23440638365e-05, 1.49628212966e-05, 8.18331955088e-06, 1.23942381833e-05, 7.97439952294e-06, 7.06271566742e-06, 8.09249740996e-06, 5.25147333974e-06, 2.04649745683e-06, 4.03366675528e-06, 3.56599070983e-06, 1.24125449474e-06, 9.93828734863e-07, 8.92871014457e-07, 6.39497216071e-07, 2.77807259863e-07, 2.63639265086e-07, 3.32408177428e-07, 2.49123587537e-07, 1.56762837378e-07, 1.40271154692e-07, 1.46552821434e-07, 1.00356849941e-07, 7.09644609742e-08, 5.93630709034e-08, 2.68555169214e-08, 1.5014272492e-08, 7.29615035056e-09, 3.93878885063e-09, 2.47927078867e-09, 1.24239074584e-09, 5.8889021437e-10],
        "min": [3.93621554638e-24, 1.05106493837e-23, 1.15235081318e-23, 3.31790558001e-24, 1.16858927825e-23, 1.57260809851e-23, 9.56497476341e-24, 4.97120184289e-24, 3.04173780165e-24, 7.00390706903e-24, 1.96158058029e-23, 2.05140959152e-23, 2.60946857076e-23, 1.14469570695e-23, 9.67129585849e-24, 8.95349869906e-24, 8.56159102362e-24, 9.73668532778e-24, 1.11823210571e-23, 1.23395137408e-23, 8.50660426308e-24, 1.03082166313e-23, 1.39298210381e-23, 1.13120650102e-23, 1.01465490551e-23, 6.43618044162e-24, 8.21088160896e-24, 6.63535046525e-24, 9.63014414051e-24, 1.12322338643e-23, 6.2062850746e-24, 8.44298736424e-24, 8.40541391933e-24, 9.29055214259e-24, 1.02319787469e-23, 9.44333398954e-24, 9.33376830956e-24, 8.19086505235e-24, 8.55515155205e-24, 8.59091298347e-24],
        "stdev": [0.000379378470825, 0.000550327007659, 0.00132005673368, 0.00128036213573, 0.000530726741999, 0.000121781398775, 0.000429158157203, 0.000444963370683, 0.00035804710933, 0.000836162362248, 0.000760597293265, 0.000742922944482, 0.000344515923643, 0.000240411041887, 0.000464944954729, 0.000329651229549, 0.000217030959902, 0.000160974494065, 8.11975405668e-05, 4.4677311962e-05, 2.10411126318e-05, 2.08200744964e-05, 9.81075481832e-06, 5.34171022082e-06, 4.25474718213e-06, 7.03887553755e-06, 6.46672424409e-06, 4.16554439653e-06, 3.238231875e-05, 1.02546600829e-05, 2.257117103e-06, 1.29096656565e-06, 1.45135982166e-06, 1.11551753434e-06, 4.7014913207e-07, 2.39476861452e-07, 1.7770202021e-07, 1.67054338363e-07, 1.05697623098e-07, 6.72662778811e-08],
        "var": [1.43928033935e-07, 3.02859831436e-07, 1.74254967078e-06, 1.63932725172e-06, 2.816708502e-07, 1.48307091052e-08, 1.84176727203e-07, 1.97992392259e-07, 1.28197740423e-07, 6.99167458151e-07, 5.78508206672e-07, 5.51934533632e-07, 1.18691218631e-07, 5.77974716975e-08, 2.16173802414e-07, 1.08669937049e-07, 4.71024392823e-08, 2.59127865831e-08, 6.5930403359e-09, 1.99606220441e-09, 4.42728409489e-10, 4.33475477735e-10, 9.625091002e-11, 2.85338679767e-11, 1.8102873367e-11, 4.95457702643e-11, 4.18185208684e-11, 1.73517606533e-11, 1.04861452854e-09, 1.05158055874e-10, 5.09457753761e-12, 1.66659481354e-12, 2.10644544342e-12, 1.24437938252e-12, 2.21040200032e-13, 5.73491720692e-14, 3.15780083018e-14, 2.79071504675e-14, 1.11719867976e-14, 4.52475259544e-15]
    },
    "melbands128": {
