{
"lowlevel": {
    "average_loudness": 0.960060536861,
    "barkbands_crest": {
        "dmean": 3.14804148674,
        "dmean2": 5.35500001907,
        "dvar": 7.54355430603,
        "dvar2": 22.9990711212,
        "max": 23.3415164948,
        "mean": 10.5296068192,
        "median": 9.95184707642,
        "min": 3.11655426025,
        "stdev": 3.59349179268,
        "var": 12.9131832123
    },
    "barkbands_flatness_db": {
        "dmean": 0.0245910920203,
        "dmean2": 0.0414996594191,
        "dvar": 0.000493541185278,
        "dvar2": 0.00151070009451,
        "max": 0.317417323589,
        "mean": 0.165693104267,
        "median": 0.16603448987,
        "min": 0.0592979118228,
        "stdev": 0.0469095818698,
        "var": 0.00220050872304
    },
    "barkbands_kurtosis": {
        "dmean": 1.80822134018,
        "dmean2": 3.12355875969,
        "dvar": 6.60680294037,
        "dvar2": 18.689081192,
        "max": 20.8232307434,
        "mean": 0.467851579189,
        "median": -0.58510684967,
        "min": -1.90768480301,
        "stdev": 2.80632805824,
        "var": 7.87547683716
    },
    "barkbands_skewness": {
        "dmean": 0.599948465824,
        "dmean2": 1.00478935242,
        "dvar": 0.319308549166,
        "dvar2": 0.946129858494,
        "max": 4.5985045433,
        "mean": 1.16827917099,
        "median": 1.0471009016,
        "min": -0.946361601353,
        "stdev": 0.824704885483,
        "var": 0.680138111115
    },
    "barkbands_spread": {
        "dmean": 8.71606636047,
        "dmean2": 14.6972236633,
        "dvar": 58.301322937,
        "dvar2": 168.145675659,
        "max": 76.4328842163,
        "mean": 41.188243866,
        "median": 42.8801116943,
        "min": 9.78184223175,
        "stdev": 11.2026319504,
        "var": 125.498954773
    },
    "dissonance": {
        "dmean": 0.00700888456777,
        "dmean2": 0.0119236912578,
        "dvar": 4.67240570288e-05,
        "dvar2": 0.00012473067909,
        "max": 0.499999880791,
        "mean": 0.487753361464,
        "median": 0.489267408848,
        "min": 0.419738918543,
        "stdev": 0.00833694450557,
        "var": 6.95046401233e-05
    },
    "dynamic_complexity": 1.05053329468,
    "erbbands_crest": {
        "dmean": 1.94738101959,
        "dmean2": 3.1708009243,
        "dvar": 3.23034977913,
        "dvar2": 7.8861413002,
        "max": 27.5612201691,
        "mean": 9.15174865723,
        "median": 7.89175224304,
        "min": 3.0482468605,
        "stdev": 4.39880084991,
        "var": 19.3494491577
    },
    "erbbands_flatness_db": {
        "dmean": 0.0124376788735,
        "dmean2": 0.0193128306419,
        "dvar": 0.000173072345206,
        "dvar2": 0.0003517922014,
        "max": 0.341757178307,
        "mean": 0.190128803253,
        "median": 0.183542653918,
        "min": 0.0943623259664,
        "stdev": 0.0460361093283,
        "var": 0.00211932323873
    },
    "erbbands_kurtosis": {
        "dmean": 0.928671240807,
        "dmean2": 1.51911175251,
        "dvar": 1.08356130123,
        "dvar2": 2.88342642784,
        "max": 11.8108406067,
        "mean": 1.23150670528,
        "median": 1.01553726196,
        "min": -1.60139298439,
        "stdev": 1.38127994537,
        "var": 1.90793442726
    },
    "erbbands_skewness": {
        "dmean": 0.253927975893,
        "dmean2": 0.413112074137,
        "dvar": 0.0641367435455,
        "dvar2": 0.153324007988,
        "max": 0.65154761076,
        "mean": -1.08737695217,
        "median": -1.1144233942,
        "min": -3.44391870499,
        "stdev": 0.43115696311,
        "var": 0.185896337032
    },
    "erbbands_spread": {
        "dmean": 8.38158798218,
        "dmean2": 13.5480766296,
        "dvar": 64.5027999878,
        "dvar2": 172.359451294,
        "max": 94.1154937744,
        "mean": 38.5755958557,
        "median": 36.5056190491,
        "min": 9.62965965271,
        "stdev": 12.5506334305,
        "var": 157.5184021
    },
    "hfc": {
        "dmean": 6.91191482544,
        "dmean2": 11.3555421829,
        "dvar": 94.046295166,
        "dvar2": 246.245407104,
        "max": 103.718841553,
        "mean": 28.6593723297,
        "median": 26.2897701263,
        "min": 9.7225151062,
        "stdev": 11.6719865799,
        "var": 136.23526001
    },
    "loudness_ebu128": {
        "integrated": -16.4332942963,
        "loudness_range": 1.13761901855,
        "momentary": {
            "dmean": 0.295067667961,
            "dmean2": 0.417654275894,
            "dvar": 0.0861228480935,
            "dvar2": 0.176560491323,
            "max": -15.0690422058,
            "mean": -16.4813423157,
            "median": -16.425037384,
            "min": -18.6187801361,
            "stdev": 0.653962552547,
            "var": 0.427667051554
        },
        "short_term": {
            "dmean": 0.0380276031792,
            "dmean2": 0.0478194877505,
            "dvar": 0.00119642971549,
            "dvar2": 0.00201132032089,
            "max": -15.7531137466,
            "mean": -16.4399757385,
            "median": -16.3385658264,
            "min": -17.3864116669,
            "stdev": 0.382675021887,
            "var": 0.146440163255
        }
    },
    "melbands_crest": {
        "dmean": 3.35550165176,
        "dmean2": 5.69200277328,
        "dvar": 8.73271179199,
        "dvar2": 26.3678588867,
        "max": 29.0025024414,
        "mean": 18.5576725006,
        "median": 18.7240905762,
        "min": 6.47181558609,
        "stdev": 3.96037316322,
        "var": 15.6845560074
    },
    "melbands_flatness_db": {
        "dmean": 0.0311837680638,
        "dmean2": 0.0525751374662,
        "dvar": 0.000804158858955,
        "dvar2": 0.00249581900425,
        "max": 0.374691486359,
        "mean": 0.218032374978,
        "median": 0.219684913754,
        "min": 0.0882574021816,
        "stdev": 0.0537505932152,
        "var": 0.0028891263064
    },
    "melbands_kurtosis": {
        "dmean": 8.22081565857,
        "dmean2": 14.0040235519,
        "dvar": 113.978141785,
        "dvar2": 325.794616699,
        "max": 97.0283050537,
        "mean": 11.7469377518,
        "median": 7.93914031982,
        "min": -1.38083398342,
        "stdev": 12.3931322098,
        "var": 153.589736938
    },
    "melbands_skewness": {
        "dmean": 0.989733397961,
        "dmean2": 1.6550732851,
        "dvar": 0.911881446838,
        "dvar2": 2.70217752457,
        "max": 9.10626125336,
        "mean": 3.16876649857,
        "median": 2.93126797676,
        "min": -0.083202496171,
        "stdev": 1.3789305687,
        "var": 1.90144944191
    },
    "melbands_spread": {
        "dmean": 12.9084234238,
        "dmean2": 21.7568187714,
        "dvar": 133.066635132,
        "dvar2": 386.519073486,
        "max": 100.709541321,
        "mean": 35.9055252075,
        "median": 33.83826828,
        "min": 4.74297046661,
        "stdev": 17.580078125,
        "var": 309.059173584
    },
    "pitch_salience": {
        "dmean": 0.0847608149052,
        "dmean2": 0.144980177283,
        "dvar": 0.005978400819,
        "dvar2": 0.0177458319813,
        "max": 0.766676485538,
        "mean": 0.436360120773,
        "median": 0.426654100418,
        "min": 0.140364542603,
        "stdev": 0.0983603522182,
        "var": 0.00967475865036
    },
    "silence_rate_20dB": {
        "dmean": 0,
        "dmean2": 0,
        "dvar": 0,
        "dvar2": 0,
        "max": 1,
        "mean": 1,
        "median": 1,
        "min": 1,
        "stdev": 0,
        "var": 0
    },
    "silence_rate_30dB": {
        "dmean": 0.030959751457,
        "dmean2": 0.06195146963,
        "dvar": 0.0300009399652,
        "dvar2": 0.072569206357,
        "max": 1,
        "mean": 0.974729239941,
        "median": 1,
        "min": 0,
        "stdev": 0.156944617629,
        "var": 0.0246316138655
    },
    "silence_rate_60dB": {
        "dmean": 0,
        "dmean2": 0,
        "dvar": 0,
        "dvar2": 0,
        "max": 0,
        "mean": 0,
        "median": 0,
        "min": 0,
        "stdev": 0,
        "var": 0
    },
    "spectral_centroid": {
        "dmean": 311.102020264,
        "dmean2": 513.472045898,
        "dvar": 84714.0703125,
        "dvar2": 221264.390625,
        "max": 4143.36083984,
        "mean": 2583.54833984,
        "median": 2627.03735352,
        "min": 756.353759766,
        "stdev": 414.234832764,
        "var": 171590.484375
    },
    "spectral_complexity": {
        "dmean": 4.10371494293,
        "dmean2": 6.60557556152,
        "dvar": 16.315870285,
        "dvar2": 38.7107772827,
        "max": 61,
        "mean": 27.5822582245,
        "median": 28,
        "min": 3,
        "stdev": 9.41928291321,
        "var": 88.7228927612
    },
    "spectral_decrease": {
        "dmean": 3.98968813542e-09,
        "dmean2": 6.69972521905e-09,
        "dvar": 3.48376908795e-17,
        "dvar2": 9.26788775474e-17,
        "max": -1.57739188378e-09,
        "mean": -8.67689387007e-09,
        "median": -6.66055210985e-09,
        "min": -6.18118036755e-08,
        "stdev": 6.36314023694e-09,
        "var": 4.0489554616e-17
    },
    "spectral_energy": {
        "dmean": 0.0154320811853,
        "dmean2": 0.0258836187422,
        "dvar": 0.000516636529937,
        "dvar2": 0.0013684212463,
        "max": 0.242699429393,
        "mean": 0.0353480949998,
        "median": 0.0278164613992,
        "min": 0.00692913355306,
        "stdev": 0.0245775133371,
        "var": 0.000604054192081
    },
    "spectral_energyband_high": {
        "dmean": 0.000761208881158,
        "dmean2": 0.00126440182794,
        "dvar": 1.12739485303e-06,
        "dvar2": 2.98515669783e-06,
        "max": 0.0109681980684,
        "mean": 0.00200107414275,
        "median": 0.00167330680415,
        "min": 0.000217353124754,
        "stdev": 0.00135259202216,
        "var": 1.82950532235e-06
    },
    "spectral_energyband_low": {
        "dmean": 0.013380581513,
        "dmean2": 0.0227561704814,
        "dvar": 0.000369525369024,
        "dvar2": 0.00102650059853,
        "max": 0.200112298131,
        "mean": 0.0221958644688,
        "median": 0.0149059034884,
        "min": 0.00148993323091,
        "stdev": 0.020502557978,
        "var": 0.000420354888774
    },
    "spectral_energyband_middle_high": {
        "dmean": 0.00158912513871,
        "dmean2": 0.00252710073255,
        "dvar": 3.66464064427e-06,
        "dvar2": 9.11653842195e-06,
        "max": 0.0213998742402,
        "mean": 0.00675314012915,
        "median": 0.00615789461881,
        "min": 0.000830968958326,
        "stdev": 0.00268939184025,
        "var": 7.23282801118e-06
    },
    "spectral_energyband_middle_low": {
        "dmean": 0.00404209969565,
        "dmean2": 0.0065819802694,
        "dvar": 0.000143086421303,
        "dvar2": 0.000367305474356,
        "max": 0.172737658024,
        "mean": 0.00671746022999,
        "median": 0.00432528462261,
        "min": 0.000551473523956,
        "stdev": 0.0112768625841,
        "var": 0.000127167630126
    },
    "spectral_entropy": {
        "dmean": 0.098873347044,
        "dmean2": 0.162331402302,
        "dvar": 0.00986581947654,
        "dvar2": 0.0248611327261,
        "max": 8.1956987381,
        "mean": 7.52932071686,
        "median": 7.58825826645,
        "min": 5.93609571457,
        "stdev": 0.337576448917,
        "var": 0.113957859576
    },
    "spectral_flux": {
        "dmean": 0.027379931882,
        "dmean2": 0.0448169820011,
        "dvar": 0.00121389445849,
        "dvar2": 0.00270433514379,
        "max": 0.411588907242,
        "mean": 0.0912633538246,
        "median": 0.0773369893432,
        "min": 0.020706564188,
        "stdev": 0.0503692030907,
        "var": 0.00253705657087
    },
    "spectral_kurtosis": {
        "dmean": 1.51302409172,
        "dmean2": 2.70974802971,
        "dvar": 2.03915667534,
        "dvar2": 6.21059179306,
        "max": 12.6793212891,
        "mean": 2.6412293911,
        "median": 2.4542760849,
        "min": -0.76478266716,
        "stdev": 1.53181838989,
        "var": 2.34646773338
    },
    "spectral_rms": {
        "dmean": 0.00115559680853,
        "dmean2": 0.0019157147035,
        "dvar": 1.73787611857e-06,
        "dvar2": 4.64535060019e-06,
        "max": 0.0153876552358,
        "mean": 0.00564157636836,
        "median": 0.00520941568539,
        "min": 0.00260002515279,
        "stdev": 0.00163049157709,
        "var": 2.65850280812e-06
    },
    "spectral_rolloff": {
        "dmean": 999.194030762,
        "dmean2": 1796.19299316,
        "dvar": 944291.75,
        "dvar2": 2512880.5,
        "max": 4780.37109375,
        "mean": 2380.94775391,
        "median": 2347.11914062,
        "min": 86.1328125,
        "stdev": 1265.55664062,
        "var": 1601633.625
    },
    "spectral_skewness": {
        "dmean": 0.19887162745,
        "dmean2": 0.342374622822,
        "dvar": 0.0328910797834,
        "dvar2": 0.0926302745938,
        "max": 2.85395741463,
        "mean": 0.559949219227,
        "median": 0.606395304203,
        "min": -0.222900390625,
        "stdev": 0.297012388706,
        "var": 0.0882163569331
    },
    "spectral_spread": {
        "dmean": 250275.703125,
        "dmean2": 409859.34375,
        "dvar": 69622251520,
        "dvar2": 151980638208,
        "max": 7996520.5,
        "mean": 3257751.75,
        "median": 3217276.5,
        "min": 2061620.625,
        "stdev": 532764.125,
        "var": 283837628416
    },
    "spectral_strongpeak": {
        "dmean": 0.452494293451,
        "dmean2": 0.81458979845,
        "dvar": 1.90442788601,
        "dvar2": 4.96475934982,
        "max": 17.2515544891,
        "mean": 0.745329856873,
        "median": 0.377978026867,
        "min": 0.0376785621047,
        "stdev": 1.50431096554,
        "var": 2.26295161247
    },
    "zerocrossingrate": {
        "dmean": 0.00988933257759,
        "dmean2": 0.0134838223457,
        "dvar": 5.81970380154e-05,
        "dvar2": 0.000109684056952,
        "max": 0.14892578125,
        "mean": 0.0711782574654,
        "median": 0.07080078125,
        "min": 0.0244140625,
        "stdev": 0.0193604901433,
        "var": 0.000374828552594
    },
    "barkbands": {
        "dmean": [7.91993588791e-05, 0.00810553133488, 0.00621990673244, 0.00289185368456, 0.0013564308174, 0.000171766398125, 6.81007732055e-05, 8.47993360367e-05, 0.00024583080085, 0.00019240808615, 0.000171736624907, 0.000137673167046, 9.94922229438e-05, 0.00054683390772, 0.000117451883852, 0.000383388920454, 0.000245342147537, 0.000206504089874, 0.00052275240887, 0.000502035953104, 0.000493227737024, 9.08534202608e-05, 3.55529373337e-05, 1.75560198841e-05, 7.55325345381e-06, 3.49573474523e-06, 2.66382556902e-07],
        "dmean2": [0.000138298593811, 0.0139462091029, 0.0104745198041, 0.00478233862668, 0.00237258407287, 0.000297599937767, 0.000117309347843, 0.000150772088091, 0.000398215779569, 0.000302251020912, 0.000263836380327, 0.000234616396483, 0.000165892866789, 0.000807929434814, 0.000197418616153, 0.000626059132628, 0.000401362747652, 0.000351369177224, 0.000859992112964, 0.0008297333261, 0.000811281846836, 0.000160234587383, 6.1728656874e-05, 3.03946544591e-05, 1.26410013763e-05, 5.92487231188e-06, 4.58615147636e-07],
        "dvar": [5.57423689429e-08, 0.000212079030462, 6.80906741763e-05, 5.41679510206e-05, 2.37246986217e-05, 3.87143899161e-07, 2.0802296774e-08, 1.53744437625e-07, 1.76391850459e-07, 1.13076389141e-07, 6.00500484893e-08, 3.909565649e-08, 2.9274314528e-08, 1.30826174427e-06, 3.28911795577e-08, 2.10611872831e-07, 1.0647634241e-07, 1.27702520558e-07, 5.5391819842e-07, 4.20806514967e-07, 7.08319248588e-07, 3.94927823777e-08, 4.7858610408e-09, 1.61263769005e-09, 3.3820837797e-10, 2.68736921605e-10, 2.90978244104e-12],
        "dvar2": [1.4995218578e-07, 0.000599243445322, 0.000195283151697, 0.0001314196561, 6.82480895193e-05, 1.12277882636e-06, 5.64174591489e-08, 4.37915559814e-07, 4.76239733871e-07, 2.79855186136e-07, 1.40067541565e-07, 1.05302831344e-07, 7.97321604296e-08, 2.38721872847e-06, 9.02597605545e-08, 5.56156464881e-07, 2.77470491028e-07, 3.47406171386e-07, 1.3828007468e-06, 1.08295580503e-06, 1.88514582078e-06, 1.11546341941e-07, 1.33165416472e-08, 4.50174431066e-09, 9.20322040798e-10, 6.84570011789e-10, 7.90317637722e-12],
        "max": [0.00401169294491, 0.152146190405, 0.0823746845126, 0.131428837776, 0.094595015049, 0.00845502410084, 0.00191825313959, 0.00540359318256, 0.00766414357349, 0.0073424205184, 0.00599532248452, 0.00343535537831, 0.00269584544003, 0.0151298865676, 0.00264040613547, 0.00636594323441, 0.00552914151922, 0.00568576995283, 0.0100841680542, 0.00829978659749, 0.0105922091752, 0.00199116673321, 0.000546044844668, 0.000635942851659, 0.000273694487987, 0.000379849254386, 4.27080703957e-05],
        "mean": [7.4141418736e-05, 0.0107005294412, 0.00935789290816, 0.00374794355594, 0.0017170291394, 0.000237207248574, 9.27159853745e-05, 8.35513346829e-05, 0.000566035567317, 0.000384257349651, 0.000407730432926, 0.000270726362942, 0.000184672142495, 0.00146245479118, 0.000221654991037, 0.000957656593528, 0.000569232332055, 0.000413049914641, 0.00117698998656, 0.00132066768128, 0.00110517663416, 0.000170301485923, 6.90351953381e-05, 3.58217548637e-05, 1.70565381268e-05, 4.33641844211e-06, 2.57847261764e-07],
        "median": [2.23002862185e-05, 0.0059016700834, 0.00661559728906, 0.0020866417326, 0.000953666109126, 0.000128401588881, 5.29400494997e-05, 2.94888068311e-05, 0.000399038981413, 0.000217000735574, 0.0002269972465, 0.000150678868522, 9.96927628876e-05, 0.000233698854572, 0.000146848251461, 0.000725362624507, 0.000419545307523, 0.000296892656479, 0.000875599624123, 0.00114158389624, 0.000651753158309, 0.000102161880932, 2.38730244746e-05, 7.16680324331e-06, 3.41852774e-06, 6.51251014006e-07, 6.55473364475e-09],
        "min": [6.69241906337e-09, 0.000159399322001, 0.000123820922454, 3.96938958147e-05, 4.97221990372e-05, 5.65240816286e-06, 2.86896829493e-06, 2.41942245793e-07, 1.61880404903e-06, 7.04040985511e-07, 1.08038580038e-06, 1.07718994968e-06, 1.00482873222e-06, 9.73202986643e-06, 7.05537604517e-06, 5.833785508e-06, 4.44717852588e-06, 5.3578319239e-06, 7.58125770517e-06, 8.47754836286e-06, 9.52642367338e-05, 6.25354630301e-07, 1.55411115088e-07, 1.26746781959e-08, 5.02823205295e-08, 6.35435037921e-09, 1.12206901756e-12],
        "stdev": [0.000209849822568, 0.0145051507279, 0.00908636860549, 0.00724117923528, 0.00399917224422, 0.000512292142957, 0.000150098756421, 0.00032199639827, 0.000571602839045, 0.000489276018925, 0.000511366000865, 0.000446471938631, 0.000228743170737, 0.00279712351039, 0.00023528393649, 0.000842787441798, 0.000523119408172, 0.000448410253739, 0.00106996961404, 0.00096783041954, 0.00126250286121, 0.000204332332942, 8.841977251e-05, 5.1365030231e-05, 2.6974850698e-05, 1.53968412633e-05, 1.47388743699e-06],
        "var": [4.40369483101e-08, 0.00021039940475, 8.25620954856e-05, 5.24346796738e-05, 1.59933788382e-05, 2.62443222709e-07, 2.25296368228e-08, 1.03681678354e-07, 3.26729832523e-07, 2.39390999468e-07, 2.61495159748e-07, 1.99337179652e-07, 5.23234398031e-08, 7.82389997767e-06, 5.53585302043e-08, 7.10290635197e-07, 2.73653910199e-07, 2.01071756578e-07, 1.14483486868e-06, 9.36695698783e-07, 1.59391356647e-06, 4.17517007634e-08, 7.81805553629e-09, 2.63836619219e-09, 7.2764261283e-10, 2.37062702801e-10, 2.17234433567e-12]
    },
    "erbbands": {
        "dmean": [0.103429280221, 2.25533461571, 7.018471241, 7.98047971725, 6.42321586609, 4.86789131165, 2.43056917191, 1.46089100838, 0.777545928955, 1.55954957008, 2.28801035881, 5.85875892639, 8.00735187531, 3.12884354591, 6.84608745575, 6.05892944336, 5.32023096085, 24.8204650879, 10.6155147552, 14.8872261047, 19.044418335, 11.0786743164, 9.31205177307, 22.1519947052, 22.1964168549, 22.8673095703, 21.7162513733, 12.7911634445, 3.41075086594, 2.01505208015, 0.931088387966, 0.49986243248, 0.206354677677, 0.104564428329, 0.0521214604378, 0.0185741782188, 0.0060690427199, 0.00109061936382, 3.17174053635e-05, 1.76608646143e-05],
        "dmean2": [0.170079067349, 3.90332627296, 11.9936819077, 13.0947628021, 10.6932992935, 8.52397537231, 4.19658756256, 2.51441597939, 1.34421420097, 2.70785617828, 4.01507377625, 9.44663524628, 12.5922813416, 5.0718421936, 10.5090503693, 10.4018888474, 8.68046855927, 36.8094329834, 16.2718009949, 23.8999519348, 31.0941486359, 18.3325481415, 15.8394699097, 36.1434249878, 36.5096206665, 37.4049682617, 36.1847038269, 21.3344116211, 5.96961450577, 3.49959254265, 1.62284982204, 0.87604111433, 0.352604597807, 0.17433911562, 0.0889789909124, 0.0314228907228, 0.0104064298794, 0.00183388742153, 5.26017574884e-05, 2.95980207738e-05],
        "dvar": [0.0458634197712, 15.3643302917, 84.7498779297, 223.425552368, 394.812469482, 331.216033936, 94.4878463745, 30.6507606506, 3.16972732544, 22.922454834, 74.6020431519, 97.8720016479, 190.919204712, 31.244474411, 93.8291168213, 79.2511367798, 70.8896026611, 2969.72363281, 289.070800781, 493.37411499, 495.666717529, 225.365310669, 271.526763916, 950.257324219, 895.67956543, 903.329345703, 986.982849121, 389.658355713, 54.9431838989, 18.9718418121, 3.11916685104, 1.48274695873, 0.181687265635, 0.0521372109652, 0.0235479585826, 0.00513854110613, 0.00104323483538, 3.64465631719e-05, 2.37244304202e-08, 6.76973310743e-10],
        "dvar2": [0.117585986853, 44.0301971436, 244.298995972, 566.76385498, 1041.43078613, 964.040039062, 259.545654297, 88.4764556885, 8.90270519257, 61.1747627258, 215.313522339, 259.212097168, 493.808166504, 87.330329895, 220.228805542, 214.452331543, 191.884231567, 5516.94580078, 626.897338867, 1230.30822754, 1306.24353027, 607.038085938, 757.543151855, 2387.74145508, 2360.69458008, 2345.6484375, 2606.75292969, 1039.8380127, 155.820266724, 53.3637695312, 8.61495876312, 4.16298723221, 0.494232833385, 0.141758352518, 0.0638840422034, 0.0129783321172, 0.00277299666777, 9.61519035627e-05, 6.15709652152e-08, 1.75863956731e-09],
        "max": [2.56707143784, 41.4077835083, 93.4976196289, 201.34979248, 306.310058594, 329.070922852, 129.302642822, 81.0707550049, 23.8786964417, 64.7631988525, 125.749275208, 153.645614624, 292.328338623, 107.950378418, 229.208129883, 178.440933228, 129.663040161, 748.243774414, 256.651306152, 357.100830078, 295.925476074, 271.007568359, 221.61529541, 359.430969238, 385.534301758, 381.069030762, 379.462921143, 223.475692749, 84.6546478271, 41.7784881592, 15.0290765762, 20.2584171295, 6.01896095276, 4.28287649155, 2.79356455803, 1.455057621, 0.811042129993, 0.130434721708, 0.00378148932941, 0.000286365597276],
        "mean": [0.141122758389, 3.01409697533, 10.7314586639, 11.9888191223, 8.91481018066, 5.61409759521, 2.89901971817, 1.9588394165, 1.12633323669, 1.8416339159, 3.17654728889, 13.1481695175, 17.4514923096, 7.26988887787, 17.0725784302, 13.5545797348, 11.730134964, 65.9329681396, 26.6368598938, 34.0276222229, 49.4983024597, 29.2735557556, 20.7929573059, 49.3944244385, 60.3618736267, 60.7150840759, 51.4606361389, 27.406463623, 6.3741517067, 4.15212440491, 1.85888838768, 0.980766773224, 0.45223492384, 0.242113769054, 0.0989875271916, 0.0257142074406, 0.00704656587914, 0.00125329941511, 5.07040713273e-05, 4.43771677965e-05],
        "median": [0.0550397783518, 1.74677205086, 7.99155902863, 7.55611896515, 5.3180680275, 2.2628903389, 1.34869492054, 0.960042774677, 0.681607961655, 0.82245439291, 1.74636340141, 8.49953079224, 10.544303894, 5.50133609772, 10.1909275055, 7.88339042664, 8.31904888153, 10.6792802811, 12.1637010574, 21.091463089, 41.1561584473, 24.2586650848, 16.3110580444, 36.3700408936, 52.1708068848, 49.3715667725, 36.2364463806, 18.0801582336, 4.22987174988, 2.40612840652, 0.573305368423, 0.200768426061, 0.0991291627288, 0.050113607198, 0.0183743853122, 0.00459800753742, 0.000986948725767, 0.00013216563093, 2.422142461e-05, 3.61400780093e-05],
        "min": [0.00417446019128, 0.100471146405, 0.167009890079, 0.472559481859, 0.246439248323, 0.211792334914, 0.0914589092135, 0.0441602766514, 0.0532756559551, 0.0495418980718, 0.0444690324366, 0.0624451301992, 0.118521988392, 0.084443166852, 0.096133723855, 0.237420737743, 0.509385585785, 0.624773681164, 0.988256335258, 0.959483921528, 0.559352815151, 0.365414053202, 0.16190096736, 0.469777047634, 0.398557156324, 1.33389317989, 6.53954648972, 2.88387918472, 0.218375340104, 0.0580423884094, 0.0127657940611, 0.00231020199135, 0.000508740951773, 0.000491574872285, 0.000301860476611, 6.8987828854e-05, 2.93615394185e-05, 4.93736206408e-06, 7.45897932575e-06, 1.01309806269e-05],
        "stdev": [0.233075976372, 3.83503246307, 9.56451511383, 15.780380249, 17.8061695099, 15.0914382935, 8.214802742, 4.58276844025, 1.68653011322, 4.5358915329, 7.39119052887, 14.0090446472, 19.7452583313, 6.74621391296, 20.0948829651, 22.6143283844, 11.5649747849, 128.984420776, 35.5055618286, 39.1722755432, 40.02501297, 24.072763443, 18.6027812958, 44.5480499268, 42.9223899841, 46.1534156799, 44.9767799377, 27.2656555176, 7.20934724808, 4.72238874435, 2.37778306007, 1.4367865324, 0.626749634743, 0.357911646366, 0.184818834066, 0.0715188682079, 0.0285229776055, 0.00547588430345, 0.000140654679853, 2.84356974589e-05],
        "var": [0.0543244108558, 14.7074747086, 91.4799499512, 249.020401001, 317.059692383, 227.75151062, 67.4829864502, 21.0017662048, 2.84438371658, 20.5743103027, 54.629699707, 196.253341675, 389.875244141, 45.5114021301, 403.804290771, 511.407836914, 133.748641968, 16636.9804688, 1260.64489746, 1534.46704102, 1602.00158691, 579.497924805, 346.063476562, 1984.52880859, 1842.33166504, 2130.13793945, 2022.91088867, 743.41595459, 51.9746894836, 22.3009567261, 5.65385246277, 2.06435537338, 0.392815113068, 0.128100752831, 0.0341580025852, 0.00511494837701, 0.000813560269307, 2.99853109027e-05, 1.9783737315e-08, 8.08588918044e-10]
    },
    "gfcc": {
        "mean": [2.92352294922, 101.561973572, -147.994430542, 83.6835861206, -30.0166435242, 14.0750579834, -4.93241405487, 1.11593723297, -26.9780635834, -4.99499416351, -26.4687633514, -14.6228570938, -4.43650484085],
        "cov": [[1525.72143555, -828.293334961, 538.94140625, -70.6998977661, -405.970672607, 231.194854736, -512.344421387, 483.843353271, -120.71496582, -156.711029053, 25.388753891, 118.218238831, -128.452087402], [-828.293334961, 745.740905762, -379.797363281, 44.841178894, 274.522094727, -241.971939087, 385.974304199, -295.895965576, 109.549224854, 37.205493927, 1.46181476116, -50.1345672607, 98.7433624268], [538.94140625, -379.797363281, 370.377716064, -9.79027080536, -147.808029175, 133.117416382, -226.569335938, 181.384262085, -52.3440170288, -25.8155441284, -4.94394207001, 48.0884666443, -37.6322593689], [-70.6998977661, 44.841178894, -9.79027080536, 72.7018432617, 34.4321975708, -1.16639757156, 40.2027168274, 5.52641057968, 21.4337062836, -29.1028881073, 13.1978025436, 7.78300285339, 27.4269695282], [-405.970672607, 274.522094727, -147.808029175, 34.4321975708, 199.104492188, -56.9585075378, 188.997741699, -158.436431885, 39.9031219482, 54.7259063721, -7.04894590378, -31.4252090454, 38.1865272522], [231.194854736, -241.971939087, 133.117416382, -1.16639757156, -56.9585075378, 145.281600952, -99.4547042847, 76.8657684326, -36.6648254395, -2.8960609436, 9.65611076355, 6.94170856476, -24.1738128662], [-512.344421387, 385.974304199, -226.569335938, 40.2027168274, 188.997741699, -99.4547042847, 307.466003418, -136.042602539, 62.1524658203, 5.37511777878, -9.75788021088, -3.57459688187, 68.7437057495], [483.843353271, -295.895965576, 181.384262085, 5.52641057968, -158.436431885, 76.8657684326, -136.042602539, 351.177429199, 3.54213809967, -168.654251099, 8.78128910065, 90.1919403076, 4.53309488297], [-120.71496582, 109.549224854, -52.3440170288, 21.4337062836, 39.9031219482, -36.6648254395, 62.1524658203, 3.54213809967, 73.5070877075, 2.59621787071, -5.398416996, -13.0645084381, 24.5781955719], [-156.711029053, 37.205493927, -25.8155441284, -29.1028881073, 54.7259063721, -2.8960609436, 5.37511777878, -168.654251099, 2.59621787071, 175.001419067, -1.06502127647, -67.7333831787, -32.1397628784], [25.388753891, 1.46181476116, -4.94394207001, 13.1978025436, -7.04894590378, 9.65611076355, -9.75788021088, 8.78128910065, -5.398416996, -1.06502127647, 52.9391326904, 22.7292346954, -1.28911483288], [118.218238831, -50.1345672607, 48.0884666443, 7.78300285339, -31.4252090454, 6.94170856476, -3.57459688187, 90.1919403076, -13.0645084381, -67.7333831787, 22.7292346954, 95.4488601685, 29.4167537689], [-128.452087402, 98.7433624268, -37.6322593689, 27.4269695282, 38.1865272522, -24.1738128662, 68.7437057495, 4.53309488297, 24.5781955719, -32.1397628784, -1.28911483288, 29.4167537689, 69.9971389771]],
        "icov": [[0.00319136027247, 0.000169744787854, -0.00157282629516, 0.000868675822858, 0.000820662244223, -0.000328070629621, 0.00173277535941, -0.00151449255645, 0.000166021869518, 0.00094583327882, -0.000359551107977, -0.00159071711823, 0.00330426543951], [0.000169744787854, 0.0221809837967, -0.00434101000428, 0.0110121183097, -0.00515372212976, 0.0184291284531, -0.0121436342597, 0.0145585108548, -0.0134152984247, 0.0160482637584, -0.0195134393871, 0.0131551260129, -0.011276582256], [-0.00157282629516, -0.00434101000428, 0.010047272779, -0.00651218229905, 0.000227951008128, -0.00643344176933, 0.00582494121045, -0.00498173572123, 0.00408596871421, -0.00772206205875, 0.0099313352257, -0.00719576422125, 0.00167322461493], [0.000868675822858, 0.0110121183097, -0.00651218229905, 0.0297513063997, -0.00637909583747, 0.00709939096123, -0.00608304236084, 0.0102974576876, -0.0132006686181, 0.0171835180372, -0.0198358558118, 0.011322340928, -0.0104583511129], [0.000820662244223, -0.00515372212976, 0.000227951008128, -0.00637909583747, 0.0192240718752, -0.00603607622907, -0.00535925012082, 0.000329072354361, 0.00146191532258, -0.0054260827601, 0.00521369185299, -0.00265461509116, 0.00227500218898], [-0.000328070629621, 0.0184291284531, -0.00643344176933, 0.00709939096123, -0.00603607622907, 0.0282765235752, -0.0103031573817, 0.00793217215687, -0.00439689774066, 0.0102450847626, -0.0189760662615, 0.015312702395, -0.0107135362923], [0.00173277535941, -0.0121436342597, 0.00582494121045, -0.00608304236084, -0.00535925012082, -0.0103031573817, 0.0213138610125, -0.00755742425099, 0.0037191901356, -0.00644392333925, 0.0140811465681, -0.0134234875441, 0.00638435781002], [-0.00151449255645, 0.0145585108548, -0.00498173572123, 0.0102974576876, 0.000329072354361, 0.00793217215687, -0.00755742425099, 0.0248386021703, -0.0203585810959, 0.0215397719294, -0.0134979886934, 0.00480586104095, -0.00688594765961], [0.000166021869518, -0.0134152984247, 0.00408596871421, -0.0132006686181, 0.00146191532258, -0.00439689774066, 0.0037191901356, -0.0203585810959, 0.037082336843, -0.0191070791334, 0.0122085781768, 0.000500960159115, 0.000168650396517], [0.00094583327882, 0.0160482637584, -0.00772206205875, 0.0171835180372, -0.0054260827601, 0.0102450847626, -0.00644392333925, 0.0215397719294, -0.0191070791334, 0.0320119000971, -0.0202678348869, 0.0130267161876, -0.00479607051238], [-0.000359551107977, -0.0195134393871, 0.0099313352257, -0.0198358558118, 0.00521369185299, -0.0189760662615, 0.0140811465681, -0.0134979886934, 0.0122085781768, -0.0202678348869, 0.0465930514038, -0.0254182368517, 0.015573663637], [-0.00159071711823, 0.0131551260129, -0.00719576422125, 0.011322340928, -0.00265461509116, 0.015312702395, -0.0134234875441, 0.00480586104095, 0.000500960159115, 0.0130267161876, -0.0254182368517, 0.0366273075342, -0.020228991285], [0.00330426543951, -0.011276582256, 0.00167322461493, -0.0104583511129, 0.00227500218898, -0.0107135362923, 0.00638435781002, -0.00688594765961, 0.000168650396517, -0.00479607051238, 0.015573663637, -0.020228991285, 0.0370166860521]]
    },
    "melbands": {
        "dmean": [0.00161904736888, 0.00324438209645, 0.00129836925771, 0.000354573508957, 0.000116502276796, 3.11162802973e-05, 1.21267303257e-05, 1.72872369149e-05, 2.30997156905e-05, 3.63207982446e-05, 3.97457479266e-05, 1.17864346976e-05, 2.7112346288e-05, 1.59294668265e-05, 1.37673305289e-05, 8.4292705651e-06, 5.62715649721e-05, 2.26980191655e-05, 1.19149963211e-05, 2.366832814e-05, 2.67893356067e-05, 1.39962803587e-05, 9.14530482987e-06, 1.11907847895e-05, 2.03395320568e-05, 2.16535299842e-05, 1.95319080376e-05, 1.49654706547e-05, 1.18148091133e-05, 2.08043929888e-05, 3.2428592931e-06, 2.04586240216e-06, 1.87116279449e-06, 9.61080218076e-07, 6.31639863968e-07, 4.26696118438e-07, 2.98740417293e-07, 1.70820115386e-07, 1.06252372234e-07, 9.59744212992e-08],
        "dmean2": [0.00274424813688, 0.00555383972824, 0.00212301709689, 0.000607533031143, 0.000200342416065, 5.37086052645e-05, 2.08679502975e-05, 3.01913823932e-05, 3.96371797251e-05, 5.85988273087e-05, 6.24183812761e-05, 1.96167966351e-05, 4.12678055e-05, 2.67095838353e-05, 2.34274484683e-05, 1.39522080644e-05, 8.3301885752e-05, 3.40974074788e-05, 1.91960025404e-05, 3.90784007323e-05, 4.3694206397e-05, 2.32069851336e-05, 1.52860120579e-05, 1.89585953194e-05, 3.32525160047e-05, 3.58955039701e-05, 3.20555445796e-05, 2.45869850914e-05, 1.99377318495e-05, 3.39561302098e-05, 5.66433573113e-06, 3.60296849067e-06, 3.24548022945e-06, 1.67364521531e-06, 1.09368818357e-06, 7.56303165872e-07, 5.18517424553e-07, 2.92881367159e-07, 1.83408033649e-07, 1.57646226739e-07],
        "dvar": [9.4671286206e-06, 2.01585553441e-05, 7.20515845387e-06, 1.46156128267e-06, 2.20215937929e-07, 1.30262725051e-08, 7.0626521298e-10, 3.70850639086e-09, 4.82929873868e-09, 3.69832409142e-09, 4.71736960606e-09, 5.18883436218e-10, 1.54171519995e-09, 5.14437104027e-10, 4.32133301365e-10, 2.24694901574e-10, 1.56690411757e-08, 1.50222767559e-09, 2.69017141896e-10, 1.14795595252e-09, 1.01724684232e-09, 3.70909108982e-10, 2.13065065591e-10, 3.7477473902e-10, 8.11056277694e-10, 1.00451125196e-09, 7.84631803974e-10, 4.30499913495e-10, 2.42356718028e-10, 1.82378823155e-09, 3.15753360958e-11, 2.31208663326e-11, 1.44772770161e-11, 4.12605973693e-12, 1.2507947152e-12, 9.51237352775e-13, 4.50660071327e-13, 1.07185446499e-13, 4.96261255559e-14, 4.78365109568e-14],
        "dvar2": [2.62486610154e-05, 5.7579287386e-05, 1.79154067155e-05, 4.13196039517e-06, 6.16891270511e-07, 3.78211026941e-08, 1.94634042217e-09, 1.0033331499e-08, 1.38393678739e-08, 9.98398519414e-09, 1.21640244544e-08, 1.44191325546e-09, 3.51568574253e-09, 1.36796241001e-09, 1.18048348874e-09, 6.11933614891e-10, 2.90093211675e-08, 3.0027091924e-09, 6.83763268228e-10, 3.14231973775e-09, 2.6188036184e-09, 9.73558567097e-10, 5.78291414755e-10, 1.00044017515e-09, 2.03384087349e-09, 2.58350896232e-09, 1.98406935326e-09, 1.10330167225e-09, 6.40203945412e-10, 4.8475636838e-09, 8.80956974036e-11, 6.63892274488e-11, 4.06421979404e-11, 1.16133396302e-11, 3.47266529768e-12, 2.64638506421e-12, 1.25121159093e-12, 2.91809599488e-13, 1.36908049459e-13, 1.32945304071e-13],
        "max": [0.032571233809, 0.0478489734232, 0.0416941531003, 0.0231559034437, 0.00730581069365, 0.00158958067186, 0.000376248324756, 0.000870284158736, 0.00109758391045, 0.00109585165046, 0.00146033591591, 0.000424333411502, 0.00098554987926, 0.000335314543918, 0.000258065556409, 0.000257777661318, 0.00171221455093, 0.000594118784647, 0.000232532256632, 0.00056129146833, 0.000439187628217, 0.000356360775186, 0.000164253011462, 0.00031250884058, 0.000338846992236, 0.00050413137069, 0.000520839937963, 0.000252941332292, 0.000242927038926, 0.000536480103619, 5.72150456719e-05, 6.71554444125e-05, 4.09885469708e-05, 1.84435903066e-05, 8.76339618117e-06, 1.12785519377e-05, 1.22342771647e-05, 5.01295698996e-06, 3.17376998282e-06, 5.32547301191e-06],
        "mean": [0.00216932501644, 0.0050785667263, 0.00203533936292, 0.000473277759738, 0.000132730710902, 4.24351819674e-05, 1.77397669177e-05, 1.91244762391e-05, 3.59612131433e-05, 8.34284437587e-05, 8.41719520395e-05, 2.27377440751e-05, 6.57666969346e-05, 3.02233274851e-05, 3.03323940898e-05, 1.57582762768e-05, 0.000149036102812, 5.58380233997e-05, 2.56033326878e-05, 5.26205549249e-05, 6.36424374534e-05, 3.26765948557e-05, 1.71889096237e-05, 2.16228108911e-05, 4.23726196459e-05, 4.62243042421e-05, 4.95290150866e-05, 3.58409924957e-05, 2.49005970545e-05, 4.39037539763e-05, 6.08081018072e-06, 3.16659884447e-06, 3.42464977621e-06, 1.8244693365e-06, 1.15145417112e-06, 7.2402093565e-07, 5.65109417039e-07, 3.4878124211e-07, 2.05479395277e-07, 2.05371421202e-07],
        "median": [0.00105081684887, 0.0036223938223, 0.00130591564812, 0.000263483991148, 5.57043968001e-05, 2.20073306991e-05, 1.0544311408e-05, 7.82323240855e-06, 2.00757458515e-05, 5.94605044171e-05, 4.90048478241e-05, 1.66784939211e-05, 3.57996395906e-05, 1.74347769644e-05, 1.89369347936e-05, 8.7008202172e-06, 2.03186737053e-05, 1.77350939339e-05, 1.6235455405e-05, 3.50197769876e-05, 4.78877918795e-05, 2.39323399001e-05, 1.19230480777e-05, 1.4460561033e-05, 2.99507082673e-05, 3.38391873811e-05, 4.20662836405e-05, 2.63500260189e-05, 2.01347793336e-05, 1.8131437173e-05, 4.46407511845e-06, 1.86472061614e-06, 2.0364482225e-06, 9.72985503722e-07, 3.44898126059e-07, 1.4792793479e-07, 1.04736351147e-07, 6.82457965695e-08, 5.06656618882e-08, 3.86557026388e-08],
        "min": [3.81079225917e-05, 0.000134575355332, 0.000131891938508, 1.98366287805e-05, 2.66957522399e-06, 1.05946025997e-06, 4.85752138957e-07, 3.23097964383e-07, 4.01793101901e-07, 3.54915130174e-07, 3.68150267605e-07, 1.22766024901e-07, 2.62042078703e-07, 8.56428243878e-08, 1.22885168707e-07, 2.0133464318e-07, 1.04350363017e-06, 4.3682945261e-07, 5.46150602077e-07, 3.68432068854e-07, 6.29410749298e-07, 3.2713148812e-07, 3.94189392239e-08, 2.31253594052e-07, 4.09728812656e-07, 1.03834004506e-07, 3.07627971097e-07, 2.13088100054e-07, 9.15471559892e-07, 2.13384510062e-06, 3.89576300108e-08, 2.14010226207e-10, 1.31482265076e-08, 1.5654457286e-08, 1.02841912764e-09, 3.36942171213e-12, 2.18409044648e-13, 8.40011046832e-11, 2.45320763703e-10, 1.44988257511e-10],
        "stdev": [0.00315580167808, 0.00459573650733, 0.00275122607127, 0.00101958971936, 0.000394079717807, 9.44110288401e-05, 2.65120688709e-05, 5.47735980945e-05, 6.42317754682e-05, 8.39895001263e-05, 9.88983883872e-05, 2.41202887992e-05, 8.39502754388e-05, 4.4399916078e-05, 3.6557612475e-05, 1.9250315745e-05, 0.000297911348753, 8.73372991919e-05, 2.80083895632e-05, 5.74974692427e-05, 5.82426509936e-05, 3.12207557727e-05, 1.78150112333e-05, 2.57130832324e-05, 4.11067958339e-05, 4.38644819951e-05, 4.30086220149e-05, 3.12030715577e-05, 1.88858666661e-05, 6.65050247335e-05, 6.26130577075e-06, 4.52696258435e-06, 4.0282293412e-06, 2.22251696869e-06, 1.52525137764e-06, 1.08193285087e-06, 8.58995690578e-07, 4.88681280331e-07, 3.01717989259e-07, 3.21637230627e-07],
        "var": [9.95908430923e-06, 2.11207934626e-05, 7.56924509915e-06, 1.03956313069e-06, 1.55298820914e-07, 8.91344242859e-09, 7.02889801918e-10, 3.00014724175e-09, 4.12572109809e-09, 7.05423586211e-09, 9.78089165216e-09, 5.81788339726e-10, 7.04764824278e-09, 1.97135241464e-09, 1.33645905454e-09, 3.7057462654e-10, 8.87511646397e-08, 7.62780416608e-09, 7.84469877946e-10, 3.30595884002e-09, 3.39220629364e-09, 9.74735514525e-10, 3.17374598824e-10, 6.6116268016e-10, 1.68976865833e-09, 1.92409266297e-09, 1.8497414711e-09, 9.73631730794e-10, 3.5667596654e-10, 4.42291803182e-09, 3.92039525843e-11, 2.04933917058e-11, 1.62266311499e-11, 4.93958172976e-12, 2.3263919003e-12, 1.170578608e-12, 7.37873575175e-13, 2.38809379173e-13, 9.10337411464e-14, 1.03450512317e-13]
    },
    "melbands128": {
