{
"lowlevel": {
    "average_loudness": 0.952192425728,
    "barkbands_crest": {
        "dmean": 4.12912416458,
        "dmean2": 6.68028640747,
        "dvar": 12.3952960968,
        "dvar2": 29.0635490417,
        "max": 26.5074996948,
        "mean": 15.7308101654,
        "median": 15.2546834946,
        "min": 2.82367873192,
        "stdev": 5.42342567444,
        "var": 29.4135475159
    },
    "barkbands_flatness_db": {
        "dmean": 0.0564781725407,
        "dmean2": 0.0840224772692,
        "dvar": 0.00246889470145,
        "dvar2": 0.00600384129211,
        "max": 0.750240683556,
        "mean": 0.267086625099,
        "median": 0.238938048482,
        "min": 0.0406059399247,
        "stdev": 0.138607412577,
        "var": 0.0192120149732
    },
    "barkbands_kurtosis": {
        "dmean": 27.3252925873,
        "dmean2": 43.8554840088,
        "dvar": 5531.69970703,
        "dvar2": 13374.5898438,
        "max": 1055.44702148,
        "mean": 33.5708236694,
        "median": 9.30562114716,
        "min": -1.86708116531,
        "stdev": 93.3681945801,
        "var": 8717.62011719
    },
    "barkbands_skewness": {
        "dmean": 1.67415142059,
        "dmean2": 2.54289031029,
        "dvar": 3.95963358879,
        "dvar2": 8.99823665619,
        "max": 26.3149681091,
        "mean": 3.3413567543,
        "median": 2.62051129341,
        "min": -4.78238344193,
        "stdev": 3.32292127609,
        "var": 11.0418052673
    },
    "barkbands_spread": {
        "dmean": 9.01133441925,
        "dmean2": 14.1569728851,
        "dvar": 172.900283813,
        "dvar2": 352.181549072,
        "max": 113.99041748,
        "mean": 18.0677776337,
        "median": 10.602013588,
        "min": 0.0348263010383,
        "stdev": 21.5162754059,
        "var": 462.950134277
    },
    "dissonance": {
        "dmean": 0.0286022797227,
        "dmean2": 0.0479402057827,
        "dvar": 0.000976677285507,
        "dvar2": 0.00261875428259,
        "max": 0.500000119209,
        "mean": 0.44905051589,
        "median": 0.467757493258,
        "min": 0.161098092794,
        "stdev": 0.0527142994106,
        "var": 0.00277879741043
    },
    "dynamic_complexity": 2.85571074486,
    "erbbands_crest": {
        "dmean": 3.87164330482,
        "dmean2": 6.31171035767,
        "dvar": 11.7724819183,
        "dvar2": 31.272939682,
        "max": 29.5592308044,
        "mean": 11.3951215744,
        "median": 10.0461301804,
        "min": 2.50931310654,
        "stdev": 5.25999259949,
        "var": 27.6675243378
    },
    "erbbands_flatness_db": {
        "dmean": 0.0342593155801,
        "dmean2": 0.0526645332575,
        "dvar": 0.00106837693602,
        "dvar2": 0.00233172019944,
        "max": 0.469395339489,
        "mean": 0.201415836811,
        "median": 0.177267894149,
        "min": 0.0575120672584,
        "stdev": 0.0897976011038,
        "var": 0.00806360971183
    },
    "erbbands_kurtosis": {
        "dmean": 3.61675810814,
        "dmean2": 6.04984664917,
        "dvar": 49.8130836487,
        "dvar2": 136.154388428,
        "max": 102.300003052,
        "mean": 4.01568841934,
        "median": 0.760346889496,
        "min": -1.77729964256,
        "stdev": 9.96240615845,
        "var": 99.2495269775
    },
    "erbbands_skewness": {
        "dmean": 0.73645055294,
        "dmean2": 1.15967440605,
        "dvar": 0.472889274359,
        "dvar2": 1.17892587185,
        "max": 7.88112688065,
        "mean": 0.316823810339,
        "median": -0.0217453800142,
        "min": -3.57105922699,
        "stdev": 1.68826746941,
        "var": 2.8502471447
    },
    "erbbands_spread": {
        "dmean": 13.4755802155,
        "dmean2": 21.1958808899,
        "dvar": 232.819000244,
        "dvar2": 531.357543945,
        "max": 144.347488403,
        "mean": 39.7037582397,
        "median": 34.8669776917,
        "min": 0.750501692295,
        "stdev": 28.0420360565,
        "var": 786.355834961
    },
    "hfc": {
        "dmean": 13.6188869476,
        "dmean2": 20.9938278198,
        "dvar": 324.764404297,
        "dvar2": 784.313659668,
        "max": 186.226028442,
        "mean": 25.5734081268,
        "median": 17.1403026581,
        "min": 0.00585782900453,
        "stdev": 23.8178005219,
        "var": 567.287658691
    },
    "loudness_ebu128": {
        "integrated": -17.4041252136,
        "loudness_range": 1.88179397583,
        "momentary": {
            "dmean": 0.601622462273,
            "dmean2": 0.699185371399,
            "dvar": 0.271042436361,
            "dvar2": 0.337171822786,
            "max": -14.3712587357,
            "mean": -17.6290168762,
            "median": -17.1696281433,
            "min": -23.7085475922,
            "stdev": 1.51144635677,
            "var": 2.28447008133
        },
        "short_term": {
            "dmean": 0.0531917959452,
            "dmean2": 0.0595416128635,
            "dvar": 0.00398073578253,
            "dvar2": 0.00359627301805,
            "max": -16.447719574,
            "mean": -17.441034317,
            "median": -17.1494235992,
            "min": -20.9236240387,
            "stdev": 0.852738916874,
            "var": 0.727163612843
        }
    },
    "melbands_crest": {
        "dmean": 4.5690574646,
        "dmean2": 7.52483797073,
        "dvar": 15.8796043396,
        "dvar2": 40.2753829956,
        "max": 32.6594581604,
        "mean": 21.4325027466,
        "median": 22.0836486816,
        "min": 4.06420850754,
        "stdev": 6.11522197723,
        "var": 37.395942688
    },
    "melbands_flatness_db": {
        "dmean": 0.0699000805616,
        "dmean2": 0.102991953492,
        "dvar": 0.00365810119547,
        "dvar2": 0.00874194689095,
        "max": 0.920302689075,
        "mean": 0.375391900539,
        "median": 0.349516808987,
        "min": 0.051432274282,
        "stdev": 0.16804663837,
        "var": 0.0282396730036
    },
    "melbands_kurtosis": {
        "dmean": 33.9435424805,
        "dmean2": 52.7249717712,
        "dvar": 2541.65209961,
        "dvar2": 5794.15478516,
        "max": 743.030883789,
        "mean": 46.7605514526,
        "median": 23.3238124847,
        "min": -1.80352532864,
        "stdev": 64.4864883423,
        "var": 4158.50732422
    },
    "melbands_skewness": {
        "dmean": 1.83888983727,
        "dmean2": 2.80615401268,
        "dvar": 3.27115464211,
        "dvar2": 7.76145505905,
        "max": 19.5812549591,
        "mean": 4.48276329041,
        "median": 3.98271965981,
        "min": -4.01246643066,
        "stdev": 3.05438542366,
        "var": 9.32927036285
    },
    "melbands_spread": {
        "dmean": 9.09639644623,
        "dmean2": 14.9982070923,
        "dvar": 241.973220825,
        "dvar2": 614.176818848,
        "max": 245.097229004,
        "mean": 14.9213123322,
        "median": 7.34950256348,
        "min": 0.214357286692,
        "stdev": 19.8660163879,
        "var": 394.658569336
    },
    "pitch_salience": {
        "dmean": 0.124968923628,
        "dmean2": 0.200688615441,
        "dvar": 0.0127104045823,
        "dvar2": 0.0331384688616,
        "max": 0.899702548981,
        "mean": 0.353918492794,
        "median": 0.332819253206,
        "min": 0.03727228567,
        "stdev": 0.164731457829,
        "var": 0.0271364543587
    },
    "silence_rate_20dB": {
        "dmean": 0,
        "dmean2": 0,
        "dvar": 0,
        "dvar2": 0,
        "max": 1,
        "mean": 1,
        "median": 1,
        "min": 1,
        "stdev": 0,
        "var": 0
    },
    "silence_rate_30dB": {
        "dmean": 0.174406602979,
        "dmean2": 0.348477035761,
        "dvar": 0.143987745047,
        "dvar2": 0.279696106911,
        "max": 1,
        "mean": 0.755544066429,
        "median": 1,
        "min": 0,
        "stdev": 0.42976334691,
        "var": 0.184696540236
    },
    "silence_rate_60dB": {
        "dmean": 0.0356037169695,
        "dmean2": 0.0707279294729,
        "dvar": 0.0343355722725,
        "dvar2": 0.0884425118566,
        "max": 1,
        "mean": 0.0304280556738,
        "median": 0,
        "min": 0,
        "stdev": 0.171764716506,
        "var": 0.0295031163841
    },
    "spectral_centroid": {
        "dmean": 320.625335693,
        "dmean2": 517.946838379,
        "dvar": 168028.4375,
        "dvar2": 409177.1875,
        "max": 4374.48144531,
        "mean": 1047.63256836,
        "median": 927.486816406,
        "min": 76.8706130981,
        "stdev": 751.686645508,
        "var": 565032.8125
    },
    "spectral_complexity": {
        "dmean": 4.96181631088,
        "dmean2": 7.51264858246,
        "dvar": 36.5618515015,
        "dvar2": 77.2929077148,
        "max": 55,
        "mean": 13.7194433212,
        "median": 12,
        "min": 0,
        "stdev": 9.38565349579,
        "var": 88.0904846191
    },
    "spectral_decrease": {
        "dmean": 7.95604737647e-09,
        "dmean2": 1.1432008229e-08,
        "dvar": 6.60510865964e-17,
        "dvar2": 1.48365046961e-16,
        "max": -1.21150025775e-11,
        "mean": -1.81514678843e-08,
        "median": -1.60556226092e-08,
        "min": -7.14404961855e-08,
        "stdev": 1.36103963655e-08,
        "var": 1.85242889486e-16
    },
    "spectral_energy": {
        "dmean": 0.0306614972651,
        "dmean2": 0.0440132319927,
        "dvar": 0.000957298907451,
        "dvar2": 0.00216010818258,
        "max": 0.272226154804,
        "mean": 0.0708273723722,
        "median": 0.063561975956,
        "min": 4.62558782601e-05,
        "stdev": 0.0517785437405,
        "var": 0.00268101762049
    },
    "spectral_energyband_high": {
        "dmean": 0.000608759350143,
        "dmean2": 0.000867786002345,
        "dvar": 1.27186842747e-06,
        "dvar2": 2.96950588563e-06,
        "max": 0.00817390345037,
        "mean": 0.00070378970122,
        "median": 0.000151026368258,
        "min": 5.46862377604e-09,
        "stdev": 0.00130335695576,
        "var": 1.698739311e-06
    },
    "spectral_energyband_low": {
        "dmean": 0.0289676506072,
        "dmean2": 0.0420386940241,
        "dvar": 0.00104376173113,
        "dvar2": 0.00236329971813,
        "max": 0.269352436066,
        "mean": 0.0576302073896,
        "median": 0.0487732589245,
        "min": 4.43559571295e-08,
        "stdev": 0.051816213876,
        "var": 0.00268491986208
    },
    "spectral_energyband_middle_high": {
        "dmean": 0.00402740761638,
        "dmean2": 0.00659110350534,
        "dvar": 5.37889900443e-05,
        "dvar2": 0.000135125155794,
        "max": 0.0889602303505,
        "mean": 0.00652229459956,
        "median": 0.00147028488573,
        "min": 2.19911115096e-07,
        "stdev": 0.0101955123246,
        "var": 0.000103948470496
    },
    "spectral_energyband_middle_low": {
        "dmean": 0.00513974577188,
        "dmean2": 0.00888966582716,
        "dvar": 0.000102311780211,
        "dvar2": 0.000285124231596,
        "max": 0.083097666502,
        "mean": 0.00676370644942,
        "median": 0.004468803294,
        "min": 2.12656004805e-06,
        "stdev": 0.00900853984058,
        "var": 8.11537902337e-05
    },
    "spectral_entropy": {
        "dmean": 0.367156982422,
        "dmean2": 0.547647178173,
        "dvar": 0.133981481194,
        "dvar2": 0.295823425055,
        "max": 8.66252803802,
        "mean": 6.84747171402,
        "median": 7.04274177551,
        "min": 3.33481621742,
        "stdev": 1.0414390564,
        "var": 1.0845952034
    },
    "spectral_flux": {
        "dmean": 0.0551654472947,
        "dmean2": 0.0919696241617,
        "dvar": 0.00258511584252,
        "dvar2": 0.00682123098522,
        "max": 0.42182430625,
        "mean": 0.134734660387,
        "median": 0.121503800154,
        "min": 0.00882537104189,
        "stdev": 0.0703257769346,
        "var": 0.00494571449235
    },
    "spectral_kurtosis": {
        "dmean": 10.3655405045,
        "dmean2": 16.8722648621,
        "dvar": 492.84564209,
        "dvar2": 1291.79125977,
        "max": 345.365692139,
        "mean": 24.6058425903,
        "median": 7.66305351257,
        "min": -1.21967601776,
        "stdev": 48.9102249146,
        "var": 2392.20996094
    },
    "spectral_rms": {
        "dmean": 0.00189281161875,
        "dmean2": 0.00270893005654,
        "dvar": 2.72860438599e-06,
        "dvar2": 6.15028056927e-06,
        "max": 0.0162968244404,
        "mean": 0.00764737231657,
        "median": 0.00787474960089,
        "min": 0.000212432772969,
        "stdev": 0.00325846113265,
        "var": 1.06175684778e-05
    },
    "spectral_rolloff": {
        "dmean": 658.31842041,
        "dmean2": 1166.93713379,
        "dvar": 2296698.25,
        "dvar2": 4571095.5,
        "max": 11025,
        "mean": 1161.17199707,
        "median": 236.865234375,
        "min": 64.599609375,
        "stdev": 2151.32104492,
        "var": 4628182
    },
    "spectral_skewness": {
        "dmean": 0.693661212921,
        "dmean2": 1.08240008354,
        "dvar": 0.92512100935,
        "dvar2": 2.29417896271,
        "max": 15.9093866348,
        "mean": 3.16382861137,
        "median": 2.38805603981,
        "min": -0.0940828844905,
        "stdev": 2.66996574402,
        "var": 7.12871646881
    },
    "spectral_spread": {
        "dmean": 1171046.125,
        "dmean2": 1643925.625,
        "dvar": 2.03453195878e+12,
        "dvar2": 3.14379652301e+12,
        "max": 24740810,
        "mean": 4853487,
        "median": 4369078,
        "min": 356423.90625,
        "stdev": 2979016.5,
        "var": 8.87453908992e+12
    },
    "spectral_strongpeak": {
        "dmean": 0.596680879593,
        "dmean2": 1.01670837402,
        "dvar": 2.06150054932,
        "dvar2": 5.12166452408,
        "max": 19.4397640228,
        "mean": 0.985778272152,
        "median": 0.672385632992,
        "min": 0,
        "stdev": 1.58393085003,
        "var": 2.50883698463
    },
    "zerocrossingrate": {
        "dmean": 0.0148366447538,
        "dmean2": 0.0175110716373,
        "dvar": 0.000440633826656,
        "dvar2": 0.000539868196938,
        "max": 0.33984375,
        "mean": 0.0461464822292,
        "median": 0.0283203125,
        "min": 0.001953125,
        "stdev": 0.052236314863,
        "var": 0.00272863265127
    },
    "barkbands": {
        "dmean": [0.000563036242966, 0.0211751759052, 0.0142745058984, 0.00221784040332, 0.00178825203329, 0.000701781420503, 0.00112751382403, 0.000408274878282, 0.000242056470597, 0.000118789233966, 0.000165412493516, 0.000451052561402, 0.000749193364754, 0.00126348563936, 0.00106889288872, 0.000819430220872, 0.000750119448639, 0.000257112260442, 0.00014781972277, 8.0264188e-05, 7.64972064644e-05, 4.94728010381e-05, 7.9832112533e-05, 0.000171589374077, 0.000192193474504, 6.31058355793e-05, 1.13883857011e-06],
        "dmean2": [0.00095477537252, 0.0309515856206, 0.0222297608852, 0.00413671368733, 0.00317199900746, 0.00119345693383, 0.00182864209637, 0.000682435987983, 0.000388751883293, 0.000196643013624, 0.000280002277577, 0.000708511739504, 0.00129309983458, 0.00202915770933, 0.00173614337109, 0.00128908385523, 0.00128299277276, 0.000414555455791, 0.000246530573349, 0.000135214053444, 0.000132127388497, 8.83554093889e-05, 0.000135185371619, 0.000254572514677, 0.000260286673438, 9.18727673707e-05, 1.74480635451e-06],
        "dvar": [1.01172815903e-06, 0.000489850121085, 0.00058006006293, 4.20632277383e-05, 1.16868668556e-05, 1.5226087271e-06, 3.13285249831e-06, 1.19720891689e-06, 2.57309835661e-07, 1.08219225581e-07, 1.18592133447e-07, 1.18248101444e-06, 3.59359137292e-06, 1.02248950498e-05, 1.43863817357e-05, 8.97140398592e-06, 2.72570696325e-06, 2.75860344345e-07, 7.84814773169e-08, 2.51567904286e-08, 8.1892721937e-08, 7.25550748371e-08, 2.81320087225e-08, 1.25694469943e-07, 1.37425459457e-07, 1.42267264636e-08, 5.86173861186e-12],
        "dvar2": [2.63573224402e-06, 0.00105193385389, 0.00139350118116, 0.000120835975395, 3.18311831506e-05, 3.89868000639e-06, 7.56446297601e-06, 3.00674810205e-06, 5.13888267051e-07, 2.50548140457e-07, 3.27545677692e-07, 2.52139125223e-06, 9.83560312307e-06, 2.46832751145e-05, 3.50567570422e-05, 2.30615314649e-05, 7.26152848074e-06, 6.95669655215e-07, 2.13089322187e-07, 6.7077067456e-08, 2.22661839189e-07, 2.04450415708e-07, 7.07244609544e-08, 2.96788982723e-07, 2.42031092057e-07, 3.15669019813e-08, 1.31343512455e-11],
        "max": [0.00994210876524, 0.182671815157, 0.195654600859, 0.0517459101975, 0.0286660175771, 0.0264780670404, 0.0390242338181, 0.0262248273939, 0.0111951632425, 0.00847344100475, 0.00413838308305, 0.0170909464359, 0.0229859892279, 0.0602051317692, 0.0684277117252, 0.0782989859581, 0.012884311378, 0.0056213112548, 0.00248842989095, 0.00218744273297, 0.00752680050209, 0.00597615819424, 0.00120565819088, 0.00308584375307, 0.0032247363124, 0.000990753760561, 2.80623844446e-05],
        "mean": [0.000549878575839, 0.0357953049242, 0.0205127708614, 0.00154802657198, 0.00180973450188, 0.00102010928094, 0.0015874565579, 0.000489585276227, 0.000266176997684, 0.000131562468596, 0.000183205294888, 0.000536246807314, 0.00073216232704, 0.00142363307532, 0.00126400287263, 0.000985622289591, 0.000788886216469, 0.000291400850983, 0.000161486008437, 7.66517987358e-05, 6.175818271e-05, 3.51831477019e-05, 6.83800535626e-05, 0.000199453483219, 0.000242046720814, 6.55846379232e-05, 1.13540443181e-06],
        "median": [0.000238149528741, 0.0258591417223, 0.00626265816391, 0.00034811446676, 0.000786326592788, 0.000489602913149, 0.00088001799304, 0.000174553395482, 6.57927885186e-05, 3.5905995901e-05, 5.43083697266e-05, 4.65198863822e-05, 8.39249696583e-05, 0.000218424247578, 9.20944803511e-05, 0.000128385407152, 0.000108499058115, 8.10039055068e-05, 5.14377134095e-05, 1.42312765092e-05, 3.7259792407e-06, 5.38794211025e-07, 9.0905396064e-06, 4.60437731817e-05, 4.82537325297e-05, 9.16641147342e-06, 1.47812798446e-07],
        "min": [7.31032123724e-10, 6.65200694527e-09, 2.50284859504e-09, 5.87050941192e-09, 5.87969815058e-08, 1.67537038465e-07, 3.9007412056e-07, 7.3361570152e-09, 5.39669322563e-08, 8.99390073528e-09, 1.57380117827e-08, 1.03769686177e-08, 8.76149286455e-09, 4.5338985899e-09, 6.68724675634e-09, 7.18037673764e-09, 3.32816246784e-10, 2.06214809118e-10, 1.72298497692e-09, 4.57223925387e-10, 2.34242703359e-12, 3.99558641381e-12, 6.55317355935e-10, 6.94890756048e-10, 9.77590119966e-10, 1.8095107357e-10, 3.33661104388e-13],
        "stdev": [0.000963965605479, 0.0354891344905, 0.0314767584205, 0.00490585621446, 0.00301163247786, 0.00179292494431, 0.00231549609452, 0.0014487192966, 0.000649135385174, 0.000378181692213, 0.000374844908947, 0.0014520167606, 0.00181930791587, 0.00373429153115, 0.00439684046432, 0.003534484189, 0.00167688622605, 0.000578283739742, 0.000274625839666, 0.000161471645697, 0.000258851650869, 0.000227169963182, 0.000160206385772, 0.000392387446482, 0.000482261151774, 0.000135733062052, 2.66784013547e-06],
        "var": [9.29229656776e-07, 0.00125947862398, 0.000990786356851, 2.40674271481e-05, 9.06992954697e-06, 3.21457969221e-06, 5.36152174391e-06, 2.09878749047e-06, 4.21376768145e-07, 1.43021381405e-07, 1.40508703339e-07, 2.10835264625e-06, 3.30988109454e-06, 1.39449330163e-05, 1.9332206648e-05, 1.2492579117e-05, 2.81194729723e-06, 3.34412050051e-07, 7.541935787e-08, 2.60730939061e-08, 6.70041799822e-08, 5.16061895439e-08, 2.56660861453e-08, 1.53967903316e-07, 2.32575828818e-07, 1.84234654199e-08, 7.11737092873e-12]
    },
    "erbbands": {
        "dmean": [0.560036301613, 5.19711732864, 16.3102416992, 9.55816364288, 7.13586807251, 5.58342885971, 3.79924416542, 7.466588974, 13.0329046249, 14.8335704803, 7.96953487396, 5.51363372803, 4.59502124786, 3.32218670845, 8.37959194183, 18.7691745758, 35.2563896179, 37.3840332031, 62.0126838684, 50.8777885437, 43.9355316162, 39.2992401123, 18.5780601501, 8.79981517792, 6.07981443405, 3.51446056366, 3.50992965698, 2.54661798477, 1.60192334652, 2.27875328064, 2.24588680267, 2.63746619225, 3.25464200974, 2.48391914368, 1.28030765057, 0.408097505569, 0.0964982882142, 0.00843738112599, 0.000203659146791, 4.00086282752e-05],
        "dmean2": [0.839516222477, 7.56552839279, 25.6012210846, 15.1404533386, 13.1402397156, 9.67032623291, 6.44982242584, 12.5827579498, 20.5766277313, 25.0634708405, 13.0918292999, 8.7350063324, 7.54457235336, 5.55732965469, 13.9067134857, 29.5675010681, 60.3481636047, 61.1327896118, 99.0551757812, 82.2792892456, 70.1087265015, 66.9097595215, 30.4898281097, 14.8522377014, 9.78262233734, 5.90867471695, 6.00549554825, 4.56205415726, 2.82243776321, 3.90026283264, 3.81360960007, 3.94451498985, 4.92778921127, 3.48716115952, 1.73279702663, 0.592756807804, 0.143203482032, 0.0122211743146, 0.000288570125122, 5.6807679357e-05],
        "dvar": [0.576324522495, 27.2537784576, 713.694519043, 265.089874268, 364.025085449, 88.3787384033, 36.5047340393, 168.781082153, 646.67956543, 465.597625732, 427.664916992, 167.407226562, 124.55039978, 45.4051399231, 380.262695312, 1872.43908691, 8035.45214844, 5478.84960938, 23139.2558594, 21767.3046875, 12607.7392578, 7214.55078125, 1512.03686523, 403.1065979, 108.653930664, 49.0261535645, 94.8557891846, 133.560577393, 59.2474861145, 37.9640312195, 21.6602897644, 26.3369312286, 49.2895202637, 23.9521617889, 6.09288358688, 0.684476733208, 0.031822681427, 0.000224972827709, 1.18457307963e-07, 1.35711086813e-09],
        "dvar2": [1.31194889545, 61.9900360107, 1750.20019531, 640.823547363, 1037.54418945, 224.828063965, 90.5528030396, 448.719970703, 1483.37207031, 1219.64147949, 1098.95495605, 323.501953125, 280.641876221, 110.739364624, 1021.45855713, 4179.74267578, 21831.6835938, 14021.6015625, 56480.71875, 54030.9101562, 32044.3925781, 19349.8867188, 3933.86279297, 1100.53820801, 269.841522217, 131.437133789, 252.491622925, 387.148773193, 152.162536621, 100.192405701, 55.1198539734, 60.4491157532, 119.767654419, 51.9969520569, 9.15914344788, 1.34334778786, 0.072613529861, 0.000478514994029, 2.4537189347e-07, 2.93238433535e-09],
        "max": [7.15077877045, 45.0298080444, 218.735778809, 135.986785889, 171.983795166, 76.8751983643, 99.9645614624, 234.152923584, 613.48034668, 235.605651855, 476.318054199, 335.347961426, 240.595199585, 125.683174133, 226.22543335, 591.809448242, 1200.5546875, 918.238952637, 2602.0480957, 2225.35595703, 2608.69042969, 797.18182373, 380.460327148, 203.003646851, 150.168914795, 85.3285522461, 238.739807129, 214.157928467, 179.331375122, 120.991065979, 33.5839614868, 43.9187774658, 67.7520065308, 43.6072998047, 20.7003097534, 6.88402175903, 1.64042365551, 0.122259408236, 0.00287286215462, 0.000301573600154],
        "mean": [0.781523346901, 9.05431842804, 25.4863872528, 11.1617307663, 5.91356897354, 6.00308513641, 5.41576623917, 10.5465564728, 19.0078792572, 20.3450717926, 9.44175338745, 6.26423120499, 5.01361942291, 3.90082907677, 9.99007320404, 22.1472816467, 36.2497024536, 45.2358016968, 74.3145065308, 63.1307411194, 55.5938262939, 43.0391731262, 20.5417499542, 9.12539863586, 7.27088499069, 3.34970474243, 2.95597791672, 1.9356584549, 1.19843173027, 1.68261885643, 1.9625480175, 3.05566358566, 3.78870844841, 2.87753748894, 1.60915088654, 0.474225133657, 0.0955689325929, 0.00895354244858, 0.000250336015597, 9.15736891329e-05],
        "median": [0.441863834858, 6.68484973907, 11.8398561478, 4.40316677094, 1.99027013779, 2.6833562851, 2.44315052032, 5.14643239975, 8.41258811951, 12.5439081192, 3.21399068832, 1.46158885956, 1.58082580566, 1.43763494492, 2.27409791946, 2.13476419449, 3.91570234299, 9.89996147156, 8.80902767181, 8.20917034149, 9.6812210083, 7.32082271576, 5.64004468918, 2.98463106155, 1.8172570467, 0.723640680313, 0.269520014524, 0.0800868794322, 0.0297065805644, 0.0689034387469, 0.269089132547, 0.658777236938, 0.875301122665, 0.632849633694, 0.299037396908, 0.0623980686069, 0.0128313852474, 0.00126304838341, 7.885107334e-05, 8.77965721884e-05],
        "min": [2.59492736632e-07, 1.92921129383e-06, 6.49881803838e-06, 3.86238571082e-05, 0.000308973132633, 0.000365455081919, 0.00054005702259, 0.00227828137577, 0.005134859588, 0.0026763540227, 0.000423860590672, 0.00129095173907, 0.000728524290025, 0.00104818819091, 0.000609374896158, 0.000457353977254, 0.00032582951826, 0.000607972382568, 0.000490015547257, 0.000392680347431, 0.000323164829751, 0.00034333523945, 0.000116328847071, 7.65773947933e-05, 6.28826455795e-05, 4.02730511269e-05, 2.80979165836e-05, 2.36611122091e-05, 1.28430283439e-05, 2.14241699723e-05, 1.91647268366e-05, 1.43661245602e-05, 1.22663068396e-05, 8.3357845142e-06, 8.39889344206e-06, 4.97914288644e-06, 5.33180184448e-07, 5.86397597147e-08, 7.80436764103e-08, 5.58097497105e-08],
        "stdev": [0.968204975128, 8.79234218597, 35.5568084717, 17.4405441284, 14.8227844238, 9.40059089661, 8.60867977142, 17.748998642, 35.1051902771, 26.0333538055, 26.7427196503, 16.6462974548, 13.3566446304, 7.59445810318, 23.158821106, 57.271484375, 86.9691238403, 85.3587112427, 176.111602783, 171.286254883, 139.045654297, 86.0985488892, 40.8404846191, 18.2652835846, 12.3581628799, 7.08129453659, 9.36789035797, 9.99712276459, 7.11991786957, 5.54076004028, 4.42991542816, 5.74847078323, 7.5922293663, 5.7255449295, 3.3248758316, 1.01431393623, 0.196181714535, 0.0174226891249, 0.000412358349422, 5.93559889239e-05],
        "var": [0.937420904636, 77.3052825928, 1264.28674316, 304.172576904, 219.714935303, 88.3711013794, 74.1093673706, 315.026947021, 1232.37451172, 677.735473633, 715.173095703, 277.099243164, 178.39994812, 57.6757965088, 536.330993652, 3280.02270508, 7563.62792969, 7286.109375, 31015.2988281, 29338.9824219, 19333.6953125, 7412.95947266, 1667.9453125, 333.620605469, 152.724182129, 50.144733429, 87.7573776245, 99.9424591064, 50.69323349, 30.7000198364, 19.6241512299, 33.0449142456, 57.6419487, 32.7818641663, 11.0548000336, 1.02883267403, 0.0384872667491, 0.000303550070385, 1.70039413661e-07, 3.52313356267e-09]
    },
    "gfcc": {
        "mean": [-46.1312828064, 113.064231873, -78.2924423218, 21.8429107666, -19.0484161377, 21.7207813263, -55.1464424133, 25.6838169098, -14.8435144424, 8.32874107361, 3.1339802742, -9.331990242, -11.1371135712],
        "cov": [[11360.3339844, -4116.07861328, -1868.62634277, 800.359191895, 66.1552124023, 1189.8470459, -1972.8137207, 1527.12438965, -617.37713623, 663.190307617, 10.4582366943, 228.885223389, -435.698059082], [-4116.07861328, 3369.36401367, 1248.70495605, -450.233886719, 833.616882324, -320.100921631, 1003.87188721, -571.796142578, 367.204681396, -403.137573242, 101.301834106, -240.683624268, 180.722854614], [-1868.62634277, 1248.70495605, 2432.22290039, 460.980712891, 603.545654297, 168.446365356, 625.825866699, 211.040542603, 39.6126403809, -158.827453613, 22.5548725128, -141.3175354, 29.8896598816], [800.359191895, -450.233886719, 460.980712891, 945.399291992, 98.122543335, 183.660766602, 234.845108032, 127.770088196, -2.43864917755, 160.104522705, -85.6855010986, 5.03459310532, 0.0628389194608], [66.1552124023, 833.616882324, 603.545654297, 98.122543335, 1160.65283203, 378.683776855, -29.9945011139, 372.602661133, 106.95942688, -25.2026939392, 177.234024048, -159.746948242, 17.5221538544], [1189.8470459, -320.100921631, 168.446365356, 183.660766602, 378.683776855, 455.80670166, -182.829879761, 334.275787354, -22.1546649933, 74.1190948486, 84.9873275757, 5.84972429276, -73.1940689087], [-1972.8137207, 1003.87188721, 625.825866699, 234.845108032, -29.9945011139, -182.829879761, 1036.15124512, -521.337158203, 162.384750366, -46.1588859558, -191.65687561, 21.5351600647, 111.435119629], [1527.12438965, -571.796142578, 211.040542603, 127.770088196, 372.602661133, 334.275787354, -521.337158203, 748.608337402, -63.5313148499, 56.0560379028, 191.433700562, -79.5879440308, -76.3771743774], [-617.37713623, 367.204681396, 39.6126403809, -2.43864917755, 106.95942688, -22.1546649933, 162.384750366, -63.5313148499, 249.048965454, 9.37311172485, -11.1965322495, 7.2077832222, 32.9399414062], [663.190307617, -403.137573242, -158.827453613, 160.104522705, -25.2026939392, 74.1190948486, -46.1588859558, 56.0560379028, 9.37311172485, 224.407470703, 3.78638696671, 37.7536621094, 9.63400650024], [10.4582366943, 101.301834106, 22.5548725128, -85.6855010986, 177.234024048, 84.9873275757, -191.65687561, 191.433700562, -11.1965322495, 3.78638696671, 259.007781982, -41.2665634155, -8.09668540955], [228.885223389, -240.683624268, -141.3175354, 5.03459310532, -159.746948242, 5.84972429276, 21.5351600647, -79.5879440308, 7.2077832222, 37.7536621094, -41.2665634155, 158.718215942, 5.60907030106], [-435.698059082, 180.722854614, 29.8896598816, 0.0628389194608, 17.5221538544, -73.1940689087, 111.435119629, -76.3771743774, 32.9399414062, 9.63400650024, -8.09668540955, 5.60907030106, 125.667808533]],
        "icov": [[0.000474701344501, -0.000416489812778, 0.000492685590871, -0.000469016173156, 0.000236400781432, -0.000755870423745, 0.000466722965939, -0.000934396754019, 0.00101965898648, -0.000823117617983, 0.00102500140201, -0.000732732121833, 0.00056742480956], [-0.000416489812778, 0.00282350718044, -0.00114571047015, 0.00145423284266, -0.00206560455263, 0.00193458644208, -0.00153595255688, 0.00260430946946, -0.00245382403955, 0.00244826171547, -0.00262577249669, 0.0020503718406, -0.000678280950524], [0.000492685590871, -0.00114571047015, 0.00152929127216, -0.00100309425034, 0.000567095179576, -0.00109389657155, -7.99583574462e-07, -0.00214503379539, 0.00180099799763, -0.000703764497302, 0.00145690434147, -0.0010790732922, 0.000697308743838], [-0.000469016173156, 0.00145423284266, -0.00100309425034, 0.00264377403073, -0.000854011101183, 0.000766706012655, -0.00153740786482, 0.00114144524559, -0.0014111273922, 0.000298839440802, -0.00107764778659, 0.00153349584434, -0.000648423214443], [0.000236400781432, -0.00206560455263, 0.000567095179576, -0.000854011101183, 0.00353612680919, -0.00316686625592, 0.00101516372524, -0.00194191257469, 0.000782458984759, -0.0013305649627, 0.00134577578865, 0.000281871209154, -0.000791249272879], [-0.000755870423745, 0.00193458644208, -0.00109389657155, 0.000766706012655, -0.00316686625592, 0.00745547749102, -0.00144677609205, 0.000968678446952, -0.0017010087613, 0.00118760124315, -0.00259050726891, -0.000694711750839, 0.00173153576907], [0.000466722965939, -0.00153595255688, -7.99583574462e-07, -0.00153740786482, 0.00101516372524, -0.00144677609205, 0.00404498632997, 0.000517996610142, 0.00056900997879, -0.00159714638721, 0.00231193355285, -0.00120408670045, -0.000252288853517], [-0.000934396754019, 0.00260430946946, -0.00214503379539, 0.00114144524559, -0.00194191257469, 0.000968678446952, 0.000517996610142, 0.00733475293964, -0.00355678144842, 0.00252905441448, -0.00411713123322, 0.00350442505442, -0.00132503500208], [0.00101965898648, -0.00245382403955, 0.00180099799763, -0.0014111273922, 0.000782458984759, -0.0017010087613, 0.00056900997879, -0.00355678144842, 0.00829210691154, -0.00338527094573, 0.00328816752881, -0.00331657216884, 0.00131618906744], [-0.000823117617983, 0.00244826171547, -0.000703764497302, 0.000298839440802, -0.0013305649627, 0.00118760124315, -0.00159714638721, 0.00252905441448, -0.00338527094573, 0.00911759026349, -0.00340409018099, 0.00155288015958, -0.00247709802352], [0.00102500140201, -0.00262577249669, 0.00145690434147, -0.00107764778659, 0.00134577578865, -0.00259050726891, 0.00231193355285, -0.00411713123322, 0.00328816752881, -0.00340409018099, 0.00892783515155, -0.00210353219882, 0.00080323824659], [-0.000732732121833, 0.0020503718406, -0.0010790732922, 0.00153349584434, 0.000281871209154, -0.000694711750839, -0.00120408670045, 0.00350442505442, -0.00331657216884, 0.00155288015958, -0.00210353219882, 0.0110044665635, -0.00235592224635], [0.00056742480956, -0.000678280950524, 0.000697308743838, -0.000648423214443, -0.000791249272879, 0.00173153576907, -0.000252288853517, -0.00132503500208, 0.00131618906744, -0.00247709802352, 0.00080323824659, -0.00235592224635, 0.0112737417221]]
    },
    "melbands": {
        "dmean": [0.00555858714506, 0.00683890050277, 0.00160810712259, 0.000444750417955, 0.000149718864122, 0.00016175644123, 0.000207454984775, 0.000147983781062, 5.860924648e-05, 3.50038426404e-05, 2.2901700504e-05, 1.33002513394e-05, 2.31526792049e-05, 3.73792208848e-05, 5.88612056163e-05, 9.12349132705e-05, 7.73276769905e-05, 0.000108053347503, 0.000107610598207, 6.02250329393e-05, 5.13178783876e-05, 4.55473200418e-05, 2.57480405708e-05, 1.06107381725e-05, 7.17283137419e-06, 5.20598405274e-06, 3.71851820091e-06, 2.04246725843e-06, 2.23436086344e-06, 2.1111964088e-06, 1.39103917718e-06, 8.49474247389e-07, 9.36755100156e-07, 1.44139653457e-06, 1.26519194055e-06, 1.3012773934e-06, 1.84445229934e-06, 2.23166989599e-06, 2.34728872783e-06, 2.12821601053e-06],
        "dmean2": [0.00818140525371, 0.0104153584689, 0.00254126824439, 0.000791983271483, 0.000255692109931, 0.000270182441454, 0.000330523238517, 0.000248903786996, 9.60622928687e-05, 5.56279883313e-05, 3.7813486415e-05, 2.22427734116e-05, 3.93194204662e-05, 5.97308644501e-05, 9.55194991548e-05, 0.00015682943922, 0.000126067810925, 0.000171942228917, 0.000173415188328, 9.59811513894e-05, 8.29238269944e-05, 7.70570986788e-05, 4.43769640697e-05, 1.7202060917e-05, 1.22103219837e-05, 8.44467467687e-06, 6.09391099715e-06, 3.50826144313e-06, 3.86233614336e-06, 3.63776416634e-06, 2.53537768913e-06, 1.5114164853e-06, 1.63768390848e-06, 2.4997239052e-06, 2.19421349357e-06, 2.10037114812e-06, 2.75496722679e-06, 3.41160512107e-06, 3.48409798789e-06, 3.18282673106e-06],
        "dvar": [4.16067559854e-05, 9.44316780078e-05, 7.72393013904e-06, 8.38263304104e-07, 4.85184372678e-08, 7.9228620109e-08, 1.36125763106e-07, 5.03389898654e-08, 2.10184207816e-08, 6.94444768357e-09, 3.1395313016e-09, 8.69985972152e-10, 2.57726240349e-09, 6.76912836894e-09, 2.07373105354e-08, 5.13477971253e-08, 2.75914846526e-08, 9.00109142776e-08, 1.51435926909e-07, 7.08025353902e-08, 1.14303650989e-08, 9.72723057657e-09, 4.06995415148e-09, 4.46807757459e-10, 2.91400098495e-10, 8.91058823949e-11, 5.4229776919e-11, 1.74514760282e-11, 1.9220640704e-11, 2.00083893898e-10, 7.07529590471e-11, 2.74245938459e-11, 1.15486700064e-11, 1.48773823122e-11, 7.58636903297e-12, 5.5383462573e-12, 1.41377664784e-11, 2.37387713653e-11, 2.52924382826e-11, 1.8868224691e-11],
        "dvar2": [9.13252224564e-05, 0.000233247730648, 1.87820896826e-05, 2.29561942433e-06, 1.24362316001e-07, 2.04040205176e-07, 3.21853121932e-07, 1.29539699856e-07, 5.26347783136e-08, 1.33960682547e-08, 7.21693149686e-09, 2.10679695911e-09, 7.03913682898e-09, 1.59885082951e-08, 4.5620438982e-08, 1.38978222708e-07, 7.00859388303e-08, 2.16273562614e-07, 3.59867499355e-07, 1.83787904007e-07, 2.86239156821e-08, 2.53240663994e-08, 1.14457021638e-08, 1.13398024304e-09, 8.0176237871e-10, 2.2762425278e-10, 1.37358194263e-10, 4.55607877814e-11, 4.82605240493e-11, 5.44567224647e-10, 1.98113622729e-10, 7.2454854616e-11, 3.26292812214e-11, 3.77194664392e-11, 1.9603721424e-11, 1.36873967022e-11, 3.18108595021e-11, 5.88972690063e-11, 5.53554216354e-11, 4.39999044144e-11],
        "max": [0.0579658858478, 0.0803963467479, 0.0224094465375, 0.00758240092546, 0.00267067016102, 0.00498505868018, 0.00893193576485, 0.00356409349479, 0.00312869250774, 0.00221106223762, 0.00123453082051, 0.000697599665727, 0.000594753713813, 0.00117301242426, 0.00234414357692, 0.0028446407523, 0.00209957477637, 0.00592650240287, 0.00641630543396, 0.00693608354777, 0.00180936523248, 0.000998651143163, 0.000514816027135, 0.000209104982787, 0.000185133496416, 0.000139010473504, 0.000129120031488, 5.50396543986e-05, 6.17904297542e-05, 0.000394923670683, 0.000203002171475, 0.000109489359602, 8.74753968674e-05, 6.63841710775e-05, 1.9634664568e-05, 1.80130828085e-05, 3.27574562107e-05, 4.47471247753e-05, 4.54815562989e-05, 3.96876348532e-05],
        "mean": [0.00871322769672, 0.0123412795365, 0.00192366517149, 0.000427382386988, 0.000201682225452, 0.000234164210269, 0.000300471845549, 0.000200473819859, 6.5518237534e-05, 3.86807478208e-05, 2.44920829573e-05, 1.50299692905e-05, 2.6583129511e-05, 4.57168425783e-05, 6.50829606457e-05, 9.05328852241e-05, 8.90205410542e-05, 0.000125157646835, 0.000127638020786, 6.75578121445e-05, 6.07686342846e-05, 4.94437699672e-05, 2.44803813985e-05, 1.1906943655e-05, 6.88329782861e-06, 5.8447972151e-06, 3.96517134504e-06, 1.77111871835e-06, 1.89222646441e-06, 1.62539993198e-06, 9.761607771e-07, 6.19824106707e-07, 6.64110757498e-07, 1.05226808955e-06, 9.52407333443e-07, 1.45435126342e-06, 2.07486141335e-06, 2.49916956818e-06, 2.81757434095e-06, 2.35305105889e-06],
        "median": [0.00561338756233, 0.00894678104669, 0.000805469870102, 0.000162617652677, 0.000100908102468, 0.000110026485345, 0.000150154752191, 0.000117765564937, 1.50661953739e-05, 8.96697201824e-06, 7.46839987187e-06, 4.89972035211e-06, 7.44083627069e-06, 4.94424830322e-06, 4.39351424575e-06, 1.2628782315e-05, 1.80151291715e-05, 1.37672132041e-05, 6.71060706736e-06, 8.75328805705e-06, 1.09231004899e-05, 7.10902986611e-06, 5.41115696251e-06, 3.52289293915e-06, 1.76236665084e-06, 1.58117336468e-06, 6.88044281105e-07, 2.72143097391e-07, 1.76179781874e-07, 5.3832767577e-08, 1.53698778149e-08, 3.14864734285e-09, 1.3353681716e-08, 2.20319655853e-08, 6.16432345169e-08, 2.98156010103e-07, 4.25345689337e-07, 5.75778358325e-07, 5.64719641716e-07, 5.30658894604e-07],
        "min": [1.65554614462e-09, 2.91163826383e-09, 1.06851043569e-08, 1.04372572807e-08, 2.38897204241e-08, 4.8998494151e-08, 7.70774519765e-08, 1.96748839443e-08, 2.62266186546e-09, 9.202882012e-09, 3.27122351429e-09, 3.99821820096e-09, 2.20520712801e-09, 9.53896739375e-10, 6.98257340837e-10, 9.75235447953e-10, 5.96851956747e-10, 7.06517566673e-10, 5.50076095784e-10, 5.32084876159e-10, 2.93011198638e-10, 2.11132309552e-11, 4.7012433009e-12, 9.62861474579e-12, 4.98481256272e-11, 6.38828920319e-11, 2.69533510094e-11, 5.32747674101e-12, 4.92961682759e-13, 2.00094660893e-14, 2.89486215218e-14, 4.97604141594e-14, 5.97176523726e-14, 2.66956494074e-14, 1.07203820474e-11, 6.76734753305e-12, 8.90533133346e-12, 8.03008180783e-12, 6.93356960388e-12, 6.77145449088e-12],
        "stdev": [0.00936539005488, 0.0135893933475, 0.00297032273374, 0.000791751081124, 0.000282894907286, 0.000404024758609, 0.000495204760227, 0.000285152491415, 0.000187126526725, 0.000105994819023, 6.58414501231e-05, 3.23532112816e-05, 5.78183862672e-05, 0.000112528163299, 0.000174939341377, 0.000223406110308, 0.000185995741049, 0.000348354282323, 0.000462943658931, 0.000295298785204, 0.000131617198349, 0.000104400292912, 5.55332044314e-05, 2.3059114028e-05, 1.50990836119e-05, 1.01547957456e-05, 7.98904147814e-06, 4.26300812251e-06, 4.62299658466e-06, 1.18840716823e-05, 6.81611390974e-06, 4.62662865175e-06, 3.00251372209e-06, 3.46355363945e-06, 2.49002277997e-06, 2.53472012446e-06, 4.18017498305e-06, 5.0932353588e-06, 5.7900047068e-06, 4.75379965792e-06],
        "var": [8.77105267136e-05, 0.000184671604075, 8.82281710801e-06, 6.26869791631e-07, 8.00295296699e-08, 1.63236009598e-07, 2.45227766982e-07, 8.13119385157e-08, 3.50163347207e-08, 1.12349010095e-08, 4.33509672604e-09, 1.04673025803e-09, 3.34296568205e-09, 1.26625874231e-08, 3.06037755138e-08, 4.99102874585e-08, 3.45944144442e-08, 1.21350709037e-07, 2.14316827396e-07, 8.7201371457e-08, 1.73230887413e-08, 1.08994209214e-08, 3.08393688364e-09, 5.31722721409e-10, 2.27982327461e-10, 1.03119873751e-10, 6.38247857343e-11, 1.81732372206e-11, 2.13720968006e-11, 1.41231165651e-10, 4.6459405767e-11, 2.14056914555e-11, 9.01508902251e-12, 1.19962035097e-11, 6.20021308601e-12, 6.42480599972e-12, 1.74738626346e-11, 2.59410479209e-11, 3.35241522043e-11, 2.25986104829e-11]
    },
    "melbands128": {
