{
"lowlevel": {
    "average_loudness": 0.976638436317,
    "barkbands_crest": {
        "dmean": 2.68448138237,
        "dmean2": 4.4673166275,
        "dvar": 4.79711294174,
        "dvar2": 12.4163703918,
        "max": 19.6758460999,
        "mean": 9.65185451508,
        "median": 9.20234870911,
        "min": 2.70987510681,
        "stdev": 3.47831225395,
        "var": 12.0986566544
    },
    "barkbands_flatness_db": {
        "dmean": 0.020639674738,
        "dmean2": 0.033090852201,
        "dvar": 0.000344157073414,
        "dvar2": 0.00089503423078,
        "max": 0.309974789619,
        "mean": 0.0912646874785,
        "median": 0.0872691050172,
        "min": 0.0165658555925,
        "stdev": 0.0339000858366,
        "var": 0.0011492157355
    },
    "barkbands_kurtosis": {
        "dmean": 2.90163445473,
        "dmean2": 4.77800655365,
        "dvar": 43.4790496826,
        "dvar2": 110.541259766,
        "max": 150.062347412,
        "mean": 3.27128767967,
        "median": 1.53626537323,
        "min": -1.73193061352,
        "stdev": 8.12849521637,
        "var": 66.0724411011
    },
    "barkbands_skewness": {
        "dmean": 0.577633976936,
        "dmean2": 0.934788644314,
        "dvar": 0.326670855284,
        "dvar2": 0.830668032169,
        "max": 9.64958763123,
        "mean": 1.76778030396,
        "median": 1.66448032856,
        "min": -0.17555783689,
        "stdev": 0.965774178505,
        "var": 0.932719767094
    },
    "barkbands_spread": {
        "dmean": 6.97999000549,
        "dmean2": 11.3011846542,
        "dvar": 35.6504821777,
        "dvar2": 89.8277893066,
        "max": 65.3045730591,
        "mean": 32.6196632385,
        "median": 32.7236862183,
        "min": 1.31330513954,
        "stdev": 11.30671978,
        "var": 127.841918945
    },
    "dissonance": {
        "dmean": 0.00857607647777,
        "dmean2": 0.0146619398147,
        "dvar": 6.1291786551e-05,
        "dvar2": 0.000170261948369,
        "max": 0.500000059605,
        "mean": 0.484914600849,
        "median": 0.487261533737,
        "min": 0.41177046299,
        "stdev": 0.0107381213456,
        "var": 0.000115307244414
    },
    "dynamic_complexity": 1.48576664925,
    "erbbands_crest": {
        "dmean": 1.34528779984,
        "dmean2": 2.26541733742,
        "dvar": 1.76575636864,
        "dvar2": 4.86328268051,
        "max": 17.7139263153,
        "mean": 5.26800870895,
        "median": 4.78279781342,
        "min": 2.46082496643,
        "stdev": 1.8948071003,
        "var": 3.5902941227
    },
    "erbbands_flatness_db": {
        "dmean": 0.00883462838829,
        "dmean2": 0.0138628166169,
        "dvar": 6.02772161074e-05,
        "dvar2": 0.00013162943651,
        "max": 0.179454803467,
        "mean": 0.0972242802382,
        "median": 0.0960934236646,
        "min": 0.0491997338831,
        "stdev": 0.0163962524384,
        "var": 0.000268837087788
    },
    "erbbands_kurtosis": {
        "dmean": 0.496892631054,
        "dmean2": 0.813448131084,
        "dvar": 0.242341473699,
        "dvar2": 0.638716995716,
        "max": 7.35978126526,
        "mean": -0.434407144785,
        "median": -0.559354782104,
        "min": -1.553206563,
        "stdev": 0.703005433083,
        "var": 0.494216620922
    },
    "erbbands_skewness": {
        "dmean": 0.245238646865,
        "dmean2": 0.393980979919,
        "dvar": 0.0424907468259,
        "dvar2": 0.100920833647,
        "max": 2.6302216053,
        "mean": -0.431891620159,
        "median": -0.488813430071,
        "min": -2.10533165932,
        "stdev": 0.442500531673,
        "var": 0.195806711912
    },
    "erbbands_spread": {
        "dmean": 8.94922447205,
        "dmean2": 14.5056972504,
        "dvar": 51.3196563721,
        "dvar2": 139.8256073,
        "max": 108.6743927,
        "mean": 55.3432426453,
        "median": 55.3409767151,
        "min": 20.8238773346,
        "stdev": 12.2013750076,
        "var": 148.873550415
    },
    "hfc": {
        "dmean": 5.7680273056,
        "dmean2": 8.69848155975,
        "dvar": 40.7193603516,
        "dvar2": 82.3339538574,
        "max": 90.0650863647,
        "mean": 32.25623703,
        "median": 31.865568161,
        "min": 0.0841422826052,
        "stdev": 13.9873409271,
        "var": 195.645706177
    },
    "loudness_ebu128": {
        "integrated": -17.5991630554,
        "loudness_range": 0.745811462402,
        "momentary": {
            "dmean": 0.321242272854,
            "dmean2": 0.448893547058,
            "dvar": 0.0857326090336,
            "dvar2": 0.19374319911,
            "max": -15.8505678177,
            "mean": -18.0218391418,
            "median": -17.4024353027,
            "min": -28.1446743011,
            "stdev": 2.37734413147,
            "var": 5.65176486969
        },
        "short_term": {
            "dmean": 0.0532870031893,
            "dmean2": 0.0488593503833,
            "dvar": 0.00591776100919,
            "dvar2": 0.00205201702192,
            "max": -17.0334644318,
            "mean": -17.6761054993,
            "median": -17.2774887085,
            "min": -26.6660938263,
            "stdev": 1.45851922035,
            "var": 2.12727832794
        }
    },
    "melbands_crest": {
        "dmean": 3.61725139618,
        "dmean2": 6.04266929626,
        "dvar": 8.5191783905,
        "dvar2": 22.2921390533,
        "max": 28.0544071198,
        "mean": 16.3955764771,
        "median": 16.3578243256,
        "min": 5.50041437149,
        "stdev": 4.62208127975,
        "var": 21.3636341095
    },
    "melbands_flatness_db": {
        "dmean": 0.0275778044015,
        "dmean2": 0.0442797318101,
        "dvar": 0.00058346928563,
        "dvar2": 0.00148345169146,
        "max": 0.435005187988,
        "mean": 0.173605725169,
        "median": 0.170307189226,
        "min": 0.0614345110953,
        "stdev": 0.0466202646494,
        "var": 0.0021734489128
    },
    "melbands_kurtosis": {
        "dmean": 9.46887874603,
        "dmean2": 15.6593818665,
        "dvar": 180.884735107,
        "dvar2": 475.15411377,
        "max": 214.762969971,
        "mean": 17.8546333313,
        "median": 13.9218616486,
        "min": -0.534950971603,
        "stdev": 17.5016994476,
        "var": 306.309509277
    },
    "melbands_skewness": {
        "dmean": 0.914476692677,
        "dmean2": 1.48946177959,
        "dvar": 0.710826158524,
        "dvar2": 1.8850839138,
        "max": 9.94789218903,
        "mean": 3.68080329895,
        "median": 3.54803872108,
        "min": 0.867196023464,
        "stdev": 1.34462535381,
        "var": 1.80801749229
    },
    "melbands_spread": {
        "dmean": 8.06260871887,
        "dmean2": 13.1651601791,
        "dvar": 59.8147315979,
        "dvar2": 145.995742798,
        "max": 80.8507614136,
        "mean": 23.9561824799,
        "median": 21.4137687683,
        "min": 0.845649242401,
        "stdev": 12.9078264236,
        "var": 166.611984253
    },
    "pitch_salience": {
        "dmean": 0.0883953198791,
        "dmean2": 0.145843118429,
        "dvar": 0.00562071893364,
        "dvar2": 0.0146804042161,
        "max": 0.798276305199,
        "mean": 0.535579919815,
        "median": 0.545992016792,
        "min": 0.174548745155,
        "stdev": 0.115841083229,
        "var": 0.0134191568941
    },
    "silence_rate_20dB": {
        "dmean": 0,
        "dmean2": 0,
        "dvar": 0,
        "dvar2": 0,
        "max": 1,
        "mean": 1,
        "median": 1,
        "min": 1,
        "stdev": 0,
        "var": 0
    },
    "silence_rate_30dB": {
        "dmean": 0.00722394231707,
        "dmean2": 0.0144553435966,
        "dvar": 0.00717184459791,
        "dvar2": 0.0204421617091,
        "max": 1,
        "mean": 0.995874166489,
        "median": 1,
        "min": 0,
        "stdev": 0.0641004517674,
        "var": 0.00410886760801
    },
    "silence_rate_60dB": {
        "dmean": 0.0128998970613,
        "dmean2": 0.02529685013,
        "dvar": 0.0127330413088,
        "dvar2": 0.0267228744924,
        "max": 1,
        "mean": 0.0175348110497,
        "median": 0,
        "min": 0,
        "stdev": 0.131258368492,
        "var": 0.0172287579626
    },
    "spectral_centroid": {
        "dmean": 285.253448486,
        "dmean2": 464.367004395,
        "dvar": 59058.6484375,
        "dvar2": 150599.171875,
        "max": 2980.12426758,
        "mean": 1759.01086426,
        "median": 1788.16369629,
        "min": 172.70085144,
        "stdev": 465.571868896,
        "var": 216757.15625
    },
    "spectral_complexity": {
        "dmean": 4.58049535751,
        "dmean2": 6.99019098282,
        "dvar": 14.0196065903,
        "dvar2": 31.484128952,
        "max": 53,
        "mean": 33.8014450073,
        "median": 36,
        "min": 1,
        "stdev": 10.7405776978,
        "var": 115.36000061
    },
    "spectral_decrease": {
        "dmean": 3.91992349691e-09,
        "dmean2": 6.35295238638e-09,
        "dvar": 1.8931909327e-17,
        "dvar2": 4.79885258952e-17,
        "max": -1.03462773071e-10,
        "mean": -1.03227018045e-08,
        "median": -9.28118293331e-09,
        "min": -4.12511127479e-08,
        "stdev": 5.96297278221e-09,
        "var": 3.55570468449e-17
    },
    "spectral_energy": {
        "dmean": 0.0151219507679,
        "dmean2": 0.0244392566383,
        "dvar": 0.000279825355392,
        "dvar2": 0.000707053870428,
        "max": 0.159661620855,
        "mean": 0.0418860502541,
        "median": 0.038024276495,
        "min": 0.000398124131607,
        "stdev": 0.0232001841068,
        "var": 0.000538248568773
    },
    "spectral_energyband_high": {
        "dmean": 0.000402446923545,
        "dmean2": 0.000597889476921,
        "dvar": 2.07304751143e-07,
        "dvar2": 4.15834421119e-07,
        "max": 0.0066282232292,
        "mean": 0.00178924377542,
        "median": 0.00165593530983,
        "min": 4.99893872075e-07,
        "stdev": 0.00107550737448,
        "var": 1.15671605272e-06
    },
    "spectral_energyband_low": {
        "dmean": 0.012197682634,
        "dmean2": 0.0201788879931,
        "dvar": 0.000223620678298,
        "dvar2": 0.00059247383615,
        "max": 0.132248476148,
        "mean": 0.0230432488024,
        "median": 0.0185180474073,
        "min": 7.33894485165e-05,
        "stdev": 0.0189982242882,
        "var": 0.000360932521289
    },
    "spectral_energyband_middle_high": {
        "dmean": 0.00129384594038,
        "dmean2": 0.00207155989483,
        "dvar": 1.91283720596e-06,
        "dvar2": 5.03690398546e-06,
        "max": 0.0172640457749,
        "mean": 0.00594044849277,
        "median": 0.00594716938213,
        "min": 7.15035639587e-06,
        "stdev": 0.00253112823702,
        "var": 6.40660982754e-06
    },
    "spectral_energyband_middle_low": {
        "dmean": 0.00664123380557,
        "dmean2": 0.01090169698,
        "dvar": 7.32363623683e-05,
        "dvar2": 0.000175187975401,
        "max": 0.0995419919491,
        "mean": 0.0143460277468,
        "median": 0.0119875418022,
        "min": 8.0817102571e-05,
        "stdev": 0.0108282128349,
        "var": 0.000117250201583
    },
    "spectral_entropy": {
        "dmean": 0.0904285460711,
        "dmean2": 0.143705829978,
        "dvar": 0.00830245669931,
        "dvar2": 0.019999794662,
        "max": 8.32847690582,
        "mean": 7.88892221451,
        "median": 7.91939020157,
        "min": 6.38886642456,
        "stdev": 0.199272334576,
        "var": 0.0397094637156
    },
    "spectral_flux": {
        "dmean": 0.0293404255062,
        "dmean2": 0.0456651821733,
        "dvar": 0.000815593579318,
        "dvar2": 0.00177953962702,
        "max": 0.283733278513,
        "mean": 0.106620937586,
        "median": 0.100630834699,
        "min": 0.00856631994247,
        "stdev": 0.041118234396,
        "var": 0.00169070914853
    },
    "spectral_kurtosis": {
        "dmean": 0.622734844685,
        "dmean2": 1.03610002995,
        "dvar": 0.330459624529,
        "dvar2": 0.892333209515,
        "max": 11.47427845,
        "mean": 3.79485082626,
        "median": 3.6572971344,
        "min": 1.57831001282,
        "stdev": 1.0587002039,
        "var": 1.12084615231
    },
    "spectral_rms": {
        "dmean": 0.001119329012,
        "dmean2": 0.00177420291584,
        "dvar": 1.15206171358e-06,
        "dvar2": 2.84162001662e-06,
        "max": 0.0124806826934,
        "mean": 0.00612402753904,
        "median": 0.00609071878716,
        "min": 0.000623228494078,
        "stdev": 0.00183324178215,
        "var": 3.36077550855e-06
    },
    "spectral_rolloff": {
        "dmean": 711.396362305,
        "dmean2": 1195.70898438,
        "dvar": 466496.71875,
        "dvar2": 1139347.875,
        "max": 6459.9609375,
        "mean": 1643.75048828,
        "median": 1658.05664062,
        "min": 107.666015625,
        "stdev": 1096.84155273,
        "var": 1203061.375
    },
    "spectral_skewness": {
        "dmean": 0.103171825409,
        "dmean2": 0.167973607779,
        "dvar": 0.00824001338333,
        "dvar2": 0.0194978266954,
        "max": 2.74246072769,
        "mean": 1.43846082687,
        "median": 1.42273736,
        "min": 0.7538022995,
        "stdev": 0.203153550625,
        "var": 0.041271366179
    },
    "spectral_spread": {
        "dmean": 411340.03125,
        "dmean2": 630121.4375,
        "dvar": 186707771392,
        "dvar2": 340217298944,
        "max": 11966835,
        "mean": 5299325.5,
        "median": 5177824,
        "min": 2695459,
        "stdev": 882787.0625,
        "var": 779312955392
    },
    "spectral_strongpeak": {
        "dmean": 0.241614356637,
        "dmean2": 0.411830574274,
        "dvar": 0.0785885378718,
        "dvar2": 0.222870349884,
        "max": 4.12007141113,
        "mean": 0.521075248718,
        "median": 0.463932543993,
        "min": 0.025280892849,
        "stdev": 0.319209426641,
        "var": 0.101894661784
    },
    "zerocrossingrate": {
        "dmean": 0.0113650104031,
        "dmean2": 0.014197464101,
        "dvar": 9.56511721597e-05,
        "dvar2": 0.000142913340824,
        "max": 0.18310546875,
        "mean": 0.0759268552065,
        "median": 0.07373046875,
        "min": 0.0078125,
        "stdev": 0.0268656481057,
        "var": 0.000721763004549
    },
    "barkbands": {
        "dmean": [9.99760013656e-05, 0.00461706472561, 0.00819767732173, 0.00357136526145, 0.00345940352418, 0.000832371006254, 0.00079679855844, 0.000446901889518, 0.000387515116017, 0.000263302616077, 0.000217163498746, 0.000236101841438, 0.000195267275558, 0.000202691939194, 0.00032515625935, 0.000358074292308, 0.000315327924909, 0.000389667751733, 0.000312457297696, 0.000265649810899, 0.000124040030641, 5.96084792051e-05, 5.52223391423e-05, 5.18640263181e-05, 8.03365692263e-05, 8.44618116389e-05, 1.12427551358e-05],
        "dmean2": [0.000176928966539, 0.00778534403071, 0.0137751232833, 0.00607555080205, 0.00578668061644, 0.00138927611988, 0.00136393762659, 0.000739408365916, 0.000631801725831, 0.000441640149802, 0.000357010867447, 0.000394233560655, 0.000327619665768, 0.000340750586474, 0.000535316241439, 0.000583147106227, 0.000524463830516, 0.000650951871648, 0.00052146310918, 0.000449656421551, 0.000201357892365, 9.25944768824e-05, 8.68980496307e-05, 8.4292543761e-05, 0.000120213495393, 0.000128760744701, 1.85918597708e-05],
        "dvar": [2.86798726989e-08, 4.45620862592e-05, 0.000101943180198, 1.84552773135e-05, 2.31046415138e-05, 1.45939179674e-06, 1.99945770873e-06, 3.56539487711e-07, 2.73788543836e-07, 1.48804772948e-07, 6.78548772726e-08, 1.0428657049e-07, 6.26054301733e-08, 5.58860051569e-08, 1.35268052759e-07, 1.94151880351e-07, 1.07678410188e-07, 1.79450339033e-07, 9.11254858238e-08, 6.71349198456e-08, 1.48702454794e-08, 7.26756477221e-09, 3.90793530869e-09, 3.50977136243e-09, 1.94169391676e-08, 2.13468993593e-08, 2.61188848327e-10],
        "dvar2": [8.00061314976e-08, 0.000119838972751, 0.000273809069768, 4.74209700769e-05, 5.74883524678e-05, 3.73710440726e-06, 5.64855690754e-06, 9.32861041747e-07, 6.70740803344e-07, 4.08611498415e-07, 1.78562984843e-07, 2.78123678754e-07, 1.63859439795e-07, 1.57380569021e-07, 3.32243160983e-07, 4.78420020045e-07, 2.89192939817e-07, 4.83262965645e-07, 2.44359938506e-07, 1.86140667324e-07, 4.00639486031e-08, 1.81483272854e-08, 9.49412726214e-09, 8.4513365195e-09, 4.05624369648e-08, 4.44335128691e-08, 6.30848207006e-10],
        "max": [0.00257426453754, 0.0730034038424, 0.0849253535271, 0.0464019738138, 0.052992105484, 0.0143728721887, 0.0191435087472, 0.00765766156837, 0.00540013005957, 0.00446658860892, 0.00355764012784, 0.00462269922718, 0.00318705500104, 0.00255389348604, 0.00470020901412, 0.00645103352144, 0.00413477001712, 0.00521857617423, 0.00338674103841, 0.00309875700623, 0.00246295332909, 0.00220610830002, 0.00101654860191, 0.000736716901883, 0.00195137050468, 0.0016693607904, 0.00018210907001],
        "mean": [9.73074565991e-05, 0.00633435649797, 0.0134560223669, 0.00531227467582, 0.00510863447562, 0.00127822021022, 0.00110579549801, 0.000701020646375, 0.000710526655894, 0.000414995127358, 0.000372325448552, 0.000402917386964, 0.0003309835447, 0.000366059859516, 0.000615939556155, 0.000727836799342, 0.000713852990884, 0.000926141976379, 0.000801897607744, 0.000733204185963, 0.000379288918339, 0.000174869754119, 0.000179929527803, 0.000182780597243, 0.000219516557991, 0.000218470857362, 2.08462006412e-05],
        "median": [4.75460365124e-05, 0.00315546430647, 0.00961797870696, 0.00380269158632, 0.00356332049705, 0.0008231298998, 0.000689329695888, 0.000457720190752, 0.00045166577911, 0.000262258952716, 0.00026304932544, 0.000264599832008, 0.000230067496886, 0.000287858565571, 0.000488583231345, 0.000579192768782, 0.000621857354417, 0.000862796965521, 0.000750350183807, 0.000715941772796, 0.000362797203707, 0.000137816459755, 0.000153126587975, 0.000164619981661, 0.000143578537973, 0.000137374416227, 1.45941949086e-05],
        "min": [4.46050734126e-08, 1.81697487278e-05, 1.92053776118e-05, 8.76343790424e-07, 1.07810392365e-05, 3.7014785903e-06, 3.20161325362e-06, 3.86355759474e-06, 1.1514172229e-06, 3.01492059407e-06, 1.52858137881e-06, 9.58084228841e-07, 3.40506744578e-07, 2.18262627527e-07, 2.0349027352e-07, 1.69963200847e-07, 9.75618235088e-08, 1.23452437606e-07, 7.33352436555e-08, 1.68631075326e-07, 9.86681953918e-08, 1.00854471441e-07, 8.899009174e-08, 5.55211698838e-08, 3.97831669829e-08, 1.25016246244e-08, 6.79854672558e-10],
        "stdev": [0.000155597503181, 0.00799916125834, 0.0128960730508, 0.00507257319987, 0.0055638612248, 0.00144120072946, 0.00141605664976, 0.00074887892697, 0.000770382699557, 0.000466316210805, 0.000358012504876, 0.000412004126702, 0.000328399706632, 0.000302774511511, 0.00053716020193, 0.000648435263429, 0.000519400637131, 0.000567234528717, 0.000455560337286, 0.000410579465097, 0.000228509350563, 0.000152600710862, 0.000131893597427, 0.000120310854982, 0.000227330558118, 0.00023094714561, 2.10837515624e-05],
        "var": [2.42105819837e-08, 6.39865756966e-05, 0.000166308702319, 2.573099664e-05, 3.09565511998e-05, 2.07705943467e-06, 2.00521640181e-06, 5.60819671591e-07, 5.93489460243e-07, 2.1745080403e-07, 1.28172956693e-07, 1.69747409018e-07, 1.0784636828e-07, 9.16723976729e-08, 2.88541087912e-07, 4.20468296625e-07, 2.69777046924e-07, 3.21755038613e-07, 2.07535222785e-07, 1.68575496673e-07, 5.22165208849e-08, 2.32869759031e-08, 1.7395921148e-08, 1.44747014375e-08, 5.16791835992e-08, 5.33365849265e-08, 4.44524583809e-10]
    },
    "erbbands": {
        "dmean": [0.0569649450481, 1.32471513748, 7.76306819916, 11.1662349701, 13.8259735107, 10.1998977661, 8.08145904541, 7.65631198883, 10.8931236267, 11.2414674759, 8.83054924011, 7.26331043243, 9.5039768219, 9.12998580933, 7.72087287903, 7.98845243454, 7.88408613205, 9.62254142761, 10.2910804749, 17.4353752136, 20.0971679688, 16.1610031128, 21.5186729431, 15.4711322784, 14.2463312149, 12.7824525833, 6.66695404053, 3.56471657753, 2.21780276299, 2.08970117569, 1.4959782362, 1.16699075699, 0.941179990768, 0.676055252552, 0.795915603638, 0.474975973368, 0.121871672571, 0.035906560719, 0.000929393921979, 3.18384700222e-05],
        "dmean2": [0.0991097986698, 2.21337413788, 13.0109624863, 18.9286975861, 22.8805866241, 17.584526062, 13.6785011292, 12.9434452057, 18.9055480957, 18.8275985718, 14.3927049637, 12.0444040298, 15.6823987961, 15.0418233871, 12.8322973251, 13.2815322876, 13.2950487137, 15.9082889557, 17.1521434784, 28.6471996307, 32.8029823303, 27.1602497101, 35.8759231567, 25.8003196716, 23.9831295013, 21.6113491058, 10.953453064, 5.87106609344, 3.48245286942, 3.31245660782, 2.40116620064, 1.92109775543, 1.53566730022, 1.03962254524, 1.21915316582, 0.737039685249, 0.187519684434, 0.0560122430325, 0.00147023273166, 4.86862918478e-05],
        "dvar": [0.00755961658433, 3.52065253258, 91.0306396484, 177.7290802, 503.92086792, 156.426895142, 137.774093628, 143.30569458, 442.749420166, 286.857421875, 114.767593384, 102.68082428, 214.525848389, 156.080383301, 91.108039856, 120.527801514, 102.706077576, 134.182189941, 125.885505676, 380.664154053, 551.055847168, 303.305786133, 659.486877441, 224.734909058, 216.408462524, 179.353866577, 44.040599823, 15.203163147, 12.6457796097, 5.68119716644, 2.70007705688, 1.44843006134, 1.40470170975, 0.958469867706, 2.19948554039, 0.782689750195, 0.0343064144254, 0.00290001905523, 2.07802213481e-06, 1.49740919664e-09],
        "dvar2": [0.0204703658819, 9.42929363251, 242.206268311, 478.361236572, 1256.30358887, 447.855133057, 377.864105225, 368.24029541, 1247.48852539, 756.692871094, 293.20513916, 260.187683105, 570.887634277, 441.656768799, 242.156402588, 320.241638184, 275.082214355, 350.63458252, 332.604431152, 954.550720215, 1354.34387207, 817.461914062, 1786.52075195, 597.059814453, 602.36340332, 497.421478271, 112.460296631, 41.3120498657, 31.3120498657, 13.7797021866, 6.62564325333, 3.53309845924, 3.44629311562, 1.9901227951, 4.8194231987, 1.74027740955, 0.0689696148038, 0.00621688552201, 4.66263827548e-06, 3.18323256643e-09],
        "max": [0.81624931097, 20.3982124329, 80.0985488892, 146.560119629, 246.944229126, 116.365348816, 148.52305603, 126.378669739, 255.89276123, 209.582626343, 114.174613953, 145.237945557, 195.021499634, 223.684188843, 97.9080276489, 138.977371216, 132.887435913, 142.714004517, 131.076202393, 227.008209229, 327.477416992, 237.847793579, 346.019989014, 177.210906982, 180.198577881, 193.267456055, 153.714538574, 57.4683914185, 96.0055084229, 38.321975708, 23.4719753265, 17.457113266, 14.1456460953, 12.3536138535, 18.1513576508, 10.4784555435, 2.22331237793, 0.616849482059, 0.0180953629315, 0.000493213476148],
        "mean": [0.0690400227904, 1.94898235798, 12.7819976807, 19.3853321075, 18.9242897034, 14.5286588669, 12.2275943756, 10.8141746521, 14.4443950653, 17.2496681213, 15.7768125534, 13.5216274261, 15.9945545197, 15.7162399292, 14.0965776443, 14.1344099045, 14.4262390137, 18.8247051239, 22.3582611084, 36.3459205627, 44.2604408264, 41.0729980469, 50.9438819885, 43.2102165222, 38.6768684387, 34.6872024536, 22.1085014343, 10.5183744431, 6.21272706985, 6.21147727966, 4.90580177307, 3.98854351044, 2.91270756721, 2.06033802032, 1.82990992069, 1.05482423306, 0.337806880474, 0.0860908329487, 0.00208588386886, 0.000103633763501],
        "median": [0.0396938472986, 1.08875226974, 9.3894739151, 15.5869541168, 12.5305109024, 10.1124210358, 7.74093055725, 7.36618947983, 8.93474674225, 10.595284462, 10.4302539825, 9.18701076508, 9.59088802338, 11.5702476501, 10.5556402206, 10.3799362183, 10.8733930588, 14.6048355103, 19.2690353394, 30.7718639374, 34.7364959717, 36.6287498474, 46.0754585266, 40.8211174011, 36.6702194214, 33.415473938, 21.4147109985, 9.54718971252, 4.76257419586, 5.12067508698, 4.22028017044, 3.66191911697, 2.46090841293, 1.57764172554, 1.02973747253, 0.572148561478, 0.231721699238, 0.0622456222773, 0.00146733468864, 8.97484351299e-05],
        "min": [0.00025915572769, 0.00639979308471, 0.0386989116669, 0.0540694072843, 0.0402435846627, 0.0190343372524, 0.0129309091717, 0.0199717506766, 0.0296045001596, 0.0768750905991, 0.166129902005, 0.0485560819507, 0.0649975538254, 0.0760239511728, 0.0696831047535, 0.0428350940347, 0.0184414237738, 0.0228928532451, 0.0273119043559, 0.009701192379, 0.00924309063703, 0.00630800472572, 0.0054243109189, 0.00682979729027, 0.00347858131863, 0.00689009018242, 0.00510112056509, 0.00448501715437, 0.00347402063198, 0.00389569858089, 0.00245811766945, 0.0014019246446, 0.00066401809454, 0.00048542037257, 0.000226720818318, 8.52486118674e-05, 1.58239708981e-05, 2.75958836937e-06, 4.95223503094e-07, 4.45087096068e-07],
        "stdev": [0.0859465822577, 2.2897799015, 11.9915647507, 16.5102481842, 23.7840595245, 14.5190505981, 14.032585144, 12.7398891449, 19.9620685577, 20.0361099243, 15.0173177719, 13.5425081253, 19.0932941437, 15.2921590805, 12.5135030746, 13.4136552811, 12.752951622, 15.5999794006, 15.2680530548, 27.7543334961, 37.6048049927, 26.6166591644, 33.1911888123, 23.4069576263, 21.1854171753, 20.0832996368, 12.9714860916, 6.79872751236, 5.87237501144, 4.71390342712, 3.42957830429, 2.52902340889, 2.15837192535, 1.78225934505, 2.19571709633, 1.27886593342, 0.317771464586, 0.0818345844746, 0.00205453834496, 6.31392176729e-05],
        "var": [0.00738681526855, 5.24309158325, 143.797622681, 272.588317871, 565.68145752, 210.802825928, 196.913452148, 162.304779053, 398.484161377, 401.445678711, 225.519821167, 183.399520874, 364.553894043, 233.850143433, 156.587753296, 179.926147461, 162.637786865, 243.359359741, 233.113449097, 770.303039551, 1414.12121582, 708.446533203, 1101.6550293, 547.885681152, 448.821868896, 403.33895874, 168.25944519, 46.222694397, 34.4847869873, 22.2208843231, 11.7620077133, 6.39595890045, 4.65856981277, 3.1764485836, 4.82117366791, 1.63549792767, 0.100978702307, 0.00669689895585, 4.22112771048e-06, 3.98656041511e-09]
    },
    "gfcc": {
        "mean": [66.6432723999, 57.968914032, -95.7860946655, 43.2160835266, -40.8797149658, 7.37578773499, -41.3675460815, 16.9534893036, -33.9295196533, 2.88399195671, -26.902721405, -1.09299457073, -21.6255664825],
        "cov": [[2212.99902344, -333.01071167, -205.876312256, 137.919754028, -45.7825584412, -74.2185440063, -121.914390564, -53.3916053772, -150.530715942, 4.13293743134, -28.3567352295, -42.2178039551, -15.6259403229], [-333.01071167, 283.982818604, 14.4997730255, 24.2674427032, 51.1593475342, 4.61929035187, 40.3952713013, -6.4154381752, 50.5262756348, -21.1451339722, 27.3358573914, -8.84936332703, 8.98055553436], [-205.876312256, 14.4997730255, 204.164474487, -13.2981033325, 23.7246074677, 30.2143554688, 24.9070625305, 13.5242347717, 3.6972181797, 19.2500782013, -13.9312143326, 10.8369979858, -10.1229887009], [137.919754028, 24.2674427032, -13.2981033325, 145.327682495, 51.0336799622, 14.5188617706, 13.2671136856, -0.97672098875, 10.1903772354, -7.63644647598, 12.0502548218, -17.875535965, 7.70689153671], [-45.7825584412, 51.1593475342, 23.7246074677, 51.0336799622, 112.961975098, 26.3885402679, 20.8633918762, 22.1526966095, 17.9674549103, 5.75844287872, 7.42370796204, -8.662981987, -2.92327809334], [-74.2185440063, 4.61929035187, 30.2143554688, 14.5188617706, 26.3885402679, 56.684223175, 34.3486824036, 10.4745855331, 7.63452386856, 7.09729099274, 4.00928449631, -0.0622812733054, -1.01049399376], [-121.914390564, 40.3952713013, 24.9070625305, 13.2671136856, 20.8633918762, 34.3486824036, 58.6116027832, 25.5279579163, 22.2720603943, 2.72344708443, 5.40730714798, -0.748147368431, 0.90605199337], [-53.3916053772, -6.4154381752, 13.5242347717, -0.97672098875, 22.1526966095, 10.4745855331, 25.5279579163, 52.6253967285, 27.412940979, 10.4658489227, -0.726206600666, 3.2744166851, 1.51928186417], [-150.530715942, 50.5262756348, 3.6972181797, 10.1903772354, 17.9674549103, 7.63452386856, 22.2720603943, 27.412940979, 56.5629959106, 16.2380008698, 10.8817548752, 1.40573167801, 2.00524759293], [4.13293743134, -21.1451339722, 19.2500782013, -7.63644647598, 5.75844287872, 7.09729099274, 2.72344708443, 10.4658489227, 16.2380008698, 41.7084541321, 15.7832183838, 5.45155572891, -2.32479929924], [-28.3567352295, 27.3358573914, -13.9312143326, 12.0502548218, 7.42370796204, 4.00928449631, 5.40730714798, -0.726206600666, 10.8817548752, 15.7832183838, 40.3615531921, 16.6323375702, 4.16262054443], [-42.2178039551, -8.84936332703, 10.8369979858, -17.875535965, -8.662981987, -0.0622812733054, -0.748147368431, 3.2744166851, 1.40573167801, 5.45155572891, 16.6323375702, 42.5996208191, 17.718132019], [-15.6259403229, 8.98055553436, -10.1229887009, 7.70689153671, -2.92327809334, -1.01049399376, 0.90605199337, 1.51928186417, 2.00524759293, -2.32479929924, 4.16262054443, 17.718132019, 38.7180633545]],
        "icov": [[0.000914374715649, 0.000114684044092, 0.00102016306482, -0.00155986309983, 0.000287439470412, 0.000556075188797, 0.000530082033947, -0.000900956103578, 0.00298454286531, -0.00232222583145, 0.00142787001096, -0.000526149524376, 0.000772062921897], [0.000114684044092, 0.00995570141822, -0.00287974183448, 0.00354417902417, -0.00481037748978, 0.00515663949773, -0.00646724365652, 0.00920764822513, -0.0114275095984, 0.0125194210559, -0.0119861448184, 0.00827465206385, -0.0053143161349], [0.00102016306482, -0.00287974183448, 0.00901397876441, -0.0031120874919, 0.0002845817653, -0.00213987310417, -0.00065800640732, -0.00222252402455, 0.00773862050846, -0.0115988794714, 0.0124905481935, -0.00904117524624, 0.0058214282617], [-0.00155986309983, 0.00354417902417, -0.0031120874919, 0.014339488931, -0.0061336029321, -6.31994844298e-05, -0.00325867463835, 0.0065006329678, -0.0106991324574, 0.0126052284613, -0.0130910538137, 0.0115014519542, -0.00830799527466], [0.000287439470412, -0.00481037748978, 0.0002845817653, -0.0061336029321, 0.0155834322795, -0.0070326924324, 0.00602420512587, -0.0104305483401, 0.00572151923552, -0.00545074185356, 0.00304326531477, -0.00142525392585, 0.00348984519951], [0.000556075188797, 0.00515663949773, -0.00213987310417, -6.31994844298e-05, -0.0070326924324, 0.0351151451468, -0.0232433900237, 0.00909002777189, 0.000249412696576, -0.00160525052343, -0.00264096655883, 0.00148640736006, -0.00145140616223], [0.000530082033947, -0.00646724365652, -0.00065800640732, -0.00325867463835, 0.00602420512587, -0.0232433900237, 0.0434192977846, -0.0203099288046, 0.00147483579349, 0.00153377314564, -0.0010682818247, 0.00105920922942, 0.00146554759704], [-0.000900956103578, 0.00920764822513, -0.00222252402455, 0.0065006329678, -0.0104305483401, 0.00909002777189, -0.0203099288046, 0.0437811501324, -0.0243739690632, 0.00667829345912, -0.000919957645237, 0.000771026301663, -0.00475789699703], [0.00298454286531, -0.0114275095984, 0.00773862050846, -0.0106991324574, 0.00572151923552, 0.000249412696576, 0.00147483579349, -0.0243739690632, 0.0525798015296, -0.0309350658208, 0.0150976059958, -0.00963125377893, 0.00757212052122], [-0.00232222583145, 0.0125194210559, -0.0115988794714, 0.0126052284613, -0.00545074185356, -0.00160525052343, 0.00153377314564, 0.00667829345912, -0.0309350658208, 0.0613825283945, -0.0395158007741, 0.0194953139871, -0.00951931718737], [0.00142787001096, -0.0119861448184, 0.0124905481935, -0.0130910538137, 0.00304326531477, -0.00264096655883, -0.0010682818247, -0.000919957645237, 0.0150976059958, -0.0395158007741, 0.0670929402113, -0.0374641530216, 0.0162263251841], [-0.000526149524376, 0.00827465206385, -0.00904117524624, 0.0115014519542, -0.00142525392585, 0.00148640736006, 0.00105920922942, 0.000771026301663, -0.00963125377893, 0.0194953139871, -0.0374641530216, 0.0548669435084, -0.0263196844608], [0.000772062921897, -0.0053143161349, 0.0058214282617, -0.00830799527466, 0.00348984519951, -0.00145140616223, 0.00146554759704, -0.00475789699703, 0.00757212052122, -0.00951931718737, 0.0162263251841, -0.0263196844608, 0.040261875838]]
    },
    "melbands": {
        "dmean": [0.000888263690285, 0.0030434995424, 0.00185481784865, 0.000780062167905, 0.000334373937221, 0.000167727703229, 0.000164788696566, 0.000116936906124, 7.2804010415e-05, 4.8542588047e-05, 4.83131952933e-05, 3.72653667e-05, 2.50344583037e-05, 2.80124950223e-05, 1.82699513971e-05, 2.28460448852e-05, 1.82730364031e-05, 1.63258373505e-05, 3.06737238134e-05, 2.36076575675e-05, 2.61124678218e-05, 1.91041453945e-05, 1.94641288545e-05, 2.05822198041e-05, 1.37698298204e-05, 1.42754861372e-05, 9.76663523033e-06, 1.05194403659e-05, 5.26036183146e-06, 4.13404222854e-06, 1.80667132099e-06, 1.50385301367e-06, 1.29876571009e-06, 1.28987289827e-06, 1.08126209852e-06, 8.41649693939e-07, 7.79608853918e-07, 7.62574927649e-07, 6.09670053109e-07, 6.4334523131e-07],
        "dmean2": [0.00152359250933, 0.00504890270531, 0.00310476357117, 0.0013198814122, 0.000575594778638, 0.000282289402094, 0.00028519963962, 0.000195469954633, 0.00011805271788, 7.98233450041e-05, 7.97606335254e-05, 6.15998724243e-05, 4.17648079747e-05, 4.63816468255e-05, 3.08896305796e-05, 3.83670449082e-05, 3.04279237753e-05, 2.71152857749e-05, 5.03023220517e-05, 3.82826037821e-05, 4.24283607572e-05, 3.18480852002e-05, 3.26318622683e-05, 3.41937629855e-05, 2.29067336477e-05, 2.39654327743e-05, 1.6553882233e-05, 1.78843165486e-05, 8.78979881236e-06, 6.91107106832e-06, 2.99192970488e-06, 2.41437896875e-06, 2.14473061533e-06, 2.07660377782e-06, 1.7577511926e-06, 1.38471523314e-06, 1.29731176912e-06, 1.25312453747e-06, 9.74605995907e-07, 1.00732620467e-06],
        "dvar": [1.72115437636e-06, 1.40736556205e-05, 4.82920040668e-06, 1.2936255871e-06, 2.02295112217e-07, 6.48818172522e-08, 9.86494228528e-08, 2.89419208599e-08, 7.89846676952e-09, 4.79120876307e-09, 5.47629230851e-09, 2.52152609903e-09, 8.58359605616e-10, 1.42697065275e-09, 7.34076244235e-10, 8.79373907026e-10, 4.61138321972e-10, 3.70783265202e-10, 1.34533451046e-09, 1.05805120221e-09, 8.81932971097e-10, 4.44058179117e-10, 4.89407958604e-10, 5.13340592256e-10, 1.86238705013e-10, 2.34039926328e-10, 1.00191237251e-10, 1.40414235794e-10, 3.12453951601e-11, 1.58754866891e-11, 6.11608290055e-12, 5.61277413436e-12, 2.97953762357e-12, 2.46376660393e-12, 1.46593718067e-12, 9.12808565713e-13, 6.51344755041e-13, 9.26230012827e-13, 5.56130120254e-13, 9.18816021531e-13],
        "dvar2": [4.6653035497e-06, 3.71624228137e-05, 1.26581053337e-05, 3.19863465847e-06, 5.77501964472e-07, 1.66873036278e-07, 2.79587254681e-07, 7.62136238563e-08, 2.02166834384e-08, 1.20105676515e-08, 1.45328948875e-08, 7.21745418986e-09, 2.25506568974e-09, 3.82057985249e-09, 1.99693883651e-09, 2.34806463162e-09, 1.22403176483e-09, 1.01418107246e-09, 3.20960769074e-09, 2.65880784056e-09, 2.1594599442e-09, 1.22605381403e-09, 1.32146538157e-09, 1.35196676077e-09, 4.95326391015e-10, 6.29311991407e-10, 2.82313755706e-10, 3.91526311372e-10, 8.09644573607e-11, 4.50971586463e-11, 1.69465413924e-11, 1.44152511108e-11, 7.49600468503e-12, 6.18530357141e-12, 3.87398273183e-12, 2.31229813942e-12, 1.70579837148e-12, 2.4388585769e-12, 1.30904748846e-12, 2.00946919694e-12],
        "max": [0.0136319613084, 0.0320583023131, 0.0237103011459, 0.0125207211822, 0.00521094957367, 0.00253565772437, 0.00394897442311, 0.0021573996637, 0.00100744259544, 0.000922079605516, 0.00098424195312, 0.000912792631425, 0.000297821010463, 0.000503253890201, 0.000321899569826, 0.000318762933603, 0.000232837293879, 0.000236101084738, 0.00052334216889, 0.000593579257838, 0.000418798445025, 0.000335799471941, 0.000298614380881, 0.000276591890724, 0.000151980813826, 0.000199647125555, 0.000138448274811, 0.000175952896825, 0.000124744139612, 5.31180303369e-05, 4.0760191041e-05, 5.77138125664e-05, 3.74988521799e-05, 2.59612934315e-05, 1.54322078743e-05, 1.34388319566e-05, 1.2227444131e-05, 1.23776098917e-05, 1.01767673186e-05, 1.25718270283e-05],
        "mean": [0.00116355903447, 0.00535224704072, 0.00335653731599, 0.00114118366037, 0.000488101301016, 0.00024400332768, 0.000224691000767, 0.000182205913006, 0.000126990955323, 8.8214466814e-05, 7.89587720647e-05, 6.21589788352e-05, 4.62783391413e-05, 4.61974159407e-05, 2.84182315227e-05, 3.88673797715e-05, 3.3509782952e-05, 3.09308488795e-05, 5.58887695661e-05, 4.39531868324e-05, 5.28846248926e-05, 4.10107095377e-05, 4.28616913268e-05, 4.57799287688e-05, 3.32654853992e-05, 3.24258398905e-05, 2.32600978052e-05, 2.37362801272e-05, 1.47388509504e-05, 1.03298516478e-05, 4.51525784229e-06, 3.49274591827e-06, 3.3496821743e-06, 3.44056456925e-06, 2.95031190944e-06, 2.49761660598e-06, 2.37137373915e-06, 2.0790673716e-06, 1.77155470737e-06, 1.7022485963e-06],
        "median": [0.000610027112998, 0.00409840047359, 0.00276596006006, 0.000801421760116, 0.000326732639223, 0.000166252415511, 0.00014415748592, 0.000118083022244, 8.12842336018e-05, 5.80406776862e-05, 4.56003108411e-05, 4.63073047285e-05, 3.4194890759e-05, 2.96216367133e-05, 1.85659228009e-05, 2.65145008598e-05, 2.5729461413e-05, 2.4909264539e-05, 4.1712573875e-05, 3.59363584721e-05, 3.95742499677e-05, 3.55982811016e-05, 3.73337061319e-05, 4.11153232562e-05, 3.03791457554e-05, 2.94802102871e-05, 2.20376605284e-05, 2.20317160711e-05, 1.37278511829e-05, 9.75720649876e-06, 3.76139473701e-06, 2.55653435488e-06, 2.59048738371e-06, 2.83708959614e-06, 2.47084972216e-06, 2.13752605305e-06, 2.18809327635e-06, 1.71311705799e-06, 1.47718083099e-06, 1.23061829527e-06],
        "min": [5.25153018316e-06, 1.60979707289e-05, 1.03690208562e-05, 1.8844891656e-06, 3.38462484706e-07, 4.83010978769e-07, 4.53774049447e-07, 7.78291791903e-07, 7.75260275532e-07, 1.82109204161e-07, 2.59313992501e-07, 2.83522979316e-07, 2.26297103723e-07, 1.21879764947e-07, 3.67425343484e-08, 3.99485315938e-08, 3.47633211106e-08, 5.29709751618e-08, 1.21864207614e-08, 1.27475168199e-08, 8.97520280319e-09, 5.04233721443e-09, 5.77681547043e-09, 5.33413313519e-09, 5.53309975615e-09, 2.54646459474e-09, 3.67350572184e-09, 3.49164408497e-09, 3.19745718791e-09, 2.34612129724e-09, 2.17230211597e-09, 1.58714474896e-09, 2.80861689461e-09, 1.73472902709e-09, 1.53416446214e-09, 8.7132590032e-10, 8.01790855931e-10, 4.9257142809e-10, 3.44593714674e-10, 3.46419726238e-10],
        "stdev": [0.00144319178071, 0.00477703427896, 0.00271811289713, 0.00125906884205, 0.000522335991263, 0.000278593768599, 0.00029834950692, 0.000204757336178, 0.00012840013369, 9.51593683567e-05, 9.69102111412e-05, 6.06247267569e-05, 4.02082223445e-05, 4.9206217227e-05, 3.13341042784e-05, 3.95409188059e-05, 2.83299741568e-05, 2.49644872383e-05, 5.4791529692e-05, 4.05826503993e-05, 4.99257657793e-05, 2.92617987725e-05, 3.07107438857e-05, 3.09028800984e-05, 2.02307637664e-05, 2.06810782402e-05, 1.37534298119e-05, 1.59071878443e-05, 9.67902906268e-06, 6.28913039691e-06, 3.63018739336e-06, 3.59691057383e-06, 2.91058518087e-06, 2.72230795417e-06, 2.14463602788e-06, 1.82499729817e-06, 1.4980070091e-06, 1.60124704962e-06, 1.35707796289e-06, 1.60207548561e-06],
        "var": [2.08280266634e-06, 2.28200551646e-05, 7.38813787393e-06, 1.58525426741e-06, 2.72834881798e-07, 7.76144872816e-08, 8.90124312036e-08, 4.19255670181e-08, 1.64865934238e-08, 9.0553058385e-09, 9.39158972812e-09, 3.67535757384e-09, 1.61670121734e-09, 2.42125186567e-09, 9.81826064894e-10, 1.56348411995e-09, 8.02587440951e-10, 6.23225637764e-10, 3.00211167037e-09, 1.6469514641e-09, 2.49258214069e-09, 8.56252846404e-10, 9.43149891519e-10, 9.54987977586e-10, 4.09283773539e-10, 4.27707008699e-10, 1.89156829089e-10, 2.53038645592e-10, 9.36836094811e-11, 3.95531628283e-11, 1.31782605661e-11, 1.29377654423e-11, 8.47150648242e-12, 7.41096073398e-12, 4.59946360512e-12, 3.33061508061e-12, 2.24402484442e-12, 2.56399220432e-12, 1.84166072149e-12, 2.56664589755e-12]
    },
    "melbands128": {
