{
"lowlevel": {
    "average_loudness": 0.370433926582,
    "barkbands_crest": {
        "dmean": 1.47634649277,
        "dmean2": 2.23608231544,
        "dvar": 2.93881559372,
        "dvar2": 6.00623083115,
        "max": 26.8911075592,
        "mean": 17.3005619049,
        "median": 16.8912239075,
        "min": 1.95260357857,
        "stdev": 5.59095668793,
        "var": 31.2587985992
    },
    "barkbands_flatness_db": {
        "dmean": 0.0277527533472,
        "dmean2": 0.0472416393459,
        "dvar": 0.00066178891575,
        "dvar2": 0.00177635671571,
        "max": 0.708466887474,
        "mean": 0.491027474403,
        "median": 0.491507589817,
        "min": 0.0142606832087,
        "stdev": 0.0743419378996,
        "var": 0.00552672427148
    },
    "barkbands_kurtosis": {
        "dmean": 9.11030769348,
        "dmean2": 14.2949552536,
        "dvar": 952.854492188,
        "dvar2": 2000.00488281,
        "max": 961.47869873,
        "mean": 32.0885543823,
        "median": 5.64792013168,
        "min": -1.66466653347,
        "stdev": 93.6643676758,
        "var": 8773.01367188
    },
    "barkbands_skewness": {
        "dmean": 0.692758142948,
        "dmean2": 1.13441634178,
        "dvar": 1.45718991756,
        "dvar2": 4.28555202484,
        "max": 23.4215641022,
        "mean": 1.10239696503,
        "median": 0.560570240021,
        "min": -4.55308675766,
        "stdev": 2.83043265343,
        "var": 8.01134872437
    },
    "barkbands_spread": {
        "dmean": 0.384713977575,
        "dmean2": 0.557894647121,
        "dvar": 1.30723178387,
        "dvar2": 1.8539378643,
        "max": 37.0729370117,
        "mean": 1.87600600719,
        "median": 1.41349649429,
        "min": 0.0234685558826,
        "stdev": 2.19406414032,
        "var": 4.81391716003
    },
    "dissonance": {
        "dmean": 0.0607043243945,
        "dmean2": 0.105159319937,
        "dvar": 0.00427768938243,
        "dvar2": 0.0111829927191,
        "max": 0.499273180962,
        "mean": 0.312050789595,
        "median": 0.332617461681,
        "min": 0.0218064077199,
        "stdev": 0.103171415627,
        "var": 0.0106443408877
    },
    "dynamic_complexity": 9.47538757324,
    "erbbands_crest": {
        "dmean": 1.7864317894,
        "dmean2": 2.82473516464,
        "dvar": 3.94260430336,
        "dvar2": 9.14432239532,
        "max": 32.1792678833,
        "mean": 20.1011734009,
        "median": 20.3558425903,
        "min": 3.17984867096,
        "stdev": 5.55525255203,
        "var": 30.860830307
    },
    "erbbands_flatness_db": {
        "dmean": 0.0181879736483,
        "dmean2": 0.0298213083297,
        "dvar": 0.000330130220391,
        "dvar2": 0.00077978905756,
        "max": 0.660890996456,
        "mean": 0.499125272036,
        "median": 0.503484725952,
        "min": 0.0816549733281,
        "stdev": 0.0657991692424,
        "var": 0.00432953098789
    },
    "erbbands_kurtosis": {
        "dmean": 2.50595569611,
        "dmean2": 3.45130777359,
        "dvar": 11.8844251633,
        "dvar2": 23.2782707214,
        "max": 76.3116912842,
        "mean": 9.85759925842,
        "median": 5.80473947525,
        "min": -1.58061408997,
        "stdev": 12.1219396591,
        "var": 146.941421509
    },
    "erbbands_skewness": {
        "dmean": 0.363389968872,
        "dmean2": 0.50883191824,
        "dvar": 0.154808416963,
        "dvar2": 0.305657178164,
        "max": 5.89474916458,
        "mean": 1.1822398901,
        "median": 1.01619052887,
        "min": -2.6272444725,
        "stdev": 1.54022884369,
        "var": 2.37230491638
    },
    "erbbands_spread": {
        "dmean": 0.587636470795,
        "dmean2": 0.89117628336,
        "dvar": 1.91343581676,
        "dvar2": 4.0701751709,
        "max": 39.1865272522,
        "mean": 3.34845042229,
        "median": 2.75334119797,
        "min": 0.258832812309,
        "stdev": 2.89233803749,
        "var": 8.36561870575
    },
    "hfc": {
        "dmean": 1.27368044853,
        "dmean2": 1.70462691784,
        "dvar": 19.4796352386,
        "dvar2": 34.6605262756,
        "max": 114.48664093,
        "mean": 5.47917938232,
        "median": 0.984491705894,
        "min": 1.11031778644e-16,
        "stdev": 11.7222700119,
        "var": 137.411621094
    },
    "loudness_ebu128": {
        "integrated": -17.9846477509,
        "loudness_range": 7.35996627808,
        "momentary": {
            "dmean": 1.87042570114,
            "dmean2": 1.6665596962,
            "dvar": 6.20317792892,
            "dvar2": 9.774061203,
            "max": -9.28662204742,
            "mean": -25.3635158539,
            "median": -23.4927330017,
            "min": -59.6605758667,
            "stdev": 9.88049316406,
            "var": 97.6241455078
        },
        "short_term": {
            "dmean": 0.210938572884,
            "dmean2": 0.115375228226,
            "dvar": 0.133400723338,
            "dvar2": 0.0705134123564,
            "max": -15.4113492966,
            "mean": -20.6859130859,
            "median": -19.1156806946,
            "min": -49.4507751465,
            "stdev": 5.63093614578,
            "var": 31.7074394226
        }
    },
    "melbands_crest": {
        "dmean": 1.87651848793,
        "dmean2": 2.81509661674,
        "dvar": 3.82907390594,
        "dvar2": 7.96656894684,
        "max": 31.8397979736,
        "mean": 20.3774414062,
        "median": 20.4063682556,
        "min": 1.98044776917,
        "stdev": 5.72629261017,
        "var": 32.7904281616
    },
    "melbands_flatness_db": {
        "dmean": 0.0291694682091,
        "dmean2": 0.049624837935,
        "dvar": 0.000714007939678,
        "dvar2": 0.00187562464271,
        "max": 0.837130904198,
        "mean": 0.608756005764,
        "median": 0.612831830978,
        "min": 0.0057209902443,
        "stdev": 0.0743195563555,
        "var": 0.00552339665592
    },
    "melbands_kurtosis": {
        "dmean": 2.7093205452,
        "dmean2": 4.10005331039,
        "dvar": 16.6083545685,
        "dvar2": 37.4137268066,
        "max": 89.0791931152,
        "mean": 9.70878505707,
        "median": 4.75488376617,
        "min": -1.62753713131,
        "stdev": 12.0005187988,
        "var": 144.012451172
    },
    "melbands_skewness": {
        "dmean": 0.433507561684,
        "dmean2": 0.673371136189,
        "dvar": 0.240828603506,
        "dvar2": 0.611137390137,
        "max": 4.76080608368,
        "mean": 0.587681293488,
        "median": 0.607794642448,
        "min": -3.97539591789,
        "stdev": 1.44187474251,
        "var": 2.07900261879
    },
    "melbands_spread": {
        "dmean": 0.680280566216,
        "dmean2": 0.961846530437,
        "dvar": 7.384973526,
        "dvar2": 7.32943487167,
        "max": 132.877731323,
        "mean": 3.18000793457,
        "median": 2.46938467026,
        "min": 0.24571582675,
        "stdev": 4.28172063828,
        "var": 18.3331298828
    },
    "pitch_salience": {
        "dmean": 0.0429376028478,
        "dmean2": 0.0679139345884,
        "dvar": 0.00251398631372,
        "dvar2": 0.00639069313183,
        "max": 0.980995237827,
        "mean": 0.367605239153,
        "median": 0.399390637875,
        "min": 0.0321564152837,
        "stdev": 0.135610461235,
        "var": 0.0183901973069
    },
    "silence_rate_20dB": {
        "dmean": 0,
        "dmean2": 0,
        "dvar": 0,
        "dvar2": 0,
        "max": 1,
        "mean": 1,
        "median": 1,
        "min": 1,
        "stdev": 0,
        "var": 0
    },
    "silence_rate_30dB": {
        "dmean": 0.00619514705613,
        "dmean2": 0.012396694161,
        "dvar": 0.00615664711222,
        "dvar2": 0.0132764512673,
        "max": 1,
        "mean": 0.9840041399,
        "median": 1,
        "min": 0,
        "stdev": 0.125458374619,
        "var": 0.0157398041338
    },
    "silence_rate_60dB": {
        "dmean": 0.0371708832681,
        "dmean2": 0.0743801668286,
        "dvar": 0.0357886776328,
        "dvar2": 0.0760800018907,
        "max": 1,
        "mean": 0.550567567348,
        "median": 1,
        "min": 0,
        "stdev": 0.497440814972,
        "var": 0.247447371483
    },
    "spectral_centroid": {
        "dmean": 21.0707187653,
        "dmean2": 26.7242565155,
        "dvar": 36013.9804688,
        "dvar2": 20039.5703125,
        "max": 11229.2832031,
        "mean": 469.261169434,
        "median": 431.493408203,
        "min": 319.685333252,
        "stdev": 269.676391602,
        "var": 72725.3515625
    },
    "spectral_complexity": {
        "dmean": 0.477026343346,
        "dmean2": 0.818181812763,
        "dvar": 0.705844819546,
        "dvar2": 1.309923172,
        "max": 13,
        "mean": 3.350877285,
        "median": 3,
        "min": 0,
        "stdev": 2.50174355507,
        "var": 6.25872039795
    },
    "spectral_decrease": {
        "dmean": 6.80365097594e-10,
        "dmean2": 9.17603160122e-10,
        "dvar": 4.97219631054e-18,
        "dvar2": 8.79575721477e-18,
        "max": -1.62506489996e-28,
        "mean": -2.91290880305e-09,
        "median": -5.91102777836e-10,
        "min": -5.7850250812e-08,
        "stdev": 5.79323922167e-09,
        "var": 3.35616225096e-17
    },
    "spectral_energy": {
        "dmean": 0.00268309935927,
        "dmean2": 0.00361693813466,
        "dvar": 7.75113221607e-05,
        "dvar2": 0.000137058945256,
        "max": 0.228724449873,
        "mean": 0.0114909596741,
        "median": 0.00232077250257,
        "min": 1.06842420313e-20,
        "stdev": 0.0229121893644,
        "var": 0.000524968432728
    },
    "spectral_energyband_high": {
        "dmean": 1.23797612162e-08,
        "dmean2": 2.05113472873e-08,
        "dvar": 8.82243768058e-15,
        "dvar2": 1.9323730238e-14,
        "max": 2.5905756047e-06,
        "mean": 1.63331623781e-08,
        "median": 1.16753806623e-09,
        "min": 7.58689734716e-21,
        "stdev": 1.06758264451e-07,
        "var": 1.13973272077e-14
    },
    "spectral_energyband_low": {
        "dmean": 0.000100448763988,
        "dmean2": 0.000145073936437,
        "dvar": 1.63767055028e-07,
        "dvar2": 2.97029714602e-07,
        "max": 0.0168419443071,
        "mean": 0.00043879513396,
        "median": 1.06040761239e-05,
        "min": 8.77073477344e-23,
        "stdev": 0.00140043487772,
        "var": 1.961218004e-06
    },
    "spectral_energyband_middle_high": {
        "dmean": 9.7273485153e-05,
        "dmean2": 0.000130689135403,
        "dvar": 1.64572395533e-06,
        "dvar2": 3.96653513235e-06,
        "max": 0.0508457459509,
        "mean": 0.000231320154853,
        "median": 2.14263800444e-05,
        "min": 1.72076084657e-21,
        "stdev": 0.00155999080744,
        "var": 2.43357135332e-06
    },
    "spectral_energyband_middle_low": {
        "dmean": 0.00261776777916,
        "dmean2": 0.00356641598046,
        "dvar": 7.26483849576e-05,
        "dvar2": 0.00013080368808,
        "max": 0.221375495195,
        "mean": 0.0110237663612,
        "median": 0.00217554415576,
        "min": 3.81627252741e-22,
        "stdev": 0.0219493471086,
        "var": 0.000481773866341
    },
    "spectral_entropy": {
        "dmean": 0.133434727788,
        "dmean2": 0.204164236784,
        "dvar": 0.0298894792795,
        "dvar2": 0.0552697815001,
        "max": 9.78957557678,
        "mean": 4.53424596786,
        "median": 4.58846712112,
        "min": 3.0589568615,
        "stdev": 0.581918776035,
        "var": 0.338629454374
    },
    "spectral_flux": {
        "dmean": 0.00893425941467,
        "dmean2": 0.0148028489202,
        "dvar": 0.000582552165724,
        "dvar2": 0.00134269741829,
        "max": 0.275882542133,
        "mean": 0.016817914322,
        "median": 0.0100647239015,
        "min": 1.03364608539e-10,
        "stdev": 0.0272125005722,
        "var": 0.000740520190448
    },
    "spectral_kurtosis": {
        "dmean": 94.0838165283,
        "dmean2": 166.467086792,
        "dvar": 10102.4638672,
        "dvar2": 30778.3222656,
        "max": 1175.18359375,
        "mean": 268.58190918,
        "median": 251.695098877,
        "min": -1.2270720005,
        "stdev": 133.903991699,
        "var": 17930.2792969
    },
    "spectral_rms": {
        "dmean": 0.000303412467474,
        "dmean2": 0.000406180508435,
        "dvar": 5.06064623096e-07,
        "dvar2": 8.49746811582e-07,
        "max": 0.0149380657822,
        "mean": 0.00238312850706,
        "median": 0.00150471471716,
        "min": 3.22856780373e-12,
        "stdev": 0.00235188892111,
        "var": 5.53138170289e-06
    },
    "spectral_rolloff": {
        "dmean": 34.5174713135,
        "dmean2": 54.5779304504,
        "dvar": 157706.125,
        "dvar2": 157613.03125,
        "max": 18518.5546875,
        "mean": 563.774047852,
        "median": 559.86328125,
        "min": 322.998046875,
        "stdev": 434.109375,
        "var": 188450.953125
    },
    "spectral_skewness": {
        "dmean": 2.05158090591,
        "dmean2": 3.57920122147,
        "dvar": 3.94017553329,
        "dvar2": 11.4527225494,
        "max": 27.5998535156,
        "mean": 13.2361268997,
        "median": 13.4920225143,
        "min": -0.0197264235467,
        "stdev": 3.47816061974,
        "var": 12.0976018906
    },
    "spectral_spread": {
        "dmean": 440069.59375,
        "dmean2": 773281.625,
        "dvar": 1.29093428838e+12,
        "dvar2": 2.1865037824e+12,
        "max": 48922076,
        "mean": 851569.6875,
        "median": 678591.6875,
        "min": 104930.546875,
        "stdev": 1686984.75,
        "var": 2.84591757722e+12
    },
    "spectral_strongpeak": {
        "dmean": 0.218837663531,
        "dmean2": 0.320386707783,
        "dvar": 0.195987343788,
        "dvar2": 0.374156534672,
        "max": 9.00849628448,
        "mean": 1.12188136578,
        "median": 0.610981583595,
        "min": 0,
        "stdev": 1.31619787216,
        "var": 1.73237669468
    },
    "zerocrossingrate": {
        "dmean": 0.00123872689437,
        "dmean2": 0.00177128054202,
        "dvar": 8.64500470925e-05,
        "dvar2": 0.000158223469043,
        "max": 0.5048828125,
        "mean": 0.0218673404306,
        "median": 0.0205078125,
        "min": 0.01220703125,
        "stdev": 0.0156661439687,
        "var": 0.000245428062044
    },
    "barkbands": {
        "dmean": [1.06249865439e-06, 2.053794924e-05, 5.94107841607e-05, 4.31742264482e-05, 0.000205439166166, 0.000693258654792, 0.000871407159138, 0.000742225383874, 0.000447664293461, 2.9812574212e-05, 5.58515130251e-05, 1.94384701899e-05, 3.79760217584e-06, 4.21791719418e-06, 7.5008068734e-07, 1.15596594696e-06, 6.37681409899e-07, 1.32105697048e-07, 7.27287741142e-08, 1.47822891705e-08, 5.48424816671e-09, 1.03115482819e-09, 5.72725811221e-10, 4.87294482543e-10, 4.77813122401e-10, 4.80644191114e-10, 4.90638196737e-10],
        "dmean2": [1.75565241989e-06, 3.24660650222e-05, 9.40064637689e-05, 6.10724528087e-05, 0.000311933079502, 0.00110364647117, 0.00122730189469, 0.000972891401034, 0.000515305437148, 3.65552477888e-05, 7.22511103959e-05, 3.1855492125e-05, 5.2397217587e-06, 5.47414674656e-06, 1.01140994957e-06, 1.97070289687e-06, 9.15575242288e-07, 1.94357411942e-07, 1.16491925439e-07, 2.42746285295e-08, 8.24959034418e-09, 1.78507852944e-09, 1.01792374529e-09, 8.89807616478e-10, 8.77097006136e-10, 8.80749140286e-10, 9.04173014238e-10],
        "dvar": [4.79037955137e-11, 1.08218083383e-08, 5.70190223925e-08, 3.46235431437e-08, 7.55090297844e-07, 8.75099340192e-06, 1.50431596921e-05, 1.9074368538e-05, 5.5324276218e-06, 3.62878438409e-08, 9.7101008123e-07, 7.57539027063e-08, 3.3614966366e-10, 1.24170473903e-09, 2.23853331704e-11, 1.18460893872e-10, 1.15043859855e-11, 1.96535452843e-12, 3.76738869051e-13, 1.15796502026e-14, 2.35784453417e-15, 3.19335954065e-17, 2.97558579826e-18, 1.66347799623e-18, 1.57415686233e-18, 1.50086959064e-18, 1.73492427407e-18],
        "dvar2": [1.16667370209e-10, 2.46405651438e-08, 1.20946893389e-07, 6.50659117696e-08, 1.57892907282e-06, 1.93596424651e-05, 3.08605012833e-05, 2.99606617773e-05, 9.8667014754e-06, 8.09200670915e-08, 2.20860329136e-06, 2.12624598817e-07, 7.29581617342e-10, 2.57959631433e-09, 3.38514147269e-11, 3.35288380393e-10, 2.50821186737e-11, 3.27988374307e-12, 7.32184115854e-13, 2.38300776545e-14, 5.48874427557e-15, 6.7852930816e-17, 8.39995708193e-18, 5.32718500632e-18, 5.11952586303e-18, 4.89957192071e-18, 5.65076854937e-18],
        "max": [0.000140346834087, 0.00180041661952, 0.00926822703332, 0.00805601011962, 0.0178567618132, 0.0642470344901, 0.080922909081, 0.189249962568, 0.0905354917049, 0.0072748423554, 0.0398914031684, 0.00975406635553, 0.000428679573815, 0.00122047902551, 0.0001479992643, 0.000254735292401, 8.23945447337e-05, 5.21809452039e-05, 1.60349354701e-05, 3.05963089886e-06, 1.45885348957e-06, 1.45247327055e-07, 3.08692307271e-08, 2.06448707019e-08, 1.97729814744e-08, 1.93378468794e-08, 2.06325729835e-08],
        "mean": [8.95625532848e-07, 2.56065195572e-05, 0.000235390369198, 0.000192565086763, 0.000406972918427, 0.00232448591851, 0.00325884623453, 0.00249443133362, 0.00229324866086, 0.000102212186903, 0.000105036888272, 2.76488790405e-05, 8.12479993328e-06, 1.0389482668e-05, 1.87614978131e-06, 1.58465343247e-06, 1.30186481329e-06, 1.93901030343e-07, 1.14063347212e-07, 2.43957050117e-08, 7.09707137503e-09, 1.30445443336e-09, 5.5467502813e-10, 4.51317150318e-10, 4.58043186713e-10, 5.02724140095e-10, 3.99652255734e-10],
        "median": [5.66377522659e-08, 2.10499933928e-06, 4.40882331532e-06, 2.35217930822e-06, 2.0291776309e-05, 0.000190946127987, 9.81722841971e-05, 6.86048733769e-05, 7.51798434067e-05, 6.61590729578e-06, 1.88006129065e-06, 1.60629042512e-06, 7.52447363084e-07, 1.57881061114e-07, 9.99194043061e-08, 2.49891947135e-08, 2.00373690973e-08, 3.10852499297e-09, 1.72019143374e-09, 4.34278668582e-10, 1.93459470665e-10, 1.26853513804e-10, 1.04827785341e-10, 1.28099933439e-10, 1.81988257797e-10, 2.67324495873e-10, 7.70217084556e-11],
        "min": [4.33866240351e-23, 2.68007414613e-23, 2.077174262e-23, 4.12095888178e-23, 5.95680670892e-23, 6.45508218e-23, 3.39670252925e-23, 1.13275074357e-22, 5.68388986579e-23, 1.17331725298e-22, 9.83105849337e-23, 9.70264266651e-23, 2.88636569047e-23, 3.7982781684e-23, 2.76276431327e-22, 1.47472876175e-22, 2.27858168448e-22, 2.59910912313e-22, 3.18953932517e-22, 4.05506615078e-22, 5.76327035122e-22, 4.16905920216e-22, 7.78530689626e-22, 8.5939511708e-22, 1.24848221719e-21, 1.45832780079e-21, 2.09326798372e-21],
        "stdev": [6.42157192488e-06, 0.000125465303427, 0.000759847171139, 0.000660155259538, 0.00143863330595, 0.00597091857344, 0.00893935468048, 0.0101798204705, 0.0091738672927, 0.000357220094884, 0.00126525363885, 0.000245895265834, 2.67933173745e-05, 5.33586644451e-05, 9.32057264436e-06, 1.05488197732e-05, 5.46286946701e-06, 1.90205594208e-06, 7.84061796821e-07, 1.41865925229e-07, 5.62924959979e-08, 6.75629063807e-09, 1.73540182224e-09, 1.15348008922e-09, 1.07332298604e-09, 1.03579855804e-09, 1.13078890696e-09],
        "var": [4.12365870617e-11, 1.57415431801e-08, 5.7736775716e-07, 4.35804963672e-07, 2.06966569749e-06, 3.56518685294e-05, 7.99120680313e-05, 0.000103628750367, 8.415983757e-05, 1.27606199385e-07, 1.60086688084e-06, 6.04644796454e-08, 7.17881865064e-10, 2.84714696264e-09, 8.68730781756e-11, 1.11277598247e-10, 2.98429440881e-11, 3.61781698349e-12, 6.1475287751e-13, 2.01259398958e-14, 3.16884512337e-15, 4.56474657954e-17, 3.0116196469e-18, 1.33051618958e-18, 1.15202219392e-18, 1.07287869029e-18, 1.27868360483e-18]
    },
    "erbbands": {
        "dmean": [0.000170781873749, 0.00613683555275, 0.0469842627645, 0.147264674306, 0.0836483985186, 0.725624501705, 3.72739362717, 6.16643571854, 13.604133606, 12.8505792618, 15.4184494019, 7.48110723495, 1.22011089325, 0.529779672623, 2.86172795296, 0.661628067493, 0.21261228621, 0.213114634156, 0.0862583369017, 0.0470873229206, 0.0542076714337, 0.0404915474355, 0.0127660399303, 0.00510436529294, 0.00123069155961, 0.000550249358639, 0.000419702701038, 8.33433005027e-05, 4.03465492127e-05, 2.53253856499e-05, 1.60181807587e-05, 1.14568492791e-05, 8.2603564806e-06, 5.90709169046e-06, 4.02510477215e-06, 2.52007021118e-06, 1.33517664835e-06, 3.86140186492e-07, 1.28047304315e-06, 3.01394834423e-06],
        "dmean2": [0.000282212655293, 0.00948475021869, 0.0738186240196, 0.205826058984, 0.127759769559, 1.10813009739, 5.47611188889, 9.86043930054, 19.3002662659, 16.2568149567, 19.9550666809, 9.19495010376, 1.47860360146, 0.664293169975, 3.89765262604, 0.950860381126, 0.281614392996, 0.291398316622, 0.102914489806, 0.0700317621231, 0.090556062758, 0.0590645559132, 0.0183623768389, 0.00828726403415, 0.00185248779599, 0.000891971809324, 0.000656692776829, 0.000133932626341, 6.92056055414e-05, 4.35719084635e-05, 2.81565771729e-05, 2.00346439669e-05, 1.44637497215e-05, 1.01333889688e-05, 6.63241053189e-06, 4.00020735469e-06, 2.05526907848e-06, 6.35797050563e-07, 1.7164112478e-06, 4.06003209719e-06],
        "dvar": [6.62062177526e-07, 0.000921500672121, 0.035086017102, 0.412633389235, 0.306836366653, 12.7668275833, 325.324737549, 956.640991211, 3820.11328125, 5530.44628906, 5135.640625, 1431.86657715, 54.2154006958, 16.1074008942, 2849.92407227, 66.8290176392, 1.07050943375, 3.12097978592, 0.383075684309, 0.0766526460648, 0.308926314116, 0.0485145784914, 0.0103998659179, 0.0020612408407, 4.44281176897e-05, 1.24683192553e-05, 1.36053849928e-05, 3.11855330892e-07, 4.12771576919e-08, 1.67160294495e-08, 2.43059017357e-09, 8.8262019915e-10, 4.51158915782e-10, 2.22492496649e-10, 9.87835091504e-11, 3.9370253585e-11, 1.12424566184e-11, 8.73623547636e-13, 1.76190294993e-11, 9.80908201886e-11],
        "dvar2": [1.72658508291e-06, 0.00199204008095, 0.0695279315114, 0.750010669231, 0.720887303352, 26.7033576965, 598.33013916, 2192.1887207, 7619.26806641, 8098.66552734, 9676.54882812, 2869.59765625, 119.261573792, 41.1471633911, 6695.52539062, 170.006622314, 2.23873090744, 6.91077661514, 0.550619721413, 0.17175193131, 0.863389611244, 0.106774702668, 0.0176038052887, 0.00401512533426, 8.65976981004e-05, 2.53334601439e-05, 3.08570415655e-05, 7.31836564682e-07, 8.48337506909e-08, 3.87697163262e-08, 7.02693947474e-09, 2.64545252371e-09, 1.3585976788e-09, 6.42157049757e-10, 2.62384253213e-10, 9.2040000621e-11, 2.36824570371e-11, 2.25305624851e-12, 3.06821061613e-11, 1.73258546399e-10],
        "max": [0.0140953715891, 0.519099593163, 5.55571603775, 30.0547199249, 17.4788398743, 96.1685333252, 554.048950195, 814.003540039, 1468.05407715, 3345.8347168, 2229.76879883, 1345.92248535, 285.840240479, 139.896759033, 2147.7277832, 315.991333008, 22.0758342743, 64.0037460327, 27.539056778, 6.52351617813, 17.2877998352, 5.83056974411, 3.65545845032, 1.18029248714, 0.13660427928, 0.0801753103733, 0.0972162932158, 0.0131946979091, 0.00488081434742, 0.00394799886271, 0.000994674745016, 0.000531234545633, 0.000409843836678, 0.000303822336718, 0.000215042440686, 0.000140068746987, 7.55982109695e-05, 2.02192732104e-05, 0.000109892127512, 0.000257663574303],
        "mean": [0.000248379423283, 0.00946773868054, 0.157403945923, 0.713699579239, 0.214487195015, 1.6747443676, 12.1627054214, 20.2989711761, 44.5472373962, 48.9383544922, 65.9933395386, 35.8468666077, 4.76435518265, 1.64659261703, 4.95098924637, 1.13191628456, 0.47405654192, 0.522299230099, 0.220267727971, 0.102876000106, 0.0813698992133, 0.0845076292753, 0.0221661664546, 0.00806777179241, 0.0021889207419, 0.000936598342378, 0.000558421656024, 0.000119707838167, 5.85168236285e-05, 3.14716053254e-05, 2.06967961276e-05, 1.67327179952e-05, 1.42342678373e-05, 1.2100676031e-05, 9.98067480396e-06, 7.48784714233e-06, 4.3611739784e-06, 9.71095573732e-07, 5.52426899958e-06, 1.29179834403e-05],
        "median": [2.57507181232e-05, 0.000866112415679, 0.00468121655285, 0.00857034511864, 0.00968131795526, 0.112633794546, 0.823078274727, 1.85790920258, 2.20193791389, 2.60102272034, 2.978079319, 1.89235830307, 0.545978665352, 0.237451821566, 0.0854760929942, 0.0744985789061, 0.0529229678214, 0.0217408686876, 0.0114690233022, 0.00599250011146, 0.0024417899549, 0.00174853787757, 0.000592238502577, 0.000150559295435, 5.67936585867e-05, 2.38480388361e-05, 1.23479348986e-05, 7.88992838352e-06, 6.2662415985e-06, 5.06720880367e-06, 4.63683045382e-06, 4.08114510719e-06, 3.77130891138e-06, 3.23951098835e-06, 2.69506108452e-06, 1.98521001948e-06, 1.14787712846e-06, 2.82745986624e-07, 1.10498535832e-06, 2.60792739937e-06],
        "min": [1.30938369272e-21, 4.53986527752e-21, 1.9783903277e-20, 8.71209885596e-20, 1.43958907818e-19, 2.23521443058e-19, 3.08026266135e-19, 6.70505831994e-19, 4.91789531544e-19, 8.06415949335e-19, 2.91304370612e-18, 1.67953470929e-18, 2.43771553406e-18, 3.68068985525e-18, 5.23656695662e-18, 2.68507169533e-18, 1.22922895755e-18, 1.98422141465e-18, 8.99163854691e-18, 1.19893940264e-17, 8.20728107467e-18, 1.44453743287e-17, 1.33689972848e-17, 1.81988833748e-17, 1.4117484897e-17, 1.83659490432e-17, 2.12034763292e-17, 2.37054214039e-17, 1.75269943418e-17, 2.02104823998e-17, 1.83495857563e-17, 2.02137629981e-17, 1.26700875699e-17, 1.30439566631e-17, 9.60181577038e-18, 4.95522380514e-18, 2.87771689011e-18, 1.24068944154e-18, 2.76121625565e-19, 3.22443209956e-20],
        "stdev": [0.000948873639572, 0.0388732030988, 0.487622886896, 2.4344432354, 0.845236957073, 5.91088104248, 42.4493179321, 54.3803215027, 126.728164673, 184.633087158, 228.125610352, 135.021713257, 14.2579202652, 5.28674793243, 66.0863342285, 9.08148097992, 1.53731012344, 2.54619884491, 1.10901021957, 0.419599920511, 0.533720135689, 0.36315625906, 0.14135581255, 0.0570882372558, 0.00961012393236, 0.00476316781715, 0.00424839649349, 0.000624698586762, 0.000250704702921, 0.000135118752951, 5.28270393261e-05, 3.61989659723e-05, 2.86070553557e-05, 2.32637103181e-05, 1.86212073459e-05, 1.38252917168e-05, 8.0617801359e-06, 1.83476470283e-06, 1.10590362965e-05, 2.58316758845e-05],
        "var": [9.00361158074e-07, 0.00151112582535, 0.237776070833, 5.92651414871, 0.714425563812, 34.9385147095, 1801.94458008, 2957.21948242, 16060.0283203, 34089.3789062, 52041.2929688, 18230.8613281, 203.288284302, 27.9497032166, 4367.40380859, 82.4733047485, 2.363322258, 6.48312854767, 1.22990369797, 0.176064103842, 0.284857213497, 0.131882473826, 0.0199814662337, 0.00325906672515, 9.23544794205e-05, 2.26877655223e-05, 1.8048873244e-05, 3.90248345639e-07, 6.28528482594e-08, 1.82570776275e-08, 2.79069611864e-09, 1.31036514972e-09, 8.18363599109e-10, 5.41200195769e-10, 3.4674937921e-10, 1.9113868821e-10, 6.49923032059e-11, 3.36636165991e-12, 1.22302279415e-10, 6.67275512622e-10]
    },
    "gfcc": {
        "mean": [-382.212585449, 231.892318726, -72.67603302, -89.4592895508, -59.1419525146, -33.5464668274, -33.4201431274, -4.24510574341, 0.804223179817, -4.30583906174, -3.65911722183, -10.7585506439, -6.93783187866],
        "cov": [[13446.4599609, 2277.22241211, -2495.62084961, -536.162902832, 1836.13793945, -891.779968262, 42.8068199158, -145.146362305, 423.375701904, -242.88444519, 458.089691162, -309.983459473, 96.3864364624], [2277.22241211, 1044.87084961, -239.858322144, -198.153366089, 502.505157471, -26.849067688, -87.4900588989, -258.603729248, -50.9177284241, -168.173751831, 3.22168874741, -131.35269165, 64.2342147827], [-2495.62084961, -239.858322144, 1201.92443848, 155.48638916, -656.164672852, 217.56338501, -45.724407196, -157.396087646, -269.169006348, -34.9879722595, -163.623382568, 27.3785762787, 2.40439677238], [-536.162902832, -198.153366089, 155.48638916, 393.943603516, -24.2537841797, 78.269821167, 36.0475959778, 15.5954694748, -148.94317627, -35.8173599243, -120.665351868, -29.9772167206, -66.3312072754], [1836.13793945, 502.505157471, -656.164672852, -24.2537841797, 650.79486084, -50.8515129089, 6.5673418045, -2.90082168579, 95.3694839478, -74.6496963501, 33.3528022766, -96.8786315918, -16.1575202942], [-891.779968262, -26.849067688, 217.56338501, 78.269821167, -50.8515129089, 215.357574463, 38.5423240662, -32.3360862732, -70.0119781494, -11.1500091553, -108.273490906, -52.2325172424, -54.3524169922], [42.8068199158, -87.4900588989, -45.724407196, 36.0475959778, 6.5673418045, 38.5423240662, 133.233856201, 102.28452301, 40.9899787903, 25.7863464355, -10.8842725754, -38.34532547, -51.6659088135], [-145.146362305, -258.603729248, -157.396087646, 15.5954694748, -2.90082168579, -32.3360862732, 102.28452301, 260.580291748, 154.99005127, 37.7890205383, -20.522069931, -1.35955393314, -56.3645553589], [423.375701904, -50.9177284241, -269.169006348, -148.94317627, 95.3694839478, -70.0119781494, 40.9899787903, 154.99005127, 258.594085693, 77.6787719727, 45.2055168152, -14.0124158859, -13.0038862228], [-242.88444519, -168.173751831, -34.9879722595, -35.8173599243, -74.6496963501, -11.1500091553, 25.7863464355, 37.7890205383, 77.6787719727, 141.436981201, 115.160667419, 50.1631965637, -1.33177244663], [458.089691162, 3.22168874741, -163.623382568, -120.665351868, 33.3528022766, -108.273490906, -10.8842725754, -20.522069931, 45.2055168152, 115.160667419, 287.146362305, 148.37411499, 64.596572876], [-309.983459473, -131.35269165, 27.3785762787, -29.9772167206, -96.8786315918, -52.2325172424, -38.34532547, -1.35955393314, -14.0124158859, 50.1631965637, 148.37411499, 172.332321167, 87.7154693604], [96.3864364624, 64.2342147827, 2.40439677238, -66.3312072754, -16.1575202942, -54.3524169922, -51.6659088135, -56.3645553589, -13.0038862228, -1.33177244663, 64.596572876, 87.7154693604, 122.556388855]],
        "icov": [[0.000369840388885, -0.00081902265083, 0.000626208435278, -0.000576698861551, 0.000582799490076, 0.00104427849874, -0.000817531486973, 0.00053578655934, -0.000657835335005, 0.000769053294789, -0.000624167558271, 0.000474051397759, 0.000183969546924], [-0.00081902265083, 0.00691737700254, -0.00319535355084, 0.0039035002701, -0.00597209483385, -0.0016009969404, 0.00111562991515, 0.00150483078323, 0.00203257729299, 0.00131215841975, -0.000502879498526, 0.00306522077881, -0.00283983605914], [0.000626208435278, -0.00319535355084, 0.00564762949944, -0.00371183967218, 0.00758085492998, -0.00223453808576, 0.000337036181008, 0.000934668933041, -0.00257724127732, 0.00471304915845, -0.00370766501874, 0.00271459762007, -0.000568010902498], [-0.000576698861551, 0.0039035002701, -0.00371183967218, 0.00988707691431, -0.00820222403854, 0.0031077011954, -0.00195765844546, -0.000764770666137, 0.00888631865382, -0.00859689153731, 0.00965248793364, -0.00675454735756, 0.00354771967977], [0.000582799490076, -0.00597209483385, 0.00758085492998, -0.00820222403854, 0.0154114877805, -0.00600113533437, 0.00306163239293, -0.000987183768302, -0.00721902493387, 0.011023609899, -0.0110459607095, 0.0083899255842, -0.00253814877942], [0.00104427849874, -0.0016009969404, -0.00223453808576, 0.0031077011954, -0.00600113533437, 0.0178544130176, -0.0107657965273, 0.00667445128784, 0.00248095393181, -0.00940935593098, 0.0134133128449, -0.0119709512219, 0.00906076095998], [-0.000817531486973, 0.00111562991515, 0.000337036181008, -0.00195765844546, 0.00306163239293, -0.0107657965273, 0.0218444429338, -0.0134334936738, 0.00322337890975, 0.00205796677619, -0.0116029949859, 0.015334428288, -0.00684306304902], [0.00053578655934, 0.00150483078323, 0.000934668933041, -0.000764770666137, -0.000987183768302, 0.00667445128784, -0.0134334936738, 0.020778875798, -0.0110082132742, 0.00415315618739, 0.00757429981604, -0.0127978706732, 0.00912526715547], [-0.000657835335005, 0.00203257729299, -0.00257724127732, 0.00888631865382, -0.00721902493387, 0.00248095393181, 0.00322337890975, -0.0110082132742, 0.0205573942512, -0.0161372572184, 0.00807119905949, -0.000276696810033, -0.00129339622799], [0.000769053294789, 0.00131215841975, 0.00471304915845, -0.00859689153731, 0.011023609899, -0.00940935593098, 0.00205796677619, 0.00415315618739, -0.0161372572184, 0.036718338728, -0.0268353726715, 0.0182352978736, -0.00620013894513], [-0.000624167558271, -0.000502879498526, -0.00370766501874, 0.00965248793364, -0.0110459607095, 0.0134133128449, -0.0116029949859, 0.00757429981604, 0.00807119905949, -0.0268353726715, 0.0370845124125, -0.0351638942957, 0.0153215676546], [0.000474051397759, 0.00306522077881, 0.00271459762007, -0.00675454735756, 0.0083899255842, -0.0119709512219, 0.015334428288, -0.0127978706732, -0.000276696810033, 0.0182352978736, -0.0351638942957, 0.0502590090036, -0.0265808738768], [0.000183969546924, -0.00283983605914, -0.000568010902498, 0.00354771967977, -0.00253814877942, 0.00906076095998, -0.00684306304902, 0.00912526715547, -0.00129339622799, -0.00620013894513, 0.0153215676546, -0.0265808738768, 0.027174282819]]
    },
    "melbands": {
        "dmean": [3.50517757397e-06, 1.95534994418e-05, 2.02090031962e-05, 2.33972987189e-05, 0.000109427659481, 0.000147386730532, 0.00018857390387, 0.000151093699969, 0.000137100098073, 3.97676412831e-05, 5.25691075381e-06, 1.83497343187e-06, 7.83735504228e-06, 4.23777692049e-06, 8.97130632893e-07, 3.72318311292e-07, 4.33019863522e-07, 1.66768515442e-07, 7.77562618737e-08, 8.06766280448e-08, 5.40381037695e-08, 4.37415437204e-08, 1.93193390174e-08, 5.82546055838e-09, 4.65069582845e-09, 1.10002817966e-09, 6.74858391392e-10, 2.76858119763e-10, 3.47028877856e-10, 9.21925799591e-11, 3.56472906748e-11, 2.31524278915e-11, 1.70407646327e-11, 1.27606163483e-11, 9.27438854881e-12, 7.6225935286e-12, 6.4265927649e-12, 5.60803356878e-12, 5.02490063448e-12, 4.47900744271e-12],
        "dmean2": [5.61556907996e-06, 2.9782022466e-05, 2.85235546471e-05, 3.58479919669e-05, 0.000161846124684, 0.000230348538025, 0.000270011398243, 0.000191731625819, 0.000172754982486, 4.84600641357e-05, 6.37264929537e-06, 2.19878052121e-06, 1.06694333226e-05, 6.08457230555e-06, 1.20554796013e-06, 4.97978078329e-07, 6.00223188485e-07, 1.95503204736e-07, 1.02870991725e-07, 1.36991687327e-07, 8.99735752569e-08, 6.32997725347e-08, 2.77441696284e-08, 8.46771364138e-09, 7.64477103843e-09, 1.62496116562e-09, 1.06595809957e-09, 4.56775589575e-10, 5.561389127e-10, 1.39540351496e-10, 6.01345154227e-11, 4.03666787496e-11, 2.95456228927e-11, 2.19370424603e-11, 1.6732767949e-11, 1.36966722686e-11, 1.16120290466e-11, 1.02553009487e-11, 9.19671890726e-12, 8.20434432197e-12],
        "dvar": [3.08253061965e-10, 6.02065552968e-09, 7.20892234796e-09, 1.94137861342e-08, 2.38775072603e-07, 4.80082235299e-07, 7.22238496564e-07, 8.68517247454e-07, 4.33977504599e-07, 3.91209837858e-08, 1.30585142699e-09, 7.34667743307e-11, 2.10876951456e-08, 5.30606047988e-09, 2.7573339445e-11, 3.87737064678e-12, 1.59386826654e-11, 1.79467703719e-12, 2.75126357243e-13, 5.47251805504e-13, 4.52339473387e-13, 6.34000637363e-14, 1.21178905126e-14, 2.93766992679e-15, 1.98145972659e-15, 4.85415987051e-17, 1.82378766689e-17, 5.12789362211e-18, 1.02488993112e-17, 8.12481613068e-19, 3.83203503357e-20, 1.60660075358e-20, 6.72983119991e-21, 3.80068650394e-21, 8.94638342613e-22, 4.21780020381e-22, 2.79586870338e-22, 2.17318734319e-22, 1.6991911175e-22, 1.33001822403e-22],
        "dvar2": [7.4111883297e-10, 1.13443716643e-08, 1.3299107593e-08, 4.08197351476e-08, 4.36396675241e-07, 1.07083587864e-06, 1.47459888922e-06, 1.26505449316e-06, 8.15252349184e-07, 7.7435693413e-08, 2.88310619823e-09, 1.68428909708e-10, 5.00550321192e-08, 1.29174129171e-08, 5.10273212573e-11, 8.2678690283e-12, 3.54820929582e-11, 2.42916147267e-12, 4.02579472579e-13, 1.56425241683e-12, 1.25940989408e-12, 1.39945374083e-13, 2.40656985035e-14, 4.94239574261e-15, 3.89808204568e-15, 9.6457623874e-17, 3.74045381994e-17, 1.07576832168e-17, 2.2718846396e-17, 1.94420531174e-18, 9.31174987009e-20, 3.29884959724e-20, 1.47902381529e-20, 9.13080007213e-21, 2.70801181286e-21, 1.30690053529e-21, 8.80606968355e-22, 7.02290678393e-22, 5.5186886345e-22, 4.31644593472e-22],
        "max": [0.000312950694934, 0.00250801909715, 0.00395015906543, 0.00432702247053, 0.0142940776423, 0.0180348977447, 0.0187537223101, 0.0427913181484, 0.0230271983892, 0.00706692226231, 0.00142606627196, 0.000177008318133, 0.00582462083548, 0.00290400418453, 0.000170678409631, 5.02582151967e-05, 0.000144655219628, 6.24726089882e-05, 1.67232010426e-05, 2.20551282837e-05, 2.3126056476e-05, 6.74324883221e-06, 2.69883548754e-06, 1.97543658942e-06, 1.16848912057e-06, 1.55936490387e-07, 9.27783503357e-08, 6.89547974275e-08, 7.92056908949e-08, 2.43669528999e-08, 4.79603778913e-09, 3.22225446325e-09, 2.23482543582e-09, 1.95275307036e-09, 6.40055286549e-10, 3.33727379065e-10, 2.68443406393e-10, 2.35953256933e-10, 2.0625312569e-10, 1.82424589323e-10],
        "mean": [4.39202085545e-06, 7.09952437319e-05, 9.56186413532e-05, 4.90620732307e-05, 0.000347328954376, 0.000493960687891, 0.000657119671814, 0.000535315542948, 0.00061858445406, 0.000191475832253, 1.86559209396e-05, 6.17722207608e-06, 1.35885065902e-05, 7.06718401489e-06, 1.66877077845e-06, 8.11820768831e-07, 1.04840091808e-06, 4.19627156134e-07, 1.95020788851e-07, 1.14953280672e-07, 7.75258968133e-08, 9.11784141522e-08, 3.58010581181e-08, 8.81686723631e-09, 6.85732581829e-09, 1.84886150834e-09, 1.16004883477e-09, 4.11868733563e-10, 4.40442932126e-10, 1.14601064749e-10, 5.07821597273e-11, 3.05487961316e-11, 1.91925000198e-11, 1.25520852393e-11, 8.48667577186e-12, 6.91093319724e-12, 5.89045088747e-12, 5.15636795415e-12, 4.53805959824e-12, 4.14238521956e-12],
        "median": [3.74810952053e-07, 2.30467367146e-06, 1.31739352582e-06, 2.49096251537e-06, 2.90668685921e-05, 3.84970553569e-05, 2.35145962506e-05, 1.86021934496e-05, 1.56335627253e-05, 9.44527710089e-06, 1.41800046549e-06, 6.8609108439e-07, 2.43141556666e-07, 1.7618785364e-07, 1.37031747727e-07, 4.35919673691e-08, 1.87687803077e-08, 1.33117890044e-08, 7.47175121774e-09, 2.97316171682e-09, 1.38346700762e-09, 1.34072908331e-09, 6.5259708748e-10, 1.80581161136e-10, 8.32507673909e-11, 3.43454917284e-11, 1.97599193952e-11, 9.98193454976e-12, 7.0198291624e-12, 4.10900393572e-12, 3.45027717334e-12, 2.80757231699e-12, 2.3341072998e-12, 1.92472123309e-12, 1.7840143425e-12, 1.61815374468e-12, 1.58697816173e-12, 1.58742702143e-12, 1.5546732738e-12, 1.54678776298e-12],
        "min": [1.18087105369e-23, 9.40910294828e-24, 1.71941858396e-23, 1.17694205306e-23, 1.23040031671e-23, 1.40870410165e-23, 7.15941443042e-24, 1.10669667158e-23, 2.33574977164e-23, 8.61254118291e-24, 1.31430869019e-23, 1.60089239072e-23, 1.46327765684e-23, 1.30331891114e-23, 4.50952178697e-24, 2.30322614092e-24, 3.37913144145e-24, 1.06045948289e-23, 2.30594581778e-23, 1.23660762652e-23, 7.87581767263e-24, 1.40852471468e-23, 1.27054481709e-23, 1.18171197941e-23, 1.53929197813e-23, 1.16568982e-23, 8.58287764629e-24, 1.39295102269e-23, 1.18753377289e-23, 1.51046100531e-23, 1.29341925899e-23, 1.04287963873e-23, 7.20746079271e-24, 1.39565239797e-23, 1.00550001694e-23, 1.08782025564e-23, 1.40749714446e-23, 9.16841833066e-24, 7.59774341468e-24, 1.26259199476e-23],
        "stdev": [2.07409066206e-05, 0.000218802917516, 0.000321855943184, 0.000213712497498, 0.00113812845666, 0.00127950136084, 0.00181096012238, 0.00223532831296, 0.00229781423695, 0.000713586749043, 6.80681332597e-05, 1.70167295437e-05, 0.000177079826244, 8.65044712555e-05, 7.9388373706e-06, 2.9250040825e-06, 5.68085170016e-06, 2.45023943535e-06, 1.04329967598e-06, 7.3942965173e-07, 6.37419930172e-07, 4.14570251905e-07, 1.66891553022e-07, 7.31297049583e-08, 5.5334425042e-08, 1.02224388954e-08, 6.32597663142e-09, 2.68618594035e-09, 3.58539731238e-09, 9.78677139329e-10, 2.33863678423e-10, 1.52867996039e-10, 9.02074664966e-11, 6.11649550453e-11, 2.65823422302e-11, 1.91114814946e-11, 1.53690515176e-11, 1.30236958371e-11, 1.1257273759e-11, 9.94640047408e-12],
