{
"lowlevel": {
    "average_loudness": 0.981188237667,
    "barkbands_crest": {
        "dmean": 2.23948121071,
        "dmean2": 3.75041723251,
        "dvar": 4.16308307648,
        "dvar2": 11.8984861374,
        "max": 18.4649562836,
        "mean": 7.08935689926,
        "median": 6.63434410095,
        "min": 2.05767560005,
        "stdev": 2.56565976143,
        "var": 6.58260965347
    },
    "barkbands_flatness_db": {
        "dmean": 0.0158311147243,
        "dmean2": 0.0242480244488,
        "dvar": 0.000206848446396,
        "dvar2": 0.000474604254123,
        "max": 0.237016603351,
        "mean": 0.0928177312016,
        "median": 0.0903679952025,
        "min": 0.0247717667371,
        "stdev": 0.0294576250017,
        "var": 0.000867751659825
    },
    "barkbands_kurtosis": {
        "dmean": 1.31006348133,
        "dmean2": 2.09614658356,
        "dvar": 2.27552580833,
        "dvar2": 5.30504226685,
        "max": 16.7741184235,
        "mean": 1.17850911617,
        "median": 0.630423545837,
        "min": -1.81664991379,
        "stdev": 2.04728245735,
        "var": 4.191365242
    },
    "barkbands_skewness": {
        "dmean": 0.394415318966,
        "dmean2": 0.628929197788,
        "dvar": 0.140372768044,
        "dvar2": 0.337760597467,
        "max": 3.51892495155,
        "mean": 1.1002651453,
        "median": 1.02871751785,
        "min": -0.20406010747,
        "stdev": 0.560339868069,
        "var": 0.31398075819
    },
    "barkbands_spread": {
        "dmean": 5.36723279953,
        "dmean2": 8.23408889771,
        "dvar": 38.1809158325,
        "dvar2": 72.7811737061,
        "max": 78.0141296387,
        "mean": 24.8347358704,
        "median": 22.9336090088,
        "min": 3.37424302101,
        "stdev": 10.4054288864,
        "var": 108.272941589
    },
    "dissonance": {
        "dmean": 0.0167569518089,
        "dmean2": 0.0284971036017,
        "dvar": 0.000225060823141,
        "dvar2": 0.000611025549006,
        "max": 0.500000119209,
        "mean": 0.473202705383,
        "median": 0.477359205484,
        "min": 0.373344272375,
        "stdev": 0.0192512664944,
        "var": 0.000370611291146
    },
    "dynamic_complexity": 1.21085262299,
    "erbbands_crest": {
        "dmean": 2.43266487122,
        "dmean2": 3.97615790367,
        "dvar": 5.60259723663,
        "dvar2": 13.9380083084,
        "max": 25.7151145935,
        "mean": 7.69987010956,
        "median": 6.82808160782,
        "min": 2.59013009071,
        "stdev": 3.48305130005,
        "var": 12.1316461563
    },
    "erbbands_flatness_db": {
        "dmean": 0.0137123698369,
        "dmean2": 0.0199305657297,
        "dvar": 0.000156742637046,
        "dvar2": 0.000337578268955,
        "max": 0.257808566093,
        "mean": 0.141327440739,
        "median": 0.142210379243,
        "min": 0.0651986524463,
        "stdev": 0.0289569757879,
        "var": 0.00083850644296
    },
    "erbbands_kurtosis": {
        "dmean": 0.579037427902,
        "dmean2": 0.923456132412,
        "dvar": 0.623046815395,
        "dvar2": 1.50991475582,
        "max": 15.6524753571,
        "mean": -0.046818241477,
        "median": -0.297013998032,
        "min": -1.62801086903,
        "stdev": 1.08151829243,
        "var": 1.16968178749
    },
    "erbbands_skewness": {
        "dmean": 0.326362609863,
        "dmean2": 0.5109821558,
        "dvar": 0.085307508707,
        "dvar2": 0.194846242666,
        "max": 2.80362272263,
        "mean": 0.349212765694,
        "median": 0.339098095894,
        "min": -1.35334634781,
        "stdev": 0.49222189188,
        "var": 0.242282405496
    },
    "erbbands_spread": {
        "dmean": 6.95654821396,
        "dmean2": 10.6076259613,
        "dvar": 53.0635795593,
        "dvar2": 107.190628052,
        "max": 99.7227325439,
        "mean": 37.4551811218,
        "median": 34.9366950989,
        "min": 7.66401863098,
        "stdev": 13.7160291672,
        "var": 188.129455566
    },
    "hfc": {
        "dmean": 7.97533178329,
        "dmean2": 10.8202133179,
        "dvar": 73.6321258545,
        "dvar2": 140.737045288,
        "max": 102.272994995,
        "mean": 29.0900344849,
        "median": 27.8160476685,
        "min": 3.50960564613,
        "stdev": 15.2009153366,
        "var": 231.067825317
    },
    "loudness_ebu128": {
        "integrated": -16.7561511993,
        "loudness_range": 1.30005455017,
        "momentary": {
            "dmean": 0.366571575403,
            "dmean2": 0.454443007708,
            "dvar": 0.0761110931635,
            "dvar2": 0.120780594647,
            "max": -15.2181119919,
            "mean": -16.8212985992,
            "median": -16.6870040894,
            "min": -19.4929676056,
            "stdev": 0.768490552902,
            "var": 0.590577721596
        },
        "short_term": {
            "dmean": 0.0375328026712,
            "dmean2": 0.0462532378733,
            "dvar": 0.000851935357787,
            "dvar2": 0.00148259103298,
            "max": -16.1720714569,
            "mean": -16.8036556244,
            "median": -16.6440696716,
            "min": -17.7964859009,
            "stdev": 0.435861200094,
            "var": 0.189974978566
        }
    },
    "melbands_crest": {
        "dmean": 2.68661427498,
        "dmean2": 4.53977823257,
        "dvar": 5.64870643616,
        "dvar2": 15.724193573,
        "max": 24.5587234497,
        "mean": 9.79532241821,
        "median": 9.28447151184,
        "min": 3.8983130455,
        "stdev": 3.05887627602,
        "var": 9.35672473907
    },
    "melbands_flatness_db": {
        "dmean": 0.0215957202017,
        "dmean2": 0.0331286117435,
        "dvar": 0.000406581297284,
        "dvar2": 0.000925221480429,
        "max": 0.355293869972,
        "mean": 0.152414262295,
        "median": 0.14821356535,
        "min": 0.0555248260498,
        "stdev": 0.0391295962036,
        "var": 0.00153112539556
    },
    "melbands_kurtosis": {
        "dmean": 3.04227972031,
        "dmean2": 4.90366983414,
        "dvar": 12.7544183731,
        "dvar2": 30.8363666534,
        "max": 38.0601921082,
        "mean": 5.62641239166,
        "median": 4.29182577133,
        "min": -0.715721607208,
        "stdev": 4.77399301529,
        "var": 22.791009903
    },
    "melbands_skewness": {
        "dmean": 0.515700042248,
        "dmean2": 0.820651113987,
        "dvar": 0.242773115635,
        "dvar2": 0.599086761475,
        "max": 5.36773252487,
        "mean": 1.90616726875,
        "median": 1.80553913116,
        "min": 0.120109416544,
        "stdev": 0.773566186428,
        "var": 0.59840464592
    },
    "melbands_spread": {
        "dmean": 7.02905416489,
        "dmean2": 11.1169214249,
        "dvar": 55.2017173767,
        "dvar2": 124.978042603,
        "max": 95.191947937,
        "mean": 27.2716331482,
        "median": 26.256061554,
        "min": 4.57502174377,
        "stdev": 10.9928760529,
        "var": 120.843330383
    },
    "pitch_salience": {
        "dmean": 0.0627237856388,
        "dmean2": 0.102754801512,
        "dvar": 0.00275362608954,
        "dvar2": 0.00743610458449,
        "max": 0.863192021847,
        "mean": 0.626066088676,
        "median": 0.627539873123,
        "min": 0.335530221462,
        "stdev": 0.0784395188093,
        "var": 0.00615275790915
    },
    "silence_rate_20dB": {
        "dmean": 0,
        "dmean2": 0,
        "dvar": 0,
        "dvar2": 0,
        "max": 1,
        "mean": 1,
        "median": 1,
        "min": 1,
        "stdev": 0,
        "var": 0
    },
    "silence_rate_30dB": {
        "dmean": 0,
        "dmean2": 0,
        "dvar": 0,
        "dvar2": 0,
        "max": 1,
        "mean": 1,
        "median": 1,
        "min": 1,
        "stdev": 0,
        "var": 0
    },
    "silence_rate_60dB": {
        "dmean": 0,
        "dmean2": 0,
        "dvar": 0,
        "dvar2": 0,
        "max": 0,
        "mean": 0,
        "median": 0,
        "min": 0,
        "stdev": 0,
        "var": 0
    },
    "spectral_centroid": {
        "dmean": 251.595245361,
        "dmean2": 389.598114014,
        "dvar": 61105.890625,
        "dvar2": 129529.382812,
        "max": 3424.890625,
        "mean": 1389.93762207,
        "median": 1361.79394531,
        "min": 355.09979248,
        "stdev": 425.682434082,
        "var": 181205.53125
    },
    "spectral_complexity": {
        "dmean": 5.03715181351,
        "dmean2": 6.79607629776,
        "dvar": 18.7385406494,
        "dvar2": 33.959941864,
        "max": 55,
        "mean": 28.1320266724,
        "median": 28,
        "min": 5,
        "stdev": 8.0028924942,
        "var": 64.0462875366
    },
    "spectral_decrease": {
        "dmean": 2.51749088243e-09,
        "dmean2": 3.83732734477e-09,
        "dvar": 8.53565771578e-18,
        "dvar2": 2.03384852909e-17,
        "max": -8.95941210111e-10,
        "mean": -7.63563257067e-09,
        "median": -6.92183599327e-09,
        "min": -2.74814446755e-08,
        "stdev": 3.71295505452e-09,
        "var": 1.37860344527e-17
    },
    "spectral_energy": {
        "dmean": 0.0100081190467,
        "dmean2": 0.0150859439746,
        "dvar": 0.000130076325149,
        "dvar2": 0.000306307891151,
        "max": 0.109369941056,
        "mean": 0.0314572118223,
        "median": 0.0288748759776,
        "min": 0.00372131122276,
        "stdev": 0.0148793915287,
        "var": 0.000221396287088
    },
    "spectral_energyband_high": {
        "dmean": 0.000501092523336,
        "dmean2": 0.000704712700099,
        "dvar": 1.07287246465e-06,
        "dvar2": 2.25199028137e-06,
        "max": 0.014680554159,
        "mean": 0.00131584831979,
        "median": 0.000880600186065,
        "min": 4.35880929217e-06,
        "stdev": 0.00147395313252,
        "var": 2.17253773371e-06
    },
    "spectral_energyband_low": {
        "dmean": 0.00363092264161,
        "dmean2": 0.00601792149246,
        "dvar": 3.65316846e-05,
        "dvar2": 9.52918489929e-05,
        "max": 0.0571152716875,
        "mean": 0.00647121760994,
        "median": 0.00476363673806,
        "min": 0.000184027972864,
        "stdev": 0.00627743965015,
        "var": 3.94062481064e-05
    },
    "spectral_energyband_middle_high": {
        "dmean": 0.00287977023982,
        "dmean2": 0.00403625331819,
        "dvar": 8.27337407827e-06,
        "dvar2": 1.70192088262e-05,
        "max": 0.0377514399588,
        "mean": 0.00831412896514,
        "median": 0.00742893060669,
        "min": 0.000145316211274,
        "stdev": 0.00527317682281,
        "var": 2.78063944279e-05
    },
    "spectral_energyband_middle_low": {
        "dmean": 0.00729782506824,
        "dmean2": 0.0116148861125,
        "dvar": 9.59731405601e-05,
        "dvar2": 0.000240759545704,
        "max": 0.0883680954576,
        "mean": 0.01725564152,
        "median": 0.0144265061244,
        "min": 0.00179866119288,
        "stdev": 0.0111679546535,
        "var": 0.000124723213958
    },
    "spectral_entropy": {
        "dmean": 0.117701284587,
        "dmean2": 0.170321270823,
        "dvar": 0.0148057164624,
        "dvar2": 0.0280738472939,
        "max": 8.52199554443,
        "mean": 7.75277471542,
        "median": 7.75866556168,
        "min": 6.5379652977,
        "stdev": 0.264298021793,
        "var": 0.0698534473777
    },
    "spectral_flux": {
        "dmean": 0.0266470108181,
        "dmean2": 0.0377209559083,
        "dvar": 0.000590677605942,
        "dvar2": 0.00117142987438,
        "max": 0.253809541464,
        "mean": 0.101239971817,
        "median": 0.0957548320293,
        "min": 0.0283410400152,
        "stdev": 0.0389296896756,
        "var": 0.00151552073658
    },
    "spectral_kurtosis": {
        "dmean": 1.1214081049,
        "dmean2": 1.76686096191,
        "dvar": 1.48627328873,
        "dvar2": 3.55183887482,
        "max": 24.6477088928,
        "mean": 4.03699827194,
        "median": 3.71291780472,
        "min": -0.585872888565,
        "stdev": 2.186866045,
        "var": 4.78238296509
    },
    "spectral_rms": {
        "dmean": 0.000834898790345,
        "dmean2": 0.00122339418158,
        "dvar": 6.82484539993e-07,
        "dvar2": 1.51699111939e-06,
        "max": 0.0103296842426,
        "mean": 0.00539987068623,
        "median": 0.00530759943649,
        "min": 0.00190539960749,
        "stdev": 0.00123746623285,
        "var": 1.53132259584e-06
    },
    "spectral_rolloff": {
        "dmean": 546.853088379,
        "dmean2": 901.471679688,
        "dvar": 756616.375,
        "dvar2": 1501954.75,
        "max": 10034.4726562,
        "mean": 1711.26269531,
        "median": 1550.390625,
        "min": 258.3984375,
        "stdev": 1194.30957031,
        "var": 1426375.25
    },
    "spectral_skewness": {
        "dmean": 0.167110219598,
        "dmean2": 0.257402598858,
        "dvar": 0.0293037779629,
        "dvar2": 0.0606965795159,
        "max": 3.56044578552,
        "mean": 1.51826059818,
        "median": 1.50860226154,
        "min": 0.272920846939,
        "stdev": 0.34245455265,
        "var": 0.117275118828
    },
    "spectral_spread": {
        "dmean": 513353.34375,
        "dmean2": 723903.25,
        "dvar": 461995507712,
        "dvar2": 805391761408,
        "max": 13773968,
        "mean": 4635569,
        "median": 4367378,
        "min": 2025352.5,
        "stdev": 1336159.75,
        "var": 1.78532293018e+12
    },
    "spectral_strongpeak": {
        "dmean": 0.637433826923,
        "dmean2": 1.07288551331,
        "dvar": 0.569467306137,
        "dvar2": 1.38075113297,
        "max": 9.10827541351,
        "mean": 1.07367062569,
        "median": 0.613173365593,
        "min": 0.0419140607119,
        "stdev": 1.05779016018,
        "var": 1.11892008781
    },
    "zerocrossingrate": {
        "dmean": 0.0101626999676,
        "dmean2": 0.0118894092739,
        "dvar": 0.000133663852466,
        "dvar2": 0.000157010363182,
        "max": 0.234375,
        "mean": 0.0677469447255,
        "median": 0.06201171875,
        "min": 0.0146484375,
        "stdev": 0.0273850001395,
        "var": 0.000749938189983
    },
    "barkbands": {
        "dmean": [6.00162056799e-05, 0.00136085553095, 0.00208002282307, 0.00170068664011, 0.00366924982518, 0.00143057934474, 0.000972415378783, 0.00176783418283, 0.00127256289124, 0.00134102802258, 0.00073277001502, 0.000525144685525, 0.000401262077503, 0.00056590262102, 0.000585669244174, 0.000501914066263, 0.000311082694679, 0.000213649807847, 0.000154084118549, 0.000208306475542, 0.000159260933287, 8.41190776555e-05, 9.59205135587e-05, 8.67586859385e-05, 6.51916489005e-05, 2.84731431748e-05, 4.01951319873e-06],
        "dmean2": [9.96641028905e-05, 0.00232293689623, 0.00344552891329, 0.00292815943249, 0.0061656171456, 0.00244934088551, 0.0016370867379, 0.00284249079414, 0.00204235571437, 0.00205273926258, 0.00114270613994, 0.000850101176184, 0.00064467836637, 0.00089817942353, 0.000895194418263, 0.000802395283245, 0.000492662366014, 0.000335246877512, 0.000241347996052, 0.000316211255267, 0.000251562392805, 0.000125694583403, 0.000143793105963, 0.00012860406423, 9.62456178968e-05, 4.16848306486e-05, 6.33479839962e-06],
        "dvar": [1.07662998516e-08, 8.22487072583e-06, 8.51533150126e-06, 6.10193865214e-06, 4.6099852625e-05, 4.64984805149e-06, 2.59971238847e-06, 7.43377358958e-06, 4.3039076445e-06, 3.66805375052e-06, 1.36228686642e-06, 8.28901875138e-07, 3.90191416955e-07, 7.45493878185e-07, 6.81365918354e-07, 3.97439691824e-07, 1.3975022739e-07, 6.30120595702e-08, 3.82344964578e-08, 1.4309595997e-07, 1.17350928974e-07, 4.01262987282e-08, 6.23013178824e-08, 4.19561949627e-08, 3.73117572394e-08, 4.92375296091e-09, 1.52387491514e-10],
        "dvar2": [2.55313210573e-08, 2.04808420676e-05, 2.33323225984e-05, 1.67684229382e-05, 0.000122271550936, 1.26234881463e-05, 6.74175271342e-06, 1.72571071744e-05, 1.05198878373e-05, 8.50179458212e-06, 2.95563427244e-06, 2.16684838961e-06, 9.85246742857e-07, 1.80529457339e-06, 1.53467340169e-06, 9.86703525996e-07, 3.38269870781e-07, 1.49376063519e-07, 9.0023540622e-08, 3.39560955354e-07, 3.03073733221e-07, 8.32318747257e-08, 1.294104095e-07, 8.39133917907e-08, 6.58504220041e-08, 1.00577004503e-08, 3.80198206251e-10],
        "max": [0.00138924038038, 0.0301694944501, 0.0331236124039, 0.0165699813515, 0.0643871799111, 0.0200161095709, 0.0188645757735, 0.0346096083522, 0.020373692736, 0.0211658142507, 0.0285471770912, 0.0125924367458, 0.0103248497471, 0.0157376006246, 0.0123754832894, 0.005769030191, 0.00352454069071, 0.00270717055537, 0.00203937175684, 0.00856264866889, 0.00661071902141, 0.00359514751472, 0.0034760478884, 0.00379267847165, 0.00375327561051, 0.00127619842533, 0.000237817890593],
        "mean": [6.56956763123e-05, 0.00169609172735, 0.00340304942802, 0.00221908325329, 0.00506229838356, 0.00211836700328, 0.00156971719116, 0.00317681627348, 0.00193733209744, 0.00202008918859, 0.00134883553255, 0.000839428568725, 0.000619678234216, 0.000894510245416, 0.000985649647191, 0.000791034137364, 0.00051114714006, 0.000392742280383, 0.000288793205982, 0.000464967772132, 0.000321549741784, 0.000181201976375, 0.000195526896277, 0.000174360102392, 0.000118209049106, 5.55750630156e-05, 5.4512074712e-06],
        "median": [2.66687438852e-05, 0.00083551555872, 0.0025830953382, 0.00144393951632, 0.00333581725135, 0.00141831312794, 0.000957756186835, 0.00158527563326, 0.000934154377319, 0.00126032566186, 0.000729208637495, 0.0004694131203, 0.000384819577448, 0.000473662948934, 0.000539597240277, 0.000532626232598, 0.000389773544157, 0.000301319349092, 0.000218747998588, 0.000312356161885, 0.00018948604702, 0.000102432451968, 0.000100221164757, 8.74752149684e-05, 4.241860006e-05, 1.4414054931e-05, 6.66702760554e-07],
        "min": [8.52114965255e-08, 6.94740037943e-06, 4.07684856327e-05, 2.10000653169e-05, 4.02682926506e-05, 7.65423828852e-05, 3.28318055836e-05, 2.63598140009e-05, 5.40485198144e-05, 1.61289590324e-05, 7.92719129095e-06, 4.95639915243e-06, 5.14631665283e-06, 1.34419087772e-05, 8.31578472571e-06, 6.46138505545e-06, 4.87389161208e-06, 5.3209246289e-06, 5.58421470487e-06, 5.22022628502e-06, 1.45832257203e-06, 2.6778695883e-07, 1.91295313812e-07, 1.55834101179e-07, 1.47477138057e-07, 4.49614105946e-08, 1.00464287497e-12],
        "stdev": [0.000112936613732, 0.00289178453386, 0.00312377256341, 0.00238455180079, 0.00645505730063, 0.00217359466478, 0.00184252555482, 0.00389959733002, 0.00265596038662, 0.00240389723331, 0.00201449496672, 0.00122790411115, 0.000751952349674, 0.00126936065499, 0.00120594887994, 0.000801876769401, 0.000452839565696, 0.000327391637256, 0.000252682133578, 0.000521854031831, 0.000413832836784, 0.000276910956018, 0.000320943974657, 0.000280527281575, 0.000293803896056, 0.000114452748676, 1.49555635289e-05],
        "var": [1.27546790907e-08, 8.36241815705e-06, 9.7579550129e-06, 5.68608675167e-06, 4.166776489e-05, 4.72451392852e-06, 3.39490043189e-06, 1.5206858734e-05, 7.05412548996e-06, 5.77872197027e-06, 4.05819037042e-06, 1.50774860685e-06, 5.65432344501e-07, 1.61127650244e-06, 1.45431272358e-06, 6.43006387691e-07, 2.05063670933e-07, 1.07185286424e-07, 6.38482546833e-08, 2.72331647011e-07, 1.71257610759e-07, 7.66796830476e-08, 1.03005028507e-07, 7.86955638432e-08, 8.63207247903e-08, 1.30994317615e-08, 2.23668888966e-10]
    },
    "erbbands": {
        "dmean": [0.0315505564213, 0.34876871109, 1.75648736954, 4.44431447983, 11.0937099457, 11.7205095291, 10.2762451172, 12.2367296219, 13.056219101, 28.1256656647, 32.0535049438, 28.715007782, 45.7776451111, 28.2937259674, 26.6752185822, 21.3490200043, 17.8520908356, 28.1367034912, 24.313949585, 30.1997528076, 23.6135082245, 16.1342067719, 11.9625082016, 9.72610282898, 6.33105659485, 9.87372684479, 8.05031681061, 4.90279865265, 3.1315882206, 3.0957698822, 2.66319441795, 1.95604741573, 1.49286150932, 0.957232236862, 0.34902793169, 0.12397608906, 0.0576557256281, 0.0121095376089, 0.000402599951485, 1.80044880835e-05],
        "dmean2": [0.0535479336977, 0.601807713509, 2.95534491539, 7.48214435577, 19.0069274902, 19.7854156494, 17.6091518402, 20.7516937256, 21.6351623535, 45.2247200012, 51.3040847778, 45.9603424072, 70.950668335, 42.5430259705, 42.3592033386, 34.9350852966, 28.3098926544, 44.0929718018, 36.7137947083, 47.3121643066, 36.8575782776, 24.8346862793, 18.6991214752, 15.0043668747, 9.91085624695, 14.9580411911, 12.3323087692, 7.72471141815, 4.72009515762, 4.78185749054, 3.89050197601, 2.96081900597, 2.23949146271, 1.41343402863, 0.525586009026, 0.182485863566, 0.0846273973584, 0.0186103247106, 0.000623231055215, 2.62414596364e-05],
        "dvar": [0.00337389972992, 0.575165390968, 7.52692317963, 36.8929481506, 703.232421875, 254.719528198, 208.505767822, 341.735198975, 374.342102051, 2099.47167969, 3482.75170898, 2121.31054688, 4802.4921875, 2526.47607422, 1876.27453613, 1522.06689453, 672.07623291, 2045.22998047, 1144.49621582, 1740.08605957, 754.951965332, 359.443756104, 199.691375732, 151.510345459, 73.6651687622, 295.090148926, 498.675262451, 86.9326934814, 60.7259483337, 46.4658279419, 51.6572608948, 24.5862979889, 14.3308410645, 8.44291877747, 0.975388884544, 0.0952690541744, 0.0224289223552, 0.00123206456192, 1.37714448556e-06, 6.73093636383e-10],
        "dvar2": [0.00806675665081, 1.47019922733, 20.6457614899, 99.2726745605, 1872.89868164, 681.859741211, 562.539123535, 918.132568359, 981.696289062, 5169.23925781, 8334.578125, 5441.27246094, 11300.1025391, 5536.17773438, 4493.50244141, 4112.75878906, 1722.19689941, 4824.80322266, 2633.1171875, 4230.98583984, 1835.72424316, 848.34588623, 496.593933105, 355.321960449, 170.04637146, 706.739746094, 1297.75354004, 198.682815552, 132.70652771, 101.75402832, 103.813613892, 53.4741821289, 29.7990570068, 15.3795919418, 1.79686570168, 0.198886677623, 0.0472589917481, 0.00281829899177, 3.33989055434e-06, 1.38497491253e-09],
        "max": [0.587056875229, 7.42043161392, 29.5509319305, 60.5873374939, 235.086807251, 152.007553101, 145.395797729, 194.469985962, 248.32081604, 482.247039795, 813.567993164, 500.561859131, 1018.81658936, 704.123840332, 990.09765625, 560.514526367, 396.729064941, 922.871826172, 478.074890137, 587.639404297, 288.160308838, 183.999679565, 163.534957886, 133.896316528, 166.56111145, 379.907470703, 487.406738281, 152.89225769, 145.628753662, 100.618057251, 109.508796692, 87.4343719482, 54.5159034729, 52.7626876831, 18.5648422241, 5.98357439041, 2.94580197334, 0.643889546394, 0.0210886783898, 0.000480237737065],
        "mean": [0.0405169427395, 0.439729839563, 2.77756023407, 7.28200626373, 11.7599430084, 16.2544612885, 16.7626132965, 18.399684906, 22.1034240723, 53.0481376648, 54.9428100586, 45.4060173035, 68.3899154663, 51.0287437439, 48.4190177917, 37.1029434204, 31.4739837646, 47.1574745178, 42.2545967102, 53.0250816345, 40.9881248474, 28.3144187927, 22.5889892578, 17.4551544189, 14.3664522171, 22.2991161346, 16.8924942017, 10.0401601791, 6.7582244873, 6.60492563248, 5.29000806808, 3.85627269745, 2.79795503616, 1.64519059658, 0.647276341915, 0.245720073581, 0.106504969299, 0.0210881587118, 0.000625813321676, 5.43759160792e-05],
        "median": [0.0217535477132, 0.225403413177, 2.02632761002, 5.70672273636, 5.21753025055, 11.7215414047, 13.0255403519, 12.0303068161, 14.4883852005, 27.5864715576, 27.7017021179, 24.0055885315, 41.9889831543, 27.4113044739, 30.2274417877, 22.4596118927, 21.5198802948, 26.3424339294, 25.9330120087, 32.3322257996, 30.2485218048, 21.8826313019, 17.7537021637, 13.0570087433, 10.9398336411, 14.93201828, 10.1280632019, 5.66933917999, 3.69786286354, 3.50623011589, 2.65094017982, 1.8855547905, 1.38511252403, 0.604539394379, 0.224017709494, 0.0808002054691, 0.0241021905094, 0.00355539587326, 0.000112059162348, 4.37846283603e-05],
        "min": [0.000528260483406, 0.00776576763019, 0.0515105091035, 0.186876013875, 0.201998651028, 0.248137950897, 0.684440433979, 1.06570696831, 0.690694451332, 1.16695272923, 0.727981626987, 2.04049563408, 1.22943294048, 0.49573802948, 0.235181823373, 0.269165098667, 0.27215218544, 0.575125992298, 0.525600910187, 0.350515753031, 0.309440910816, 0.28867661953, 0.277813583612, 0.322867125273, 0.327022135258, 0.250517368317, 0.0766213536263, 0.0398631989956, 0.0112892817706, 0.00733823003247, 0.00598702393472, 0.00261407950893, 0.00390665791929, 0.00208214693703, 0.00108144525439, 0.000254476355622, 9.8111864645e-05, 2.52682821156e-05, 6.53959477859e-06, 7.41058147469e-06],
        "stdev": [0.062220659107, 0.734045863152, 2.78295087814, 6.21424913406, 23.4998226166, 16.6819629669, 14.862578392, 19.0625209808, 22.7978343964, 66.0198745728, 77.8014373779, 57.2064094543, 82.2956161499, 74.0397949219, 68.0409011841, 52.3645210266, 32.8293685913, 68.8476867676, 47.7812995911, 62.0705680847, 36.6202888489, 23.5360450745, 18.2545833588, 15.5255422592, 12.7404279709, 24.3527450562, 25.2464847565, 13.5444278717, 10.4868202209, 9.62196731567, 9.17551803589, 6.33211231232, 4.97395706177, 4.28149080276, 1.49609363079, 0.478497117758, 0.236810520291, 0.0501608811319, 0.00154275889508, 4.12986119045e-05],
        "var": [0.00387141038664, 0.538823306561, 7.74481534958, 38.6168899536, 552.241638184, 278.287902832, 220.896224976, 363.379699707, 519.741271973, 4358.62402344, 6053.06396484, 3272.57348633, 6772.56884766, 5481.89111328, 4629.56396484, 2742.04321289, 1077.76745605, 4740.00390625, 2283.05249023, 3852.75561523, 1341.0456543, 553.94543457, 333.229797363, 241.042449951, 162.318511963, 593.056152344, 637.38494873, 183.451538086, 109.973396301, 92.5822601318, 84.1901321411, 40.0956459045, 24.7402496338, 18.3311653137, 2.23829627037, 0.22895950079, 0.0560792200267, 0.00251611415297, 2.38010488829e-06, 1.70557545864e-09]
    },
    "gfcc": {
        "mean": [51.5223770142, 88.7134857178, -123.700401306, 25.1703205109, -64.5690383911, 12.2645626068, -41.3485336304, 9.51789665222, -26.6521759033, 1.06476712227, -22.804731369, -3.81360244751, -12.2383470535],
        "cov": [[1192.04333496, -633.049865723, 1.96707737446, -5.613468647, -87.4057693481, 117.900749207, -49.8552017212, -4.49665546417, -42.6988754272, 17.3032016754, -74.8728408813, 44.5317192078, -38.6763076782], [-633.049865723, 728.963012695, -189.192382812, 7.30442523956, 157.135345459, -108.024307251, 62.2962799072, 7.0014257431, 68.0535583496, -37.5630531311, 70.8196258545, -99.4398727417, 49.5528831482], [1.96707737446, -189.192382812, 358.670806885, -22.7689189911, -35.0337257385, 17.8140144348, -24.0390052795, -3.49663805962, -40.2550544739, 19.3071975708, -38.402381897, 69.3051223755, -51.5724830627], [-5.613468647, 7.30442523956, -22.7689189911, 169.508789062, -50.2139015198, 3.50372004509, 5.22357463837, 1.71235704422, 27.1546077728, -17.2343845367, 10.9722108841, -23.8863391876, 19.036901474], [-87.4057693481, 157.135345459, -35.0337257385, -50.2139015198, 198.647109985, -22.5214004517, 21.7460823059, 8.26822090149, -5.92865800858, 4.22382497787, -6.80646657944, 13.7688961029, 3.62428236008], [117.900749207, -108.024307251, 17.8140144348, 3.50372004509, -22.5214004517, 130.581237793, 43.0494003296, 1.07136106491, -13.6016864777, 7.78210115433, 8.81601715088, 5.3533987999, 3.93072342873], [-49.8552017212, 62.2962799072, -24.0390052795, 5.22357463837, 21.7460823059, 43.0494003296, 110.125137329, 6.35630893707, -1.57505369186, 3.71531319618, 14.0034217834, -0.0478552319109, -5.55542230606], [-4.49665546417, 7.0014257431, -3.49663805962, 1.71235704422, 8.26822090149, 1.07136106491, 6.35630893707, 73.8614807129, 33.7018547058, 3.50300145149, 2.95809173584, -7.68561124802, 14.999127388], [-42.6988754272, 68.0535583496, -40.2550544739, 27.1546077728, -5.92865800858, -13.6016864777, -1.57505369186, 33.7018547058, 93.457244873, 2.06493592262, 5.88654327393, -13.4684448242, -1.19914352894], [17.3032016754, -37.5630531311, 19.3071975708, -17.2343845367, 4.22382497787, 7.78210115433, 3.71531319618, 3.50300145149, 2.06493592262, 51.06092453, 13.2051458359, 10.4183216095, -1.2549996376], [-74.8728408813, 70.8196258545, -38.402381897, 10.9722108841, -6.80646657944, 8.81601715088, 14.0034217834, 2.95809173584, 5.88654327393, 13.2051458359, 68.7796630859, -3.02688646317, 8.00078105927], [44.5317192078, -99.4398727417, 69.3051223755, -23.8863391876, 13.7688961029, 5.3533987999, -0.0478552319109, -7.68561124802, -13.4684448242, 10.4183216095, -3.02688646317, 88.1321411133, -12.6502685547], [-38.6763076782, 49.5528831482, -51.5724830627, 19.036901474, 3.62428236008, 3.93072342873, -5.55542230606, 14.999127388, -1.19914352894, -1.2549996376, 8.00078105927, -12.6502685547, 68.8805389404]],
        "icov": [[0.00195067527238, 0.00214317953214, 0.000947266060393, 9.04111129785e-06, -0.000817076070234, -0.000444288016297, 0.000164763478097, 0.000166657860973, -0.000342860090313, 0.000448054604931, 0.000309968367219, 0.000825368973892, 0.000423349789344], [0.00214317953214, 0.00792747642845, -0.000308512273477, 0.00153790519107, -0.00510541070253, 0.00449917512015, -0.00432109413669, 0.00428247218952, -0.00542112253606, 0.00584672391415, -0.00647396594286, 0.00704785156995, -0.00436634523794], [0.000947266060393, -0.000308512273477, 0.00536891259253, -0.00100984750316, 0.00148449733388, -0.00203160825185, 0.00235772668384, -0.00294976634905, 0.00345786544494, -0.0029749434907, 0.0041125472635, -0.00398819847032, 0.00471892440692], [9.04111129785e-06, 0.00153790519107, -0.00100984750316, 0.00802320800722, 0.000510627753101, 0.00155078805983, -0.00234699086286, 0.00270032696426, -0.00416616769508, 0.00418188981712, -0.00304748909548, 0.00293964520097, -0.00406995555386], [-0.000817076070234, -0.00510541070253, 0.00148449733388, 0.000510627753101, 0.0097015760839, -0.00199127499945, 0.00150293158367, -0.00401051575318, 0.00448630610481, -0.00460590841249, 0.00608166866004, -0.00626217527315, 0.00291979918256], [-0.000444288016297, 0.00449917512015, -0.00203160825185, 0.00155078805983, -0.00199127499945, 0.014215211384, -0.00826213601977, 0.00342598743737, -0.0032560986001, 0.00375946052372, -0.00652165850624, 0.00505402404815, -0.00585719430819], [0.000164763478097, -0.00432109413669, 0.00235772668384, -0.00234699086286, 0.00150293158367, -0.00826213601977, 0.0155143029988, -0.00500121945515, 0.00507236411795, -0.004584309645, 0.0039951717481, -0.00515897385776, 0.00694103445858], [0.000166657860973, 0.00428247218952, -0.00294976634905, 0.00270032696426, -0.00401051575318, 0.00342598743737, -0.00500121945515, 0.0217031408101, -0.0117256110534, 0.00418570637703, -0.00548797333613, 0.0062842532061, -0.00939222145826], [-0.000342860090313, -0.00542112253606, 0.00345786544494, -0.00416616769508, 0.00448630610481, -0.0032560986001, 0.00507236411795, -0.0117256110534, 0.0203276146203, -0.00710746087134, 0.0064847022295, -0.00588937941939, 0.00874959025532], [0.000448054604931, 0.00584672391415, -0.0029749434907, 0.00418188981712, -0.00460590841249, 0.00375946052372, -0.004584309645, 0.00418570637703, -0.00710746087134, 0.0283426716924, -0.0119729265571, 0.00500398455188, -0.00588875589892], [0.000309968367219, -0.00647396594286, 0.0041125472635, -0.00304748909548, 0.00608166866004, -0.00652165850624, 0.0039951717481, -0.00548797333613, 0.0064847022295, -0.0119729265571, 0.0258992910385, -0.00844361446798, 0.0056579913944], [0.000825368973892, 0.00704785156995, -0.00398819847032, 0.00293964520097, -0.00626217527315, 0.00505402404815, -0.00515897385776, 0.0062842532061, -0.00588937941939, 0.00500398455188, -0.00844361446798, 0.0214988067746, -0.00523096742108], [0.000423349789344, -0.00436634523794, 0.00471892440692, -0.00406995555386, 0.00291979918256, -0.00585719430819, 0.00694103445858, -0.00939222145826, 0.00874959025532, -0.00588875589892, 0.0056579913944, -0.00523096742108, 0.023767542094]]
    },
    "melbands": {
        "dmean": [0.000324069347698, 0.00075267709326, 0.000892179843504, 0.000794069317635, 0.000399495416787, 0.000274850463029, 0.000196595792659, 0.000335697812261, 0.000258626881987, 0.00018130504759, 0.000228776145377, 0.000116042137961, 9.27557994146e-05, 6.43131570541e-05, 4.62724492536e-05, 4.03401063522e-05, 5.8125166106e-05, 3.84900631616e-05, 4.35085821664e-05, 4.14544119849e-05, 2.65791186393e-05, 1.90942646441e-05, 1.34214760692e-05, 9.22962135519e-06, 8.56162751006e-06, 5.24304687133e-06, 5.78714298172e-06, 7.25807285562e-06, 6.20047831035e-06, 3.3723370052e-06, 3.1708127608e-06, 1.94052313418e-06, 1.71312467501e-06, 1.9616948066e-06, 1.716312795e-06, 1.40830968576e-06, 1.1841397054e-06, 1.04866080619e-06, 1.13154180781e-06, 7.56722386086e-07],
        "dmean2": [0.000554196187295, 0.00125886977185, 0.00151020637713, 0.00136129441671, 0.000677157193422, 0.000465143413749, 0.000326036912156, 0.000536746403668, 0.00041498435894, 0.00028993957676, 0.000353544164682, 0.000175164459506, 0.000145877871546, 0.000104951010144, 7.28997110855e-05, 6.42732193228e-05, 9.19952071854e-05, 5.94201410422e-05, 6.70649460517e-05, 6.72178503009e-05, 4.18329364038e-05, 3.01756535919e-05, 2.13570529013e-05, 1.45363337651e-05, 1.34725805765e-05, 8.18849275674e-06, 9.20504044188e-06, 1.10206983663e-05, 9.57890824793e-06, 5.34885066372e-06, 5.07029653818e-06, 2.99935049952e-06, 2.59068724517e-06, 3.10391442326e-06, 2.56098860518e-06, 2.09515883398e-06, 1.80649601589e-06, 1.58955356255e-06, 1.74024012267e-06, 1.10362395844e-06],
        "dvar": [4.16014898974e-07, 1.57122349265e-06, 1.75202285391e-06, 2.81301026916e-06, 2.35519351577e-07, 1.65517576534e-07, 8.8700176093e-08, 2.79803941794e-07, 2.38118332163e-07, 8.35353475281e-08, 1.18513149516e-07, 4.50558665932e-08, 2.33432029262e-08, 1.14492042513e-08, 5.8939697567e-09, 4.54305570941e-09, 8.99829721845e-09, 3.08991587872e-09, 4.06611988524e-09, 2.95266078254e-09, 9.36533628426e-10, 5.66250712986e-10, 2.40663960982e-10, 1.42487452393e-10, 1.23586321732e-10, 4.9429633997e-11, 7.70285987772e-11, 1.845911618e-10, 3.23605170438e-10, 4.80293305127e-11, 3.93434139434e-11, 2.63811004292e-11, 1.17437630801e-11, 1.9662708961e-11, 2.1294405475e-11, 1.41787935559e-11, 8.46110074365e-12, 6.99397874684e-12, 9.15021877712e-12, 5.89482846217e-12],
        "dvar2": [1.02635885924e-06, 4.19902471549e-06, 4.73314003102e-06, 7.5505931818e-06, 6.1893547354e-07, 4.44456844662e-07, 2.31933057648e-07, 6.73229351378e-07, 5.67909353322e-07, 2.13692104012e-07, 2.78589794789e-07, 9.99537164148e-08, 5.18462428545e-08, 3.02628286875e-08, 1.48545380441e-08, 1.13830118664e-08, 2.10595789696e-08, 7.40108996311e-09, 9.11033914974e-09, 7.25356885667e-09, 2.30392216416e-09, 1.38493794211e-09, 5.93114501957e-10, 3.60029173141e-10, 2.95751173551e-10, 1.18020856976e-10, 1.82651366254e-10, 4.50922743589e-10, 8.40921055012e-10, 1.19930482212e-10, 9.12782835427e-11, 5.9980347078e-11, 2.5079644958e-11, 4.5808128124e-11, 4.3711704395e-11, 3.07795247623e-11, 1.86602382851e-11, 1.49911177222e-11, 1.90969219604e-11, 1.07879391184e-11],
        "max": [0.00670080212876, 0.0126170376316, 0.0104451905936, 0.0159755535424, 0.00491733988747, 0.00404939148575, 0.00392940733582, 0.00604458432645, 0.00651466706768, 0.00329967448488, 0.00495401071385, 0.00303088710643, 0.00441425712779, 0.00141737167723, 0.00123871583492, 0.00138881406747, 0.00205220608041, 0.000762208772358, 0.000825189927127, 0.000530528777745, 0.000339342543157, 0.000245353119681, 0.000175198874786, 0.000158822193043, 0.000111373301479, 9.11598908715e-05, 0.000161364354426, 0.000304818968289, 0.000411566637922, 0.000116459639685, 0.000125123769976, 0.000104262660898, 6.08424561506e-05, 6.44178217044e-05, 7.37230948289e-05, 5.32834601472e-05, 5.54156977159e-05, 4.48464561487e-05, 4.44867437182e-05, 4.44545657956e-05],
        "mean": [0.000415464717662, 0.00122574227862, 0.00136066961568, 0.000978795578703, 0.000683904800098, 0.00042123964522, 0.000330344366375, 0.000630538619589, 0.000433262786828, 0.000279332336504, 0.000334068783559, 0.000195386222913, 0.000169830527739, 0.000104966471554, 8.04778537713e-05, 6.3759754994e-05, 9.15266136872e-05, 6.20369755779e-05, 7.33312990633e-05, 6.6592139774e-05, 4.37889611931e-05, 3.06420733978e-05, 2.37065105466e-05, 1.63840468304e-05, 1.41388145494e-05, 9.8864775282e-06, 1.2282798707e-05, 1.52795946633e-05, 1.23636837088e-05, 6.23563255431e-06, 5.82308257435e-06, 3.65101618627e-06, 3.54143253389e-06, 3.74686487703e-06, 3.17424451168e-06, 2.49060576607e-06, 2.2679016638e-06, 1.92057450477e-06, 1.85842850442e-06, 1.22765561628e-06],
        "median": [0.000218397603021, 0.000887702743057, 0.000994431087747, 0.000564788817428, 0.000554041995201, 0.000279139436316, 0.000213723003981, 0.000314650329528, 0.000204725467484, 0.00014514286886, 0.000202818890102, 9.81680859695e-05, 9.79079704848e-05, 6.28145353403e-05, 4.98838708154e-05, 4.15484719269e-05, 4.72349638585e-05, 3.47039094777e-05, 4.09468448197e-05, 4.22617413278e-05, 3.21439365507e-05, 2.29957968259e-05, 1.86743054655e-05, 1.22249439301e-05, 1.00581873994e-05, 7.27355336494e-06, 8.13915994513e-06, 9.52932896325e-06, 6.51557456877e-06, 3.75681429432e-06, 2.803683401e-06, 1.94171207113e-06, 1.89923150629e-06, 1.93246364688e-06, 1.5549071577e-06, 1.15108855425e-06, 1.10453095203e-06, 9.92856712401e-07, 7.18664466604e-07, 3.97249635853e-07],
        "min": [3.039544481e-06, 3.04382338072e-05, 5.65576010558e-05, 1.88171015907e-05, 4.56315956399e-06, 1.60215349752e-05, 5.50977847524e-06, 9.02815008885e-06, 7.81307062425e-06, 1.1351037756e-05, 3.84738223147e-06, 1.57665078859e-06, 8.56881911204e-07, 6.19109812305e-07, 4.61005640773e-07, 5.14338523772e-07, 1.13888813758e-06, 6.74941475154e-07, 4.80629694266e-07, 5.67591200706e-07, 3.03720867123e-07, 2.52286071145e-07, 1.50805263388e-07, 2.49817333042e-07, 2.61530146872e-07, 1.998986221e-07, 2.15469356135e-07, 1.22262633795e-07, 3.93928374365e-08, 3.77914872729e-08, 1.81719617132e-08, 6.85887480145e-09, 3.16845372161e-09, 4.39557590326e-09, 3.31986793611e-09, 2.54300158709e-09, 1.11850007034e-09, 1.89270799034e-09, 2.47754528004e-09, 1.2140939365e-09],
        "stdev": [0.000665470724925, 0.00126461556647, 0.00128937500995, 0.00151252862997, 0.000546376628336, 0.00042567984201, 0.000351143011358, 0.00079386413563, 0.000671443413012, 0.00035941801616, 0.000410145235946, 0.00030026215245, 0.000258280866547, 0.000133642111905, 0.000111316374387, 8.1654638052e-05, 0.000141092095873, 7.48538877815e-05, 9.21374230529e-05, 7.33235938242e-05, 4.00815661123e-05, 2.78324532701e-05, 1.97079498321e-05, 1.49403840624e-05, 1.3489486264e-05, 9.31174054131e-06, 1.33576295411e-05, 1.81827417691e-05, 2.03451872949e-05, 8.23399204819e-06, 9.28977351577e-06, 6.34151001577e-06, 4.98933695781e-06, 5.78854269406e-06, 5.77947639613e-06, 4.48147102361e-06, 3.78954496227e-06, 3.34870969709e-06, 4.05973787565e-06, 3.58396391675e-06],
        "var": [4.42851302296e-07, 1.59925241405e-06, 1.66248787536e-06, 2.28774297284e-06, 2.98527396581e-07, 1.81203333227e-07, 1.23301418853e-07, 6.30220256426e-07, 4.50836267873e-07, 1.291813021e-07, 1.68219102648e-07, 9.01573571355e-08, 6.67090063189e-08, 1.78602128642e-08, 1.23913350691e-08, 6.66748034561e-09, 1.99069791762e-08, 5.60310420283e-09, 8.48930437058e-09, 5.37634958775e-09, 1.60653190751e-09, 7.7464545889e-10, 3.88403281759e-10, 2.23215071427e-10, 1.81966233748e-10, 8.67085153677e-11, 1.78426273756e-10, 3.30612065502e-10, 4.13926615206e-10, 6.7798627823e-11, 8.62998908446e-11, 4.02147481982e-11, 2.48934813735e-11, 3.3507228242e-11, 3.34023468607e-11, 2.00835823666e-11, 1.43606515568e-11, 1.12138562325e-11, 1.64814724368e-11, 1.28447972744e-11]
    },
    "melbands128": {
