{
"lowlevel": {
    "average_loudness": 0.965315699577,
    "barkbands_crest": {
        "dmean": 3.79825472832,
        "dmean2": 6.00342607498,
        "dvar": 14.4397068024,
        "dvar2": 31.9762821198,
        "max": 25.7551727295,
        "mean": 13.5790805817,
        "median": 12.8087263107,
        "min": 2.67557024956,
        "stdev": 5.88967370987,
        "var": 34.6882553101
    },
    "barkbands_flatness_db": {
        "dmean": 0.0414628237486,
        "dmean2": 0.0632618069649,
        "dvar": 0.00201654108241,
        "dvar2": 0.003697586013,
        "max": 0.411346882582,
        "mean": 0.192444339395,
        "median": 0.178004771471,
        "min": 0.0281408727169,
        "stdev": 0.083719111979,
        "var": 0.0070088901557
    },
    "barkbands_kurtosis": {
        "dmean": 19.8463459015,
        "dmean2": 31.454536438,
        "dvar": 1127.80053711,
        "dvar2": 2825.04003906,
        "max": 367.242340088,
        "mean": 28.1122093201,
        "median": 10.8133249283,
        "min": -1.91437876225,
        "stdev": 47.5043334961,
        "var": 2256.66162109
    },
    "barkbands_skewness": {
        "dmean": 1.53810381889,
        "dmean2": 2.3429775238,
        "dvar": 2.9480369091,
        "dvar2": 6.71526432037,
        "max": 16.3019065857,
        "mean": 3.4159719944,
        "median": 2.73341059685,
        "min": -3.03167319298,
        "stdev": 2.97532510757,
        "var": 8.85255908966
    },
    "barkbands_spread": {
        "dmean": 11.0492753983,
        "dmean2": 16.9240512848,
        "dvar": 244.443450928,
        "dvar2": 502.9269104,
        "max": 106.834281921,
        "mean": 24.1673984528,
        "median": 13.0541944504,
        "min": 0.570303082466,
        "stdev": 26.3707180023,
        "var": 695.414794922
    },
    "dissonance": {
        "dmean": 0.0249778963625,
        "dmean2": 0.0402849055827,
        "dvar": 0.000468717276817,
        "dvar2": 0.00113354332279,
        "max": 0.499956488609,
        "mean": 0.448323398829,
        "median": 0.454850286245,
        "min": 0.306850075722,
        "stdev": 0.0328078046441,
        "var": 0.00107635196764
    },
    "dynamic_complexity": 3.75199866295,
    "erbbands_crest": {
        "dmean": 3.09120440483,
        "dmean2": 4.8950843811,
        "dvar": 8.37643527985,
        "dvar2": 18.2390651703,
        "max": 31.363822937,
        "mean": 10.2357978821,
        "median": 8.83836746216,
        "min": 2.8313100338,
        "stdev": 5.04051828384,
        "var": 25.4068241119
    },
    "erbbands_flatness_db": {
        "dmean": 0.0226354654878,
        "dmean2": 0.034554772079,
        "dvar": 0.000619077880401,
        "dvar2": 0.00131792970933,
        "max": 0.340098977089,
        "mean": 0.14466316998,
        "median": 0.135530471802,
        "min": 0.0496686249971,
        "stdev": 0.0447095967829,
        "var": 0.00199894793332
    },
    "erbbands_kurtosis": {
        "dmean": 2.51062226295,
        "dmean2": 3.96023726463,
        "dvar": 13.8829374313,
        "dvar2": 32.0044021606,
        "max": 46.4759559631,
        "mean": 2.64546561241,
        "median": 0.345282554626,
        "min": -1.85518121719,
        "stdev": 6.21330165863,
        "var": 38.6051177979
    },
    "erbbands_skewness": {
        "dmean": 0.646628677845,
        "dmean2": 0.972454726696,
        "dvar": 0.507157981396,
        "dvar2": 0.945048630238,
        "max": 6.1263217926,
        "mean": 1.02590048313,
        "median": 0.847752988338,
        "min": -2.34545254707,
        "stdev": 1.36784029007,
        "var": 1.87098693848
    },
    "erbbands_spread": {
        "dmean": 20.2492389679,
        "dmean2": 31.1232852936,
        "dvar": 435.404510498,
        "dvar2": 983.465209961,
        "max": 183.086700439,
        "mean": 66.1657028198,
        "median": 58.8027458191,
        "min": 4.11766576767,
        "stdev": 40.8445549011,
        "var": 1668.27758789
    },
    "hfc": {
        "dmean": 30.6581916809,
        "dmean2": 45.6518783569,
        "dvar": 4483.94970703,
        "dvar2": 10947.5683594,
        "max": 460.779052734,
        "mean": 34.4502754211,
        "median": 8.43826389313,
        "min": 0.298075735569,
        "stdev": 68.546546936,
        "var": 4698.62890625
    },
    "loudness_ebu128": {
        "integrated": -16.0102920532,
        "loudness_range": 1.11305046082,
        "momentary": {
            "dmean": 1.54311656952,
            "dmean2": 2.69578838348,
            "dvar": 2.80196928978,
            "dvar2": 5.21160268784,
            "max": -12.8896865845,
            "mean": -16.4683876038,
            "median": -15.6414823532,
            "min": -22.2149047852,
            "stdev": 2.13791966438,
            "var": 4.57070016861
        },
        "short_term": {
            "dmean": 0.156076088548,
            "dmean2": 0.253906726837,
            "dvar": 0.0298214145005,
            "dvar2": 0.0360969975591,
            "max": -14.7823791504,
            "mean": -16.0190734863,
            "median": -16.0129203796,
            "min": -17.2163639069,
            "stdev": 0.383478492498,
            "var": 0.147055760026
        }
    },
    "melbands_crest": {
        "dmean": 4.40704059601,
        "dmean2": 6.76909637451,
        "dvar": 15.6776590347,
        "dvar2": 34.3193206787,
        "max": 36.3281936646,
        "mean": 18.0454330444,
        "median": 16.7294654846,
        "min": 3.25572490692,
        "stdev": 7.27071714401,
        "var": 52.8633308411
    },
    "melbands_flatness_db": {
        "dmean": 0.048664521426,
        "dmean2": 0.0706244185567,
        "dvar": 0.00283026089892,
        "dvar2": 0.00468674907461,
        "max": 0.525652825832,
        "mean": 0.263547897339,
        "median": 0.251614302397,
        "min": 0.0387697666883,
        "stdev": 0.107571750879,
        "var": 0.0115716820583
    },
    "melbands_kurtosis": {
        "dmean": 49.5188484192,
        "dmean2": 81.5385284424,
        "dvar": 6933.04345703,
        "dvar2": 17192.2480469,
        "max": 969.181396484,
        "mean": 76.8078613281,
        "median": 31.9163856506,
        "min": -1.81545174122,
        "stdev": 116.601364136,
        "var": 13595.8779297
    },
    "melbands_skewness": {
        "dmean": 2.00664258003,
        "dmean2": 3.17633748055,
        "dvar": 4.82581138611,
        "dvar2": 11.0016183853,
        "max": 22.4409923553,
        "mean": 5.48753929138,
        "median": 4.4454126358,
        "min": -0.278185844421,
        "stdev": 4.01495361328,
        "var": 16.1198539734
    },
    "melbands_spread": {
        "dmean": 11.0365018845,
        "dmean2": 16.8570632935,
        "dvar": 439.836853027,
        "dvar2": 1021.44781494,
        "max": 232.246536255,
        "mean": 18.732755661,
        "median": 8.24852275848,
        "min": 0.386775821447,
        "stdev": 26.3207626343,
        "var": 692.782531738
    },
    "pitch_salience": {
        "dmean": 0.106613658369,
        "dmean2": 0.169966369867,
        "dvar": 0.0121147744358,
        "dvar2": 0.0281344074756,
        "max": 0.881887972355,
        "mean": 0.485490351915,
        "median": 0.507159292698,
        "min": 0.0768829509616,
        "stdev": 0.168530344963,
        "var": 0.0284024793655
    },
    "silence_rate_20dB": {
        "dmean": 0.0557275526226,
        "dmean2": 0.111512646079,
        "dvar": 0.052621614188,
        "dvar2": 0.135216489434,
        "max": 1,
        "mean": 0.962351739407,
        "median": 1,
        "min": 0,
        "stdev": 0.190346062183,
        "var": 0.0362316220999
    },
    "silence_rate_30dB": {
        "dmean": 0.0856553167105,
        "dmean2": 0.171399071813,
        "dvar": 0.0783198326826,
        "dvar2": 0.145118951797,
        "max": 1,
        "mean": 0.820010304451,
        "median": 1,
        "min": 0,
        "stdev": 0.384179711342,
        "var": 0.147594049573
    },
    "silence_rate_60dB": {
        "dmean": 0.0479876175523,
        "dmean2": 0.0955085158348,
        "dvar": 0.0456856265664,
        "dvar2": 0.102908782661,
        "max": 1,
        "mean": 0.0489943288267,
        "median": 0,
        "min": 0,
        "stdev": 0.215856939554,
        "var": 0.0465942211449
    },
    "spectral_centroid": {
        "dmean": 357.480621338,
        "dmean2": 538.605224609,
        "dvar": 268358.25,
        "dvar2": 528271.8125,
        "max": 4957.74609375,
        "mean": 1053.91296387,
        "median": 728.921813965,
        "min": 250.208480835,
        "stdev": 807.848510742,
        "var": 652619.25
    },
    "spectral_complexity": {
        "dmean": 4.72755432129,
        "dmean2": 6.95095491409,
        "dvar": 59.3309593201,
        "dvar2": 106.41481781,
        "max": 65,
        "mean": 10.3604955673,
        "median": 7,
        "min": 1,
        "stdev": 10.5100488663,
        "var": 110.461128235
    },
    "spectral_decrease": {
        "dmean": 1.05454898147e-08,
        "dmean2": 1.54716222056e-08,
        "dvar": 4.31558125019e-16,
        "dvar2": 1.04116442844e-15,
        "max": -1.1588432991e-10,
        "mean": -1.40635556534e-08,
        "median": -2.64747823664e-09,
        "min": -1.51661708969e-07,
        "stdev": 2.69351758675e-08,
        "var": 7.25503677537e-16
    },
    "spectral_energy": {
        "dmean": 0.0419388376176,
        "dmean2": 0.0608538426459,
        "dvar": 0.00616454612464,
        "dvar2": 0.0147945294157,
        "max": 0.577073276043,
        "mean": 0.056203905493,
        "median": 0.0123239075765,
        "min": 0.000491377839353,
        "stdev": 0.103162541986,
        "var": 0.0106425099075
    },
    "spectral_energyband_high": {
        "dmean": 0.00228027137928,
        "dmean2": 0.00344911171123,
        "dvar": 3.10787181661e-05,
        "dvar2": 7.86337332102e-05,
        "max": 0.0418189018965,
        "mean": 0.00252291886136,
        "median": 0.000427698454587,
        "min": 1.64208643127e-07,
        "stdev": 0.0055709220469,
        "var": 3.10351715598e-05
    },
    "spectral_energyband_low": {
        "dmean": 0.0352743901312,
        "dmean2": 0.0547320917249,
        "dvar": 0.00671959249303,
        "dvar2": 0.0167300589383,
        "max": 0.547633051872,
        "mean": 0.0414949208498,
        "median": 0.00139925326221,
        "min": 5.71245323044e-07,
        "stdev": 0.0991346538067,
        "var": 0.00982767995447
    },
    "spectral_energyband_middle_high": {
        "dmean": 0.0037606395781,
        "dmean2": 0.00561919808388,
        "dvar": 0.000249508040724,
        "dvar2": 0.000542657217011,
        "max": 0.192671254277,
        "mean": 0.00333571154624,
        "median": 0.000249194854405,
        "min": 6.48474951959e-06,
        "stdev": 0.0161855164915,
        "var": 0.00026197094121
    },
    "spectral_energyband_middle_low": {
        "dmean": 0.00602909363806,
        "dmean2": 0.0102118486539,
        "dvar": 0.000132506567752,
        "dvar2": 0.000367324450053,
        "max": 0.0956108048558,
        "mean": 0.00933003425598,
        "median": 0.00608863355592,
        "min": 0.00026250796509,
        "stdev": 0.0105804884806,
        "var": 0.000111946734251
    },
    "spectral_entropy": {
        "dmean": 0.307139843702,
        "dmean2": 0.445053100586,
        "dvar": 0.133346036077,
        "dvar2": 0.246917262673,
        "max": 8.59040927887,
        "mean": 7.41713047028,
        "median": 7.5085272789,
        "min": 5.20670843124,
        "stdev": 0.639173746109,
        "var": 0.408543080091
    },
    "spectral_flux": {
        "dmean": 0.0614990107715,
        "dmean2": 0.0919249206781,
        "dvar": 0.006177960895,
        "dvar2": 0.0148076917976,
        "max": 0.650102198124,
        "mean": 0.115727096796,
        "median": 0.0707869827747,
        "min": 0.00991581007838,
        "stdev": 0.114856846631,
        "var": 0.0131920957938
    },
    "spectral_kurtosis": {
        "dmean": 1.59303987026,
        "dmean2": 2.46742916107,
        "dvar": 15.0503616333,
        "dvar2": 36.2544441223,
        "max": 56.2841567993,
        "mean": 2.88673472404,
        "median": 1.87060546875,
        "min": -0.671953201294,
        "stdev": 4.75518751144,
        "var": 22.6118087769
    },
    "spectral_rms": {
        "dmean": 0.00209779199213,
        "dmean2": 0.00264730909839,
        "dvar": 6.89484068062e-06,
        "dvar2": 1.33892062877e-05,
        "max": 0.0237275846303,
        "mean": 0.00556504586712,
        "median": 0.0034674666822,
        "min": 0.000692382105626,
        "stdev": 0.00488501461223,
        "var": 2.38633674599e-05
    },
    "spectral_rolloff": {
        "dmean": 1218.57189941,
        "dmean2": 2037.13867188,
        "dvar": 7394254.5,
        "dvar2": 16802688,
        "max": 14857.9101562,
        "mean": 2260.51245117,
        "median": 452.197265625,
        "min": 64.599609375,
        "stdev": 3744.03491211,
        "var": 14017797
    },
    "spectral_skewness": {
        "dmean": 0.306920349598,
        "dmean2": 0.447488427162,
        "dvar": 0.191054716706,
        "dvar2": 0.379993766546,
        "max": 6.10512113571,
        "mean": 1.41564595699,
        "median": 1.3365111351,
        "min": 0.376518964767,
        "stdev": 0.716169416904,
        "var": 0.512898623943
    },
    "spectral_spread": {
        "dmean": 1002215.8125,
        "dmean2": 1469499,
        "dvar": 1.77944697242e+12,
        "dvar2": 3.15338837197e+12,
        "max": 13690606,
        "mean": 7545763.5,
        "median": 6775923.5,
        "min": 1371874,
        "stdev": 2618880.5,
        "var": 6.85853533798e+12
    },
    "spectral_strongpeak": {
        "dmean": 0.426995962858,
        "dmean2": 0.719613194466,
        "dvar": 0.951235890388,
        "dvar2": 2.65572619438,
        "max": 11.9135656357,
        "mean": 0.622089207172,
        "median": 0.416510254145,
        "min": 0,
        "stdev": 0.829212605953,
        "var": 0.687593579292
    },
    "zerocrossingrate": {
        "dmean": 0.0256088152528,
        "dmean2": 0.0272530000657,
        "dvar": 0.00112470798194,
        "dvar2": 0.0012802175479,
        "max": 0.38232421875,
        "mean": 0.0794160887599,
        "median": 0.05224609375,
        "min": 0.001953125,
        "stdev": 0.075461640954,
        "var": 0.00569445919245
    },
    "barkbands": {
        "dmean": [0.00191512831952, 0.0328822173178, 0.00254690879956, 0.00156608899124, 0.00263450830244, 0.00104052352253, 0.000973919348326, 0.000682544836309, 0.000366668595234, 0.000299235718558, 0.000276365492027, 0.000570464355405, 0.000501421047375, 0.000691965164151, 0.000485594791826, 0.000517854525242, 0.000220262183575, 0.000277299724985, 0.000100110853964, 0.000165672347066, 0.000230144883972, 0.000341672362993, 0.000220230969717, 0.000266804621788, 0.000490368693136, 0.000655716110487, 0.000108314685349],
        "dmean2": [0.00291348411702, 0.0528515391052, 0.00397835718468, 0.00286868168041, 0.00440387567505, 0.00173843302764, 0.00167614896782, 0.00118131097406, 0.000573402096052, 0.000493171741255, 0.000469770311611, 0.000974744267296, 0.000754179025535, 0.00110010802746, 0.000757479225285, 0.000757741159759, 0.00035179965198, 0.000410607171943, 0.000145255253301, 0.000247285322985, 0.000344208208844, 0.000533104117494, 0.000340238504577, 0.000390271656215, 0.000757607689593, 0.00107552832924, 0.000199478221475],
        "dvar": [2.12377599382e-05, 0.00660405913368, 4.16903640144e-05, 1.82721851161e-05, 1.8704275135e-05, 2.55831059803e-06, 5.96358086113e-06, 2.78358493233e-06, 7.84282690347e-07, 6.56610723127e-07, 1.2058332004e-06, 8.6831041699e-06, 6.34185835224e-06, 1.3109691281e-05, 5.38497533853e-06, 3.68824657926e-06, 7.51539346311e-07, 1.20793242786e-06, 1.45883944924e-07, 1.64965641147e-07, 1.8351013864e-07, 6.34704406366e-07, 1.38752952239e-07, 3.39571670338e-07, 1.79608150574e-06, 4.14168926e-06, 1.44394604717e-07],
        "dvar2": [4.21909462602e-05, 0.0171019211411, 8.82495005499e-05, 5.33405655005e-05, 4.93833285873e-05, 7.11694201527e-06, 1.61099324032e-05, 7.46792466089e-06, 1.70730595528e-06, 1.61628679507e-06, 3.16695354741e-06, 2.32465881709e-05, 1.35606287586e-05, 3.17106314469e-05, 1.30441521833e-05, 6.68772372592e-06, 1.41535895182e-06, 2.69111637863e-06, 3.08078881517e-07, 3.57051106903e-07, 3.87220779885e-07, 1.55968746185e-06, 2.99005534998e-07, 8.13997019122e-07, 4.60861201645e-06, 1.11258286779e-05, 4.05184664487e-07],
        "max": [0.0412878878415, 0.52689832449, 0.0777708142996, 0.0358120799065, 0.0541960895061, 0.0144445775077, 0.0247694198042, 0.0132217146456, 0.0123535180464, 0.00658532325178, 0.016606438905, 0.0384320355952, 0.034620411694, 0.0432084947824, 0.0331892743707, 0.0234287269413, 0.0129924211651, 0.0153228351846, 0.00489312084392, 0.00499131949618, 0.00457556499168, 0.00626155780628, 0.00359815731645, 0.0045896153897, 0.0101285940036, 0.014028660953, 0.00295782461762],
        "mean": [0.00215363549069, 0.0360868424177, 0.00281076948158, 0.00138432136737, 0.00426851445809, 0.00160102231894, 0.00089872040553, 0.000638019992039, 0.000456820009276, 0.000274325255305, 0.000217648834223, 0.00041883889935, 0.000435298425145, 0.000554950092919, 0.00039373873733, 0.000474649510579, 0.000214065192267, 0.000238287844695, 9.46727086557e-05, 0.000172020867467, 0.000292605778668, 0.000367225904483, 0.000277327839285, 0.000315084500471, 0.000542072230019, 0.000556660350412, 6.57689088257e-05],
        "median": [5.24465031049e-05, 0.000694859074429, 0.000118591429782, 0.00049368274631, 0.0029251689557, 0.00114186154678, 0.000166432684637, 0.000118674848636, 4.63642645627e-05, 4.44775178039e-05, 1.44749192259e-05, 1.79944672709e-05, 1.372132283e-05, 1.45599133248e-05, 1.23491818158e-05, 7.25464087736e-06, 4.53131133327e-06, 1.32687973746e-05, 6.63240643917e-06, 4.23907295044e-05, 8.64289104356e-05, 6.33682575426e-05, 8.98694706848e-05, 5.01986287418e-05, 4.54747969343e-05, 1.07249288703e-05, 1.06768617059e-07],
        "min": [8.25712032082e-09, 2.75871911981e-07, 7.32344318521e-08, 1.09839947982e-06, 3.30668603965e-06, 5.41156623513e-06, 1.92141487787e-06, 3.86364462202e-07, 3.3890165696e-07, 8.69461530328e-07, 6.56087308926e-08, 2.80945528175e-07, 1.70290491042e-07, 2.37063687791e-07, 2.48826296456e-07, 1.41078189131e-07, 4.51941630786e-08, 4.76934012283e-08, 2.59282586512e-08, 6.0338628316e-08, 2.40491004888e-08, 3.74895599009e-08, 1.60346314004e-08, 2.08149089076e-08, 9.69820401764e-09, 1.94105576057e-09, 3.86726078678e-13],
        "stdev": [0.00572490785271, 0.0911771431565, 0.00747751770541, 0.0033654179424, 0.00473791174591, 0.00173823756631, 0.00211321841925, 0.00152985821478, 0.00116407009773, 0.000766263867263, 0.000959841534495, 0.00247166794725, 0.00255781807937, 0.00337116536684, 0.00219112518243, 0.00221577635966, 0.0010141878156, 0.00110001256689, 0.00041134559433, 0.00043947037193, 0.000508973025717, 0.000796838430688, 0.000443147378974, 0.000647969951387, 0.00134553643875, 0.00180964428, 0.000294304452837],
        "var": [3.2774569263e-05, 0.00831327121705, 5.59132713533e-05, 1.13260375656e-05, 2.24478098971e-05, 3.02146986542e-06, 4.46569174528e-06, 2.34046615333e-06, 1.35505911203e-06, 5.87160286614e-07, 9.21295736589e-07, 6.10914230492e-06, 6.54243331155e-06, 1.13647556645e-05, 4.80102926304e-06, 4.90966476718e-06, 1.02857700313e-06, 1.21002767628e-06, 1.69205208067e-07, 1.93134198412e-07, 2.59053535956e-07, 6.34951447864e-07, 1.96379602357e-07, 4.19865045842e-07, 1.81046846137e-06, 3.27481257045e-06, 8.66151097512e-08]
    },
    "erbbands": {
        "dmean": [0.918960034847, 7.50780200958, 5.08944177628, 3.97707343102, 8.22525215149, 8.63345336914, 9.77552986145, 7.32385396957, 12.1383457184, 15.6711130142, 13.5555028915, 8.90377521515, 7.57335948944, 11.7530183792, 16.3963279724, 22.5349998474, 23.4599075317, 33.1671638489, 27.7021160126, 26.1194095612, 26.611946106, 13.8397350311, 17.3254966736, 7.0406908989, 4.90467834473, 7.85619115829, 10.4880571365, 11.9698467255, 9.81530857086, 8.38757991791, 5.35555076599, 3.30399060249, 4.99480819702, 6.324198246, 3.66411137581, 1.37088024616, 1.59522175789, 0.416923254728, 0.0105735734105, 0.000274681398878],
        "dmean2": [1.37261533737, 12.4225788116, 7.3259601593, 6.99485492706, 13.7470798492, 14.8475189209, 15.5017900467, 12.6810369492, 20.4388999939, 27.9425048828, 22.8706817627, 13.7731056213, 11.8694992065, 19.9574508667, 28.2607746124, 38.1936721802, 34.9280052185, 52.9136199951, 40.9774703979, 40.9790115356, 39.8183898926, 20.8241024017, 25.200712204, 10.7385931015, 7.0100235939, 11.6762399673, 15.6653938293, 18.6333408356, 15.0496559143, 13.6854782104, 7.82053804398, 5.04081010818, 7.32492542267, 9.66718006134, 5.79664707184, 1.87606048584, 2.69745016098, 0.76345294714, 0.0192823596299, 0.000471395032946],
        "dvar": [4.19461917877, 425.593078613, 170.247161865, 100.803779602, 210.558334351, 234.591796875, 256.711120605, 202.762741089, 1038.30151367, 1612.93029785, 964.385864258, 553.610961914, 309.051239014, 1464.46643066, 5470.81201172, 13954.875, 13981.0478516, 29557.9042969, 18186.8046875, 13148.1806641, 10307.8574219, 2696.39160156, 4546.03027344, 795.817504883, 299.885253906, 353.008605957, 546.857177734, 590.734985352, 452.956878662, 177.232620239, 90.7263336182, 42.9517936707, 131.596405029, 298.66809082, 103.446968079, 11.7196741104, 26.5434398651, 2.15580868721, 0.0013530086726, 6.49094886285e-07],
        "dvar2": [9.2498254776, 1100.80200195, 329.503356934, 285.916870117, 566.274902344, 635.278869629, 696.862304688, 563.276794434, 2756.98510742, 4506.70800781, 2437.40332031, 1176.0032959, 688.040466309, 3904.67114258, 14536.609375, 36777.8867188, 29387.1855469, 71524.265625, 39736.875, 31785.6523438, 18601.7539062, 4469.59619141, 9693.54492188, 1829.00219727, 614.541931152, 763.054382324, 1175.60009766, 1439.5357666, 1079.14624023, 400.427856445, 194.813903809, 105.350456238, 316.079650879, 756.64654541, 270.107574463, 25.85779953, 72.2977600098, 6.07752132416, 0.00379359535873, 1.8074675836e-06],
        "max": [15.7063589096, 124.489959717, 148.990600586, 104.633293152, 146.935531616, 253.438613892, 184.26600647, 126.809303284, 429.549377441, 344.788726807, 315.382751465, 329.675140381, 224.138336182, 475.416931152, 976.471557617, 1484.28210449, 1617.36303711, 2104.14428711, 1973.74938965, 1476.4675293, 1194.31884766, 682.241149902, 931.619445801, 363.408721924, 228.152633667, 243.067367554, 272.064849854, 179.220108032, 163.837249756, 117.978172302, 104.879455566, 54.4101028442, 88.4179229736, 138.374053955, 84.9540786743, 27.8203239441, 35.8769073486, 9.7906332016, 0.307774037123, 0.00630496814847],
        "mean": [1.31955218315, 6.78968811035, 5.27714300156, 3.89123106003, 10.4984703064, 13.4045534134, 18.5190048218, 9.14116954803, 12.2374992371, 13.0536937714, 13.8013267517, 11.2066221237, 8.57417869568, 9.50411510468, 12.4752616882, 17.0696811676, 20.7481517792, 27.1077957153, 24.0892066956, 21.0040416718, 24.0663642883, 13.5456571579, 15.1787729263, 6.18784284592, 5.08423423767, 8.33171272278, 11.6654758453, 14.346824646, 10.9041347504, 10.6463270187, 6.69103193283, 3.67995429039, 5.9232544899, 7.25048351288, 3.85040521622, 1.65739691257, 1.24763906002, 0.259782582521, 0.00667785014957, 0.000228552322369],
        "median": [0.0224719885737, 0.138060986996, 0.178730085492, 0.947363972664, 5.89778089523, 8.7986536026, 14.2456817627, 4.31951856613, 2.69697999954, 2.05116987228, 2.93559288979, 1.27600026131, 1.12455618382, 1.53082692623, 0.711035549641, 0.853815555573, 0.662781536579, 0.863267719746, 0.691270649433, 0.557725429535, 0.394429177046, 0.271920800209, 0.593949258327, 0.573519289494, 0.609435558319, 2.24551606178, 2.87265133858, 3.42451810837, 1.96405684948, 3.91748380661, 1.86301183701, 1.01626336575, 0.753834545612, 0.577890515327, 0.275454908609, 0.0709534361959, 0.0182260982692, 0.00133997970261, 6.13847441855e-05, 2.72402012342e-05],
        "min": [1.39630592457e-05, 5.13286613568e-05, 0.000226277203183, 0.00327690085396, 0.017857985571, 0.00982580054551, 0.0889295488596, 0.118214040995, 0.10955324024, 0.0687453076243, 0.0350805744529, 0.0143432728946, 0.0284166932106, 0.0214999560267, 0.0122009981424, 0.0114575484768, 0.00979485549033, 0.018702045083, 0.0147607028484, 0.0106268897653, 0.00670645665377, 0.00271392078139, 0.00268228282221, 0.00262044952251, 0.00169770524371, 0.00283188303001, 0.00142116774805, 0.000831217272207, 0.00111949944403, 0.00114826555364, 0.000337698962539, 0.000390161905671, 0.000317040161463, 0.000139959607623, 6.03278640483e-05, 1.65118108271e-05, 2.84193015432e-06, 1.91636161162e-07, 5.75159162963e-07, 7.68599420553e-07],
        "stdev": [3.02051949501, 20.0982456207, 14.9839725494, 8.98253154755, 15.0727949142, 16.2520389557, 18.5763473511, 13.6792593002, 28.6570796967, 33.9089279175, 31.8780517578, 30.3932876587, 20.8706474304, 32.3262786865, 62.8910217285, 101.075141907, 121.746765137, 160.324172974, 136.983474731, 109.664970398, 115.655151367, 63.7636795044, 69.8103027344, 27.9920959473, 19.52318573, 20.365354538, 25.8299312592, 25.5679397583, 22.2004165649, 15.8186693192, 11.3449029922, 6.74178647995, 12.7955627441, 17.9674453735, 9.85306453705, 4.04962539673, 4.39248085022, 1.13932800293, 0.0287391077727, 0.00066544872243],
        "var": [9.12353801727, 403.939453125, 224.519439697, 80.6858673096, 227.189147949, 264.128753662, 345.080657959, 187.122131348, 821.228210449, 1149.81542969, 1016.21014404, 923.75189209, 435.58392334, 1044.98840332, 3955.28076172, 10216.1845703, 14822.2744141, 25703.8398438, 18764.4707031, 12026.4052734, 13376.1132812, 4065.80664062, 4873.47851562, 783.557434082, 381.154785156, 414.747650146, 667.18536377, 653.719543457, 492.858520508, 250.230285645, 128.706817627, 45.4516868591, 163.726425171, 322.829071045, 97.0828781128, 16.3994655609, 19.293888092, 1.29806816578, 0.000825936265755, 4.42821971092e-07]
    },
    "gfcc": {
        "mean": [-34.2754936218, 65.5022354126, -62.3761978149, 41.1049346924, -80.7219238281, 16.7177124023, -45.1611404419, -1.09030008316, -31.1294326782, 10.0245113373, -20.9827671051, 3.02284693718, -4.98300027847],
        "cov": [[7118.47216797, -2133.61132812, -276.50769043, 168.012756348, 537.336853027, 414.931152344, 261.662841797, 536.799499512, 115.213775635, 292.269104004, -326.68057251, 156.221908569, -249.538085938], [-2133.61132812, 2176.37060547, -234.060791016, 56.717212677, 262.686706543, 86.5932617188, 151.193252563, -22.2639884949, 303.89730835, -168.962036133, 379.577911377, -119.257400513, 164.062133789], [-276.50769043, -234.060791016, 1517.95788574, 574.0703125, 51.1932296753, 70.5451049805, 270.9375, 116.576629639, 32.7801132202, 268.139984131, 62.4239196777, 135.890380859, 89.4991912842], [168.012756348, 56.717212677, 574.0703125, 677.625305176, 136.536010742, 85.0502243042, 184.207015991, 154.788589478, 87.7722702026, 123.684555054, 102.01385498, 80.9414138794, 59.4380645752], [537.336853027, 262.686706543, 51.1932296753, 136.536010742, 408.926147461, 145.941162109, 166.447799683, 90.5978317261, 134.117950439, 30.2058486938, 78.8280105591, 4.51744890213, 35.958732605], [414.931152344, 86.5932617188, 70.5451049805, 85.0502243042, 145.941162109, 208.947189331, 140.274520874, 81.3003082275, 44.57239151, 44.2221450806, 25.2743968964, 4.32391214371, 14.1898994446], [261.662841797, 151.193252563, 270.9375, 184.207015991, 166.447799683, 140.274520874, 234.6197052, 118.244499207, 96.6853179932, 84.9441452026, 76.3520889282, 31.7180709839, 38.9838523865], [536.799499512, -22.2639884949, 116.576629639, 154.788589478, 90.5978317261, 81.3003082275, 118.244499207, 192.077423096, 119.98853302, 105.553314209, 53.7283477783, 65.8209381104, 15.3337535858], [115.213775635, 303.89730835, 32.7801132202, 87.7722702026, 134.117950439, 44.57239151, 96.6853179932, 119.98853302, 199.723449707, 71.5904541016, 124.203277588, 43.9019927979, 52.3066215515], [292.269104004, -168.962036133, 268.139984131, 123.684555054, 30.2058486938, 44.2221450806, 84.9441452026, 105.553314209, 71.5904541016, 171.377731323, 51.3800048828, 81.921043396, 12.4350976944], [-326.68057251, 379.577911377, 62.4239196777, 102.01385498, 78.8280105591, 25.2743968964, 76.3520889282, 53.7283477783, 124.203277588, 51.3800048828, 184.83807373, 58.1748657227, 67.3920288086], [156.221908569, -119.257400513, 135.890380859, 80.9414138794, 4.51744890213, 4.32391214371, 31.7180709839, 65.8209381104, 43.9019927979, 81.921043396, 58.1748657227, 114.179595947, 37.3370895386], [-249.538085938, 164.062133789, 89.4991912842, 59.4380645752, 35.958732605, 14.1898994446, 38.9838523865, 15.3337535858, 52.3066215515, 12.4350976944, 67.3920288086, 37.3370895386, 92.2063751221]],
        "icov": [[0.000545940711163, 0.000702781893779, 0.000255842780462, -8.46674738568e-05, -0.000593961100094, -0.00064616126474, -0.000183777316124, -0.000644186511636, -0.000942276790738, 0.000540134031326, 0.000335768476361, -0.000269287964329, 0.000874495483004], [0.000702781893779, 0.0027132651303, 0.000115489208838, -4.74167463835e-05, -0.000497845700011, -0.00146109075285, -0.000410405045841, -0.000361080368748, -0.0032182787545, 0.0032981953118, -0.00339913764037, 0.00262188143097, 0.000448827195214], [0.000255842780462, 0.000115489208838, 0.00186802411918, -0.00109169865027, -5.06920187036e-05, 0.00058133515995, -0.00206697988324, 0.00110104784835, 0.000323813583236, -0.0025005817879, 0.00163108378183, -0.000669246190228, -0.000769042933825], [-8.46674738568e-05, -4.74167463835e-05, -0.00109169865027, 0.00288631161675, -0.000495996617246, 0.000302400963847, 0.000180033122888, -0.00246852380224, 0.00141338328831, 0.000855166348629, -0.0016818799777, 0.000519139517564, -0.000362476130249], [-0.000593961100094, -0.000497845700011, -5.06920187036e-05, -0.000495996617246, 0.00529196672142, -0.00134713761508, -0.0018777907826, 0.0024162796326, -0.0026421721559, 0.000849479110911, -0.000119956763228, 0.000294363242574, -0.000464294251287], [-0.00064616126474, -0.00146109075285, 0.00058133515995, 0.000302400963847, -0.00134713761508, 0.0109443562105, -0.00495103467256, -0.00185781728942, 0.00525817926973, -0.00336256367154, 0.00108795426786, 0.00118024763651, -0.00246735406108], [-0.000183777316124, -0.000410405045841, -0.00206697988324, 0.000180033122888, -0.0018777907826, -0.00495103467256, 0.0140451733023, -0.00450433045626, 0.000811254547443, -0.000324583845213, -0.00286469468847, 0.00283307535574, -0.00104161235504], [-0.000644186511636, -0.000361080368748, 0.00110104784835, -0.00246852380224, 0.0024162796326, -0.00185781728942, -0.00450433045626, 0.0191355105489, -0.00961086433381, -0.00343048921786, 0.00443467544392, -0.00578231411055, 0.0025023012422], [-0.000942276790738, -0.0032182787545, 0.000323813583236, 0.00141338328831, -0.0026421721559, 0.00525817926973, 0.000811254547443, -0.00961086433381, 0.022206382826, -0.00719420611858, -0.00472102919593, 0.00270015816204, -0.00584256462753], [0.000540134031326, 0.0032981953118, -0.0025005817879, 0.000855166348629, 0.000849479110911, -0.00336256367154, -0.000324583845213, -0.00343048921786, -0.00719420611858, 0.0204994864762, -0.00598535593599, -0.00343567319214, 0.00544544262812], [0.000335768476361, -0.00339913764037, 0.00163108378183, -0.0016818799777, -0.000119956763228, 0.00108795426786, -0.00286469468847, 0.00443467544392, -0.00472102919593, -0.00598535593599, 0.0219754315913, -0.0112466635182, -0.00121125765145], [-0.000269287964329, 0.00262188143097, -0.000669246190228, 0.000519139517564, 0.000294363242574, 0.00118024763651, 0.00283307535574, -0.00578231411055, 0.00270015816204, -0.00343567319214, -0.0112466635182, 0.0247086919844, -0.00846524164081], [0.000874495483004, 0.000448827195214, -0.000769042933825, -0.000362476130249, -0.000464294251287, -0.00246735406108, -0.00104161235504, 0.0025023012422, -0.00584256462753, 0.00544544262812, -0.00121125765145, -0.00846524164081, 0.0208715293556]]
    },
    "melbands": {
        "dmean": [0.0090436078608, 0.00503023853526, 0.00077651621541, 0.000624039385002, 0.000318162783515, 0.000170450482983, 0.000189338155906, 0.000167971957126, 0.000101843368611, 5.33436905243e-05, 3.68075379811e-05, 4.66681995022e-05, 4.50068655482e-05, 7.29268795112e-05, 5.04925337736e-05, 4.90938364237e-05, 6.21240396868e-05, 4.40878066001e-05, 3.85767853004e-05, 3.36777738994e-05, 3.04886652884e-05, 1.27451912704e-05, 1.71525571204e-05, 1.21018010759e-05, 5.19580635228e-06, 2.9654129321e-06, 4.00209592044e-06, 5.75074682274e-06, 6.96076676832e-06, 6.3229826992e-06, 8.6491681941e-06, 7.24325082047e-06, 3.59910859515e-06, 5.20536832482e-06, 3.79025232178e-06, 1.64936102465e-06, 2.32576803683e-06, 2.9565121622e-06, 5.07519098392e-06, 5.34570608579e-06],
        "dmean2": [0.0143918897957, 0.00782361067832, 0.00135343812872, 0.00105569185689, 0.000515226449352, 0.000293134333333, 0.000322370382491, 0.000299008941511, 0.000170110404724, 8.23391892482e-05, 5.80091545999e-05, 7.91979691712e-05, 7.62094423408e-05, 0.000126457802253, 8.20082204882e-05, 7.39175084163e-05, 9.94529618765e-05, 6.46937987767e-05, 6.22986917733e-05, 5.08249213453e-05, 4.69123515359e-05, 1.86442830454e-05, 2.64733662334e-05, 1.80628649105e-05, 8.14249415271e-06, 4.15389831687e-06, 5.87353906667e-06, 8.73015960678e-06, 1.05721828731e-05, 9.42987298913e-06, 1.37594342959e-05, 1.13047217383e-05, 5.6898998082e-06, 8.51632466947e-06, 5.61040133107e-06, 2.45312844527e-06, 3.67638222087e-06, 4.554573934e-06, 7.14625957698e-06, 8.43588895805e-06],
        "dvar": [0.00044936418999, 0.000181711278856, 3.20677895616e-06, 1.19156356959e-06, 2.52451030747e-07, 9.53251984015e-08, 2.39725011397e-07, 1.88786515309e-07, 5.33833492966e-08, 1.9822246955e-08, 7.26820426067e-09, 2.26401493109e-08, 3.352588962e-08, 1.50089235262e-07, 6.67347563876e-08, 5.92478990313e-08, 1.06270292122e-07, 4.60674165481e-08, 3.59727607702e-08, 1.56658366279e-08, 1.59418309664e-08, 2.06015937643e-09, 5.13203701757e-09, 2.2336346106e-09, 4.55258636345e-10, 9.60450122212e-11, 1.74678077558e-10, 1.71432701368e-10, 2.75183736909e-10, 1.11805092962e-10, 4.04608346827e-10, 2.95379887216e-10, 3.57485915869e-11, 7.47777256782e-11, 5.291438121e-11, 8.65128194777e-12, 2.4085010028e-11, 4.41851867594e-11, 1.70951974798e-10, 2.24140289662e-10],
        "dvar2": [0.00115706783254, 0.000422403594712, 9.08153742785e-06, 3.17023705065e-06, 6.82895745285e-07, 2.63632443875e-07, 6.4135571165e-07, 5.29065744104e-07, 1.30024872647e-07, 4.25838884155e-08, 1.65852807044e-08, 6.06124856972e-08, 8.73327721251e-08, 4.06336965852e-07, 1.69020111684e-07, 1.18223972834e-07, 2.59019202531e-07, 9.65346487192e-08, 9.06894968011e-08, 3.40436052682e-08, 2.98094100515e-08, 3.24127058526e-09, 1.09984856778e-08, 5.02272134995e-09, 1.06894182395e-09, 1.74363273819e-10, 3.61811108851e-10, 3.95029536859e-10, 6.16653672569e-10, 2.40748254665e-10, 1.02072683639e-09, 7.28042792719e-10, 7.86015003085e-11, 1.69381383919e-10, 1.20969942397e-10, 1.92810142852e-11, 6.15803866233e-11, 1.13555873038e-10, 3.84832166134e-10, 5.81095449537e-10],
        "max": [0.147330224514, 0.106956526637, 0.0173921957612, 0.0142659004778, 0.00571679743007, 0.00259325536899, 0.00584589364007, 0.00343562150374, 0.00243227183819, 0.00201970851049, 0.00109131960198, 0.00175014114939, 0.0022404009942, 0.00519711524248, 0.00362102151848, 0.00340715027414, 0.00394139112905, 0.00340509368107, 0.00260418117978, 0.0017312488053, 0.00152833282482, 0.000605247041676, 0.00115159642883, 0.000607037974987, 0.000277991173789, 0.000132606262923, 0.00018035985704, 0.000160999086802, 0.000200359048904, 0.000103223646875, 0.000148662293213, 0.000128481362481, 4.83335970785e-05, 7.29442908778e-05, 7.95368250692e-05, 2.22615253733e-05, 4.12345871155e-05, 6.12037620158e-05, 0.000111986984848, 0.000116662522487],
        "mean": [0.0108556514606, 0.00476376945153, 0.000864976376761, 0.000903032836504, 0.000617105513811, 0.000224339906708, 0.000186502831639, 0.000139319337904, 0.000106151972432, 6.7547080107e-05, 4.07373117923e-05, 3.7379180867e-05, 3.53241157427e-05, 5.21399160789e-05, 3.9297992771e-05, 4.56884627056e-05, 5.01325484947e-05, 3.90900786442e-05, 2.9967750379e-05, 2.97599872283e-05, 2.70388300123e-05, 1.24457801576e-05, 1.54936005856e-05, 1.03695283542e-05, 4.48199534731e-06, 3.10863902087e-06, 4.28497969551e-06, 5.80583400733e-06, 6.8898821155e-06, 8.23965820018e-06, 9.22468825593e-06, 7.33939896236e-06, 4.80966446048e-06, 6.22915240456e-06, 4.36389291281e-06, 2.04707862395e-06, 2.38591019297e-06, 3.19373748425e-06, 6.48439436191e-06, 5.92646529185e-06],
        "median": [0.000198587018531, 0.000132300250698, 0.000359103607479, 0.000548222160432, 0.000473984546261, 0.000124629208585, 4.05311329814e-05, 2.18885143113e-05, 2.16716980503e-05, 6.52503149468e-06, 5.29558928974e-06, 5.19627928952e-06, 2.2659867227e-06, 2.07914172279e-06, 1.43555701015e-06, 1.47127275341e-06, 1.43662964547e-06, 9.76471824288e-07, 8.22328274808e-07, 6.27148835974e-07, 3.56361283593e-07, 2.5875914389e-07, 2.62201581336e-07, 7.33547437903e-07, 3.97986326561e-07, 2.36458262748e-07, 9.72811903921e-07, 1.43097304317e-06, 1.45721617173e-06, 2.48211017606e-06, 1.73720070507e-06, 9.16851490729e-07, 1.6051754983e-06, 2.22730659516e-06, 1.0331999647e-06, 6.12969984104e-07, 6.37202163034e-07, 5.56715178845e-07, 4.78653817026e-07, 4.62997462591e-07],
        "min": [9.36777979632e-08, 3.92307413222e-08, 9.97201141217e-07, 8.82946835645e-07, 4.37403997466e-07, 1.78820744168e-06, 1.04687740077e-06, 2.72976848237e-07, 8.02760595775e-08, 3.95599570879e-08, 1.33553811565e-07, 9.05699906184e-08, 1.74422147836e-08, 3.54365141675e-08, 2.00839416209e-08, 1.43403742214e-08, 2.05424264266e-08, 1.4839668161e-08, 1.70329013116e-08, 9.0541245612e-09, 4.94388752159e-09, 2.72320677119e-09, 1.60535573723e-09, 2.64964539198e-09, 1.983649911e-09, 6.82053302725e-10, 1.57076462948e-09, 1.96258076457e-09, 8.35076563455e-10, 7.17657488991e-10, 3.54479445797e-10, 4.92211105207e-10, 9.33818022908e-10, 4.13316963987e-10, 1.78129552775e-10, 8.23566700947e-11, 2.69578387391e-10, 2.27373078698e-10, 1.28262622745e-10, 1.07157227536e-10],
        "stdev": [0.0259656496346, 0.0139578962699, 0.00163409975357, 0.00114012276754, 0.000585703295656, 0.000303398497635, 0.000430759624578, 0.000364236009773, 0.000249186647125, 0.000183598545846, 0.000100262674096, 0.000126603015815, 0.000160601441166, 0.000318146310747, 0.000233786835452, 0.000258135143667, 0.000301435124129, 0.000223869050387, 0.000172054918949, 0.000133507346618, 0.000139086158015, 5.76573438593e-05, 7.51326588215e-05, 4.6752171329e-05, 2.08043202292e-05, 1.1948915926e-05, 1.47055779962e-05, 1.3556860722e-05, 1.7561358618e-05, 1.28357178255e-05, 1.96759719984e-05, 1.70302500919e-05, 7.26040434529e-06, 9.85408405541e-06, 8.09832908999e-06, 3.44090312865e-06, 4.70797385788e-06, 6.68464736009e-06, 1.54970784934e-05, 1.49829484144e-05],
        "var": [0.000674214970786, 0.000194822860067, 2.67028212875e-06, 1.29987995479e-06, 3.43048355944e-07, 9.20506408875e-08, 1.855538585e-07, 1.32667878461e-07, 6.20939886176e-08, 3.37084280488e-08, 1.00526040825e-08, 1.60283217809e-08, 2.57928221004e-08, 1.01217068504e-07, 5.46562866077e-08, 6.66337456323e-08, 9.08631392349e-08, 5.01173538225e-08, 2.9602894358e-08, 1.78242114401e-08, 1.93449611885e-08, 3.32436922434e-09, 5.64491653421e-09, 2.18576556854e-09, 4.32819724505e-10, 1.42776596102e-10, 2.16254014695e-10, 1.83788484431e-10, 3.08401304494e-10, 1.64755653564e-10, 3.87143872516e-10, 2.90029444905e-10, 5.27134724759e-11, 9.71029714969e-11, 6.55829279772e-11, 1.18398138516e-11, 2.21650198196e-11, 4.46845095647e-11, 2.40159420128e-10, 2.24488733158e-10]
    },
    "melbands128": {
