{
"lowlevel": {
    "average_loudness": 0.960824370384,
    "barkbands_crest": {
        "dmean": 2.73340272903,
        "dmean2": 4.03024768829,
        "dvar": 7.85944890976,
        "dvar2": 14.0296630859,
        "max": 26.5800418854,
        "mean": 11.859038353,
        "median": 10.7301664352,
        "min": 2.88249135017,
        "stdev": 6.03836584091,
        "var": 36.4618606567
    },
    "barkbands_flatness_db": {
        "dmean": 0.0332788415253,
        "dmean2": 0.0425717644393,
        "dvar": 0.0016511863796,
        "dvar2": 0.00232248054817,
        "max": 0.802402496338,
        "mean": 0.178771466017,
        "median": 0.155222982168,
        "min": 0.0302036292851,
        "stdev": 0.102148391306,
        "var": 0.0104342931882
    },
    "barkbands_kurtosis": {
        "dmean": 26.5319538116,
        "dmean2": 36.2884712219,
        "dvar": 7727.48339844,
        "dvar2": 13127.9228516,
        "max": 1516.56689453,
        "mean": 38.1276855469,
        "median": 1.36184120178,
        "min": -1.90057075024,
        "stdev": 156.095626831,
        "var": 24365.84375
    },
    "barkbands_skewness": {
        "dmean": 1.31302690506,
        "dmean2": 1.69242525101,
        "dvar": 4.55625295639,
        "dvar2": 7.56384897232,
        "max": 35.212310791,
        "mean": 2.60991692543,
        "median": 1.41808128357,
        "min": -5.43293809891,
        "stdev": 4.39737272263,
        "var": 19.3368854523
    },
    "barkbands_spread": {
        "dmean": 8.17415046692,
        "dmean2": 11.91959095,
        "dvar": 113.656433105,
        "dvar2": 231.496246338,
        "max": 112.861839294,
        "mean": 23.4867515564,
        "median": 20.1450576782,
        "min": 0.0178626682609,
        "stdev": 17.5899658203,
        "var": 309.406890869
    },
    "dissonance": {
        "dmean": 0.0162999145687,
        "dmean2": 0.0281405486166,
        "dvar": 0.000413704226958,
        "dvar2": 0.00114985718392,
        "max": 0.500000178814,
        "mean": 0.471896409988,
        "median": 0.477149039507,
        "min": 0.295569956303,
        "stdev": 0.0234390255064,
        "var": 0.000549387943465
    },
    "dynamic_complexity": 5.87986755371,
    "erbbands_crest": {
        "dmean": 2.5225212574,
        "dmean2": 3.9899790287,
        "dvar": 5.89825963974,
        "dvar2": 13.4717950821,
        "max": 27.9529399872,
        "mean": 8.12695503235,
        "median": 6.91870975494,
        "min": 2.66447591782,
        "stdev": 4.11624145508,
        "var": 16.9434432983
    },
    "erbbands_flatness_db": {
        "dmean": 0.0239968337119,
        "dmean2": 0.033861938864,
        "dvar": 0.000787139928434,
        "dvar2": 0.0014074309729,
        "max": 0.472735434771,
        "mean": 0.165714010596,
        "median": 0.172400474548,
        "min": 0.0610048919916,
        "stdev": 0.0480567701161,
        "var": 0.00230945297517
    },
    "erbbands_kurtosis": {
        "dmean": 1.77902162075,
        "dmean2": 2.85477471352,
        "dvar": 86.2885818481,
        "dvar2": 187.209564209,
        "max": 211.384216309,
        "mean": 1.11994946003,
        "median": -0.171902894974,
        "min": -1.70571005344,
        "stdev": 9.82543373108,
        "var": 96.5391540527
    },
    "erbbands_skewness": {
        "dmean": 0.47779121995,
        "dmean2": 0.709735035896,
        "dvar": 0.307793051004,
        "dvar2": 0.554202318192,
        "max": 10.3411998749,
        "mean": -0.274769514799,
        "median": -0.506006777287,
        "min": -2.68067193031,
        "stdev": 1.09225833416,
        "var": 1.19302821159
    },
    "erbbands_spread": {
        "dmean": 12.3036146164,
        "dmean2": 19.0147018433,
        "dvar": 184.702941895,
        "dvar2": 397.299743652,
        "max": 117.934326172,
        "mean": 41.5847167969,
        "median": 37.5497360229,
        "min": 0.631453275681,
        "stdev": 19.0179977417,
        "var": 361.684265137
    },
    "hfc": {
        "dmean": 9.14013767242,
        "dmean2": 12.1199808121,
        "dvar": 329.020904541,
        "dvar2": 477.933990479,
        "max": 167.746963501,
        "mean": 12.8967285156,
        "median": 3.48394203186,
        "min": 9.72978341451e-06,
        "stdev": 26.057592392,
        "var": 678.998168945
    },
    "loudness_ebu128": {
        "integrated": -18.349193573,
        "loudness_range": 1.44987487793,
        "momentary": {
            "dmean": 1.87505829334,
            "dmean2": 3.03419780731,
            "dvar": 5.53999519348,
            "dvar2": 9.14734840393,
            "max": -15.2223310471,
            "mean": -19.1761112213,
            "median": -18.2445964813,
            "min": -34.8776855469,
            "stdev": 3.06762480736,
            "var": 9.41032123566
        },
        "short_term": {
            "dmean": 0.20505464077,
            "dmean2": 0.320116072893,
            "dvar": 0.0291896536946,
            "dvar2": 0.0538421645761,
            "max": -17.344367981,
            "mean": -18.4704418182,
            "median": -18.5110416412,
            "min": -19.7281112671,
            "stdev": 0.492514699697,
            "var": 0.242570742965
        }
    },
    "melbands_crest": {
        "dmean": 3.64659523964,
        "dmean2": 5.72389936447,
        "dvar": 12.7954378128,
        "dvar2": 27.0004062653,
        "max": 36.909236908,
        "mean": 17.0103187561,
        "median": 16.8842334747,
        "min": 2.70175099373,
        "stdev": 7.5511007309,
        "var": 57.0191192627
    },
    "melbands_flatness_db": {
        "dmean": 0.0393887907267,
        "dmean2": 0.0492991581559,
        "dvar": 0.00206797826104,
        "dvar2": 0.00282248086296,
        "max": 0.964417040348,
        "mean": 0.24663105607,
        "median": 0.227997854352,
        "min": 0.0220767688006,
        "stdev": 0.137218609452,
        "var": 0.0188289470971
    },
    "melbands_kurtosis": {
        "dmean": 38.8008117676,
        "dmean2": 52.91147995,
        "dvar": 12318.5703125,
        "dvar2": 20270.4257812,
        "max": 1917.3371582,
        "mean": 71.3722457886,
        "median": 8.75119972229,
        "min": -1.81181979179,
        "stdev": 226.361740112,
        "var": 51239.640625
    },
    "melbands_skewness": {
        "dmean": 1.36419069767,
        "dmean2": 1.8793194294,
        "dvar": 3.68321490288,
        "dvar2": 6.16131162643,
        "max": 23.8176803589,
        "mean": 4.20324516296,
        "median": 2.77641224861,
        "min": -3.22015762329,
        "stdev": 4.11915874481,
        "var": 16.9674682617
    },
    "melbands_spread": {
        "dmean": 11.0652332306,
        "dmean2": 16.0259208679,
        "dvar": 333.524383545,
        "dvar2": 725.71875,
        "max": 239.461837769,
        "mean": 30.24401474,
        "median": 19.9458065033,
        "min": 0.0967690497637,
        "stdev": 36.195728302,
        "var": 1310.13061523
    },
    "pitch_salience": {
        "dmean": 0.0933037698269,
        "dmean2": 0.142511770129,
        "dvar": 0.0115492846817,
        "dvar2": 0.0250835511833,
        "max": 0.897816181183,
        "mean": 0.468299388885,
        "median": 0.489096313715,
        "min": 0.0367849804461,
        "stdev": 0.188133999705,
        "var": 0.0353944003582
    },
    "silence_rate_20dB": {
        "dmean": 0,
        "dmean2": 0,
        "dvar": 0,
        "dvar2": 0,
        "max": 1,
        "mean": 1,
        "median": 1,
        "min": 1,
        "stdev": 0,
        "var": 0
    },
    "silence_rate_30dB": {
        "dmean": 0.072239421308,
        "dmean2": 0.144553437829,
        "dvar": 0.0670209154487,
        "dvar2": 0.123655810952,
        "max": 1,
        "mean": 0.906137168407,
        "median": 1,
        "min": 0,
        "stdev": 0.291636914015,
        "var": 0.0850520953536
    },
    "silence_rate_60dB": {
        "dmean": 0.0655314773321,
        "dmean2": 0.130614355206,
        "dvar": 0.0612375922501,
        "dvar2": 0.121813602746,
        "max": 1,
        "mean": 0.220732331276,
        "median": 0,
        "min": 0,
        "stdev": 0.41474416852,
        "var": 0.172012731433
    },
    "spectral_centroid": {
        "dmean": 321.141357422,
        "dmean2": 443.520721436,
        "dvar": 135888.84375,
        "dvar2": 221163.6875,
        "max": 5975.33398438,
        "mean": 1483.31323242,
        "median": 1203.42077637,
        "min": 60.0796470642,
        "stdev": 1029.85009766,
        "var": 1060591.125
    },
    "spectral_complexity": {
        "dmean": 3.4680082798,
        "dmean2": 4.67836856842,
        "dvar": 35.2675132751,
        "dvar2": 48.6976089478,
        "max": 59,
        "mean": 11.1155233383,
        "median": 10,
        "min": 0,
        "stdev": 11.1269674301,
        "var": 123.809402466
    },
    "spectral_decrease": {
        "dmean": 5.0197352941e-09,
        "dmean2": 6.12904305086e-09,
        "dvar": 9.64874685505e-17,
        "dvar2": 1.60343416325e-16,
        "max": -1.80263857769e-14,
        "mean": -7.37739913603e-09,
        "median": -1.89727278332e-09,
        "min": -7.50483835077e-08,
        "stdev": 1.37447022652e-08,
        "var": 1.88916828721e-16
    },
    "spectral_energy": {
        "dmean": 0.0195947140455,
        "dmean2": 0.0238141026348,
        "dvar": 0.00141496246215,
        "dvar2": 0.00234760181047,
        "max": 0.286228835583,
        "mean": 0.0290137622505,
        "median": 0.00770875066519,
        "min": 6.89183323743e-08,
        "stdev": 0.0527246966958,
        "var": 0.0027798935771
    },
    "spectral_energyband_high": {
        "dmean": 0.000647147011478,
        "dmean2": 0.000857409206219,
        "dvar": 2.09190898204e-06,
        "dvar2": 3.02274156638e-06,
        "max": 0.0131860394031,
        "mean": 0.000772167055402,
        "median": 2.1357787773e-05,
        "min": 2.61804578017e-10,
        "stdev": 0.00213849148713,
        "var": 4.57314536106e-06
    },
    "spectral_energyband_low": {
        "dmean": 0.0164131894708,
        "dmean2": 0.0208837799728,
        "dvar": 0.00149373954628,
        "dvar2": 0.00270910956897,
        "max": 0.284592777491,
        "mean": 0.0221479162574,
        "median": 0.00291053345427,
        "min": 3.03485094832e-08,
        "stdev": 0.0504785887897,
        "var": 0.00254808785394
    },
    "spectral_energyband_middle_high": {
        "dmean": 0.00149069388863,
        "dmean2": 0.00206323317252,
        "dvar": 1.43420847962e-05,
        "dvar2": 2.49349159276e-05,
        "max": 0.0349048413336,
        "mean": 0.00226751761511,
        "median": 0.000963765778579,
        "min": 3.35626582082e-10,
        "stdev": 0.00491211516783,
        "var": 2.41288744292e-05
    },
    "spectral_energyband_middle_low": {
        "dmean": 0.00569887645543,
        "dmean2": 0.0103034144267,
        "dvar": 0.000208248748095,
        "dvar2": 0.000567504379433,
        "max": 0.08239672333,
        "mean": 0.00482434593141,
        "median": 0.00191220617853,
        "min": 1.6988750684e-10,
        "stdev": 0.0116811031476,
        "var": 0.00013644817227
    },
    "spectral_entropy": {
        "dmean": 0.20570628345,
        "dmean2": 0.301802575588,
        "dvar": 0.0795171409845,
        "dvar2": 0.136792510748,
        "max": 8.85987663269,
        "mean": 7.54081535339,
        "median": 7.42211437225,
        "min": 3.52152776718,
        "stdev": 0.584205687046,
        "var": 0.341296285391
    },
    "spectral_flux": {
        "dmean": 0.0389913395047,
        "dmean2": 0.0529944375157,
        "dvar": 0.00394645379856,
        "dvar2": 0.0057013835758,
        "max": 0.443061321974,
        "mean": 0.0837506502867,
        "median": 0.0384716615081,
        "min": 0.000176532368641,
        "stdev": 0.103947967291,
        "var": 0.0108051802963
    },
    "spectral_kurtosis": {
        "dmean": 3.19093680382,
        "dmean2": 5.29423713684,
        "dvar": 56.4798774719,
        "dvar2": 123.765907288,
        "max": 202.497055054,
        "mean": 5.89653778076,
        "median": 4.2945394516,
        "min": -0.384264230728,
        "stdev": 10.5637426376,
        "var": 111.592651367
    },
    "spectral_rms": {
        "dmean": 0.00134132383391,
        "dmean2": 0.00150533614215,
        "dvar": 4.21723461841e-06,
        "dvar2": 5.86748819842e-06,
        "max": 0.0167107041925,
        "mean": 0.00386610208079,
        "median": 0.00274239527062,
        "min": 8.19984143163e-06,
        "stdev": 0.00365505344234,
        "var": 1.33594157887e-05
    },
    "spectral_rolloff": {
        "dmean": 704.330932617,
        "dmean2": 1093.51318359,
        "dvar": 1889724.5,
        "dvar2": 3996155.25,
        "max": 12639.9902344,
        "mean": 1971.2154541,
        "median": 1270.45898438,
        "min": 64.599609375,
        "stdev": 2578.13964844,
        "var": 6646804
    },
    "spectral_skewness": {
        "dmean": 0.347098112106,
        "dmean2": 0.558675646782,
        "dvar": 0.22404640913,
        "dvar2": 0.47714599967,
        "max": 11.9379348755,
        "mean": 1.52130746841,
        "median": 1.4974104166,
        "min": 0.211794525385,
        "stdev": 0.807820916176,
        "var": 0.652574658394
    },
    "spectral_spread": {
        "dmean": 1119257.625,
        "dmean2": 1495246.25,
        "dvar": 2.59011352986e+12,
        "dvar2": 4.8587430953e+12,
        "max": 21905740,
        "mean": 4538209.5,
        "median": 3661575.75,
        "min": 402208.90625,
        "stdev": 2614560,
        "var": 6.83592384512e+12
    },
    "spectral_strongpeak": {
        "dmean": 0.344607830048,
        "dmean2": 0.563600897789,
        "dvar": 0.58616566658,
        "dvar2": 1.46108710766,
        "max": 6.98816633224,
        "mean": 0.468832552433,
        "median": 0.262599289417,
        "min": 0,
        "stdev": 0.799685835838,
        "var": 0.639497458935
    },
    "zerocrossingrate": {
        "dmean": 0.0166610237211,
        "dmean2": 0.0158947277814,
        "dvar": 0.000520161760505,
        "dvar2": 0.000495260872412,
        "max": 0.43505859375,
        "mean": 0.066972091794,
        "median": 0.0439453125,
        "min": 0.001953125,
        "stdev": 0.0710700377822,
        "var": 0.00505095068365
    },
    "barkbands": {
        "dmean": [0.000224610746955, 0.0123385684565, 0.00728187710047, 0.00279387296177, 0.00244933902286, 0.000239899993176, 0.000212559185456, 0.000280902429949, 9.04912085389e-05, 4.95951317134e-05, 6.73948889016e-05, 0.000121292745462, 0.00018083229952, 0.00023285264615, 0.000167231497471, 0.000308244489133, 0.000238693784922, 0.000171812163899, 0.000140242700581, 0.000219421781367, 0.00012743404659, 0.000125760911033, 0.000132591201691, 7.35927314963e-05, 8.04254741524e-05, 6.15468597971e-05, 4.79807965803e-07],
        "dmean2": [0.000315774581395, 0.0157074294984, 0.0133351748809, 0.00525923678651, 0.00442221295089, 0.000402281817514, 0.000355474388925, 0.000463281729026, 0.000133546986035, 7.27141668904e-05, 0.000102680452983, 0.000190056671272, 0.000285190617433, 0.000391191337258, 0.00024398403184, 0.000455656641861, 0.000358756282367, 0.000225694049732, 0.000196865978069, 0.000337066769134, 0.000155067857122, 0.000164235185366, 0.00016488955589, 0.00010691339412, 0.00012712914031, 0.000101462384919, 8.39466565594e-07],
        "dvar": [3.09037545776e-07, 0.000858982210048, 0.000591257761698, 8.34786187625e-05, 5.24310999026e-05, 4.348883067e-07, 3.50866088183e-07, 3.95111641183e-07, 8.91532536684e-08, 8.88338735905e-09, 5.6037247731e-08, 7.89455398831e-08, 1.6022781324e-07, 2.68191712394e-07, 2.94758365271e-07, 4.32266347161e-07, 5.60693138141e-07, 2.24977654284e-07, 2.18996845547e-07, 7.05381580701e-07, 1.13045388161e-07, 1.29643723312e-07, 7.40675858424e-08, 2.87239245722e-08, 2.5741178078e-08, 1.61430762091e-08, 1.44358114872e-12],
        "dvar2": [6.78481058003e-07, 0.00159550982062, 0.00163725891616, 0.000240045890678, 0.000139310912346, 1.21085793126e-06, 8.70673488862e-07, 1.00269699033e-06, 1.85284733334e-07, 1.81031456492e-08, 1.318441889e-07, 1.42357606592e-07, 3.68222629277e-07, 6.92328285368e-07, 6.80598702729e-07, 7.12303119599e-07, 1.31071180931e-06, 3.77417336495e-07, 3.51363013351e-07, 1.39640269481e-06, 1.33150749093e-07, 2.20889759817e-07, 1.1597268923e-07, 6.34363033214e-08, 5.96897393734e-08, 4.09291232017e-08, 3.82347018629e-12],
        "max": [0.00742660835385, 0.203485459089, 0.152317523956, 0.0553234219551, 0.0627883970737, 0.0068130758591, 0.00569086009637, 0.0049753296189, 0.00723363319412, 0.00128236098681, 0.00555239897221, 0.00607795640826, 0.00481939874589, 0.00402118219063, 0.00598243949935, 0.00934071466327, 0.00776205118746, 0.00519327633083, 0.0043208906427, 0.00768244033679, 0.00352027220652, 0.00378563976847, 0.00286088185385, 0.00181492709089, 0.000890565628652, 0.000702149816789, 1.05451235868e-05],
        "mean": [0.00026400576462, 0.0156010240316, 0.00529390946031, 0.00189330580179, 0.00200888654217, 0.000227808210184, 0.000228452321608, 0.000319932587445, 0.000130868109409, 7.1717564424e-05, 0.000101192104921, 0.000188183796126, 0.000208166311495, 0.000256850675214, 0.000190353195649, 0.000467425590614, 0.000248117255978, 0.000228466335102, 0.000183710100828, 0.000233801023569, 0.000173688022187, 0.000152978274855, 0.000156490612426, 7.15925780241e-05, 6.67897838866e-05, 4.57566602563e-05, 3.29481451899e-07],
        "median": [1.30576245283e-05, 0.00147097674198, 0.00114036921877, 8.43579618959e-05, 0.000643482373562, 6.53526076348e-05, 9.34388954192e-05, 8.99583319551e-05, 4.05081591452e-05, 2.7571715691e-05, 4.15438407799e-05, 8.27341136755e-05, 9.37934237299e-05, 6.87844658387e-05, 4.14080677729e-05, 0.000193944157218, 6.86180574121e-05, 2.61521217908e-05, 2.27244108828e-05, 1.37807637657e-05, 8.15462681203e-06, 2.71467115454e-06, 2.55783879766e-06, 8.58612168031e-07, 5.88159821291e-07, 2.49339365155e-07, 7.65662733215e-09],
        "min": [6.8991032505e-12, 4.62476834606e-10, 4.58617854804e-09, 8.5461089594e-11, 1.77110600491e-11, 1.98098950438e-11, 9.48541592494e-12, 1.63397767539e-11, 1.43975794828e-11, 7.11331818101e-12, 1.73656878807e-12, 2.50720381956e-11, 2.1048171539e-10, 2.92816595623e-12, 2.00164780584e-11, 1.06347951279e-11, 7.0627960945e-12, 8.87728258958e-12, 1.17299833041e-11, 5.06889981378e-11, 1.86639193683e-11, 2.36266891468e-11, 2.95512572746e-11, 3.18209902872e-11, 4.5329292403e-11, 2.63254210098e-11, 1.44601189886e-16],
        "stdev": [0.000677543575875, 0.0370632186532, 0.019079471007, 0.00684586027637, 0.00600666925311, 0.000562246365007, 0.000563640031032, 0.000627574045211, 0.000375933828764, 0.000124227517517, 0.000293477962259, 0.000381116115022, 0.000424902100349, 0.000554662430659, 0.000566121248994, 0.000901872932445, 0.000761927338317, 0.000681318750139, 0.000615163065959, 0.000936469645239, 0.000545276096091, 0.000506063399371, 0.000413782196119, 0.000190150225535, 0.000159336443176, 0.000114892769489, 1.00698707683e-06],
        "var": [4.59065319092e-07, 0.00137368217111, 0.000364026200259, 4.68657999591e-05, 3.60800768249e-05, 3.1612097473e-07, 3.17690080465e-07, 3.93849177271e-07, 1.41326253811e-07, 1.54324766299e-08, 8.61293187882e-08, 1.45249487105e-07, 1.80541803729e-07, 3.07650424247e-07, 3.20493285244e-07, 8.13374754216e-07, 5.80533310313e-07, 4.64195238692e-07, 3.78425568215e-07, 8.76975434494e-07, 2.97326039345e-07, 2.56100179286e-07, 1.71215702949e-07, 3.61571075302e-08, 2.53881005108e-08, 1.32003483699e-08, 1.01402295848e-12]
    },
    "erbbands": {
        "dmean": [0.288389384747, 3.23019146919, 8.84561157227, 8.29613113403, 10.5027284622, 6.45855283737, 3.18813276291, 1.86125409603, 1.897960186, 6.23035097122, 4.66562318802, 2.09961915016, 1.7451595068, 2.18998908997, 2.32440161705, 5.38137102127, 8.15069961548, 8.59311199188, 10.6551437378, 10.2392578125, 17.950843811, 14.4879236221, 9.63459587097, 8.24276638031, 10.9543848038, 7.08240461349, 6.23616790771, 4.50785827637, 4.88093519211, 3.21460556984, 4.61502408981, 2.10537028313, 0.993832230568, 0.864419639111, 0.555505812168, 0.393843084574, 0.0801103264093, 0.00577777856961, 0.000137376351631, 2.79942469206e-05],
        "dmean2": [0.360944628716, 4.47234106064, 15.4828567505, 15.0630149841, 19.4714508057, 11.2169313431, 5.25400447845, 3.26436567307, 3.16578221321, 10.3636865616, 7.72432231903, 3.10136985779, 2.64665436745, 3.34397983551, 3.62018656731, 8.30406856537, 12.9422931671, 13.7706956863, 16.9070091248, 15.5981655121, 24.2279720306, 21.6226806641, 13.1184835434, 10.9620189667, 15.5676259995, 10.7452030182, 8.08607006073, 5.62164831161, 6.36655759811, 4.12438154221, 6.12898540497, 2.95683956146, 1.46146893501, 1.34818041325, 0.896641790867, 0.653136193752, 0.127912908792, 0.00935256201774, 0.000215157429921, 3.60994818038e-05],
        "dvar": [0.472595781088, 65.3735733032, 781.735717773, 699.620727539, 883.444335938, 327.823486328, 46.6504974365, 33.976524353, 28.7221698761, 256.363952637, 119.825576782, 28.8268489838, 14.1584177017, 60.0256500244, 22.1625137329, 172.828399658, 345.229156494, 355.945007324, 672.20690918, 823.570251465, 1611.35449219, 1953.83093262, 708.655517578, 740.296081543, 1577.20935059, 677.265075684, 363.273956299, 148.480133057, 212.208877563, 57.3401947021, 95.6942596436, 22.8611717224, 4.55426502228, 3.01118898392, 1.25064504147, 0.675129473209, 0.0254919659346, 0.000136172806378, 7.01855640273e-08, 2.20613660673e-09],
        "dvar2": [0.755870461464, 133.304443359, 2080.94677734, 1919.37780762, 2469.8269043, 844.867858887, 123.284103394, 96.5501556396, 77.946975708, 634.185668945, 300.423034668, 58.93409729, 34.3709640503, 137.667602539, 54.3175735474, 307.618682861, 786.261962891, 865.295654297, 1625.03930664, 1798.25219727, 2535.94311523, 4559.03955078, 1264.31469727, 1234.12487793, 3305.28955078, 1265.84265137, 498.692443848, 206.050796509, 340.177368164, 93.0543899536, 173.22718811, 47.7564582825, 10.3506040573, 6.77988529205, 3.04275608063, 1.72437644005, 0.0613448172808, 0.000329576112563, 1.67667110418e-07, 3.76870001872e-09],
        "max": [6.03930425644, 56.7735023499, 183.390411377, 176.746887207, 196.933044434, 186.318191528, 76.9621047974, 60.5817184448, 58.1651039124, 121.692985535, 97.8955917358, 123.582748413, 43.4159431458, 190.672683716, 65.1382217407, 275.456481934, 229.507614136, 169.242492676, 289.624389648, 313.971862793, 591.549133301, 443.357727051, 292.697967529, 277.829071045, 368.340942383, 249.707138062, 176.324234009, 133.050567627, 155.744491577, 82.3891906738, 100.3748703, 50.8817100525, 23.7825031281, 11.631819725, 6.00423431396, 4.40946102142, 0.841336429119, 0.0624761469662, 0.00149464525748, 0.000323022366501],
        "mean": [0.361407935619, 3.7134013176, 7.31283712387, 5.94141101837, 7.45426082611, 5.76787376404, 3.54122376442, 1.77334070206, 2.20529007912, 6.52034854889, 5.25953817368, 3.2262609005, 2.48398590088, 3.4953918457, 3.61228704453, 8.03962612152, 10.0706710815, 9.82709217072, 12.442568779, 13.3572149277, 26.6324043274, 15.8400192261, 13.0276622772, 10.2855491638, 11.7231807709, 8.19454956055, 8.82577705383, 5.49592113495, 6.08326387405, 4.02859258652, 5.05436372757, 2.11966133118, 0.964040875435, 0.751017332077, 0.432564437389, 0.288700461388, 0.0632851421833, 0.00446099927649, 0.000115963273856, 3.90668246837e-05],
        "median": [0.0353269204497, 0.30421218276, 1.22975873947, 0.798577010632, 0.589046776295, 1.21302855015, 0.932369410992, 0.599756896496, 1.04762780666, 1.73766374588, 1.54305517673, 1.10732853413, 1.09703660011, 1.47827255726, 1.97749817371, 3.61860322952, 4.88490772247, 2.91247081757, 4.4507226944, 4.24870681763, 10.6846094131, 4.99653720856, 1.88983654976, 1.13208138943, 1.01206707954, 0.632820546627, 0.388027966022, 0.240894019604, 0.112345933914, 0.0633453950286, 0.0720208361745, 0.0274953506887, 0.00949576310813, 0.00770647963509, 0.00333588686772, 0.00126068899408, 0.000453276094049, 5.57650528208e-05, 6.4216874307e-06, 1.2663123016e-05],
        "min": [2.82331313883e-08, 8.33668707401e-07, 9.02652300283e-06, 1.03805759863e-05, 1.03563422726e-06, 1.28314368908e-07, 8.86803945832e-08, 1.62867721087e-07, 1.30579564939e-07, 3.23578632333e-07, 2.23629811558e-07, 2.63768754394e-07, 4.18378618861e-07, 7.93026018187e-08, 3.66025943777e-07, 1.32411673803e-06, 1.09266566142e-05, 1.91438061847e-06, 6.45049340164e-07, 1.01632269889e-06, 5.29734336396e-07, 3.96085539478e-07, 4.07727412721e-07, 6.6110374064e-07, 5.92436492752e-07, 2.75490492641e-06, 1.16627052194e-06, 7.72811063143e-07, 8.0596657881e-07, 8.86269276634e-07, 8.53246547194e-07, 6.38918720597e-07, 6.22711752385e-07, 5.48521768451e-07, 2.91111660999e-07, 1.44401084867e-07, 2.45919675734e-08, 3.24078430758e-09, 5.34272903696e-10, 9.20441639574e-11],
        "stdev": [0.922482252121, 9.23781394958, 23.3041000366, 21.0201969147, 23.1988811493, 15.7644128799, 6.55655908585, 4.74843788147, 4.64064502716, 15.8523550034, 10.9336233139, 7.58250570297, 4.27850723267, 9.9317522049, 5.66693735123, 17.3189697266, 19.960975647, 20.4445648193, 27.0218296051, 31.7540073395, 55.4700622559, 45.5415840149, 37.4341621399, 35.0085945129, 44.9081039429, 30.6032714844, 29.0103797913, 17.815530777, 20.5561885834, 11.7809705734, 13.4920024872, 5.63357639313, 2.40097427368, 1.78656816483, 1.05590415001, 0.735676109791, 0.152135565877, 0.0109894359484, 0.00025789407664, 6.45633481327e-05],
        "var": [0.850973546505, 85.3372039795, 543.081115723, 441.848693848, 538.188049316, 248.516708374, 42.9884681702, 22.5476608276, 21.5355873108, 251.297149658, 119.544113159, 57.4943962097, 18.3056221008, 98.6397094727, 32.1141815186, 299.946716309, 398.440582275, 417.980255127, 730.179321289, 1008.31695557, 3076.92797852, 2074.03588867, 1401.31652832, 1225.60180664, 2016.73791504, 936.560241699, 841.602111816, 317.393157959, 422.556854248, 138.791259766, 182.034118652, 31.7371807098, 5.76467752457, 3.1918258667, 1.11493349075, 0.541219353676, 0.023145230487, 0.000120767705084, 6.65093509156e-08, 4.16842560469e-09]
    },
    "gfcc": {
        "mean": [-127.599937439, 99.2664413452, -115.874961853, 47.3840751648, -29.4697818756, 21.1668739319, -34.0382499695, 9.49944591522, -16.4372291565, 2.22655797005, -16.8199481964, -0.54617536068, -10.9214382172],
        "cov": [[29260.8828125, 1268.00769043, -157.357299805, -378.28302002, 185.510269165, -668.730712891, -381.539825439, -122.052810669, 369.907531738, 628.545166016, 41.296661377, -13.0060758591, -181.705123901], [1268.00769043, 3945.32910156, -874.991699219, -510.319274902, 1209.86071777, -833.803649902, 592.440246582, -233.979354858, 277.964599609, -78.5092926025, 320.341400146, -196.269851685, 174.609695435], [-157.357299805, -874.991699219, 1843.88122559, 60.4453849792, 55.934211731, 496.699615479, -15.3447751999, 242.582519531, 7.65435123444, 123.376365662, -136.898452759, 117.523986816, -31.9645519257], [-378.28302002, -510.319274902, 60.4453849792, 375.367370605, -199.350875854, 133.545974731, -25.3148994446, -4.47244882584, 12.2189245224, -43.795425415, 22.0818519592, -22.9716529846, 13.181303978], [185.510269165, 1209.86071777, 55.934211731, -199.350875854, 768.721130371, -128.438079834, 301.057006836, 6.71702575684, 106.604980469, 12.5620927811, 112.83467865, -27.7228336334, 84.2905273438], [-668.730712891, -833.803649902, 496.699615479, 133.545974731, -128.438079834, 372.506500244, -100.875267029, 117.868133545, -37.2300262451, 24.7828884125, -67.9471969604, 64.7871017456, -19.5625400543], [-381.539825439, 592.440246582, -15.3447751999, -25.3148994446, 301.057006836, -100.875267029, 299.666717529, 10.3651981354, 93.8222961426, -19.5159320831, 98.5192565918, -29.5309238434, 71.0634994507], [-122.052810669, -233.979354858, 242.582519531, -4.47244882584, 6.71702575684, 117.868133545, 10.3651981354, 146.613037109, 31.5763912201, 35.6649856567, -15.0780391693, 35.8045425415, 0.766108691692], [369.907531738, 277.964599609, 7.65435123444, 12.2189245224, 106.604980469, -37.2300262451, 93.8222961426, 31.5763912201, 137.806350708, 34.9576377869, 72.9394607544, -17.8596744537, 37.2838668823], [628.545166016, -78.5092926025, 123.376365662, -43.795425415, 12.5620927811, 24.7828884125, -19.5159320831, 35.6649856567, 34.9576377869, 84.0129318237, 1.25377929211, 21.8865013123, -6.86289691925], [41.296661377, 320.341400146, -136.898452759, 22.0818519592, 112.83467865, -67.9471969604, 98.5192565918, -15.0780391693, 72.9394607544, 1.25377929211, 113.824768066, -4.83059120178, 38.8340072632], [-13.0060758591, -196.269851685, 117.523986816, -22.9716529846, -27.7228336334, 64.7871017456, -29.5309238434, 35.8045425415, -17.8596744537, 21.8865013123, -4.83059120178, 63.1405334473, 4.29616117477], [-181.705123901, 174.609695435, -31.9645519257, 13.181303978, 84.2905273438, -19.5625400543, 71.0634994507, 0.766108691692, 37.2838668823, -6.86289691925, 38.8340072632, 4.29616117477, 60.3864326477]],
        "icov": [[4.98196241097e-05, -2.99031944451e-05, 5.21016636412e-06, -0.00012411409989, -3.90315908589e-05, 0.000142270146171, 9.67184823821e-05, 4.51739579148e-05, -0.00013311431394, -0.0003874610411, 0.000154128661961, -0.000186524979654, 0.000204708412639], [-2.99031944451e-05, 0.00157968571875, -0.000208297511563, 0.0013678832911, -0.00144299818203, 0.00173433031887, 0.000501211674418, 0.000563578156289, -0.00118699832819, 0.00215043476783, -0.00159158266615, 0.00217283586971, -0.00124124693684], [5.21016636412e-06, -0.000208297511563, 0.00124475953635, -0.000602642190643, -0.000216876651393, -0.00135839986615, -0.000941125501413, -8.63847017172e-05, -0.000639708654489, -0.0012884628959, 0.00231226836331, -0.00191948970314, 0.00127780414186], [-0.00012411409989, 0.0013678832911, -0.000602642190643, 0.00748619902879, 0.00107166985981, -0.00218412093818, 0.000304932444124, 0.0013749548234, -0.00072409020504, 0.00488712964579, -0.00614796811715, 0.00808195862919, -0.00448039080948], [-3.90315908589e-05, -0.00144299818203, -0.000216876651393, 0.00107166985981, 0.00451022060588, -0.00254886201583, -0.00246451143175, -0.000307371490635, 0.00202851858921, -0.00177438044921, -0.00106203125324, 0.00111750012729, -0.00136147113517], [0.000142270146171, 0.00173433031887, -0.00135839986615, -0.00218412093818, -0.00254886201583, 0.0105625530705, 0.00282869790681, -0.00308578158729, -0.000758981099352, 0.00153440202121, 0.000397613679525, -0.00240675359964, -0.000580619089305], [9.67184823821e-05, 0.000501211674418, -0.000941125501413, 0.000304932444124, -0.00246451143175, 0.00282869790681, 0.00952911004424, -0.00227347062901, -0.0011437209323, 0.00316837034188, -0.00454949587584, 0.00376063608564, -0.00482720276341], [4.51739579148e-05, 0.000563578156289, -8.63847017172e-05, 0.0013749548234, -0.000307371490635, -0.00308578158729, -0.00227347062901, 0.0136634754017, -0.00669793505222, -8.92971729627e-05, 0.00356261292472, -0.00510465586558, 0.00228933873586], [-0.00013311431394, -0.00118699832819, -0.000639708654489, -0.00072409020504, 0.00202851858921, -0.000758981099352, -0.0011437209323, -0.00669793505222, 0.0224214810878, -0.0098727401346, -0.0107497312129, 0.0116067035124, -0.00767354946584], [-0.0003874610411, 0.00215043476783, -0.0012884628959, 0.00488712964579, -0.00177438044921, 0.00153440202121, 0.00316837034188, -8.92971729627e-05, -0.0098727401346, 0.0267338063568, -0.00302518648095, -0.00242371228524, 0.00136548792943], [0.000154128661961, -0.00159158266615, 0.00231226836331, -0.00614796811715, -0.00106203125324, 0.000397613679525, -0.00454949587584, 0.00356261292472, -0.0107497312129, -0.00302518648095, 0.0276480522007, -0.0166444014758, 0.00424903724343], [-0.000186524979654, 0.00217283586971, -0.00191948970314, 0.00808195862919, 0.00111750012729, -0.00240675359964, 0.00376063608564, -0.00510465586558, 0.0116067035124, -0.00242371228524, -0.0166444014758, 0.0406154096127, -0.015952013433], [0.000204708412639, -0.00124124693684, 0.00127780414186, -0.00448039080948, -0.00136147113517, -0.000580619089305, -0.00482720276341, 0.00228933873586, -0.00767354946584, 0.00136548792943, 0.00424903724343, -0.015952013433, 0.0330788381398]]
    },
    "melbands": {
        "dmean": [0.00290886312723, 0.00415600091219, 0.00145242910367, 0.000633672985714, 0.000127450097352, 4.08308333135e-05, 3.16257137456e-05, 7.02353936504e-05, 3.27261732309e-05, 1.30302341859e-05, 8.64054709382e-06, 8.65082347445e-06, 7.78188768891e-06, 8.21657795314e-06, 2.46994404733e-05, 1.55466350407e-05, 1.81635041372e-05, 2.01335587917e-05, 1.2307003999e-05, 1.81963023351e-05, 2.22398593905e-05, 1.65793971973e-05, 8.79786784935e-06, 7.67967958382e-06, 6.98695203027e-06, 5.35204571861e-06, 1.04935943455e-05, 4.37084963778e-06, 4.351757525e-06, 3.957969966e-06, 2.41502243625e-06, 2.90534740088e-06, 2.26025395023e-06, 1.69607756106e-06, 3.07567756863e-06, 1.67503378634e-06, 1.08324707071e-06, 7.00766122463e-07, 7.28235932002e-07, 7.12591315732e-07],
        "dmean2": [0.00369641301222, 0.00646887207404, 0.00260427733883, 0.00114977487829, 0.000216147222091, 7.09516025381e-05, 5.21929287061e-05, 0.000116363829875, 5.4488722526e-05, 1.90277896763e-05, 1.31090337163e-05, 1.32608365675e-05, 1.20777403936e-05, 1.26356399051e-05, 3.97974945372e-05, 2.40137997025e-05, 2.96780108329e-05, 3.34079049935e-05, 1.84362797881e-05, 2.93323628284e-05, 2.94575165753e-05, 2.54470596701e-05, 1.34023057399e-05, 9.69666052697e-06, 9.56164967647e-06, 7.43178179619e-06, 1.62277610798e-05, 6.35311789665e-06, 5.78040635446e-06, 6.04978140473e-06, 3.32201307174e-06, 3.78745653506e-06, 3.05276967083e-06, 2.17737260755e-06, 4.10017764807e-06, 2.39733572016e-06, 1.53120811319e-06, 1.07660855519e-06, 1.11336476039e-06, 1.12194879875e-06],
        "dvar": [4.7873971198e-05, 0.00013400168973, 1.72199579538e-05, 3.48860157828e-06, 8.40108000943e-08, 1.58389728e-08, 7.47244310872e-09, 2.91598176716e-08, 7.00222413386e-09, 1.01378427875e-09, 3.38617994755e-10, 8.31726298944e-10, 4.38846931017e-10, 1.98515037741e-10, 5.70764280283e-09, 7.7980877311e-10, 1.61231916707e-09, 2.23407781164e-09, 1.59517632436e-09, 1.36903355319e-09, 2.9114683997e-09, 2.7599347252e-09, 5.13527609325e-10, 5.2431103903e-10, 5.64404467607e-10, 3.09302722323e-10, 1.62204805143e-09, 2.52646237264e-10, 1.98849214872e-10, 1.40596576048e-10, 6.08059436136e-11, 8.16750625465e-11, 3.66599910151e-11, 1.64510627343e-11, 4.27569785133e-11, 1.34371567692e-11, 6.02176988829e-12, 2.5708794902e-12, 2.1764749291e-12, 2.08173495803e-12],
        "dvar2": [7.88999022916e-05, 0.000317666359479, 4.62845273432e-05, 9.34229046834e-06, 2.31084229085e-07, 4.48059829239e-08, 1.94492191241e-08, 7.31023703793e-08, 1.70914162823e-08, 2.08366990329e-09, 8.26929469344e-10, 1.91491622559e-09, 1.05950970219e-09, 4.3195372279e-10, 1.0991652033e-08, 1.78230641357e-09, 4.01391586635e-09, 5.65444713274e-09, 3.57890916902e-09, 2.95158586461e-09, 4.63001548212e-09, 6.52966836157e-09, 1.07668929328e-09, 8.31788360411e-10, 1.02429631443e-09, 5.62788926572e-10, 3.89446075388e-09, 4.9687831627e-10, 3.53596152358e-10, 2.3292689999e-10, 1.3210230132e-10, 1.3326217907e-10, 6.72698841075e-11, 2.63355899588e-11, 7.62387653008e-11, 2.72319874983e-11, 1.27336665517e-11, 6.16854657631e-12, 4.69243307405e-12, 4.81282288328e-12],
        "max": [0.0530862659216, 0.079788222909, 0.0256211906672, 0.016245463863, 0.00324531574734, 0.00130521366373, 0.000972665147856, 0.00119425950106, 0.00113641866483, 0.00072090717731, 0.000213399966015, 0.000699792581145, 0.000414025300415, 0.000169465201907, 0.00155538343824, 0.000238030275796, 0.000336510915076, 0.000476938905194, 0.000446426187409, 0.000419161049649, 0.000739562965464, 0.000536508799996, 0.000209180900129, 0.000259561289568, 0.000253440899542, 0.000174572924152, 0.000356954376912, 0.000150551088154, 0.00013595483324, 9.75493021542e-05, 8.3555081801e-05, 9.60970792221e-05, 7.00968084857e-05, 4.61306226498e-05, 6.81866513332e-05, 3.63865874533e-05, 2.6251127565e-05, 1.96776636585e-05, 1.1502685993e-05, 9.80579534371e-06],
        "mean": [0.00381562788971, 0.0041976030916, 0.00109457364306, 0.000487227516714, 0.000144409903442, 3.91019420931e-05, 3.5776211007e-05, 7.56357549108e-05, 3.58708493877e-05, 2.03377221624e-05, 1.21117100207e-05, 1.37897459354e-05, 1.15383645607e-05, 1.41608998092e-05, 3.10989198624e-05, 1.74814049387e-05, 1.9759798306e-05, 2.25966741709e-05, 1.43636798384e-05, 2.53684829659e-05, 3.12351003231e-05, 1.702182999e-05, 1.10960872917e-05, 1.04763548734e-05, 8.26292216516e-06, 6.55522899251e-06, 9.67051892076e-06, 4.81550023324e-06, 5.41237204743e-06, 5.44088652532e-06, 2.47483467319e-06, 3.6063368043e-06, 2.7162391234e-06, 2.10976986637e-06, 3.35295158038e-06, 1.77016454472e-06, 1.0678295439e-06, 6.81162759975e-07, 6.68255609071e-07, 5.99266115842e-07],
        "median": [0.000398455304094, 0.000529616314452, 0.000133519919473, 0.000142776290886, 4.19833522756e-05, 1.44320729305e-05, 1.68540282175e-05, 2.17659580812e-05, 9.80362347036e-06, 6.50463789498e-06, 5.42122825209e-06, 6.34735397398e-06, 6.17194609731e-06, 7.64749165683e-06, 1.18692360047e-05, 6.7859673436e-06, 4.70800614494e-06, 8.06365551398e-06, 2.54296537605e-06, 1.03077400126e-05, 1.11867902888e-05, 5.01236809214e-06, 1.89798288375e-06, 1.19259925668e-06, 8.83451946265e-07, 8.35047671899e-07, 6.25215193395e-07, 3.14504291055e-07, 2.4302755719e-07, 1.57786317345e-07, 1.19629703477e-07, 6.25944309718e-08, 3.3259002663e-08, 3.39267032246e-08, 3.96123951418e-08, 2.6849590995e-08, 1.13527196532e-08, 5.82756820577e-09, 6.24772900082e-09, 6.61497034926e-09],
        "min": [1.88861370987e-10, 6.63846622118e-09, 1.80275516737e-09, 4.16345040041e-12, 2.57869051633e-12, 3.78214863941e-12, 2.19193912153e-12, 3.80679038639e-12, 1.79415239176e-12, 1.86593123765e-12, 2.0110569026e-12, 2.07416007113e-13, 6.41152387258e-13, 2.83219736726e-12, 7.33360594474e-12, 2.55874991334e-11, 1.98486965254e-13, 7.48514260556e-13, 1.70023847432e-12, 9.17092140076e-13, 5.81014565886e-13, 4.07135669579e-13, 3.43121527285e-13, 4.46450304026e-13, 5.42015434271e-13, 4.86015633121e-13, 2.70981750494e-13, 2.52058161669e-12, 7.47595453425e-13, 5.15999840512e-13, 4.40409021101e-13, 4.26784367395e-13, 4.86182817096e-13, 5.24436993398e-13, 4.84077188057e-13, 4.07508743546e-13, 3.70827853017e-13, 3.39914294628e-13, 5.09945926631e-13, 4.34589809886e-13],
        "stdev": [0.00922434590757, 0.0113082937896, 0.00338005530648, 0.00153222866356, 0.000264456291916, 0.000103321392089, 7.84520671004e-05, 0.000169142673258, 8.5072038928e-05, 4.69444858027e-05, 2.06680197152e-05, 3.6946592445e-05, 2.5271467166e-05, 1.95247903321e-05, 8.86003253981e-05, 3.07802911266e-05, 4.32749620813e-05, 4.83758376504e-05, 4.32202832599e-05, 4.5299926569e-05, 7.21717733541e-05, 5.22134505445e-05, 2.93160755973e-05, 3.27790803567e-05, 2.90184561891e-05, 2.20521833398e-05, 4.06832441513e-05, 1.8214514057e-05, 1.86245397344e-05, 1.74990764208e-05, 8.81426331034e-06, 1.2548882296e-05, 8.52333869261e-06, 6.24430322205e-06, 9.0976991487e-06, 4.5072051762e-06, 2.83657732325e-06, 1.73344596988e-06, 1.61827176726e-06, 1.43861893775e-06],
        "var": [8.50885626278e-05, 0.000127877516206, 1.14247741294e-05, 2.34772483054e-06, 6.99371298651e-08, 1.06753095253e-08, 6.15472650622e-09, 2.86092429747e-08, 7.23725213092e-09, 2.20378471028e-09, 4.27167023975e-10, 1.36505062809e-09, 6.38647024154e-10, 3.81217446499e-10, 7.8500175249e-09, 9.47426248565e-10, 1.87272242158e-09, 2.34022157208e-09, 1.8679928715e-09, 2.0520833921e-09, 5.20876453081e-09, 2.72624456343e-09, 8.59432247591e-10, 1.07446807007e-09, 8.42070801976e-10, 4.86298779023e-10, 1.65512636929e-09, 3.3176850156e-10, 3.46873502144e-10, 3.06217662338e-10, 7.76912423284e-11, 1.57474436269e-10, 7.26472978996e-11, 3.89913240584e-11, 8.27681326254e-11, 2.03148990685e-11, 8.04617050071e-12, 3.00483509602e-12, 2.61880361146e-12, 2.06962441976e-12]
    },
    "melbands128": {
