{
"lowlevel": {
    "average_loudness": 0.964976191521,
    "barkbands_crest": {
        "dmean": 3.18609976768,
        "dmean2": 4.86290836334,
        "dvar": 12.6612987518,
        "dvar2": 26.4606075287,
        "max": 26.4039726257,
        "mean": 16.0487518311,
        "median": 16.8462848663,
        "min": 2.249792099,
        "stdev": 6.90875911713,
        "var": 47.7309494019
    },
    "barkbands_flatness_db": {
        "dmean": 0.0460204295814,
        "dmean2": 0.0623023509979,
        "dvar": 0.00249050348066,
        "dvar2": 0.00447830604389,
        "max": 0.544479072094,
        "mean": 0.232051745057,
        "median": 0.204560339451,
        "min": 0.0360072813928,
        "stdev": 0.124972544611,
        "var": 0.0156181361526
    },
    "barkbands_kurtosis": {
        "dmean": 41.6699180603,
        "dmean2": 63.0559539795,
        "dvar": 6680.27783203,
        "dvar2": 14026.4355469,
        "max": 796.971557617,
        "mean": 65.0406951904,
        "median": 7.78049850464,
        "min": -1.89207696915,
        "stdev": 118.838996887,
        "var": 14122.7080078
    },
    "barkbands_skewness": {
        "dmean": 2.05710363388,
        "dmean2": 2.91995644569,
        "dvar": 6.09439754486,
        "dvar2": 11.939696312,
        "max": 24.5009021759,
        "mean": 4.3669629097,
        "median": 2.75070595741,
        "min": -3.19201612473,
        "stdev": 4.78154420853,
        "var": 22.8631629944
    },
    "barkbands_spread": {
        "dmean": 11.945400238,
        "dmean2": 18.9812164307,
        "dvar": 245.779785156,
        "dvar2": 590.729919434,
        "max": 107.929138184,
        "mean": 21.5431137085,
        "median": 15.5818738937,
        "min": 0.151097640395,
        "stdev": 21.4069519043,
        "var": 458.257568359
    },
    "dissonance": {
        "dmean": 0.0203401464969,
        "dmean2": 0.0322151817381,
        "dvar": 0.000390121364035,
        "dvar2": 0.000875779893249,
        "max": 0.499947339296,
        "mean": 0.461003571749,
        "median": 0.4705709517,
        "min": 0.313762426376,
        "stdev": 0.0321978405118,
        "var": 0.00103670090903
    },
    "dynamic_complexity": 3.79594302177,
    "erbbands_crest": {
        "dmean": 3.0940721035,
        "dmean2": 4.88812446594,
        "dvar": 10.7462921143,
        "dvar2": 21.1740550995,
        "max": 28.0560054779,
        "mean": 10.6033840179,
        "median": 8.98850059509,
        "min": 2.687738657,
        "stdev": 5.649477005,
        "var": 31.9165878296
    },
    "erbbands_flatness_db": {
        "dmean": 0.0269270092249,
        "dmean2": 0.0390162393451,
        "dvar": 0.000748558377381,
        "dvar2": 0.0015344946878,
        "max": 0.334132522345,
        "mean": 0.167672917247,
        "median": 0.16055765748,
        "min": 0.0650474280119,
        "stdev": 0.0496387444437,
        "var": 0.00246400479227
    },
    "erbbands_kurtosis": {
        "dmean": 3.42638921738,
        "dmean2": 5.095454216,
        "dvar": 49.465133667,
        "dvar2": 87.4058456421,
        "max": 97.3414840698,
        "mean": 3.94073581696,
        "median": 0.170521259308,
        "min": -1.92911291122,
        "stdev": 11.81686306,
        "var": 139.638244629
    },
    "erbbands_skewness": {
        "dmean": 0.802358925343,
        "dmean2": 1.14500832558,
        "dvar": 0.966392993927,
        "dvar2": 1.56875741482,
        "max": 8.74098587036,
        "mean": 0.445386737585,
        "median": -0.00923394039273,
        "min": -3.94300508499,
        "stdev": 1.89895033836,
        "var": 3.60601234436
    },
    "erbbands_spread": {
        "dmean": 21.9978675842,
        "dmean2": 34.4354438782,
        "dvar": 692.505432129,
        "dvar2": 1387.28393555,
        "max": 201.885940552,
        "mean": 54.7325363159,
        "median": 44.0959320068,
        "min": 3.56992149353,
        "stdev": 38.5608444214,
        "var": 1486.93884277
    },
    "hfc": {
        "dmean": 31.4604701996,
        "dmean2": 48.9514808655,
        "dvar": 7345.75146484,
        "dvar2": 16697.53125,
        "max": 663.626098633,
        "mean": 30.6307086945,
        "median": 5.83341884613,
        "min": 0.03284047544,
        "stdev": 83.9384841919,
        "var": 7045.66894531
    },
    "loudness_ebu128": {
        "integrated": -17.0635986328,
        "loudness_range": 1.45302391052,
        "momentary": {
            "dmean": 1.12754356861,
            "dmean2": 1.78953897953,
            "dvar": 1.71711599827,
            "dvar2": 2.41696286201,
            "max": -13.8368396759,
            "mean": -17.5529747009,
            "median": -16.8616714478,
            "min": -25.6892719269,
            "stdev": 2.32124829292,
            "var": 5.38819360733
        },
        "short_term": {
            "dmean": 0.185893192887,
            "dmean2": 0.301283538342,
            "dvar": 0.020956069231,
            "dvar2": 0.0409437045455,
            "max": -15.8178195953,
            "mean": -17.0654850006,
            "median": -17.19465065,
            "min": -17.7849464417,
            "stdev": 0.485518217087,
            "var": 0.235727950931
        }
    },
    "melbands_crest": {
        "dmean": 3.80133652687,
        "dmean2": 5.78145360947,
        "dvar": 16.1666698456,
        "dvar2": 36.8911018372,
        "max": 34.4077568054,
        "mean": 21.460735321,
        "median": 22.26521492,
        "min": 2.83822774887,
        "stdev": 7.73443937302,
        "var": 59.8215560913
    },
    "melbands_flatness_db": {
        "dmean": 0.0564617924392,
        "dmean2": 0.0743333771825,
        "dvar": 0.00351701048203,
        "dvar2": 0.00565198343247,
        "max": 0.666507959366,
        "mean": 0.293666392565,
        "median": 0.273379683495,
        "min": 0.0216431636363,
        "stdev": 0.158375516534,
        "var": 0.0250828042626
    },
    "melbands_kurtosis": {
        "dmean": 74.6658248901,
        "dmean2": 112.697395325,
        "dvar": 17299.4257812,
        "dvar2": 37346.59375,
        "max": 1267.62609863,
        "mean": 119.202583313,
        "median": 31.8444786072,
        "min": -1.76004707813,
        "stdev": 184.141586304,
        "var": 33908.1210938
    },
    "melbands_skewness": {
        "dmean": 2.47487020493,
        "dmean2": 3.52254986763,
        "dvar": 8.79817199707,
        "dvar2": 17.0548248291,
        "max": 29.6174526215,
        "mean": 6.26997661591,
        "median": 4.45741271973,
        "min": -1.51770758629,
        "stdev": 5.48914766312,
        "var": 30.1307411194
    },
    "melbands_spread": {
        "dmean": 15.8395442963,
        "dmean2": 22.7936706543,
        "dvar": 798.909973145,
        "dvar2": 1472.51367188,
        "max": 225.55229187,
        "mean": 26.7957439423,
        "median": 9.68077754974,
        "min": 0.266062289476,
        "stdev": 39.7166023254,
        "var": 1577.40856934
    },
    "pitch_salience": {
        "dmean": 0.100086338818,
        "dmean2": 0.156081229448,
        "dvar": 0.013868778944,
        "dvar2": 0.0308441426605,
        "max": 0.944824934006,
        "mean": 0.361340403557,
        "median": 0.342744678259,
        "min": 0.0385069735348,
        "stdev": 0.209868311882,
        "var": 0.0440447069705
    },
    "silence_rate_20dB": {
        "dmean": 0.00206398358569,
        "dmean2": 0.00413009803742,
        "dvar": 0.00205975095741,
        "dvar2": 0.00411313492805,
        "max": 1,
        "mean": 0.997421324253,
        "median": 1,
        "min": 0,
        "stdev": 0.0507151074708,
        "var": 0.00257202214561
    },
    "silence_rate_30dB": {
        "dmean": 0.0743034034967,
        "dmean2": 0.148683533072,
        "dvar": 0.0687836334109,
        "dvar2": 0.135871559381,
        "max": 1,
        "mean": 0.844249606133,
        "median": 1,
        "min": 0,
        "stdev": 0.362621158361,
        "var": 0.131494104862
    },
    "silence_rate_60dB": {
        "dmean": 0.0505675971508,
        "dmean2": 0.10118740052,
        "dvar": 0.0480099208653,
        "dvar2": 0.105403505266,
        "max": 1,
        "mean": 0.113976277411,
        "median": 0,
        "min": 0,
        "stdev": 0.317781001329,
        "var": 0.100984759629
    },
    "spectral_centroid": {
        "dmean": 532.040466309,
        "dmean2": 750.850952148,
        "dvar": 380773.71875,
        "dvar2": 654225.6875,
        "max": 4926.96630859,
        "mean": 1549.10620117,
        "median": 1338.76293945,
        "min": 100.786148071,
        "stdev": 1138.9440918,
        "var": 1297193.75
    },
    "spectral_complexity": {
        "dmean": 4.5273475647,
        "dmean2": 6.44863176346,
        "dvar": 52.0208930969,
        "dvar2": 79.5172805786,
        "max": 58,
        "mean": 10.1799898148,
        "median": 7,
        "min": 0,
        "stdev": 10.9297628403,
        "var": 119.459716797
    },
    "spectral_decrease": {
        "dmean": 6.01489213992e-09,
        "dmean2": 7.36544203406e-09,
        "dvar": 1.21170471855e-16,
        "dvar2": 1.6695548786e-16,
        "max": -9.02593364632e-12,
        "mean": -1.2140342065e-08,
        "median": -3.90526588845e-09,
        "min": -1.10084570792e-07,
        "stdev": 1.97194296447e-08,
        "var": 3.88855885426e-16
    },
    "spectral_energy": {
        "dmean": 0.0249761007726,
        "dmean2": 0.0313557870686,
        "dvar": 0.00192928407341,
        "dvar2": 0.00281977304257,
        "max": 0.418162792921,
        "mean": 0.0485988557339,
        "median": 0.0159359853715,
        "min": 3.78867516702e-05,
        "stdev": 0.0762589201331,
        "var": 0.00581542262807
    },
    "spectral_energyband_high": {
        "dmean": 0.0037312747445,
        "dmean2": 0.00590376835316,
        "dvar": 0.000111933586595,
        "dvar2": 0.000251537072472,
        "max": 0.0828995481133,
        "mean": 0.00323248049244,
        "median": 0.000192396488274,
        "min": 1.16713272291e-06,
        "stdev": 0.010378302075,
        "var": 0.000107709158328
    },
    "spectral_energyband_low": {
        "dmean": 0.0202591922134,
        "dmean2": 0.0245247222483,
        "dvar": 0.00171320687514,
        "dvar2": 0.00236604548991,
        "max": 0.412640631199,
        "mean": 0.0407566390932,
        "median": 0.00989186391234,
        "min": 1.63628692462e-06,
        "stdev": 0.0737853199244,
        "var": 0.00544427288696
    },
    "spectral_energyband_middle_high": {
        "dmean": 0.00153174402658,
        "dmean2": 0.00225893850438,
        "dvar": 1.94221047423e-05,
        "dvar2": 4.28287676186e-05,
        "max": 0.0412972643971,
        "mean": 0.0021507916972,
        "median": 0.000686851097271,
        "min": 1.00820000171e-06,
        "stdev": 0.00472552096471,
        "var": 2.23305505642e-05
    },
    "spectral_energyband_middle_low": {
        "dmean": 0.00237486907281,
        "dmean2": 0.0040088952519,
        "dvar": 3.06724432448e-05,
        "dvar2": 8.44307796797e-05,
        "max": 0.0674892812967,
        "mean": 0.00271033216268,
        "median": 0.000992386718281,
        "min": 1.11837016448e-06,
        "stdev": 0.00494933221489,
        "var": 2.44958882831e-05
    },
    "spectral_entropy": {
        "dmean": 0.339302420616,
        "dmean2": 0.453193157911,
        "dvar": 0.169914603233,
        "dvar2": 0.272636830807,
        "max": 8.82809448242,
        "mean": 7.50905275345,
        "median": 7.66390991211,
        "min": 4.61999607086,
        "stdev": 0.782209634781,
        "var": 0.611851930618
    },
    "spectral_flux": {
        "dmean": 0.0479443743825,
        "dmean2": 0.0741916820407,
        "dvar": 0.00525614898652,
        "dvar2": 0.0113945845515,
        "max": 0.479477494955,
        "mean": 0.08526045084,
        "median": 0.0527823455632,
        "min": 0.00353887723759,
        "stdev": 0.0863297507167,
        "var": 0.00745282648131
    },
    "spectral_kurtosis": {
        "dmean": 1.77021729946,
        "dmean2": 2.89161515236,
        "dvar": 4.76474380493,
        "dvar2": 11.3793010712,
        "max": 22.542766571,
        "mean": 2.41657805443,
        "median": 1.91278409958,
        "min": -1.2396825552,
        "stdev": 2.82932448387,
        "var": 8.00507736206
    },
    "spectral_rms": {
        "dmean": 0.00156083318871,
        "dmean2": 0.00195516692474,
        "dvar": 4.65234916192e-06,
        "dvar2": 6.92018738846e-06,
        "max": 0.020198110491,
        "mean": 0.00537415966392,
        "median": 0.00394300697371,
        "min": 0.000192256818991,
        "stdev": 0.00430486723781,
        "var": 1.85318822332e-05
    },
    "spectral_rolloff": {
        "dmean": 931.217224121,
        "dmean2": 1466.71374512,
        "dvar": 3206887.75,
        "dvar2": 5914543.5,
        "max": 10852.734375,
        "mean": 1653.08227539,
        "median": 344.53125,
        "min": 64.599609375,
        "stdev": 2497.40112305,
        "var": 6237012.5
    },
    "spectral_skewness": {
        "dmean": 0.35621535778,
        "dmean2": 0.520435512066,
        "dvar": 0.127795860171,
        "dvar2": 0.250987827778,
        "max": 3.81058740616,
        "mean": 1.07342231274,
        "median": 0.980916261673,
        "min": -0.412037760019,
        "stdev": 0.616140067577,
        "var": 0.37962859869
    },
    "spectral_spread": {
        "dmean": 1105693.75,
        "dmean2": 1609479.125,
        "dvar": 2.23701263974e+12,
        "dvar2": 3.78607160525e+12,
        "max": 14417254,
        "mean": 5372176.5,
        "median": 4866178.5,
        "min": 2605699,
        "stdev": 2194159.5,
        "var": 4.81433537741e+12
    },
    "spectral_strongpeak": {
        "dmean": 0.373252928257,
        "dmean2": 0.623858213425,
        "dvar": 0.992878854275,
        "dvar2": 2.83407735825,
        "max": 11.4869813919,
        "mean": 0.606524705887,
        "median": 0.391368031502,
        "min": 0.003368656151,
        "stdev": 0.859870433807,
        "var": 0.739377200603
    },
    "zerocrossingrate": {
        "dmean": 0.0229582898319,
        "dmean2": 0.0250856075436,
        "dvar": 0.000892680720426,
        "dvar2": 0.0010701129213,
        "max": 0.31201171875,
        "mean": 0.055819939822,
        "median": 0.03662109375,
        "min": 0.001953125,
        "stdev": 0.0587304085493,
        "var": 0.00344926072285
    },
    "barkbands": {
        "dmean": [0.000443977594841, 0.0192373227328, 0.00224395818077, 0.000624036591034, 0.000508926052134, 0.00118031643797, 0.000208177181776, 4.82626855955e-05, 0.00010027627286, 4.11118271586e-05, 0.000142736316775, 0.000171834617504, 8.65524561959e-05, 6.37872799416e-05, 9.59323369898e-05, 0.000119586075016, 0.000150311621837, 0.0003710531455, 0.000331520306645, 0.000534098595381, 0.000671512912959, 0.000763887655921, 0.000984542421065, 0.000625467684586, 0.000388590065995, 0.000198532521608, 5.43916030438e-06],
        "dmean2": [0.000584133085795, 0.0235943403095, 0.00393989123404, 0.00106521334965, 0.000843199784867, 0.00202698074281, 0.000373136688722, 8.02870345069e-05, 0.000151444721268, 6.90158631187e-05, 0.000232954553212, 0.000266230490524, 0.00012816452363, 0.000100992518128, 0.000156297770445, 0.000189397338545, 0.000228380202316, 0.000585350149777, 0.000507095479406, 0.000825853843708, 0.00106628064532, 0.00124423636589, 0.0015692578163, 0.00103439111263, 0.000646487635095, 0.000329207861796, 8.86094585439e-06],
        "dvar": [9.40703785091e-07, 0.00173288118094, 2.55762097368e-05, 3.14957401315e-06, 1.40738382015e-06, 1.45367948789e-05, 2.24884090017e-07, 1.05841140297e-08, 5.27088950264e-08, 5.37500399744e-09, 7.07471272676e-08, 1.26632428987e-07, 4.45782717406e-08, 3.53749953774e-08, 7.62537766263e-08, 1.1773692421e-07, 2.54808696809e-07, 1.5543569134e-06, 1.22706603634e-06, 4.00035924031e-06, 4.60688625026e-06, 7.19832314644e-06, 5.88071225138e-06, 2.77762364931e-06, 1.0098445955e-06, 2.61781536892e-07, 2.55831328344e-10],
        "dvar2": [1.98502425519e-06, 0.00253118411638, 7.28574668756e-05, 8.62225897436e-06, 3.74357819055e-06, 4.05841747124e-05, 6.25945972388e-07, 2.51795366779e-08, 1.13699009319e-07, 1.36521691729e-08, 1.75902016508e-07, 2.55012764683e-07, 9.72271507749e-08, 7.70282397866e-08, 1.99005199875e-07, 2.76707055491e-07, 6.09832568443e-07, 3.68296241504e-06, 2.65809512712e-06, 9.3197750175e-06, 9.97563165583e-06, 1.70253206306e-05, 1.37364677357e-05, 6.932411452e-06, 2.49896311288e-06, 6.42351380975e-07, 6.35898222967e-10],
        "max": [0.0101974559948, 0.40437105298, 0.0455120205879, 0.0187765918672, 0.0138697279617, 0.0558733828366, 0.00367999402806, 0.00170236767735, 0.00407283380628, 0.000810635101516, 0.00472735334188, 0.0107395807281, 0.00458472501487, 0.00194242957514, 0.00308887683786, 0.00306696025655, 0.00554462894797, 0.0129479430616, 0.0106135308743, 0.0179717391729, 0.0263494420797, 0.0260215792805, 0.0206192675978, 0.0143982321024, 0.00784331187606, 0.00385082350112, 0.000267289869953],
        "mean": [0.000816347426735, 0.0360111668706, 0.00370086636394, 0.000599654682446, 0.000595581717789, 0.00110505055636, 0.000186766555998, 5.65802802157e-05, 0.000150282212417, 5.26631520188e-05, 0.000192651335965, 0.000419558258727, 0.000125307677081, 6.95832204656e-05, 0.00010039058543, 0.000137696391903, 0.000160051975399, 0.000362468941603, 0.000329268630594, 0.00047254000674, 0.000624057080131, 0.000638291588984, 0.000792952487245, 0.000466755300295, 0.000282550317934, 0.000145645550219, 4.11728888139e-06],
        "median": [4.08039995818e-05, 0.0053414250724, 0.0010941993678, 8.37548504933e-05, 0.000160633178893, 0.000174521352164, 3.76010539185e-05, 1.8069977159e-05, 3.53699506377e-05, 1.73381449713e-05, 4.68217876914e-05, 3.0343520848e-05, 1.47606560859e-05, 9.81956509349e-06, 2.3479846277e-05, 2.30309124163e-05, 2.39372857322e-05, 4.71193125122e-05, 3.73312796e-05, 2.94794172078e-05, 5.26332369191e-05, 3.55682350346e-05, 2.90161206067e-05, 1.26393233586e-05, 7.30142915017e-07, 2.10468527939e-07, 6.92100465827e-09],
        "min": [4.97351759776e-09, 2.89184157509e-07, 7.93376102592e-08, 1.73092857381e-07, 3.35311909794e-07, 6.31894749858e-08, 4.82446544936e-08, 3.41352084376e-08, 8.09568092563e-08, 2.28010534897e-08, 5.470084119e-08, 3.93048793512e-08, 2.11918376181e-08, 2.59533710079e-08, 2.66647308678e-08, 3.03914440281e-08, 5.17007769929e-08, 5.88465951523e-08, 8.99856757997e-08, 1.84578951234e-07, 2.24140876526e-07, 3.35352098091e-07, 2.34388195963e-07, 4.70242227379e-08, 1.16228693336e-09, 9.21322629299e-10, 6.72367868847e-13],
        "stdev": [0.00157897756435, 0.070981271565, 0.00590580049902, 0.00159464089666, 0.00114981003571, 0.00316767417826, 0.000409583299188, 0.000129157895572, 0.000339359627105, 8.56588812894e-05, 0.000362332677469, 0.000920521153603, 0.000373672053684, 0.000194635111257, 0.000256439263467, 0.000346607819665, 0.000492151302751, 0.00119682773948, 0.00112854968756, 0.00191175646614, 0.0021536720451, 0.00252885068767, 0.00232782308012, 0.00149998709094, 0.000900030543562, 0.000461393996375, 1.43438792293e-05],
        "var": [2.49317008638e-06, 0.00503834057599, 3.48784815287e-05, 2.5428794288e-06, 1.32206298531e-06, 1.00341603684e-05, 1.67758472003e-07, 1.66817617497e-08, 1.15164951353e-07, 7.33744398573e-09, 1.31284977556e-07, 8.4735921746e-07, 1.39630799367e-07, 3.78828239889e-08, 6.57610925714e-08, 1.20136988357e-07, 2.42212905732e-07, 1.43239674344e-06, 1.27362443436e-06, 3.6548128719e-06, 4.63830338049e-06, 6.39508562017e-06, 5.41876033822e-06, 2.24996119869e-06, 8.10054928024e-07, 2.12884415873e-07, 2.05746877868e-10]
    },
    "erbbands": {
        "dmean": [0.727530956268, 3.78692936897, 3.24394536018, 1.87311279774, 2.21003746986, 1.57265007496, 3.61347770691, 12.7298774719, 4.00571250916, 2.15958714485, 1.22651398182, 2.37410783768, 1.34710454941, 3.34534335136, 6.15964889526, 5.79305410385, 3.8367524147, 2.94301724434, 4.68365526199, 5.22366571426, 6.7258014679, 9.04176902771, 16.6757602692, 21.7853927612, 16.4695549011, 24.2753810883, 24.9621753693, 28.973608017, 29.9382839203, 27.8189792633, 27.2838973999, 15.4497652054, 8.42155647278, 4.92006587982, 2.58640527725, 0.965363621712, 0.334551215172, 0.0600045025349, 0.0011819471838, 7.20111420378e-05],
        "dmean2": [0.815967857838, 5.05287456512, 5.49963569641, 3.27248430252, 3.64552140236, 2.5873978138, 6.296459198, 21.7368068695, 7.27066802979, 3.66212463379, 1.9014133215, 3.64398264885, 2.19492006302, 5.50452613831, 9.88466072083, 9.08579349518, 5.82545518875, 4.51113176346, 7.47385835648, 8.16225719452, 10.7935504913, 13.6243696213, 26.2210407257, 33.3711624146, 25.1854190826, 37.665763855, 38.2999610901, 46.1377296448, 49.113117218, 44.6554718018, 43.4112510681, 25.3010997772, 13.98042202, 8.33013820648, 4.26235342026, 1.61115276814, 0.553436160088, 0.0987445488572, 0.00193742651027, 0.000105551589513],
        "dvar": [2.59627270699, 68.8590240479, 49.2001037598, 23.8339481354, 41.2175140381, 9.88303661346, 102.675483704, 1646.83544922, 129.661727905, 17.6119327545, 6.18346881866, 33.6565895081, 5.7539896965, 33.6126976013, 177.270065308, 111.852935791, 87.7173080444, 50.7065353394, 212.43989563, 235.481460571, 390.452423096, 886.111633301, 2562.34033203, 5572.80664062, 3644.8190918, 8381.53320312, 6507.18896484, 8997.89160156, 10679.0732422, 6188.86376953, 4485.30371094, 1628.796875, 503.79989624, 180.646759033, 42.1713905334, 6.0707950592, 0.768134891987, 0.0236556455493, 9.09428945306e-06, 2.32464110184e-08],
        "dvar2": [3.77947568893, 111.399291992, 137.22593689, 68.58618927, 109.283790588, 24.4747714996, 292.743560791, 4539.32910156, 372.402526855, 45.0752334595, 12.1163949966, 78.0848922729, 13.762960434, 82.5886459351, 415.381866455, 264.16192627, 205.959442139, 109.402366638, 527.456848145, 580.086242676, 925.165405273, 2077.98461914, 5850.73388672, 13067.8691406, 7711.86816406, 19705.2949219, 14192.8300781, 19610.3125, 25971.9863281, 14230.5087891, 10539.7441406, 4013.21655273, 1251.20654297, 458.748687744, 103.403404236, 15.0030460358, 1.87631237507, 0.0567887313664, 2.19018274947e-05, 5.35994786333e-08],
        "max": [15.5317459106, 75.9934158325, 66.50050354, 38.5302276611, 74.0258178711, 37.3368034363, 142.693481445, 615.208862305, 99.7317581177, 53.005027771, 54.1864738464, 113.280036926, 29.3653240204, 95.8221130371, 374.40612793, 173.045333862, 167.136260986, 72.3870849609, 137.69380188, 170.904632568, 216.126358032, 312.495544434, 498.950164795, 761.430603027, 537.401000977, 912.420654297, 818.059020996, 1125.46228027, 1025.61816406, 728.285766602, 651.882385254, 330.49822998, 214.992523193, 120.203712463, 54.5097236633, 18.5604038239, 7.46285581589, 1.41104054451, 0.0289580263197, 0.00116160023026],
        "mean": [1.34266161919, 6.83866930008, 5.69730329514, 2.60430645943, 2.12226915359, 2.10117769241, 3.70971155167, 11.9060211182, 3.33312439919, 2.39315390587, 1.79736721516, 3.45681643486, 2.03019690514, 4.83066034317, 11.3832397461, 14.2681903839, 5.53224992752, 3.60195422173, 4.68518447876, 5.81055831909, 7.94854021072, 10.1802682877, 17.1651630402, 21.2516708374, 15.8997821808, 21.7492847443, 23.5410575867, 25.9455566406, 24.5594444275, 22.869260788, 22.009847641, 11.750626564, 6.26244211197, 3.49081134796, 1.90819621086, 0.699739277363, 0.248706504703, 0.0450702533126, 0.000901057326701, 9.06136410777e-05],
        "median": [0.074377477169, 1.28428900242, 2.3472173214, 0.746215760708, 0.421432435513, 0.596957564354, 1.09808909893, 1.45819234848, 0.668248653412, 0.682552099228, 0.569281518459, 0.876715183258, 0.79510563612, 1.585714221, 2.09499812126, 1.40289056301, 1.08540737629, 0.673487842083, 0.947277963161, 1.16128754616, 1.56867074966, 1.68961048126, 2.56352162361, 2.39455318451, 1.47240650654, 1.44255769253, 1.89379298687, 1.99907755852, 1.36555194855, 0.995299398899, 0.808003544807, 0.373642683029, 0.10830925405, 0.0161505248398, 0.00302961771376, 0.00100272055715, 0.000382974831155, 7.19798990758e-05, 1.83194933925e-05, 2.0159601263e-05],
        "min": [1.2614872503e-05, 7.54360153223e-05, 0.000253846286796, 0.0019863198977, 0.000987999141216, 0.00153786421288, 0.000951980007812, 0.000252546888078, 0.000595960300416, 0.000987084815279, 0.00174435821828, 0.00290977396071, 0.00265342695639, 0.0020387491677, 0.00238613248803, 0.00181602349039, 0.00116966757923, 0.00162164925132, 0.00162701518275, 0.00206919410266, 0.00131718988996, 0.00328879989684, 0.0030001567211, 0.00475313793868, 0.00447178492323, 0.00842858664691, 0.00963124725968, 0.00770085770637, 0.0114223537967, 0.0125580271706, 0.00714910123497, 0.00202531530522, 0.000488112971652, 4.84891425003e-05, 3.75614145014e-05, 1.5291152522e-05, 1.80004576578e-06, 1.7248298434e-07, 5.31738848508e-08, 5.90638755682e-08],
        "stdev": [2.80451917648, 13.2119569778, 7.97802352905, 4.74915027618, 5.79956007004, 3.80692911148, 8.46476078033, 34.4956817627, 8.85947322845, 4.4727139473, 4.04152965546, 7.79662084579, 3.16524219513, 7.9285326004, 28.5088024139, 25.037979126, 14.3400268555, 7.82139110565, 13.5252580643, 15.0794248581, 19.894569397, 29.6470603943, 50.3865585327, 72.5174713135, 61.8391494751, 87.1604385376, 81.4437637329, 94.1482925415, 95.5536575317, 76.0257110596, 63.9809684753, 36.9439163208, 20.1741981506, 11.7382125854, 5.87848424911, 2.2053103447, 0.793279051781, 0.141277238727, 0.00276955752634, 0.000162340482348],
        "var": [7.86532735825, 174.555801392, 63.6488609314, 22.5544281006, 33.6348991394, 14.4927091599, 71.6521759033, 1189.95214844, 78.490272522, 20.0051689148, 16.3339633942, 60.7873001099, 10.0187578201, 62.8616294861, 812.751831055, 626.900390625, 205.636367798, 61.1741600037, 182.932617188, 227.389053345, 395.793884277, 878.948242188, 2538.80541992, 5258.78369141, 3824.08056641, 7596.94189453, 6633.08642578, 8863.90039062, 9130.50097656, 5779.90820312, 4093.56420898, 1364.85302734, 406.998260498, 137.785629272, 34.5565795898, 4.86339378357, 0.629291653633, 0.0199592597783, 7.67044912209e-06, 2.63544333023e-08]
    },
    "gfcc": {
        "mean": [-77.4011993408, 83.6087646484, -92.5651931763, 70.868522644, -55.196647644, 24.1907310486, -16.3656177521, 1.15091764927, -9.47933197021, -2.94149279594, -3.04152059555, 7.76121616364, -5.89328575134],
        "cov": [[10496.9970703, -3787.3059082, -767.21295166, -609.580566406, -119.29485321, 332.103240967, -997.251037598, 740.665405273, -1067.01867676, 647.44128418, -278.394317627, 758.276367188, -263.296203613], [-3787.3059082, 3170.59472656, -7.88661289215, 98.2273864746, 236.624771118, -327.717437744, 731.614868164, -341.63973999, 665.522033691, -385.748260498, 450.037506104, -266.611724854, 383.959259033], [-767.21295166, -7.88661289215, 2473.78588867, 577.775756836, 204.762680054, 302.416229248, 234.657089233, 115.028343201, 236.387298584, 80.3749771118, -196.29006958, -200.841171265, -128.836257935], [-609.580566406, 98.2273864746, 577.775756836, 623.77545166, 151.583084106, 30.0505847931, 207.333114624, -21.8209476471, 206.822616577, -30.5159435272, 9.08407783508, -149.802368164, -13.1310014725], [-119.29485321, 236.624771118, 204.762680054, 151.583084106, 446.222137451, 112.352622986, 166.439102173, 62.72032547, 32.447467804, 2.2199985981, 48.3855361938, -21.3523330688, 26.0914497375], [332.103240967, -327.717437744, 302.416229248, 30.0505847931, 112.352622986, 335.877655029, 84.3076324463, 117.845726013, -43.080947876, 55.5311126709, -45.2695579529, 30.0418720245, -42.5573577881], [-997.251037598, 731.614868164, 234.657089233, 207.333114624, 166.439102173, 84.3076324463, 404.005981445, -10.9364280701, 264.614685059, -86.813369751, 115.637329102, -112.967948914, 96.8072128296], [740.665405273, -341.63973999, 115.028343201, -21.8209476471, 62.72032547, 117.845726013, -10.9364280701, 211.574813843, -61.9120140076, 84.6900100708, -47.0915298462, 51.4720306396, -51.4991493225], [-1067.01867676, 665.522033691, 236.387298584, 206.822616577, 32.447467804, -43.080947876, 264.614685059, -61.9120140076, 328.77230835, -69.9592208862, 102.226043701, -140.085220337, 77.0814285278], [647.44128418, -385.748260498, 80.3749771118, -30.5159435272, 2.2199985981, 55.5311126709, -86.813369751, 84.6900100708, -69.9592208862, 145.644790649, -39.1046104431, 50.2036552429, -50.8699684143], [-278.394317627, 450.037506104, -196.29006958, 9.08407783508, 48.3855361938, -45.2695579529, 115.637329102, -47.0915298462, 102.226043701, -39.1046104431, 204.845443726, 47.2540969849, 104.683959961], [758.276367188, -266.611724854, -200.841171265, -149.802368164, -21.3523330688, 30.0418720245, -112.967948914, 51.4720306396, -140.085220337, 50.2036552429, 47.2540969849, 174.707458496, 27.5313262939], [-263.296203613, 383.959259033, -128.836257935, -13.1310014725, 26.0914497375, -42.5573577881, 96.8072128296, -51.4991493225, 77.0814285278, -50.8699684143, 104.683959961, 27.5313262939, 134.161422729]],
        "icov": [[0.000256799248746, 0.000240196080995, 1.35744048748e-05, 3.58583420166e-05, -4.13943416788e-05, 0.000183680502232, -8.12569851405e-06, -0.00049200624926, 0.000222724833293, -0.000260019325651, -0.000156465102918, -0.000249923643423, -0.000336764496751], [0.000240196080995, 0.00218126527034, -0.000444001925644, 0.0016229019966, -0.000737807073165, 0.00192302535288, -0.00208525871858, 0.000211002567085, -0.000168441052665, 0.00134369486477, -0.00238146516494, 0.00170880754013, -0.00158578180708], [1.35744048748e-05, -0.000444001925644, 0.000839862215798, -0.00081005768152, -3.6172066757e-05, -0.000850489072036, 0.000502544979099, -2.74214835372e-05, -0.000923861691263, -0.000640982063487, 0.00163670361508, -0.00108810921665, 0.000622637511697], [3.58583420166e-05, 0.0016229019966, -0.00081005768152, 0.0040389765054, -0.00120691827033, 0.0017262439942, -0.00208734767511, 0.000815151433926, -0.00106417003553, 0.00119953684043, -0.00216129375622, 0.00221437495202, -5.7207642385e-05], [-4.13943416788e-05, -0.000737807073165, -3.6172066757e-05, -0.00120691827033, 0.00377826509066, -0.000980711076409, -0.000775169814005, -0.00125365389977, 0.00294578168541, -0.00105072406586, -0.00105767825153, 0.00153143703938, -0.000670180132147], [0.000183680502232, 0.00192302535288, -0.000850489072036, 0.0017262439942, -0.000980711076409, 0.00757271843031, -0.00601516431198, -0.000300655898172, 0.00136187486351, 0.000277319253655, -0.000393483234802, -0.0016202297993, 0.000989209278487], [-8.12569851405e-06, -0.00208525871858, 0.000502544979099, -0.00208734767511, -0.000775169814005, -0.00601516431198, 0.0137529410422, -0.00331081962213, -0.00434467149898, 0.00144676910713, -0.00104810146149, 0.00339320115745, -0.00355549133383], [-0.00049200624926, 0.000211002567085, -2.74214835372e-05, 0.000815151433926, -0.00125365389977, -0.000300655898172, -0.00331081962213, 0.0102458754554, -0.00215852400288, -0.00206062314101, 0.00294389482588, -0.00471449550241, 0.00408363854513], [0.000222724833293, -0.000168441052665, -0.000923861691263, -0.00106417003553, 0.00294578168541, 0.00136187486351, -0.00434467149898, -0.00215852400288, 0.0157535467297, -0.00276044406928, -0.0070941192098, 0.0108373900875, -0.00469291908666], [-0.000260019325651, 0.00134369486477, -0.000640982063487, 0.00119953684043, -0.00105072406586, 0.000277319253655, 0.00144676910713, -0.00206062314101, -0.00276044406928, 0.0133580751717, -0.00170604884624, -0.0010366338538, 0.00179829460103], [-0.000156465102918, -0.00238146516494, 0.00163670361508, -0.00216129375622, -0.00105767825153, -0.000393483234802, -0.00104810146149, 0.00294389482588, -0.0070941192098, -0.00170604884624, 0.0188454333693, -0.0150897465646, 0.00165668153204], [-0.000249923643423, 0.00170880754013, -0.00108810921665, 0.00221437495202, 0.00153143703938, -0.0016202297993, 0.00339320115745, -0.00471449550241, 0.0108373900875, -0.0010366338538, -0.0150897465646, 0.0290877465159, -0.0120935002342], [-0.000336764496751, -0.00158578180708, 0.000622637511697, -5.7207642385e-05, -0.000670180132147, 0.000989209278487, -0.00355549133383, 0.00408363854513, -0.00469291908666, 0.00179829460103, 0.00165668153204, -0.0120935002342, 0.0210678838193]]
    },
    "melbands": {
        "dmean": [0.0059624966234, 0.00241404981352, 0.000348864821717, 0.000124476515339, 0.000115985327284, 0.000259315071162, 5.71200362174e-05, 1.9645300199e-05, 1.0572804058e-05, 1.53333949129e-05, 6.48336208542e-06, 1.27457315102e-05, 2.00634603971e-05, 2.29336201301e-05, 8.96836627362e-06, 7.73941701482e-06, 5.45166585653e-06, 7.21280548532e-06, 7.78664798418e-06, 7.68689369579e-06, 7.96834046923e-06, 9.08218407858e-06, 1.15520051622e-05, 1.83716947504e-05, 1.79116559593e-05, 1.21661705634e-05, 1.30943162731e-05, 1.71988249349e-05, 1.37170718517e-05, 2.10690195672e-05, 1.46762058648e-05, 1.65903657035e-05, 1.59813480423e-05, 1.65265682881e-05, 1.89218280866e-05, 8.82067524799e-06, 9.66155221249e-06, 5.72661110709e-06, 5.07845470565e-06, 3.95322422264e-06],
        "dmean2": [0.00704641127959, 0.00351053383201, 0.000597772246692, 0.000202907627681, 0.000199468122446, 0.000444178731414, 0.000103619706351, 3.30617949658e-05, 1.6025858713e-05, 2.34138951782e-05, 1.06663410406e-05, 2.12457343878e-05, 3.26915360347e-05, 3.6150428059e-05, 1.32715940708e-05, 1.19698406706e-05, 8.51054664963e-06, 1.15551420095e-05, 1.25879851112e-05, 1.1941289813e-05, 1.29664958877e-05, 1.38654704642e-05, 1.82416515599e-05, 2.90076131932e-05, 2.75862803392e-05, 1.90040082089e-05, 1.92983115994e-05, 2.72505967587e-05, 2.05268206628e-05, 3.44096697518e-05, 2.31637823163e-05, 2.73991881841e-05, 2.61305667664e-05, 2.66066690529e-05, 3.02831049339e-05, 1.39932735692e-05, 1.61094412761e-05, 9.4098459158e-06, 8.68538154464e-06, 6.70302551953e-06],
        "dvar": [0.000171049148776, 2.40053577727e-05, 8.56724795995e-07, 9.01061696368e-08, 9.4056744615e-08, 6.92635808264e-07, 2.34345343131e-08, 1.38104205849e-09, 5.68083580177e-10, 1.47772716286e-09, 1.32667266062e-10, 4.843144219e-10, 1.60622926071e-09, 2.18310880484e-09, 4.50868953283e-10, 3.13142345387e-10, 1.82661774595e-10, 5.49837564368e-10, 4.79696282696e-10, 5.35052946393e-10, 5.4290860696e-10, 8.95859553207e-10, 1.24048704642e-09, 3.751950306e-09, 3.66637298299e-09, 1.96579419409e-09, 2.19700369009e-09, 4.40010028413e-09, 1.94180582724e-09, 5.26238119747e-09, 2.36087127625e-09, 3.37612848789e-09, 3.09622816275e-09, 1.96187643908e-09, 2.09637218695e-09, 5.41116207398e-10, 6.59488907928e-10, 2.45797215914e-10, 1.87666340801e-10, 1.17307483172e-10],
        "dvar2": [0.000249073607847, 4.91754690302e-05, 2.42286046159e-06, 2.39256877421e-07, 2.65956941803e-07, 1.91942899619e-06, 6.7235333745e-08, 3.5048912661e-09, 9.83643055896e-10, 3.43727646346e-09, 3.18861909099e-10, 1.19761345285e-09, 3.99899269254e-09, 4.6651189578e-09, 8.41081204683e-10, 7.85893128352e-10, 3.91130405841e-10, 1.34084665593e-09, 1.24391374978e-09, 1.26335308881e-09, 1.34207533975e-09, 2.16731299574e-09, 2.86422974227e-09, 8.89978135632e-09, 8.63827054332e-09, 4.33748414963e-09, 4.64078153684e-09, 1.05837827391e-08, 4.21445678356e-09, 1.2100871416e-08, 5.05943997808e-09, 8.4580902282e-09, 7.18343118322e-09, 4.55483961659e-09, 4.94924101702e-09, 1.29957888895e-09, 1.64974089945e-09, 6.10737793671e-10, 4.76740036337e-10, 2.99374913748e-10],
        "max": [0.127608925104, 0.0404398590326, 0.00785218831152, 0.00347553379834, 0.00468523893505, 0.0123736318201, 0.00124487187713, 0.00046559330076, 0.000594377866946, 0.000767799210735, 0.000143611730891, 0.000355906493496, 0.00082577887224, 0.00121431588195, 0.000589811825193, 0.000224761010031, 0.000137486873427, 0.000231435129535, 0.000245271308813, 0.000254693091847, 0.000278965540929, 0.000326020061038, 0.000403405079851, 0.000583972723689, 0.000638700614218, 0.00045065395534, 0.000451306957984, 0.000687262683641, 0.000401753059123, 0.000967379601207, 0.000496853666846, 0.000655002193525, 0.000518095563166, 0.000439544470282, 0.000439190771431, 0.000225443247473, 0.000222025133553, 0.000173006366822, 0.000133770372486, 0.000108150365122],
        "mean": [0.0109652783722, 0.00471685593948, 0.000466601341031, 0.0001419265609, 0.000128096842673, 0.000241297573666, 4.86119824927e-05, 2.27963646466e-05, 1.59944793268e-05, 2.20969704969e-05, 9.27937981032e-06, 1.75700079126e-05, 3.18765596603e-05, 5.5361953855e-05, 1.7282927729e-05, 9.33766568778e-06, 6.39739391772e-06, 7.04846479493e-06, 8.28087831906e-06, 8.04698083812e-06, 9.31327122089e-06, 9.90367880149e-06, 1.22576011563e-05, 1.75159329956e-05, 1.74446540768e-05, 1.13111746032e-05, 1.23814734252e-05, 1.50409341586e-05, 1.31728238557e-05, 1.85297412827e-05, 1.32421500894e-05, 1.34389865707e-05, 1.31473334477e-05, 1.34475167215e-05, 1.512694962e-05, 7.14323732609e-06, 7.15254736861e-06, 4.33724062532e-06, 3.59906903213e-06, 2.78042034552e-06],
        "median": [0.00111963390373, 0.00175819604192, 0.00012716378842, 3.31166738761e-05, 3.8849280827e-05, 3.12859738187e-05, 1.04032505988e-05, 6.76340960126e-06, 4.03638205171e-06, 5.18577508046e-06, 3.07443178826e-06, 5.99808026891e-06, 5.84095596423e-06, 3.40236397278e-06, 1.86222212051e-06, 1.48793355947e-06, 9.62548369898e-07, 1.16570799946e-06, 1.90745049622e-06, 1.11527197078e-06, 1.71090687218e-06, 1.68086671692e-06, 1.91388539861e-06, 2.20499146053e-06, 1.87653358807e-06, 1.05524816263e-06, 8.94730192158e-07, 8.52671746543e-07, 1.00824013316e-06, 1.31747356136e-06, 1.04938681034e-06, 7.82853646797e-07, 5.26573955995e-07, 5.40535438631e-07, 5.08581251779e-07, 3.04718469124e-07, 1.85173988143e-07, 8.33815434476e-08, 2.37431923011e-08, 7.5768840091e-09],
        "min": [1.22687595194e-07, 2.67359013151e-07, 4.45929799753e-07, 7.67319576767e-08, 4.75012811307e-08, 6.50667741908e-09, 9.5729690841e-09, 8.81858142066e-09, 1.69750986601e-08, 1.12231379745e-08, 9.81321424121e-09, 4.85672879691e-09, 7.6212467448e-09, 3.95752142168e-09, 2.62539479046e-09, 2.21478635432e-09, 2.34049135628e-09, 1.61376412233e-09, 2.133886845e-09, 2.05508743356e-09, 1.08811692989e-09, 2.90971158279e-09, 1.65462288315e-09, 2.79948020321e-09, 3.21934545688e-09, 2.95436453079e-09, 3.45568462734e-09, 5.5411604194e-09, 1.38430722441e-09, 5.30940402754e-09, 3.54969742489e-09, 5.76657743778e-09, 6.39425090654e-09, 5.76910608174e-09, 4.19296464216e-09, 1.83837922663e-09, 7.95638499529e-10, 3.35923067141e-10, 8.06724895219e-11, 1.19870713561e-14],
        "stdev": [0.0224073454738, 0.00726825650781, 0.000880285922904, 0.000287593022222, 0.000270048039965, 0.0006999761099, 0.000120441778563, 4.11919209e-05, 4.26266706199e-05, 5.06674077769e-05, 1.49957695612e-05, 2.92991462629e-05, 7.32007392799e-05, 0.000115643946629, 4.5530632633e-05, 2.05035339604e-05, 1.48150211317e-05, 2.18160421355e-05, 2.08381497941e-05, 2.2902737328e-05, 2.28949065786e-05, 2.93244720524e-05, 3.48931207554e-05, 5.85897432757e-05, 5.8802717831e-05, 4.40377662017e-05, 4.83110379719e-05, 6.18593112449e-05, 4.50701663794e-05, 6.92071917001e-05, 4.87165598315e-05, 5.25299910805e-05, 5.29301396455e-05, 4.25528705819e-05, 4.34692119597e-05, 2.20439796976e-05, 2.30373443628e-05, 1.41116843224e-05, 1.19590677059e-05, 9.40495010582e-06],
        "var": [0.000502089154907, 5.28275559191e-05, 7.74903298861e-07, 8.27097395018e-08, 7.29259497234e-08, 4.89966566875e-07, 1.45062228896e-08, 1.69677438766e-09, 1.81703296853e-09, 2.56718624136e-09, 2.24873092369e-10, 8.58439985763e-10, 5.35834798754e-09, 1.33735218455e-08, 2.07303862965e-09, 4.20394913325e-10, 2.19484846964e-10, 4.75939676559e-10, 4.34228458746e-10, 5.24535359592e-10, 5.24176757555e-10, 8.59924687013e-10, 1.21752985471e-09, 3.43275807779e-09, 3.45775963417e-09, 1.93932492287e-09, 2.33395636151e-09, 3.82657416864e-09, 2.03131977905e-09, 4.789635355e-09, 2.37330333164e-09, 2.7594000418e-09, 2.80159984101e-09, 1.81074688577e-09, 1.88957249847e-09, 4.85937012851e-10, 5.30719246328e-10, 1.99139635337e-10, 1.43019290855e-10, 8.84530920731e-11]
    },
    "melbands128": {
