{
"lowlevel": {
    "average_loudness": 0.954038858414,
    "barkbands_crest": {
        "dmean": 2.25813221931,
        "dmean2": 3.63971567154,
        "dvar": 4.94339323044,
        "dvar2": 12.7119121552,
        "max": 24.7228145599,
        "mean": 11.146399498,
        "median": 10.7340803146,
        "min": 3.31817483902,
        "stdev": 3.67412018776,
        "var": 13.4991588593
    },
    "barkbands_flatness_db": {
        "dmean": 0.0238389316946,
        "dmean2": 0.0347302295268,
        "dvar": 0.000540396140423,
        "dvar2": 0.00116881262511,
        "max": 0.326624959707,
        "mean": 0.16475045681,
        "median": 0.162728264928,
        "min": 0.0454032048583,
        "stdev": 0.0460917241871,
        "var": 0.00212444714271
    },
    "barkbands_kurtosis": {
        "dmean": 2.54660129547,
        "dmean2": 4.2979683876,
        "dvar": 21.9476833344,
        "dvar2": 60.0225028992,
        "max": 59.1664543152,
        "mean": 3.20309305191,
        "median": 1.87209701538,
        "min": -1.85657894611,
        "stdev": 4.93361949921,
        "var": 24.3406028748
    },
    "barkbands_skewness": {
        "dmean": 0.545229196548,
        "dmean2": 0.86227875948,
        "dvar": 0.463009804487,
        "dvar2": 1.17779219151,
        "max": 6.04603099823,
        "mean": 1.09711873531,
        "median": 1.0631724596,
        "min": -1.56287050247,
        "stdev": 1.03279733658,
        "var": 1.06667029858
    },
    "barkbands_spread": {
        "dmean": 3.95412778854,
        "dmean2": 6.32225942612,
        "dvar": 25.1664047241,
        "dvar2": 61.4630279541,
        "max": 59.8646240234,
        "mean": 15.5690231323,
        "median": 14.2624921799,
        "min": 2.09533214569,
        "stdev": 7.90304756165,
        "var": 62.4581604004
    },
    "dissonance": {
        "dmean": 0.0319237411022,
        "dmean2": 0.0534391477704,
        "dvar": 0.000853241363075,
        "dvar2": 0.00232819165103,
        "max": 0.499851703644,
        "mean": 0.432499498129,
        "median": 0.441554963589,
        "min": 0.249494895339,
        "stdev": 0.044079426676,
        "var": 0.00194299593568
    },
    "dynamic_complexity": 2.40562844276,
    "erbbands_crest": {
        "dmean": 2.91080164909,
        "dmean2": 4.38873243332,
        "dvar": 7.96765089035,
        "dvar2": 16.8342037201,
        "max": 32.2900886536,
        "mean": 13.819475174,
        "median": 11.8685350418,
        "min": 3.34714078903,
        "stdev": 6.76211881638,
        "var": 45.7262535095
    },
    "erbbands_flatness_db": {
        "dmean": 0.0241127666086,
        "dmean2": 0.0327716358006,
        "dvar": 0.000590594427194,
        "dvar2": 0.00100605515763,
        "max": 0.372750669718,
        "mean": 0.189694002271,
        "median": 0.182099789381,
        "min": 0.0764187946916,
        "stdev": 0.0562904700637,
        "var": 0.00316861714236
    },
    "erbbands_kurtosis": {
        "dmean": 2.2955634594,
        "dmean2": 3.43685007095,
        "dvar": 12.0665130615,
        "dvar2": 28.1418819427,
        "max": 47.2905883789,
        "mean": 4.25434207916,
        "median": 2.37133646011,
        "min": -1.7364770174,
        "stdev": 5.97247457504,
        "var": 35.6704521179
    },
    "erbbands_skewness": {
        "dmean": 0.44130256772,
        "dmean2": 0.659288704395,
        "dvar": 0.193611010909,
        "dvar2": 0.415796339512,
        "max": 5.90430927277,
        "mean": 0.938729345798,
        "median": 0.852134466171,
        "min": -3.97938728333,
        "stdev": 0.924250364304,
        "var": 0.854238688946
    },
    "erbbands_spread": {
        "dmean": 6.31568813324,
        "dmean2": 9.47835350037,
        "dvar": 59.6804962158,
        "dvar2": 130.670196533,
        "max": 94.3345108032,
        "mean": 22.4453582764,
        "median": 18.9490814209,
        "min": 2.05913519859,
        "stdev": 15.5204162598,
        "var": 240.88331604
    },
    "hfc": {
        "dmean": 6.6220870018,
        "dmean2": 10.2698926926,
        "dvar": 88.772857666,
        "dvar2": 224.217834473,
        "max": 106.540336609,
        "mean": 21.0776805878,
        "median": 18.0492458344,
        "min": 1.35237407684,
        "stdev": 14.3045625687,
        "var": 204.620498657
    },
    "loudness_ebu128": {
        "integrated": -17.2957820892,
        "loudness_range": 2.92540073395,
        "momentary": {
            "dmean": 0.467224150896,
            "dmean2": 0.561595916748,
            "dvar": 0.141019254923,
            "dvar2": 0.205157607794,
            "max": -13.9983434677,
            "mean": -17.6284313202,
            "median": -17.4499282837,
            "min": -23.629365921,
            "stdev": 1.77694642544,
            "var": 3.15753865242
        },
        "short_term": {
            "dmean": 0.0753834843636,
            "dmean2": 0.0682864561677,
            "dvar": 0.00325784878805,
            "dvar2": 0.0028931540437,
            "max": -15.403418541,
            "mean": -17.5097446442,
            "median": -17.4155654907,
            "min": -20.0974941254,
            "stdev": 1.13177597523,
            "var": 1.28091692924
        }
    },
    "melbands_crest": {
        "dmean": 2.72300291061,
        "dmean2": 4.45439529419,
        "dvar": 7.27334117889,
        "dvar2": 18.6017036438,
        "max": 32.4423675537,
        "mean": 14.9928207397,
        "median": 14.7972259521,
        "min": 5.12401103973,
        "stdev": 4.56307029724,
        "var": 20.8216094971
    },
    "melbands_flatness_db": {
        "dmean": 0.0261769983917,
        "dmean2": 0.0396994836628,
        "dvar": 0.000767549325246,
        "dvar2": 0.00181814411189,
        "max": 0.407429426908,
        "mean": 0.240672886372,
        "median": 0.242020830512,
        "min": 0.0882103815675,
        "stdev": 0.0497191511095,
        "var": 0.00247199391015
    },
    "melbands_kurtosis": {
        "dmean": 4.6577630043,
        "dmean2": 7.94020843506,
        "dvar": 102.321815491,
        "dvar2": 277.45324707,
        "max": 117.620727539,
        "mean": 6.39057350159,
        "median": 3.57032680511,
        "min": -1.65505218506,
        "stdev": 10.2726154327,
        "var": 105.526626587
    },
    "melbands_skewness": {
        "dmean": 0.66209924221,
        "dmean2": 1.04221916199,
        "dvar": 0.743012726307,
        "dvar2": 1.92957687378,
        "max": 8.79427909851,
        "mean": 1.55128955841,
        "median": 1.33650803566,
        "min": -1.43635368347,
        "stdev": 1.329220891,
        "var": 1.76682817936
    },
    "melbands_spread": {
        "dmean": 4.60300588608,
        "dmean2": 7.43501424789,
        "dvar": 38.7214889526,
        "dvar2": 96.1898269653,
        "max": 81.5484619141,
        "mean": 18.0954780579,
        "median": 16.8646659851,
        "min": 1.78788661957,
        "stdev": 8.75393295288,
        "var": 76.6313400269
    },
    "pitch_salience": {
        "dmean": 0.062463901937,
        "dmean2": 0.101794354618,
        "dvar": 0.00333557045087,
        "dvar2": 0.00844212993979,
        "max": 0.815067529678,
        "mean": 0.494460105896,
        "median": 0.48618131876,
        "min": 0.180821344256,
        "stdev": 0.0944625511765,
        "var": 0.00892317295074
    },
    "silence_rate_20dB": {
        "dmean": 0,
        "dmean2": 0,
        "dvar": 0,
        "dvar2": 0,
        "max": 1,
        "mean": 1,
        "median": 1,
        "min": 1,
        "stdev": 0,
        "var": 0
    },
    "silence_rate_30dB": {
        "dmean": 0.0134158926085,
        "dmean2": 0.0268456377089,
        "dvar": 0.0132354311645,
        "dvar2": 0.0323203615844,
        "max": 1,
        "mean": 0.98916965723,
        "median": 1,
        "min": 0,
        "stdev": 0.103503473103,
        "var": 0.0107129691169
    },
    "silence_rate_60dB": {
        "dmean": 0.00515995873138,
        "dmean2": 0.0103252455592,
        "dvar": 0.00513337692246,
        "dvar2": 0.0122838001698,
        "max": 1,
        "mean": 0.00464156782255,
        "median": 0,
        "min": 0,
        "stdev": 0.0679711326957,
        "var": 0.00462007476017
    },
    "spectral_centroid": {
        "dmean": 181.291610718,
        "dmean2": 288.421844482,
        "dvar": 71433.765625,
        "dvar2": 173403.046875,
        "max": 3282.6875,
        "mean": 955.457336426,
        "median": 856.505615234,
        "min": 334.901824951,
        "stdev": 405.963562012,
        "var": 164806.421875
    },
    "spectral_complexity": {
        "dmean": 3.15170288086,
        "dmean2": 5.03355693817,
        "dvar": 14.4433546066,
        "dvar2": 35.3437232971,
        "max": 51,
        "mean": 15.7142858505,
        "median": 15,
        "min": 5,
        "stdev": 5.51371383667,
        "var": 30.4010391235
    },
    "spectral_decrease": {
        "dmean": 3.72184283393e-09,
        "dmean2": 6.39611830167e-09,
        "dvar": 4.06591067893e-17,
        "dvar2": 1.1258088279e-16,
        "max": -5.10689768252e-10,
        "mean": -9.91270532325e-09,
        "median": -8.74056915734e-09,
        "min": -4.94044734012e-08,
        "stdev": 6.64262955752e-09,
        "var": 4.41245303347e-17
    },
    "spectral_energy": {
        "dmean": 0.0145468972623,
        "dmean2": 0.0249001253396,
        "dvar": 0.00060012191534,
        "dvar2": 0.00165560899768,
        "max": 0.195240601897,
        "mean": 0.0393246337771,
        "median": 0.0348086282611,
        "min": 0.00212257029489,
        "stdev": 0.0259985681623,
        "var": 0.000675925519317
    },
    "spectral_energyband_high": {
        "dmean": 0.000245738279773,
        "dmean2": 0.000388543354347,
        "dvar": 3.33866211122e-07,
        "dvar2": 8.46056309456e-07,
        "max": 0.00701160123572,
        "mean": 0.000354600022547,
        "median": 0.00015095595154,
        "min": 9.36746005209e-07,
        "stdev": 0.00068354269024,
        "var": 4.67230648837e-07
    },
    "spectral_energyband_low": {
        "dmean": 0.00912989582866,
        "dmean2": 0.0166029296815,
        "dvar": 0.000448834500276,
        "dvar2": 0.00127045006957,
        "max": 0.147937864065,
        "mean": 0.0151827074587,
        "median": 0.0113519998267,
        "min": 5.43325495528e-06,
        "stdev": 0.0176558922976,
        "var": 0.000311730545945
    },
    "spectral_energyband_middle_high": {
        "dmean": 0.00268933596089,
        "dmean2": 0.00412553409114,
        "dvar": 2.08682668017e-05,
        "dvar2": 4.62584102934e-05,
        "max": 0.10053730011,
        "mean": 0.00812524463981,
        "median": 0.00443224096671,
        "min": 0.000106449871964,
        "stdev": 0.00926696136594,
        "var": 8.58765706653e-05
    },
    "spectral_energyband_middle_low": {
        "dmean": 0.00683521013707,
        "dmean2": 0.01122920122,
        "dvar": 0.000159810500918,
        "dvar2": 0.000432305852883,
        "max": 0.167606800795,
        "mean": 0.0175657812506,
        "median": 0.0125582832843,
        "min": 0.000792117149103,
        "stdev": 0.0158397573978,
        "var": 0.000250897894148
    },
    "spectral_entropy": {
        "dmean": 0.203442558646,
        "dmean2": 0.284347176552,
        "dvar": 0.0399484820664,
        "dvar2": 0.0756748169661,
        "max": 8.20246315002,
        "mean": 7.23503828049,
        "median": 7.27068948746,
        "min": 5.74355697632,
        "stdev": 0.430449515581,
        "var": 0.185286775231
    },
    "spectral_flux": {
        "dmean": 0.0350677892566,
        "dmean2": 0.0558473318815,
        "dvar": 0.0023547988385,
        "dvar2": 0.00395787600428,
        "max": 0.339504361153,
        "mean": 0.0883668512106,
        "median": 0.0672388598323,
        "min": 0.0108304191381,
        "stdev": 0.061890617013,
        "var": 0.0038304484915
    },
    "spectral_kurtosis": {
        "dmean": 2.58387470245,
        "dmean2": 4.26660490036,
        "dvar": 11.4543085098,
        "dvar2": 29.7378349304,
        "max": 58.5165214539,
        "mean": 7.1722779274,
        "median": 6.05626296997,
        "min": -0.496089935303,
        "stdev": 4.87210035324,
        "var": 23.7373638153
    },
    "spectral_rms": {
        "dmean": 0.00101641798392,
        "dmean2": 0.00168559362646,
        "dvar": 2.13663543036e-06,
        "dvar2": 5.77576793148e-06,
        "max": 0.0138013996184,
        "mean": 0.00590010778978,
        "median": 0.00582748977467,
        "min": 0.00143902760465,
        "stdev": 0.00188524718396,
        "var": 3.55415704689e-06
    },
    "spectral_rolloff": {
        "dmean": 224.553314209,
        "dmean2": 389.444213867,
        "dvar": 198233.28125,
        "dvar2": 483045,
        "max": 4866.50390625,
        "mean": 886.760192871,
        "median": 796.728515625,
        "min": 107.666015625,
        "stdev": 530.521118164,
        "var": 281452.65625
    },
    "spectral_skewness": {
        "dmean": 0.317484349012,
        "dmean2": 0.499842822552,
        "dvar": 0.103579714894,
        "dvar2": 0.248206332326,
        "max": 5.49356794357,
        "mean": 2.0843102932,
        "median": 2.04903960228,
        "min": 0.16021040082,
        "stdev": 0.600841164589,
        "var": 0.361010074615
    },
    "spectral_spread": {
        "dmean": 657987.5,
        "dmean2": 909928.875,
        "dvar": 698055262208,
        "dvar2": 1.29420047155e+12,
        "max": 17265228,
        "mean": 4193474.25,
        "median": 3947966.25,
        "min": 1202769.125,
        "stdev": 1364479,
        "var": 1.86180278682e+12
    },
    "spectral_strongpeak": {
        "dmean": 0.645010769367,
        "dmean2": 1.09649956226,
        "dvar": 1.10266983509,
        "dvar2": 2.54240274429,
        "max": 10.1592035294,
        "mean": 1.6221575737,
        "median": 0.410117387772,
        "min": 0.0384893603623,
        "stdev": 1.86770129204,
        "var": 3.48830795288
    },
    "zerocrossingrate": {
        "dmean": 0.00624032504857,
        "dmean2": 0.00782838091254,
        "dvar": 4.4033753511e-05,
        "dvar2": 6.25005122856e-05,
        "max": 0.11962890625,
        "mean": 0.0411619320512,
        "median": 0.03759765625,
        "min": 0.01123046875,
        "stdev": 0.0157444477081,
        "var": 0.000247887626756
    },
    "barkbands": {
        "dmean": [0.000281445682049, 0.00568229518831, 0.00316471466795, 0.00147600611672, 0.00140249088872, 0.00139385799412, 0.00159480562434, 0.00133727747016, 0.00175500486512, 0.001658957568, 0.00104803487193, 0.000355382362613, 0.000351091264747, 0.000284830370219, 0.000187712881598, 9.68471576925e-05, 0.000130069820443, 8.59069186845e-05, 6.81819728925e-05, 8.4265244368e-05, 8.86847046786e-05, 4.03485355491e-05, 2.63411457126e-05, 2.07271659747e-05, 3.26227964251e-05, 2.11888545891e-05, 9.59490080277e-07],
        "dmean2": [0.000477096211398, 0.0102165658027, 0.00591541547328, 0.00273769977503, 0.00247414037585, 0.00245072762482, 0.00261492165737, 0.00207925238647, 0.00250604120083, 0.00245864572935, 0.00160211184993, 0.000561129127163, 0.000540485256352, 0.000455749162938, 0.00028487565578, 0.000153581408085, 0.000213521023397, 0.000134349858854, 0.000118135511002, 0.000142935619806, 0.000146657708683, 6.35457254248e-05, 4.3260952225e-05, 3.18000129482e-05, 4.83434341731e-05, 3.19710379699e-05, 1.57132126333e-06],
        "dvar": [1.94651747165e-07, 0.000156242400408, 5.92969663558e-05, 1.17669860629e-05, 1.01055829873e-05, 1.59811170306e-05, 1.16370865726e-05, 8.42914050736e-06, 1.33279845613e-05, 1.25121005112e-05, 7.46714749766e-06, 5.197409223e-07, 5.87484919379e-07, 2.79954292637e-07, 1.1393221655e-07, 4.13069081162e-08, 1.24239406318e-07, 7.95501691186e-08, 4.63458214028e-08, 5.71770826241e-08, 7.53572209078e-08, 8.18427814409e-09, 2.82702083965e-09, 1.36493250036e-09, 6.95976698495e-09, 2.91750779091e-09, 6.37119176861e-12],
        "dvar2": [5.0870164614e-07, 0.000442225689767, 0.000170138242538, 3.38535028277e-05, 2.88106075459e-05, 4.48835016869e-05, 3.00739775412e-05, 1.96256296476e-05, 2.42119240284e-05, 2.6579860787e-05, 1.44944260683e-05, 1.205312401e-06, 1.24232917642e-06, 7.15198211765e-07, 2.24488189815e-07, 8.16376513058e-08, 2.51232449955e-07, 1.59166631875e-07, 1.33598902607e-07, 1.63567122513e-07, 1.89881504298e-07, 1.95409608494e-08, 7.22151805022e-09, 3.1425728686e-09, 1.7000411745e-08, 6.96741286887e-09, 1.64102082617e-11],
        "max": [0.00487972516567, 0.108069881797, 0.0520763248205, 0.02531317994, 0.0383342280984, 0.0437836050987, 0.0520586818457, 0.0589358322322, 0.050387494266, 0.0663126856089, 0.0842787399888, 0.0157316550612, 0.0177027918398, 0.00715560931712, 0.00646966090426, 0.00568412384018, 0.0100047532469, 0.00962526816875, 0.00341255497187, 0.00315758679062, 0.00476332986727, 0.00127123238053, 0.000470420374768, 0.000376026524464, 0.000787254597526, 0.000448709004559, 3.54245530616e-05],
        "mean": [0.000557748484425, 0.010428561829, 0.00334194651805, 0.00145173002966, 0.00207089656033, 0.00196942919865, 0.00296656484716, 0.00279903761111, 0.00408983230591, 0.00436044437811, 0.00219925190322, 0.000585914938711, 0.000631293223705, 0.000492280523758, 0.000383898441214, 0.000156973022968, 0.000210317768506, 0.000138304021675, 7.86504970165e-05, 0.000109760003397, 0.000106528219476, 5.29818098585e-05, 4.20499891334e-05, 3.71067253582e-05, 4.04340280511e-05, 2.18833865802e-05, 8.39559390897e-07],
        "median": [0.000412073510233, 0.00823379214853, 0.00145039719064, 0.000551299599465, 0.00104058592115, 0.00100300414488, 0.00150067615323, 0.000750480045099, 0.00123799731955, 0.00101368199103, 0.000433117034845, 0.000216804241063, 0.000163119490026, 0.000164641620358, 0.000121481723909, 8.60011205077e-05, 0.000100908124296, 6.2181337853e-05, 3.50175796484e-05, 5.19500026712e-05, 2.83922854578e-05, 2.01687998924e-05, 2.42825262831e-05, 2.15141444642e-05, 1.35405462061e-05, 4.60225328425e-06, 9.69633404679e-08],
        "min": [2.59910066802e-08, 2.2713643375e-06, 1.02153855153e-07, 1.50408823174e-07, 1.18421148727e-05, 2.08627670872e-06, 8.41558289721e-07, 3.32498302669e-06, 6.3640100052e-06, 2.63429296865e-06, 1.14609485991e-06, 1.33417211146e-06, 8.57106044805e-07, 1.16513945159e-06, 1.62513708801e-06, 1.10371206574e-06, 4.81300673982e-07, 1.39067864779e-07, 1.18588168618e-07, 9.22805014625e-08, 2.96677342249e-07, 1.21288223909e-07, 5.7138581866e-08, 2.39989095263e-08, 8.81052564239e-09, 6.75184005927e-11, 2.39412157634e-12],
        "stdev": [0.000573386787437, 0.0110897505656, 0.00617873482406, 0.0027999416925, 0.00309303449467, 0.00361094227992, 0.00473561417311, 0.00588061427698, 0.00760660180822, 0.00756993843243, 0.00550834136084, 0.00106153415982, 0.00121999019757, 0.000805481511634, 0.000663074722979, 0.00026597105898, 0.00049787160242, 0.000405687809689, 0.000177663241629, 0.000215580803342, 0.000346511718817, 0.000116411501949, 5.57062958251e-05, 4.59583934571e-05, 8.61400403664e-05, 5.32144476892e-05, 2.26104248213e-06],
        "var": [3.28772387093e-07, 0.000122982572066, 3.81767640647e-05, 7.83967334428e-06, 9.5668629001e-06, 1.30389043989e-05, 2.24260402319e-05, 3.4581626096e-05, 5.78603940085e-05, 5.73039687879e-05, 3.03418255498e-05, 1.12685472686e-06, 1.48837602865e-06, 6.48800437375e-07, 4.3966807084e-07, 7.07406115907e-08, 2.4787615871e-07, 1.64582587558e-07, 3.15642267879e-08, 4.64750797846e-08, 1.20070367871e-07, 1.35516371458e-08, 3.10319125951e-09, 2.11217376922e-09, 7.42010675125e-09, 2.83177747917e-09, 5.11231291675e-12]
    },
    "erbbands": {
        "dmean": [0.15548928082, 1.35882103443, 3.48131918907, 4.66465854645, 3.8890080452, 5.09689664841, 10.0942459106, 10.5368061066, 17.3063907623, 25.3316116333, 30.1660671234, 44.5750770569, 49.460483551, 50.1854858398, 27.1626358032, 14.8434810638, 15.5251054764, 15.0091514587, 10.4002561569, 6.67101621628, 5.7882437706, 6.15714645386, 5.29523611069, 2.48666715622, 4.41796827316, 3.78200960159, 4.34550571442, 2.83714008331, 1.57217884064, 1.05196893215, 0.663135528564, 0.501929461956, 0.343584179878, 0.306718975306, 0.254535973072, 0.109684497118, 0.0339926443994, 0.00574219273403, 0.000117708477774, 1.89181391761e-05],
        "dmean2": [0.270810097456, 2.47957420349, 6.51602983475, 8.70987129211, 6.9794383049, 8.97808551788, 18.032699585, 18.3423786163, 27.6947574615, 41.4776878357, 47.0786323547, 62.9019317627, 73.3063583374, 75.6570358276, 43.0296554565, 23.1271114349, 23.5657672882, 23.4300861359, 16.1620254517, 10.339507103, 9.21086502075, 9.8708524704, 8.28496646881, 4.00569009781, 7.78342199326, 6.35904407501, 7.62928104401, 4.44300365448, 2.47652816772, 1.69798362255, 1.06084287167, 0.808380484581, 0.516082167625, 0.444879591465, 0.38930773735, 0.165108323097, 0.0522422641516, 0.00898785889149, 0.000182310890523, 3.12472693622e-05],
        "dvar": [0.0967380329967, 9.65871334076, 72.7928009033, 126.507125854, 54.9215507507, 177.211166382, 1120.14221191, 619.989746094, 989.494384766, 3843.61572266, 4154.70068359, 8905.04003906, 13509.8115234, 15773.0683594, 3199.81982422, 876.873901367, 1009.6595459, 815.675537109, 336.340148926, 136.63420105, 258.099731445, 266.550506592, 325.014556885, 31.4518852234, 219.124053955, 110.88583374, 275.671051025, 64.5780792236, 12.7514438629, 5.203145504, 1.48423552513, 0.903963983059, 0.37966299057, 0.515678405762, 0.501591205597, 0.0886640548706, 0.00696455081925, 0.000205320699024, 8.19025984811e-08, 8.5095291924e-10],
        "dvar2": [0.263522684574, 27.7870483398, 209.324630737, 363.175201416, 154.660522461, 508.251525879, 3186.89624023, 1731.00268555, 2400.19775391, 9822.60644531, 10562.9326172, 15250.9189453, 29165.4550781, 28781.2089844, 8053.71142578, 1980.32434082, 2063.55615234, 2026.38952637, 701.307312012, 305.718322754, 477.219055176, 530.343200684, 669.07043457, 74.606590271, 643.328063965, 312.477844238, 770.22265625, 139.084579468, 30.0901737213, 13.3843183517, 3.58543634415, 2.27142429352, 0.832005143166, 1.20789480209, 1.24953877926, 0.211586833, 0.0169051997364, 0.000512066006195, 2.02611502687e-07, 2.22468843347e-09],
        "max": [3.11329078674, 26.263458252, 59.7305679321, 75.0986862183, 58.1428260803, 165.149780273, 410.146179199, 260.47064209, 729.034362793, 1034.24609375, 1046.32214355, 1426.85107422, 2427.13647461, 3077.80322266, 913.358093262, 556.211547852, 884.049865723, 416.461364746, 391.971099854, 207.624237061, 532.442932129, 477.709625244, 593.934387207, 156.670593262, 236.847091675, 142.345169067, 222.212509155, 161.426940918, 45.0781021118, 23.6809711456, 13.0450305939, 9.95732307434, 6.84702777863, 8.00276851654, 7.36228656769, 2.82021188736, 0.694172024727, 0.137263014913, 0.00294641591609, 0.00023395230528],
        "mean": [0.37757268548, 2.01389884949, 3.8792116642, 4.79363059998, 4.54869413376, 7.39262485504, 12.6455039978, 16.5811271667, 35.801574707, 49.5012893677, 65.3178482056, 110.156356812, 131.237762451, 136.518386841, 51.4626083374, 27.1195297241, 29.2296772003, 30.6453304291, 20.8576278687, 13.7235555649, 10.202214241, 10.3977956772, 9.08903408051, 3.6037364006, 5.23061227798, 4.97208690643, 4.68376302719, 3.70015096664, 2.04792666435, 1.5056078434, 1.0908356905, 0.861513972282, 0.620936751366, 0.438758730888, 0.27060547471, 0.115530140698, 0.034845571965, 0.00562431430444, 0.000133137160446, 4.91373612022e-05],
        "median": [0.344415992498, 1.33109736443, 1.93573880196, 1.87980508804, 2.29800200462, 3.22003602982, 5.94479513168, 9.06827449799, 18.9300479889, 19.5691928864, 25.6003513336, 38.8748512268, 34.1910820007, 32.2955322266, 20.5366077423, 11.7284879684, 8.91207313538, 11.3923950195, 9.99860095978, 6.06883955002, 5.98382282257, 5.34522294998, 4.06276130676, 1.96767032146, 2.56698036194, 2.24278450012, 1.2466531992, 1.01025307178, 0.738622009754, 0.689859747887, 0.641289055347, 0.507227838039, 0.346992790699, 0.167409330606, 0.070607021451, 0.0251821577549, 0.00746415462345, 0.00102386076469, 4.30952677561e-05, 4.24456811743e-05],
        "min": [8.02615395514e-05, 0.000730305735487, 0.000374234921765, 0.00233891443349, 0.012446125038, 0.0387100726366, 0.131733819842, 0.107820697129, 0.0819854065776, 0.225674778223, 0.289441347122, 0.236150220037, 0.150660052896, 0.11854057759, 0.413877874613, 0.107315398753, 0.0508423037827, 0.0938743799925, 0.0808050855994, 0.101458780468, 0.0591264143586, 0.0255466550589, 0.00851210672408, 0.0114989113063, 0.0100949080661, 0.0114060305059, 0.0148287052289, 0.00735070835799, 0.00706767383963, 0.00252918154001, 0.00163238088135, 0.000585914356634, 0.000330848852172, 0.000122110795928, 5.35039689566e-05, 2.10393336602e-05, 5.03977025801e-06, 5.85644670537e-07, 2.36447635871e-06, 2.86968224827e-06],
        "stdev": [0.333695709705, 2.60136914253, 6.76831865311, 8.99970626831, 6.56679153442, 12.8128261566, 27.2979602814, 25.2781963348, 59.1894836426, 97.1972961426, 113.11289978, 204.11807251, 252.602706909, 271.472503662, 81.5805435181, 46.2668914795, 53.9254074097, 48.2476882935, 33.0633087158, 20.8363628387, 21.471616745, 24.0604496002, 26.4510536194, 6.92826509476, 11.6213769913, 9.76066207886, 15.7924861908, 12.3530626297, 4.66263818741, 2.46599411964, 1.36778354645, 1.06323039532, 0.804874837399, 0.813237726688, 0.680106341839, 0.293961584568, 0.0810415893793, 0.0134541653097, 0.000271769822575, 3.23872009176e-05],
        "var": [0.111352823675, 6.76712083817, 45.8101348877, 80.9947128296, 43.1227531433, 164.168518066, 745.178649902, 638.987243652, 3503.39477539, 9447.31445312, 12794.5273438, 41664.1875, 63808.1289062, 73697.328125, 6655.38525391, 2140.62524414, 2907.94970703, 2327.83959961, 1093.18249512, 434.154022217, 461.030334473, 578.905212402, 699.658203125, 48.0008544922, 135.056411743, 95.2705154419, 249.402633667, 152.59815979, 21.740196228, 6.08112716675, 1.87083172798, 1.13045883179, 0.647823512554, 0.661355614662, 0.462544620037, 0.0864134207368, 0.00656773941591, 0.000181014562258, 7.38588425975e-08, 1.04893083108e-09]
    },
    "gfcc": {
        "mean": [4.26612472534, 116.348068237, -108.760223389, 16.9396514893, -62.1196479797, 23.3035354614, -26.421169281, 18.3383789062, -13.527554512, 5.19764709473, -11.9584312439, -0.225172132254, -5.0359711647],
        "cov": [[1606.51489258, -444.8722229, 112.311950684, 46.6440620422, 35.1281356812, 11.263674736, -38.479801178, 159.616790771, -135.787094116, 150.608337402, -96.9652099609, 110.91859436, -81.9448394775], [-444.8722229, 954.761474609, -115.762687683, -51.1359519958, 73.303855896, 50.2099189758, 177.356369019, -99.8492889404, 182.331604004, -185.307449341, 164.894622803, -200.432601929, 62.3150520325], [112.311950684, -115.762687683, 647.522583008, 174.509643555, 6.77742195129, 32.5298690796, -27.4862060547, 76.0208587646, -2.5253610611, 126.789115906, -66.9368286133, 86.9627075195, -50.9824333191], [46.6440620422, -51.1359519958, 174.509643555, 432.466094971, 49.5645599365, -85.9440460205, -20.9389209747, 20.4265270233, 47.9761314392, 40.3137512207, 10.6876106262, 41.5222396851, 22.0649833679], [35.1281356812, 73.303855896, 6.77742195129, 49.5645599365, 256.211029053, 43.4635162354, 13.7035579681, -2.90229105949, -24.4288673401, 28.5723571777, -13.2466964722, 36.3247299194, -24.0074634552], [11.263674736, 50.2099189758, 32.5298690796, -85.9440460205, 43.4635162354, 210.932281494, 127.600418091, 14.6898517609, -15.2915821075, -7.23809719086, 21.0559673309, -17.5307693481, -9.33322048187], [-38.479801178, 177.356369019, -27.4862060547, -20.9389209747, 13.7035579681, 127.600418091, 242.909347534, 25.4490146637, 10.9696750641, -39.8513717651, 55.8887138367, -21.8489551544, 13.4449806213], [159.616790771, -99.8492889404, 76.0208587646, 20.4265270233, -2.90229105949, 14.6898517609, 25.4490146637, 154.158416748, 35.406085968, 2.35666894913, -30.8004760742, 20.2299671173, 0.247790470719], [-135.787094116, 182.331604004, -2.5253610611, 47.9761314392, -24.4288673401, -15.2915821075, 10.9696750641, 35.406085968, 158.270477295, -23.8763599396, 26.2401371002, -63.5992279053, 30.4005355835], [150.608337402, -185.307449341, 126.789115906, 40.3137512207, 28.5723571777, -7.23809719086, -39.8513717651, 2.35666894913, -23.8763599396, 176.831573486, -3.48367023468, 85.1663894653, -35.0178947449], [-96.9652099609, 164.894622803, -66.9368286133, 10.6876106262, -13.2466964722, 21.0559673309, 55.8887138367, -30.8004760742, 26.2401371002, -3.48367023468, 147.245178223, 12.87570858, 14.6219491959], [110.91859436, -200.432601929, 86.9627075195, 41.5222396851, 36.3247299194, -17.5307693481, -21.8489551544, 20.2299671173, -63.5992279053, 85.1663894653, 12.87570858, 183.246292114, 16.2126483917], [-81.9448394775, 62.3150520325, -50.9824333191, 22.0649833679, -24.0074634552, -9.33322048187, 13.4449806213, 0.247790470719, 30.4005355835, -35.0178947449, 14.6219491959, 16.2126483917, 104.256347656]],
        "icov": [[0.000937292876188, -0.000461092102341, 0.000459938310087, -0.00046573887812, 0.000483119074488, -0.00044749584049, 0.00042638531886, -0.00158904120326, 0.00137797568459, -0.00107746885624, 0.000684703409206, -0.000212629369344, 0.00052909180522], [-0.000461092102341, 0.00675844214857, -0.00322057702579, 0.00317031540908, -0.00536691118032, 0.00423489743844, -0.00427219225094, 0.00542477006093, -0.00584108894691, 0.00488100852817, -0.00686206575483, 0.00533744972199, -0.00349149527028], [0.000459938310087, -0.00322057702579, 0.00420222245157, -0.0028220822569, 0.00341017893516, -0.00358194950968, 0.00242754886858, -0.00332006835379, 0.00237663998269, -0.0034056128934, 0.00473389495164, -0.00372450053692, 0.00317648192868], [-0.00046573887812, 0.00317031540908, -0.0028220822569, 0.00507778255269, -0.00376676255837, 0.00434489734471, -0.0027624857612, 0.00285084545612, -0.00358825433068, 0.00227812770754, -0.00408004131168, 0.00269379327074, -0.00287982216105], [0.000483119074488, -0.00536691118032, 0.00341017893516, -0.00376676255837, 0.00916978064924, -0.00538377277553, 0.00357374222949, -0.00386079587042, 0.00430102786049, -0.00397029565647, 0.00678462674841, -0.00595518108457, 0.00461712060496], [-0.00044749584049, 0.00423489743844, -0.00358194950968, 0.00434489734471, -0.00538377277553, 0.0120125953108, -0.00707191741094, 0.00303437933326, -0.00241218088195, 0.00243994733319, -0.00551308272406, 0.00536934332922, -0.00335255241953], [0.00042638531886, -0.00427219225094, 0.00242754886858, -0.0027624857612, 0.00357374222949, -0.00707191741094, 0.0100043369457, -0.00510929571465, 0.00430739345029, -0.00212382338941, 0.0020973237697, -0.00290621328168, 0.00176066695713], [-0.00158904120326, 0.00542477006093, -0.00332006835379, 0.00285084545612, -0.00386079587042, 0.00303437933326, -0.00510929571465, 0.0150033757091, -0.00996761210263, 0.00620161229745, -0.00252399453893, 0.000579786719754, -0.00145913695451], [0.00137797568459, -0.00584108894691, 0.00237663998269, -0.00358825433068, 0.00430102786049, -0.00241218088195, 0.00430739345029, -0.00996761210263, 0.0173695515841, -0.00673085357994, 0.00248960033059, 0.00208612740971, -0.00126055290457], [-0.00107746885624, 0.00488100852817, -0.0034056128934, 0.00227812770754, -0.00397029565647, 0.00243994733319, -0.00212382338941, 0.00620161229745, -0.00673085357994, 0.0135813467205, -0.00496994284913, -0.0012194608571, 0.00106257293373], [0.000684703409206, -0.00686206575483, 0.00473389495164, -0.00408004131168, 0.00678462674841, -0.00551308272406, 0.0020973237697, -0.00252399453893, 0.00248960033059, -0.00496994284913, 0.0171629600227, -0.0090807043016, 0.0052321748808], [-0.000212629369344, 0.00533744972199, -0.00372450053692, 0.00269379327074, -0.00595518108457, 0.00536934332922, -0.00290621328168, 0.000579786719754, 0.00208612740971, -0.0012194608571, -0.0090807043016, 0.0165530070662, -0.0085844937712], [0.00052909180522, -0.00349149527028, 0.00317648192868, -0.00287982216105, 0.00461712060496, -0.00335255241953, 0.00176066695713, -0.00145913695451, -0.00126055290457, 0.00106257293373, 0.0052321748808, -0.0085844937712, 0.016122424975]]
    },
    "melbands": {
        "dmean": [0.00148166471627, 0.00174858258106, 0.000755707151257, 0.000292129960144, 0.000326225301251, 0.000243894362939, 0.000292331067612, 0.000273363257293, 0.0002481554111, 0.00028982423828, 0.00024793020566, 0.000202287963475, 0.000114058268082, 4.67652789666e-05, 2.90560819849e-05, 3.77879259759e-05, 2.9293123589e-05, 1.74171018443e-05, 1.24065654745e-05, 7.66736866353e-06, 7.53775520934e-06, 7.34536433811e-06, 5.97213056608e-06, 3.78791651201e-06, 1.82827204753e-06, 2.92205459118e-06, 3.21730794894e-06, 2.45694991463e-06, 3.06245851789e-06, 2.05640526474e-06, 1.55798215928e-06, 9.77868012342e-07, 6.44731926513e-07, 6.20490254732e-07, 4.14570649809e-07, 3.50250729753e-07, 2.86685121864e-07, 2.36228331119e-07, 2.75410656059e-07, 2.74524239785e-07],
        "dmean2": [0.0026261464227, 0.0032464643009, 0.00140609894879, 0.000514378771186, 0.000581700296607, 0.00042570871301, 0.000468289625132, 0.000441432086518, 0.000382701779017, 0.000412544904975, 0.000367789209122, 0.000304973131279, 0.000178263348062, 7.29322782718e-05, 4.61085619463e-05, 5.77885366511e-05, 4.62763600808e-05, 2.76108075923e-05, 1.89643051272e-05, 1.21772582133e-05, 1.21107777886e-05, 1.1929604625e-05, 9.37676122703e-06, 5.91619027546e-06, 2.96042276204e-06, 5.15324200023e-06, 5.52231540496e-06, 4.14313808506e-06, 5.42279212823e-06, 3.42760495187e-06, 2.42503733716e-06, 1.56809699092e-06, 1.03422030406e-06, 1.0423632375e-06, 6.76639331232e-07, 5.60031878649e-07, 4.69014281634e-07, 3.6455739405e-07, 4.13120886833e-07, 4.06958776011e-07],
        "dvar": [9.7988959169e-06, 1.81945342774e-05, 3.19952800965e-06, 3.48847436271e-07, 1.11563770133e-06, 3.5880182736e-07, 3.12861459406e-07, 4.35505995711e-07, 2.56727616943e-07, 3.83454732855e-07, 3.41276631843e-07, 2.50169932769e-07, 6.54268390576e-08, 8.63525340122e-09, 2.8028472876e-09, 7.94413690386e-09, 3.21823101501e-09, 9.19081200035e-10, 4.54388360271e-10, 1.93246516011e-10, 5.75876513143e-10, 3.9640477012e-10, 3.2040689546e-10, 1.83405762799e-10, 1.53860344604e-11, 9.54760367988e-11, 7.4514429349e-11, 4.87342041722e-11, 1.55740600971e-10, 4.10487928371e-11, 2.19418771347e-11, 5.09941828347e-12, 2.12440156612e-12, 1.9876897437e-12, 6.19488130498e-13, 3.39176738995e-13, 3.43786983473e-13, 1.64654571986e-13, 3.27342482547e-13, 4.5496381185e-13],
        "dvar2": [2.73743426078e-05, 5.23343987879e-05, 9.17591569305e-06, 9.86667600955e-07, 3.17490002999e-06, 1.00130500869e-06, 7.72820442307e-07, 1.07529604065e-06, 6.3436613118e-07, 6.80163623201e-07, 7.40159748602e-07, 4.61566827425e-07, 1.51067013121e-07, 1.98830552023e-08, 6.36330277359e-09, 1.69618310508e-08, 8.22394774502e-09, 1.9893786618e-09, 9.6495600399e-10, 4.41489067526e-10, 1.12544695785e-09, 8.19935730423e-10, 6.01394156696e-10, 3.94451693531e-10, 3.89310562954e-11, 2.77339234911e-10, 2.17458176466e-10, 1.36677488771e-10, 4.44023956492e-10, 1.00585470508e-10, 4.86973829317e-11, 1.22733689531e-11, 5.40806201904e-12, 5.32696369654e-12, 1.54826260319e-12, 7.98251818378e-13, 8.90873692091e-13, 3.71665073934e-13, 7.73599988322e-13, 1.07146886849e-12],
        "max": [0.0289016887546, 0.0294591449201, 0.0121153360233, 0.00624093972147, 0.0131731303409, 0.00621568923816, 0.0112450458109, 0.0132475225255, 0.00794145464897, 0.00873851682991, 0.0123237324879, 0.0116566261277, 0.00625392701477, 0.00197591702454, 0.000761332630645, 0.00225383043289, 0.000906817615032, 0.000567788782064, 0.000365938467439, 0.000202352792257, 0.000842345412821, 0.000605300243478, 0.000726350699551, 0.000384729995858, 0.000102647165477, 0.000147141312482, 0.000122997749713, 9.12562973099e-05, 0.000179515089258, 0.00012341614638, 9.95485897874e-05, 3.00244992104e-05, 1.63716158568e-05, 1.37749275382e-05, 9.98820814857e-06, 5.32046851731e-06, 6.63103310217e-06, 5.50766753804e-06, 6.07584206591e-06, 7.43957616578e-06],
        "mean": [0.00307561014779, 0.00219549401663, 0.000812144658994, 0.000410835753428, 0.000435256952187, 0.000375552219339, 0.00059138587676, 0.000545513234101, 0.000527277763467, 0.000701904122252, 0.000630572321825, 0.000537839718163, 0.000215220119571, 8.0988938862e-05, 5.27924166818e-05, 6.75919800415e-05, 5.59516483918e-05, 3.15319448418e-05, 2.57383144344e-05, 1.32935492729e-05, 1.2180669728e-05, 1.15724897114e-05, 9.64749779087e-06, 6.00416251473e-06, 2.44108787228e-06, 3.21000675285e-06, 4.24337713412e-06, 3.01408863379e-06, 3.06019614982e-06, 2.42857936428e-06, 2.01073521566e-06, 1.21120422136e-06, 8.48899219363e-07, 8.39130905206e-07, 6.06858350238e-07, 6.27641838946e-07, 4.57494081729e-07, 4.14821414552e-07, 4.378172207e-07, 3.54290762061e-07],
        "median": [0.00259935297072, 0.00131890480407, 0.000376506999601, 0.000214911604417, 0.000206305208849, 0.000201018468942, 0.000309221126372, 0.000217898646952, 0.000204820316867, 0.000211070218938, 0.000130767803057, 0.000120454984426, 5.99930353928e-05, 3.1293478969e-05, 2.04450388992e-05, 1.74542074092e-05, 1.72547297552e-05, 1.40331894727e-05, 8.15963267087e-06, 6.74339071338e-06, 6.45895397611e-06, 5.43459373148e-06, 3.8974421841e-06, 2.67700988843e-06, 1.23210850234e-06, 1.3430042145e-06, 2.26685347116e-06, 1.23030258692e-06, 7.64766468819e-07, 5.81972074087e-07, 5.42486986888e-07, 3.95856602609e-07, 3.58628312824e-07, 3.73822814481e-07, 3.27649132714e-07, 4.15362961803e-07, 2.4870399784e-07, 2.38724823021e-07, 2.01958798129e-07, 1.16667791872e-07],
        "min": [4.62804280232e-07, 4.47088439159e-07, 3.86447510436e-07, 1.415692509e-06, 4.55975305158e-06, 1.37864753924e-06, 3.9191417045e-07, 3.09251777253e-06, 1.01640046068e-06, 9.7204224403e-07, 3.83241740565e-07, 3.11662574859e-07, 3.04379625504e-07, 2.34552203437e-07, 1.48828831925e-07, 1.06744806772e-07, 1.52236964368e-07, 2.77125344894e-08, 1.35010907343e-07, 4.24496029439e-08, 3.56604274998e-08, 2.81247540812e-08, 8.43741465584e-10, 2.68054289876e-09, 8.66206484318e-09, 2.83417866953e-09, 7.52264153747e-11, 5.98043392586e-09, 7.94874566168e-09, 6.91515378293e-09, 3.01331470887e-09, 2.41519249045e-09, 2.23157736734e-09, 1.02378705513e-09, 8.57405035859e-10, 5.08366460039e-10, 1.77583267535e-10, 2.58894211624e-10, 1.42219944155e-10, 4.14249121117e-11],
        "stdev": [0.00298532331362, 0.00337960501201, 0.00142443180084, 0.000578298291657, 0.000882734195329, 0.000608893693425, 0.000950589659624, 0.00114676146768, 0.000891379255336, 0.00131602503825, 0.00125711725559, 0.00108380487654, 0.000426723010605, 0.00013807490177, 8.28264528536e-05, 0.000139149808092, 9.39274541452e-05, 5.0993203331e-05, 4.40490002802e-05, 1.8588736566e-05, 3.12657357426e-05, 2.77228009509e-05, 2.9027913115e-05, 1.75303284777e-05, 4.60528099211e-06, 7.86274176789e-06, 7.34288869353e-06, 6.56477686789e-06, 1.09886896098e-05, 8.31252054923e-06, 6.96809729561e-06, 2.87379202746e-06, 1.63951494869e-06, 1.38805251026e-06, 8.41147368646e-07, 6.89239925578e-07, 6.23784387699e-07, 5.28576947545e-07, 6.80225753058e-07, 7.33515889806e-07],
        "var": [8.91215495358e-06, 1.14217300506e-05, 2.02900582735e-06, 3.34428932547e-07, 7.79219703873e-07, 3.70751536138e-07, 9.03620673398e-07, 1.31506180878e-06, 7.94556967776e-07, 1.73192188413e-06, 1.58034390552e-06, 1.17463298466e-06, 1.82092520618e-07, 1.90646769482e-08, 6.86022083585e-09, 1.93626679135e-08, 8.82236683708e-09, 2.60030663668e-09, 1.94031457568e-09, 3.45541123492e-10, 9.77546266157e-10, 7.68553665154e-10, 8.42619751751e-10, 3.07312397752e-10, 2.12086129908e-11, 6.18227066762e-11, 5.39180158854e-11, 4.30962973641e-11, 1.2075129785e-10, 6.90979912177e-11, 4.85543792672e-11, 8.25868106541e-12, 2.68800932034e-12, 1.92668992739e-12, 7.07528924771e-13, 4.75051692862e-13, 3.89106959544e-13, 2.79393560154e-13, 4.62707075346e-13, 5.38045573806e-13]
    },
    "melbands128": {
