{
"lowlevel": {
    "average_loudness": 0.822275280952,
    "barkbands_crest": {
        "dmean": 1.20875227451,
        "dmean2": 1.69596099854,
        "dvar": 2.23030972481,
        "dvar2": 4.93231344223,
        "max": 22.2949504852,
        "mean": 11.2134122849,
        "median": 10.4384212494,
        "min": 3.86811876297,
        "stdev": 3.71507811546,
        "var": 13.8018054962
    },
    "barkbands_flatness_db": {
        "dmean": 0.0236833877861,
        "dmean2": 0.0390949100256,
        "dvar": 0.000477004679851,
        "dvar2": 0.00114315783139,
        "max": 0.47436439991,
        "mean": 0.327774494886,
        "median": 0.325123667717,
        "min": 0.073717109859,
        "stdev": 0.0497541725636,
        "var": 0.00247547775507
    },
    "barkbands_kurtosis": {
        "dmean": 1.06563401222,
        "dmean2": 1.58173537254,
        "dvar": 1.89475762844,
        "dvar2": 3.80807137489,
        "max": 27.8000144958,
        "mean": 4.5874209404,
        "median": 3.9012169838,
        "min": -1.5614002943,
        "stdev": 3.59102034569,
        "var": 12.8954267502
    },
    "barkbands_skewness": {
        "dmean": 0.243896722794,
        "dmean2": 0.362811416388,
        "dvar": 0.0885121971369,
        "dvar2": 0.172346711159,
        "max": 4.49440765381,
        "mean": 1.26498436928,
        "median": 1.25964581966,
        "min": -2.17146897316,
        "stdev": 0.778503358364,
        "var": 0.606067478657
    },
    "barkbands_spread": {
        "dmean": 0.844824850559,
        "dmean2": 1.25225698948,
        "dvar": 1.64190173149,
        "dvar2": 3.76482915878,
        "max": 26.166425705,
        "mean": 5.10798311234,
        "median": 4.4992609024,
        "min": 1.26753222942,
        "stdev": 2.4504468441,
        "var": 6.00468969345
    },
    "dissonance": {
        "dmean": 0.026054635644,
        "dmean2": 0.0429463274777,
        "dvar": 0.000743072596379,
        "dvar2": 0.00185966130812,
        "max": 0.497897684574,
        "mean": 0.378295361996,
        "median": 0.382520347834,
        "min": 0.182857826352,
        "stdev": 0.0499402694404,
        "var": 0.00249403039925
    },
    "dynamic_complexity": 3.20517134666,
    "erbbands_crest": {
        "dmean": 1.79264473915,
        "dmean2": 2.40420150757,
        "dvar": 4.52646923065,
        "dvar2": 9.46122074127,
        "max": 30.8254032135,
        "mean": 15.8403587341,
        "median": 15.3317070007,
        "min": 2.71788144112,
        "stdev": 5.47849750519,
        "var": 30.0139369965
    },
    "erbbands_flatness_db": {
        "dmean": 0.0130350152031,
        "dmean2": 0.0197910834104,
        "dvar": 0.000270255521173,
        "dvar2": 0.000548948242795,
        "max": 0.483451157808,
        "mean": 0.359548479319,
        "median": 0.358713686466,
        "min": 0.0962000638247,
        "stdev": 0.0403683148324,
        "var": 0.00162960088346
    },
    "erbbands_kurtosis": {
        "dmean": 0.974323630333,
        "dmean2": 1.40650868416,
        "dvar": 1.81983327866,
        "dvar2": 3.99927711487,
        "max": 20.123380661,
        "mean": 2.88032078743,
        "median": 2.25624346733,
        "min": -1.49265253544,
        "stdev": 2.69012093544,
        "var": 7.23675012589
    },
    "erbbands_skewness": {
        "dmean": 0.197238445282,
        "dmean2": 0.279673427343,
        "dvar": 0.0653915181756,
        "dvar2": 0.125125616789,
        "max": 3.30121254921,
        "mean": 1.01014053822,
        "median": 1.06332778931,
        "min": -1.83019006252,
        "stdev": 0.646094560623,
        "var": 0.417438209057
    },
    "erbbands_spread": {
        "dmean": 1.85800564289,
        "dmean2": 2.66356039047,
        "dvar": 7.01847982407,
        "dvar2": 14.5875520706,
        "max": 38.0899085999,
        "mean": 11.0755405426,
        "median": 10.1873264313,
        "min": 1.95764052868,
        "stdev": 4.92320585251,
        "var": 24.2379570007
    },
    "hfc": {
        "dmean": 3.57529306412,
        "dmean2": 4.36640071869,
        "dvar": 103.124855042,
        "dvar2": 217.852249146,
        "max": 256.059387207,
        "mean": 12.4934158325,
        "median": 8.6570110321,
        "min": 1.21837152959e-16,
        "stdev": 15.186668396,
        "var": 230.634887695
    },
    "loudness_ebu128": {
        "integrated": -18.97889328,
        "loudness_range": 7.36270904541,
        "momentary": {
            "dmean": 0.665915429592,
            "dmean2": 0.793931365013,
            "dvar": 0.35735103488,
            "dvar2": 0.542292237282,
            "max": -13.4857788086,
            "mean": -20.0643482208,
            "median": -19.3464508057,
            "min": -29.5972099304,
            "stdev": 3.36756086349,
            "var": 11.3404664993
        },
        "short_term": {
            "dmean": 0.116856865585,
            "dmean2": 0.106148347259,
            "dvar": 0.0132778678089,
            "dvar2": 0.0120950192213,
            "max": -16.3339328766,
            "mean": -19.866979599,
            "median": -18.7824287415,
            "min": -28.1822223663,
            "stdev": 2.78434443474,
            "var": 7.75257444382
        }
    },
    "melbands_crest": {
        "dmean": 1.54531443119,
        "dmean2": 2.19040060043,
        "dvar": 2.93814373016,
        "dvar2": 6.58046197891,
        "max": 26.6020412445,
        "mean": 13.6906013489,
        "median": 13.0926046371,
        "min": 1.74801981449,
        "stdev": 4.67758083344,
        "var": 21.8797626495
    },
    "melbands_flatness_db": {
        "dmean": 0.0217980500311,
        "dmean2": 0.0323985889554,
        "dvar": 0.000715640780982,
        "dvar2": 0.00146305491216,
        "max": 0.597712755203,
        "mean": 0.388547033072,
        "median": 0.383154571056,
        "min": 0.00427144160494,
        "stdev": 0.0697621554136,
        "var": 0.0048667578958
    },
    "melbands_kurtosis": {
        "dmean": 1.10487568378,
        "dmean2": 1.53686118126,
        "dvar": 2.34653234482,
        "dvar2": 3.93020558357,
        "max": 44.0732955933,
        "mean": 4.13639116287,
        "median": 3.2934756279,
        "min": -1.64132642746,
        "stdev": 3.89958786964,
        "var": 15.206785202
    },
    "melbands_skewness": {
        "dmean": 0.252094000578,
        "dmean2": 0.346849322319,
        "dvar": 0.102056585252,
        "dvar2": 0.191457867622,
        "max": 5.15754890442,
        "mean": 1.05661475658,
        "median": 0.953670978546,
        "min": -1.61301159859,
        "stdev": 0.773879349232,
        "var": 0.598889291286
    },
    "melbands_spread": {
        "dmean": 1.21489942074,
        "dmean2": 1.75703334808,
        "dvar": 8.84045696259,
        "dvar2": 12.0084161758,
        "max": 126.114250183,
        "mean": 8.43167304993,
        "median": 7.38972377777,
        "min": 2.19384407997,
        "stdev": 4.74224901199,
        "var": 22.4889278412
    },
    "pitch_salience": {
        "dmean": 0.0361742638052,
        "dmean2": 0.0544998198748,
        "dvar": 0.00171239720657,
        "dvar2": 0.00392585387453,
        "max": 0.78646415472,
        "mean": 0.558732628822,
        "median": 0.566077947617,
        "min": 0.290481388569,
        "stdev": 0.097769126296,
        "var": 0.00955880153924
    },
    "silence_rate_20dB": {
        "dmean": 0,
        "dmean2": 0,
        "dvar": 0,
        "dvar2": 0,
        "max": 1,
        "mean": 1,
        "median": 1,
        "min": 1,
        "stdev": 0,
        "var": 0
    },
    "silence_rate_30dB": {
        "dmean": 0.00515198335052,
        "dmean2": 0.0103092780337,
        "dvar": 0.00512557430193,
        "dvar2": 0.0122651038691,
        "max": 1,
        "mean": 0.994335711002,
        "median": 1,
        "min": 0,
        "stdev": 0.07504902035,
        "var": 0.00563235534355
    },
    "silence_rate_60dB": {
        "dmean": 0.0252447184175,
        "dmean2": 0.0505154654384,
        "dvar": 0.024607328698,
        "dvar2": 0.0541486702859,
        "max": 1,
        "mean": 0.0937178134918,
        "median": 0,
        "min": 0,
        "stdev": 0.291436553001,
        "var": 0.0849352702498
    },
    "spectral_centroid": {
        "dmean": 54.4494438171,
        "dmean2": 76.1982345581,
        "dvar": 58419.421875,
        "dvar2": 63484.1289062,
        "max": 11038.3359375,
        "mean": 601.885986328,
        "median": 568.086669922,
        "min": 282.008270264,
        "stdev": 287.074768066,
        "var": 82411.9140625
    },
    "spectral_complexity": {
        "dmean": 1.7248840332,
        "dmean2": 2.60154628754,
        "dvar": 4.34366416931,
        "dvar2": 7.79754734039,
        "max": 28,
        "mean": 12.1874361038,
        "median": 12,
        "min": 0,
        "stdev": 4.7566947937,
        "var": 22.6261463165
    },
    "spectral_decrease": {
        "dmean": 1.19328558146e-09,
        "dmean2": 1.41898137684e-09,
        "dvar": 6.25502274607e-18,
        "dvar2": 1.22279909653e-17,
        "max": -1.88311983192e-29,
        "mean": -5.34238564498e-09,
        "median": -4.1390926242e-09,
        "min": -6.02976086839e-08,
        "stdev": 4.84503415166e-09,
        "var": 2.34743567716e-17
    },
    "spectral_energy": {
        "dmean": 0.00482306070626,
        "dmean2": 0.00573230022565,
        "dvar": 0.000106032872282,
        "dvar2": 0.000209254125366,
        "max": 0.250802010298,
        "mean": 0.0212965663522,
        "median": 0.0163717791438,
        "min": 1.11220556433e-20,
        "stdev": 0.0195577461272,
        "var": 0.000382505444577
    },
    "spectral_energyband_high": {
        "dmean": 8.34847833175e-06,
        "dmean2": 1.12691723189e-05,
        "dvar": 6.08479600039e-10,
        "dvar2": 1.33734223695e-09,
        "max": 0.000502987881191,
        "mean": 1.51438989633e-05,
        "median": 3.07813752443e-06,
        "min": 8.03625917596e-21,
        "stdev": 3.31152332365e-05,
        "var": 1.09661868475e-09
    },
    "spectral_energyband_low": {
        "dmean": 0.000227346768952,
        "dmean2": 0.000388212269172,
        "dvar": 1.19589373071e-07,
        "dvar2": 3.30949603722e-07,
        "max": 0.00519896531478,
        "mean": 0.000440731702838,
        "median": 0.000221389535,
        "min": 7.92389448496e-23,
        "stdev": 0.000609978684224,
        "var": 3.720740267e-07
    },
    "spectral_energyband_middle_high": {
        "dmean": 0.00173409597483,
        "dmean2": 0.00223083095625,
        "dvar": 4.6553381253e-05,
        "dvar2": 0.000102975020127,
        "max": 0.181045025587,
        "mean": 0.0037153265439,
        "median": 0.00146338855848,
        "min": 1.75537318532e-21,
        "stdev": 0.0089139258489,
        "var": 7.9458070104e-05
    },
    "spectral_energyband_middle_low": {
        "dmean": 0.0034345947206,
        "dmean2": 0.00408168230206,
        "dvar": 3.40476617566e-05,
        "dvar2": 5.53675490664e-05,
        "max": 0.0965336188674,
        "mean": 0.0177442338318,
        "median": 0.0142939016223,
        "min": 3.05572100017e-22,
        "stdev": 0.0144664738327,
        "var": 0.000209278878174
    },
    "spectral_entropy": {
        "dmean": 0.142079994082,
        "dmean2": 0.218419089913,
        "dvar": 0.0515749640763,
        "dvar2": 0.116065092385,
        "max": 9.80124378204,
        "mean": 6.10640335083,
        "median": 6.11509513855,
        "min": 5.0195274353,
        "stdev": 0.40137347579,
        "var": 0.161100670695
    },
    "spectral_flux": {
        "dmean": 0.0158594660461,
        "dmean2": 0.0244091134518,
        "dvar": 0.000849250995088,
        "dvar2": 0.00195372616872,
        "max": 0.426040887833,
        "mean": 0.0342114083469,
        "median": 0.0252146366984,
        "min": 1.05461153699e-10,
        "stdev": 0.0334003418684,
        "var": 0.00111558288336
    },
    "spectral_kurtosis": {
        "dmean": 20.649433136,
        "dmean2": 35.8299102783,
        "dvar": 514.711853027,
        "dvar2": 1437.68469238,
        "max": 328.543334961,
        "mean": 45.1909446716,
        "median": 30.70885849,
        "min": -1.22005081177,
        "stdev": 51.0952339172,
        "var": 2610.72290039
    },
    "spectral_rms": {
        "dmean": 0.00046260736417,
        "dmean2": 0.000534471299034,
        "dvar": 5.59170871384e-07,
        "dvar2": 9.54768665906e-07,
        "max": 0.0156424064189,
        "mean": 0.00416132528335,
        "median": 0.00399655662477,
        "min": 3.29405318127e-12,
        "stdev": 0.00186024839059,
        "var": 3.46052388522e-06
    },
    "spectral_rolloff": {
        "dmean": 52.5847129822,
        "dmean2": 87.8972930908,
        "dvar": 172204.078125,
        "dvar2": 184272.78125,
        "max": 18712.3535156,
        "mean": 716.046936035,
        "median": 624.462890625,
        "min": 322.998046875,
        "stdev": 459.510253906,
        "var": 211149.671875
    },
    "spectral_skewness": {
        "dmean": 1.26668119431,
        "dmean2": 2.20467758179,
        "dvar": 1.29204249382,
        "dvar2": 3.57428240776,
        "max": 13.9551610947,
        "mean": 4.04173707962,
        "median": 3.49879527092,
        "min": -0.030013859272,
        "stdev": 2.28501725197,
        "var": 5.22130393982
    },
    "spectral_spread": {
        "dmean": 280289,
        "dmean2": 451892.3125,
        "dvar": 966346211328,
        "dvar2": 858438303744,
        "max": 41574756,
        "mean": 1411668.625,
        "median": 1389594.75,
        "min": 226683.171875,
        "stdev": 1159092.25,
        "var": 1.34349494682e+12
    },
    "spectral_strongpeak": {
        "dmean": 0.40367308259,
        "dmean2": 0.59801363945,
        "dvar": 0.696789562702,
        "dvar2": 1.45028614998,
        "max": 13.6525201797,
        "mean": 1.79870009422,
        "median": 1.49997365475,
        "min": 2.77243339397e-09,
        "stdev": 1.40311396122,
        "var": 1.96872889996
    },
    "zerocrossingrate": {
        "dmean": 0.00254932628013,
        "dmean2": 0.00300141959451,
        "dvar": 0.000104474442196,
        "dvar2": 0.000104086662759,
        "max": 0.501953125,
        "mean": 0.0282793287188,
        "median": 0.02685546875,
        "min": 0.0068359375,
        "stdev": 0.0129574202001,
        "var": 0.000167894730112
    },
    "barkbands": {
        "dmean": [1.96482162096e-07, 2.11381102417e-05, 0.000148274106323, 0.000201081376872, 0.000841804954689, 0.000831927114632, 0.000831690442283, 0.00118805351667, 0.000445471494459, 0.000648596324027, 0.000239036598941, 0.000425171660027, 9.34729905566e-05, 0.000453518616268, 0.000113391215564, 1.62750293384e-05, 6.6766711825e-05, 2.20647707465e-05, 3.94392045564e-05, 1.04355704025e-05, 3.41828649653e-06, 1.43930515151e-06, 7.256365393e-07, 1.13930582302e-07, 2.04245882429e-08, 5.68027180847e-09, 5.22645127177e-09],
        "dmean2": [3.34706101057e-07, 3.71691276086e-05, 0.000254041224252, 0.000315529410727, 0.00104436289985, 0.000987871666439, 0.00122618256137, 0.00138004205655, 0.000629060552455, 0.000798231398221, 0.000327987771016, 0.00063681427855, 0.000151494416059, 0.000564062036574, 0.00015476164117, 2.62284665951e-05, 0.000103223814222, 3.12251177093e-05, 5.64924521314e-05, 1.67306316143e-05, 4.43838371211e-06, 2.26677479986e-06, 1.17699210023e-06, 1.81956494316e-07, 3.07869143512e-08, 5.80545078677e-09, 5.27422372443e-09],
        "dvar": [1.11903399687e-13, 1.95687133164e-09, 6.26328855446e-08, 7.61522898074e-08, 1.96450696421e-06, 3.05487037622e-06, 9.14285737963e-06, 4.95556196256e-06, 1.9195645109e-06, 5.72479257244e-06, 1.37309086767e-06, 2.45604151132e-05, 1.32719932822e-07, 8.90445426194e-06, 1.24060278495e-07, 1.34904976079e-09, 3.271975757e-08, 4.71299044236e-09, 1.85693327381e-08, 2.01204786165e-09, 7.49685452606e-11, 7.55005155617e-11, 1.35535922763e-11, 3.21103061675e-13, 4.00476127141e-14, 3.08642407422e-14, 2.63361872593e-14],
        "dvar2": [3.00111552363e-13, 5.67055025158e-09, 1.66649172684e-07, 2.16900460259e-07, 2.97801602755e-06, 4.74072385259e-06, 1.81470459211e-05, 8.98396774573e-06, 3.08677954308e-06, 1.00136003311e-05, 2.61140166913e-06, 6.18174744886e-05, 3.40886572303e-07, 1.58420498337e-05, 2.19822695158e-07, 3.37168803988e-09, 7.93977790181e-08, 9.84096626411e-09, 3.93680039679e-08, 5.4386961601e-09, 1.26291851976e-10, 1.9962385911e-10, 3.65096355925e-11, 7.54581347493e-13, 4.79879164021e-14, 2.07198353527e-14, 1.73804215106e-14],
        "max": [4.23465644417e-06, 0.000725668040104, 0.00395955145359, 0.00312705128454, 0.0195860080421, 0.0367722064257, 0.0676024183631, 0.0556716546416, 0.0417700335383, 0.0684338286519, 0.0234924890101, 0.173247590661, 0.00986171420664, 0.0698755830526, 0.00568554503843, 0.000490146630909, 0.0032722200267, 0.00125874846708, 0.00236327783205, 0.00108426250517, 0.000124657744891, 0.000238940498093, 7.04723715899e-05, 9.49279547058e-06, 8.91856689123e-06, 9.0542007456e-06, 8.40829306981e-06],
        "mean": [2.04842422136e-07, 2.66617826128e-05, 0.000277026760159, 0.00052188889822, 0.00318978144787, 0.00310258287936, 0.00296307192184, 0.00569979287684, 0.0012316807406, 0.00190809124615, 0.000490810256451, 0.000535246741492, 0.000177613459527, 0.00069153989898, 0.000225076510105, 2.62174435193e-05, 0.000112416557386, 3.6144945625e-05, 5.7112720242e-05, 1.45084713949e-05, 6.67138965582e-06, 1.62347498645e-06, 6.68600705467e-07, 1.04847110549e-07, 1.75955019444e-08, 6.2003868706e-09, 5.74746383819e-09],
        "median": [9.22913656609e-08, 4.44519218945e-06, 9.72787238425e-05, 0.000371858710423, 0.00202723126858, 0.00197356217541, 0.00107242306694, 0.00379355205223, 0.000303558597807, 0.000531557947397, 9.81453194981e-05, 9.03108157218e-05, 0.00010988790018, 8.92454409041e-05, 7.5945048593e-05, 1.21069742818e-05, 4.40250732936e-05, 8.69552422955e-06, 1.14410522656e-05, 3.29634349328e-06, 1.38821837936e-06, 1.77377046384e-07, 3.70210173628e-08, 3.51785334196e-09, 4.26681801002e-10, 2.42636855052e-10, 2.30842733817e-10],
        "min": [5.11139189208e-24, 1.60830910318e-23, 4.81542469108e-23, 1.50648830179e-23, 2.38781538024e-23, 8.72279222525e-23, 9.21802332433e-23, 4.80256373397e-23, 2.90563030486e-23, 7.68739146122e-23, 4.1799451671e-23, 1.19099619385e-22, 1.71656410655e-22, 8.93246514297e-23, 2.36968514783e-22, 1.77157181923e-22, 1.94546263738e-22, 1.79715173849e-22, 3.39649250292e-22, 2.76116917341e-22, 4.36068172019e-22, 5.08562192046e-22, 5.7214483539e-22, 9.19179111176e-22, 1.16488366095e-21, 2.23346015337e-21, 2.38680239449e-21],
        "stdev": [3.38896711582e-07, 5.93397235207e-05, 0.000455823203083, 0.000498953508213, 0.00332697876729, 0.00351538485847, 0.00685890903696, 0.00593958003446, 0.00288712210022, 0.00476373592392, 0.00172098889016, 0.00507729640231, 0.000386155181332, 0.00412733340636, 0.000540427281521, 4.23496312578e-05, 0.000213290390093, 9.17431534617e-05, 0.000166279642144, 4.32825472672e-05, 1.37856732181e-05, 7.67578239902e-06, 3.21640277434e-06, 5.39942504929e-07, 2.20999197609e-07, 2.07976711408e-07, 1.93305041307e-07],
        "var": [1.14850986252e-13, 3.52120288483e-09, 2.07774803584e-07, 2.48954620474e-07, 1.10687869892e-05, 1.23579311548e-05, 4.70446357212e-05, 3.52786082658e-05, 8.33547346701e-06, 2.26931788347e-05, 2.96180292025e-06, 2.57789397438e-05, 1.49115820136e-07, 1.70348812389e-05, 2.92061628215e-07, 1.79349113338e-09, 4.54927935323e-08, 8.4168059189e-09, 2.76489213746e-08, 1.87337878543e-09, 1.90044785464e-10, 5.89176415988e-11, 1.03452472283e-11, 2.91537898423e-13, 4.88406447989e-14, 4.32543100458e-14, 3.73668415275e-14]
    },
    "erbbands": {
        "dmean": [0.000130108601297, 0.00855561997741, 0.12686572969, 0.416486382484, 2.08915996552, 2.05486559868, 9.083984375, 4.2065410614, 10.5791730881, 10.827126503, 33.1276168823, 9.27003002167, 15.6499490738, 17.4179363251, 8.24211978912, 18.5647888184, 6.76696395874, 23.9578971863, 8.5074262619, 3.16602087021, 1.7397787571, 2.76704287529, 1.67892408371, 2.23104476929, 1.25009489059, 0.481412291527, 0.192145884037, 0.0876931399107, 0.0719002410769, 0.0263556092978, 0.0166781395674, 0.00581315159798, 0.00112419191282, 0.000404368736781, 7.40770265111e-05, 2.62112080236e-05, 1.12866446216e-05, 4.09510357713e-06, 3.23662902701e-06, 5.57357225262e-06],
        "dmean2": [0.000217752793105, 0.0151277566329, 0.223129302263, 0.672037363052, 2.78571033478, 2.73186039925, 10.24563694, 5.35143566132, 15.1337842941, 14.9782342911, 38.5830535889, 12.5843687057, 21.1220321655, 20.9350833893, 11.6555738449, 27.2214794159, 10.3341608047, 29.6185455322, 11.0469722748, 4.38634157181, 2.68883705139, 4.29646444321, 2.31392621994, 3.16469526291, 1.85880100727, 0.720087647438, 0.248142182827, 0.120765782893, 0.113281808794, 0.0407561287284, 0.0276166759431, 0.00950889196247, 0.00185694172978, 0.000645350199193, 9.43677514442e-05, 2.82520795736e-05, 1.13233181764e-05, 4.08659661844e-06, 3.56836721949e-06, 6.63129867462e-06],
        "dvar": [4.77677879474e-08, 0.000272382196272, 0.0453339628875, 0.318714261055, 11.9480285645, 11.3718099594, 484.1902771, 67.2171020508, 1057.73657227, 1308.94360352, 3967.18408203, 500.027313232, 1995.04724121, 7560.16943359, 2372.57641602, 55973.2617188, 1504.02307129, 23903.7265625, 1054.96826172, 83.6159667969, 25.56772995, 40.7292785645, 28.0057907104, 62.3979415894, 24.9851531982, 2.49806857109, 0.235828697681, 0.0548740811646, 0.235734164715, 0.0170169435441, 0.00842388253659, 0.00077800755389, 3.70166126231e-05, 8.43838733999e-06, 1.54912629569e-06, 4.73688970715e-07, 1.03771625959e-07, 1.45038638877e-08, 8.52415249497e-10, 1.46932244149e-10],
        "dvar2": [1.31883354015e-07, 0.000818674161565, 0.132610246539, 0.905624687672, 22.876953125, 20.0778770447, 682.114624023, 132.265808105, 2140.59643555, 2404.89233398, 7191.46337891, 842.853393555, 4502.32177734, 12395.3544922, 5032.63769531, 139838.203125, 3669.61425781, 42221.2421875, 1907.41711426, 145.12651062, 64.7521820068, 96.0596160889, 59.0710678101, 137.440093994, 53.3479309082, 6.36437320709, 0.403073221445, 0.104778319597, 0.625168383121, 0.0446571037173, 0.0232959520072, 0.00204455689527, 8.41205255711e-05, 1.54719455168e-05, 1.10826567834e-06, 3.19073450328e-07, 6.96203983352e-08, 9.71528546501e-09, 5.86903137201e-10, 2.94301610859e-10],
        "max": [0.00346670742147, 0.24119246006, 2.64493727684, 8.11417484283, 70.1706924438, 42.5491104126, 386.870605469, 139.767227173, 862.584716797, 847.495910645, 1509.54858398, 637.699279785, 942.275939941, 2525.51879883, 1176.26379395, 8582.53417969, 1147.7052002, 3649.79980469, 654.237609863, 196.587631226, 102.005958557, 101.834083557, 91.2607650757, 116.188781738, 94.7770233154, 32.5720291138, 6.58795213699, 3.28308105469, 13.7147312164, 2.16758465767, 1.97509455681, 0.455086320639, 0.152050286531, 0.0997862666845, 0.0635026469827, 0.0354875251651, 0.0166248232126, 0.00621496140957, 0.00152949034236, 0.00030021474231],
        "mean": [0.000230687714065, 0.0120249567553, 0.221405535936, 1.12970864773, 7.90262413025, 6.61960983276, 28.4085826874, 16.8306331635, 39.2092285156, 47.1849060059, 153.717727661, 34.5135116577, 48.7702293396, 44.5987434387, 16.696187973, 24.361322403, 11.7986764908, 37.5055465698, 14.9836864471, 6.60314464569, 3.11632990837, 4.80473899841, 2.87052226067, 3.17745089531, 1.88403761387, 0.765437424183, 0.374728769064, 0.155766308308, 0.0797553360462, 0.0282809827477, 0.0151686724275, 0.00519293500111, 0.00101649842691, 0.000347436434822, 8.62757297e-05, 3.78438089683e-05, 1.83136326086e-05, 5.86539954384e-06, 1.1511791854e-05, 2.43538252107e-05],
        "median": [0.000105013619759, 0.00432066246867, 0.0881887078285, 0.774077653885, 4.44568347931, 4.51838111877, 10.9687099457, 11.4930992126, 19.9766750336, 22.8693504333, 98.8902359009, 22.5624065399, 13.1038074493, 10.2639408112, 4.4149646759, 4.43231773376, 5.74378442764, 6.25002670288, 4.11917209625, 2.74434518814, 1.49536204338, 2.11629104614, 0.755607008934, 0.810132324696, 0.371728390455, 0.180874586105, 0.0711928904057, 0.037729728967, 0.00880888290703, 0.00344070768915, 0.000700109172612, 0.00017034279881, 4.69422229799e-05, 2.01676102733e-05, 1.45654048538e-05, 1.05771896415e-05, 6.1506370912e-06, 1.43418787957e-06, 7.972243111e-06, 1.8472695956e-05],
        "min": [8.88730746309e-22, 2.64359633435e-21, 3.77124145907e-20, 7.05773181474e-20, 5.18949981108e-20, 6.25009334415e-20, 3.02328439281e-19, 8.55114812032e-19, 7.79469558604e-19, 1.84935602642e-18, 8.07070507693e-19, 5.57183690737e-19, 1.5921933288e-18, 2.79119710676e-18, 2.75426638755e-18, 4.30788383828e-18, 9.00371207513e-18, 5.19486960912e-18, 9.15905659417e-18, 1.13071933598e-17, 9.94750116581e-18, 1.06742008406e-17, 9.22907660584e-18, 1.84630435035e-17, 1.3652624282e-17, 1.31384463317e-17, 1.71350927112e-17, 1.77423094552e-17, 1.76336162684e-17, 1.91121073147e-17, 1.54539870825e-17, 1.69046583905e-17, 1.62711075244e-17, 1.09285745954e-17, 9.7148706806e-18, 8.27615544119e-18, 3.80038661219e-18, 1.37130973886e-18, 3.07193502053e-19, 3.61352945865e-20],
        "stdev": [0.000338407058734, 0.0210064407438, 0.326765209436, 1.08453547955, 10.2062625885, 6.58315849304, 46.2541999817, 16.6045265198, 70.4365844727, 87.0691070557, 159.783294678, 44.6938209534, 86.0461349487, 166.816543579, 64.9272613525, 243.896194458, 42.8265686035, 214.876846313, 46.4483566284, 14.2428483963, 5.62547922134, 7.99832487106, 7.0582857132, 8.99073410034, 6.34072971344, 1.756524086, 0.790215015411, 0.329097568989, 0.419849306345, 0.117838777602, 0.0782258287072, 0.0249300356954, 0.00578514952213, 0.00290352245793, 0.0014675471466, 0.00081531930482, 0.000381840683986, 0.000142760691233, 3.64478510164e-05, 2.27632499445e-05],
        "var": [1.14519345118e-07, 0.000441270560259, 0.10677549243, 1.17621719837, 104.167800903, 43.3379745483, 2139.45117188, 275.710327148, 4961.3125, 7581.02978516, 25530.703125, 1997.53771973, 7403.93798828, 27827.7578125, 4215.54882812, 59485.3554688, 1834.11499023, 46172.0585938, 2157.44995117, 202.858734131, 31.6460189819, 63.973197937, 49.8193969727, 80.8333053589, 40.2048530579, 3.08537697792, 0.624439775944, 0.108305215836, 0.176273435354, 0.0138859767467, 0.00611928058788, 0.00062150665326, 3.34679571097e-05, 8.43044290377e-06, 2.15369459511e-06, 6.647455848e-07, 1.45802317775e-07, 2.03806163057e-08, 1.32844579781e-09, 5.18165510499e-10]
    },
    "gfcc": {
        "mean": [-156.639404297, 220.115737915, -170.273483276, -28.5412063599, -50.3297233582, -56.6449890137, -22.8976783752, -28.9213447571, -12.4795885086, -18.4077320099, -14.5194778442, -23.3563365936, -11.8170204163],
        "cov": [[6799.68066406, -1483.43151855, -1606.5090332, 1475.27966309, -871.416931152, 72.3015213013, 315.391357422, -229.53944397, 200.261978149, -203.63571167, 73.3050384521, -4.17568635941, -15.4922075272], [-1483.43151855, 775.905578613, 592.029968262, -460.017211914, 355.841217041, 4.52282714844, -22.5239238739, 89.5376281738, -57.92527771, 31.0894680023, -43.4527740479, 30.5032520294, 3.05259299278], [-1606.5090332, 592.029968262, 717.382446289, -432.676147461, 283.326751709, 111.342758179, -91.9957885742, 121.96269989, -40.8625488281, 11.8396749496, -1.9533905983, 21.9397926331, 15.8482789993], [1475.27966309, -460.017211914, -432.676147461, 561.953918457, -223.256072998, 3.28532147408, 103.899200439, -90.4368591309, 56.4772224426, -48.1331825256, 9.43824195862, 0.922016978264, 9.66291236877], [-871.416931152, 355.841217041, 283.326751709, -223.256072998, 252.3984375, 26.1042079926, -20.641002655, 61.7558403015, -41.0576705933, 23.7390995026, -5.47665500641, 19.2602577209, 2.00428342819], [72.3015213013, 4.52282714844, 111.342758179, 3.28532147408, 26.1042079926, 250.421279907, 16.3243141174, 47.1162452698, 35.4823036194, -60.6407699585, 32.4365577698, -2.04056072235, -6.24120426178], [315.391357422, -22.5239238739, -91.9957885742, 103.899200439, -20.641002655, 16.3243141174, 139.787368774, 8.14476203918, 18.9797763824, -0.464223772287, -17.5516300201, 13.7844772339, -28.5052680969], [-229.53944397, 89.5376281738, 121.96269989, -90.4368591309, 61.7558403015, 47.1162452698, 8.14476203918, 99.9695205688, 10.2256822586, -12.0663738251, 19.2785129547, 7.1257724762, -4.26033163071], [200.261978149, -57.92527771, -40.8625488281, 56.4772224426, -41.0576705933, 35.4823036194, 18.9797763824, 10.2256822586, 61.8317337036, -3.64876961708, -1.73486495018, -8.25400829315, -14.4776792526], [-203.63571167, 31.0894680023, 11.8396749496, -48.1331825256, 23.7390995026, -60.6407699585, -0.464223772287, -12.0663738251, -3.64876961708, 76.370513916, -0.984512984753, -9.23701667786, -12.9130182266], [73.3050384521, -43.4527740479, -1.9533905983, 9.43824195862, -5.47665500641, 32.4365577698, -17.5516300201, 19.2785129547, -1.73486495018, -0.984512984753, 61.6501960754, 13.9005393982, 3.14795565605], [-4.17568635941, 30.5032520294, 21.9397926331, 0.922016978264, 19.2602577209, -2.04056072235, 13.7844772339, 7.1257724762, -8.25400829315, -9.23701667786, 13.9005393982, 53.0825462341, 19.219209671], [-15.4922075272, 3.05259299278, 15.8482789993, 9.66291236877, 2.00428342819, -6.24120426178, -28.5052680969, -4.26033163071, -14.4776792526, -12.9130182266, 3.14795565605, 19.219209671, 56.8216743469]],
        "icov": [[0.000634369731415, -0.0011942840647, 0.00145162653644, -0.00122269126587, 0.00174904405139, -0.000958917255048, 0.000766507931985, -0.00105699000414, 0.00056144426344, -0.000259428285062, -8.41449400468e-06, -0.000708858657163, 0.000502748880535], [-0.0011942840647, 0.0133054340258, -0.0092358905822, 0.0066723767668, -0.0127890948206, 0.00748139806092, -0.0101217655465, 0.00946033839136, -0.00706022931263, 0.00787795707583, -0.00233408715576, 0.00463143596426, -0.00414042407647], [0.00145162653644, -0.0092358905822, 0.0113997068256, -0.00394626893103, 0.00763154868037, -0.00782482791692, 0.00914781633765, -0.00929913017899, 0.00569762708619, -0.00651750061661, 0.00425825221464, -0.00581289362162, 0.00284755276516], [-0.00122269126587, 0.0066723767668, -0.00394626893103, 0.00934733636677, -0.0064883781597, 0.00454111769795, -0.00894564948976, 0.00890925806016, -0.00707154115662, 0.00666835485026, -0.00451891543344, 0.00455629685894, -0.00584988575429], [0.00174904405139, -0.0127890948206, 0.00763154868037, -0.0064883781597, 0.0223646685481, -0.00920798256993, 0.00990070961416, -0.01282400731, 0.0122076254338, -0.0110630076379, 0.00556871201843, -0.00833126436919, 0.00544953206554], [-0.000958917255048, 0.00748139806092, -0.00782482791692, 0.00454111769795, -0.00920798256993, 0.0134586906061, -0.0100015029311, 0.00869281031191, -0.0106806168333, 0.0130791692063, -0.00984500162303, 0.00869665294886, -0.00396083667874], [0.000766507931985, -0.0101217655465, 0.00914781633765, -0.00894564948976, 0.00990070961416, -0.0100015029311, 0.0246600098908, -0.015603155829, 0.0103199603036, -0.0131225353107, 0.0145211769268, -0.0154160419479, 0.0135329766199], [-0.00105699000414, 0.00946033839136, -0.00929913017899, 0.00890925806016, -0.01282400731, 0.00869281031191, -0.015603155829, 0.0288401786238, -0.0153458304703, 0.014826872386, -0.0150005752221, 0.0100202634931, -0.00707454420626], [0.00056144426344, -0.00706022931263, 0.00569762708619, -0.00707154115662, 0.0122076254338, -0.0106806168333, 0.0103199603036, -0.0153458304703, 0.0324005112052, -0.0131694301963, 0.0119543280452, -0.00748713314533, 0.00970129389316], [-0.000259428285062, 0.00787795707583, -0.00651750061661, 0.00666835485026, -0.0110630076379, 0.0130791692063, -0.0131225353107, 0.014826872386, -0.0131694301963, 0.0306107103825, -0.0140436757356, 0.0120638879016, -0.00315616093576], [-8.41449400468e-06, -0.00233408715576, 0.00425825221464, -0.00451891543344, 0.00556871201843, -0.00984500162303, 0.0145211769268, -0.0150005752221, 0.0119543280452, -0.0140436757356, 0.0333945825696, -0.0168253295124, 0.00828136131167], [-0.000708858657163, 0.00463143596426, -0.00581289362162, 0.00455629685894, -0.00833126436919, 0.00869665294886, -0.0154160419479, 0.0100202634931, -0.00748713314533, 0.0120638879016, -0.0168253295124, 0.0354300402105, -0.0155465751886], [0.000502748880535, -0.00414042407647, 0.00284755276516, -0.00584988575429, 0.00544953206554, -0.00396083667874, 0.0135329766199, -0.00707454420626, 0.00970129389316, -0.00315616093576, 0.00828136131167, -0.0155465751886, 0.0303444862366]]
    },
    "melbands": {
        "dmean": [3.02256512441e-06, 4.75999877381e-05, 0.000110863249574, 0.000148339313455, 0.000257614650764, 0.000109499473183, 0.000173114443896, 0.000123007659568, 0.000271958037047, 4.51555170002e-05, 7.8192584624e-05, 7.13162589818e-05, 2.49291460932e-05, 4.10596476286e-05, 3.80529563699e-05, 7.58654641686e-06, 5.34508835699e-05, 1.37977731356e-05, 8.16104784462e-06, 1.69537304373e-06, 2.62687467512e-06, 3.51593575942e-06, 2.06747063203e-06, 1.16164096653e-06, 2.0709862838e-06, 8.01960482022e-07, 6.96247468568e-07, 2.45589887982e-07, 1.10825027377e-07, 1.00109232903e-07, 3.77098672288e-08, 4.952333299e-08, 1.48562291358e-08, 1.45489780223e-08, 7.23367410416e-09, 9.94515048092e-09, 1.8916803679e-09, 8.58224769029e-10, 4.10303679921e-10, 2.85003326495e-10],
        "dmean2": [5.26602434547e-06, 8.28966585686e-05, 0.000163119126228, 0.000193598214537, 0.000291685224511, 0.000135271737236, 0.000249699165579, 0.000166687692399, 0.000320526742144, 6.48320419714e-05, 0.00010562762327, 8.49798307172e-05, 3.47768655047e-05, 6.16724209976e-05, 5.660185343e-05, 1.22652018035e-05, 6.59512879793e-05, 1.78873142431e-05, 1.12150319183e-05, 2.59461216956e-06, 4.12106737713e-06, 5.58264264328e-06, 2.95366839964e-06, 1.63548634191e-06, 2.96511552733e-06, 1.19798460219e-06, 1.10714802304e-06, 3.61455619213e-07, 1.49256791815e-07, 1.34381778594e-07, 5.63533255615e-08, 7.90482488355e-08, 2.31560068897e-08, 2.28445315997e-08, 1.19673213561e-08, 1.66954858827e-08, 3.11491765714e-09, 1.4371972501e-09, 6.40862862777e-10, 4.56251120218e-10],
        "dvar": [3.80407406964e-11, 6.07833028354e-09, 2.54880774264e-08, 5.1071634033e-08, 3.714625052e-07, 4.49469581554e-08, 3.164952318e-07, 1.31556760152e-07, 2.92140867941e-07, 1.30280772836e-08, 5.04929218437e-08, 1.4200476528e-07, 1.63789106722e-08, 2.95062392297e-07, 1.41381192975e-07, 2.65761718188e-10, 1.24746406982e-07, 3.72553055072e-09, 7.55912721306e-10, 1.49245598519e-11, 7.43649655743e-11, 7.57414408969e-11, 5.71938399418e-11, 1.10479238605e-11, 5.8130320002e-11, 1.07809854794e-11, 9.12373822326e-12, 7.22403853317e-13, 9.1144973513e-14, 6.9186430402e-14, 1.24702240315e-14, 1.18183999913e-13, 5.82894320037e-15, 5.91528719792e-15, 1.63991243121e-15, 2.89874156308e-15, 9.11630790011e-17, 2.50642094894e-17, 7.29012554535e-18, 5.38898780578e-18],
        "dvar2": [1.08611244998e-10, 1.73379177681e-08, 5.74622163185e-08, 9.22319856045e-08, 5.18409194683e-07, 8.22797545652e-08, 6.41460928819e-07, 2.39358598719e-07, 5.30922591224e-07, 2.16911750783e-08, 1.13371235955e-07, 2.30634910281e-07, 3.23305258121e-08, 7.57152349706e-07, 3.45699135096e-07, 7.1172262528e-10, 2.21123769961e-07, 6.85742529427e-09, 1.29009625205e-09, 3.45078340902e-11, 1.89766258263e-10, 1.86591506135e-10, 1.30758362471e-10, 2.27589180141e-11, 1.28942342914e-10, 2.3475431668e-11, 2.26764163003e-11, 1.82790458117e-12, 1.74485900446e-13, 1.24644841974e-13, 2.65700920196e-14, 3.14680871421e-13, 1.50356005315e-14, 1.56797843345e-14, 4.52104470872e-15, 8.1161104584e-15, 2.29503497649e-16, 6.21300982917e-17, 1.24123215474e-17, 9.9606301765e-18],
        "max": [0.000104179562186, 0.00103976856917, 0.00288326363079, 0.0039628748782, 0.0107086123899, 0.00412163184956, 0.0128709664568, 0.00756484130397, 0.0113825555891, 0.00336510688066, 0.00467258039862, 0.0112462872639, 0.00313066574745, 0.0199639741331, 0.00955443549901, 0.000218982502702, 0.0083304643631, 0.00128544250038, 0.000592144846451, 6.30283175269e-05, 0.000180212213309, 0.000162121650646, 0.00015173999418, 5.43234054931e-05, 0.000111759109132, 5.85933885304e-05, 6.82302343193e-05, 1.82791209227e-05, 3.9875380935e-06, 3.40749556926e-06, 1.95462826014e-06, 9.61836394708e-06, 1.97529016077e-06, 1.39268865951e-06, 8.46522198117e-07, 1.15464865758e-06, 1.3262830123e-07, 1.08159859735e-07, 9.44823099758e-08, 8.04031685675e-08],
        "mean": [4.03281410399e-06, 8.57056802488e-05, 0.000403137964895, 0.000531723839231, 0.000804215087555, 0.00043691296014, 0.000640714832116, 0.000572694058064, 0.00120055640582, 0.000141836149851, 0.000238467153395, 0.000180343602551, 5.25934665347e-05, 5.50615222892e-05, 5.18808956258e-05, 1.57257763931e-05, 8.17014588392e-05, 2.33274404309e-05, 1.59654737217e-05, 3.33117350237e-06, 4.26124688602e-06, 5.71422378925e-06, 3.60669127986e-06, 1.85668250197e-06, 2.82867404167e-06, 1.21146877063e-06, 9.73692181105e-07, 4.1006839524e-07, 2.02519927939e-07, 1.8743064345e-07, 5.95880393917e-08, 5.12933624464e-08, 1.81709065572e-08, 1.43180249879e-08, 6.61938859281e-09, 8.35005131705e-09, 1.65970759358e-09, 7.32167326767e-10, 3.55686813336e-10, 2.23923990461e-10],
        "median": [7.82319943937e-07, 3.55491902155e-05, 0.000257890380453, 0.00033453956712, 0.000331050629029, 0.00029209634522, 0.000298222614219, 0.000319354818203, 0.000756824912969, 6.85016057105e-05, 5.89664196013e-05, 3.40637998306e-05, 1.29452682813e-05, 1.19527103379e-05, 1.10802538984e-05, 1.02853500721e-05, 1.0438992831e-05, 5.62336663279e-06, 5.44445583728e-06, 1.44320165418e-06, 1.6601658217e-06, 2.39195492213e-06, 8.96009566986e-07, 4.50398658813e-07, 6.48213017485e-07, 2.03611534744e-07, 2.25106347784e-07, 8.23717130061e-08, 4.18596926011e-08, 3.89570971038e-08, 1.28028885271e-08, 3.91104792996e-09, 2.52523602029e-09, 1.26442523118e-09, 2.9610963681e-10, 1.4563905637e-10, 5.61665228216e-11, 2.33850126763e-11, 7.15320077477e-12, 3.86216753023e-12],
        "min": [5.80582456923e-24, 1.44073848083e-23, 1.12851987744e-23, 4.31743021225e-24, 9.1043336373e-24, 1.85164839553e-23, 1.46462298023e-23, 1.9004973449e-23, 5.49177667628e-24, 3.92427219228e-24, 8.75556876477e-24, 1.19611799949e-23, 6.8287854701e-24, 1.35115969629e-23, 1.23039511023e-23, 1.82765314006e-23, 8.57055090578e-24, 1.22457386895e-23, 1.88975558373e-23, 1.01113256269e-23, 1.28447933501e-23, 1.07791003274e-23, 9.09049465044e-24, 9.42024008654e-24, 1.62371350562e-23, 1.09283614882e-23, 8.48383458191e-24, 8.67439103332e-24, 9.90755733302e-24, 1.0038737013e-23, 1.06426313351e-23, 9.75805320312e-24, 1.03158512272e-23, 1.05737487898e-23, 9.0670362937e-24, 8.17040594477e-24, 1.15591267794e-23, 1.25809012335e-23, 8.32661381464e-24, 9.5258212301e-24],
        "stdev": [8.63868353917e-06, 0.000125882885186, 0.000432918808656, 0.000590005365666, 0.00128315691836, 0.000439298077254, 0.00124412972946, 0.000883264001459, 0.00126467715017, 0.000231879414059, 0.000431509426562, 0.000731205102056, 0.000182559640962, 0.000541275192518, 0.000406893203035, 1.92992229131e-05, 0.000489851576276, 8.47613264341e-05, 4.18700365117e-05, 5.80427740715e-06, 9.16291810427e-06, 1.00405350167e-05, 9.91050364973e-06, 4.4623075155e-06, 8.57203667692e-06, 4.13824045609e-06, 3.24749021274e-06, 9.92039531411e-07, 4.40399020363e-07, 4.00202310402e-07, 1.42846332096e-07, 2.94533265333e-07, 7.16721899607e-08, 6.78224836292e-08, 3.46434738674e-08, 4.50950814468e-08, 8.58516813196e-09, 4.50345005731e-09, 2.84603030032e-09, 2.29328023238e-09],
