{
"lowlevel": {
    "average_loudness": 0.236787289381,
    "barkbands_crest": {
        "dmean": 1.57778537273,
        "dmean2": 2.44618296623,
        "dvar": 3.15618658066,
        "dvar2": 7.87760543823,
        "max": 26.5313282013,
        "mean": 15.9207143784,
        "median": 15.1393909454,
        "min": 4.27937602997,
        "stdev": 4.75177431107,
        "var": 22.5793571472
    },
    "barkbands_flatness_db": {
        "dmean": 0.0179597083479,
        "dmean2": 0.0280755348504,
        "dvar": 0.00029713040567,
        "dvar2": 0.000668136286549,
        "max": 0.595087230206,
        "mean": 0.358834177256,
        "median": 0.343734174967,
        "min": 0.0691026970744,
        "stdev": 0.0831266716123,
        "var": 0.00691004376858
    },
    "barkbands_kurtosis": {
        "dmean": 2.9237446785,
        "dmean2": 4.79296302795,
        "dvar": 26.5704593658,
        "dvar2": 73.8533096313,
        "max": 100.430763245,
        "mean": 7.83083724976,
        "median": 2.92077493668,
        "min": -1.85379850864,
        "stdev": 12.269949913,
        "var": 150.551681519
    },
    "barkbands_skewness": {
        "dmean": 0.483352899551,
        "dmean2": 0.775320053101,
        "dvar": 0.258112609386,
        "dvar2": 0.717276751995,
        "max": 6.99409627914,
        "mean": 0.709144294262,
        "median": 0.369695186615,
        "min": -6.29544878006,
        "stdev": 1.71779930592,
        "var": 2.95083451271
    },
    "barkbands_spread": {
        "dmean": 1.23540771008,
        "dmean2": 1.98911619186,
        "dvar": 2.67408680916,
        "dvar2": 6.77323293686,
        "max": 25.9970645905,
        "mean": 6.35728311539,
        "median": 5.11311435699,
        "min": 0.30026397109,
        "stdev": 5.19816732407,
        "var": 27.0209445953
    },
    "dissonance": {
        "dmean": 0.0506535209715,
        "dmean2": 0.0873213931918,
        "dvar": 0.00237885396928,
        "dvar2": 0.00666646845639,
        "max": 0.499163091183,
        "mean": 0.350605517626,
        "median": 0.357333391905,
        "min": 0.0871764943004,
        "stdev": 0.093182772398,
        "var": 0.00868302863091
    },
    "dynamic_complexity": 4.81003332138,
    "erbbands_crest": {
        "dmean": 2.10515093803,
        "dmean2": 3.22288203239,
        "dvar": 5.80197095871,
        "dvar2": 15.1833992004,
        "max": 33.2976493835,
        "mean": 21.2007884979,
        "median": 20.6467552185,
        "min": 3.4303047657,
        "stdev": 5.87311315536,
        "var": 34.4934577942
    },
    "erbbands_flatness_db": {
        "dmean": 0.0152098974213,
        "dmean2": 0.0229559000582,
        "dvar": 0.000269948155619,
        "dvar2": 0.00058670976432,
        "max": 0.53099501133,
        "mean": 0.373172223568,
        "median": 0.372925162315,
        "min": 0.102250501513,
        "stdev": 0.0510535426438,
        "var": 0.00260646431707
    },
    "erbbands_kurtosis": {
        "dmean": 3.00597167015,
        "dmean2": 4.45548582077,
        "dvar": 25.1672801971,
        "dvar2": 54.0333137512,
        "max": 117.188789368,
        "mean": 9.05917835236,
        "median": 2.97638106346,
        "min": -1.79662203789,
        "stdev": 16.3252315521,
        "var": 266.513214111
    },
    "erbbands_skewness": {
        "dmean": 0.437301754951,
        "dmean2": 0.659417510033,
        "dvar": 0.20977640152,
        "dvar2": 0.492171913385,
        "max": 8.99659824371,
        "mean": 0.843545675278,
        "median": 0.498243331909,
        "min": -4.25474596024,
        "stdev": 2.07357263565,
        "var": 4.29970312119
    },
    "erbbands_spread": {
        "dmean": 1.90981256962,
        "dmean2": 2.93891453743,
        "dvar": 6.47492074966,
        "dvar2": 16.6791038513,
        "max": 40.6881828308,
        "mean": 9.75147914886,
        "median": 7.91720485687,
        "min": 0.397723287344,
        "stdev": 7.39753103256,
        "var": 54.7234649658
    },
    "hfc": {
        "dmean": 1.96270656586,
        "dmean2": 2.52759814262,
        "dvar": 12.7753677368,
        "dvar2": 17.4865207672,
        "max": 181.165939331,
        "mean": 12.110994339,
        "median": 7.22996807098,
        "min": 1.0873589584e-16,
        "stdev": 16.1438713074,
        "var": 260.624572754
    },
    "loudness_ebu128": {
        "integrated": -19.3489284515,
        "loudness_range": 13.5843906403,
        "momentary": {
            "dmean": 0.683722853661,
            "dmean2": 0.467937171459,
            "dvar": 0.458217471838,
            "dvar2": 0.289734661579,
            "max": -10.1568050385,
            "mean": -23.3065681458,
            "median": -23.1197662354,
            "min": -37.700302124,
            "stdev": 5.79592943192,
            "var": 33.5928001404
        },
        "short_term": {
            "dmean": 0.215861156583,
            "dmean2": 0.0885600671172,
            "dvar": 0.0869835093617,
            "dvar2": 0.03303270787,
            "max": -14.9421081543,
            "mean": -21.982963562,
            "median": -20.6133670807,
            "min": -33.6145324707,
            "stdev": 4.95809459686,
            "var": 24.5827007294
        }
    },
    "melbands_crest": {
        "dmean": 2.00667357445,
        "dmean2": 3.13490080833,
        "dvar": 5.57101678848,
        "dvar2": 13.5095052719,
        "max": 32.4891242981,
        "mean": 20.6557312012,
        "median": 20.0162944794,
        "min": 2.01449608803,
        "stdev": 6.69348239899,
        "var": 44.8027038574
    },
    "melbands_flatness_db": {
        "dmean": 0.0162248741835,
        "dmean2": 0.0240168459713,
        "dvar": 0.000287315138848,
        "dvar2": 0.000588947325014,
        "max": 0.719500124454,
        "mean": 0.449566572905,
        "median": 0.426848173141,
        "min": 0.00532281864434,
        "stdev": 0.0999852567911,
        "var": 0.00999705120921
    },
    "melbands_kurtosis": {
        "dmean": 3.96325206757,
        "dmean2": 6.3926949501,
        "dvar": 58.3360786438,
        "dvar2": 149.750656128,
        "max": 178.489151001,
        "mean": 12.2230882645,
        "median": 2.93690633774,
        "min": -1.87898588181,
        "stdev": 26.4562473297,
        "var": 699.933044434
    },
    "melbands_skewness": {
        "dmean": 0.490897029638,
        "dmean2": 0.781981050968,
        "dvar": 0.306837260723,
        "dvar2": 0.843990445137,
        "max": 10.2944784164,
        "mean": 1.1642780304,
        "median": 0.566628217697,
        "min": -3.88012266159,
        "stdev": 2.17162227631,
        "var": 4.71594381332
    },
    "melbands_spread": {
        "dmean": 2.02817869186,
        "dmean2": 3.29719924927,
        "dvar": 14.2055549622,
        "dvar2": 31.9804000854,
        "max": 138.560882568,
        "mean": 10.6403045654,
        "median": 7.81725788116,
        "min": 0.262376517057,
        "stdev": 10.3900375366,
        "var": 107.952880859
    },
    "pitch_salience": {
        "dmean": 0.0421204082668,
        "dmean2": 0.0655635669827,
        "dvar": 0.00188857899047,
        "dvar2": 0.00459327036515,
        "max": 0.887616038322,
        "mean": 0.361058562994,
        "median": 0.379529714584,
        "min": 0.0403132103384,
        "stdev": 0.123040676117,
        "var": 0.0151390088722
    },
    "silence_rate_20dB": {
        "dmean": 0.0010303966701,
        "dmean2": 0.00206185574643,
        "dvar": 0.00102933729067,
        "dvar2": 0.00205761264078,
        "max": 1,
        "mean": 0.996395468712,
        "median": 1,
        "min": 0,
        "stdev": 0.0599292516708,
        "var": 0.00359151535667
    },
    "silence_rate_30dB": {
        "dmean": 0.00927357003093,
        "dmean2": 0.0185567010194,
        "dvar": 0.00918745435774,
        "dvar2": 0.0202743820846,
        "max": 1,
        "mean": 0.928939223289,
        "median": 1,
        "min": 0,
        "stdev": 0.256927609444,
        "var": 0.0660117939115
    },
    "silence_rate_60dB": {
        "dmean": 0.0267903134227,
        "dmean2": 0.0530927851796,
        "dvar": 0.0260725095868,
        "dvar2": 0.0585208982229,
        "max": 1,
        "mean": 0.188980430365,
        "median": 0,
        "min": 0,
        "stdev": 0.391492307186,
        "var": 0.153266236186
    },
    "spectral_centroid": {
        "dmean": 53.0977935791,
        "dmean2": 83.1778945923,
        "dvar": 53886.875,
        "dvar2": 104573.539062,
        "max": 10844.6210938,
        "mean": 647.40423584,
        "median": 596.231262207,
        "min": 152.993209839,
        "stdev": 431.315185547,
        "var": 186032.796875
    },
    "spectral_complexity": {
        "dmean": 0.833075761795,
        "dmean2": 1.46701025963,
        "dvar": 0.76965123415,
        "dvar2": 1.88395965099,
        "max": 19,
        "mean": 5.6014418602,
        "median": 5,
        "min": 0,
        "stdev": 2.7967107296,
        "var": 7.82159137726
    },
    "spectral_decrease": {
        "dmean": 9.63024104905e-10,
        "dmean2": 1.18057086329e-09,
        "dvar": 4.69865636736e-18,
        "dvar2": 4.02759492849e-18,
        "max": -2.98814229959e-29,
        "mean": -7.4464905353e-09,
        "median": -3.26842508613e-09,
        "min": -1.57984459292e-07,
        "stdev": 1.21301066969e-08,
        "var": 1.47139482931e-16
    },
    "spectral_energy": {
        "dmean": 0.00379916559905,
        "dmean2": 0.00467284303159,
        "dvar": 7.12179098628e-05,
        "dvar2": 6.1769685999e-05,
        "max": 0.612701416016,
        "mean": 0.0292032510042,
        "median": 0.0128589812666,
        "min": 1.04063731612e-20,
        "stdev": 0.0469039604068,
        "var": 0.00219998136163
    },
    "spectral_energyband_high": {
        "dmean": 1.36078870128e-06,
        "dmean2": 1.85453689028e-06,
        "dvar": 2.66240883506e-11,
        "dvar2": 4.18050490059e-11,
        "max": 0.000170558720129,
        "mean": 5.17055104865e-06,
        "median": 9.18246769288e-07,
        "min": 7.69961443811e-21,
        "stdev": 1.38426403282e-05,
        "var": 1.91618693135e-10
    },
    "spectral_energyband_low": {
        "dmean": 0.00101472134702,
        "dmean2": 0.00140557182021,
        "dvar": 7.71457143856e-06,
        "dvar2": 2.08922610909e-05,
        "max": 0.177392482758,
        "mean": 0.0120658790693,
        "median": 0.000272931356449,
        "min": 5.22491954708e-23,
        "stdev": 0.030757855624,
        "var": 0.000946045678575
    },
    "spectral_energyband_middle_high": {
        "dmean": 0.00107725756243,
        "dmean2": 0.00157855846919,
        "dvar": 6.54943642076e-06,
        "dvar2": 1.31020242407e-05,
        "max": 0.0969169214368,
        "mean": 0.00392608577386,
        "median": 0.00144155975431,
        "min": 1.44327961638e-21,
        "stdev": 0.00801993068308,
        "var": 6.43192906864e-05
    },
    "spectral_energyband_middle_low": {
        "dmean": 0.00281932135113,
        "dmean2": 0.00327156158164,
        "dvar": 6.3342100475e-05,
        "dvar2": 3.91009816667e-05,
        "max": 0.611609280109,
        "mean": 0.014069667086,
        "median": 0.0061194319278,
        "min": 2.29080713524e-22,
        "stdev": 0.0364239774644,
        "var": 0.00132670626044
    },
    "spectral_entropy": {
        "dmean": 0.137814626098,
        "dmean2": 0.200578913093,
        "dvar": 0.0242070797831,
        "dvar2": 0.0435346886516,
        "max": 9.79599761963,
        "mean": 5.28307342529,
        "median": 5.35089635849,
        "min": 3.22230744362,
        "stdev": 0.659580409527,
        "var": 0.435046344995
    },
    "spectral_flux": {
        "dmean": 0.00928706396371,
        "dmean2": 0.0147462124005,
        "dvar": 0.000132872140966,
        "dvar2": 0.000325821805745,
        "max": 0.1514544487,
        "mean": 0.0284549538046,
        "median": 0.021266322583,
        "min": 6.40097558291e-11,
        "stdev": 0.0213029943407,
        "var": 0.000453817599919
    },
    "spectral_kurtosis": {
        "dmean": 15.5550889969,
        "dmean2": 27.1878395081,
        "dvar": 183.754623413,
        "dvar2": 542.577453613,
        "max": 209.287902832,
        "mean": 52.0881271362,
        "median": 44.898223877,
        "min": -1.22304952145,
        "stdev": 31.4593353271,
        "var": 989.689819336
    },
    "spectral_rms": {
        "dmean": 0.00033846514998,
        "dmean2": 0.000455088564195,
        "dvar": 1.7639052885e-07,
        "dvar2": 3.50711985675e-07,
        "max": 0.0244490783662,
        "mean": 0.00433774944395,
        "median": 0.0035419408232,
        "min": 3.18630820513e-12,
        "stdev": 0.00311044976115,
        "var": 9.67489722825e-06
    },
    "spectral_rolloff": {
        "dmean": 73.8738555908,
        "dmean2": 139.45475769,
        "dvar": 188314.203125,
        "dvar2": 387519.15625,
        "max": 18583.1542969,
        "mean": 792.39239502,
        "median": 710.595703125,
        "min": 129.19921875,
        "stdev": 725.343078613,
        "var": 526122.5625
    },
    "spectral_skewness": {
        "dmean": 0.974663853645,
        "dmean2": 1.71845555305,
        "dvar": 0.617668747902,
        "dvar2": 1.8170582056,
        "max": 12.2630786896,
        "mean": 5.15233659744,
        "median": 4.86613512039,
        "min": -0.013005851768,
        "stdev": 1.95820832253,
        "var": 3.83457994461
    },
    "spectral_spread": {
        "dmean": 372343.75,
        "dmean2": 657388.375,
        "dvar": 797772480512,
        "dvar2": 1.16331157914e+12,
        "max": 41297432,
        "mean": 1614177.125,
        "median": 1537041.375,
        "min": 435560.53125,
        "stdev": 1454941.125,
        "var": 2.11685356339e+12
    },
    "spectral_strongpeak": {
        "dmean": 0.334431916475,
        "dmean2": 0.516672849655,
        "dvar": 0.548456966877,
        "dvar2": 1.11830461025,
        "max": 14.4824438095,
        "mean": 1.85596907139,
        "median": 1.48083531857,
        "min": 0,
        "stdev": 1.60774517059,
        "var": 2.58484435081
    },
    "zerocrossingrate": {
        "dmean": 0.00213676504791,
        "dmean2": 0.00283505162224,
        "dvar": 0.00011409597937,
        "dvar2": 0.000220792280743,
        "max": 0.5,
        "mean": 0.0292234569788,
        "median": 0.02734375,
        "min": 0.0048828125,
        "stdev": 0.0208233390003,
        "var": 0.000433611421613
    },
    "barkbands": {
        "dmean": [4.64297008875e-05, 0.000124531128677, 0.000820249959361, 0.000234160295804, 0.000858361134306, 0.00083400530275, 0.000134175221319, 0.000202294584597, 0.000877518847119, 0.000838990148623, 6.13836455159e-05, 7.91335696704e-06, 0.000184455842827, 0.000192018633243, 1.01149771581e-05, 1.56565383804e-05, 5.73767329115e-06, 7.89894056652e-06, 3.97235999117e-06, 1.7720200276e-06, 4.60275174419e-07, 1.00621981858e-07, 4.29592681428e-08, 4.22956176749e-08, 1.79800334621e-08, 3.30094280798e-08, 3.54676155112e-09],
        "dmean2": [7.82883289503e-05, 0.000203672214411, 0.00108626321889, 0.000326240930008, 0.000909352267627, 0.000666651118081, 0.000177131296368, 0.000240831970586, 0.00129463570192, 0.00133072666358, 8.17533291411e-05, 1.09806533146e-05, 0.000177162102773, 0.000247886433499, 1.47612345245e-05, 1.97463305085e-05, 9.22226263356e-06, 1.18741900224e-05, 5.44194472241e-06, 2.50994048656e-06, 6.39543713987e-07, 1.53371530587e-07, 6.74376678944e-08, 6.69530635378e-08, 2.88970607443e-08, 5.57698491832e-08, 6.21783424748e-09],
        "dvar": [1.61002148502e-07, 2.85501329245e-07, 5.50866570848e-06, 4.44498738261e-07, 1.16192886708e-05, 2.09908976103e-05, 2.27883774073e-07, 4.54543254591e-07, 4.64839922643e-06, 4.65069342681e-06, 5.94382889574e-08, 2.08307016081e-09, 1.09041070573e-06, 4.43920100679e-07, 2.36447172952e-09, 3.42077366433e-09, 2.19890619602e-10, 1.2665738458e-09, 2.91590335211e-10, 4.32749565349e-11, 3.43986145991e-12, 1.77109466416e-13, 1.09968991582e-14, 1.23423796547e-14, 5.99461268046e-15, 5.50024334075e-14, 2.32023605956e-16],
        "dvar2": [4.11366357866e-07, 7.15553653663e-07, 1.47611854118e-05, 6.94346852015e-07, 7.60257489674e-06, 9.15508007893e-06, 3.43927723634e-07, 5.11633231781e-07, 1.18196612675e-05, 1.20370150398e-05, 1.11803132086e-07, 4.21462953426e-09, 7.27668293621e-07, 7.75099067596e-07, 6.0314171435e-09, 4.07289624249e-09, 5.66980629113e-10, 2.80758749582e-09, 5.60662238858e-10, 7.52138906712e-11, 4.77882013475e-12, 3.50514810319e-13, 2.7304523795e-14, 2.99841938388e-14, 1.41795602359e-14, 1.51855877048e-13, 5.91105171555e-16],
        "max": [0.0108551997691, 0.0190858859569, 0.163660347462, 0.023055460304, 0.25703766942, 0.352611362934, 0.017436619848, 0.0216472130269, 0.0639448612928, 0.0386728197336, 0.00659155379981, 0.00130513729528, 0.061080429703, 0.018176259473, 0.00154179276433, 0.00318515533581, 0.000276672362816, 0.0018601345364, 0.000617073965259, 0.000168669808772, 8.1238533312e-05, 1.63718541444e-05, 2.96657321996e-06, 3.79967514164e-06, 2.59008038483e-06, 7.21557034922e-06, 3.86263053542e-07],
        "mean": [5.11930593348e-05, 0.000678617216181, 0.0107700759545, 0.000837099156342, 0.00348400138319, 0.00385837629437, 0.00051507493481, 0.000770005455706, 0.00403577880934, 0.00199030200019, 0.000167624166352, 1.94917065528e-05, 0.000848580442835, 0.00102826824877, 2.45516876021e-05, 5.38333661098e-05, 1.23605686895e-05, 3.48702087649e-05, 1.54315966938e-05, 5.84774807066e-06, 1.42704982409e-06, 2.2846930392e-07, 9.10571102963e-08, 9.55045251771e-08, 3.85115903612e-08, 4.75430965707e-08, 3.22974758049e-09],
        "median": [1.19989890663e-05, 5.95168785367e-05, 0.000106011211756, 6.98201620253e-05, 0.000380423822207, 0.000136377027957, 4.83335861645e-05, 2.94470428344e-05, 0.000919863232411, 5.06761025463e-05, 4.58455178887e-06, 1.10565156319e-06, 5.25738323631e-06, 3.44892941939e-05, 1.70623491158e-06, 4.53587517768e-06, 1.00163663319e-06, 3.28826303075e-07, 8.99073995697e-07, 4.17687886056e-07, 1.472758413e-07, 5.06782740217e-08, 2.48778206924e-08, 2.02429895069e-08, 1.74705654388e-08, 2.05842827228e-08, 8.84663675649e-10],
        "min": [1.53199185931e-23, 1.97315664076e-23, 8.42193739985e-24, 2.99438599194e-23, 2.50645501168e-23, 1.95460799652e-23, 2.73185497595e-23, 1.78120359001e-23, 3.93983389358e-23, 6.65380507727e-23, 4.98334067673e-23, 1.0128312011e-22, 9.16265791055e-23, 2.60310435652e-23, 1.25840265426e-22, 1.40577108525e-22, 1.32498466036e-22, 7.71408335881e-23, 1.55597032782e-22, 3.69784519422e-22, 4.6639450957e-22, 5.07063785466e-22, 7.53035512962e-22, 8.40582968058e-22, 1.02021419448e-21, 1.51582735468e-21, 1.9960740598e-21],
        "stdev": [0.000443528493633, 0.00169236643706, 0.0283405128866, 0.00215458404273, 0.0154300983995, 0.020593745634, 0.00165573693812, 0.00242143170908, 0.00711838528514, 0.00409246794879, 0.00058544712374, 9.32575567276e-05, 0.00507295085117, 0.00255005946383, 0.000100047356682, 0.000231300800806, 2.92605436698e-05, 0.000168039478012, 4.08653177146e-05, 1.57414906425e-05, 4.3486843424e-06, 6.90106730872e-07, 1.69456043864e-07, 2.21282320467e-07, 8.7242703728e-08, 1.97141289959e-07, 1.3851116698e-08],
        "var": [1.96717536483e-07, 2.86410408989e-06, 0.000803184637334, 4.64223194285e-06, 0.000238087945036, 0.000424102327088, 2.74146464108e-06, 5.86333135288e-06, 5.06714095536e-05, 1.67482921825e-05, 3.42748364801e-07, 8.69697203143e-09, 2.57348292507e-05, 6.50280298942e-06, 1.00094741384e-08, 5.35000594937e-08, 8.56179405151e-10, 2.82372649707e-08, 1.66997404794e-09, 2.47794507136e-10, 1.89110567483e-11, 4.76247296807e-13, 2.87153486482e-14, 4.89658667617e-14, 7.61128898623e-15, 3.88646871575e-14, 1.91853439009e-16]
    },
    "erbbands": {
        "dmean": [0.00451892195269, 0.0359521731734, 0.660142719746, 1.00862133503, 1.00732338428, 1.89889621735, 12.9862346649, 2.38176631927, 1.17891776562, 4.6082444191, 4.53713989258, 18.490196228, 31.7057514191, 9.40176296234, 1.30521690845, 0.352266788483, 6.3222079277, 12.0109596252, 2.34974098206, 0.540998220444, 0.763616919518, 0.335681170225, 0.512972354889, 0.183568403125, 0.146469429135, 0.0787984877825, 0.0308630187064, 0.010499461554, 0.00410499377176, 0.00208378816023, 0.00105526461266, 0.00108060811181, 0.000561561901122, 0.000215200707316, 0.000144471836393, 0.000135477021104, 6.61778831272e-05, 9.61351634032e-06, 2.03562012757e-06, 4.2831875362e-06],
        "dmean2": [0.00756591977552, 0.0534537211061, 0.853870987892, 1.40153181553, 1.60235190392, 2.16838574409, 9.8835144043, 2.49116706848, 1.4497410059, 5.67482948303, 6.70997285843, 27.5355072021, 49.41746521, 14.0861787796, 1.73765349388, 0.467642188072, 6.63748455048, 14.6194181442, 2.8893635273, 0.713450789452, 1.00813066959, 0.516790747643, 0.766397058964, 0.251810669899, 0.20601990819, 0.108631819487, 0.0413239225745, 0.0154218394309, 0.00625523785129, 0.00339201046154, 0.00168202596251, 0.00168215867598, 0.000895653443877, 0.000351218564902, 0.000233965271036, 0.000223279363126, 0.000114551265142, 1.66346599144e-05, 2.6237826205e-06, 5.28770215169e-06],
        "dvar": [0.00148851145059, 0.00620810966939, 3.24491429329, 7.93509721756, 16.9678497314, 47.5317687988, 5113.87841797, 117.366149902, 16.2350215912, 237.38835144, 226.609115601, 2895.08666992, 4972.39892578, 522.532043457, 17.1068134308, 3.2212677002, 885.521850586, 1734.01330566, 32.8513908386, 3.47235679626, 6.4176235199, 0.573348462582, 5.38181352615, 0.612454175949, 0.586565673351, 0.114025428891, 0.0162259247154, 0.000734265660867, 0.000367873668438, 3.95503520849e-05, 5.79981451665e-06, 1.0007020137e-05, 1.90234004549e-06, 4.46816812882e-07, 5.2854045407e-07, 3.10378453605e-07, 3.72994747977e-07, 5.735206976e-09, 1.86384241374e-11, 8.76243522185e-11],
        "dvar2": [0.00395103543997, 0.0132052926347, 7.98392534256, 19.5762290955, 46.5214691162, 36.6298980713, 1797.96374512, 110.237739563, 20.9348697662, 352.255737305, 580.502380371, 7890.86376953, 13400.0810547, 1103.31323242, 27.666727066, 7.42434120178, 654.995788574, 2550.91162109, 44.5687637329, 7.47912025452, 7.40400362015, 1.36942398548, 11.8382587433, 1.01922821999, 1.42248296738, 0.201362803578, 0.0226982180029, 0.00141921930481, 0.000730735948309, 0.00010602518887, 1.47919099618e-05, 2.39833007072e-05, 4.69557289762e-06, 1.11535234737e-06, 1.28065812532e-06, 7.9153153365e-07, 1.05452215848e-06, 1.55139279201e-08, 2.20929854272e-11, 7.71930713794e-11],
        "max": [1.37570178509, 6.41138124466, 146.432556152, 107.642456055, 95.8684158325, 505.809844971, 5627.52539062, 743.651672363, 196.397583008, 498.306335449, 360.823272705, 1285.20336914, 1382.9609375, 479.067352295, 132.095367432, 57.804069519, 1774.75549316, 1323.13562012, 217.437728882, 57.2365913391, 134.693771362, 17.8601207733, 122.008575439, 33.5026702881, 29.7468643188, 10.1866130829, 5.25539493561, 0.701470673084, 0.731149435043, 0.195177182555, 0.0459167398512, 0.125052630901, 0.0204617194831, 0.0182013232261, 0.0236988700926, 0.0172314271331, 0.0188044179231, 0.00216394965537, 0.000287898554234, 0.000676296651363],
        "mean": [0.0100156702101, 0.419754981995, 9.50171756744, 8.31755256653, 2.24554800987, 7.31494951248, 62.9877815247, 9.23373794556, 4.00869464874, 19.8877792358, 13.0040636063, 72.4025726318, 114.069023132, 27.3940601349, 3.94022345543, 1.25921928883, 31.0273132324, 59.6031494141, 14.5753536224, 1.95884299278, 2.6206908226, 1.08901953697, 2.30957841873, 0.800273656845, 0.50671261549, 0.274988681078, 0.100582681596, 0.0359175764024, 0.0100403688848, 0.00483571644872, 0.00241696787998, 0.00249659875408, 0.00120587425772, 0.000478612695588, 0.00029395808815, 0.000258164247498, 8.22456349852e-05, 1.12697316581e-05, 1.42655098898e-05, 3.27225316141e-05],
        "median": [0.00210690149106, 0.0122034922242, 0.0991831719875, 0.248716592789, 0.453977048397, 0.969824910164, 2.52895689011, 0.650672674179, 0.671578645706, 1.46387171745, 3.15624809265, 19.0629005432, 9.48470497131, 2.91426706314, 0.781194210052, 0.221651732922, 0.952836275101, 3.94560670853, 1.00345540047, 0.28304463625, 0.283982306719, 0.124533757567, 0.0520967841148, 0.0554084479809, 0.0560436286032, 0.0247437097132, 0.0127338524908, 0.00462702102959, 0.00276578543708, 0.00129304546863, 0.000670713488944, 0.000536304316483, 0.000306095374981, 0.000197993183974, 0.000148504186654, 0.000123547564726, 3.14482167596e-05, 4.85294640384e-06, 6.81070105202e-06, 1.49110110215e-05],
        "min": [3.8187542207e-22, 4.8197104146e-21, 6.94271590485e-21, 6.15105397544e-20, 1.16220246082e-19, 4.91887765704e-20, 6.63911897118e-20, 1.69313777201e-19, 4.1043885154e-19, 5.48250708808e-19, 4.27257036056e-19, 5.98380593964e-19, 2.19157698265e-18, 1.67854116198e-18, 2.65922292157e-18, 4.6729571065e-18, 4.01295507242e-18, 3.38692803443e-18, 3.37598857083e-18, 8.69968597689e-18, 8.64665790936e-18, 7.32118204144e-18, 4.76885174132e-18, 6.70060508972e-18, 1.28360481249e-17, 1.90763780753e-17, 1.46961109704e-17, 1.7704808395e-17, 1.91992375574e-17, 2.00017731507e-17, 2.10126937384e-17, 2.07640300114e-17, 1.30672707487e-17, 1.09411973716e-17, 7.37310665004e-18, 5.89285908566e-18, 3.08246146251e-18, 1.18538290501e-18, 2.59906404018e-19, 2.91978632672e-20],
        "stdev": [0.0457962490618, 1.10292446613, 25.2981548309, 19.5175075531, 6.36285400391, 30.3054962158, 331.912628174, 43.6153945923, 12.5524597168, 53.1220092773, 31.7133178711, 127.543930054, 183.639953613, 50.054107666, 11.0078601837, 4.02168798447, 149.519012451, 160.201309204, 31.02202034, 5.14863920212, 9.94582843781, 2.22196626663, 10.9383449554, 2.05195522308, 1.49028551579, 0.829707622528, 0.304653763771, 0.0731953829527, 0.0300284828991, 0.011392807588, 0.00395458005369, 0.00660761678591, 0.00233329483308, 0.000829675467685, 0.00076627836097, 0.000559757580049, 0.00048592267558, 6.52126036584e-05, 2.17580090975e-05, 5.16558866366e-05],
        "var": [0.00209729652852, 1.21644246578, 639.996643066, 380.933105469, 40.485912323, 918.423156738, 110165.984375, 1902.30273438, 157.564239502, 2821.94775391, 1005.73449707, 16267.453125, 33723.6328125, 2505.41357422, 121.172988892, 16.1739730835, 22355.9335938, 25664.4589844, 962.365783691, 26.5084877014, 98.9195022583, 4.9371342659, 119.647392273, 4.21052026749, 2.22095108032, 0.688414692879, 0.0928139165044, 0.00535756442696, 0.000901709834579, 0.000129796069814, 1.56387050083e-05, 4.36606023868e-05, 5.44426438864e-06, 6.88361410539e-07, 5.8718251239e-07, 3.13328570201e-07, 2.36120854424e-07, 4.25268353865e-09, 4.73410977087e-10, 2.66833044549e-09]
    },
    "gfcc": {
        "mean": [-187.79095459, 183.789398193, -115.821525574, -16.3647994995, -34.1919670105, -11.7764148712, -22.5300788879, -2.81413722038, -14.766456604, -7.64461612701, -19.2733097076, -23.3862686157, -1.03785479069],
        "cov": [[5822.20703125, 137.270095825, -1695.96948242, 322.528686523, 438.594177246, 471.39453125, 635.913757324, 31.1751670837, -188.801986694, -619.299438477, -332.272186279, -640.176513672, 35.8928413391], [137.270095825, 440.822875977, 370.986694336, 16.0988559723, 135.833496094, -87.3843765259, 89.2164459229, -25.4536094666, -27.9352035522, -105.061317444, -1.96569228172, 32.4397697449, 62.0601081848], [-1695.96948242, 370.986694336, 1364.95727539, -90.8873214722, 46.8344268799, -186.475021362, -103.325904846, -35.9025306702, -38.5261802673, 46.0333518982, 47.3753814697, 272.57901001, 48.5850448608], [322.528686523, 16.0988559723, -90.8873214722, 431.742950439, 317.786773682, 60.1743049622, 190.354400635, -4.78871917725, -86.4616394043, -85.8120422363, -80.2775039673, -148.702819824, 3.25572824478], [438.594177246, 135.833496094, 46.8344268799, 317.786773682, 564.919250488, 219.497970581, 312.427703857, 22.891374588, -107.772109985, -182.949676514, -161.426681519, -182.664459229, 9.95804977417], [471.39453125, -87.3843765259, -186.475021362, 60.1743049622, 219.497970581, 436.420806885, 337.009490967, 166.725494385, -41.6148605347, -227.651245117, -197.355316162, -155.291152954, -58.3761978149], [635.913757324, 89.2164459229, -103.325904846, 190.354400635, 312.427703857, 337.009490967, 699.897644043, 330.143096924, -117.625114441, -427.900238037, -261.525543213, -136.292449951, 1.18372452259], [31.1751670837, -25.4536094666, -35.9025306702, -4.78871917725, 22.891374588, 166.725494385, 330.143096924, 371.271514893, 2.38365221024, -215.825317383, -152.632629395, 15.5718612671, -22.9257297516], [-188.801986694, -27.9352035522, -38.5261802673, -86.4616394043, -107.772109985, -41.6148605347, -117.625114441, 2.38365221024, 173.250930786, 153.146270752, 63.2274513245, -34.9224853516, -64.712348938], [-619.299438477, -105.061317444, 46.0333518982, -85.8120422363, -182.949676514, -227.651245117, -427.900238037, -215.825317383, 153.146270752, 503.9246521, 211.011032104, 12.7468891144, -100.974777222], [-332.272186279, -1.96569228172, 47.3753814697, -80.2775039673, -161.426681519, -197.355316162, -261.525543213, -152.632629395, 63.2274513245, 211.011032104, 246.132751465, 114.445648193, 13.5028820038], [-640.176513672, 32.4397697449, 272.57901001, -148.702819824, -182.664459229, -155.291152954, -136.292449951, 15.5718612671, -34.9224853516, 12.7468891144, 114.445648193, 360.250213623, 118.129936218], [35.8928413391, 62.0601081848, 48.5850448608, 3.25572824478, 9.95804977417, -58.3761978149, 1.18372452259, -22.9257297516, -64.712348938, -100.974777222, 13.5028820038, 118.129936218, 224.70375061]],
        "icov": [[0.000491202052217, -0.000735926441848, 0.000721408519894, 8.31440411275e-05, 3.06897018163e-05, -0.000137417664519, 8.23762820801e-05, 0.000144496996654, 0.000447916216217, 0.000304433167912, 5.79854713578e-05, 0.000429145031376, -1.84408563655e-05], [-0.000735926441848, 0.00601666141301, -0.00218291999772, 0.00116524216719, -0.0018155722646, 0.00279791769572, -0.0015784377465, 0.00117090763524, -0.0024368010927, 0.00151785346679, -0.000648857094347, -0.000143557350384, -5.9185691498e-05], [0.000721408519894, -0.00218291999772, 0.00238014361821, 0.000274316727882, -0.000376718147891, -0.000120353230159, 0.000326157169184, 0.000145635640365, 0.000883479777258, -8.38315681904e-05, 0.0008069271571, -0.000661222089548, 0.000483508454636], [8.31440411275e-05, 0.00116524216719, 0.000274316727882, 0.00536433653906, -0.00315800635144, 0.00228834454902, -0.00100972177461, -3.05625362671e-05, 0.00135363684967, 3.64172365153e-06, -0.000485673372168, 0.0013469151454, -2.29328998103e-05], [3.06897018163e-05, -0.0018155722646, -0.000376718147891, -0.00315800635144, 0.00574988499284, -0.00276230624877, -0.000648853834718, 0.000908311281819, 0.000958216958679, -0.000973203626927, 0.000755903078243, 0.000818427186459, -0.000889657763764], [-0.000137417664519, 0.00279791769572, -0.000120353230159, 0.00228834454902, -0.00276230624877, 0.00691168801859, -0.00183105841279, 0.000558518688194, -0.00133697746787, 0.00170434638858, 0.00139449012931, 0.000324788677972, 0.00135301565751], [8.23762820801e-05, -0.0015784377465, 0.000326157169184, -0.00100972177461, -0.000648853834718, -0.00183105841279, 0.00674837967381, -0.00446000788361, 0.00208686199039, 0.00201496249065, -0.000791760510765, 0.00158599333372, 0.000149619852891], [0.000144496996654, 0.00117090763524, 0.000145635640365, -3.05625362671e-05, 0.000908311281819, 0.000558518688194, -0.00446000788361, 0.00901637226343, -0.00477716559544, 0.00137573527172, 0.00366745283827, -0.00353227672167, 0.0015497545246], [0.000447916216217, -0.0024368010927, 0.000883479777258, 0.00135363684967, 0.000958216958679, -0.00133697746787, 0.00208686199039, -0.00477716559544, 0.0132264569402, -0.00333252549171, -0.00279984506778, 0.00416946457699, -0.000209512378206], [0.000304433167912, 0.00151785346679, -8.38315681904e-05, 3.64172365153e-06, -0.000973203626927, 0.00170434638858, 0.00201496249065, 0.00137573527172, -0.00333252549171, 0.00776217179373, -0.00208139792085, 0.000667405198328, 0.00246843835339], [5.79854713578e-05, -0.000648857094347, 0.0008069271571, -0.000485673372168, 0.000755903078243, 0.00139449012931, -0.000791760510765, 0.00366745283827, -0.00279984506778, -0.00208139792085, 0.0112188560888, -0.00401827739552, 0.000406295846915], [0.000429145031376, -0.000143557350384, -0.000661222089548, 0.0013469151454, 0.000818427186459, 0.000324788677972, 0.00158599333372, -0.00353227672167, 0.00416946457699, 0.000667405198328, -0.00401827739552, 0.00854909140617, -0.0029783193022], [-1.84408563655e-05, -5.9185691498e-05, 0.000483508454636, -2.29328998103e-05, -0.000889657763764, 0.00135301565751, 0.000149619852891, 0.0015497545246, -0.000209512378206, 0.00246843835339, 0.000406295846915, -0.0029783193022, 0.00750387180597]]
    },
    "melbands": {
        "dmean": [3.63516519428e-05, 0.000237722983002, 0.00017125022714, 8.70285221026e-05, 0.00037042045733, 7.20468015061e-05, 1.92196202988e-05, 5.22511763847e-05, 4.64623044536e-05, 0.000127924242406, 0.000161726900842, 4.60018163722e-05, 5.12437873113e-06, 1.21731977742e-06, 1.02589717699e-06, 2.80559252133e-05, 1.99236874323e-05, 4.75819115309e-06, 8.80317315932e-07, 1.01523983176e-06, 8.37797642816e-07, 3.76856547746e-07, 5.02217631038e-07, 2.52769410736e-07, 1.58749244861e-07, 1.21387714103e-07, 1.04883731922e-07, 5.80052237353e-08, 2.14630020423e-08, 1.11391047497e-08, 4.8081516546e-09, 3.01783886769e-09, 1.49231127455e-09, 1.10586972912e-09, 5.66659774659e-10, 1.03424346865e-09, 6.41637631915e-10, 4.62138965984e-10, 2.58551208221e-10, 1.85461576652e-10],
        "dmean2": [6.02837135375e-05, 0.000313005701173, 0.0002389709407, 0.000125699400087, 0.000291234406177, 6.83033504174e-05, 2.4908073101e-05, 6.28900816082e-05, 7.20600874047e-05, 0.000185496173799, 0.000252081284998, 6.90205779392e-05, 6.84053156874e-06, 1.5289683688e-06, 1.50603852944e-06, 2.96433609037e-05, 2.46291783697e-05, 5.69965732211e-06, 1.27185296606e-06, 1.23483323478e-06, 1.17021886581e-06, 5.94377354446e-07, 7.58970941206e-07, 3.76459553308e-07, 2.18171024358e-07, 1.65065756619e-07, 1.54981108835e-07, 7.85011096127e-08, 2.95949060813e-08, 1.51913628343e-08, 7.23523330137e-09, 4.61318450107e-09, 2.34598229731e-09, 1.7970863686e-09, 9.250133437e-10, 1.61291591194e-09, 1.03724273615e-09, 7.40988714831e-10, 4.23386242732e-10, 3.03349984021e-10],
        "dvar": [6.49893507898e-08, 4.22284017532e-07, 1.89952288565e-07, 8.01903539127e-08, 3.94399421566e-06, 1.25239978388e-07, 4.14843226437e-09, 2.97427398266e-08, 3.30883125343e-08, 1.18726887877e-07, 1.34962832021e-07, 1.32462378843e-08, 3.25342641716e-10, 3.80874221051e-11, 2.78122386232e-11, 1.64378413103e-08, 4.72312766675e-09, 1.63575236689e-10, 2.09852968336e-11, 1.98403359714e-11, 5.71083414933e-12, 8.43373114401e-13, 5.00072466075e-12, 1.13428960235e-12, 5.5653263031e-13, 2.3892289514e-13, 3.72190451202e-13, 8.32859917642e-14, 6.2519815239e-15, 2.23928215617e-15, 1.43153041479e-16, 2.86079581053e-16, 8.92718463358e-18, 1.19221955278e-17, 2.35983089592e-18, 8.05234683721e-18, 3.09225962366e-18, 1.30392729597e-18, 4.67249409215e-19, 3.20541172761e-19],
        "dvar2": [1.71874049215e-07, 1.06574714209e-06, 4.63976391529e-07, 1.96922925966e-07, 1.42102078371e-06, 8.63232045845e-08, 6.17170003991e-09, 4.05706295226e-08, 9.096871878e-08, 3.14777167887e-07, 3.60171640068e-07, 2.72251696742e-08, 6.26475205046e-10, 5.37740234285e-11, 5.40781169844e-11, 1.23205836644e-08, 7.45962136506e-09, 2.11887563051e-10, 5.41859543346e-11, 2.45124823217e-11, 7.93380465491e-12, 2.06712490007e-12, 1.1204467909e-11, 2.43668713679e-12, 9.23632372841e-13, 4.65280646043e-13, 9.27317359185e-13, 1.33588927138e-13, 1.01831156422e-14, 3.12835292508e-15, 2.93755711259e-16, 5.68712690924e-16, 2.20233082692e-17, 3.19358817337e-17, 6.31067132178e-18, 1.90882183386e-17, 7.19880728726e-18, 3.17058473548e-18, 1.24216244342e-18, 7.677920948e-19],
        "max": [0.00894435960799, 0.0499305352569, 0.0166569110006, 0.0104821901768, 0.156288981438, 0.0258239023387, 0.00278893229552, 0.0046823695302, 0.00407903967425, 0.00821163132787, 0.00675288401544, 0.00225566932932, 0.000400723074563, 0.000226461605052, 0.000145872210851, 0.00740920100361, 0.00175715354271, 0.000453230313724, 0.00016067812976, 0.000246185139986, 0.000112204288598, 2.57166957454e-05, 0.000111774694233, 5.59987020097e-05, 3.18447055179e-05, 1.65954352269e-05, 2.54008209595e-05, 9.71554527496e-06, 2.68705230155e-06, 2.12490522244e-06, 3.3294890045e-07, 6.44139277028e-07, 4.47597017228e-08, 1.12624398696e-07, 3.96021242466e-08, 7.45214450149e-08, 5.92429749702e-08, 1.79630657016e-08, 1.56610564517e-08, 1.56002091245e-08],
        "mean": [0.000115514951176, 0.00327111291699, 0.00132226909045, 0.000236450796365, 0.00178139167838, 0.000301530235447, 6.36970507912e-05, 0.00022250143229, 0.000107771847979, 0.000551863049623, 0.000577310158405, 0.000128052080981, 1.40703723446e-05, 3.55347583536e-06, 2.79082223642e-06, 0.000137190654641, 0.000100087017927, 2.95086665574e-05, 2.09219570024e-06, 3.51225776285e-06, 2.59561898019e-06, 9.1340302788e-07, 2.22562016461e-06, 1.06772029085e-06, 6.49150194931e-07, 4.75572193182e-07, 2.63675303813e-07, 1.88810531654e-07, 6.20221598524e-08, 3.42606121251e-08, 1.44813325775e-08, 6.1119780348e-09, 3.03870528739e-09, 2.2789505838e-09, 1.09347464416e-09, 1.91851112774e-09, 1.32611532866e-09, 8.80469808173e-10, 5.11592046504e-10, 3.48497369851e-10],
        "median": [1.90092887351e-05, 4.2525723984e-05, 4.55792032881e-05, 4.68821453978e-05, 8.21656576591e-05, 1.53742803377e-05, 7.32116222935e-06, 1.18914886116e-05, 1.32506011141e-05, 0.000131050997879, 3.45144799212e-05, 3.48718776877e-06, 5.93728429976e-07, 1.56120066208e-07, 1.24461990936e-07, 2.01699685931e-06, 4.20780406785e-06, 9.15650048228e-07, 1.13810713742e-07, 2.25023342182e-07, 1.98277433583e-07, 6.53301270859e-08, 2.7766812849e-08, 1.50589958281e-08, 3.3973662994e-08, 3.20967146195e-08, 1.21132295305e-08, 7.96816213011e-09, 4.92826135456e-09, 2.56294407919e-09, 1.90683513424e-09, 1.01134434161e-09, 7.87766185617e-10, 5.12282161136e-10, 3.36144889701e-10, 2.8984503686e-10, 2.82632722781e-10, 1.8050710926e-10, 1.67997254996e-10, 1.4286116734e-10],
        "min": [5.49032162234e-24, 5.13638813316e-24, 1.27422185554e-23, 6.25873801391e-24, 2.11120950798e-24, 4.02155136367e-24, 6.4400813588e-24, 5.52929490093e-24, 3.96138257584e-24, 4.29509558787e-24, 1.11823068576e-23, 6.89352728459e-24, 7.10871828434e-24, 1.22425856125e-23, 7.81979119342e-24, 1.0770919051e-23, 5.1986257087e-24, 3.59417176877e-24, 1.06831401315e-23, 1.0515530855e-23, 1.06897484193e-23, 7.93022777585e-24, 4.44534282474e-24, 3.86387897353e-24, 5.6675068814e-24, 5.89014236151e-24, 1.17600196752e-23, 1.25074417171e-23, 9.91232599719e-24, 7.55742236723e-24, 7.65526872961e-24, 9.52340652687e-24, 1.00944566253e-23, 1.14675266177e-23, 1.15864087449e-23, 1.27849101299e-23, 1.23118610106e-23, 8.07201447951e-24, 9.67284675903e-24, 9.07358778352e-24],
        "stdev": [0.000355089985533, 0.00862926151603, 0.00299194804393, 0.00069786910899, 0.00923683773726, 0.00150704372209, 0.000202898096177, 0.000607352354564, 0.000328554306179, 0.00093224219745, 0.000939805409871, 0.000256562954746, 4.24860118073e-05, 1.76224330062e-05, 1.26549157358e-05, 0.000628045934718, 0.000253452773904, 7.11082102498e-05, 9.23241532291e-06, 1.75849345396e-05, 8.60852924234e-06, 2.25650092034e-06, 1.03142137959e-05, 4.95771882925e-06, 1.90970081348e-06, 1.18780394587e-06, 1.10248743113e-06, 7.20299681234e-07, 1.84462535913e-07, 1.13826580161e-07, 3.02933962359e-08, 2.50330867146e-08, 5.27604715472e-09, 5.98799809737e-09, 1.90750815143e-09, 4.9338035879e-09, 3.44088713078e-09, 1.91323135112e-09, 8.70068295189e-10, 7.08604008803e-10],
