{
"lowlevel": {
    "average_loudness": 0.76624161005,
    "barkbands_crest": {
        "dmean": 1.87714660168,
        "dmean2": 2.87352633476,
        "dvar": 4.29400157928,
        "dvar2": 11.7530889511,
        "max": 25.4831542969,
        "mean": 9.24961090088,
        "median": 8.27616786957,
        "min": 3.43051600456,
        "stdev": 3.65583658218,
        "var": 13.3651418686
    },
    "barkbands_flatness_db": {
        "dmean": 0.0187638830394,
        "dmean2": 0.0284713245928,
        "dvar": 0.000413934991229,
        "dvar2": 0.000895270670298,
        "max": 0.449030607939,
        "mean": 0.256754815578,
        "median": 0.250757753849,
        "min": 0.05420614779,
        "stdev": 0.0674805268645,
        "var": 0.00455362163484
    },
    "barkbands_kurtosis": {
        "dmean": 1.0910782814,
        "dmean2": 1.78664636612,
        "dvar": 10.6681241989,
        "dvar2": 31.6992340088,
        "max": 61.8464126587,
        "mean": 1.00094139576,
        "median": 0.120666265488,
        "min": -1.75133907795,
        "stdev": 3.95983433723,
        "var": 15.6802873611
    },
    "barkbands_skewness": {
        "dmean": 0.341233611107,
        "dmean2": 0.529915690422,
        "dvar": 0.187749117613,
        "dvar2": 0.502192437649,
        "max": 7.14795160294,
        "mean": 0.171674281359,
        "median": 0.0404718965292,
        "min": -2.26811265945,
        "stdev": 0.890212655067,
        "var": 0.792478621006
    },
    "barkbands_spread": {
        "dmean": 1.76214528084,
        "dmean2": 2.77008247375,
        "dvar": 4.11030912399,
        "dvar2": 10.5672416687,
        "max": 30.7282676697,
        "mean": 8.89181900024,
        "median": 8.16949653625,
        "min": 1.23157954216,
        "stdev": 4.10414981842,
        "var": 16.8440475464
    },
    "dissonance": {
        "dmean": 0.0300707798451,
        "dmean2": 0.0496470630169,
        "dvar": 0.000843556248583,
        "dvar2": 0.00232027331367,
        "max": 0.499469220638,
        "mean": 0.395505785942,
        "median": 0.413108497858,
        "min": 0.0945857465267,
        "stdev": 0.0739988684654,
        "var": 0.00547583214939
    },
    "dynamic_complexity": 4.71952676773,
    "erbbands_crest": {
        "dmean": 2.16103291512,
        "dmean2": 3.08684587479,
        "dvar": 4.03757619858,
        "dvar2": 8.91184806824,
        "max": 29.0727157593,
        "mean": 12.2793693542,
        "median": 11.4611024857,
        "min": 2.96315312386,
        "stdev": 4.58291149139,
        "var": 21.0030765533
    },
    "erbbands_flatness_db": {
        "dmean": 0.0157867800444,
        "dmean2": 0.0211804807186,
        "dvar": 0.000376103795134,
        "dvar2": 0.000622568826657,
        "max": 0.467240899801,
        "mean": 0.330974042416,
        "median": 0.337121516466,
        "min": 0.103356398642,
        "stdev": 0.0708619728684,
        "var": 0.00502141937613
    },
    "erbbands_kurtosis": {
        "dmean": 0.645690619946,
        "dmean2": 0.916246414185,
        "dvar": 0.538794338703,
        "dvar2": 1.07810521126,
        "max": 11.9178190231,
        "mean": 0.974192917347,
        "median": 0.555690050125,
        "min": -1.55747509003,
        "stdev": 1.77285254002,
        "var": 3.14300608635
    },
    "erbbands_skewness": {
        "dmean": 0.239170581102,
        "dmean2": 0.33555456996,
        "dvar": 0.0493596568704,
        "dvar2": 0.104358613491,
        "max": 1.81164956093,
        "mean": 0.0163741018623,
        "median": -0.0305017661303,
        "min": -2.69390130043,
        "stdev": 0.560294568539,
        "var": 0.313930034637
    },
    "erbbands_spread": {
        "dmean": 1.85015904903,
        "dmean2": 2.62091732025,
        "dvar": 6.0756893158,
        "dvar2": 13.9291629791,
        "max": 51.7114067078,
        "mean": 11.3974990845,
        "median": 10.0523538589,
        "min": 2.21926832199,
        "stdev": 7.37867164612,
        "var": 54.4447937012
    },
    "hfc": {
        "dmean": 3.05599570274,
        "dmean2": 3.85057330132,
        "dvar": 22.3929862976,
        "dvar2": 39.9229278564,
        "max": 147.052398682,
        "mean": 18.785326004,
        "median": 11.4657888412,
        "min": 1.21062448684e-16,
        "stdev": 20.1035861969,
        "var": 404.154174805
    },
    "loudness_ebu128": {
        "integrated": -18.411239624,
        "loudness_range": 8.43505764008,
        "momentary": {
            "dmean": 0.975069105625,
            "dmean2": 0.787199556828,
            "dvar": 1.34677231312,
            "dvar2": 1.18926656246,
            "max": -12.6022720337,
            "mean": -20.9899482727,
            "median": -20.0168476105,
            "min": -42.5461425781,
            "stdev": 5.52594804764,
            "var": 30.5361042023
        },
        "short_term": {
            "dmean": 0.155916854739,
            "dmean2": 0.0727855339646,
            "dvar": 0.0172891840339,
            "dvar2": 0.00619134353474,
            "max": -15.0727233887,
            "mean": -19.8298034668,
            "median": -20.0124149323,
            "min": -27.3930702209,
            "stdev": 3.182554245,
            "var": 10.128651619
        }
    },
    "melbands_crest": {
        "dmean": 2.08254599571,
        "dmean2": 3.12907958031,
        "dvar": 4.87894296646,
        "dvar2": 11.5268859863,
        "max": 35.0981636047,
        "mean": 11.2899274826,
        "median": 10.2222661972,
        "min": 2.50044751167,
        "stdev": 4.43188810349,
        "var": 19.6416301727
    },
    "melbands_flatness_db": {
        "dmean": 0.0156944040209,
        "dmean2": 0.0221682488918,
        "dvar": 0.00031052401755,
        "dvar2": 0.000579674902838,
        "max": 0.497005581856,
        "mean": 0.307209908962,
        "median": 0.292911618948,
        "min": 0.0090309670195,
        "stdev": 0.086995318532,
        "var": 0.00756818521768
    },
    "melbands_kurtosis": {
        "dmean": 0.977544009686,
        "dmean2": 1.4718375206,
        "dvar": 4.21513843536,
        "dvar2": 11.3545398712,
        "max": 43.7510795593,
        "mean": 1.13691580296,
        "median": 0.0708620548248,
        "min": -1.57630240917,
        "stdev": 3.85986042023,
        "var": 14.8985233307
    },
    "melbands_skewness": {
        "dmean": 0.288322895765,
        "dmean2": 0.416991174221,
        "dvar": 0.0972938761115,
        "dvar2": 0.236222058535,
        "max": 5.15166187286,
        "mean": 0.470549196005,
        "median": 0.343100994825,
        "min": -1.5194735527,
        "stdev": 0.864719033241,
        "var": 0.74773901701
    },
    "melbands_spread": {
        "dmean": 2.58869957924,
        "dmean2": 3.76470518112,
        "dvar": 14.3579645157,
        "dvar2": 26.2527999878,
        "max": 131.799789429,
        "mean": 15.5371904373,
        "median": 14.5765857697,
        "min": 2.80405569077,
        "stdev": 7.86629343033,
        "var": 61.8785743713
    },
    "pitch_salience": {
        "dmean": 0.055231180042,
        "dmean2": 0.0856103822589,
        "dvar": 0.00322393933311,
        "dvar2": 0.00852978229523,
        "max": 0.965496659279,
        "mean": 0.636640310287,
        "median": 0.63451474905,
        "min": 0.104280769825,
        "stdev": 0.110738866031,
        "var": 0.0122630959377
    },
    "silence_rate_20dB": {
        "dmean": 0,
        "dmean2": 0,
        "dvar": 0,
        "dvar2": 0,
        "max": 1,
        "mean": 1,
        "median": 1,
        "min": 1,
        "stdev": 0,
        "var": 0
    },
    "silence_rate_30dB": {
        "dmean": 0.00206185574643,
        "dmean2": 0.00412583816797,
        "dvar": 0.00205761846155,
        "dvar2": 0.00514032458887,
        "max": 1,
        "mean": 0.998454391956,
        "median": 1,
        "min": 0,
        "stdev": 0.0392836406827,
        "var": 0.00154320453294
    },
    "silence_rate_60dB": {
        "dmean": 0.0247422680259,
        "dmean2": 0.0489943288267,
        "dvar": 0.0241297781467,
        "dvar2": 0.0476255714893,
        "max": 1,
        "mean": 0.162802681327,
        "median": 0,
        "min": 0,
        "stdev": 0.369185596704,
        "var": 0.136298000813
    },
    "spectral_centroid": {
        "dmean": 75.7521591187,
        "dmean2": 108.551055908,
        "dvar": 37168.1367188,
        "dvar2": 34787.4492188,
        "max": 10862.5566406,
        "mean": 957.988525391,
        "median": 905.078613281,
        "min": 356.031585693,
        "stdev": 435.141174316,
        "var": 189347.84375
    },
    "spectral_complexity": {
        "dmean": 1.30721652508,
        "dmean2": 2.12119650841,
        "dvar": 2.27675867081,
        "dvar2": 4.84087944031,
        "max": 34,
        "mean": 13.0458526611,
        "median": 12,
        "min": 0,
        "stdev": 7.09857749939,
        "var": 50.3898048401
    },
    "spectral_decrease": {
        "dmean": 8.088356096e-10,
        "dmean2": 1.07674202887e-09,
        "dvar": 1.5413953402e-18,
        "dvar2": 3.33829974058e-18,
        "max": 7.82102155008e-29,
        "mean": -4.82883244501e-09,
        "median": -3.87160259407e-09,
        "min": -2.73537761331e-08,
        "stdev": 4.12896294932e-09,
        "var": 1.70483363541e-17
    },
    "spectral_energy": {
        "dmean": 0.00330803310499,
        "dmean2": 0.00437635043636,
        "dvar": 2.52044937952e-05,
        "dvar2": 5.35568869964e-05,
        "max": 0.116577602923,
        "mean": 0.0199290085584,
        "median": 0.0157086104155,
        "min": 1.06855441946e-20,
        "stdev": 0.0173002500087,
        "var": 0.000299298670143
    },
    "spectral_energyband_high": {
        "dmean": 1.265840001e-05,
        "dmean2": 1.964960029e-05,
        "dvar": 1.2258142279e-09,
        "dvar2": 2.82267342833e-09,
        "max": 0.000613761192653,
        "mean": 3.51608287019e-05,
        "median": 1.64008042702e-06,
        "min": 7.77353643522e-21,
        "stdev": 7.63248608564e-05,
        "var": 5.82548409511e-09
    },
    "spectral_energyband_low": {
        "dmean": 0.000481026421767,
        "dmean2": 0.000851881573908,
        "dvar": 3.77889023184e-06,
        "dvar2": 1.09975690066e-05,
        "max": 0.0277589298785,
        "mean": 0.000608986709267,
        "median": 0.000165482488228,
        "min": 1.009895755e-22,
        "stdev": 0.00181259703822,
        "var": 3.28550822815e-06
    },
    "spectral_energyband_middle_high": {
        "dmean": 0.00210656854324,
        "dmean2": 0.00271361158229,
        "dvar": 1.20540316857e-05,
        "dvar2": 2.25116473302e-05,
        "max": 0.0936841964722,
        "mean": 0.0102353617549,
        "median": 0.00472456542775,
        "min": 1.59253432108e-21,
        "stdev": 0.0125876059756,
        "var": 0.00015844781592
    },
    "spectral_energyband_middle_low": {
        "dmean": 0.00178859033622,
        "dmean2": 0.00218809442595,
        "dvar": 7.60726743465e-06,
        "dvar2": 1.54694371304e-05,
        "max": 0.0615493394434,
        "mean": 0.00982864480466,
        "median": 0.00815335754305,
        "min": 1.74574249371e-22,
        "stdev": 0.00845794565976,
        "var": 7.15368441888e-05
    },
    "spectral_entropy": {
        "dmean": 0.111086256802,
        "dmean2": 0.148833140731,
        "dvar": 0.0193870402873,
        "dvar2": 0.0283347442746,
        "max": 9.79599666595,
        "mean": 6.37784719467,
        "median": 6.38626241684,
        "min": 5.08332967758,
        "stdev": 0.596728682518,
        "var": 0.356085151434
    },
    "spectral_flux": {
        "dmean": 0.0101584112272,
        "dmean2": 0.0166045315564,
        "dvar": 0.000176015731995,
        "dvar2": 0.000422022829298,
        "max": 0.205712199211,
        "mean": 0.0399727970362,
        "median": 0.0342154353857,
        "min": 1.03370909055e-10,
        "stdev": 0.0253660641611,
        "var": 0.000643437204417
    },
    "spectral_kurtosis": {
        "dmean": 15.1675319672,
        "dmean2": 26.2372894287,
        "dvar": 339.610870361,
        "dvar2": 927.452819824,
        "max": 221.780197144,
        "mean": 40.8673248291,
        "median": 23.7804317474,
        "min": -1.21322286129,
        "stdev": 42.8286018372,
        "var": 1834.28918457
    },
    "spectral_rms": {
        "dmean": 0.000361791055184,
        "dmean2": 0.000469089514809,
        "dvar": 1.68918063537e-07,
        "dvar2": 3.3757021356e-07,
        "max": 0.0106646260247,
        "mean": 0.00394248776138,
        "median": 0.00391477625817,
        "min": 3.22876469484e-12,
        "stdev": 0.00197477941401,
        "var": 3.89975366488e-06
    },
    "spectral_rolloff": {
        "dmean": 132.184524536,
        "dmean2": 222.438659668,
        "dvar": 177130.171875,
        "dvar2": 230909.703125,
        "max": 18497.0214844,
        "mean": 1221.08117676,
        "median": 1227.39257812,
        "min": 21.533203125,
        "stdev": 613.671569824,
        "var": 376592.78125
    },
    "spectral_skewness": {
        "dmean": 0.912739992142,
        "dmean2": 1.57776856422,
        "dvar": 0.847147583961,
        "dvar2": 2.38578891754,
        "max": 11.9515762329,
        "mean": 3.89426374435,
        "median": 3.10294818878,
        "min": 0.0257703959942,
        "stdev": 2.28628778458,
        "var": 5.22711133957
    },
    "spectral_spread": {
        "dmean": 266576.375,
        "dmean2": 416307.34375,
        "dvar": 791335272448,
        "dvar2": 1.23738980352e+12,
        "max": 47513532,
        "mean": 1651640.125,
        "median": 1489003.125,
        "min": 388549.1875,
        "stdev": 1604396,
        "var": 2.57408656998e+12
    },
    "spectral_strongpeak": {
        "dmean": 0.564477205276,
        "dmean2": 0.866586565971,
        "dvar": 0.66573792696,
        "dvar2": 1.5241549015,
        "max": 10.3173408508,
        "mean": 2.22255110741,
        "median": 1.63267493248,
        "min": 0,
        "stdev": 1.97862398624,
        "var": 3.91495299339
    },
    "zerocrossingrate": {
        "dmean": 0.00322315958329,
        "dmean2": 0.00411274330691,
        "dvar": 9.01516759768e-05,
        "dvar2": 0.000164488956216,
        "max": 0.50048828125,
        "mean": 0.042305380106,
        "median": 0.04150390625,
        "min": 0.00341796875,
        "stdev": 0.0202550981194,
        "var": 0.000410269014537
    },
    "barkbands": {
        "dmean": [0.000215204127016, 0.000123867444927, 0.000248486583587, 0.000306371104671, 0.000282905792119, 0.000515997817274, 0.000253822276136, 0.000627881323453, 0.000323603366269, 0.000718861003406, 0.000739946146496, 0.00100362207741, 0.000406832958106, 0.000705131387804, 0.000333017407684, 0.000107044244942, 0.00014317210298, 9.25520798774e-05, 4.4791471737e-05, 1.97505469259e-05, 4.58410113424e-06, 2.79334926745e-06, 8.06320088031e-07, 5.01034094214e-07, 2.87057702053e-07, 1.2001498817e-07, 1.89092173031e-08],
        "dmean2": [0.000401436118409, 0.000209685080335, 0.000441239622887, 0.000534645630978, 0.000443884637207, 0.000736802059691, 0.000320068851579, 0.000657119497191, 0.000419529795181, 0.00077567162225, 0.00111075444147, 0.00122362631373, 0.000570555217564, 0.000917315483093, 0.000465872435598, 0.000161747695529, 0.000213401057408, 0.00014146619651, 7.10290987627e-05, 3.01540767396e-05, 7.23507628209e-06, 4.42693226432e-06, 1.28586111714e-06, 7.75667388098e-07, 4.39222617388e-07, 2.06923189694e-07, 3.48801521e-08],
        "dvar": [4.54721629239e-07, 2.64417650442e-07, 9.12219547899e-07, 2.70345162789e-06, 3.8595558749e-07, 6.42470524781e-07, 2.1549520568e-07, 1.37855533922e-06, 2.69123972885e-07, 1.14535180273e-06, 4.06322715207e-06, 3.80567439606e-06, 4.84941267587e-07, 2.56331736637e-06, 3.59135356121e-07, 1.21247296647e-07, 9.83773418284e-08, 6.1975448773e-08, 1.4083809674e-08, 2.32004038203e-09, 1.29571367524e-10, 5.51661459569e-11, 9.65743630899e-12, 4.57823275818e-12, 2.42913436761e-12, 5.55392916986e-13, 1.79097933858e-14],
        "dvar2": [1.43773809214e-06, 7.09777907559e-07, 2.70563009508e-06, 7.52303913032e-06, 9.71890131041e-07, 1.78068728474e-06, 3.5568669432e-07, 1.28944452626e-06, 4.5774831392e-07, 1.39608266636e-06, 9.09028949536e-06, 5.68862060391e-06, 1.08281301436e-06, 4.84349993712e-06, 7.36181561933e-07, 3.27040652337e-07, 2.31228810321e-07, 1.75593015683e-07, 3.71866129001e-08, 5.39558664414e-09, 3.19876763966e-10, 1.38785385961e-10, 2.44875612843e-11, 1.03128729514e-11, 5.43286466162e-12, 1.51068133697e-12, 5.04024007589e-14],
        "max": [0.00812498666346, 0.00840567052364, 0.0123953809962, 0.0267167910933, 0.0100630652159, 0.0127747878432, 0.0168581809849, 0.051981382072, 0.00959241669625, 0.0324021726847, 0.0324108153582, 0.04103859514, 0.0118646416813, 0.0293379519135, 0.0107474811375, 0.00651531713083, 0.00475182523951, 0.00439172890037, 0.00204667425714, 0.000781670445576, 0.000158604278113, 0.000180213857675, 9.13662952371e-05, 5.02732218592e-05, 2.36631603912e-05, 1.26381510199e-05, 1.82870815024e-06],
        "mean": [0.000199576752493, 0.000152480293764, 0.000275565573247, 0.000303761655232, 0.000722896307707, 0.00202149990946, 0.00115326652303, 0.00271579367109, 0.00107800401747, 0.00250811106525, 0.0014418597566, 0.00285274162889, 0.000964090926573, 0.00169391499367, 0.000945921754465, 0.000209647725569, 0.000322185369441, 0.000199259069632, 0.000104072139948, 4.55103690911e-05, 9.14996144274e-06, 6.75650562698e-06, 1.5373457245e-06, 9.4788322258e-07, 3.70866757748e-07, 9.54991108415e-08, 1.18875167487e-08],
        "median": [1.27009934658e-05, 3.00871488434e-05, 5.54706821276e-05, 6.36576733086e-05, 0.000440188363427, 0.00146633689292, 0.000584142340813, 0.00102786289062, 0.000482002244098, 0.00119187287055, 0.000369600602426, 0.000565211288631, 0.000372890383005, 0.000209716541576, 0.000145614321809, 1.98203415493e-05, 1.79537582881e-05, 8.00520319899e-06, 3.06788319904e-06, 1.03818888419e-06, 5.75330147967e-07, 2.5721521979e-07, 1.00086971599e-07, 5.54017560717e-08, 2.83049246264e-08, 6.90590251651e-09, 2.8292124199e-10],
        "min": [8.12359888296e-24, 1.61715791373e-23, 7.06045340758e-23, 9.73294533823e-24, 1.01141986583e-23, 2.48863906145e-23, 6.28818319383e-23, 2.46041535376e-23, 2.64397334675e-23, 9.7213702244e-23, 7.37578130623e-23, 9.62597043523e-23, 3.11261446907e-23, 8.04700222456e-23, 1.17663854672e-22, 2.24095642718e-22, 2.6240247584e-22, 1.50205818516e-22, 3.34461069891e-22, 2.63688028815e-22, 3.79165830011e-22, 3.60392631785e-22, 6.64809107374e-22, 8.46098481559e-22, 1.30090872651e-21, 1.97424808346e-21, 2.51208935919e-21],
        "stdev": [0.00066943350248, 0.000507754040882, 0.000907265988644, 0.00141208409332, 0.00092123093782, 0.00217907549813, 0.00165134191047, 0.0045488262549, 0.00140492909122, 0.00346748391166, 0.00295223202556, 0.00536381732672, 0.00142568093725, 0.00358243449591, 0.00153188849799, 0.000507155316882, 0.000588091905229, 0.000390313944081, 0.000230958336033, 9.7887852462e-05, 1.80194838322e-05, 1.63363056345e-05, 4.07411107517e-06, 2.76700097857e-06, 1.72965519596e-06, 6.17591012997e-07, 1.03661832895e-07],
        "var": [4.48141207698e-07, 2.57814178894e-07, 8.23131586003e-07, 1.99398164114e-06, 8.4866638872e-07, 4.7483695198e-06, 2.72693023362e-06, 2.06918211916e-05, 1.97382564693e-06, 1.20234453789e-05, 8.71567408467e-06, 2.87705370283e-05, 2.03256604436e-06, 1.28338369905e-05, 2.34668232224e-06, 2.57206522747e-07, 3.45852100736e-07, 1.52344966864e-07, 5.33417541249e-08, 9.5820320567e-09, 3.24701793231e-10, 2.66874911059e-10, 1.6598380656e-11, 7.65629486893e-12, 2.99170714244e-12, 3.81418692203e-13, 1.07457759122e-14]
    },
    "erbbands": {
        "dmean": [0.00181848439388, 0.0377986356616, 0.262157618999, 0.57444447279, 1.17672407627, 0.654229938984, 2.0368578434, 4.8571305275, 5.52916479111, 6.06823062897, 14.4622554779, 8.13137531281, 25.3034858704, 14.9195098877, 29.1218070984, 51.0619354248, 18.7562770844, 39.5130882263, 13.4708881378, 17.441619873, 6.27976322174, 4.8151807785, 4.87217950821, 3.69853878021, 2.04787993431, 0.948816657066, 0.392940551043, 0.126310497522, 0.108204245567, 0.0502328798175, 0.0188510045409, 0.012731240131, 0.00650266977027, 0.00381229282357, 0.00175479089376, 0.000603703199886, 0.000211419872358, 5.44533759239e-05, 3.03988690575e-06, 3.9257656681e-06],
        "dmean2": [0.00311667728238, 0.0640503764153, 0.455237537622, 1.0128467083, 1.97761023045, 1.01769292355, 3.11062121391, 7.079870224, 6.97280216217, 7.08707237244, 15.0208024979, 9.91445064545, 26.7402744293, 21.4589557648, 42.041595459, 61.4580726624, 25.8998966217, 51.4057006836, 18.4211978912, 25.0011024475, 9.46130561829, 7.07517433167, 7.40509796143, 5.98912000656, 3.17203068733, 1.45105862617, 0.619395673275, 0.19731888175, 0.172159299254, 0.0780549421906, 0.0292182117701, 0.0200278367847, 0.00993295013905, 0.00580464676023, 0.00271071004681, 0.00101201701909, 0.000369978690287, 9.77995077847e-05, 4.61945592178e-06, 5.17477110407e-06],
        "dvar": [2.60920478468e-05, 0.0260858926922, 1.10511124134, 9.30629062653, 20.3820877075, 1.31846022606, 13.5956554413, 72.0050430298, 87.4768447876, 162.663986206, 879.991577148, 152.070922852, 1688.3470459, 1181.86071777, 7693.12646484, 9449.29296875, 989.403747559, 7401.19140625, 598.847167969, 1305.32275391, 159.608474731, 110.939476013, 167.306030273, 90.4828109741, 27.6449508667, 5.59351491928, 1.07954227924, 0.11363697052, 0.0777900367975, 0.0252674240619, 0.0052065406926, 0.0024894932285, 0.00101591192652, 0.00037484409404, 9.99234616756e-05, 1.22301989904e-05, 1.94220410776e-06, 1.3567891699e-07, 1.18617379807e-10, 3.5748064231e-11],
        "dvar2": [7.18641895219e-05, 0.0703715160489, 3.14629173279, 27.0488204956, 50.7456855774, 3.2025346756, 34.461479187, 210.305435181, 144.122329712, 206.814086914, 786.975585938, 258.370239258, 2022.96044922, 3061.93969727, 16514.8496094, 13146.2675781, 2171.68554688, 13918.9941406, 1173.36193848, 2711.68725586, 393.273193359, 268.42678833, 466.147338867, 253.301208496, 70.8544235229, 12.9724378586, 2.51755595207, 0.270782858133, 0.201343983412, 0.0596191063523, 0.0129197575152, 0.00591639289632, 0.00225479551591, 0.000840660766698, 0.000218956294702, 3.22852065437e-05, 5.30956594957e-06, 3.79566102993e-07, 3.27230159636e-10, 7.50862219623e-11],
        "max": [0.0658996999264, 2.6260471344, 14.3169317245, 51.102355957, 62.2506217957, 17.4761161804, 67.6847305298, 121.270179749, 300.814147949, 348.606933594, 1423.34069824, 268.904724121, 1217.77062988, 507.463226318, 1580.03881836, 2119.77709961, 601.301208496, 1602.27416992, 482.974487305, 757.759887695, 207.724853516, 187.867294312, 250.812683105, 153.07585144, 77.0865631104, 35.5609550476, 18.4362316132, 5.5122179985, 6.61905527115, 3.26536297798, 2.11280536652, 1.27916026115, 0.606479167938, 0.283174216747, 0.197112753987, 0.060568574816, 0.0260583814234, 0.00535204913467, 0.00018043347518, 0.000144472360262],
        "mean": [0.00225428934209, 0.0463908612728, 0.307315170765, 0.624141156673, 1.64566349983, 1.91742515564, 7.18019962311, 17.4303779602, 23.3638038635, 22.4497928619, 66.7467727661, 30.098285675, 86.7423248291, 42.2138786316, 62.95677948, 148.182861328, 54.316986084, 100.787780762, 39.8401679993, 46.7161560059, 17.1798286438, 13.386267662, 10.2308883667, 7.26399993896, 3.90959119797, 2.09086728096, 0.924723982811, 0.304070740938, 0.259233057499, 0.110770940781, 0.0392064936459, 0.0247009415179, 0.0111237494275, 0.0053391540423, 0.00215442595072, 0.00059619708918, 0.000157582893735, 3.74458577426e-05, 1.18092220873e-05, 2.37969343289e-05],
        "median": [0.000567794952076, 0.00737121934071, 0.0611729361117, 0.157236069441, 0.510636746883, 1.12477087975, 4.03049612045, 9.80964851379, 11.6062774658, 10.8846263885, 24.9359893799, 21.9604568481, 36.5479431152, 19.5267658234, 21.3777885437, 34.0339508057, 23.4937324524, 19.0638866425, 9.32605171204, 5.3579993248, 1.91165614128, 0.924105346203, 0.554400384426, 0.265697807074, 0.119260668755, 0.0503224097192, 0.032105833292, 0.0182141195983, 0.00974518805742, 0.00543183181435, 0.00255763507448, 0.00140612642281, 0.000798200140707, 0.000408348074416, 0.000171504449099, 6.60569858155e-05, 1.2547845472e-05, 2.61923446487e-06, 8.2570959421e-06, 1.83608171938e-05],
        "min": [5.90080932289e-22, 4.55758988396e-21, 6.58369011532e-20, 6.19586325395e-20, 4.44262292637e-20, 1.94681674679e-20, 4.54821253156e-20, 3.07479137859e-19, 1.00924926923e-18, 4.63589031607e-19, 5.82376561967e-19, 7.81032929962e-19, 2.03453943169e-18, 4.19296239501e-18, 1.95500436144e-18, 4.11223328954e-18, 2.00345853377e-18, 3.41303612931e-18, 5.68936562393e-18, 9.31448796717e-18, 1.34956882675e-17, 1.08804872777e-17, 7.87241602883e-18, 1.23276968348e-17, 1.74069323846e-17, 1.15397932393e-17, 1.43626546131e-17, 1.6413892133e-17, 1.23621042396e-17, 1.69251691609e-17, 1.89243819834e-17, 1.78557688568e-17, 1.24912246517e-17, 1.28174092642e-17, 1.04645428154e-17, 7.62559939611e-18, 3.68761832006e-18, 1.24890737753e-18, 3.52609310748e-19, 3.5330438157e-20],
        "stdev": [0.00515033584088, 0.161161109805, 1.03762686253, 2.58048248291, 4.67224025726, 2.56297659874, 9.28801250458, 21.3074798584, 32.6899108887, 34.1687850952, 120.758346558, 30.9499359131, 128.580184937, 62.000087738, 129.53944397, 274.565307617, 71.7550735474, 199.777877808, 63.7299728394, 84.1384887695, 27.3923301697, 23.4348258972, 19.8035526276, 15.635430336, 8.54371356964, 4.44274139404, 2.09021759033, 0.614486396313, 0.606606900692, 0.288680791855, 0.100787654519, 0.0662375241518, 0.0389848761261, 0.0221000816673, 0.0108299283311, 0.00311572849751, 0.00112888286822, 0.000288406445179, 1.36607286549e-05, 2.11245624087e-05],
        "var": [2.6525958674e-05, 0.0259729046375, 1.07666945457, 6.65888977051, 21.8298301697, 6.56884860992, 86.2671813965, 454.008728027, 1068.63024902, 1167.50598145, 14582.5791016, 957.898498535, 16532.8632812, 3844.01074219, 16780.46875, 75386.1015625, 5148.79052734, 39911.203125, 4061.50952148, 7079.28564453, 750.33972168, 549.191040039, 392.180725098, 244.466690063, 72.9950408936, 19.7379493713, 4.36900949478, 0.377593517303, 0.367971897125, 0.0833366066217, 0.0101581513882, 0.00438740942627, 0.00151982053649, 0.000488413614221, 0.000117287338071, 9.70776363829e-06, 1.27437647279e-06, 8.31782855926e-08, 1.8661550083e-10, 4.46247150343e-10]
    },
    "gfcc": {
        "mean": [-133.180679321, 179.64730835, -170.713027954, -30.610042572, -52.7445640564, -7.22678661346, -26.3829689026, -12.9848337173, -13.7345724106, -10.088259697, -1.88662624359, -12.8945426941, -1.51263320446],
        "cov": [[9251.77050781, -1341.09509277, -2812.88012695, 1002.79882812, 141.088760376, -181.403930664, -136.068359375, -191.454238892, -49.7887954712, -137.11088562, 67.509552002, -26.6079216003, -89.2601470947], [-1341.09509277, 1385.95959473, 752.342346191, -1055.22265625, -148.666595459, -246.658798218, 83.6007919312, -79.5832138062, 109.205711365, 21.4428958893, 97.7972640991, -68.5128860474, 58.408164978], [-2812.88012695, 752.342346191, 2128.63037109, -165.492004395, -437.555633545, 161.438262939, 118.401702881, 245.347503662, -3.36313056946, 164.285369873, -52.2018737793, 11.1673641205, -18.5731372833], [1002.79882812, -1055.22265625, -165.492004395, 1346.62927246, 39.2292404175, 254.539413452, -10.2546854019, 164.825546265, -80.2006225586, -29.5651245117, -156.405426025, 50.0722770691, -74.3773574829], [141.088760376, -148.666595459, -437.555633545, 39.2292404175, 326.162445068, 35.2730445862, -57.2018661499, -48.4010620117, -14.2589702606, -40.310256958, -40.4339408875, 6.6604347229, -11.2967557907], [-181.403930664, -246.658798218, 161.438262939, 254.539413452, 35.2730445862, 279.944458008, -3.24805998802, 64.6604766846, -80.1866378784, 13.0137605667, -62.270275116, 7.22380590439, -24.7895889282], [-136.068359375, 83.6007919312, 118.401702881, -10.2546854019, -57.2018661499, -3.24805998802, 113.41343689, 36.8423233032, 13.3451480865, -14.8955974579, 3.39368891716, 6.48906373978, 7.82403850555], [-191.454238892, -79.5832138062, 245.347503662, 164.825546265, -48.4010620117, 64.6604766846, 36.8423233032, 144.97984314, 19.5807914734, 13.1272611618, -45.2301559448, 4.20840597153, -9.88749408722], [-49.7887954712, 109.205711365, -3.36313056946, -80.2006225586, -14.2589702606, -80.1866378784, 13.3451480865, 19.5807914734, 101.070976257, 16.6756668091, 22.9469566345, -12.9323453903, 6.82859325409], [-137.11088562, 21.4428958893, 164.285369873, -29.5651245117, -40.310256958, 13.0137605667, -14.8955974579, 13.1272611618, 16.6756668091, 89.714805603, 36.436252594, 9.07580947876, -15.6476240158], [67.509552002, 97.7972640991, -52.2018737793, -156.405426025, -40.4339408875, -62.270275116, 3.39368891716, -45.2301559448, 22.9469566345, 36.436252594, 108.978530884, 17.5739173889, 17.6497497559], [-26.6079216003, -68.5128860474, 11.1673641205, 50.0722770691, 6.6604347229, 7.22380590439, 6.48906373978, 4.20840597153, -12.9323453903, 9.07580947876, 17.5739173889, 64.0456619263, 11.1453027725], [-89.2601470947, 58.408164978, -18.5731372833, -74.3773574829, -11.2967557907, -24.7895889282, 7.82403850555, -9.88749408722, 6.82859325409, -15.6476240158, 17.6497497559, 11.1453027725, 58.933303833]],
        "icov": [[0.000290241936455, -0.00043798412662, 0.000749890692532, -0.000357287091902, 0.00067882129224, -3.61257843906e-05, 0.000185076991329, -0.000456935318653, 0.000498457462527, -0.000588454888202, 0.000144650199218, -0.000188783975318, 0.000451169529697], [-0.00043798412662, 0.00505407853052, -0.0033492424991, 0.00282498891465, -0.00233114161529, 0.00166333687957, -0.0018665647367, 0.00302758091129, -0.00271767750382, 0.00373931415379, -0.00143397704232, 0.00313555286266, -0.00100986019243], [0.000749890692532, -0.0033492424991, 0.00423400942236, -0.00152843992691, 0.00374248367734, -0.00136669329368, 0.00081052799942, -0.00349657726474, 0.00267153303139, -0.00490794423968, 0.00279503059573, -0.00267144083045, 0.00136428955011], [-0.000357287091902, 0.00282498891465, -0.00152843992691, 0.00308734690771, -0.000731277337763, 5.08806333528e-05, -0.000740537478123, 0.000387950742152, -0.00146401789971, 0.00212826882489, 0.000837540195789, -8.85549452505e-05, 0.000619023339823], [0.00067882129224, -0.00233114161529, 0.00374248367734, -0.000731277337763, 0.00785047281533, -0.00242393487133, 0.00243209279142, -0.000941229111049, 3.01198542729e-05, -0.00198910501786, 0.00442655524239, -0.00439461646602, 0.00257326848805], [-3.61257843906e-05, 0.00166333687957, -0.00136669329368, 5.08806333528e-05, -0.00242393487133, 0.00781536474824, -0.00125332607422, -0.00157104479149, 0.00521527649835, -0.00156719202641, -6.24990025244e-06, 0.00300247152336, -0.000930475536734], [0.000185076991329, -0.0018665647367, 0.00081052799942, -0.000740537478123, 0.00243209279142, -0.00125332607422, 0.012800947763, -0.00393540132791, -0.000824331655167, 0.00454998388886, -0.00204966333695, -0.0031495760195, 0.00154345470946], [-0.000456935318653, 0.00302758091129, -0.00349657726474, 0.000387950742152, -0.000941229111049, -0.00157104479149, -0.00393540132791, 0.0169000346214, -0.00841583497822, 0.00148958794307, 0.00383460382, 0.000236300125835, -0.00161088036839], [0.000498457462527, -0.00271767750382, 0.00267153303139, -0.00146401789971, 3.01198542729e-05, 0.00521527649835, -0.000824331655167, -0.00841583497822, 0.019948348403, -0.00738265505061, -0.00129026186187, 0.00366768473759, -0.00123912992422], [-0.000588454888202, 0.00373931415379, -0.00490794423968, 0.00212826882489, -0.00198910501786, -0.00156719202641, 0.00454998388886, 0.00148958794307, -0.00738265505061, 0.0261858738959, -0.0116402572021, -0.000368284061551, 0.00651122024283], [0.000144650199218, -0.00143397704232, 0.00279503059573, 0.000837540195789, 0.00442655524239, -6.24990025244e-06, -0.00204966333695, 0.00383460382, -0.00129026186187, -0.0116402572021, 0.0220014061779, -0.00727838091552, -0.00281428708695], [-0.000188783975318, 0.00313555286266, -0.00267144083045, -8.85549452505e-05, -0.00439461646602, 0.00300247152336, -0.0031495760195, 0.000236300125835, 0.00366768473759, -0.000368284061551, -0.00727838091552, 0.0237329900265, -0.00630017276853], [0.000451169529697, -0.00100986019243, 0.00136428955011, 0.000619023339823, 0.00257326848805, -0.000930475536734, 0.00154345470946, -0.00161088036839, -0.00123912992422, 0.00651122024283, -0.00281428708695, -0.00630017276853, 0.0233971495181]]
    },
    "melbands": {
        "dmean": [3.12961856253e-05, 0.000104157748865, 0.000120817363495, 5.62300992897e-05, 6.24753665761e-05, 0.000110063534521, 7.61230912758e-05, 7.67810124671e-05, 0.00011418190843, 4.97255459777e-05, 0.000125701757497, 5.6085158576e-05, 9.43350241869e-05, 0.000115350252599, 8.38765481603e-05, 3.47571440216e-05, 8.79820508999e-05, 2.12559389183e-05, 2.09905883821e-05, 1.86142333405e-05, 8.65701531438e-06, 6.92999401508e-06, 6.57084456179e-06, 2.34757249018e-06, 3.35654726769e-06, 1.99424812308e-06, 7.76575348027e-07, 5.56715804123e-07, 3.70589361864e-07, 1.60806052918e-07, 7.21416668625e-08, 8.01310164888e-08, 5.00814536508e-08, 2.60244483741e-08, 1.32944375508e-08, 8.37573388424e-09, 8.07087996435e-09, 4.57308502178e-09, 4.63846294707e-09, 2.92782043054e-09],
        "dmean2": [5.38814165338e-05, 0.000179351176484, 0.000205662872759, 9.17513607419e-05, 9.51602414716e-05, 0.000155751797138, 9.68399617705e-05, 8.81277519511e-05, 0.000120714445075, 6.24610474915e-05, 0.000132753557409, 7.98198889242e-05, 0.000141289739986, 0.000138692106702, 0.000110657114419, 4.63303549623e-05, 0.000114021146146, 2.92715831165e-05, 2.95211593766e-05, 2.72928464256e-05, 1.30368043756e-05, 1.03673637568e-05, 9.94459969661e-06, 3.70526322513e-06, 5.41345389138e-06, 3.08687913275e-06, 1.20675088056e-06, 8.58042824348e-07, 5.79316633775e-07, 2.57984709151e-07, 1.1448546644e-07, 1.28999118942e-07, 7.9736373948e-08, 4.28000355157e-08, 2.11799502381e-08, 1.32218644922e-08, 1.25808146123e-08, 7.21582837926e-09, 7.20678272614e-09, 4.61170612809e-09],
        "dvar": [8.56884696532e-09, 1.84027797445e-07, 3.53834224143e-07, 2.8510848793e-08, 1.1509471598e-08, 3.28789084847e-08, 1.57877177998e-08, 2.33720260923e-08, 4.9399524471e-08, 5.8155946725e-09, 4.10413463214e-08, 1.74187313462e-08, 7.67011343328e-08, 4.50490560411e-08, 2.12712034653e-08, 3.80437281677e-09, 3.88024439246e-08, 1.50972279123e-09, 1.53492984989e-09, 1.83206128046e-09, 3.3904448693e-10, 2.34985086944e-10, 2.97825653028e-10, 2.91381987982e-11, 7.51235323948e-11, 2.44715307046e-11, 3.63713096099e-12, 1.86177917701e-12, 1.06866403747e-12, 1.59449195384e-13, 3.99177930565e-14, 4.06952236124e-14, 2.57457290621e-14, 7.54390158604e-15, 2.45465192972e-15, 1.12579826646e-15, 8.11869750878e-16, 4.81828709875e-16, 5.52815047174e-16, 2.23773160942e-16],
        "dvar2": [2.32420305224e-08, 5.23902485838e-07, 9.76463411462e-07, 6.94864539241e-08, 2.92555757397e-08, 9.02314098994e-08, 2.65167372504e-08, 2.83920496003e-08, 4.56613804545e-08, 9.92911797226e-09, 4.90645497564e-08, 4.38226948063e-08, 1.70204117467e-07, 6.2297402792e-08, 4.42148788693e-08, 6.75132616479e-09, 7.28935845018e-08, 2.99228153366e-09, 3.21343951448e-09, 4.5974446472e-09, 8.03243027647e-10, 5.59611801343e-10, 8.26846036084e-10, 8.16473486043e-11, 2.10629472197e-10, 6.29455654266e-11, 8.4125380273e-12, 4.3517576695e-12, 2.54165178487e-12, 4.02414592534e-13, 9.89540751856e-14, 1.13065413694e-13, 6.38502854647e-14, 1.88161660732e-14, 6.42400290406e-15, 2.79128315175e-15, 1.84606553338e-15, 1.0809382369e-15, 1.27846812015e-15, 5.18126453945e-16],
        "max": [0.00137627893128, 0.00582021987066, 0.00982369296253, 0.00253433268517, 0.00189164327458, 0.00277283624746, 0.00387782906182, 0.00419704522938, 0.0105140442029, 0.00187523080967, 0.00600700080395, 0.00187017628923, 0.00447733188048, 0.00461002858356, 0.00269745872356, 0.00110013852827, 0.00362494611181, 0.000732360291295, 0.000765539880376, 0.000891396135557, 0.000282809865894, 0.000244908384047, 0.000319593673339, 9.97636452666e-05, 0.00014225965424, 6.59415818518e-05, 2.56377788901e-05, 2.21663340199e-05, 1.95500997506e-05, 4.89582771479e-06, 3.19012747241e-06, 3.72719546249e-06, 4.52425729236e-06, 2.04899629352e-06, 1.42908231737e-06, 9.0973838951e-07, 6.14432451584e-07, 4.4295128987e-07, 3.88078376545e-07, 2.54520017506e-07],
        "mean": [3.9669121179e-05, 0.000125508522615, 0.000147380778799, 0.000115407427074, 0.000216748201638, 0.000421977078076, 0.000323225656757, 0.000282823602902, 0.000511241611093, 0.000175182416569, 0.000427298713475, 0.000153555680299, 0.0001788760419, 0.000336755765602, 0.000225235766266, 9.11248062039e-05, 0.000212177241337, 5.70816118852e-05, 5.8488749346e-05, 4.37599192082e-05, 1.92885399883e-05, 1.67518610397e-05, 1.21284529087e-05, 5.52020082978e-06, 5.93476988797e-06, 3.20605886373e-06, 1.7619852315e-06, 1.21057007618e-06, 7.34761101739e-07, 2.8425210985e-07, 1.41776368423e-07, 1.62806088611e-07, 9.80418590757e-08, 4.89009686078e-08, 2.49529854557e-08, 1.42375542467e-08, 1.51316577046e-08, 7.37414129759e-09, 6.60777921269e-09, 3.69292996183e-09],
        "median": [9.63786987995e-06, 2.54175956798e-05, 4.59440889244e-05, 5.87174581597e-05, 0.000132114088046, 0.000261385313934, 0.000172336833202, 0.000153149070684, 0.000196135806618, 0.000100966994069, 0.000179229638889, 6.18633566773e-05, 4.81686693092e-05, 6.80808298057e-05, 7.8357217717e-05, 3.32398849423e-05, 3.17694575642e-05, 1.2011918443e-05, 8.51203003549e-06, 4.53300935987e-06, 1.41256271036e-06, 9.74162389866e-07, 6.656144933e-07, 3.23883114106e-07, 1.78685297669e-07, 9.50852836468e-08, 4.97312662162e-08, 2.6868512748e-08, 2.00495211544e-08, 1.32567921085e-08, 8.57445048297e-09, 5.68551916658e-09, 3.85714127304e-09, 2.54184207016e-09, 1.55886403785e-09, 9.98602422975e-10, 7.48817341467e-10, 5.35145316949e-10, 4.69997929464e-10, 2.82093154391e-10],
        "min": [5.13004135274e-24, 2.35003730481e-23, 1.04360633739e-23, 2.36380355869e-24, 1.39857564039e-24, 7.75067672293e-24, 1.38105484247e-23, 5.06505459694e-24, 4.3003119306e-24, 4.4254852236e-24, 1.00652119738e-23, 1.70620753038e-23, 7.35528386002e-24, 8.73253639292e-24, 8.30693804594e-24, 3.55152318722e-24, 6.84583038768e-24, 8.44327766505e-24, 9.71950867043e-24, 1.64077104498e-23, 1.72684586715e-23, 1.38291213658e-23, 5.32723212436e-24, 9.40595775985e-24, 8.77038988346e-24, 1.69604668638e-23, 7.91372243913e-24, 7.18782998908e-24, 8.99258754577e-24, 1.00281899426e-23, 9.36016675089e-24, 6.76660982013e-24, 6.46162712227e-24, 1.13441385169e-23, 1.22408012091e-23, 7.68044206996e-24, 1.29703815839e-23, 8.04495418388e-24, 9.34296484999e-24, 1.13717888805e-23],
        "stdev": [9.3688700872e-05, 0.000421196891693, 0.000540332053788, 0.000199367801542, 0.000266461429419, 0.000492675520945, 0.000436701258877, 0.000419100135332, 0.000889306887984, 0.000204346564715, 0.000637276098132, 0.000242757960223, 0.000388916203519, 0.000604419619776, 0.000343254767358, 0.000153401706484, 0.000446411082521, 9.50076137087e-05, 9.59717508522e-05, 7.96885506134e-05, 3.41914710589e-05, 3.10516807076e-05, 2.49342065217e-05, 9.61744626693e-06, 1.35190121e-05, 7.25898917153e-06, 3.60475564776e-06, 2.60996534962e-06, 1.89042498278e-06, 5.84087388233e-07, 3.08534453097e-07, 3.84164366096e-07, 2.72603585927e-07, 1.27665416016e-07, 6.35422878759e-08, 4.27346584786e-08, 3.94833179485e-08, 2.64675250605e-08, 2.67310706903e-08, 1.63840603307e-08],
