{
"lowlevel": {
    "average_loudness": 0.736045300961,
    "barkbands_crest": {
        "dmean": 2.61092567444,
        "dmean2": 4.23514842987,
        "dvar": 6.12804174423,
        "dvar2": 14.9636077881,
        "max": 25.0581874847,
        "mean": 11.2064371109,
        "median": 10.505657196,
        "min": 2.73760914803,
        "stdev": 4.26100063324,
        "var": 18.1561279297
    },
    "barkbands_flatness_db": {
        "dmean": 0.0261143147945,
        "dmean2": 0.0381870605052,
        "dvar": 0.000980527373031,
        "dvar2": 0.00188126985449,
        "max": 0.455684304237,
        "mean": 0.223248898983,
        "median": 0.216870635748,
        "min": 0.0604883804917,
        "stdev": 0.0789062678814,
        "var": 0.00622619967908
    },
    "barkbands_kurtosis": {
        "dmean": 3.35423278809,
        "dmean2": 5.09895658493,
        "dvar": 58.6505737305,
        "dvar2": 144.702194214,
        "max": 110.610115051,
        "mean": 4.53633785248,
        "median": 2.1563410759,
        "min": -1.82444298267,
        "stdev": 8.85596179962,
        "var": 78.428062439
    },
    "barkbands_skewness": {
        "dmean": 0.526097178459,
        "dmean2": 0.771903276443,
        "dvar": 0.372320860624,
        "dvar2": 0.803690493107,
        "max": 9.40700340271,
        "mean": 1.3180077076,
        "median": 1.2238805294,
        "min": -1.76663982868,
        "stdev": 1.19690155983,
        "var": 1.43257343769
    },
    "barkbands_spread": {
        "dmean": 4.78448915482,
        "dmean2": 7.07719278336,
        "dvar": 71.3780593872,
        "dvar2": 149.369171143,
        "max": 86.7075500488,
        "mean": 14.4948530197,
        "median": 10.4849061966,
        "min": 0.669184863567,
        "stdev": 12.7465076447,
        "var": 162.473449707
    },
    "dissonance": {
        "dmean": 0.037560198456,
        "dmean2": 0.0611171610653,
        "dvar": 0.00135015614796,
        "dvar2": 0.00343218748458,
        "max": 0.499110996723,
        "mean": 0.408172249794,
        "median": 0.426197886467,
        "min": 0.175079032779,
        "stdev": 0.0688209682703,
        "var": 0.0047363252379
    },
    "dynamic_complexity": 4.59709310532,
    "erbbands_crest": {
        "dmean": 2.94149446487,
        "dmean2": 4.49816703796,
        "dvar": 7.78952217102,
        "dvar2": 15.76841259,
        "max": 30.8307571411,
        "mean": 12.907749176,
        "median": 12.0036067963,
        "min": 2.88636064529,
        "stdev": 5.86063575745,
        "var": 34.3470497131
    },
    "erbbands_flatness_db": {
        "dmean": 0.0218113549054,
        "dmean2": 0.0289859380573,
        "dvar": 0.000624860462267,
        "dvar2": 0.00104176800232,
        "max": 0.433157593012,
        "mean": 0.241532862186,
        "median": 0.241237163544,
        "min": 0.0903265029192,
        "stdev": 0.0703674033284,
        "var": 0.00495157111436
    },
    "erbbands_kurtosis": {
        "dmean": 1.61692929268,
        "dmean2": 2.43495774269,
        "dvar": 10.3530464172,
        "dvar2": 23.9876804352,
        "max": 94.720123291,
        "mean": 1.70286118984,
        "median": 0.620773553848,
        "min": -1.85799086094,
        "stdev": 4.0613527298,
        "var": 16.4945869446
    },
    "erbbands_skewness": {
        "dmean": 0.447383701801,
        "dmean2": 0.654166400433,
        "dvar": 0.204488828778,
        "dvar2": 0.454594910145,
        "max": 6.97078514099,
        "mean": 0.687165617943,
        "median": 0.60612654686,
        "min": -2.36784482002,
        "stdev": 0.928189277649,
        "var": 0.861535310745
    },
    "erbbands_spread": {
        "dmean": 7.91501522064,
        "dmean2": 11.0871763229,
        "dvar": 145.062911987,
        "dvar2": 259.406433105,
        "max": 183.421676636,
        "mean": 28.9786605835,
        "median": 18.8790855408,
        "min": 1.87161374092,
        "stdev": 27.4020023346,
        "var": 750.869689941
    },
    "hfc": {
        "dmean": 6.28901576996,
        "dmean2": 8.94133281708,
        "dvar": 205.862304688,
        "dvar2": 444.335968018,
        "max": 131.703720093,
        "mean": 14.7746868134,
        "median": 7.47074317932,
        "min": 0.157352134585,
        "stdev": 20.0580978394,
        "var": 402.327301025
    },
    "loudness_ebu128": {
        "integrated": -18.8504066467,
        "loudness_range": 9.82754325867,
        "momentary": {
            "dmean": 0.768602728844,
            "dmean2": 0.702073872089,
            "dvar": 0.549119591713,
            "dvar2": 0.583042621613,
            "max": -14.5239610672,
            "mean": -20.9534358978,
            "median": -19.0487289429,
            "min": -36.5138626099,
            "stdev": 4.71635007858,
            "var": 22.2439594269
        },
        "short_term": {
            "dmean": 0.130149245262,
            "dmean2": 0.110240936279,
            "dvar": 0.0192627198994,
            "dvar2": 0.0110128251836,
            "max": -16.4702625275,
            "mean": -20.3537578583,
            "median": -17.9644088745,
            "min": -28.1731472015,
            "stdev": 3.89153218269,
            "var": 15.1440219879
        }
    },
    "melbands_crest": {
        "dmean": 3.31749296188,
        "dmean2": 5.30494832993,
        "dvar": 9.62748336792,
        "dvar2": 23.8019428253,
        "max": 31.5683059692,
        "mean": 15.3683643341,
        "median": 14.6312999725,
        "min": 3.01973581314,
        "stdev": 5.62969112396,
        "var": 31.6934242249
    },
    "melbands_flatness_db": {
        "dmean": 0.0321332477033,
        "dmean2": 0.0449925586581,
        "dvar": 0.00168881006539,
        "dvar2": 0.00318314903416,
        "max": 0.562910616398,
        "mean": 0.281101584435,
        "median": 0.26711589098,
        "min": 0.0407841913402,
        "stdev": 0.108861140907,
        "var": 0.0118507472798
    },
    "melbands_kurtosis": {
        "dmean": 7.46491718292,
        "dmean2": 11.450676918,
        "dvar": 377.463623047,
        "dvar2": 920.305175781,
        "max": 367.286071777,
        "mean": 12.7118291855,
        "median": 5.54450798035,
        "min": -1.59791886806,
        "stdev": 25.8810310364,
        "var": 669.827758789
    },
    "melbands_skewness": {
        "dmean": 0.6720739007,
        "dmean2": 1.0057387352,
        "dvar": 0.771644592285,
        "dvar2": 1.61525321007,
        "max": 14.1647071838,
        "mean": 2.06259536743,
        "median": 1.74716198444,
        "min": -1.44368469715,
        "stdev": 1.931630373,
        "var": 3.73119592667
    },
    "melbands_spread": {
        "dmean": 5.02932453156,
        "dmean2": 7.76920843124,
        "dvar": 65.8835983276,
        "dvar2": 155.691223145,
        "max": 103.034263611,
        "mean": 16.3875331879,
        "median": 12.7472162247,
        "min": 0.642517268658,
        "stdev": 12.5177021027,
        "var": 156.692871094
    },
    "pitch_salience": {
        "dmean": 0.06912368536,
        "dmean2": 0.113172933459,
        "dvar": 0.00437169149518,
        "dvar2": 0.0110421432182,
        "max": 0.874525427818,
        "mean": 0.503435134888,
        "median": 0.505856513977,
        "min": 0.151393845677,
        "stdev": 0.105230748653,
        "var": 0.0110735110939
    },
    "silence_rate_20dB": {
        "dmean": 0,
        "dmean2": 0,
        "dvar": 0,
        "dvar2": 0,
        "max": 1,
        "mean": 1,
        "median": 1,
        "min": 1,
        "stdev": 0,
        "var": 0
    },
    "silence_rate_30dB": {
        "dmean": 0.0340557284653,
        "dmean2": 0.0681466162205,
        "dvar": 0.032895822078,
        "dvar2": 0.066599920392,
        "max": 1,
        "mean": 0.964414656162,
        "median": 1,
        "min": 0,
        "stdev": 0.185254365206,
        "var": 0.0343191809952
    },
    "silence_rate_60dB": {
        "dmean": 0.0345717221498,
        "dmean2": 0.0686628818512,
        "dvar": 0.0333763174713,
        "dvar2": 0.0742737427354,
        "max": 1,
        "mean": 0.238267153502,
        "median": 0,
        "min": 0,
        "stdev": 0.42602160573,
        "var": 0.181494399905
    },
    "spectral_centroid": {
        "dmean": 198.541610718,
        "dmean2": 297.764129639,
        "dvar": 123717.0625,
        "dvar2": 266111.03125,
        "max": 3835.97607422,
        "mean": 1008.00415039,
        "median": 767.774353027,
        "min": 189.479370117,
        "stdev": 641.039978027,
        "var": 410932.25
    },
    "spectral_complexity": {
        "dmean": 2.76264190674,
        "dmean2": 4.12700033188,
        "dvar": 21.9775505066,
        "dvar2": 41.8053779602,
        "max": 65,
        "mean": 11.0041255951,
        "median": 9,
        "min": 0,
        "stdev": 9.06830787659,
        "var": 82.2341995239
    },
    "spectral_decrease": {
        "dmean": 2.87404633426e-09,
        "dmean2": 4.37366320938e-09,
        "dvar": 4.21485579787e-17,
        "dvar2": 1.00488157362e-16,
        "max": -4.34693288309e-11,
        "mean": -7.08038516706e-09,
        "median": -4.77067718663e-09,
        "min": -9.19220823903e-08,
        "stdev": 8.71261729429e-09,
        "var": 7.59096964521e-17
    },
    "spectral_energy": {
        "dmean": 0.0112517848611,
        "dmean2": 0.0170376058668,
        "dvar": 0.000618479039986,
        "dvar2": 0.0014683828922,
        "max": 0.350438058376,
        "mean": 0.0280630625784,
        "median": 0.0191419888288,
        "min": 0.000180992981768,
        "stdev": 0.0339198298752,
        "var": 0.00115055497736
    },
    "spectral_energyband_high": {
        "dmean": 0.00057828379795,
        "dmean2": 0.000840481428895,
        "dvar": 3.63296589967e-06,
        "dvar2": 8.17015825305e-06,
        "max": 0.0194252245128,
        "mean": 0.000775843102019,
        "median": 2.77396466117e-05,
        "min": 5.49231238267e-08,
        "stdev": 0.00213384744711,
        "var": 4.55330473415e-06
    },
    "spectral_energyband_low": {
        "dmean": 0.00832144357264,
        "dmean2": 0.0135379675776,
        "dvar": 0.000561131048016,
        "dvar2": 0.00142243981827,
        "max": 0.321910202503,
        "mean": 0.0121617158875,
        "median": 0.00229608500376,
        "min": 4.58459794572e-07,
        "stdev": 0.025923172012,
        "var": 0.00067201082129
    },
    "spectral_energyband_middle_high": {
        "dmean": 0.00146149995271,
        "dmean2": 0.00213791849092,
        "dvar": 9.07788489712e-06,
        "dvar2": 1.64988741744e-05,
        "max": 0.0469266399741,
        "mean": 0.00370779680088,
        "median": 0.00141188863199,
        "min": 5.71632699575e-06,
        "stdev": 0.00570938689634,
        "var": 3.25971013808e-05
    },
    "spectral_energyband_middle_low": {
        "dmean": 0.00446492806077,
        "dmean2": 0.00714219501242,
        "dvar": 9.09790833248e-05,
        "dvar2": 0.000234879029449,
        "max": 0.121036700904,
        "mean": 0.0119937350973,
        "median": 0.00736289191991,
        "min": 5.17958033015e-05,
        "stdev": 0.0139577081427,
        "var": 0.000194817606825
    },
    "spectral_entropy": {
        "dmean": 0.237448871136,
        "dmean2": 0.323769599199,
        "dvar": 0.105107314885,
        "dvar2": 0.177397698164,
        "max": 8.36485671997,
        "mean": 6.75953578949,
        "median": 6.82729482651,
        "min": 4.45563220978,
        "stdev": 0.79801774025,
        "var": 0.636832356453
    },
    "spectral_flux": {
        "dmean": 0.0264667924494,
        "dmean2": 0.0408894270658,
        "dvar": 0.00138626398984,
        "dvar2": 0.00304959597997,
        "max": 0.478460907936,
        "mean": 0.070356272161,
        "median": 0.0485803447664,
        "min": 0.0053580198437,
        "stdev": 0.0664011910558,
        "var": 0.00440911808982
    },
    "spectral_kurtosis": {
        "dmean": 7.56680059433,
        "dmean2": 12.2446107864,
        "dvar": 122.737815857,
        "dvar2": 294.451416016,
        "max": 141.424133301,
        "mean": 16.3482704163,
        "median": 7.99485397339,
        "min": -0.956916332245,
        "stdev": 20.105764389,
        "var": 404.241790771
    },
    "spectral_rms": {
        "dmean": 0.000804453156888,
        "dmean2": 0.00117631582543,
        "dvar": 1.55939153501e-06,
        "dvar2": 3.43395299751e-06,
        "max": 0.0184902884066,
        "mean": 0.00442436244339,
        "median": 0.00432147085667,
        "min": 0.000420212483732,
        "stdev": 0.00279349903576,
        "var": 7.80363643571e-06
    },
    "spectral_rolloff": {
        "dmean": 378.653961182,
        "dmean2": 657.625671387,
        "dvar": 817177.75,
        "dvar2": 1886335,
        "max": 8785.546875,
        "mean": 1148.86706543,
        "median": 839.794921875,
        "min": 64.599609375,
        "stdev": 1085.55651855,
        "var": 1178433
    },
    "spectral_skewness": {
        "dmean": 0.62346714735,
        "dmean2": 0.965614318848,
        "dvar": 0.613759994507,
        "dvar2": 1.36180281639,
        "max": 9.8931350708,
        "mean": 2.56778240204,
        "median": 2.06322550774,
        "min": 0.256031185389,
        "stdev": 1.66349029541,
        "var": 2.76719999313
    },
    "spectral_spread": {
        "dmean": 597821.4375,
        "dmean2": 788619.9375,
        "dvar": 632508448768,
        "dvar2": 1.06513137664e+12,
        "max": 13747434,
        "mean": 3383891.75,
        "median": 2693742.5,
        "min": 586712.6875,
        "stdev": 2200306.25,
        "var": 4.84134721946e+12
    },
    "spectral_strongpeak": {
        "dmean": 0.376261711121,
        "dmean2": 0.623906433582,
        "dvar": 0.296440720558,
        "dvar2": 0.699684917927,
        "max": 6.95203351974,
        "mean": 0.977956712246,
        "median": 0.662679672241,
        "min": 0,
        "stdev": 0.97758346796,
        "var": 0.955669403076
    },
    "zerocrossingrate": {
        "dmean": 0.00862428639084,
        "dmean2": 0.00955564156175,
        "dvar": 0.000138317831443,
        "dvar2": 0.000164469136507,
        "max": 0.23974609375,
        "mean": 0.0473804064095,
        "median": 0.04443359375,
        "min": 0.0048828125,
        "stdev": 0.0293422359973,
        "var": 0.000860966858454
    },
    "barkbands": {
        "dmean": [0.00123339262791, 0.00602213246748, 0.0025316006504, 0.00154426018707, 0.001717027626, 0.000866839603987, 0.00128859165125, 0.000201567047043, 0.00026517934748, 0.000956996751484, 0.000154975408805, 0.000210773490835, 0.000167905542185, 7.7714692452e-05, 0.000107615465822, 9.20043530641e-05, 8.9302957349e-05, 0.000105017425085, 8.37212064653e-05, 0.000108340434963, 0.000142496282933, 0.000167040285305, 0.000101362755231, 0.000106478895759, 4.74179323646e-05, 2.08737264984e-06, 4.67246641378e-09],
        "dmean2": [0.00207105325535, 0.0101328417659, 0.00427894107997, 0.00282725691795, 0.00271954992786, 0.00135350949131, 0.00195104861632, 0.000302395143081, 0.000393209629692, 0.00134765310213, 0.000241767178522, 0.000317037978675, 0.000254212529399, 0.000123145058751, 0.000172165746335, 0.000150612802827, 0.000142774631968, 0.000183980519068, 0.000141464130138, 0.000176537563675, 0.000224818664719, 0.000248358235694, 0.000147452956298, 0.000152272143168, 7.46727746446e-05, 3.32560489369e-06, 7.95009569288e-09],
        "dvar": [6.89557646183e-06, 0.000332110532327, 7.48280363041e-05, 2.89018807962e-05, 1.62953238032e-05, 4.0798304326e-06, 7.48125876271e-06, 7.07803906153e-07, 2.22457842369e-07, 5.07586992171e-06, 1.62017570915e-07, 2.30201223417e-07, 1.38504844927e-07, 5.81401558009e-08, 1.31866286779e-07, 1.10864498026e-07, 1.29027981188e-07, 1.92562893631e-07, 8.68279457222e-08, 1.23646387351e-07, 2.54619578755e-07, 4.34808811178e-07, 1.3946839772e-07, 1.34074895186e-07, 3.40847492453e-08, 1.05283906593e-10, 5.81263442801e-16],
        "dvar2": [1.79056478373e-05, 0.000900591548998, 0.000203687435715, 8.61884691403e-05, 3.65717278328e-05, 9.16915905691e-06, 1.56136375153e-05, 1.20868185149e-06, 4.62206600105e-07, 9.44765997701e-06, 3.65154164683e-07, 5.12479687131e-07, 2.90946616133e-07, 1.39337146265e-07, 2.79186565422e-07, 2.46800624382e-07, 3.24453395706e-07, 5.78452613809e-07, 2.35662213299e-07, 3.26452777699e-07, 6.32351316199e-07, 1.02080753095e-06, 2.92798517876e-07, 2.88255137093e-07, 8.6095731433e-08, 2.60438726141e-10, 1.52136498217e-15],
        "max": [0.0318644158542, 0.240569978952, 0.130127280951, 0.0671408548951, 0.0473803244531, 0.024644754827, 0.048608828336, 0.0296088829637, 0.00812599714845, 0.0439300686121, 0.00502847740427, 0.00668803974986, 0.00422277674079, 0.00419203424826, 0.00495271477848, 0.00506937783211, 0.00668627303094, 0.0065398379229, 0.00372777553275, 0.00375512149185, 0.0054648607038, 0.00784478988498, 0.00379833392799, 0.00633903872222, 0.00319642783143, 0.000122158351587, 5.62062439258e-07],
        "mean": [0.00159016263206, 0.00706983404234, 0.00308174616657, 0.00172150554135, 0.00309838424437, 0.0020704139024, 0.00381321343593, 0.000566819449887, 0.0005488099996, 0.00207848963328, 0.000221872993279, 0.000356456032023, 0.000276413658867, 0.00010685336747, 0.000157431830303, 0.000119594486023, 0.000113392597996, 0.000121797631436, 0.000109515436634, 0.000133165041916, 0.000158519469551, 0.000190395949176, 0.000116327057185, 0.000175406676135, 6.4730309532e-05, 1.88175317817e-06, 5.83548320776e-09],
        "median": [1.59521969181e-05, 0.0014751914423, 0.000146745951497, 0.000257701147348, 0.000805740302894, 0.000685217266437, 0.000503960880451, 0.000100617922726, 0.000125789170852, 0.000286877591861, 7.4698276876e-05, 7.0398709795e-05, 6.57422715449e-05, 2.35104198509e-05, 2.9232534871e-05, 2.07598277484e-05, 1.77707133844e-05, 9.88161446003e-06, 7.6148289736e-06, 4.42356622443e-06, 5.44176964468e-06, 2.88956107397e-06, 2.407898819e-06, 1.30700152567e-06, 3.0952193697e-07, 3.20562385525e-08, 1.73603942333e-09],
        "min": [5.18190912402e-09, 2.74761653429e-08, 3.09908188001e-08, 1.05937143502e-08, 7.50856713694e-07, 9.33289570071e-08, 1.17294632673e-06, 8.24560402179e-07, 4.60493140508e-07, 3.08375933855e-06, 1.25370377191e-07, 1.62609012477e-07, 2.95041559184e-07, 1.26162888137e-07, 1.02277359915e-08, 7.42613748272e-09, 1.71277960703e-08, 6.43638120579e-09, 4.09159417458e-09, 2.87699220003e-09, 5.81569059577e-09, 6.70026345517e-09, 2.53349097257e-09, 3.89217813535e-09, 4.79574024936e-09, 7.97669874597e-10, 9.17786463148e-13],
        "stdev": [0.00311692943797, 0.017242314294, 0.00888239312917, 0.00472451467067, 0.00540147116408, 0.00337776308879, 0.00733274780214, 0.00248333136551, 0.00089087348897, 0.00443564727902, 0.000516592990607, 0.000688004307449, 0.000529426091816, 0.000268739153398, 0.000458581343992, 0.00039192152326, 0.000363863946404, 0.000450446503237, 0.000353578565409, 0.000394318369217, 0.000527345691808, 0.000685487408191, 0.00041209711344, 0.000576491642278, 0.000223908456974, 9.47517310124e-06, 2.50550211689e-08],
        "var": [9.71524968918e-06, 0.000297297403449, 7.8896911873e-05, 2.23210408876e-05, 2.91758915409e-05, 1.14092827062e-05, 5.37691885256e-05, 6.16693432676e-06, 7.93655601683e-07, 1.96749660972e-05, 2.66868312337e-07, 4.73349956565e-07, 2.80291999388e-07, 7.22207289527e-08, 2.10296846603e-07, 1.53602471187e-07, 1.32396962726e-07, 2.02902057822e-07, 1.25017791675e-07, 1.55486986841e-07, 2.78093466477e-07, 4.69893024047e-07, 1.69824019736e-07, 3.32342580123e-07, 5.01349965987e-08, 8.97789134702e-11, 6.27754063721e-16]
    },
    "erbbands": {
        "dmean": [0.196230143309, 1.33617138863, 3.01878356934, 3.77033162117, 5.88273286819, 4.6403875351, 10.0336046219, 5.35085964203, 19.3505191803, 10.4987726212, 3.74904727936, 7.48044252396, 22.3037567139, 19.6880073547, 5.86344718933, 7.44147634506, 7.35478401184, 4.22859191895, 4.9067940712, 5.33494472504, 4.56797027588, 5.08957862854, 5.39566850662, 4.61146783829, 4.5053358078, 5.13446950912, 5.78719472885, 5.5574426651, 6.4014673233, 4.77607917786, 2.50085520744, 2.18041801453, 1.73260319233, 0.613807439804, 0.220178067684, 0.0209910329431, 0.00265080668032, 0.000119675074529, 1.1516248378e-05, 1.36538210427e-05],
        "dmean2": [0.330107152462, 2.25456619263, 5.04220724106, 6.68508625031, 9.75120162964, 7.57422065735, 15.4796352386, 8.40333271027, 29.3289546967, 15.6594247818, 5.47097492218, 10.892449379, 30.7548179626, 28.2429618835, 9.04928779602, 11.2476091385, 11.2500133514, 6.67381286621, 7.44089603424, 8.97312641144, 7.29660177231, 8.25849628448, 9.45029830933, 7.92190408707, 7.51621723175, 8.48310565948, 8.97905731201, 8.81841087341, 9.47204113007, 6.90343999863, 3.62765073776, 3.23231983185, 2.52497148514, 0.904904186726, 0.354544460773, 0.0330026745796, 0.00424534967169, 0.000191256127437, 1.68655114976e-05, 2.04733023565e-05],
        "dvar": [0.382619410753, 16.409368515, 99.6776657104, 154.376403809, 302.250030518, 114.129066467, 949.636779785, 80.4918441772, 1551.23693848, 1196.65222168, 127.929748535, 168.935165405, 3146.72265625, 1949.13342285, 210.869430542, 266.961517334, 263.650360107, 176.226989746, 184.500244141, 482.550628662, 305.228393555, 433.281555176, 512.239013672, 306.47857666, 236.064147949, 290.90145874, 432.939361572, 382.046691895, 570.911865234, 386.68649292, 72.6547164917, 55.957157135, 41.4624938965, 4.6316576004, 0.866059422493, 0.00815439969301, 0.000154562585521, 2.51152243891e-07, 8.2648032862e-10, 8.13784373221e-10],
        "dvar2": [1.04850530624, 45.1614456177, 264.057647705, 443.947875977, 771.62689209, 278.179779053, 2053.79150391, 198.31463623, 3124.95239258, 2398.6550293, 245.643081665, 344.182891846, 5496.62548828, 3697.49462891, 495.282623291, 588.772827148, 581.106811523, 435.699249268, 366.531829834, 1100.47167969, 680.894897461, 1089.29919434, 1506.57348633, 886.115905762, 638.145324707, 780.528808594, 1057.4654541, 964.490600586, 1302.38818359, 877.282409668, 155.772369385, 128.365890503, 89.6083374023, 10.8652067184, 2.24786949158, 0.0199296064675, 0.000376339245122, 6.17428838723e-07, 1.86588433593e-09, 1.88321225281e-09],
        "max": [6.08577489853, 62.9917945862, 133.697784424, 149.000015259, 245.757919312, 115.800315857, 477.053283691, 123.283340454, 864.167175293, 715.146789551, 295.581817627, 226.797012329, 1117.15161133, 811.458618164, 193.484863281, 248.816390991, 189.682067871, 210.305969238, 182.612747192, 285.952178955, 289.680419922, 406.339019775, 390.86050415, 208.321075439, 232.099975586, 194.201965332, 238.115936279, 203.785385132, 283.973266602, 213.049484253, 87.8188934326, 107.627250671, 131.805541992, 41.7999420166, 19.687040329, 0.955798864365, 0.14426612854, 0.0067446376197, 0.0003010815999, 0.000381779915188],
        "mean": [0.205421537161, 1.57476830482, 3.7661678791, 4.7373509407, 7.5698633194, 8.3250541687, 24.1637058258, 14.3113269806, 61.8937721252, 20.8174819946, 9.96760177612, 16.4608478546, 43.8739814758, 42.002571106, 10.5304040909, 14.8511171341, 14.7635316849, 6.32968664169, 8.40973949432, 6.94385623932, 6.20582532883, 6.47498703003, 6.52431440353, 6.01154756546, 6.01787567139, 6.16949510574, 6.30233955383, 6.35322809219, 7.26851463318, 5.25335645676, 2.87557077408, 2.79636836052, 3.35010409355, 0.963327646255, 0.252315044403, 0.0203970316797, 0.00255128368735, 0.000137889292091, 2.35178558796e-05, 3.42409985024e-05],
        "median": [0.0244849994779, 0.363092422485, 0.437196224928, 0.662090361118, 1.48319482803, 2.19655656815, 2.81205391884, 7.46517181396, 8.99723339081, 3.98392605782, 2.87615132332, 5.50093793869, 10.370177269, 9.16115188599, 4.54075860977, 4.46765851974, 4.91922712326, 1.821829319, 2.62846970558, 1.47770154476, 1.05569434166, 0.985606074333, 0.711564362049, 0.387168318033, 0.396111369133, 0.250940769911, 0.186125636101, 0.188452959061, 0.119080729783, 0.0869605690241, 0.0804482847452, 0.0361734777689, 0.0190086886287, 0.00614629033953, 0.00115135672968, 0.000263027002802, 6.93805050105e-05, 1.16198334581e-05, 1.09281727418e-05, 2.24697705562e-05],
        "min": [3.04189575218e-06, 4.10134489357e-05, 0.000136400543852, 0.000439051364083, 0.000536774343345, 0.00312023214065, 0.00347656244412, 0.00653880368918, 0.0264958553016, 0.0285871885717, 0.116387411952, 0.0705338940024, 0.0580535270274, 0.0524717047811, 0.0221508014947, 0.0097498614341, 0.0176648013294, 0.00786334276199, 0.00442435732111, 0.000825908849947, 0.000423532270361, 0.000941934995353, 0.000513550359756, 0.000140752832522, 0.000241879257374, 0.000140187476063, 0.000239684290136, 0.000259108463069, 0.000224683404667, 0.000138882867759, 8.37894840515e-05, 6.73088579788e-05, 6.45732143312e-05, 4.43506032752e-05, 3.49334695784e-05, 1.99468540814e-05, 7.06882019585e-06, 1.82043356745e-06, 1.54177143941e-07, 2.2055263571e-07],
        "stdev": [0.557310581207, 3.81013870239, 10.1879758835, 11.9669437408, 18.6626796722, 14.5212249756, 50.9432792664, 18.1716022491, 123.819862366, 59.0605010986, 33.3869743347, 24.8238639832, 99.6109085083, 88.4783325195, 21.1506767273, 25.4137115479, 24.4987888336, 15.1038017273, 18.5088939667, 25.4033374786, 20.4331970215, 21.0067405701, 23.4682064056, 20.12733078, 18.3867053986, 18.6222515106, 21.6680793762, 20.347536087, 25.5090045929, 20.3906288147, 9.51876163483, 8.74223899841, 11.6189050674, 3.07615876198, 0.98934429884, 0.0854855328798, 0.0116759585217, 0.000490863574669, 3.71416863345e-05, 4.06978251704e-05],
        "var": [0.310595095158, 14.5171575546, 103.79486084, 143.207748413, 348.295623779, 210.865982056, 2595.2175293, 330.20715332, 15331.3583984, 3488.14282227, 1114.68994141, 616.224243164, 9922.33300781, 7828.41503906, 447.351135254, 645.856750488, 600.190673828, 228.124832153, 342.579162598, 645.329589844, 417.515563965, 441.28314209, 550.756713867, 405.109466553, 338.070922852, 346.788269043, 469.50567627, 414.022247314, 650.709350586, 415.777740479, 90.6068267822, 76.4267501831, 134.998947144, 9.46275234222, 0.978802144527, 0.00730777671561, 0.000136328002554, 2.40947059638e-07, 1.37950484369e-09, 1.65631297566e-09]
    },
    "gfcc": {
        "mean": [-89.706199646, 139.22428894, -128.155670166, 16.5084991455, -67.5342483521, 11.6391296387, -28.0621891022, -1.05476212502, -13.6690940857, -8.93127632141, -4.41512203217, -3.58876490593, 1.33052206039],
        "cov": [[6923.31103516, -1523.0802002, 1581.36987305, 1939.07507324, -675.903747559, 962.871948242, -387.15045166, 294.071258545, -269.300262451, 249.354156494, 231.069000244, -91.1187515259, 115.928535461], [-1523.0802002, 2408.35253906, 891.664245605, -826.994384766, 755.203063965, -376.278259277, 402.111480713, -330.11819458, 184.997711182, 41.6584014893, 267.440093994, 132.467849731, 122.515922546], [1581.36987305, 891.664245605, 2470.47558594, 380.394744873, 99.5873413086, 534.736877441, -48.0520820618, 165.644287109, -54.7008323669, 147.876342773, 328.801208496, -24.1888465881, 265.13394165], [1939.07507324, -826.994384766, 380.394744873, 1232.55932617, -250.867538452, 276.447265625, 7.99013566971, 89.5413665771, -55.2056083679, 14.1755819321, -65.9505844116, -11.0143699646, -38.8037910461], [-675.903747559, 755.203063965, 99.5873413086, -250.867538452, 462.711364746, -160.479049683, 153.779174805, -67.9562225342, 38.3856582642, 9.01673603058, 30.2624492645, 40.3627128601, 11.6397705078], [962.871948242, -376.278259277, 534.736877441, 276.447265625, -160.479049683, 485.857177734, -135.126358032, 169.903091431, -61.3759841919, 11.2502975464, 75.8078689575, -90.8735809326, 69.6457061768], [-387.15045166, 402.111480713, -48.0520820618, 7.99013566971, 153.779174805, -135.126358032, 321.229888916, -73.6230316162, 70.1895446777, -13.0894870758, -11.1643610001, 84.6237640381, -21.8502731323], [294.071258545, -330.11819458, 165.644287109, 89.5413665771, -67.9562225342, 169.903091431, -73.6230316162, 310.737854004, -35.2963180542, 4.1918091774, 1.30737614632, -90.1105957031, 45.1465377808], [-269.300262451, 184.997711182, -54.7008323669, -55.2056083679, 38.3856582642, -61.3759841919, 70.1895446777, -35.2963180542, 117.037513733, 7.3540353775, 1.77423787117, -2.27684235573, -4.7985033989], [249.354156494, 41.6584014893, 147.876342773, 14.1755819321, 9.01673603058, 11.2502975464, -13.0894870758, 4.1918091774, 7.3540353775, 125.118507385, 49.734539032, 23.0424213409, 18.1374397278], [231.069000244, 267.440093994, 328.801208496, -65.9505844116, 30.2624492645, 75.8078689575, -11.1643610001, 1.30737614632, 1.77423787117, 49.734539032, 189.876998901, 21.7973804474, 47.6714630127], [-91.1187515259, 132.467849731, -24.1888465881, -11.0143699646, 40.3627128601, -90.8735809326, 84.6237640381, -90.1105957031, -2.27684235573, 23.0424213409, 21.7973804474, 158.950485229, 25.1349754333], [115.928535461, 122.515922546, 265.13394165, -38.8037910461, 11.6397705078, 69.6457061768, -21.8502731323, 45.1465377808, -4.7985033989, 18.1374397278, 47.6714630127, 25.1349754333, 141.493057251]],
        "icov": [[0.000430176180089, -0.000105303399323, 3.19934806612e-05, -0.000638429599348, 0.000266766757704, -0.000274648569757, 0.000223162496695, 5.46845622011e-05, 0.000564210116863, -0.000646838278044, -0.000386113184504, 0.000162973621627, -0.000162866461324], [-0.000105303399323, 0.00714550586417, -0.00351548893377, 0.00326704070903, -0.005391147919, 0.00397051637992, -0.00440260441974, 0.00489381654188, -0.00379951461218, 0.00268304115161, -0.00424720859155, 0.00287633459084, -0.00192248087842], [3.19934806612e-05, -0.00351548893377, 0.00260523287579, -0.0018826329615, 0.00220617302693, -0.00253481953405, 0.00198627170175, -0.00226966827177, 0.00209865439683, -0.00177722517401, 0.00114782853052, -0.000977977295406, -0.000197175046196], [-0.000638429599348, 0.00326704070903, -0.0018826329615, 0.00358396186493, -0.00209326995537, 0.00147245125845, -0.0027249394916, 0.00196470855735, -0.00222152331844, 0.00179424253292, -0.000336702418281, 0.000514501181897, 0.000321287108818], [0.000266766757704, -0.005391147919, 0.00220617302693, -0.00209326995537, 0.00753001542762, -0.00212937826291, 0.00184367259499, -0.0034813946113, 0.00356991705485, -0.0024521923624, 0.00296246819198, -0.00144703488331, 0.00126000656746], [-0.000274648569757, 0.00397051637992, -0.00253481953405, 0.00147245125845, -0.00212937826291, 0.00693619344383, -0.00208317232318, 0.00169008760713, -0.00142162106931, 0.00244429544546, -0.00343216606416, 0.00322557869367, -0.00193742325064], [0.000223162496695, -0.00440260441974, 0.00198627170175, -0.0027249394916, 0.00184367259499, -0.00208317232318, 0.00836952682585, -0.00348574621603, -0.000659220910165, -0.000448390317615, 0.00266804615967, -0.00487695401534, 0.00244099576958], [5.46845622011e-05, 0.00489381654188, -0.00226966827177, 0.00196470855735, -0.0034813946113, 0.00169008760713, -0.00348574621603, 0.00826044753194, -0.00119137903675, 0.000897086807527, -0.00267630047165, 0.00487915752456, -0.00333039346151], [0.000564210116863, -0.00379951461218, 0.00209865439683, -0.00222152331844, 0.00356991705485, -0.00142162106931, -0.000659220910165, -0.00119137903675, 0.0141359940171, -0.00379971810617, 0.0010279645212, 0.00235489662737, -0.000827898154967], [-0.000646838278044, 0.00268304115161, -0.00177722517401, 0.00179424253292, -0.0024521923624, 0.00244429544546, -0.000448390317615, 0.000897086807527, -0.00379971810617, 0.0117423916236, -0.00285099213943, -0.00139008730184, 0.000245589821134], [-0.000386113184504, -0.00424720859155, 0.00114782853052, -0.000336702418281, 0.00296246819198, -0.00343216606416, 0.00266804615967, -0.00267630047165, 0.0010279645212, -0.00285099213943, 0.011421286501, -0.00358182867058, 0.00165094388649], [0.000162973621627, 0.00287633459084, -0.000977977295406, 0.000514501181897, -0.00144703488331, 0.00322557869367, -0.00487695401534, 0.00487915752456, 0.00235489662737, -0.00139008730184, -0.00358182867058, 0.0130090340972, -0.00527512142435], [-0.000162866461324, -0.00192248087842, -0.000197175046196, 0.000321287108818, 0.00126000656746, -0.00193742325064, 0.00244099576958, -0.00333039346151, -0.000827898154967, 0.000245589821134, 0.00165094388649, -0.00527512142435, 0.011934010312]]
    },
    "melbands": {
        "dmean": [0.0016812949907, 0.00152604270261, 0.000700405682437, 0.00036872641067, 0.000307943089865, 0.000147001250298, 0.000277719314909, 9.27664004848e-05, 2.67517680186e-05, 4.84327392769e-05, 0.000120536074974, 9.53755370574e-05, 1.99287642317e-05, 1.71385017893e-05, 2.30210498557e-05, 1.33283992909e-05, 7.5836724136e-06, 7.90627564129e-06, 7.44903263694e-06, 7.42967040424e-06, 5.1513593462e-06, 5.58530928174e-06, 4.76252944281e-06, 5.54545295017e-06, 3.62442438018e-06, 3.22386904372e-06, 3.55354131898e-06, 3.52811480298e-06, 3.20530716635e-06, 4.01893612434e-06, 3.22010782838e-06, 3.93999380321e-06, 2.90447928819e-06, 2.57670285464e-06, 1.47940045281e-06, 1.00037607353e-06, 1.6846008748e-06, 1.46733827933e-06, 9.1448373496e-07, 4.41417114416e-07],
        "dmean2": [0.00281663332134, 0.00255067460239, 0.00122068822384, 0.000589080387726, 0.000484244024847, 0.000225598239922, 0.000421095697675, 0.000138710718602, 3.98106058128e-05, 7.10001695552e-05, 0.000166248923051, 0.000135904716444, 3.13001110044e-05, 2.58498912444e-05, 3.44014770235e-05, 2.05979631573e-05, 1.2258174138e-05, 1.20902941489e-05, 1.199028884e-05, 1.23554946185e-05, 8.21607591206e-06, 9.05104479898e-06, 8.00940142653e-06, 1.0035937521e-05, 6.1380196712e-06, 5.50855384063e-06, 5.8293312577e-06, 5.91552088736e-06, 5.03386036144e-06, 6.31442708254e-06, 5.21621404914e-06, 5.884854545e-06, 4.32273191109e-06, 3.86010833608e-06, 2.14035958379e-06, 1.48371782416e-06, 2.55219583778e-06, 2.15518821278e-06, 1.39286794365e-06, 6.82510233219e-07],
        "dvar": [2.58369309449e-05, 2.22390281124e-05, 4.88438354296e-06, 8.7530457904e-07, 8.3180754018e-07, 6.91717261248e-08, 3.17716086329e-07, 1.01360775773e-07, 6.5074421407e-09, 7.90235787917e-09, 9.3519162192e-08, 4.53695427893e-08, 2.46153963879e-09, 2.3405790639e-09, 2.48660114721e-09, 1.05720399102e-09, 6.11406369977e-10, 4.76606532018e-10, 8.45762293533e-10, 7.68976660126e-10, 4.14191320131e-10, 5.17937359668e-10, 4.30084190484e-10, 5.82135950555e-10, 1.80329626231e-10, 1.34846078748e-10, 1.58261487249e-10, 1.33851235651e-10, 1.1110248832e-10, 2.38119246543e-10, 1.33306837791e-10, 2.3155410922e-10, 1.24265361889e-10, 1.17259951748e-10, 2.67275819532e-11, 1.08281751621e-11, 4.14588953446e-11, 3.35274794039e-11, 1.02406165145e-11, 2.64054967128e-12],
        "dvar2": [6.9573361543e-05, 5.88071598031e-05, 1.38475452331e-05, 1.98993507183e-06, 1.83598626791e-06, 1.59866630156e-07, 6.56857650938e-07, 1.94444780277e-07, 1.29177779584e-08, 1.6023159688e-08, 1.64988890106e-07, 8.64533973299e-08, 5.69166669351e-09, 5.18714449171e-09, 5.51807088911e-09, 2.35921349123e-09, 1.5452802371e-09, 9.89847537269e-10, 1.76581504974e-09, 1.8581757244e-09, 9.76763447902e-10, 1.33151012438e-09, 1.12934572805e-09, 1.83050374858e-09, 5.11155340277e-10, 3.6195352271e-10, 4.45077252831e-10, 3.56124713052e-10, 2.6963981048e-10, 5.82029813234e-10, 3.47404049972e-10, 5.39070343919e-10, 2.89920060181e-10, 2.54533449873e-10, 5.53873162612e-11, 2.39509211075e-11, 1.01433493549e-10, 7.34538610492e-11, 2.37800387021e-11, 6.31774623935e-12],
        "max": [0.0598085708916, 0.0699780359864, 0.0277764070779, 0.0117969671264, 0.0148894134909, 0.00390185625292, 0.0113598378375, 0.00732716871426, 0.00201899372041, 0.00156231084839, 0.00609209761024, 0.00371999968775, 0.000670669658575, 0.000878951919731, 0.00079078663839, 0.000507958757225, 0.000412975496147, 0.000341374718118, 0.00039693841245, 0.000411436776631, 0.000364547944628, 0.000457102287328, 0.000390720088035, 0.000291578675387, 0.000181421768502, 0.000146424470586, 0.000195616157725, 0.000113665606477, 0.000115346243547, 0.000191509447177, 0.000121891011077, 0.000195780477952, 0.000126341561554, 0.000123519901535, 6.02418149356e-05, 3.90357672586e-05, 0.000116737093776, 0.000112720168545, 6.92962712492e-05, 2.7262381991e-05],
        "mean": [0.0020218254067, 0.00199736654758, 0.000918686273508, 0.000555882346816, 0.000731339794584, 0.000399017473683, 0.000850776850712, 0.000180769420695, 6.48397399345e-05, 0.000101983059722, 0.000238579887082, 0.000206110591535, 3.18541788147e-05, 2.56854600593e-05, 5.59401596547e-05, 2.0153083824e-05, 1.04110849861e-05, 1.34108231578e-05, 9.70188011706e-06, 9.32033526624e-06, 6.74856846672e-06, 6.95490916769e-06, 5.77806576985e-06, 6.00049497734e-06, 4.69661563329e-06, 4.16421335103e-06, 4.6138061407e-06, 3.97900248572e-06, 3.56882264896e-06, 4.17113278672e-06, 3.61149318451e-06, 4.37625885752e-06, 3.26003487316e-06, 2.81453776552e-06, 1.74164165401e-06, 1.09449922547e-06, 2.13751195588e-06, 2.78160405287e-06, 1.4031977571e-06, 6.35897947632e-07],
        "median": [0.000364474311937, 0.000355069583748, 0.000153557382873, 0.000161472518812, 0.000104981001641, 0.00017496610235, 0.000126886880025, 2.63587298832e-05, 1.76737084985e-05, 2.15899890463e-05, 4.67542813567e-05, 3.92189140257e-05, 1.10513592517e-05, 9.3162743724e-06, 9.07515004656e-06, 4.7125781748e-06, 1.98173643184e-06, 4.30942372986e-06, 1.58077182277e-06, 1.97164354176e-06, 8.05059130471e-07, 9.82361370916e-07, 7.80261927957e-07, 5.07613719947e-07, 2.63936357214e-07, 3.11469023018e-07, 1.92633891061e-07, 1.45606520618e-07, 9.7564885948e-08, 1.06070679351e-07, 1.03533217555e-07, 6.25473433047e-08, 5.17136129474e-08, 3.97201809221e-08, 4.37209628501e-08, 1.81920807307e-08, 1.65305689137e-08, 1.26615580243e-08, 6.47817843813e-09, 3.11246206586e-09],
        "min": [1.64146136683e-08, 6.56939107557e-08, 4.11922584931e-08, 1.19621191175e-07, 1.13612493635e-07, 8.06550275456e-08, 3.99323852207e-07, 3.67382227751e-07, 8.90554986199e-07, 1.35544539148e-07, 2.96324571991e-07, 2.29903747595e-07, 5.8099963951e-08, 1.13906697408e-08, 3.77890465586e-08, 2.03794812137e-08, 1.38483704504e-08, 7.73415731459e-09, 6.25888396666e-10, 6.47124798192e-10, 3.59001245398e-10, 1.17441412151e-09, 4.76519657067e-10, 2.87185830672e-10, 7.97205981784e-11, 1.85853665791e-10, 1.41362296868e-10, 6.94338961327e-11, 1.62403965276e-10, 9.840472881e-11, 8.37621846883e-11, 1.0137470724e-11, 1.37936398414e-10, 3.91867233107e-11, 4.60282541248e-11, 1.80897553881e-11, 4.51808000734e-11, 3.24183561939e-11, 3.52463926101e-11, 1.51690899425e-11],
        "stdev": [0.00481905369088, 0.00481654331088, 0.00214815279469, 0.00114814587869, 0.00147196138278, 0.000556135899387, 0.00167138664983, 0.000640168960672, 0.000219830893911, 0.00016963185044, 0.000550038414076, 0.000432293134509, 7.08280131221e-05, 5.60159969609e-05, 9.62446210906e-05, 4.10438842664e-05, 2.73976784229e-05, 2.87995408144e-05, 3.58523429895e-05, 3.094141357e-05, 2.30532314163e-05, 2.23505885515e-05, 2.09546815313e-05, 2.31977155636e-05, 1.57286194735e-05, 1.34125266413e-05, 1.43481793202e-05, 1.22153169286e-05, 1.14397489597e-05, 1.54867029778e-05, 1.16268483907e-05, 1.58507682499e-05, 1.1687312508e-05, 1.13589394459e-05, 5.88365719523e-06, 3.6282608562e-06, 7.58036503612e-06, 1.01760897451e-05, 4.76586001241e-06, 2.14089595829e-06],
        "var": [2.32232778217e-05, 2.31990889006e-05, 4.6145601118e-06, 1.31823890115e-06, 2.16667035602e-06, 3.09287145228e-07, 2.79353344013e-06, 4.09816266256e-07, 4.83256208383e-08, 2.87749628569e-08, 3.02542247255e-07, 1.86877343822e-07, 5.01660757379e-09, 3.13779180416e-09, 9.26302679005e-09, 1.68460034811e-09, 7.50632778157e-10, 8.29413593362e-10, 1.28539057176e-09, 9.57371071308e-10, 5.31451438412e-10, 4.99548791222e-10, 4.39098701843e-10, 5.38134037331e-10, 2.47389442265e-10, 1.79895862096e-10, 2.05870237524e-10, 1.4921397451e-10, 1.30867858217e-10, 2.39837955052e-10, 1.35183600425e-10, 2.51246856653e-10, 1.36593278355e-10, 1.29025498619e-10, 3.46174200416e-11, 1.31642769602e-11, 5.74619345162e-11, 1.03552798281e-10, 2.27134214215e-11, 4.58343519388e-12]
    },
    "melbands128": {
