{
"lowlevel": {
    "average_loudness": 0.894727289677,
    "barkbands_crest": {
        "dmean": 2.1311519146,
        "dmean2": 3.25357794762,
        "dvar": 6.13877868652,
        "dvar2": 15.1489076614,
        "max": 26.6615257263,
        "mean": 16.9247169495,
        "median": 17.2447471619,
        "min": 3.64175224304,
        "stdev": 5.24537658691,
        "var": 27.5139751434
    },
    "barkbands_flatness_db": {
        "dmean": 0.0346527099609,
        "dmean2": 0.0510996952653,
        "dvar": 0.00165742589161,
        "dvar2": 0.00323139177635,
        "max": 0.83950728178,
        "mean": 0.402937620878,
        "median": 0.399903297424,
        "min": 0.0427507087588,
        "stdev": 0.134386911988,
        "var": 0.0180598404258
    },
    "barkbands_kurtosis": {
        "dmean": 12.257642746,
        "dmean2": 19.1751232147,
        "dvar": 746.880065918,
        "dvar2": 1719.19689941,
        "max": 382.694458008,
        "mean": 22.628156662,
        "median": 11.4158668518,
        "min": -1.88682627678,
        "stdev": 36.1073722839,
        "var": 1303.74230957
    },
    "barkbands_skewness": {
        "dmean": 0.865332126617,
        "dmean2": 1.27841055393,
        "dvar": 1.37744700909,
        "dvar2": 3.1948287487,
        "max": 13.5455303192,
        "mean": 2.76104354858,
        "median": 2.4035115242,
        "min": -2.00134944916,
        "stdev": 2.16516566277,
        "var": 4.68794250488
    },
    "barkbands_spread": {
        "dmean": 1.77637469769,
        "dmean2": 2.44729161263,
        "dvar": 24.7341480255,
        "dvar2": 48.7511978149,
        "max": 97.6408996582,
        "mean": 5.28642988205,
        "median": 1.86636149883,
        "min": 0.11241889745,
        "stdev": 9.8555021286,
        "var": 97.1309280396
    },
    "dissonance": {
        "dmean": 0.0415168963373,
        "dmean2": 0.0676249563694,
        "dvar": 0.00163063150831,
        "dvar2": 0.00412073545158,
        "max": 0.499492794275,
        "mean": 0.360734879971,
        "median": 0.367012023926,
        "min": 0.0638421177864,
        "stdev": 0.0865622386336,
        "var": 0.00749302096665
    },
    "dynamic_complexity": 5.55544042587,
    "erbbands_crest": {
        "dmean": 2.60597395897,
        "dmean2": 3.98482775688,
        "dvar": 7.12263011932,
        "dvar2": 16.4398574829,
        "max": 32.8727836609,
        "mean": 15.2567605972,
        "median": 14.5370731354,
        "min": 2.56181979179,
        "stdev": 5.23200464249,
        "var": 27.3738708496
    },
    "erbbands_flatness_db": {
        "dmean": 0.0257736351341,
        "dmean2": 0.0382880531251,
        "dvar": 0.000926068518311,
        "dvar2": 0.00190781871788,
        "max": 0.525802493095,
        "mean": 0.302577167749,
        "median": 0.300577521324,
        "min": 0.0708926841617,
        "stdev": 0.0826345607638,
        "var": 0.00682847062126
    },
    "erbbands_kurtosis": {
        "dmean": 5.10849094391,
        "dmean2": 7.79124736786,
        "dvar": 86.909866333,
        "dvar2": 193.073745728,
        "max": 156.4034729,
        "mean": 10.358382225,
        "median": 5.04326534271,
        "min": -1.90380418301,
        "stdev": 16.4704971313,
        "var": 271.277282715
    },
    "erbbands_skewness": {
        "dmean": 0.619048893452,
        "dmean2": 0.917807757854,
        "dvar": 0.517268121243,
        "dvar2": 1.09922540188,
        "max": 9.45144939423,
        "mean": 1.84517943859,
        "median": 1.64669847488,
        "min": -3.40784311295,
        "stdev": 1.63695454597,
        "var": 2.67962026596
    },
    "erbbands_spread": {
        "dmean": 5.15417718887,
        "dmean2": 7.53818035126,
        "dvar": 97.3107681274,
        "dvar2": 186.584197998,
        "max": 174.446350098,
        "mean": 18.1052932739,
        "median": 10.0904846191,
        "min": 0.691080212593,
        "stdev": 22.0371379852,
        "var": 485.635437012
    },
    "hfc": {
        "dmean": 2.31592702866,
        "dmean2": 2.9213476181,
        "dvar": 21.0574607849,
        "dvar2": 36.2420043945,
        "max": 87.0051116943,
        "mean": 7.78442811966,
        "median": 3.01959490776,
        "min": 1.13901301276e-16,
        "stdev": 11.8619232178,
        "var": 140.705215454
    },
    "loudness_ebu128": {
        "integrated": -17.6039295197,
        "loudness_range": 6.43080329895,
        "momentary": {
            "dmean": 1.49544799328,
            "dmean2": 1.66221392155,
            "dvar": 3.51290392876,
            "dvar2": 5.73473024368,
            "max": -11.6227588654,
            "mean": -19.9020843506,
            "median": -19.334022522,
            "min": -36.644241333,
            "stdev": 4.77355337143,
            "var": 22.786813736
        },
        "short_term": {
            "dmean": 0.184395760298,
            "dmean2": 0.181152537465,
            "dvar": 0.0515788905323,
            "dvar2": 0.0527917332947,
            "max": -15.6344566345,
            "mean": -18.466468811,
            "median": -17.7372779846,
            "min": -24.9347667694,
            "stdev": 2.14616632462,
            "var": 4.6060295105
        }
    },
    "melbands_crest": {
        "dmean": 2.32779049873,
        "dmean2": 3.65923786163,
        "dvar": 7.68514156342,
        "dvar2": 19.012336731,
        "max": 34.194229126,
        "mean": 19.702009201,
        "median": 19.4918308258,
        "min": 2.15513014793,
        "stdev": 5.36854028702,
        "var": 28.8212223053
    },
    "melbands_flatness_db": {
        "dmean": 0.0376502200961,
        "dmean2": 0.0532198473811,
        "dvar": 0.00212727603503,
        "dvar2": 0.00401621544734,
        "max": 0.977941811085,
        "mean": 0.508129656315,
        "median": 0.507151067257,
        "min": 0.00617738533765,
        "stdev": 0.164451032877,
        "var": 0.0270441416651
    },
    "melbands_kurtosis": {
        "dmean": 14.8321914673,
        "dmean2": 23.220615387,
        "dvar": 1160.30395508,
        "dvar2": 2930.94067383,
        "max": 572.350708008,
        "mean": 31.4653282166,
        "median": 14.5963630676,
        "min": -1.65004444122,
        "stdev": 52.1050415039,
        "var": 2714.93530273
    },
    "melbands_skewness": {
        "dmean": 0.80545091629,
        "dmean2": 1.17986869812,
        "dvar": 1.32106018066,
        "dvar2": 2.93907904625,
        "max": 15.8853206635,
        "mean": 2.95590591431,
        "median": 2.37861204147,
        "min": -1.23613500595,
        "stdev": 2.48010897636,
        "var": 6.15094089508
    },
    "melbands_spread": {
        "dmean": 1.89808797836,
        "dmean2": 2.64962053299,
        "dvar": 47.40467453,
        "dvar2": 104.418266296,
        "max": 153.437240601,
        "mean": 5.60471153259,
        "median": 1.75687289238,
        "min": 0.298439502716,
        "stdev": 11.6717205048,
        "var": 136.229049683
    },
    "pitch_salience": {
        "dmean": 0.0633447393775,
        "dmean2": 0.0971279516816,
        "dvar": 0.00541285052896,
        "dvar2": 0.0133137367666,
        "max": 0.910451829433,
        "mean": 0.378674268723,
        "median": 0.380112469196,
        "min": 0.0631981045008,
        "stdev": 0.144451677799,
        "var": 0.0208662860096
    },
    "silence_rate_20dB": {
        "dmean": 0.00412158668041,
        "dmean2": 0.00824742298573,
        "dvar": 0.00410462357104,
        "dvar2": 0.0102412784472,
        "max": 1,
        "mean": 0.996910393238,
        "median": 1,
        "min": 0,
        "stdev": 0.0554982088506,
        "var": 0.00308005115949
    },
    "silence_rate_30dB": {
        "dmean": 0.0350334867835,
        "dmean2": 0.0701030939817,
        "dvar": 0.033805988729,
        "dvar2": 0.0703425481915,
        "max": 1,
        "mean": 0.941812574863,
        "median": 1,
        "min": 0,
        "stdev": 0.23409947753,
        "var": 0.0548025667667
    },
    "silence_rate_60dB": {
        "dmean": 0.0386398769915,
        "dmean2": 0.0773195847869,
        "dvar": 0.0371463336051,
        "dvar2": 0.0775280669332,
        "max": 1,
        "mean": 0.173532441258,
        "median": 0,
        "min": 0,
        "stdev": 0.378710478544,
        "var": 0.143421635032
    },
    "spectral_centroid": {
        "dmean": 85.3474349976,
        "dmean2": 119.115432739,
        "dvar": 98794.5234375,
        "dvar2": 189517.3125,
        "max": 11047.9384766,
        "mean": 439.071777344,
        "median": 241.489105225,
        "min": 92.2353744507,
        "stdev": 590.818847656,
        "var": 349066.9375
    },
    "spectral_complexity": {
        "dmean": 0.747552812099,
        "dmean2": 1.2077319622,
        "dvar": 1.06764245033,
        "dvar2": 2.08931207657,
        "max": 23,
        "mean": 4.93408870697,
        "median": 4,
        "min": 0,
        "stdev": 3.21199417114,
        "var": 10.3169059753
    },
    "spectral_decrease": {
        "dmean": 3.35393979256e-09,
        "dmean2": 4.39487068959e-09,
        "dvar": 7.17880473656e-17,
        "dvar2": 1.32496731728e-16,
        "max": 4.16586862266e-29,
        "mean": -8.38298408468e-09,
        "median": -4.15335854598e-09,
        "min": -1.53462210051e-07,
        "stdev": 1.29394672754e-08,
        "var": 1.67429813075e-16
    },
    "spectral_energy": {
        "dmean": 0.0128463516012,
        "dmean2": 0.0168147403747,
        "dvar": 0.0010441376362,
        "dvar2": 0.00192744960077,
        "max": 0.585586726665,
        "mean": 0.0323453843594,
        "median": 0.0161896124482,
        "min": 1.07240234411e-20,
        "stdev": 0.0495102219284,
        "var": 0.00245126220398
    },
    "spectral_energyband_high": {
        "dmean": 2.94855453831e-05,
        "dmean2": 3.91232097172e-05,
        "dvar": 2.42389823768e-08,
        "dvar2": 4.28819895149e-08,
        "max": 0.00434798235074,
        "mean": 6.01459323661e-05,
        "median": 1.22113465295e-06,
        "min": 7.76463939687e-21,
        "stdev": 0.000280683365418,
        "var": 7.87831453408e-08
    },
    "spectral_energyband_low": {
        "dmean": 0.0112636117265,
        "dmean2": 0.014965060167,
        "dvar": 0.000965513638221,
        "dvar2": 0.0017961418489,
        "max": 0.553200364113,
        "mean": 0.0229443442076,
        "median": 0.00692376960069,
        "min": 4.96122827447e-23,
        "stdev": 0.0454241111875,
        "var": 0.00206334982067
    },
    "spectral_energyband_middle_high": {
        "dmean": 0.000489579280838,
        "dmean2": 0.000561717723031,
        "dvar": 2.88155433736e-06,
        "dvar2": 3.76547177439e-06,
        "max": 0.0721113011241,
        "mean": 0.00171225657687,
        "median": 3.48676912836e-05,
        "min": 1.51356452295e-21,
        "stdev": 0.00650577619672,
        "var": 4.23251258326e-05
    },
    "spectral_energyband_middle_low": {
        "dmean": 0.00256432825699,
        "dmean2": 0.00348717463203,
        "dvar": 2.73219211522e-05,
        "dvar2": 5.24472161487e-05,
        "max": 0.0935649350286,
        "mean": 0.00856858864427,
        "median": 0.00370300328359,
        "min": 2.38864810182e-22,
        "stdev": 0.0125056393445,
        "var": 0.000156391019118
    },
    "spectral_entropy": {
        "dmean": 0.263797342777,
        "dmean2": 0.379349052906,
        "dvar": 0.116280481219,
        "dvar2": 0.21891823411,
        "max": 9.82239151001,
        "mean": 5.40955448151,
        "median": 5.30986022949,
        "min": 3.4323515892,
        "stdev": 1.00977814198,
        "var": 1.0196518898
    },
    "spectral_flux": {
        "dmean": 0.0269467644393,
        "dmean2": 0.0448218658566,
        "dvar": 0.00267793540843,
        "dvar2": 0.00703104073182,
        "max": 0.580405235291,
        "mean": 0.0497770905495,
        "median": 0.0315943919122,
        "min": 6.72631117471e-11,
        "stdev": 0.0592504926026,
        "var": 0.00351062067784
    },
    "spectral_kurtosis": {
        "dmean": 25.6272716522,
        "dmean2": 42.0181503296,
        "dvar": 2091.01074219,
        "dvar2": 5962.9765625,
        "max": 605.023376465,
        "mean": 62.4516181946,
        "median": 27.1267147064,
        "min": -1.20913732052,
        "stdev": 78.8284378052,
        "var": 6213.92285156
    },
    "spectral_rms": {
        "dmean": 0.000907869485673,
        "dmean2": 0.00116942520253,
        "dvar": 2.53845087173e-06,
        "dvar2": 4.40418625658e-06,
        "max": 0.0239019691944,
        "mean": 0.00461512198672,
        "median": 0.00397426029667,
        "min": 3.23457298272e-12,
        "stdev": 0.00320266606286,
        "var": 1.02570693343e-05
    },
    "spectral_rolloff": {
        "dmean": 139.216369629,
        "dmean2": 237.48576355,
        "dvar": 495990.28125,
        "dvar2": 1166057,
        "max": 18712.3535156,
        "mean": 457.640777588,
        "median": 236.865234375,
        "min": 86.1328125,
        "stdev": 1003.36236572,
        "var": 1006736
    },
    "spectral_skewness": {
        "dmean": 1.13693165779,
        "dmean2": 1.79922413826,
        "dvar": 2.24950528145,
        "dvar2": 5.42371797562,
        "max": 20.7637195587,
        "mean": 5.51602745056,
        "median": 4.28861093521,
        "min": 0.0163501910865,
        "stdev": 3.81907653809,
        "var": 14.5853462219
    },
    "spectral_spread": {
        "dmean": 591929.1875,
        "dmean2": 948406.375,
        "dvar": 1.00748178227e+12,
        "dvar2": 1.73643595776e+12,
        "max": 41685052,
        "mean": 2549182.5,
        "median": 2240841,
        "min": 191857.484375,
        "stdev": 2176684.75,
        "var": 4.73795657728e+12
    },
    "spectral_strongpeak": {
        "dmean": 0.266608446836,
        "dmean2": 0.401199162006,
        "dvar": 0.230826199055,
        "dvar2": 0.476301640272,
        "max": 8.36745452881,
        "mean": 0.894945502281,
        "median": 0.505824446678,
        "min": 0,
        "stdev": 1.11686944962,
        "var": 1.24739730358
    },
    "zerocrossingrate": {
        "dmean": 0.00370776792988,
        "dmean2": 0.00430669076741,
        "dvar": 0.000153356522787,
        "dvar2": 0.00024843835854,
        "max": 0.48974609375,
        "mean": 0.0179618112743,
        "median": 0.00927734375,
        "min": 0.0009765625,
        "stdev": 0.0277605187148,
        "var": 0.000770646438468
    },
    "barkbands": {
        "dmean": [1.05447625174e-05, 0.00425044028088, 0.00734873861074, 0.00054723455105, 0.00107529363595, 0.000684829137754, 0.000434007379226, 0.000266826275038, 0.000236656152993, 0.000138806717587, 0.000172694810317, 7.47595768189e-05, 6.46673870506e-05, 7.64474243624e-05, 7.10108579369e-05, 7.02679317328e-05, 3.07185036945e-05, 2.94424262393e-05, 1.30671578518e-05, 1.41336549859e-05, 8.87402893568e-06, 5.31549994776e-06, 2.29392048823e-06, 5.59750606044e-06, 5.40932796866e-06, 7.11945574494e-07, 1.43112810491e-08],
        "dmean2": [1.8271161025e-05, 0.00555429467931, 0.0101915337145, 0.00079720816575, 0.001551977708, 0.000928266556002, 0.000588314491324, 0.000321897794493, 0.000283322995529, 0.000177842084668, 0.000207971912459, 9.21218452277e-05, 8.97589488886e-05, 0.000102330319351, 0.000104935163108, 9.61830446613e-05, 4.34854373452e-05, 4.45346122433e-05, 1.77610490937e-05, 2.12284739973e-05, 1.32520845e-05, 6.78021706335e-06, 3.37397182193e-06, 8.37371226226e-06, 8.24423659651e-06, 9.9648707419e-07, 2.22279226136e-08],
        "dvar": [5.43474487635e-10, 0.000120588440041, 0.000637593446299, 2.45308001467e-06, 9.17620945984e-06, 2.7500784654e-06, 7.16501244824e-06, 4.70008944831e-06, 1.48113383602e-06, 3.82223703355e-07, 1.39006067457e-06, 1.43249835105e-07, 1.51908821522e-07, 3.31415463961e-07, 2.21883823315e-07, 1.53655520307e-07, 5.52649588315e-08, 1.80364079228e-08, 3.02236191629e-09, 3.32608296461e-09, 2.38192288116e-09, 1.78628356551e-09, 2.40566760956e-10, 2.13485096268e-09, 2.87753021411e-09, 1.32243929349e-11, 1.48983574772e-14],
        "dvar2": [1.60206214961e-09, 0.000199391695787, 0.00123724469449, 4.84849670102e-06, 1.91528833966e-05, 4.98632471135e-06, 1.47755945363e-05, 6.315464816e-06, 1.9517212877e-06, 5.94910090967e-07, 2.24327004616e-06, 1.70826382373e-07, 2.88754222311e-07, 6.12921894572e-07, 4.66523601972e-07, 2.61293280346e-07, 1.03709211885e-07, 4.03683451111e-08, 7.02459290736e-09, 7.84229037265e-09, 5.02955010973e-09, 2.5966797601e-09, 4.27033575168e-10, 4.92792828766e-09, 7.64869767522e-09, 2.47891308175e-11, 1.93411401532e-14],
        "max": [0.000353086245013, 0.257520467043, 0.451067984104, 0.0491414405406, 0.0593950524926, 0.036664493382, 0.0875734314322, 0.0838196799159, 0.0398928783834, 0.0209558177739, 0.0516828484833, 0.0183739308268, 0.0123832207173, 0.0285934675485, 0.0142033146694, 0.0101890079677, 0.00869597867131, 0.00331537472084, 0.00175440520979, 0.00131746800616, 0.00145751563832, 0.0015174720902, 0.000581804430112, 0.00137034058571, 0.00181454489939, 9.70339388005e-05, 5.18227943758e-06],
        "mean": [1.22320061564e-05, 0.00978225190192, 0.0122302947566, 0.00135289202444, 0.00254070037045, 0.00207543116994, 0.00144543079659, 0.000605868932325, 0.000524044793565, 0.000339875172358, 0.000500195019413, 0.000188924197573, 0.000134261557832, 0.000167721242178, 0.000112831185106, 0.000114118294732, 6.16438774159e-05, 6.08956179349e-05, 2.54175902228e-05, 2.82243090624e-05, 1.28924175442e-05, 7.53493304728e-06, 4.0469144551e-06, 8.92267962627e-06, 7.61842693464e-06, 1.13835335469e-06, 1.28612942518e-08],
        "median": [3.70739803657e-06, 0.00160601479001, 0.00172150041908, 0.000549901626073, 0.000763698364608, 0.000246825802606, 1.93899304577e-05, 7.51331481297e-06, 5.02466355101e-06, 2.21911250264e-06, 1.92856396097e-06, 1.91546428141e-06, 1.23867607726e-06, 1.15206603368e-06, 8.82608105712e-07, 5.48643754428e-07, 3.43458253838e-07, 4.41754423264e-07, 2.66748770628e-07, 2.72380589195e-07, 1.13987454142e-07, 6.72125679557e-08, 9.69667013351e-08, 1.41099732787e-07, 1.20661383107e-07, 3.29678080391e-08, 3.28934851579e-10],
        "min": [3.13080670595e-24, 1.16572579205e-23, 1.10584485958e-23, 3.69567323926e-23, 2.85486805224e-23, 3.14916081709e-23, 1.64940418095e-23, 1.30261572053e-23, 2.36476454905e-23, 5.77330251623e-23, 5.05049072579e-23, 6.43002669547e-23, 7.19374502592e-23, 1.12348699219e-22, 1.24175453372e-22, 1.19077581766e-22, 1.45729165408e-22, 1.475889965e-22, 2.21253219104e-22, 2.96358255131e-22, 4.56636767178e-22, 4.83135980758e-22, 5.10695221446e-22, 7.83209379478e-22, 1.37397254392e-21, 1.5444289015e-21, 2.26895157347e-21],
        "stdev": [2.42517562583e-05, 0.0215355269611, 0.0344152785838, 0.0025752868969, 0.00532944034785, 0.00484447367489, 0.00706540839747, 0.00422021048144, 0.00270198727958, 0.00158055720385, 0.00346624385566, 0.00105660490226, 0.000783901312388, 0.00130765640642, 0.000696114497259, 0.000637975870632, 0.000377766526071, 0.000248957338044, 9.75016882876e-05, 9.44948551478e-05, 6.86568018864e-05, 6.78743672324e-05, 2.78355382761e-05, 6.39317877358e-05, 5.80107007409e-05, 5.89749424762e-06, 1.36043340149e-07],
        "var": [5.881476417e-10, 0.000463778909761, 0.00118441134691, 6.63210312268e-06, 2.84029356408e-05, 2.34689268837e-05, 4.99199959449e-05, 1.78101781785e-05, 7.30073588784e-06, 2.49816116593e-06, 1.20148461065e-05, 1.11641384137e-06, 6.14501288965e-07, 1.70996531779e-06, 4.84575423343e-07, 4.07013232007e-07, 1.42707548889e-07, 6.19797546619e-08, 9.50657863541e-09, 8.92927776164e-09, 4.71375649624e-09, 4.60692994864e-09, 7.74817210392e-10, 4.08727318657e-09, 3.36524141886e-09, 3.47804389456e-11, 1.85077884821e-14]
    },
    "erbbands": {
        "dmean": [0.0510957501829, 1.27114224434, 7.59597873688, 4.58477497101, 1.65567624569, 4.36513757706, 6.98654651642, 4.83181476593, 4.68295383453, 6.85913848877, 5.96330547333, 5.77186489105, 3.66913247108, 6.92005395889, 5.18937444687, 2.62290716171, 3.05384874344, 2.99890065193, 3.91723060608, 3.18640613556, 2.90997219086, 1.74710047245, 1.69274830818, 0.909894824028, 0.493788033724, 0.742538571358, 0.507758557796, 0.229595780373, 0.202211126685, 0.101345673203, 0.0678466930985, 0.0895458906889, 0.110424093902, 0.0783480703831, 0.0300051216036, 0.00530986580998, 0.00104874314275, 9.99477633741e-05, 7.95919004304e-06, 1.40493211802e-05],
        "dmean2": [0.0631389394403, 1.67379772663, 10.388133049, 6.45807647705, 2.52111005783, 6.50727987289, 9.05106925964, 6.61749172211, 6.35130739212, 9.64517879486, 6.54610347748, 6.18189239502, 4.58950328827, 7.20216751099, 7.20044279099, 3.10444569588, 4.13300037384, 4.01322603226, 5.63977813721, 4.41035223007, 4.00256252289, 2.45244336128, 2.51244521141, 1.30597507954, 0.653348505497, 1.09596574306, 0.773748457432, 0.319747149944, 0.252320587635, 0.136028051376, 0.0978167504072, 0.140125587583, 0.169359892607, 0.118380241096, 0.0467300191522, 0.00735553633422, 0.00151044980157, 0.000163874632563, 1.06188845166e-05, 1.8395956431e-05],
        "dvar": [0.0192619748414, 10.4029169083, 618.462646484, 205.922866821, 21.7958374023, 187.034423828, 388.523010254, 184.282363892, 476.6612854, 2415.66064453, 2791.54663086, 833.288146973, 231.137161255, 1489.48144531, 1569.51647949, 189.010574341, 356.780151367, 573.209838867, 525.168151855, 351.725708008, 247.437576294, 219.643035889, 74.2262573242, 11.3137245178, 4.07355308533, 9.48375511169, 6.29456472397, 2.07010149956, 2.57188344002, 0.568960905075, 0.254362225533, 0.527354776859, 0.831628143787, 0.635776281357, 0.0790176466107, 0.000699407712091, 3.88253974961e-05, 4.92005540309e-07, 7.05970670811e-10, 1.22127641333e-09],
        "dvar2": [0.0262470208108, 17.5501308441, 1166.37268066, 421.513885498, 49.8633728027, 410.616546631, 633.159179688, 383.961975098, 877.506530762, 5350.33740234, 3098.66088867, 767.787841797, 409.833496094, 1746.66601562, 3020.09741211, 219.365249634, 671.076293945, 787.086364746, 1093.73254395, 670.178039551, 395.71270752, 447.810852051, 154.240447998, 28.1437129974, 9.01865577698, 22.4852962494, 13.4828853607, 4.32230901718, 4.09830856323, 0.89536523819, 0.473719656467, 1.21732866764, 1.96677672863, 1.71710038185, 0.206490516663, 0.0012081428431, 8.59601568663e-05, 1.30181899749e-06, 1.01763164562e-09, 2.25398832931e-09],
        "max": [3.74242973328, 68.2787399292, 455.508178711, 237.217193604, 98.2889785767, 292.478851318, 646.103210449, 366.174163818, 660.422790527, 1495.1184082, 2305.01660156, 1225.82531738, 410.659454346, 2266.08422852, 1631.83898926, 865.407958984, 679.666564941, 1223.46130371, 912.844665527, 495.732177734, 627.752075195, 585.334472656, 221.738250732, 85.4719009399, 70.8619918823, 64.414024353, 66.0503921509, 45.217250824, 54.9687309265, 30.1300430298, 19.3184623718, 22.7732315063, 26.1395683289, 27.1653461456, 9.24678993225, 0.70888543129, 0.169833406806, 0.0181407537311, 0.000972676964011, 0.000634813681245],
        "mean": [0.129395127296, 2.88029718399, 12.8965473175, 9.45794200897, 3.93083810806, 9.14565563202, 21.0213012695, 14.0629119873, 15.3494749069, 20.6283130646, 13.9383277893, 13.3732242584, 7.70011281967, 20.8676013947, 13.7517986298, 7.79520750046, 7.21113443375, 7.29647016525, 8.81190776825, 5.0638628006, 5.47758674622, 3.61710810661, 3.73025774956, 1.93351256847, 1.03496444225, 1.44393968582, 0.926968514919, 0.333476603031, 0.284552246332, 0.152279570699, 0.118288844824, 0.145060867071, 0.167866230011, 0.109696909785, 0.0412264168262, 0.0087448079139, 0.00158872117754, 0.000118479845696, 1.85889875866e-05, 3.58865690941e-05],
        "median": [0.0231787748635, 0.584391355515, 2.8271894455, 2.37490987778, 1.95525503159, 2.80707406998, 2.73570156097, 1.82092261314, 0.633921861649, 0.455192029476, 0.255863577127, 0.201191753149, 0.124031856656, 0.109932154417, 0.0991653352976, 0.104063533247, 0.0921805500984, 0.0752476677299, 0.0742406100035, 0.0482392609119, 0.0313053876162, 0.0229345262051, 0.024609874934, 0.0219255052507, 0.0138183590025, 0.0133342687041, 0.00827178731561, 0.00292886700481, 0.00281162606552, 0.00245628715493, 0.00292855966836, 0.00253923004493, 0.00246103666723, 0.00163091369905, 0.00062963477103, 0.000306269241264, 3.58726574632e-05, 2.5620706765e-06, 9.40286736295e-06, 1.83180782187e-05],
        "min": [2.01694618339e-22, 3.02672211989e-21, 1.0453033741e-20, 8.84005335696e-20, 1.09631429385e-19, 1.04340342748e-19, 1.52964849662e-19, 2.71735448669e-19, 3.25717927528e-19, 1.74717748143e-19, 3.11812452744e-19, 6.74644940382e-19, 9.45583038639e-19, 1.97063187116e-18, 2.48211631459e-18, 2.54036513256e-18, 3.60484028821e-18, 7.89056188993e-18, 7.08129304636e-18, 7.57559301936e-18, 6.81953380947e-18, 8.01884271368e-18, 6.1839786848e-18, 1.23651557089e-17, 9.8099815618e-18, 1.41616480699e-17, 1.72374860905e-17, 1.8285649658e-17, 1.81329636975e-17, 1.63371496245e-17, 1.45160635295e-17, 1.11828623234e-17, 1.49473670814e-17, 1.43631873174e-17, 1.05810917365e-17, 6.326610265e-18, 2.65393413553e-18, 1.3009904946e-18, 3.10304192295e-19, 2.99716713432e-20],
        "stdev": [0.307186841965, 5.9658331871, 33.9164161682, 20.42619133, 6.69206762314, 18.6472702026, 57.8984718323, 35.1134872437, 61.462890625, 116.346282959, 95.1717605591, 74.1930618286, 27.9124336243, 141.592269897, 95.420715332, 44.6641387939, 40.1932830811, 51.9310302734, 52.5066184998, 25.9547119141, 28.5534229279, 22.6043701172, 17.3986606598, 6.13734102249, 3.81371116638, 5.07635259628, 3.87351083755, 2.10052323341, 2.48905897141, 1.24947631359, 0.862583696842, 1.01039326191, 1.22259604931, 0.850115001202, 0.309349894524, 0.0457475110888, 0.00869339238852, 0.000740398303606, 3.59092628059e-05, 5.38666936336e-05],
        "var": [0.0943637490273, 35.59116745, 1150.32324219, 417.229278564, 44.7837677002, 347.720672607, 3352.2331543, 1232.95690918, 3777.68701172, 13536.4580078, 9057.6640625, 5504.60986328, 779.104003906, 20048.3730469, 9105.11328125, 1994.88513184, 1615.5, 2696.83178711, 2756.94482422, 673.647094727, 815.297973633, 510.957519531, 302.713409424, 37.6669540405, 14.5443925858, 25.7693557739, 15.0040864944, 4.41219806671, 6.19541501999, 1.56119096279, 0.744050681591, 1.02089464664, 1.4947412014, 0.722695469856, 0.0956973657012, 0.00209283479489, 7.55750661483e-05, 5.48189689198e-07, 1.28947508227e-09, 2.90162072147e-09]
    },
    "gfcc": {
        "mean": [-209.866424561, 169.109390259, -44.7048873901, 31.4770755768, -33.7393684387, 4.27578020096, -34.2851295471, -2.83993911743, -22.3998603821, -7.89877557755, -2.60981082916, -14.5917491913, -0.88953691721],
        "cov": [[16486.2382812, -2957.63452148, -5137.33203125, -325.843475342, -880.377502441, 198.228790283, -833.724304199, 1065.56591797, -617.984680176, 785.202331543, -294.039459229, 22.4673843384, 185.790924072], [-2957.63452148, 2628.47705078, 1705.14074707, -700.373474121, 467.763641357, -54.2060203552, 615.464294434, -416.171508789, 281.356689453, -369.787567139, 296.537475586, -158.423202515, -51.1001968384], [-5137.33203125, 1705.14074707, 3305.73657227, 378.622589111, 569.721862793, 81.2233810425, 491.103607178, -409.337249756, 376.365997314, -331.318481445, 93.3695526123, -15.6203861237, -89.5174789429], [-325.843475342, -700.373474121, 378.622589111, 1124.8269043, 180.001449585, 38.9694252014, -138.416305542, 65.3024749756, 48.1430778503, -46.7698326111, -154.804336548, 55.8946418762, 57.4732322693], [-880.377502441, 467.763641357, 569.721862793, 180.001449585, 514.748474121, 82.7232513428, 157.167678833, -58.7838172913, 114.535591125, -89.0639343262, 13.2503261566, -20.6284923553, 24.3610286713], [198.228790283, -54.2060203552, 81.2233810425, 38.9694252014, 82.7232513428, 422.046600342, 136.175369263, -97.3732376099, -44.1989898682, 38.6426353455, 12.1687231064, -41.8092956543, -15.4655599594], [-833.724304199, 615.464294434, 491.103607178, -138.416305542, 157.167678833, 136.175369263, 504.733917236, -110.794807434, 43.4743118286, -102.435081482, 66.9334487915, -46.2639427185, -76.5372161865], [1065.56591797, -416.171508789, -409.337249756, 65.3024749756, -58.7838172913, -97.3732376099, -110.794807434, 310.363739014, 12.6541662216, 50.6953811646, -49.7969665527, 45.4188156128, 21.324010849], [-617.984680176, 281.356689453, 376.365997314, 48.1430778503, 114.535591125, -44.1989898682, 43.4743118286, 12.6541662216, 269.708862305, -40.2165031433, -20.3898830414, -23.3619632721, -19.0472927094], [785.202331543, -369.787567139, -331.318481445, -46.7698326111, -89.0639343262, 38.6426353455, -102.435081482, 50.6953811646, -40.2165031433, 241.871612549, 19.7466125488, -14.2238264084, -9.97572422028], [-294.039459229, 296.537475586, 93.3695526123, -154.804336548, 13.2503261566, 12.1687231064, 66.9334487915, -49.7969665527, -20.3898830414, 19.7466125488, 208.003219604, -9.61828899384, -1.85910129547], [22.4673843384, -158.423202515, -15.6203861237, 55.8946418762, -20.6284923553, -41.8092956543, -46.2639427185, 45.4188156128, -23.3619632721, -14.2238264084, -9.61828899384, 164.638366699, 47.2034912109], [185.790924072, -51.1001968384, -89.5174789429, 57.4732322693, 24.3610286713, -15.4655599594, -76.5372161865, 21.324010849, -19.0472927094, -9.97572422028, -1.85910129547, 47.2034912109, 141.381622314]],
        "icov": [[0.000162891708896, -0.000225918236538, 0.00023997448443, -0.000130707310745, 0.000120535456517, -0.00025449891109, 7.89355617599e-05, -0.000442147953436, 0.000173573600478, -0.00035703566391, 0.000271085329587, -6.65474726702e-05, -5.84927647651e-06], [-0.000225918236538, 0.00299100251868, -0.00107787037268, 0.0019256058149, -0.00133520993404, 0.00136411085259, -0.00106056476943, 0.0018401062116, -0.00129679765087, 0.00267726019956, -0.00218881899491, 0.00178092275746, -0.00116889190394], [0.00023997448443, -0.00107787037268, 0.00119305739645, -0.000926191511098, 0.000227547774557, -0.000559677777346, 0.000103483449493, -0.000282091612462, -0.000120144773973, -0.000789395649917, 0.00059642852284, -0.000887933943886, 0.000657525728457], [-0.000130707310745, 0.0019256058149, -0.000926191511098, 0.00250102276914, -0.00124293449335, 0.00056752061937, -0.000142297925777, 0.000736566318665, -0.000611825322267, 0.00178460637107, -0.000577156315558, 0.00098190153949, -0.000939185905736], [0.000120535456517, -0.00133520993404, 0.000227547774557, -0.00124293449335, 0.0035281854216, -0.0010403910419, -0.000159120027092, -0.00099557870999, -0.000171531661181, -0.000888593087438, 0.000742429168895, -0.000331362447469, -0.000614776508883], [-0.00025449891109, 0.00136411085259, -0.000559677777346, 0.00056752061937, -0.0010403910419, 0.00396786257625, -0.00150671962183, 0.00206386414357, -5.69073345105e-05, 0.000263273657765, -0.000801447196864, 0.00114079925697, -0.000651748850942], [7.89355617599e-05, -0.00106056476943, 0.000103483449493, -0.000142297925777, -0.000159120027092, -0.00150671962183, 0.00378696271218, -0.000777767621912, 0.000566479226109, 0.000313442404149, 0.000183028241736, -0.00053692079382, 0.00194640294649], [-0.000442147953436, 0.0018401062116, -0.000282091612462, 0.000736566318665, -0.00099557870999, 0.00206386414357, -0.000777767621912, 0.0066037978977, -0.00202821451239, 0.00132209714502, -0.00113744626287, -0.000219856039621, -0.000373198272428], [0.000173573600478, -0.00129679765087, -0.000120144773973, -0.000611825322267, -0.000171531661181, -5.69073345105e-05, 0.000566479226109, -0.00202821451239, 0.00580377876759, -0.0013532206649, 0.00175252102781, 0.000200294729439, 0.00075433368329], [-0.00035703566391, 0.00267726019956, -0.000789395649917, 0.00178460637107, -0.000888593087438, 0.000263273657765, 0.000313442404149, 0.00132209714502, -0.0013532206649, 0.00829110201448, -0.00321161886677, 0.00193750485778, 7.73357023718e-05], [0.000271085329587, -0.00218881899491, 0.00059642852284, -0.000577156315558, 0.000742429168895, -0.000801447196864, 0.000183028241736, -0.00113744626287, 0.00175252102781, -0.00321161886677, 0.00770275527611, -0.00122622738127, 4.01376819354e-05], [-6.65474726702e-05, 0.00178092275746, -0.000887933943886, 0.00098190153949, -0.000331362447469, 0.00114079925697, -0.00053692079382, -0.000219856039621, 0.000200294729439, 0.00193750485778, -0.00122622738127, 0.00852240808308, -0.00300367223099], [-5.84927647651e-06, -0.00116889190394, 0.000657525728457, -0.000939185905736, -0.000614776508883, -0.000651748850942, 0.00194640294649, -0.000373198272428, 0.00075433368329, 7.73357023718e-05, 4.01376819354e-05, -0.00300367223099, 0.00971144158393]]
    },
    "melbands": {
        "dmean": [0.000842242268845, 0.00298239290714, 0.000737258349545, 0.000202498835279, 0.000234442806686, 0.00010939763888, 7.90176636656e-05, 6.95345152053e-05, 4.67217178084e-05, 3.67226057278e-05, 1.85331664397e-05, 2.7952462915e-05, 2.01100356207e-05, 9.30881378736e-06, 6.19881302555e-06, 7.00129476172e-06, 6.41795850242e-06, 7.27374253984e-06, 4.2273118197e-06, 5.90435911363e-06, 2.71149315267e-06, 1.89259981198e-06, 1.39804353694e-06, 1.62810977145e-06, 7.25119548406e-07, 4.29365627497e-07, 3.68825510577e-07, 5.4669982319e-07, 4.04751546057e-07, 1.85469815506e-07, 1.30259138587e-07, 1.28661795884e-07, 8.16389729152e-08, 4.70638674699e-08, 4.02100823749e-08, 4.89832281403e-08, 5.95261226977e-08, 8.74264358686e-08, 6.30386622902e-08, 7.41675734162e-08],
        "dmean2": [0.00106831116136, 0.00403125723824, 0.00103332789149, 0.00030684666126, 0.000309065741021, 0.00014985310554, 0.000106090737972, 9.51538604568e-05, 5.19731802342e-05, 4.08131236327e-05, 2.39790733758e-05, 3.01754280372e-05, 2.63250458374e-05, 1.1434280168e-05, 8.35510309116e-06, 9.38498578762e-06, 8.3685035861e-06, 1.05961034933e-05, 5.84102826906e-06, 8.14446775621e-06, 3.69574968317e-06, 2.63448828264e-06, 2.0014626898e-06, 2.50022867476e-06, 1.02051239992e-06, 5.49006927031e-07, 5.40224220913e-07, 8.13631970686e-07, 6.18567810307e-07, 2.76160932344e-07, 1.8986325756e-07, 1.6944584047e-07, 1.14986313804e-07, 6.80130440855e-08, 5.88548658698e-08, 7.93763419438e-08, 9.35913249123e-08, 1.36515453164e-07, 9.60266888228e-08, 1.17151074619e-07],
        "dvar": [4.98425151818e-06, 7.76666129241e-05, 5.12805127073e-06, 4.33771049302e-07, 3.87531059687e-07, 8.14033498386e-08, 1.66826580994e-07, 2.3722810738e-07, 1.89266231132e-07, 3.56786458156e-08, 6.58722543179e-09, 2.27184653312e-08, 2.64300847874e-08, 2.44778775027e-09, 1.24560051162e-09, 1.83653381391e-09, 3.07636383035e-09, 2.07547734554e-09, 8.46658410047e-10, 1.25092025627e-09, 2.42475567402e-10, 2.09311484811e-10, 8.60885113196e-11, 8.20741391516e-11, 7.9902100561e-12, 2.95352240928e-12, 2.50181342656e-12, 5.12692275786e-12, 3.80456777194e-12, 1.36783347236e-12, 8.89005937008e-13, 1.07789439267e-12, 4.5910085629e-13, 1.15079576727e-13, 8.49866170819e-14, 1.69819480743e-13, 2.21182989459e-13, 5.60285867181e-13, 2.14499913057e-13, 7.03194176065e-13],
        "dvar2": [7.47949525248e-06, 0.000145179685205, 1.0343993381e-05, 9.48063132e-07, 6.64077845158e-07, 1.62741429222e-07, 3.18733867744e-07, 5.01441945744e-07, 2.12844042835e-07, 3.54779849943e-08, 1.17940768263e-08, 2.73189773026e-08, 4.68587906255e-08, 3.02285863008e-09, 2.05172878687e-09, 2.81276157921e-09, 4.42647651866e-09, 4.36599556508e-09, 1.64578428663e-09, 2.27593899282e-09, 3.81337045274e-10, 4.62797966616e-10, 1.49103118741e-10, 1.86504992006e-10, 1.9779568608e-11, 5.53909999465e-12, 6.04799890724e-12, 1.20043280871e-11, 8.68827839534e-12, 2.96059747898e-12, 1.97282511508e-12, 1.76107804555e-12, 7.44983230921e-13, 2.17864964893e-13, 1.69599956908e-13, 4.20616856232e-13, 4.96025854939e-13, 1.35924290486e-12, 5.06232913661e-13, 1.95781888965e-12],
        "max": [0.0577037446201, 0.161077752709, 0.0381766781211, 0.0152249131352, 0.019043572247, 0.00763260945678, 0.0108352201059, 0.0139648132026, 0.018335249275, 0.00799740199, 0.00214107404463, 0.0086727803573, 0.00699972640723, 0.00178192427848, 0.00182683346793, 0.00118285522331, 0.00277276453562, 0.00158962758724, 0.00103609228972, 0.000987589242868, 0.000635038828477, 0.000560880813282, 0.000364978855941, 0.000236082021729, 6.79992226651e-05, 4.62762291136e-05, 3.57325516234e-05, 4.36437694589e-05, 4.02583937102e-05, 4.04011152568e-05, 3.47041532223e-05, 3.30539769493e-05, 2.3024260372e-05, 1.46144739119e-05, 1.06593006421e-05, 1.3256713828e-05, 1.39145749927e-05, 2.3094133212e-05, 1.48699937199e-05, 2.85508431261e-05],
        "mean": [0.00203074235469, 0.00560618098825, 0.00152024929412, 0.000434323155787, 0.000686667859554, 0.000326497160131, 0.00025965840905, 0.000198457477381, 0.000109832108137, 8.20074637886e-05, 3.55535921699e-05, 8.18453772808e-05, 5.55028382223e-05, 2.13900111703e-05, 1.74160031747e-05, 1.46025467984e-05, 1.37545084726e-05, 1.60210820468e-05, 6.82325389789e-06, 8.76705507835e-06, 5.29378485226e-06, 3.84573013434e-06, 2.73173714049e-06, 3.20386652675e-06, 1.41668022025e-06, 8.35888215533e-07, 6.83999132889e-07, 1.021206117e-06, 7.15329179002e-07, 2.58913473772e-07, 1.72821643218e-07, 1.74585963464e-07, 1.14002958185e-07, 7.21335666753e-08, 6.56408687405e-08, 7.35123535378e-08, 9.28613062001e-08, 1.21832556488e-07, 1.01002882502e-07, 9.40000433047e-08],
        "median": [0.000324709049892, 0.0014949219767, 0.000429684412666, 0.000171756866621, 0.000127172010252, 3.72009599232e-05, 6.41522183287e-06, 3.47786408383e-06, 1.38053621868e-06, 6.71313273415e-07, 4.03291437578e-07, 3.14303235882e-07, 2.76962310863e-07, 2.3876987143e-07, 1.88242694321e-07, 1.17052621817e-07, 1.19667546983e-07, 1.03950128505e-07, 6.28240570677e-08, 4.45932357707e-08, 2.4779950536e-08, 1.95167082495e-08, 2.15007318616e-08, 1.88143527424e-08, 1.5349906235e-08, 9.41145472666e-09, 7.49796846833e-09, 8.16475065335e-09, 5.11672304526e-09, 2.18047713219e-09, 1.14674580942e-09, 1.28832700064e-09, 1.03895714254e-09, 1.24302745874e-09, 1.3868952653e-09, 1.54483981163e-09, 1.2597534127e-09, 1.21751164706e-09, 1.69564084995e-09, 9.6977448294e-10],
        "min": [2.83014223269e-24, 6.34704192035e-24, 1.47856010139e-23, 6.40977884485e-24, 5.35544849565e-24, 6.08135238418e-24, 5.0648636926e-24, 2.12464696464e-24, 2.52794638319e-24, 4.10032267493e-24, 4.57847020224e-24, 8.2854936511e-24, 6.88042667154e-24, 8.45829205466e-24, 4.32200718322e-24, 9.94379681415e-24, 1.41850601394e-23, 8.43377899089e-24, 9.2106847091e-24, 1.13279447802e-23, 7.05695244288e-24, 8.28094823456e-24, 6.97021245319e-24, 5.61290153511e-24, 1.05250169073e-23, 6.98307798569e-24, 7.22134947781e-24, 9.95825269023e-24, 1.22794908922e-23, 9.38754811291e-24, 9.93219109251e-24, 9.51948667703e-24, 1.05861331171e-23, 8.70621604882e-24, 8.25014716052e-24, 6.78081720503e-24, 6.58500733443e-24, 1.05066648472e-23, 1.09345398468e-23, 1.22219679439e-23],
        "stdev": [0.00468983128667, 0.0123297432438, 0.00321878539398, 0.000864307396114, 0.00175360951107, 0.000772437546402, 0.00112206395715, 0.00113189825788, 0.000787830096669, 0.000479676615214, 0.00014296414156, 0.000542252790183, 0.000416183233028, 0.00010886619566, 0.000104340317193, 8.26233954285e-05, 0.000113671099825, 0.00010578527872, 4.158468073e-05, 5.23458475072e-05, 2.91690321319e-05, 2.26127031056e-05, 1.50571640916e-05, 1.48304798131e-05, 4.78403762827e-06, 3.33766342919e-06, 2.58568229583e-06, 3.60165950042e-06, 2.9352825095e-06, 1.5400854636e-06, 1.32376987949e-06, 1.5638312334e-06, 1.04632056264e-06, 5.35588014827e-07, 4.82779796585e-07, 5.39688585377e-07, 6.59268323489e-07, 9.50646835918e-07, 6.44738406663e-07, 8.22727315608e-07],
