{
"lowlevel": {
    "average_loudness": 0.977621197701,
    "barkbands_crest": {
        "dmean": 2.7586786747,
        "dmean2": 3.99345040321,
        "dvar": 9.21954536438,
        "dvar2": 16.7356300354,
        "max": 25.6781673431,
        "mean": 11.176492691,
        "median": 9.8031129837,
        "min": 4.33408403397,
        "stdev": 4.70115184784,
        "var": 22.1008300781
    },
    "barkbands_flatness_db": {
        "dmean": 0.0378138907254,
        "dmean2": 0.0551436655223,
        "dvar": 0.00166998931672,
        "dvar2": 0.00405900878832,
        "max": 0.498211205006,
        "mean": 0.261232048273,
        "median": 0.262107372284,
        "min": 0.071228787303,
        "stdev": 0.0774009153247,
        "var": 0.00599090196192
    },
    "barkbands_kurtosis": {
        "dmean": 16.3907546997,
        "dmean2": 24.3491535187,
        "dvar": 1504.7322998,
        "dvar2": 3445.37133789,
        "max": 541.86895752,
        "mean": 22.633480072,
        "median": 12.3670368195,
        "min": -1.84770977497,
        "stdev": 41.0525169373,
        "var": 1685.30908203
    },
    "barkbands_skewness": {
        "dmean": 1.15059542656,
        "dmean2": 1.55570781231,
        "dvar": 2.26722979546,
        "dvar2": 4.16920995712,
        "max": 20.7141704559,
        "mean": 2.99877214432,
        "median": 2.58699131012,
        "min": -0.242846816778,
        "stdev": 2.245429039,
        "var": 5.0419511795
    },
    "barkbands_spread": {
        "dmean": 3.28735280037,
        "dmean2": 4.67023992538,
        "dvar": 24.2697029114,
        "dvar2": 44.6937446594,
        "max": 85.7858657837,
        "mean": 8.72333621979,
        "median": 5.0313539505,
        "min": 0.342539966106,
        "stdev": 9.31265735626,
        "var": 86.7255859375
    },
    "dissonance": {
        "dmean": 0.0435301996768,
        "dmean2": 0.0721244141459,
        "dvar": 0.00132165174,
        "dvar2": 0.00355397467501,
        "max": 0.498662620783,
        "mean": 0.405196726322,
        "median": 0.414982408285,
        "min": 0.199020668864,
        "stdev": 0.0576225332916,
        "var": 0.00332035613246
    },
    "dynamic_complexity": 1.52381813526,
    "erbbands_crest": {
        "dmean": 2.50870013237,
        "dmean2": 4.04860639572,
        "dvar": 5.47318172455,
        "dvar2": 12.7108688354,
        "max": 28.9283351898,
        "mean": 10.5296449661,
        "median": 9.73122024536,
        "min": 3.67170238495,
        "stdev": 3.8376493454,
        "var": 14.7275524139
    },
    "erbbands_flatness_db": {
        "dmean": 0.0298563577235,
        "dmean2": 0.0428285710514,
        "dvar": 0.000996495131403,
        "dvar2": 0.00201922794804,
        "max": 0.420255184174,
        "mean": 0.202424034476,
        "median": 0.192599266768,
        "min": 0.0759454220533,
        "stdev": 0.0645193904638,
        "var": 0.00416275206953
    },
    "erbbands_kurtosis": {
        "dmean": 3.51865148544,
        "dmean2": 5.32021474838,
        "dvar": 12.392118454,
        "dvar2": 26.9736537933,
        "max": 42.2306213379,
        "mean": 7.02402639389,
        "median": 6.11776351929,
        "min": -1.88164377213,
        "stdev": 5.99837112427,
        "var": 35.9804573059
    },
    "erbbands_skewness": {
        "dmean": 0.631942272186,
        "dmean2": 0.941456377506,
        "dvar": 0.363445132971,
        "dvar2": 0.790932059288,
        "max": 4.84527397156,
        "mean": 1.67063140869,
        "median": 1.74205136299,
        "min": -1.77457928658,
        "stdev": 1.00278639793,
        "var": 1.00558066368
    },
    "erbbands_spread": {
        "dmean": 11.4098787308,
        "dmean2": 16.8854503632,
        "dvar": 226.075210571,
        "dvar2": 438.867004395,
        "max": 147.735137939,
        "mean": 31.0028629303,
        "median": 19.1250305176,
        "min": 4.60088825226,
        "stdev": 28.7975196838,
        "var": 829.297119141
    },
    "hfc": {
        "dmean": 6.30137634277,
        "dmean2": 9.06036663055,
        "dvar": 58.4857444763,
        "dvar2": 129.903457642,
        "max": 92.3585205078,
        "mean": 19.9356403351,
        "median": 16.303155899,
        "min": 1.46125257015,
        "stdev": 13.3498306274,
        "var": 178.217971802
    },
    "loudness_ebu128": {
        "integrated": -16.3936748505,
        "loudness_range": 1.08803653717,
        "momentary": {
            "dmean": 0.414113402367,
            "dmean2": 0.437270611525,
            "dvar": 0.163908153772,
            "dvar2": 0.293397814035,
            "max": -14.7819690704,
            "mean": -16.5739879608,
            "median": -16.1013679504,
            "min": -21.8171768188,
            "stdev": 1.33745133877,
            "var": 1.78877604008
        },
        "short_term": {
            "dmean": 0.06296415627,
            "dmean2": 0.049721904099,
            "dvar": 0.00188972975593,
            "dvar2": 0.00131485983729,
            "max": -15.4969768524,
            "mean": -16.413772583,
            "median": -16.4737625122,
            "min": -17.0634918213,
            "stdev": 0.349492371082,
            "var": 0.122144907713
        }
    },
    "melbands_crest": {
        "dmean": 3.10604119301,
        "dmean2": 4.25424671173,
        "dvar": 9.41715621948,
        "dvar2": 15.4117803574,
        "max": 35.5436401367,
        "mean": 14.9551372528,
        "median": 13.378827095,
        "min": 5.69780445099,
        "stdev": 5.45354557037,
        "var": 29.7411613464
    },
    "melbands_flatness_db": {
        "dmean": 0.0413801446557,
        "dmean2": 0.0590544193983,
        "dvar": 0.00211238395423,
        "dvar2": 0.00498015480116,
        "max": 0.645006299019,
        "mean": 0.370541751385,
        "median": 0.37258374691,
        "min": 0.111558198929,
        "stdev": 0.0930214449763,
        "var": 0.00865298975259
    },
    "melbands_kurtosis": {
        "dmean": 22.2385883331,
        "dmean2": 32.3712806702,
        "dvar": 1751.87463379,
        "dvar2": 3452.84594727,
        "max": 722.734985352,
        "mean": 34.2812805176,
        "median": 17.6435756683,
        "min": -1.45404624939,
        "stdev": 52.8891181946,
        "var": 2797.25878906
    },
    "melbands_skewness": {
        "dmean": 1.12398004532,
        "dmean2": 1.58650159836,
        "dvar": 1.65159952641,
        "dvar2": 3.20156168938,
        "max": 18.0172233582,
        "mean": 3.2858645916,
        "median": 2.60394406319,
        "min": 0.120228558779,
        "stdev": 2.23754262924,
        "var": 5.00659656525
    },
    "melbands_spread": {
        "dmean": 1.87739253044,
        "dmean2": 2.49173474312,
        "dvar": 7.01613140106,
        "dvar2": 12.8269338608,
        "max": 73.3664855957,
        "mean": 6.46932601929,
        "median": 5.01212930679,
        "min": 0.382276505232,
        "stdev": 5.21539306641,
        "var": 27.2003231049
    },
    "pitch_salience": {
        "dmean": 0.0849736854434,
        "dmean2": 0.123303838074,
        "dvar": 0.0084803821519,
        "dvar2": 0.0177485216409,
        "max": 0.89895182848,
        "mean": 0.560016989708,
        "median": 0.595744013786,
        "min": 0.0923949852586,
        "stdev": 0.140836730599,
        "var": 0.0198349859565
    },
    "silence_rate_20dB": {
        "dmean": 0.00412796717137,
        "dmean2": 0.00826019607484,
        "dvar": 0.00411096587777,
        "dvar2": 0.012322422117,
        "max": 1,
        "mean": 0.997937083244,
        "median": 1,
        "min": 0,
        "stdev": 0.0453728213906,
        "var": 0.00205869297497
    },
    "silence_rate_30dB": {
        "dmean": 0.10319917649,
        "dmean2": 0.206504911184,
        "dvar": 0.092549405992,
        "dvar2": 0.166957512498,
        "max": 1,
        "mean": 0.829809188843,
        "median": 1,
        "min": 0,
        "stdev": 0.375797092915,
        "var": 0.141223460436
    },
    "silence_rate_60dB": {
        "dmean": 0,
        "dmean2": 0,
        "dvar": 0,
        "dvar2": 0,
        "max": 0,
        "mean": 0,
        "median": 0,
        "min": 0,
        "stdev": 0,
        "var": 0
    },
    "spectral_centroid": {
        "dmean": 77.9111862183,
        "dmean2": 109.376594543,
        "dvar": 13308.0107422,
        "dvar2": 23900.0566406,
        "max": 2802.73095703,
        "mean": 434.581329346,
        "median": 351.22644043,
        "min": 144.649841309,
        "stdev": 239.117843628,
        "var": 57177.3398438
    },
    "spectral_complexity": {
        "dmean": 1.48864805698,
        "dmean2": 2.484770298,
        "dvar": 3.78553175926,
        "dvar2": 8.91882038116,
        "max": 43,
        "mean": 9.13099575043,
        "median": 8,
        "min": 4,
        "stdev": 3.24699616432,
        "var": 10.5429840088
    },
    "spectral_decrease": {
        "dmean": 8.54389448079e-09,
        "dmean2": 1.19217027361e-08,
        "dvar": 2.28863537788e-16,
        "dvar2": 4.32475408761e-16,
        "max": -1.51164536444e-09,
        "mean": -1.89469044898e-08,
        "median": -1.27980959164e-08,
        "min": -1.12291431265e-07,
        "stdev": 1.90399127575e-08,
        "var": 3.62518295903e-16
    },
    "spectral_energy": {
        "dmean": 0.0325931757689,
        "dmean2": 0.0454382672906,
        "dvar": 0.00328925368376,
        "dvar2": 0.00620995787904,
        "max": 0.426924437284,
        "mean": 0.073318220675,
        "median": 0.0498554036021,
        "min": 0.00643664831296,
        "stdev": 0.0723214969039,
        "var": 0.00523039838299
    },
    "spectral_energyband_high": {
        "dmean": 0.000375472445739,
        "dmean2": 0.00054647878278,
        "dvar": 3.87376729805e-07,
        "dvar2": 7.47486694763e-07,
        "max": 0.0109299076721,
        "mean": 0.000674225215334,
        "median": 0.000193879081053,
        "min": 2.11387373383e-07,
        "stdev": 0.00111910840496,
        "var": 1.25240364923e-06
    },
    "spectral_energyband_low": {
        "dmean": 0.0299505386502,
        "dmean2": 0.0423340052366,
        "dvar": 0.00374405481853,
        "dvar2": 0.00745446514338,
        "max": 0.411203414202,
        "mean": 0.0455265492201,
        "median": 0.0190913174301,
        "min": 4.13099623984e-05,
        "stdev": 0.0724481195211,
        "var": 0.00524872960523
    },
    "spectral_energyband_middle_high": {
        "dmean": 0.000553426099941,
        "dmean2": 0.000778955582064,
        "dvar": 2.8739393656e-06,
        "dvar2": 5.10243626195e-06,
        "max": 0.0434373281896,
        "mean": 0.0012065009214,
        "median": 0.000279184867395,
        "min": 7.23109451428e-06,
        "stdev": 0.00320612988435,
        "var": 1.02792691905e-05
    },
    "spectral_energyband_middle_low": {
        "dmean": 0.00957152061164,
        "dmean2": 0.0160978101194,
        "dvar": 0.000179153736099,
        "dvar2": 0.000503148767166,
        "max": 0.11980330199,
        "mean": 0.0286600161344,
        "median": 0.0264030490071,
        "min": 0.00240030651912,
        "stdev": 0.015580999665,
        "var": 0.000242767549935
    },
    "spectral_entropy": {
        "dmean": 0.329523772001,
        "dmean2": 0.484213352203,
        "dvar": 0.12255140394,
        "dvar2": 0.270438939333,
        "max": 8.33387374878,
        "mean": 6.48703813553,
        "median": 6.45420503616,
        "min": 4.75567722321,
        "stdev": 0.749370634556,
        "var": 0.561556339264
    },
    "spectral_flux": {
        "dmean": 0.0530974753201,
        "dmean2": 0.0780896320939,
        "dvar": 0.00655920989811,
        "dvar2": 0.0133325112984,
        "max": 0.577493548393,
        "mean": 0.117831498384,
        "median": 0.0813094899058,
        "min": 0.0155787076801,
        "stdev": 0.103617571294,
        "var": 0.0107366004959
    },
    "spectral_kurtosis": {
        "dmean": 7.24613666534,
        "dmean2": 10.3044242859,
        "dvar": 174.640274048,
        "dvar2": 325.318481445,
        "max": 159.618301392,
        "mean": 13.6993846893,
        "median": 7.01537227631,
        "min": -0.949062108994,
        "stdev": 19.8661422729,
        "var": 394.663604736
    },
    "spectral_rms": {
        "dmean": 0.00151386868674,
        "dmean2": 0.0020153450314,
        "dvar": 4.75749993711e-06,
        "dvar2": 8.03727380116e-06,
        "max": 0.0204086173326,
        "mean": 0.00779164535925,
        "median": 0.00697419652715,
        "min": 0.00250592431985,
        "stdev": 0.0032894294709,
        "var": 1.08203457785e-05
    },
    "spectral_rolloff": {
        "dmean": 131.520950317,
        "dmean2": 210.095001221,
        "dvar": 192163.953125,
        "dvar2": 368126.09375,
        "max": 7385.88867188,
        "mean": 476.684631348,
        "median": 430.6640625,
        "min": 64.599609375,
        "stdev": 592.206176758,
        "var": 350708.15625
    },
    "spectral_skewness": {
        "dmean": 0.677796781063,
        "dmean2": 0.942939281464,
        "dvar": 0.744514644146,
        "dvar2": 1.43134462833,
        "max": 11.0351209641,
        "mean": 2.90352320671,
        "median": 2.58247494698,
        "min": 0.12191054225,
        "stdev": 1.61977458,
        "var": 2.62366986275
    },
    "spectral_spread": {
        "dmean": 1428033.375,
        "dmean2": 1988721.375,
        "dvar": 2.39497694413e+12,
        "dvar2": 4.81647604531e+12,
        "max": 13813961,
        "mean": 5810405.5,
        "median": 5436874.5,
        "min": 446770.84375,
        "stdev": 2915319.75,
        "var": 8.49908963738e+12
    },
    "spectral_strongpeak": {
        "dmean": 0.31373628974,
        "dmean2": 0.523595929146,
        "dvar": 0.325678169727,
        "dvar2": 0.771673440933,
        "max": 7.96801614761,
        "mean": 0.755769848824,
        "median": 0.631008327007,
        "min": 0,
        "stdev": 0.69604665041,
        "var": 0.484480947256
    },
    "zerocrossingrate": {
        "dmean": 0.009167493321,
        "dmean2": 0.0103764180094,
        "dvar": 0.000104479418951,
        "dvar2": 0.000116618270113,
        "max": 0.193359375,
        "mean": 0.0330537967384,
        "median": 0.02294921875,
        "min": 0.00244140625,
        "stdev": 0.0264641027898,
        "var": 0.000700348697137
    },
    "barkbands": {
        "dmean": [0.00100718764588, 0.0269338227808, 0.00640512723476, 0.00332444463857, 0.00487966882065, 0.00175511126872, 0.00168614392169, 0.00164849229623, 0.000690999324434, 0.000316089688567, 0.000271087919828, 9.26635839278e-05, 2.06238164537e-05, 2.06018776225e-05, 2.71652661468e-05, 2.46454965236e-05, 2.41037032538e-05, 3.24682951032e-05, 2.4116718123e-05, 1.64177308761e-05, 3.24764951074e-05, 5.36353290954e-05, 9.75401126198e-05, 8.66554764798e-05, 9.53807320911e-05, 6.3968662289e-05, 7.16498925613e-06],
        "dmean2": [0.00160572282039, 0.0380986221135, 0.0117848375812, 0.00615606550127, 0.00821419525892, 0.00288574490696, 0.0028461473994, 0.00235820142552, 0.000972242851276, 0.000413117726566, 0.000371636357158, 0.00014225007908, 3.33030584443e-05, 3.45482185367e-05, 4.30090476584e-05, 3.9504851884e-05, 3.67660722986e-05, 4.99655907333e-05, 3.89822162106e-05, 2.62080575339e-05, 4.75040578749e-05, 7.28476225049e-05, 0.00013686256716, 0.000132696484798, 0.000149199666339, 0.000104019396531, 1.29079326143e-05],
        "dvar": [1.07195401142e-05, 0.00354355713353, 0.000246166222496, 5.10255922563e-05, 3.71518144675e-05, 5.32937565367e-06, 5.60737589694e-06, 8.28306929179e-06, 3.3879161947e-06, 2.32959700952e-06, 1.66790039202e-06, 1.83576048585e-07, 3.61094953938e-09, 3.01267144565e-09, 1.03263859685e-08, 8.45351610934e-09, 8.60528892588e-09, 1.73176584184e-08, 3.72218678102e-09, 1.92034943503e-09, 5.4102482494e-09, 2.15916369228e-08, 4.88137921195e-08, 1.98027496623e-08, 2.39925288525e-08, 1.76049859135e-08, 3.20833665191e-10],
        "dvar2": [2.39952041738e-05, 0.00762295769528, 0.000711159431376, 0.000146903417772, 0.000102662503195, 1.35583650263e-05, 1.58726124937e-05, 2.05434080272e-05, 7.55909604777e-06, 3.92988113163e-06, 3.02681951325e-06, 3.85433935435e-07, 8.11165712378e-09, 7.33216110049e-09, 2.19490043918e-08, 1.91517486314e-08, 1.69768217262e-08, 3.39317622888e-08, 8.23294410424e-09, 4.56101023616e-09, 1.15082361418e-08, 3.82261298171e-08, 9.29513959136e-08, 4.16017087446e-08, 5.99778005039e-08, 4.097805828e-08, 8.89719908859e-10],
        "max": [0.112833343446, 0.389266163111, 0.128639429808, 0.0710385739803, 0.0636927261949, 0.0500523038208, 0.04052330181, 0.0515482127666, 0.0452677533031, 0.0311183929443, 0.0372552648187, 0.00678287725896, 0.00182461238001, 0.000975655624643, 0.00196651741862, 0.00182696478441, 0.00243988959119, 0.00357532780617, 0.00157136982307, 0.000683023012243, 0.00120871642139, 0.00551190041006, 0.00497904187068, 0.00219252775423, 0.00185054924805, 0.00143009552266, 0.00019286670431],
        "mean": [0.00101780914702, 0.0295635480434, 0.0123549094424, 0.00504757696763, 0.0110403820872, 0.00402213679627, 0.003171606455, 0.00364767992869, 0.00138008920476, 0.000472387822811, 0.000535953149665, 0.000126726081362, 2.70132495643e-05, 2.60688029812e-05, 3.90810055251e-05, 3.40654914908e-05, 3.40666410921e-05, 5.24884926563e-05, 4.06332255807e-05, 2.55966988334e-05, 5.39967622899e-05, 9.18690202525e-05, 0.000140550226206, 0.000146515987581, 0.000131933076773, 8.68084971444e-05, 6.83156758896e-06],
        "median": [9.17417928576e-05, 0.00283520366065, 0.00985435489565, 0.00285832327791, 0.00963855534792, 0.00307346764021, 0.00247265701182, 0.00185519189108, 0.000279695814243, 6.22945226496e-05, 7.48671445763e-05, 1.62545638887e-05, 6.25947723165e-06, 4.70119266538e-06, 3.10968744088e-06, 1.89753939139e-06, 3.33777643391e-06, 8.40872598928e-06, 1.15834081953e-05, 4.98713598063e-06, 9.7741776699e-06, 1.12597626867e-05, 1.72960335476e-05, 5.30713805347e-05, 4.20436263084e-05, 1.20841668831e-05, 3.04497746129e-07],
        "min": [6.69251321028e-08, 4.03380454372e-06, 3.2579209801e-06, 1.38880050145e-05, 0.00083056621952, 0.000127212551888, 1.79798134923e-05, 7.42312886359e-06, 5.28861801286e-06, 3.30177897467e-07, 6.93736865287e-07, 9.48875751305e-08, 5.5076199601e-08, 1.28073711636e-08, 4.18144949776e-08, 1.0820293106e-08, 1.84092812106e-08, 3.96226234045e-08, 1.49817864781e-08, 1.9444250654e-08, 4.92081682069e-08, 7.31492955097e-09, 4.72248212757e-11, 2.67456989889e-08, 1.21449588164e-08, 6.14788842057e-09, 1.77385432731e-11],
        "stdev": [0.00352223124355, 0.0666014477611, 0.0128836780787, 0.00668360060081, 0.00719090970233, 0.00365841435269, 0.00315912044607, 0.00466972962022, 0.0029169714544, 0.00211975420825, 0.00241883960553, 0.000563163252082, 7.68768368289e-05, 7.08539810148e-05, 0.000154851761181, 0.000125167644001, 0.000148436971358, 0.000196335327928, 9.66612788034e-05, 6.07315669185e-05, 0.000111652807391, 0.000298132450553, 0.000361306418199, 0.000235032537603, 0.000200024573132, 0.000192461535335, 1.75770692294e-05],
        "var": [1.24061125462e-05, 0.00443575251848, 0.000165989156812, 4.46705198556e-05, 5.17091793881e-05, 1.33839957925e-05, 9.98004270514e-06, 2.18063742068e-05, 8.50872220326e-06, 4.49335811936e-06, 5.85078487347e-06, 3.17152853313e-07, 5.91004845063e-09, 5.02028640881e-09, 2.39790658441e-08, 1.56669379692e-08, 2.20335358847e-08, 3.85475615872e-08, 9.34340338432e-09, 3.68832320241e-09, 1.24663497303e-08, 8.88829632117e-08, 1.30542318288e-07, 5.52402923404e-08, 4.00098301157e-08, 3.70414419137e-08, 3.08953390649e-10]
    },
    "erbbands": {
        "dmean": [0.932306230068, 5.78654909134, 7.97300291061, 9.14334201813, 12.8401203156, 19.0058612823, 20.3896865845, 12.4940633774, 19.5190181732, 27.863243103, 33.6587219238, 17.6113166809, 12.6195363998, 7.7423415184, 8.72532272339, 4.13150644302, 0.98944735527, 1.03127872944, 1.41361653805, 1.03693544865, 1.51785206795, 1.10796701908, 1.39311420918, 1.91467320919, 0.748096585274, 0.758563518524, 0.943205177784, 1.62032318115, 1.83130323887, 2.23269176483, 2.81590437889, 1.95683908463, 1.51245737076, 1.0074930191, 0.730270802975, 0.312200069427, 0.116003252566, 0.0245034601539, 0.000746422039811, 4.61379968328e-05],
        "dmean2": [1.30099308491, 8.52655982971, 14.4375295639, 17.0068511963, 21.955291748, 32.7865524292, 33.8923835754, 20.3980998993, 32.7379760742, 43.1612548828, 48.2534980774, 24.6640663147, 16.0883674622, 11.0775089264, 11.85201931, 6.308801651, 1.56357932091, 1.70160079002, 2.2137465477, 1.61326944828, 2.42684221268, 1.66660165787, 2.11887669563, 3.03676629066, 1.22727549076, 1.20241189003, 1.4563498497, 2.32548451424, 2.53969192505, 3.23460531235, 3.98595523834, 2.87224316597, 2.37043499947, 1.54603624344, 1.17966794968, 0.495384395123, 0.195958063006, 0.0414810404181, 0.00129337527324, 6.55488693155e-05],
        "dvar": [4.06711006165, 178.032318115, 405.830169678, 412.421325684, 496.916412354, 512.706848145, 576.547119141, 413.648284912, 782.232055664, 2093.66113281, 3367.76806641, 2430.25073242, 3791.96606445, 725.643432617, 2474.84594727, 349.886322021, 8.8124961853, 5.02934503555, 24.2803344727, 13.0843143463, 41.300743103, 16.6705760956, 29.7392482758, 34.7588577271, 3.87719035149, 4.78700017929, 5.72524356842, 14.0156402588, 32.6408615112, 42.6706581116, 37.2269248962, 13.0663881302, 5.47030448914, 2.39465761185, 1.87041652203, 0.394278913736, 0.0618453174829, 0.00269221654162, 3.16394016409e-06, 4.57805482412e-09],
        "dvar2": [8.85164546967, 409.607391357, 1133.96411133, 1190.65185547, 1403.61218262, 1441.74084473, 1472.72021484, 987.040893555, 2303.47558594, 5022.88330078, 8320.46191406, 5218.34326172, 6392.35791016, 1615.63122559, 3379.89428711, 727.054199219, 19.0421504974, 12.5551586151, 51.375957489, 25.2343883514, 100.336242676, 33.3466949463, 66.8638458252, 64.8738479614, 9.35252285004, 11.9691438675, 13.1908216476, 28.6976642609, 69.1011047363, 78.0429992676, 70.4468307495, 24.3943424225, 12.4776420593, 5.68290615082, 4.79038763046, 0.924989819527, 0.149577856064, 0.00618793163449, 8.18768876343e-06, 8.62036575455e-09],
        "max": [13.4522123337, 92.7652206421, 149.252883911, 186.223419189, 225.849441528, 246.027069092, 305.180480957, 415.420837402, 688.79107666, 919.247741699, 1085.35510254, 1257.32556152, 1265.28076172, 771.246520996, 1832.42297363, 287.701751709, 91.4294281006, 42.1174964905, 122.518005371, 74.2918243408, 127.53578186, 117.983230591, 154.271484375, 187.278015137, 34.4030914307, 36.0907821655, 47.1627731323, 69.1665496826, 222.888748169, 264.838531494, 109.895980835, 51.4228172302, 37.1820335388, 18.5425262451, 20.7213592529, 7.05785179138, 2.20617318153, 0.640905976295, 0.0202955920249, 0.000492447405122],
        "mean": [0.986058592796, 6.1732635498, 13.212677002, 17.2411651611, 28.7544574738, 36.2829017639, 38.4729270935, 27.6005516052, 40.8408660889, 63.3141746521, 71.8436965942, 36.7770500183, 21.1660671234, 13.2958135605, 18.6017417908, 6.37442827225, 1.52783131599, 1.43546485901, 2.02477383614, 1.62073040009, 2.18582701683, 1.72408676147, 2.34357666969, 3.23020362854, 1.29571163654, 1.19912755489, 1.67929923534, 2.55893993378, 3.04864549637, 3.74597477913, 3.95572590828, 3.1114730835, 2.51108694077, 1.51758301258, 0.912886381149, 0.418355822563, 0.151103779674, 0.0299020670354, 0.000836671621073, 0.00010288314661],
        "median": [0.0429259166121, 0.996343612671, 9.46288871765, 12.7174987793, 24.0079689026, 29.9137001038, 26.1872596741, 18.7378692627, 30.3955116272, 40.7132492065, 36.8808555603, 11.5105018616, 2.36233830452, 3.9524102211, 1.66853773594, 0.80504989624, 0.363421678543, 0.330204159021, 0.26427295804, 0.129753082991, 0.1333630234, 0.192632138729, 0.448023676872, 0.769625782967, 0.262965530157, 0.234293356538, 0.381273776293, 0.365563511848, 0.344605982304, 0.405266612768, 0.550292551517, 0.860908269882, 0.964311361313, 0.589915633202, 0.234666898847, 0.064990028739, 0.0209651738405, 0.00270699057728, 0.000103124213638, 6.73795657349e-05],
        "min": [0.000704757228959, 0.00115436967462, 0.00717737525702, 0.231586247683, 0.836662232876, 2.95078206062, 1.73473143578, 0.889941573143, 0.717347204685, 0.516595721245, 0.525424540043, 0.245781257749, 0.0319619253278, 0.0573560781777, 0.0186874978244, 0.0116665735841, 0.0045982375741, 0.00269910343923, 0.00419960543513, 0.00143732619472, 0.00125891040079, 0.00177383911796, 0.00248408387415, 0.0045687071979, 0.00134796649218, 0.00104695069604, 0.00192631757818, 0.00155461055692, 0.000384658691473, 0.000172044485225, 0.000203915522434, 0.000621875224169, 0.000404061574955, 0.000162357959198, 0.00010969023424, 5.50525946892e-05, 1.76179728442e-05, 3.31819546773e-06, 3.55699648935e-06, 8.05294621387e-06],
        "stdev": [2.28231620789, 13.9664859772, 16.8949604034, 17.6488113403, 24.219587326, 25.399066925, 35.4104042053, 31.8733959198, 38.8087997437, 74.2708435059, 88.7858810425, 75.1796035767, 87.6033401489, 39.8851928711, 104.984718323, 25.9120407104, 4.25026607513, 3.19234323502, 7.61311388016, 5.58813762665, 8.90645980835, 6.68573760986, 8.43015193939, 9.62798595428, 2.97531652451, 2.90999364853, 3.6245341301, 5.43205595016, 9.92235183716, 13.9071435928, 9.28361034393, 5.54776334763, 3.88668489456, 2.22253799438, 1.58593225479, 0.895950078964, 0.339304089546, 0.0704500302672, 0.0019991544541, 9.26323555177e-05],
        "var": [5.2089676857, 195.062728882, 285.439697266, 311.480560303, 586.588378906, 645.112609863, 1253.89685059, 1015.91333008, 1506.12304688, 5516.15771484, 7882.93212891, 5651.97314453, 7674.34521484, 1590.82861328, 11021.7910156, 671.433837891, 18.0647621155, 10.1910552979, 57.9595031738, 31.2272815704, 79.3250198364, 44.6990852356, 71.0674591064, 92.6981048584, 8.85250854492, 8.46806240082, 13.1372480392, 29.5072307587, 98.4530639648, 193.408630371, 86.1854171753, 30.7776756287, 15.1063203812, 4.93967485428, 2.51518106461, 0.802726507187, 0.115127272904, 0.00496320659295, 3.99661894335e-06, 8.58075299703e-09]
    },
    "gfcc": {
        "mean": [-28.4436092377, 119.146263123, -23.0987453461, 22.9193687439, -83.1857147217, 2.32648897171, -41.4640045166, 17.3955383301, -27.6713676453, -2.75061535835, -14.6940631866, -6.40790128708, -17.1002693176],
        "cov": [[3980.04443359, -2150.04223633, -524.909606934, 373.016601562, -113.089866638, 562.74420166, -266.230010986, 180.254470825, 112.848396301, 295.520629883, -328.428192139, 412.905731201, -79.4227371216], [-2150.04223633, 1990.33056641, 50.5579795837, -528.921875, 292.117950439, -258.210388184, 321.244781494, -53.440246582, 39.2006111145, -160.952194214, 327.741546631, -258.789733887, 142.18913269], [-524.909606934, 50.5579795837, 835.204528809, 135.017288208, -45.8795127869, 19.3094482422, 118.718650818, 76.5892410278, 55.2600860596, 72.6845932007, 46.8860397339, 24.5807914734, -16.04271698], [373.016601562, -528.921875, 135.017288208, 505.203796387, -75.9777297974, 59.1621513367, -36.3498382568, 41.4149436951, 51.5593833923, 48.009513855, -41.3828353882, 83.502494812, 2.69640612602], [-113.089866638, 292.117950439, -45.8795127869, -75.9777297974, 396.875396729, 9.68647003174, 60.4936752319, 71.3343429565, 38.4625053406, 21.4758014679, 87.3283843994, 10.8550920486, 68.7644958496], [562.74420166, -258.210388184, 19.3094482422, 59.1621513367, 9.68647003174, 273.308380127, 15.0130758286, 38.2557945251, 62.3153266907, 83.3273544312, -0.403933316469, 81.3629608154, 23.6816329956], [-266.230010986, 321.244781494, 118.718650818, -36.3498382568, 60.4936752319, 15.0130758286, 235.886825562, 18.7393894196, 41.0951423645, 21.1543884277, 89.3167648315, 27.777173996, 30.4113407135], [180.254470825, -53.440246582, 76.5892410278, 41.4149436951, 71.3343429565, 38.2557945251, 18.7393894196, 214.743362427, 43.6080513, 11.9194898605, 41.9334716797, 31.0150356293, 60.587638855], [112.848396301, 39.2006111145, 55.2600860596, 51.5593833923, 38.4625053406, 62.3153266907, 41.0951423645, 43.6080513, 149.152008057, 30.1420135498, -9.05385017395, 27.3311367035, 27.9774131775], [295.520629883, -160.952194214, 72.6845932007, 48.009513855, 21.4758014679, 83.3273544312, 21.1543884277, 11.9194898605, 30.1420135498, 120.42199707, 1.54559087753, 34.0590629578, -3.07970356941], [-328.428192139, 327.741546631, 46.8860397339, -41.3828353882, 87.3283843994, -0.403933316469, 89.3167648315, 41.9334716797, -9.05385017395, 1.54559087753, 168.38343811, -13.9375123978, 38.4556694031], [412.905731201, -258.789733887, 24.5807914734, 83.502494812, 10.8550920486, 81.3629608154, 27.777173996, 31.0150356293, 27.3311367035, 34.0590629578, -13.9375123978, 138.088729858, -1.24695658684], [-79.4227371216, 142.18913269, -16.04271698, 2.69640612602, 68.7644958496, 23.6816329956, 30.4113407135, 60.587638855, 27.9774131775, -3.07970356941, 38.4556694031, -1.24695658684, 111.418304443]],
        "icov": [[0.00152460276149, 0.00116786372382, 0.00115918728989, 0.000512730388436, 4.12716217397e-05, -0.0010042800568, -4.16736475017e-05, -0.00112350354902, -0.00078639423009, -0.0016760120634, 0.000520116765983, -0.00141110364348, 0.000517024134751], [0.00116786372382, 0.0049978364259, 0.000305735564325, 0.0029125502333, -0.00102756777778, 0.00101523217745, -0.00300818751566, 0.00183490512427, -0.00406587636098, 0.00231595453806, -0.00448933430016, 0.00349061563611, -0.00265688169748], [0.00115918728989, 0.000305735564325, 0.00251403008588, -0.0003347909078, 0.000522664224263, -0.000765887030866, -0.00041037867777, -0.00189745170064, -0.000366339460015, -0.00260671484284, 0.000845658534672, -0.00140496669337, 0.00150259130169], [0.000512730388436, 0.0029125502333, -0.0003347909078, 0.00432213488966, -4.72895881103e-05, 0.00105126784183, -0.00095924717607, 0.00115812069271, -0.00311304838397, 0.000994493369944, -0.00286426651292, 0.000749711238313, -0.0022602705285], [4.12716217397e-05, -0.00102756777778, 0.000522664224263, -4.72895881103e-05, 0.0037108163815, 0.000134814617923, 0.000840397260617, -0.00124796677846, 1.90162991203e-05, -0.00202861055732, -0.00016409518139, -0.00189778313506, -0.000477906723972], [-0.0010042800568, 0.00101523217745, -0.000765887030866, 0.00105126784183, 0.000134814617923, 0.00729444110766, -0.000551970268134, 0.00185163679998, -0.00257959752344, -0.000721166550647, -0.00313660316169, 0.000138257004437, -0.00292512099259], [-4.16736475017e-05, -0.00300818751566, -0.00041037867777, -0.00095924717607, 0.000840397260617, -0.000551970268134, 0.0089152706787, -0.000786365300883, 0.000533744576387, -0.00308140576817, 3.45924127032e-05, -0.00554988300428, 0.00107300223317], [-0.00112350354902, 0.00183490512427, -0.00189745170064, 0.00115812069271, -0.00124796677846, 0.00185163679998, -0.000786365300883, 0.00907955784351, -0.00281163631007, 0.00397268589586, -0.00491653056815, 0.00259466422722, -0.00524802412838], [-0.00078639423009, -0.00406587636098, -0.000366339460015, -0.00311304838397, 1.90162991203e-05, -0.00257959752344, 0.000533744576387, -0.00281163631007, 0.0124638220295, -0.00255056843162, 0.00634410837665, -0.00246519176289, 0.00115314382128], [-0.0016760120634, 0.00231595453806, -0.00260671484284, 0.000994493369944, -0.00202861055732, -0.000721166550647, -0.00308140576817, 0.00397268589586, -0.00255056843162, 0.0168222039938, -0.00456154765561, 0.00540612824261, -0.00172327435575], [0.000520116765983, -0.00448933430016, 0.000845658534672, -0.00286426651292, -0.00016409518139, -0.00313660316169, 3.45924127032e-05, -0.00491653056815, 0.00634410837665, -0.00456154765561, 0.0154932243749, -0.00397202465683, 0.00261205830611], [-0.00141110364348, 0.00349061563611, -0.00140496669337, 0.000749711238313, -0.00189778313506, 0.000138257004437, -0.00554988300428, 0.00259466422722, -0.00246519176289, 0.00540612824261, -0.00397202465683, 0.0171355307102, -0.00210403907113], [0.000517024134751, -0.00265688169748, 0.00150259130169, -0.0022602705285, -0.000477906723972, -0.00292512099259, 0.00107300223317, -0.00524802412838, 0.00115314382128, -0.00172327435575, 0.00261205830611, -0.00210403907113, 0.0152207557112]]
    },
    "melbands": {
        "dmean": [0.00792114809155, 0.00485929520801, 0.00160924543161, 0.0010693956865, 0.00073685409734, 0.000285618880298, 0.000326963694533, 0.000310865201754, 0.000258487445535, 0.000104418431874, 5.9971545852e-05, 2.8730080885e-05, 3.01786567434e-05, 1.71186566149e-05, 3.84535860576e-06, 2.32694605984e-06, 1.95622692445e-06, 2.27230475502e-06, 1.85272222097e-06, 1.32133550323e-06, 2.15400291381e-06, 1.28259409848e-06, 1.34518984396e-06, 1.35327616135e-06, 1.7347405219e-06, 6.94221341746e-07, 4.79200707559e-07, 5.57270709578e-07, 5.88183354466e-07, 8.06508637652e-07, 1.01479486148e-06, 1.02285605408e-06, 1.22579422168e-06, 1.30246019125e-06, 1.54649671913e-06, 1.8831979105e-06, 1.08364235984e-06, 1.13875910301e-06, 1.01068746972e-06, 8.20965794901e-07],
        "dmean2": [0.0111563103274, 0.00780427781865, 0.00295663881116, 0.00177908979822, 0.00123734015506, 0.00046620395733, 0.000549777469132, 0.000473657244584, 0.00036847856245, 0.000146328937262, 7.65249715187e-05, 4.19208372477e-05, 4.12496337958e-05, 2.39760229306e-05, 6.09330800216e-06, 3.75517720386e-06, 3.24484085468e-06, 3.57287103725e-06, 2.9522038858e-06, 2.00630097424e-06, 3.51259336639e-06, 2.00864906219e-06, 2.03043464353e-06, 2.12132658817e-06, 2.75746083389e-06, 1.14390149974e-06, 8.04054820946e-07, 9.00541749616e-07, 9.27858252453e-07, 1.20704271467e-06, 1.46460490669e-06, 1.48972515035e-06, 1.73404453108e-06, 1.91644448932e-06, 2.23574693337e-06, 2.71022872766e-06, 1.63087577221e-06, 1.80907920821e-06, 1.58554598784e-06, 1.2625113186e-06],
        "dvar": [0.00029943275149, 0.0001231393544, 1.17857352961e-05, 2.23033953262e-06, 6.68920336011e-07, 1.87162228826e-07, 1.97458234652e-07, 2.70865058383e-07, 1.94494631955e-07, 9.24368919186e-08, 9.28690440105e-08, 1.04068229589e-08, 2.40496920156e-08, 5.82895953727e-09, 2.36458547187e-10, 4.9359259735e-11, 2.23294698704e-11, 6.56971560486e-11, 6.44359357538e-11, 2.0644244994e-11, 9.49518727533e-11, 2.23602213134e-11, 5.89013213204e-11, 2.15474253024e-11, 2.81299723098e-11, 3.66117596309e-12, 1.6764942299e-12, 2.62152842836e-12, 1.97193303353e-12, 3.68904125997e-12, 5.72112756475e-12, 9.95469071757e-12, 1.24144514113e-11, 1.49142486555e-11, 1.15229319142e-11, 2.15684588245e-11, 3.99339415702e-12, 3.45488828518e-12, 2.37686389667e-12, 1.83579800667e-12],
        "dvar2": [0.000638212251943, 0.000311538868118, 3.40903570759e-05, 6.15205090071e-06, 1.76926403128e-06, 4.57318151348e-07, 5.79513368848e-07, 6.53348081414e-07, 4.76078525935e-07, 1.92227801676e-07, 1.5715592383e-07, 2.30408971902e-08, 3.95480554971e-08, 1.02009325431e-08, 5.13846298844e-10, 1.08822090228e-10, 5.60000795735e-11, 1.39340317062e-10, 1.32571412181e-10, 3.89061144412e-11, 2.28928528911e-10, 4.81708804789e-11, 1.23892465731e-10, 4.62518218169e-11, 5.33058389096e-11, 9.0321613036e-12, 4.17607658523e-12, 6.71353901291e-12, 4.63520975075e-12, 8.33365928349e-12, 1.16338050304e-11, 2.21872520356e-11, 2.23335065719e-11, 2.82793771039e-11, 2.33663158267e-11, 4.22402113287e-11, 7.82830831408e-12, 7.92374152403e-12, 5.7236585263e-12, 4.40496597531e-12],
        "max": [0.111821964383, 0.080802924931, 0.0346329733729, 0.01585653238, 0.00923467520624, 0.00929819885641, 0.00960903521627, 0.00948611553758, 0.00745265325531, 0.00692279078066, 0.00622857827693, 0.00285189365968, 0.00495706312358, 0.00209179962985, 0.000270830263617, 0.000233674858464, 8.68854112923e-05, 0.000187773403013, 0.000217526743654, 0.00014683532936, 0.00021480389114, 0.000122391764307, 0.000298693601508, 0.000112915302452, 0.000170152474311, 4.31003827543e-05, 2.08031724469e-05, 2.6270012313e-05, 2.28864446399e-05, 3.49744295818e-05, 4.84199445054e-05, 0.000104637438199, 0.000138037998113, 0.00014541206474, 7.50119943405e-05, 7.93586368673e-05, 4.29847787018e-05, 2.91540036415e-05, 1.91861854546e-05, 1.63939912454e-05],
        "mean": [0.0085515640676, 0.00713827880099, 0.00331879127771, 0.00238195317797, 0.00139326765202, 0.000650334754027, 0.000661008700263, 0.000714717898518, 0.000540259759873, 0.000210621670703, 9.64154605754e-05, 4.61977651867e-05, 6.15133540123e-05, 2.86525428237e-05, 5.44183740203e-06, 3.01164482153e-06, 2.53105713455e-06, 3.09231722895e-06, 2.7076778224e-06, 1.94729682335e-06, 2.93726179734e-06, 1.81812310984e-06, 2.02410706152e-06, 2.20104743676e-06, 2.79817459159e-06, 1.06090385543e-06, 7.11130780928e-07, 8.12776818293e-07, 9.53108610702e-07, 1.29110105718e-06, 1.51259075665e-06, 1.59774674557e-06, 2.02767296287e-06, 2.07125435736e-06, 2.12367353924e-06, 2.43608178607e-06, 1.74931028596e-06, 1.83600513992e-06, 1.51400718096e-06, 1.18379546166e-06],
        "median": [0.000601587933488, 0.00427580345422, 0.00254070735537, 0.00200275727548, 0.00104642286897, 0.000455303699709, 0.00050385913346, 0.000427725288318, 0.000262752990238, 4.10761458625e-05, 8.67815560923e-06, 1.38910399983e-05, 7.11934080755e-06, 2.45399155574e-06, 1.02640899513e-06, 7.06313983301e-07, 4.86648900733e-07, 3.94041990148e-07, 2.0162677572e-07, 1.27359470525e-07, 1.56251374506e-07, 1.73937976911e-07, 3.14131341383e-07, 3.91362732444e-07, 6.64395713557e-07, 2.49433526278e-07, 1.125872231e-07, 1.51295964201e-07, 2.20290331754e-07, 2.2075995787e-07, 1.94128105591e-07, 1.64718741757e-07, 2.17713548523e-07, 1.8969100779e-07, 2.46042873187e-07, 3.75114439066e-07, 5.45228488136e-07, 6.58968929201e-07, 5.88355192122e-07, 4.44871119498e-07],
        "min": [7.58953035529e-07, 2.07373773264e-06, 0.000104788749013, 0.000131134380354, 7.53798885853e-05, 2.27001619351e-05, 9.8640921351e-06, 3.17695980812e-06, 3.97709618483e-06, 1.29121713144e-06, 8.74977956755e-08, 8.83647430783e-08, 5.37760698194e-08, 6.4261080901e-09, 1.67596532208e-08, 5.78144643271e-09, 2.39336350738e-09, 2.46728015796e-09, 2.99531177639e-09, 3.53261531139e-10, 9.07465380617e-10, 1.08289299749e-09, 2.08010009217e-09, 2.02924410608e-09, 2.22267138028e-09, 5.84058523767e-10, 3.89377252663e-10, 5.43306843959e-10, 9.2277646635e-10, 1.03851727218e-09, 7.41624706091e-10, 2.00435806841e-10, 8.35889777534e-12, 8.93974889775e-13, 4.4349303418e-13, 1.16419276996e-10, 2.61953070346e-10, 2.73190803313e-10, 1.73719524876e-10, 9.22902657075e-11],
        "stdev": [0.0195819754153, 0.0106162503362, 0.00295233796351, 0.00173189479392, 0.00112152926158, 0.0006871111691, 0.000618047488388, 0.000869157956913, 0.000678192940541, 0.000489905534778, 0.000430328800576, 0.000148244027514, 0.000312339223456, 0.000128600891912, 2.02831251954e-05, 8.9812965598e-06, 6.31906596027e-06, 1.20834374684e-05, 1.18878797366e-05, 7.54029633754e-06, 1.3687747014e-05, 7.25365180188e-06, 1.00973793451e-05, 7.11714574209e-06, 8.53394067235e-06, 2.58329509961e-06, 1.88261697076e-06, 1.99852047444e-06, 2.05249784813e-06, 2.86396516458e-06, 3.34077185471e-06, 4.94448750032e-06, 7.46824571252e-06, 7.95510277385e-06, 5.31131399839e-06, 5.79207835472e-06, 3.19791024594e-06, 3.05938124256e-06, 2.21641084863e-06, 1.85417877674e-06],
        "var": [0.000383453763789, 0.000112704772619, 8.71629981702e-06, 2.99945941151e-06, 1.25782776195e-06, 4.72121797657e-07, 3.8198271568e-07, 7.55435507926e-07, 4.5994565312e-07, 2.40007437924e-07, 1.85182884138e-07, 2.19762927856e-08, 9.75557838956e-08, 1.65381912609e-08, 4.11405187695e-10, 8.06636910045e-11, 3.99305935539e-11, 1.46009468405e-10, 1.41321676583e-10, 5.68560684644e-11, 1.87354423642e-10, 5.2615464069e-11, 1.01957067788e-10, 5.0653765904e-11, 7.28281462914e-11, 6.67341399155e-12, 3.54424649351e-12, 3.99408414328e-12, 4.21274777215e-12, 8.20229648091e-12, 1.11607572142e-11, 2.44479558126e-11, 5.57746973606e-11, 6.32836630321e-11, 2.82100540844e-11, 3.35481711855e-11, 1.02266303065e-11, 9.35981327166e-12, 4.91247754281e-12, 3.4379790681e-12]
    },
    "melbands128": {
