{
"lowlevel": {
    "average_loudness": 0.878276586533,
    "barkbands_crest": {
        "dmean": 2.46634984016,
        "dmean2": 3.91129517555,
        "dvar": 6.08723020554,
        "dvar2": 14.1202831268,
        "max": 26.2281303406,
        "mean": 14.4811878204,
        "median": 14.0703878403,
        "min": 3.1375644207,
        "stdev": 5.00527095795,
        "var": 25.0527381897
    },
    "barkbands_flatness_db": {
        "dmean": 0.0476590432227,
        "dmean2": 0.0709644183517,
        "dvar": 0.00269858608954,
        "dvar2": 0.00545537285507,
        "max": 0.602541744709,
        "mean": 0.370179176331,
        "median": 0.382312446833,
        "min": 0.0862997993827,
        "stdev": 0.0849523991346,
        "var": 0.00721691036597
    },
    "barkbands_kurtosis": {
        "dmean": 3.583517313,
        "dmean2": 5.56622838974,
        "dvar": 31.9089355469,
        "dvar2": 76.564414978,
        "max": 93.075592041,
        "mean": 5.81989192963,
        "median": 3.67841386795,
        "min": -1.79106450081,
        "stdev": 7.85077047348,
        "var": 61.6345977783
    },
    "barkbands_skewness": {
        "dmean": 0.587539553642,
        "dmean2": 0.909216463566,
        "dvar": 0.411004334688,
        "dvar2": 1.02986049652,
        "max": 7.63418388367,
        "mean": 1.45955514908,
        "median": 1.49964272976,
        "min": -2.61533927917,
        "stdev": 1.28269302845,
        "var": 1.64530134201
    },
    "barkbands_spread": {
        "dmean": 2.36646413803,
        "dmean2": 4.03038597107,
        "dvar": 29.5297260284,
        "dvar2": 78.390663147,
        "max": 47.8557167053,
        "mean": 5.01322555542,
        "median": 3.70963954926,
        "min": 0.412921309471,
        "stdev": 5.05837488174,
        "var": 25.5871543884
    },
    "dissonance": {
        "dmean": 0.0468680113554,
        "dmean2": 0.0750121548772,
        "dvar": 0.00163244258147,
        "dvar2": 0.00432872725651,
        "max": 0.499998629093,
        "mean": 0.387783229351,
        "median": 0.397368580103,
        "min": 0.146226093173,
        "stdev": 0.0636910796165,
        "var": 0.00405655382201
    },
    "dynamic_complexity": 4.17010593414,
    "erbbands_crest": {
        "dmean": 2.77534103394,
        "dmean2": 4.37166547775,
        "dvar": 7.5642952919,
        "dvar2": 17.43009758,
        "max": 32.8857650757,
        "mean": 13.2933397293,
        "median": 12.5177698135,
        "min": 3.51240587234,
        "stdev": 4.84783649445,
        "var": 23.5015182495
    },
    "erbbands_flatness_db": {
        "dmean": 0.0350292474031,
        "dmean2": 0.0503787733614,
        "dvar": 0.00174643762875,
        "dvar2": 0.00339297926985,
        "max": 0.535071015358,
        "mean": 0.360649317503,
        "median": 0.374671369791,
        "min": 0.11992879957,
        "stdev": 0.0749553963542,
        "var": 0.00561831193045
    },
    "erbbands_kurtosis": {
        "dmean": 1.74749612808,
        "dmean2": 2.72915792465,
        "dvar": 9.42767524719,
        "dvar2": 23.8038043976,
        "max": 50.2613639832,
        "mean": 2.41811776161,
        "median": 0.604555606842,
        "min": -1.66907072067,
        "stdev": 5.12927246094,
        "var": 26.3094348907
    },
    "erbbands_skewness": {
        "dmean": 0.452291846275,
        "dmean2": 0.694751560688,
        "dvar": 0.269880980253,
        "dvar2": 0.646518707275,
        "max": 5.28616952896,
        "mean": 0.600165188313,
        "median": 0.521238446236,
        "min": -2.94492983818,
        "stdev": 1.0343900919,
        "var": 1.06996273994
    },
    "erbbands_spread": {
        "dmean": 4.74631738663,
        "dmean2": 7.7076382637,
        "dvar": 73.3981170654,
        "dvar2": 181.271591187,
        "max": 75.2270736694,
        "mean": 13.530257225,
        "median": 12.4624786377,
        "min": 0.950803220272,
        "stdev": 9.62385654449,
        "var": 92.6186065674
    },
    "hfc": {
        "dmean": 2.96091508865,
        "dmean2": 5.0250658989,
        "dvar": 28.0796127319,
        "dvar2": 73.7362060547,
        "max": 69.965713501,
        "mean": 10.723528862,
        "median": 8.40708637238,
        "min": 0.0531636215746,
        "stdev": 10.710896492,
        "var": 114.723312378
    },
    "loudness_ebu128": {
        "integrated": -18.5774936676,
        "loudness_range": 4.94541740417,
        "momentary": {
            "dmean": 0.641851842403,
            "dmean2": 0.638601124287,
            "dvar": 0.49965134263,
            "dvar2": 0.589717507362,
            "max": -15.0299901962,
            "mean": -19.529718399,
            "median": -18.7230434418,
            "min": -35.4388427734,
            "stdev": 3.17230510712,
            "var": 10.0635204315
        },
        "short_term": {
            "dmean": 0.115424349904,
            "dmean2": 0.0678111612797,
            "dvar": 0.0125715965405,
            "dvar2": 0.00522780232131,
            "max": -16.630153656,
            "mean": -18.9129543304,
            "median": -18.646528244,
            "min": -24.7254810333,
            "stdev": 1.92826247215,
            "var": 3.71819615364
        }
    },
    "melbands_crest": {
        "dmean": 2.79167175293,
        "dmean2": 4.52252388,
        "dvar": 7.38950824738,
        "dvar2": 18.0213012695,
        "max": 31.0173091888,
        "mean": 17.5888786316,
        "median": 17.6722946167,
        "min": 4.8900270462,
        "stdev": 5.56771183014,
        "var": 30.999414444
    },
    "melbands_flatness_db": {
        "dmean": 0.0550918877125,
        "dmean2": 0.0807221382856,
        "dvar": 0.00441688345745,
        "dvar2": 0.00896853487939,
        "max": 0.75046736002,
        "mean": 0.465336829424,
        "median": 0.476420074701,
        "min": 0.104703418911,
        "stdev": 0.105440482497,
        "var": 0.0111176948994
    },
    "melbands_kurtosis": {
        "dmean": 4.56652545929,
        "dmean2": 7.35525608063,
        "dvar": 51.5903549194,
        "dvar2": 130.573684692,
        "max": 92.4660186768,
        "mean": 8.10326194763,
        "median": 5.80061721802,
        "min": -1.74736166,
        "stdev": 9.48858451843,
        "var": 90.0332336426
    },
    "melbands_skewness": {
        "dmean": 0.61334758997,
        "dmean2": 0.965543210506,
        "dvar": 0.451995640993,
        "dvar2": 1.12793588638,
        "max": 7.44696617126,
        "mean": 1.80370628834,
        "median": 1.89561378956,
        "min": -2.24960017204,
        "stdev": 1.4087741375,
        "var": 1.9846445322
    },
    "melbands_spread": {
        "dmean": 3.03647065163,
        "dmean2": 5.13778162003,
        "dvar": 52.5003547668,
        "dvar2": 144.790542603,
        "max": 84.2554473877,
        "mean": 6.94529294968,
        "median": 5.07458639145,
        "min": 0.557253181934,
        "stdev": 6.87528800964,
        "var": 47.2695846558
    },
    "pitch_salience": {
        "dmean": 0.0776135995984,
        "dmean2": 0.124502122402,
        "dvar": 0.00587324425578,
        "dvar2": 0.0143405850977,
        "max": 0.893015384674,
        "mean": 0.483395844698,
        "median": 0.487414568663,
        "min": 0.109357953072,
        "stdev": 0.139021635056,
        "var": 0.0193270146847
    },
    "silence_rate_20dB": {
        "dmean": 0,
        "dmean2": 0,
        "dvar": 0,
        "dvar2": 0,
        "max": 1,
        "mean": 1,
        "median": 1,
        "min": 1,
        "stdev": 0,
        "var": 0
    },
    "silence_rate_30dB": {
        "dmean": 0,
        "dmean2": 0,
        "dvar": 0,
        "dvar2": 0,
        "max": 1,
        "mean": 1,
        "median": 1,
        "min": 1,
        "stdev": 0,
        "var": 0
    },
    "silence_rate_60dB": {
        "dmean": 0.0268317852169,
        "dmean2": 0.0536912754178,
        "dvar": 0.0261119455099,
        "dvar2": 0.0559714250267,
        "max": 1,
        "mean": 0.0732336267829,
        "median": 0,
        "min": 0,
        "stdev": 0.26051941514,
        "var": 0.0678703710437
    },
    "spectral_centroid": {
        "dmean": 136.479263306,
        "dmean2": 234.117599487,
        "dvar": 114265.710938,
        "dvar2": 302105.25,
        "max": 2882.85351562,
        "mean": 471.992919922,
        "median": 373.269927979,
        "min": 161.825424194,
        "stdev": 319.385101318,
        "var": 102006.84375
    },
    "spectral_complexity": {
        "dmean": 2.06037139893,
        "dmean2": 3.53381514549,
        "dvar": 10.6068258286,
        "dvar2": 27.7730712891,
        "max": 37,
        "mean": 8.9566783905,
        "median": 9,
        "min": 1,
        "stdev": 3.89948749542,
        "var": 15.2060022354
    },
    "spectral_decrease": {
        "dmean": 1.73773473389e-09,
        "dmean2": 2.8013718012e-09,
        "dvar": 4.76612783557e-18,
        "dvar2": 1.17632767613e-17,
        "max": -3.97313501543e-11,
        "mean": -7.20173121138e-09,
        "median": -6.34713437364e-09,
        "min": -2.50938860802e-08,
        "stdev": 5.59207036233e-09,
        "var": 3.12712520377e-17
    },
    "spectral_energy": {
        "dmean": 0.00677807210013,
        "dmean2": 0.010960153304,
        "dvar": 7.17090879334e-05,
        "dvar2": 0.000176375484443,
        "max": 0.0971409529448,
        "mean": 0.0281536206603,
        "median": 0.0250328350812,
        "min": 0.000154777313583,
        "stdev": 0.021837502718,
        "var": 0.000476876535686
    },
    "spectral_energyband_high": {
        "dmean": 4.28993334936e-05,
        "dmean2": 8.26186515042e-05,
        "dvar": 3.36206227303e-08,
        "dvar2": 9.81195853456e-08,
        "max": 0.00313783227466,
        "mean": 2.39771288761e-05,
        "median": 3.31790801056e-07,
        "min": 5.32721466939e-09,
        "stdev": 0.000134053436341,
        "var": 1.79703221193e-08
    },
    "spectral_energyband_low": {
        "dmean": 0.00208182819188,
        "dmean2": 0.00315921404399,
        "dvar": 2.09453100979e-05,
        "dvar2": 4.55645204056e-05,
        "max": 0.0527355149388,
        "mean": 0.00458892434835,
        "median": 0.00128341617528,
        "min": 2.28484239528e-07,
        "stdev": 0.0074894502759,
        "var": 5.60918670089e-05
    },
    "spectral_energyband_middle_high": {
        "dmean": 0.00127899856307,
        "dmean2": 0.00208741123788,
        "dvar": 8.95346329344e-06,
        "dvar2": 2.1670048227e-05,
        "max": 0.0678633004427,
        "mean": 0.00350120454095,
        "median": 0.00114752852824,
        "min": 1.29109275804e-06,
        "stdev": 0.00720126600936,
        "var": 5.18582310178e-05
    },
    "spectral_energyband_middle_low": {
        "dmean": 0.0056757829152,
        "dmean2": 0.00927218329161,
        "dvar": 6.05958302913e-05,
        "dvar2": 0.000155185014592,
        "max": 0.0912710130215,
        "mean": 0.0215845722705,
        "median": 0.014099881053,
        "min": 0.000152674823767,
        "stdev": 0.0199558101594,
        "var": 0.000398234347813
    },
    "spectral_entropy": {
        "dmean": 0.399380832911,
        "dmean2": 0.596208512783,
        "dvar": 0.234820872545,
        "dvar2": 0.483304798603,
        "max": 7.96533298492,
        "mean": 5.75527048111,
        "median": 5.62594175339,
        "min": 4.21450185776,
        "stdev": 0.707861840725,
        "var": 0.501068353653
    },
    "spectral_flux": {
        "dmean": 0.0292809363455,
        "dmean2": 0.0482537038624,
        "dvar": 0.00141688494477,
        "dvar2": 0.00330440117978,
        "max": 0.264902472496,
        "mean": 0.0593137256801,
        "median": 0.0444982908666,
        "min": 0.00197370396927,
        "stdev": 0.0454103238881,
        "var": 0.00206209742464
    },
    "spectral_kurtosis": {
        "dmean": 38.5564422607,
        "dmean2": 62.4729003906,
        "dvar": 1377.91540527,
        "dvar2": 3032.83349609,
        "max": 329.558288574,
        "mean": 85.6536636353,
        "median": 70.5032043457,
        "min": -1.09327673912,
        "stdev": 66.3656158447,
        "var": 4404.39453125
    },
    "spectral_rms": {
        "dmean": 0.000638352357782,
        "dmean2": 0.00101611111313,
        "dvar": 5.44376007383e-07,
        "dvar2": 1.25191263578e-06,
        "max": 0.00973507389426,
        "mean": 0.00475284550339,
        "median": 0.0049418900162,
        "min": 0.000388590095099,
        "stdev": 0.00220848806202,
        "var": 4.87741908728e-06
    },
    "spectral_rolloff": {
        "dmean": 164.95401001,
        "dmean2": 300.285675049,
        "dvar": 169382.59375,
        "dvar2": 462855.90625,
        "max": 4134.375,
        "mean": 561.883789062,
        "median": 516.796875,
        "min": 86.1328125,
        "stdev": 394.773193359,
        "var": 155845.875
    },
    "spectral_skewness": {
        "dmean": 2.09336256981,
        "dmean2": 3.39337801933,
        "dvar": 3.18444037437,
        "dvar2": 7.34515476227,
        "max": 13.7750911713,
        "mean": 6.20234060287,
        "median": 5.92283582687,
        "min": -0.0315912216902,
        "stdev": 3.07072925568,
        "var": 9.42937850952
    },
    "spectral_spread": {
        "dmean": 500873.5625,
        "dmean2": 788808.25,
        "dvar": 336073981952,
        "dvar2": 676612014080,
        "max": 13496608,
        "mean": 1269281.5,
        "median": 1053251.5,
        "min": 236925.75,
        "stdev": 794600.8125,
        "var": 631390404608
    },
    "spectral_strongpeak": {
        "dmean": 0.353781372309,
        "dmean2": 0.573602437973,
        "dvar": 0.260261654854,
        "dvar2": 0.575246155262,
        "max": 8.92046546936,
        "mean": 1.19611680508,
        "median": 0.90584141016,
        "min": 0,
        "stdev": 1.241563797,
        "var": 1.54148054123
    },
    "zerocrossingrate": {
        "dmean": 0.00295840995386,
        "dmean2": 0.00391910597682,
        "dvar": 1.34466345116e-05,
        "dvar2": 2.07110551855e-05,
        "max": 0.048828125,
        "mean": 0.0196987111121,
        "median": 0.0185546875,
        "min": 0.0029296875,
        "stdev": 0.00886164605618,
        "var": 7.85287629697e-05
    },
    "barkbands": {
        "dmean": [2.87697093881e-05, 0.00126580533106, 0.000557642255444, 0.00201718881726, 0.00404370343313, 0.000844354857691, 0.000406162551371, 0.0007357156137, 0.000469888007501, 0.000485740805743, 0.00054072542116, 0.000179195063538, 0.000209714416997, 7.03193654772e-05, 8.684151544e-05, 5.50569748157e-05, 4.95616441185e-05, 4.91593345942e-05, 7.64820651966e-05, 2.19237208512e-05, 2.35240459006e-05, 6.98455141901e-06, 2.04423599826e-06, 1.08933033971e-06, 5.58048327548e-07, 7.6461468268e-08, 3.94638277612e-09],
        "dmean2": [5.10233694513e-05, 0.0018836914096, 0.000852506258525, 0.00324023654684, 0.00670866854489, 0.00123501254711, 0.000617128855083, 0.00101681728847, 0.0005727855023, 0.000726337311789, 0.000819948792923, 0.000285405607428, 0.0003568327229, 0.000127325693029, 0.000157268208568, 0.000102656711533, 9.40602476476e-05, 9.4560571597e-05, 0.00014766374079, 4.22560115112e-05, 4.5364133257e-05, 1.33260546136e-05, 3.91390585719e-06, 2.10417806557e-06, 1.0789310636e-06, 1.48044946968e-07, 7.32216287602e-09],
        "dvar": [1.3316999059e-08, 1.40174042826e-05, 3.03617684949e-06, 2.04747138923e-05, 4.63730721094e-05, 3.7189026898e-06, 5.43578835277e-07, 6.03062517257e-06, 2.75610159406e-06, 1.75913203293e-06, 3.96461246055e-06, 2.10789877997e-07, 7.41812812066e-07, 7.99981521027e-08, 1.34880664859e-07, 5.55027277471e-08, 6.70075550602e-08, 8.08029625432e-08, 1.32753569915e-07, 8.36508196045e-09, 1.12829630083e-08, 9.20135856397e-10, 9.13468467534e-11, 3.01296036731e-11, 9.90417643731e-12, 4.77834189317e-13, 2.1124010676e-15],
        "dvar2": [3.91205148276e-08, 3.09701899823e-05, 6.00596422373e-06, 4.6449353249e-05, 0.000114558744826, 6.61061358187e-06, 1.0886152495e-06, 1.06516363303e-05, 3.16250748256e-06, 3.44038880939e-06, 7.87021144788e-06, 4.22194688099e-07, 1.95117650037e-06, 2.30401141721e-07, 3.83164916684e-07, 1.61492209827e-07, 1.96792242946e-07, 2.38783712803e-07, 3.88484579616e-07, 2.44118929515e-08, 3.30963842998e-08, 2.65671107336e-09, 2.64378879899e-10, 8.87680345896e-11, 2.9128532919e-11, 1.42385766806e-12, 6.14151699264e-15],
        "max": [0.00250580394641, 0.0419609025121, 0.0319153442979, 0.0521948598325, 0.0716913938522, 0.0378086566925, 0.0131861520931, 0.0634816139936, 0.0877104103565, 0.0403937138617, 0.0470197126269, 0.00682938098907, 0.015964359045, 0.00470719253644, 0.00593394273892, 0.00298396567814, 0.00423660688102, 0.00683607673272, 0.00527322711423, 0.0012499995064, 0.00184878346045, 0.00054814608302, 0.000195347558474, 0.000107076077256, 5.24309471075e-05, 1.85715925909e-05, 1.17019533263e-06],
        "mean": [2.62868015852e-05, 0.00221358705312, 0.00106190587394, 0.00399586232379, 0.0107075637206, 0.00189056503586, 0.000908876478206, 0.00192639161833, 0.0015584299108, 0.00158521230333, 0.00135419913568, 0.000350510177668, 0.000248286902206, 7.60971015552e-05, 8.18460684968e-05, 3.7841284211e-05, 2.93106513709e-05, 2.75366237474e-05, 4.21634285885e-05, 1.21939256132e-05, 1.29402042148e-05, 3.95639835915e-06, 1.15057355288e-06, 5.98101166815e-07, 3.05819924051e-07, 4.1472063117e-08, 2.5234638823e-09],
        "median": [8.01013084128e-06, 0.000173617270775, 0.000296718149912, 0.000341380451573, 0.00284667918459, 0.000642391853034, 0.00034431181848, 0.000644743908197, 0.000216986096348, 0.000169897466549, 0.000113599591714, 5.93873191974e-05, 2.25797029998e-05, 1.14247595775e-05, 8.43117140903e-06, 2.96623534268e-06, 1.20874494769e-06, 6.42100417281e-07, 5.1350917829e-07, 2.69299846423e-07, 1.51584160335e-07, 4.75348187479e-08, 1.10034168443e-08, 2.68433297812e-09, 1.23415111464e-09, 5.14437159538e-10, 2.94847812832e-10],
        "min": [3.25883986463e-10, 4.81423345633e-09, 1.22963230709e-08, 2.75485120937e-07, 7.85443444329e-06, 7.39228380553e-06, 1.53048711127e-06, 1.88114540833e-07, 1.39548916422e-07, 4.64411407108e-08, 5.89163029474e-08, 4.58323725638e-08, 8.68712479729e-09, 2.18363354065e-08, 1.74619021465e-08, 1.7146561504e-08, 2.09911288351e-08, 7.60876694983e-09, 6.4176708392e-09, 2.79822742755e-09, 1.41436384826e-09, 8.36352764821e-10, 3.35222377634e-10, 2.04762123923e-10, 9.24020408799e-12, 1.26401737384e-13, 4.63333425717e-14],
        "stdev": [8.8451357442e-05, 0.00571661489084, 0.0023958273232, 0.00831275433302, 0.0148970205337, 0.00384517828934, 0.00153832114302, 0.00432103592902, 0.00614578463137, 0.00444556120783, 0.00438298424706, 0.000793755170889, 0.000972484063823, 0.000242232621531, 0.000310122937663, 0.000176670597284, 0.000188727150089, 0.000204843687243, 0.00026545333094, 6.68650391162e-05, 7.71459526732e-05, 2.25450894504e-05, 7.10277799953e-06, 3.99137297791e-06, 2.29303759625e-06, 4.93216077757e-07, 3.33312222267e-08],
        "var": [7.82364306673e-09, 3.26796871377e-05, 5.73998886466e-06, 6.91018867656e-05, 0.000221921218326, 1.47853961607e-05, 2.36643177232e-06, 1.86713496078e-05, 3.77706710424e-05, 1.97630142793e-05, 1.92105508177e-05, 6.30047281902e-07, 9.45725219026e-07, 5.86766404354e-08, 9.61762367524e-08, 3.12124974755e-08, 3.56179370442e-08, 4.19609378355e-08, 7.04654681272e-08, 4.47093384537e-09, 5.95149796112e-09, 5.08281028377e-10, 5.04494571119e-11, 1.59310585557e-11, 5.25802188248e-12, 2.4326211618e-13, 1.11097042532e-15]
    },
    "erbbands": {
        "dmean": [0.026191169396, 0.319713711739, 0.592696070671, 3.25099015236, 12.6443767548, 15.8184623718, 10.3683958054, 5.67729949951, 4.55817747116, 9.54196929932, 17.5793991089, 12.3565654755, 14.5543165207, 15.7135295868, 15.1932601929, 7.03539085388, 10.2430763245, 3.86763715744, 4.49994564056, 3.31196808815, 3.16739702225, 2.81024599075, 2.54756331444, 3.891507864, 2.87223434448, 1.07025766373, 0.990766763687, 0.746215760708, 0.273169964552, 0.12907114625, 0.0482932776213, 0.0219768751413, 0.0195953659713, 0.00907142460346, 0.0024277344346, 0.000520140281878, 0.000120375952974, 1.76162120624e-05, 3.66568588106e-06, 7.59183103582e-06],
        "dmean2": [0.039437815547, 0.472954660654, 0.893723070621, 5.23480415344, 20.5362815857, 26.9049243927, 15.7992134094, 8.49700927734, 6.76643705368, 14.7148990631, 23.5466747284, 14.33385849, 21.2366256714, 23.8776111603, 22.9380321503, 11.3833322525, 17.2586021423, 6.84204864502, 8.18373012543, 5.99352455139, 5.95122623444, 5.34253787994, 4.88819646835, 7.50908994675, 5.54442167282, 2.0625731945, 1.91670691967, 1.43657422066, 0.521683394909, 0.246446013451, 0.0925339758396, 0.0424962714314, 0.0378959290683, 0.0175515990704, 0.00467329286039, 0.00100485340226, 0.000233063488849, 3.38114587066e-05, 6.09970174992e-06, 1.2348121345e-05],
        "dvar": [0.00523163052276, 0.925153017044, 2.83052062988, 61.6050033569, 505.637695312, 973.046630859, 604.778686523, 153.53225708, 81.2877655029, 326.248413086, 4335.60058594, 2255.86547852, 1376.5447998, 2132.22094727, 3081.87255859, 328.538116455, 1811.94641113, 206.609313965, 316.750427246, 124.077552795, 192.083068848, 219.202758789, 154.384292603, 447.574981689, 155.782867432, 19.9815139771, 21.8807945251, 11.7720003128, 1.35345816612, 0.410731673241, 0.0416274890304, 0.00906694121659, 0.0137082729489, 0.00273201684467, 0.000183808151633, 1.14805579869e-05, 2.01354146157e-06, 4.40172165384e-08, 5.31510530033e-11, 8.89475507138e-11],
        "dvar2": [0.010853882879, 2.04922199249, 5.50843763351, 135.925033569, 1169.72521973, 2214.68554688, 1059.59436035, 291.186828613, 169.290725708, 730.659484863, 7607.56201172, 2496.62451172, 2965.34814453, 4296.74511719, 5588.93164062, 752.207641602, 4773.87695312, 583.14440918, 900.863708496, 343.210449219, 560.859619141, 644.781921387, 453.395446777, 1315.71105957, 454.43939209, 58.3481864929, 64.2880477905, 34.5025558472, 3.92447447777, 1.17020201683, 0.120068788528, 0.0265002176166, 0.0405693203211, 0.00804575905204, 0.000538826454431, 3.39469879691e-05, 6.02113641435e-06, 1.31285887051e-07, 1.49156603735e-10, 2.18305817867e-10],
        "max": [1.07140481472, 11.5032892227, 25.1124382019, 102.797996521, 303.83404541, 352.936767578, 507.594421387, 303.738525391, 235.148223877, 274.315765381, 1682.83959961, 2667.71801758, 762.106018066, 1261.5057373, 1590.86743164, 311.092224121, 815.947509766, 242.918945312, 274.106781006, 121.258010864, 211.53012085, 244.740814209, 259.934967041, 343.6902771, 142.692184448, 62.4614181519, 75.1361312866, 66.7739334106, 20.347366333, 15.3294506073, 2.55758690834, 1.12913310528, 2.49657273293, 1.05837714672, 0.233661025763, 0.0623063445091, 0.0422683097422, 0.00558495800942, 0.000147851606016, 0.000107004321762],
        "mean": [0.0475809797645, 0.556826770306, 1.29098129272, 7.11210632324, 29.872385025, 34.8314933777, 22.8728809357, 13.3903455734, 10.8074941635, 22.6601142883, 49.1536140442, 44.4572219849, 40.9598579407, 54.1492729187, 41.6859779358, 13.6272354126, 12.8440170288, 4.88054084778, 4.33946990967, 3.09587574005, 2.03135704994, 1.65456569195, 1.44345939159, 2.14808344841, 1.58800208569, 0.594722390175, 0.544271230698, 0.413459390402, 0.154703468084, 0.0737160071731, 0.0270857010037, 0.0121940150857, 0.0107332644984, 0.00497373519465, 0.00135849718936, 0.000297205231618, 7.25261852494e-05, 1.0962567103e-05, 1.36421558636e-05, 3.14286298817e-05],
        "median": [0.00365874031559, 0.0645306780934, 0.451032012701, 1.50543498993, 3.46997189522, 9.11247253418, 7.36726617813, 5.45371246338, 4.6898059845, 9.38838100433, 13.0092496872, 7.39214515686, 8.65806865692, 6.76996564865, 6.75292396545, 3.63292384148, 1.72509169579, 0.883484423161, 0.5586130023, 0.312613457441, 0.155412241817, 0.0813103243709, 0.0408662892878, 0.0269097350538, 0.0268370360136, 0.0140015957877, 0.00752799352631, 0.00448356289417, 0.00200804462656, 0.000789338024333, 0.000277109997114, 0.000103686747025, 5.45780458197e-05, 3.88928528992e-05, 2.8237591323e-05, 1.90960090549e-05, 1.0377453691e-05, 1.58497482516e-06, 1.24468770082e-05, 2.80547119473e-05],
        "min": [4.20929211487e-07, 4.7790795179e-06, 6.75876144669e-05, 0.000542780733667, 0.00499569810927, 0.0273154880852, 0.0364446565509, 0.158981025219, 0.0531536489725, 0.0328454114497, 0.014800356701, 0.00669278763235, 0.00427315849811, 0.00310125690885, 0.00297065498307, 0.00289318710566, 0.00166452827398, 0.000974725873675, 0.000557762221433, 0.000876034027897, 0.00089856190607, 0.00138882256579, 0.000493486761115, 0.000386802683352, 0.000319444079651, 0.000154599008965, 0.000120051088743, 5.7237863075e-05, 4.78756701341e-05, 2.52299778367e-05, 1.383392555e-05, 8.82919903233e-06, 5.48081379748e-06, 3.3008027458e-06, 1.37745576012e-06, 6.65722495796e-07, 8.57320969772e-08, 1.13636877686e-08, 7.27403275391e-08, 1.7175807443e-07],
        "stdev": [0.120510548353, 1.44495499134, 2.48719477654, 13.7923965454, 46.8483581543, 59.3435974121, 48.6089324951, 26.5841064453, 20.3946304321, 34.6391181946, 118.932533264, 178.210708618, 94.4597625732, 146.706008911, 136.130844116, 29.434091568, 47.7560806274, 14.1791763306, 15.2805595398, 10.1566114426, 10.2118282318, 10.7717409134, 9.02317619324, 15.3399944305, 9.12340450287, 3.26489925385, 3.38988304138, 2.49652051926, 0.859400689602, 0.487008690834, 0.151786029339, 0.069681763649, 0.0847577825189, 0.0379667244852, 0.00994896981865, 0.00244773528539, 0.00100735737942, 0.000149317347677, 1.12299694592e-05, 2.43354716076e-05],
        "var": [0.0145227918401, 2.08789491653, 6.18613815308, 190.230209351, 2194.76855469, 3521.66235352, 2362.82836914, 706.71472168, 415.940917969, 1199.8684082, 14144.9482422, 31759.0546875, 8922.64746094, 21522.6542969, 18531.6074219, 866.365783691, 2280.64306641, 201.049041748, 233.495513916, 103.156761169, 104.281440735, 116.030410767, 81.41771698, 235.315429688, 83.2365036011, 10.6595678329, 11.4913063049, 6.23261499405, 0.738569498062, 0.237177476287, 0.0230389982462, 0.00485554849729, 0.00718388147652, 0.00144147209357, 9.89819964161e-05, 5.99140776103e-06, 1.01476894088e-06, 2.22956693108e-08, 1.26112217891e-10, 5.92215221307e-10]
    },
    "gfcc": {
        "mean": [-181.738311768, 230.656982422, -111.818267822, -24.6321125031, -41.5568656921, -22.0572929382, -13.2561788559, -22.5019283295, -15.5419645309, -16.4254817963, -10.0831460953, -15.0800304413, 0.406722217798],
        "cov": [[5102.49023438, -1166.77416992, -918.753845215, 514.341125488, -120.016151428, 710.382995605, -4.45897006989, -24.8037242889, -364.465698242, -273.852020264, -235.883132935, 43.7409858704, -80.6247634888], [-1166.77416992, 1412.26867676, 795.345214844, -845.7109375, 437.934051514, -22.2822036743, 270.658874512, -129.401779175, -2.17138814926, -161.590591431, -64.2745666504, -40.2872390747, 8.12504005432], [-918.753845215, 795.345214844, 1149.90161133, 5.90078115463, 421.247924805, 96.1143951416, 82.9511489868, -8.1956653595, 21.2521438599, -4.16818141937, 33.7087516785, -0.624549567699, 18.4545383453], [514.341125488, -845.7109375, 5.90078115463, 1642.95629883, -29.240896225, 106.53237915, -113.281364441, 136.694839478, 168.177154541, 223.692886353, 185.675674438, 151.909118652, 44.6495246887], [-120.016151428, 437.934051514, 421.247924805, -29.240896225, 527.767700195, 210.617935181, 22.0289611816, -36.9412956238, -40.5876693726, -69.1439819336, -27.5794334412, -2.9809756279, 26.4184684753], [710.382995605, -22.2822036743, 96.1143951416, 106.53237915, 210.617935181, 358.077606201, 46.5991439819, 8.39803504944, -27.6806373596, -61.6939659119, -45.6193237305, 24.9104156494, 7.11914682388], [-4.45897006989, 270.658874512, 82.9511489868, -113.281364441, 22.0289611816, 46.5991439819, 273.449035645, 21.4549808502, 44.6937980652, -14.7608346939, -27.2029190063, 12.6025724411, 3.22506332397], [-24.8037242889, -129.401779175, -8.1956653595, 136.694839478, -36.9412956238, 8.39803504944, 21.4549808502, 184.526992798, 82.799621582, 63.714641571, 37.0696182251, 13.1505117416, 6.0154004097], [-364.465698242, -2.17138814926, 21.2521438599, 168.177154541, -40.5876693726, -27.6806373596, 44.6937980652, 82.799621582, 255.545074463, 133.954879761, 64.2926940918, 81.4028244019, 41.3888626099], [-273.852020264, -161.590591431, -4.16818141937, 223.692886353, -69.1439819336, -61.6939659119, -14.7608346939, 63.714641571, 133.954879761, 205.645126343, 103.739952087, 45.4032287598, 26.809627533], [-235.883132935, -64.2745666504, 33.7087516785, 185.675674438, -27.5794334412, -45.6193237305, -27.2029190063, 37.0696182251, 64.2926940918, 103.739952087, 140.26184082, 76.6033477783, 34.4319419861], [43.7409858704, -40.2872390747, -0.624549567699, 151.909118652, -2.9809756279, 24.9104156494, 12.6025724411, 13.1505117416, 81.4028244019, 45.4032287598, 76.6033477783, 152.494796753, 72.404624939], [-80.6247634888, 8.12504005432, 18.4545383453, 44.6495246887, 26.4184684753, 7.11914682388, 3.22506332397, 6.0154004097, 41.3888626099, 26.809627533, 34.4319419861, 72.404624939, 93.2361679077]],
        "icov": [[0.000567087612581, 8.87439891812e-05, 0.000336502678692, -0.000163300996064, 0.000283777451841, -0.0010955351172, -0.000108113330498, -0.000105610815808, 0.000902062165551, -8.37156549096e-05, 0.000850100186653, -0.000902468455024, 0.000518566870596], [8.87439891812e-05, 0.00733928522095, -0.00323639670387, 0.00290296017192, -0.00408522691578, 0.00334370601922, -0.00502570811659, 0.00313535123132, -0.00394574692473, 0.00507524935529, -0.00348301441409, 0.000524251081515, 0.00073271477595], [0.000336502678692, -0.00323639670387, 0.00302400486544, -0.0014382788213, 0.000804381328635, -0.00193505513016, 0.00175341323484, -0.00142887444235, 0.00216701556928, -0.00223574368283, 0.00137513992377, -0.000439329945948, 0.000128854400828], [-0.000163300996064, 0.00290296017192, -0.0014382788213, 0.00209512398578, -0.00163539743517, 0.00122594949789, -0.00155100831762, 0.000979523640126, -0.00192483852152, 0.00143223151099, -0.00213793851435, -3.23109379678e-05, 0.000504661293235], [0.000283777451841, -0.00408522691578, 0.000804381328635, -0.00163539743517, 0.00631861248985, -0.00455543957651, 0.00315697886981, -0.00123653537594, 0.00257139885798, -0.00218110298738, 0.00197791168466, 0.000279477011645, -0.00170839868952], [-0.0010955351172, 0.00334370601922, -0.00193505513016, 0.00122594949789, -0.00455543957651, 0.00849435012788, -0.00284198787995, 0.000796106643975, -0.00292762625031, 0.00280700623989, -0.0010426818626, -0.000237544052652, 0.00030831998447], [-0.000108113330498, -0.00502570811659, 0.00175341323484, -0.00155100831762, 0.00315697886981, -0.00284198787995, 0.00785014219582, -0.00265628146008, 0.00161270750687, -0.00327634508722, 0.00343044684269, -0.00116416311357, -0.000174122309545], [-0.000105610815808, 0.00313535123132, -0.00142887444235, 0.000979523640126, -0.00123653537594, 0.000796106643975, -0.00265628146008, 0.00845660362393, -0.00405036332086, 0.0020960397087, -0.00349507131614, 0.00263886712492, -0.000278190011159], [0.000902062165551, -0.00394574692473, 0.00216701556928, -0.00192483852152, 0.00257139885798, -0.00292762625031, 0.00161270750687, -0.00405036332086, 0.0118219284341, -0.00807040836662, 0.00636657839641, -0.00610732892528, 0.000781528069638], [-8.37156549096e-05, 0.00507524935529, -0.00223574368283, 0.00143223151099, -0.00218110298738, 0.00280700623989, -0.00327634508722, 0.0020960397087, -0.00807040836662, 0.0159007180482, -0.0102848038077, 0.00491563323885, -0.00138503441121], [0.000850100186653, -0.00348301441409, 0.00137513992377, -0.00213793851435, 0.00197791168466, -0.0010426818626, 0.00343044684269, -0.00349507131614, 0.00636657839641, -0.0102848038077, 0.0211509633809, -0.0107543282211, 0.00208792625926], [-0.000902468455024, 0.000524251081515, -0.000439329945948, -3.23109379678e-05, 0.000279477011645, -0.000237544052652, -0.00116416311357, 0.00263886712492, -0.00610732892528, 0.00491563323885, -0.0107543282211, 0.0190557483584, -0.0104436399415], [0.000518566870596, 0.00073271477595, 0.000128854400828, 0.000504661293235, -0.00170839868952, 0.00030831998447, -0.000174122309545, -0.000278190011159, 0.000781528069638, -0.00138503441121, 0.00208792625926, -0.0104436399415, 0.0187178496271]]
    },
    "melbands": {
        "dmean": [0.000309225608362, 0.000343043269822, 0.000830538920127, 0.000973365211394, 0.000416759867221, 0.000130716565764, 7.19986346667e-05, 0.000110371038318, 0.000136144764838, 7.10516105755e-05, 7.28798186174e-05, 6.2706436438e-05, 6.98673538864e-05, 1.93134983419e-05, 2.63692600129e-05, 1.50228906932e-05, 6.72812211633e-06, 6.92895400789e-06, 6.33153376839e-06, 3.60893500329e-06, 3.75431818611e-06, 3.09024562739e-06, 2.09612926483e-06, 2.4547243811e-06, 3.27596535499e-06, 2.84486509372e-06, 1.16327851174e-06, 5.78253491312e-07, 5.74407977183e-07, 6.19858553819e-07, 3.76886248432e-07, 1.66625767406e-07, 9.10650328478e-08, 6.04751093647e-08, 2.88188388708e-08, 1.6590316676e-08, 1.19211875926e-08, 1.39518530062e-08, 1.22239240952e-08, 6.10473183116e-09],
        "dmean2": [0.000458446185803, 0.000511300808284, 0.00131550547667, 0.0016378039727, 0.000649666646495, 0.000193369822227, 0.000107254469185, 0.000166502504726, 0.000178698988748, 8.40179418446e-05, 0.000107431835204, 9.56981384661e-05, 0.000105396939034, 3.09721726808e-05, 4.38862443843e-05, 2.55171726167e-05, 1.20072090795e-05, 1.25652304632e-05, 1.15282691695e-05, 6.59979059492e-06, 7.09442656444e-06, 5.86690339333e-06, 3.99747386837e-06, 4.73908721688e-06, 6.32169667369e-06, 5.50020058654e-06, 2.24149789574e-06, 1.11444762751e-06, 1.11266740532e-06, 1.19548178645e-06, 7.2644508009e-07, 3.18836299584e-07, 1.72473335169e-07, 1.15885569585e-07, 5.52225927208e-08, 3.19568549401e-08, 2.30406662638e-08, 2.70132556324e-08, 2.36359305461e-08, 1.18153709039e-08],
        "dvar": [7.6633784829e-07, 7.89375349086e-07, 2.4494495392e-06, 3.03120896206e-06, 7.09348114469e-07, 7.98729260509e-08, 1.75718763984e-08, 4.13277803091e-08, 2.41621791019e-07, 6.9468029551e-08, 3.48878330669e-08, 3.43929755786e-08, 7.41060759424e-08, 2.69554223387e-09, 8.87495410495e-09, 3.30914051716e-09, 7.63360152867e-10, 6.9861000318e-10, 7.43898109778e-10, 2.13556908268e-10, 2.86422219276e-10, 2.77373152224e-10, 9.2089121051e-11, 2.57371679524e-10, 3.40576428171e-10, 1.68038347126e-10, 2.33984637221e-11, 7.8061194661e-12, 8.36123271314e-12, 9.22228265976e-12, 3.00242968508e-12, 5.38516822281e-13, 1.61970087407e-13, 1.16400270499e-13, 1.56348119672e-14, 5.84490553627e-15, 2.83147317103e-15, 7.42797496282e-15, 5.87159300333e-15, 1.19220914353e-15],
        "dvar2": [1.6505749727e-06, 1.65593212387e-06, 5.5142745623e-06, 7.55932023822e-06, 1.26150791857e-06, 1.5011995913e-07, 3.53511211415e-08, 8.98232386248e-08, 4.25759452582e-07, 7.87038416661e-08, 7.52270139515e-08, 6.75532589867e-08, 1.39347463346e-07, 5.48863932082e-09, 2.26793694935e-08, 8.76430661378e-09, 2.17307505324e-09, 1.98924854367e-09, 2.11708983677e-09, 6.09659267514e-10, 8.37289682032e-10, 8.15702783097e-10, 2.69503003247e-10, 7.63402785431e-10, 1.00138619619e-09, 4.91243545842e-10, 6.81108017209e-11, 2.29200356611e-11, 2.4605708096e-11, 2.71131016943e-11, 8.79251619429e-12, 1.56623954257e-12, 4.59383019905e-13, 3.34966917485e-13, 4.51527954837e-14, 1.70266497299e-14, 8.29995811257e-15, 2.20284250232e-14, 1.73337228902e-14, 3.50850681753e-15],
        "max": [0.0110889831558, 0.0122476946563, 0.0164852961898, 0.0193268489093, 0.0141661381349, 0.00681030377746, 0.00350881880149, 0.00384716223925, 0.0117397708818, 0.0148518905044, 0.00380321475677, 0.00525460857898, 0.00726873800159, 0.00089514197316, 0.00156375952065, 0.00108904065564, 0.000493322964758, 0.000375308911316, 0.000437474256614, 0.000207560849958, 0.000267243362032, 0.000258830783423, 0.000153300963575, 0.000417649862356, 0.000324453256326, 0.00014135708625, 5.70518204768e-05, 4.30116087955e-05, 5.26934127265e-05, 5.74489786231e-05, 3.3070857171e-05, 1.24402258734e-05, 6.98195617588e-06, 8.88363229024e-06, 1.49982395214e-06, 1.20659399272e-06, 6.68147947636e-07, 1.8284484895e-06, 1.67049859101e-06, 6.25346160632e-07],
        "mean": [0.000546117895283, 0.000730571802706, 0.0019459920004, 0.00248650158755, 0.000926372245885, 0.000302068685414, 0.000172469139216, 0.000271930941381, 0.000405033293646, 0.000240309425863, 0.000196528751985, 0.000216314438148, 0.000184277800145, 3.89638553315e-05, 3.57103162969e-05, 1.82326566573e-05, 8.1960197349e-06, 6.61636386212e-06, 5.38230870006e-06, 3.08593007503e-06, 2.27392479246e-06, 1.81175812486e-06, 1.21952041354e-06, 1.36323012612e-06, 1.8055665123e-06, 1.56505677751e-06, 6.479239687e-07, 3.20421321476e-07, 3.15226998282e-07, 3.41025753414e-07, 2.08800045698e-07, 9.39806383826e-08, 5.24573451344e-08, 3.43054011864e-08, 1.61311941582e-08, 9.18227449631e-09, 6.56727561221e-09, 7.63400009873e-09, 6.63725385763e-09, 3.35154948239e-09],
        "median": [3.99285672756e-05, 0.000215450869291, 0.000354526098818, 0.000511940568686, 0.000308903981932, 0.000115515038488, 7.45126017136e-05, 0.000115409355203, 9.39315141295e-05, 3.63905783161e-05, 2.91164269584e-05, 2.26552710956e-05, 2.19663979806e-05, 7.8089260569e-06, 3.78714548788e-06, 2.12875374928e-06, 1.07231312541e-06, 7.11733321168e-07, 5.1514638244e-07, 2.7355517318e-07, 1.21359036598e-07, 7.6995192444e-08, 4.33767510799e-08, 2.60025636578e-08, 1.86431403648e-08, 1.89024795816e-08, 1.408034489e-08, 6.41222097642e-09, 4.74386707694e-09, 3.27711946468e-09, 2.12112483133e-09, 1.1701558611e-09, 6.31492247383e-10, 3.18407245015e-10, 1.53462395569e-10, 7.65208729714e-11, 4.04956762567e-11, 2.4208952551e-11, 1.73970907125e-11, 1.23468969424e-11],
        "min": [1.32857413959e-09, 1.93376443747e-08, 1.24333411122e-07, 2.00462704925e-06, 1.25807582663e-06, 1.1073409496e-06, 3.90547285178e-07, 3.06473936007e-07, 9.01158472288e-08, 1.96516314332e-08, 9.63764801298e-09, 6.09593531209e-09, 1.00487493881e-08, 5.31817390126e-09, 3.85262310942e-09, 9.32699029121e-10, 1.75494818677e-09, 7.23584248075e-10, 1.4352070643e-09, 9.07175001785e-10, 8.92028284571e-10, 1.355736301e-09, 5.01071739656e-10, 3.62697372136e-10, 2.42347697466e-10, 1.73624531419e-10, 8.74795028083e-11, 3.11524486762e-11, 5.09637089474e-11, 3.15786771732e-11, 1.66369140686e-11, 2.03040830676e-11, 1.08969977139e-11, 7.95482776872e-12, 5.35889648628e-12, 2.48812363941e-12, 2.36291411784e-12, 1.92860809788e-12, 8.07612060994e-13, 7.39884024816e-14],
        "stdev": [0.00138869311195, 0.0013826591894, 0.00309160072356, 0.00364104588516, 0.00171896407846, 0.000596291443799, 0.000306516245473, 0.000400097284, 0.000987042905763, 0.000970731547568, 0.000475583015941, 0.000596783589572, 0.000639045902062, 9.23939442146e-05, 0.000113956542918, 6.39912032057e-05, 2.65464095719e-05, 2.28074295592e-05, 2.19408993871e-05, 1.20233680718e-05, 1.24274611153e-05, 1.21219836728e-05, 7.01538965586e-06, 1.15046987048e-05, 1.3381341887e-05, 9.450581274e-06, 3.5470839066e-06, 2.02921478376e-06, 2.09244603866e-06, 2.20041624743e-06, 1.26225040731e-06, 5.39519191989e-07, 3.07166345692e-07, 2.56170096691e-07, 9.28398335986e-08, 5.61059536608e-08, 3.88285137376e-08, 6.23463307647e-08, 5.53885151078e-08, 2.51706993026e-08],
        "var": [1.9284686914e-06, 1.91174649444e-06, 9.55799532676e-06, 1.32572149596e-05, 2.95483732771e-06, 3.5556348621e-07, 9.39522095678e-08, 1.6007784609e-07, 9.74253680397e-07, 9.42319729802e-07, 2.26179196261e-07, 3.56150678726e-07, 4.08379662531e-07, 8.53664072764e-09, 1.29860939779e-08, 4.09487421749e-09, 7.04711899946e-10, 5.20178844443e-10, 4.81403028552e-10, 1.44561390636e-10, 1.54441792688e-10, 1.46942485957e-10, 4.92156905507e-11, 1.32358082827e-10, 1.79060308247e-10, 8.93134941005e-11, 1.25818036545e-11, 4.11771224756e-12, 4.3783301637e-12, 4.84183179661e-12, 1.59327607531e-12, 2.91080988523e-13, 9.43511558487e-14, 6.5623118647e-14, 8.61923532357e-15, 3.14787788155e-15, 1.50765353045e-15, 3.88706511165e-15, 3.06788747814e-15, 6.33564074464e-16]
    },
    "melbands128": {
