{
"lowlevel": {
    "average_loudness": 0.118066161871,
    "barkbands_crest": {
        "dmean": 3.25042390823,
        "dmean2": 5.52048110962,
        "dvar": 9.26604938507,
        "dvar2": 25.3037433624,
        "max": 26.6238937378,
        "mean": 14.7426137924,
        "median": 14.0614280701,
        "min": 2.7886068821,
        "stdev": 5.79350805283,
        "var": 33.5647354126
    },
    "barkbands_flatness_db": {
        "dmean": 0.0412852615118,
        "dmean2": 0.0668722614646,
        "dvar": 0.00138947484083,
        "dvar2": 0.00331645412371,
        "max": 0.667324721813,
        "mean": 0.339115172625,
        "median": 0.33566814661,
        "min": 0.0352864637971,
        "stdev": 0.105011552572,
        "var": 0.0110274264589
    },
    "barkbands_kurtosis": {
        "dmean": 8.53736209869,
        "dmean2": 14.4810934067,
        "dvar": 343.016204834,
        "dvar2": 952.969116211,
        "max": 337.840423584,
        "mean": 13.8581438065,
        "median": 4.81999015808,
        "min": -1.75549459457,
        "stdev": 29.1146602631,
        "var": 847.663452148
    },
    "barkbands_skewness": {
        "dmean": 0.986136436462,
        "dmean2": 1.63810431957,
        "dvar": 1.4406349659,
        "dvar2": 3.84619474411,
        "max": 15.1791582108,
        "mean": 1.4018958807,
        "median": 1.16663908958,
        "min": -6.08445882797,
        "stdev": 1.83512794971,
        "var": 3.36769461632
    },
    "barkbands_spread": {
        "dmean": 1.58588802814,
        "dmean2": 2.63730978966,
        "dvar": 4.74850511551,
        "dvar2": 12.0626039505,
        "max": 35.8017578125,
        "mean": 4.50996732712,
        "median": 3.37776303291,
        "min": 0.0657392665744,
        "stdev": 3.97342562675,
        "var": 15.788110733
    },
    "dissonance": {
        "dmean": 0.0652171745896,
        "dmean2": 0.11178188026,
        "dvar": 0.00340451067314,
        "dvar2": 0.00975025352091,
        "max": 0.500000059605,
        "mean": 0.356089442968,
        "median": 0.368608176708,
        "min": 0.062233120203,
        "stdev": 0.096052095294,
        "var": 0.00922600459307
    },
    "dynamic_complexity": 7.6588010788,
    "erbbands_crest": {
        "dmean": 3.70464301109,
        "dmean2": 6.25858688354,
        "dvar": 12.9383888245,
        "dvar2": 35.8449707031,
        "max": 33.8548164368,
        "mean": 16.4355564117,
        "median": 15.021279335,
        "min": 3.47707700729,
        "stdev": 7.41634082794,
        "var": 55.0021095276
    },
    "erbbands_flatness_db": {
        "dmean": 0.0335100367665,
        "dmean2": 0.0526862479746,
        "dvar": 0.00113082979806,
        "dvar2": 0.00250019552186,
        "max": 0.575781464577,
        "mean": 0.354544490576,
        "median": 0.356148183346,
        "min": 0.113424733281,
        "stdev": 0.0986042097211,
        "var": 0.0097227897495
    },
    "erbbands_kurtosis": {
        "dmean": 4.46983766556,
        "dmean2": 7.24387979507,
        "dvar": 71.2203292847,
        "dvar2": 150.081115723,
        "max": 155.610214233,
        "mean": 9.25164985657,
        "median": 2.53490161896,
        "min": -1.72901630402,
        "stdev": 21.3071212769,
        "var": 453.993408203
    },
    "erbbands_skewness": {
        "dmean": 0.679360926151,
        "dmean2": 1.11207664013,
        "dvar": 0.456642925739,
        "dvar2": 1.21242022514,
        "max": 9.04008674622,
        "mean": 1.20554661751,
        "median": 0.902955830097,
        "min": -1.95878231525,
        "stdev": 1.4225268364,
        "var": 2.0235824585
    },
    "erbbands_spread": {
        "dmean": 3.38058257103,
        "dmean2": 5.58874416351,
        "dvar": 22.6336555481,
        "dvar2": 54.2904663086,
        "max": 51.6342887878,
        "mean": 9.95914840698,
        "median": 8.21245574951,
        "min": 0.249425813556,
        "stdev": 8.38059997559,
        "var": 70.2344589233
    },
    "hfc": {
        "dmean": 3.51440000534,
        "dmean2": 5.72097969055,
        "dvar": 98.1711807251,
        "dvar2": 229.778671265,
        "max": 137.274856567,
        "mean": 6.08351755142,
        "median": 2.32116723061,
        "min": 6.44290265583e-09,
        "stdev": 12.7330102921,
        "var": 162.129547119
    },
    "loudness_ebu128": {
        "integrated": -22.4958095551,
        "loudness_range": 10.5316524506,
        "momentary": {
            "dmean": 1.63570272923,
            "dmean2": 2.17962026596,
            "dvar": 6.56811380386,
            "dvar2": 10.4175930023,
            "max": -12.1507263184,
            "mean": -27.5462760925,
            "median": -26.0129241943,
            "min": -45.3411865234,
            "stdev": 6.86331939697,
            "var": 47.1051521301
        },
        "short_term": {
            "dmean": 0.218555688858,
            "dmean2": 0.227149233222,
            "dvar": 0.105192095041,
            "dvar2": 0.140114322305,
            "max": -17.7847728729,
            "mean": -24.8111000061,
            "median": -24.6696491241,
            "min": -31.3986053467,
            "stdev": 3.05345153809,
            "var": 9.32356643677
        }
    },
    "melbands_crest": {
        "dmean": 3.82270932198,
        "dmean2": 6.62317895889,
        "dvar": 12.8851604462,
        "dvar2": 37.3442268372,
        "max": 33.950302124,
        "mean": 17.0230350494,
        "median": 15.9778623581,
        "min": 2.99011039734,
        "stdev": 6.6314868927,
        "var": 43.9766197205
    },
    "melbands_flatness_db": {
        "dmean": 0.0408760271966,
        "dmean2": 0.0657066106796,
        "dvar": 0.00139898410998,
        "dvar2": 0.00323547516018,
        "max": 0.772253990173,
        "mean": 0.398023277521,
        "median": 0.39421698451,
        "min": 0.0840347185731,
        "stdev": 0.111169114709,
        "var": 0.0123585723341
    },
    "melbands_kurtosis": {
        "dmean": 6.39181900024,
        "dmean2": 10.6755523682,
        "dvar": 115.225631714,
        "dvar2": 339.592010498,
        "max": 208.228866577,
        "mean": 10.3968086243,
        "median": 4.33828020096,
        "min": -1.58282852173,
        "stdev": 16.0241565704,
        "var": 256.773590088
    },
    "melbands_skewness": {
        "dmean": 0.828016102314,
        "dmean2": 1.37181282043,
        "dvar": 0.742049515247,
        "dvar2": 1.99476528168,
        "max": 8.46843147278,
        "mean": 1.16321349144,
        "median": 1.09160423279,
        "min": -5.45904970169,
        "stdev": 1.67386293411,
        "var": 2.80181694031
    },
    "melbands_spread": {
        "dmean": 2.44843649864,
        "dmean2": 4.16692829132,
        "dvar": 11.4150772095,
        "dvar2": 31.3685302734,
        "max": 48.3621406555,
        "mean": 6.63192415237,
        "median": 5.17817163467,
        "min": 0.267263919115,
        "stdev": 5.56456851959,
        "var": 30.9644241333
    },
    "pitch_salience": {
        "dmean": 0.105833470821,
        "dmean2": 0.182461217046,
        "dvar": 0.010299240239,
        "dvar2": 0.0291162133217,
        "max": 0.970868945122,
        "mean": 0.521916985512,
        "median": 0.542721748352,
        "min": 0.0561012215912,
        "stdev": 0.166613176465,
        "var": 0.0277599524707
    },
    "silence_rate_20dB": {
        "dmean": 0.0010303966701,
        "dmean2": 0.00206185574643,
        "dvar": 0.00102934171446,
        "dvar2": 0.00205762893893,
        "max": 1,
        "mean": 0.998970150948,
        "median": 1,
        "min": 0,
        "stdev": 0.0320751145482,
        "var": 0.00102881295606
    },
    "silence_rate_30dB": {
        "dmean": 0.0175167433918,
        "dmean2": 0.0350515469909,
        "dvar": 0.0172101035714,
        "dvar2": 0.0410391502082,
        "max": 1,
        "mean": 0.977857887745,
        "median": 1,
        "min": 0,
        "stdev": 0.147149220109,
        "var": 0.0216528922319
    },
    "silence_rate_60dB": {
        "dmean": 0.066975787282,
        "dmean2": 0.133505150676,
        "dvar": 0.0624903775752,
        "dvar2": 0.136298909783,
        "max": 1,
        "mean": 0.429454177618,
        "median": 0,
        "min": 0,
        "stdev": 0.494995951653,
        "var": 0.245020985603
    },
    "spectral_centroid": {
        "dmean": 82.3987960815,
        "dmean2": 140.365081787,
        "dvar": 15177.5507812,
        "dvar2": 41298.8789062,
        "max": 2053.07324219,
        "mean": 563.997497559,
        "median": 552.067749023,
        "min": 224.592437744,
        "stdev": 218.541397095,
        "var": 47760.34375
    },
    "spectral_complexity": {
        "dmean": 1.35651731491,
        "dmean2": 2.26752567291,
        "dvar": 3.01252055168,
        "dvar2": 7.16807126999,
        "max": 20,
        "mean": 4.18949556351,
        "median": 4,
        "min": 0,
        "stdev": 3.24713110924,
        "var": 10.5438604355
    },
    "spectral_decrease": {
        "dmean": 2.29481700309e-09,
        "dmean2": 3.85463749808e-09,
        "dvar": 5.00718828384e-17,
        "dvar2": 1.24853212291e-16,
        "max": -5.86329089427e-19,
        "mean": -3.57189589018e-09,
        "median": -1.06570796632e-09,
        "min": -1.04384348276e-07,
        "stdev": 8.96899354785e-09,
        "var": 8.04428513496e-17
    },
    "spectral_energy": {
        "dmean": 0.00897251628339,
        "dmean2": 0.0150586953387,
        "dvar": 0.000758947280701,
        "dvar2": 0.00188838038594,
        "max": 0.405799865723,
        "mean": 0.0140329608694,
        "median": 0.00420887954533,
        "min": 2.79733549692e-12,
        "stdev": 0.0349409990013,
        "var": 0.00122087344062
    },
    "spectral_energyband_high": {
        "dmean": 2.77635103885e-06,
        "dmean2": 4.69869883091e-06,
        "dvar": 1.2633109836e-10,
        "dvar2": 2.38712660749e-10,
        "max": 0.000366993946955,
        "mean": 3.50213895217e-06,
        "median": 2.19776552512e-07,
        "min": 3.88691411956e-13,
        "stdev": 1.55014167831e-05,
        "var": 2.40293923648e-10
    },
    "spectral_energyband_low": {
        "dmean": 0.000175902692718,
        "dmean2": 0.000309374183416,
        "dvar": 5.70964516555e-07,
        "dvar2": 1.42221938404e-06,
        "max": 0.0176441818476,
        "mean": 0.000177399560926,
        "median": 2.24363993766e-05,
        "min": 9.62723688746e-14,
        "stdev": 0.00085434311768,
        "var": 7.29902126295e-07
    },
    "spectral_energyband_middle_high": {
        "dmean": 0.000764628406614,
        "dmean2": 0.00128047983162,
        "dvar": 6.13160273133e-06,
        "dvar2": 1.54634672072e-05,
        "max": 0.0482225269079,
        "mean": 0.00135086337104,
        "median": 0.000262332323473,
        "min": 1.32021314454e-12,
        "stdev": 0.00327008217573,
        "var": 1.06934376163e-05
    },
    "spectral_energyband_middle_low": {
        "dmean": 0.00849775597453,
        "dmean2": 0.0142666883767,
        "dvar": 0.000715551432222,
        "dvar2": 0.00178752630018,
        "max": 0.397728711367,
        "mean": 0.0128101892769,
        "median": 0.00303769623861,
        "min": 1.02062000344e-12,
        "stdev": 0.0339923389256,
        "var": 0.00115547922906
    },
    "spectral_entropy": {
        "dmean": 0.37250828743,
        "dmean2": 0.608101546764,
        "dvar": 0.116043046117,
        "dvar2": 0.289460867643,
        "max": 8.20877170563,
        "mean": 5.96310377121,
        "median": 5.96388053894,
        "min": 3.17319583893,
        "stdev": 0.919057846069,
        "var": 0.844667315483
    },
    "spectral_flux": {
        "dmean": 0.023940205574,
        "dmean2": 0.0401702076197,
        "dvar": 0.0025846499484,
        "dvar2": 0.00677470071241,
        "max": 0.500442743301,
        "mean": 0.0468458980322,
        "median": 0.0263782199472,
        "min": 1.67252369465e-06,
        "stdev": 0.0622848160565,
        "var": 0.00387939810753
    },
    "spectral_kurtosis": {
        "dmean": 23.8873500824,
        "dmean2": 38.9920005798,
        "dvar": 1119.76501465,
        "dvar2": 2702.56274414,
        "max": 458.579864502,
        "mean": 49.2264900208,
        "median": 27.5074558258,
        "min": 0.623020172119,
        "stdev": 57.9973983765,
        "var": 3363.69824219
    },
    "spectral_rms": {
        "dmean": 0.000861191016156,
        "dmean2": 0.00140961410943,
        "dvar": 2.84822203866e-06,
        "dvar2": 6.83033113091e-06,
        "max": 0.0198972932994,
        "mean": 0.00261388230138,
        "median": 0.0020263819024,
        "min": 5.22408640791e-08,
        "stdev": 0.00261883507483,
        "var": 6.8582971835e-06
    },
    "spectral_rolloff": {
        "dmean": 138.11819458,
        "dmean2": 251.992858887,
        "dvar": 49722.1210938,
        "dvar2": 139325.4375,
        "max": 3703.7109375,
        "mean": 669.325622559,
        "median": 624.462890625,
        "min": 129.19921875,
        "stdev": 294.856445312,
        "var": 86940.3203125
    },
    "spectral_skewness": {
        "dmean": 1.29134106636,
        "dmean2": 2.14111685753,
        "dvar": 1.7652797699,
        "dvar2": 4.37226963043,
        "max": 16.7016029358,
        "mean": 4.59354114532,
        "median": 3.80234479904,
        "min": 0.795970261097,
        "stdev": 2.79070067406,
        "var": 7.78801059723
    },
    "spectral_spread": {
        "dmean": 535848.375,
        "dmean2": 918856.0625,
        "dvar": 646099828736,
        "dvar2": 1.27818491494e+12,
        "max": 28215268,
        "mean": 1843113.875,
        "median": 1601259.75,
        "min": 221894.96875,
        "stdev": 1152828.375,
        "var": 1.32901319475e+12
    },
    "spectral_strongpeak": {
        "dmean": 0.353380858898,
        "dmean2": 0.555457413197,
        "dvar": 0.341006487608,
        "dvar2": 0.751859605312,
        "max": 9.21596813202,
        "mean": 0.957077205181,
        "median": 0.593240380287,
        "min": 3.35303525389e-07,
        "stdev": 1.09967875481,
        "var": 1.20929324627
    },
    "zerocrossingrate": {
        "dmean": 0.00241625006311,
        "dmean2": 0.00321082677692,
        "dvar": 9.84544294624e-06,
        "dvar2": 1.70510356838e-05,
        "max": 0.0947265625,
        "mean": 0.0250049289316,
        "median": 0.02490234375,
        "min": 0.00634765625,
        "stdev": 0.00918350648135,
        "var": 8.43367961352e-05
    },
    "barkbands": {
        "dmean": [2.6922584766e-06, 5.80749583605e-05, 9.08301080926e-05, 0.000119147312944, 0.00528592150658, 0.00186336168554, 0.000702098885085, 0.00105126900598, 0.000341950566508, 0.000824637303594, 0.00018612324493, 5.38698477612e-05, 4.15446629631e-05, 2.06509776035e-05, 3.80467572541e-05, 1.88178473763e-05, 1.90482951439e-05, 6.21396475253e-06, 3.62350283467e-06, 2.18902687266e-06, 1.30195792281e-06, 3.8343353026e-07, 2.31490901115e-07, 1.63625031746e-07, 1.30411052623e-07, 4.84007784962e-08, 7.30088123291e-09],
        "dmean2": [4.7755606829e-06, 0.000102101133962, 0.000158952956554, 0.00022913092107, 0.00924606528133, 0.00319372722879, 0.00115749135148, 0.00151531712618, 0.000576606427785, 0.00132991292048, 0.000325469765812, 9.88770334516e-05, 6.68796055834e-05, 3.54119256372e-05, 6.59908328089e-05, 3.40480073646e-05, 3.10717878165e-05, 1.16223882287e-05, 6.72479927744e-06, 3.73513671548e-06, 2.13913267544e-06, 6.63742866891e-07, 3.85998248476e-07, 2.7057637908e-07, 2.23272522248e-07, 8.01013300133e-08, 1.26549233315e-08],
        "dvar": [2.22216897661e-10, 7.41310657304e-08, 2.19796760348e-07, 3.99935970563e-07, 0.000532448641025, 2.54971728282e-05, 1.3242039131e-05, 2.55268096225e-05, 1.48110825648e-06, 6.68972961648e-06, 1.27527914628e-06, 5.22575760442e-07, 6.07822414622e-08, 6.2994227612e-09, 1.17371776298e-07, 5.76317882306e-09, 8.39440872369e-09, 4.62488580766e-09, 4.17111373219e-10, 8.95392510136e-11, 7.99138047403e-11, 1.4898053494e-12, 5.99365771858e-13, 4.24834348473e-13, 9.44211722698e-13, 9.80584157709e-14, 5.09623767814e-15],
        "dvar2": [5.99578497962e-10, 1.66039455962e-07, 5.55656640699e-07, 1.22102926525e-06, 0.00135668937583, 6.17334080744e-05, 3.31056035066e-05, 4.69122314826e-05, 4.11113387599e-06, 1.46278662214e-05, 3.0049027373e-06, 1.51009135152e-06, 1.12151326448e-07, 1.48342369499e-08, 3.29413751388e-07, 1.87121589335e-08, 2.00836822728e-08, 1.36934161787e-08, 1.22576582218e-09, 1.89802618067e-10, 1.16649856441e-10, 4.0115909726e-12, 1.4306460747e-12, 1.01408996218e-12, 2.59817558093e-12, 2.50851260337e-13, 1.43512538143e-14],
        "max": [0.000303247768898, 0.00753889046609, 0.015361931175, 0.013037700206, 0.355851590633, 0.116772077978, 0.076080724597, 0.151288628578, 0.0280615091324, 0.0501591637731, 0.0332161299884, 0.0236205030233, 0.00532128289342, 0.00176741217729, 0.0107777314261, 0.00117847730871, 0.00246096751653, 0.00195476319641, 0.000448982405942, 0.000297290011076, 0.000360497186193, 1.96455457626e-05, 2.16715270653e-05, 1.76146168087e-05, 2.77873077721e-05, 8.04829051049e-06, 2.38616598836e-06],
        "mean": [2.21576601689e-06, 5.74643818254e-05, 8.26977484394e-05, 8.91005183803e-05, 0.00622949050739, 0.00233574653976, 0.000869992014486, 0.00210408191197, 0.000384472194128, 0.00140842306428, 0.000238396649365, 6.62508973619e-05, 5.52520250494e-05, 2.2107091354e-05, 3.30913462676e-05, 1.84014079423e-05, 2.32591573877e-05, 4.66330857307e-06, 2.91433207167e-06, 2.06771915146e-06, 1.45509500271e-06, 5.09538494953e-07, 3.57753293656e-07, 2.73604484846e-07, 2.00663052397e-07, 8.07675846204e-08, 6.04444805319e-09],
        "median": [8.92781244488e-08, 6.64961680741e-06, 8.91265335667e-06, 7.09646292307e-06, 0.000158401991939, 0.000238383188844, 4.20461510657e-05, 0.000129638559883, 8.69832729222e-05, 0.000152863067342, 1.43698052852e-05, 6.68233360557e-06, 4.46385274699e-06, 2.12228610508e-06, 1.75075081188e-06, 9.60456418397e-07, 1.47272885442e-06, 2.8747746228e-07, 1.93093711687e-07, 1.43918740036e-07, 7.57398765927e-08, 3.35032410703e-08, 1.28674209066e-08, 3.90755561241e-09, 1.20669252368e-09, 1.4026646511e-10, 4.53593551608e-11],
        "min": [2.67448078115e-14, 4.43319189138e-14, 2.58985609109e-14, 2.57779332548e-14, 7.33161361482e-14, 9.44620155209e-14, 1.78819415872e-13, 2.46938076541e-13, 3.34094758152e-13, 1.20404920301e-13, 1.37207478994e-13, 1.97057539557e-13, 2.6283275144e-13, 2.52854649111e-13, 1.27891038146e-13, 8.86467413147e-14, 1.08429094154e-14, 3.73529806803e-14, 8.77916852713e-14, 4.11197734662e-14, 4.96523090384e-14, 1.28491916543e-14, 8.37705013863e-14, 6.26329432654e-14, 5.6741051541e-15, 7.03678126646e-16, 1.08087936811e-15],
        "stdev": [1.45798749145e-05, 0.000312244956149, 0.000498290290125, 0.000510058482178, 0.0285909175873, 0.0063536958769, 0.00374153233133, 0.00737488036975, 0.00111675087828, 0.00361179444008, 0.00118381506763, 0.000564869726077, 0.00032385304803, 9.21565588214e-05, 0.000274066027487, 8.16290848888e-05, 0.000102619131212, 4.99858251715e-05, 1.54235349328e-05, 1.04916653072e-05, 1.22274677778e-05, 1.75320167273e-06, 1.47753360125e-06, 1.25992846733e-06, 1.17942613542e-06, 5.26188273398e-07, 6.56290595202e-08],
        "var": [2.12572751068e-10, 9.74969154299e-08, 2.48293218874e-07, 2.60159652044e-07, 0.000817440566607, 4.03694539273e-05, 1.39990634125e-05, 5.43888600077e-05, 1.247132559e-06, 1.3045059859e-05, 1.40141798965e-06, 3.19077798849e-07, 1.0488079738e-07, 8.49283132709e-09, 7.51121902454e-08, 6.66330723931e-09, 1.05306856568e-08, 2.49858289614e-09, 2.37885433574e-10, 1.10075039361e-10, 1.49510973046e-10, 3.07371597792e-12, 2.18310569275e-12, 1.58741975727e-12, 1.39104591561e-12, 2.7687411825e-13, 4.30717354822e-15]
    },
    "erbbands": {
        "dmean": [0.000979473115876, 0.0160710792989, 0.0913922190666, 0.277862221003, 2.96796751022, 23.5672454834, 21.5544815063, 17.489402771, 12.3102645874, 10.7653331757, 26.4670219421, 7.73424816132, 28.4470119476, 12.7821455002, 5.63537693024, 2.3460752964, 1.74920964241, 1.2038744688, 2.08756709099, 1.20404052734, 1.07167434692, 0.761417150497, 0.373206734657, 0.234300106764, 0.159490570426, 0.119837060571, 0.0644535720348, 0.0357544384897, 0.0150067368522, 0.00928186997771, 0.00607779389247, 0.00425728224218, 0.00228536059149, 0.00134539557621, 0.00100088492036, 0.000364386098227, 6.7925248004e-05, 1.50864971147e-05, 4.92588515044e-06, 1.00018087323e-05],
        "dmean2": [0.00177639734466, 0.0280366856605, 0.16026096046, 0.515568077564, 5.36905670166, 41.8054008484, 37.4132270813, 29.6844005585, 21.1598434448, 16.9799671173, 37.3474655151, 12.1945047379, 45.0551147461, 21.571680069, 10.1608734131, 4.22006416321, 2.82409977913, 1.93107044697, 3.64866614342, 2.13964128494, 1.84698569775, 1.24027836323, 0.687935829163, 0.438250243664, 0.292672932148, 0.201680541039, 0.101864531636, 0.0630991086364, 0.0259034223855, 0.0160916317254, 0.00994129572064, 0.00719075463712, 0.0037194872275, 0.00218313070945, 0.00175144802779, 0.000626281020232, 0.0001065755132, 2.57620013144e-05, 8.32275236462e-06, 1.67688212969e-05],
        "dvar": [1.89253205463e-05, 0.0059624761343, 0.19149543345, 1.72397577763, 190.273681641, 11227.5537109, 7512.31005859, 2904.20678711, 2299.13110352, 3119.46777344, 16484.6328125, 750.387023926, 11372.9462891, 1698.92614746, 877.042541504, 695.697937012, 108.772003174, 24.6723079681, 296.469970703, 55.7498474121, 18.3339099884, 11.6781053543, 9.01965999603, 3.3113181591, 0.636989474297, 0.351891964674, 0.234628587961, 0.0216998402029, 0.00210206070915, 0.000993998371996, 0.000426866172347, 0.000282904715277, 8.5393905465e-05, 3.70588022633e-05, 0.000109953827632, 9.77118725132e-06, 1.4207427057e-07, 9.81081438312e-09, 3.09321734893e-10, 9.32693922095e-10],
        "dvar2": [5.50763070351e-05, 0.0128866191953, 0.470516234636, 4.97189998627, 526.079711914, 28669.4160156, 19773.0703125, 6611.02783203, 6144.65625, 7348.80761719, 27656.0800781, 1840.08618164, 24135.4667969, 4374.37353516, 2228.75341797, 1973.5267334, 205.814147949, 47.6559524536, 834.701904297, 164.06741333, 49.7044258118, 25.1535377502, 26.5886211395, 9.78575897217, 1.83844935894, 0.686246812344, 0.323105931282, 0.0553060844541, 0.00553955184296, 0.00273158191703, 0.000970873166807, 0.000722438155208, 0.00018029884086, 8.29826531117e-05, 0.000312625285005, 2.72491070064e-05, 2.97182680242e-07, 2.54174725711e-08, 8.32144464447e-10, 2.31506835924e-09],
        "max": [0.0749261006713, 2.23698115349, 11.9342489243, 28.6713962555, 195.173950195, 1683.76867676, 1181.87927246, 1435.39111328, 830.928588867, 1116.50463867, 4157.15673828, 654.97479248, 2048.16577148, 1022.58306885, 660.116821289, 866.622924805, 200.925552368, 147.533233643, 541.332763672, 217.177398682, 76.6446304321, 84.1838302612, 80.4634170532, 45.150062561, 17.3238277435, 20.6208362579, 20.5209999084, 4.18458509445, 0.820153951645, 0.786081016064, 0.588796138763, 0.381404668093, 0.299400955439, 0.161580875516, 0.327096402645, 0.0918705165386, 0.0125098424032, 0.00291456421837, 0.000422016368248, 0.0004489456187],
        "mean": [0.000876283855177, 0.0164152644575, 0.0872858762741, 0.253762871027, 3.24063467979, 27.5662460327, 26.2730560303, 21.5782375336, 13.5259313583, 16.0362873077, 55.4824676514, 12.748049736, 40.7250366211, 27.6790904999, 7.42423248291, 3.14791274071, 2.25685811043, 1.573315382, 1.82800900936, 1.14211940765, 1.16587817669, 0.907309949398, 0.313595831394, 0.180829972029, 0.133791357279, 0.11363261193, 0.0720489472151, 0.0355743430555, 0.019134555012, 0.0132863922045, 0.00974686909467, 0.00647118035704, 0.00422814954072, 0.00234556640498, 0.00136422982905, 0.000541599350981, 0.000111289831693, 1.99678142963e-05, 7.40613131711e-06, 1.57404010679e-05],
        "median": [0.000115478600492, 0.00202446384355, 0.0107660014182, 0.0255755912513, 0.136577919126, 0.546180009842, 1.52082157135, 1.669028759, 0.929535269737, 2.41287279129, 3.58191680908, 3.31972074509, 3.78171443939, 2.96943569183, 1.06071352959, 0.428380310535, 0.236495733261, 0.173955067992, 0.124434709549, 0.0913958102465, 0.0814690515399, 0.0639389008284, 0.0244253464043, 0.0125829912722, 0.00853865221143, 0.00743897957727, 0.00445782626048, 0.00220132363029, 0.00124268920626, 0.000873862416483, 0.000280525942799, 0.000114686365123, 5.88989751122e-05, 2.70750661002e-05, 1.0676229067e-05, 5.0551352615e-06, 2.46865488407e-06, 5.20073740518e-07, 2.34445224123e-06, 4.80218432131e-06],
        "min": [1.59748191238e-12, 8.99305543228e-12, 2.74919757098e-11, 6.35516569925e-11, 1.44389084022e-10, 2.65611282968e-10, 4.48922149454e-10, 9.00609642418e-10, 1.88646431809e-09, 4.14466372334e-09, 5.90219606522e-09, 7.39872607625e-09, 6.02604988131e-09, 3.06210012901e-09, 6.46932551973e-09, 9.28333321326e-09, 1.15628466801e-08, 1.4269913251e-08, 8.33827140667e-09, 6.90810697535e-09, 2.75928591087e-09, 7.90061405187e-10, 2.21156026825e-09, 1.87349624703e-09, 6.17629414279e-09, 1.78887493707e-09, 2.02119831982e-09, 1.55892165843e-09, 5.73202985077e-10, 1.61008895105e-09, 2.25708629564e-09, 2.08283745806e-09, 3.3514913067e-10, 4.65339468347e-11, 1.75062964125e-10, 7.33629434979e-10, 3.26921267835e-10, 1.05477380302e-11, 1.53919075836e-12, 5.39710454334e-14],
        "stdev": [0.00408424576744, 0.090750284493, 0.487993150949, 1.22203850746, 14.1368217468, 131.20274353, 104.988677979, 69.2634658813, 45.8417739868, 62.7141036987, 196.726623535, 31.2855606079, 130.595779419, 82.0348510742, 29.6655807495, 21.5501117706, 13.1545267105, 7.12203550339, 13.7820158005, 6.18186378479, 4.38598680496, 4.12482690811, 2.24636650085, 1.3440413475, 0.628706455231, 0.689713418484, 0.66542840004, 0.147362440825, 0.0652157813311, 0.0498416088521, 0.0418274104595, 0.0287416968495, 0.0203546378762, 0.0122178168967, 0.00994983687997, 0.00356521550566, 0.000770404119976, 0.000148373233969, 1.92140851141e-05, 3.87691979995e-05],
        "var": [1.66810623341e-05, 0.00823561474681, 0.238137319684, 1.49337804317, 199.849716187, 17214.1582031, 11022.6230469, 4797.42822266, 2101.46826172, 3933.05859375, 38701.3671875, 978.786315918, 17055.2578125, 6729.71630859, 880.046630859, 464.407348633, 173.041564941, 50.7233886719, 189.943954468, 38.2154426575, 19.2368793488, 17.0141963959, 5.04616260529, 1.80644714832, 0.395271807909, 0.47570464015, 0.442794919014, 0.0217156875879, 0.00425309827551, 0.0024841860868, 0.00174953218084, 0.000826085102744, 0.000414311274653, 0.000149275059812, 9.89992549876e-05, 1.27107614389e-05, 5.9352248627e-07, 2.2014615908e-08, 3.69181046844e-10, 1.50305068392e-09]
    },
    "gfcc": {
        "mean": [-253.79057312, 191.043395996, -133.443130493, -19.1357078552, -69.8706130981, -27.1609420776, -21.3374919891, -12.1790456772, -8.8261680603, -20.2964687347, -8.47369861603, -10.2236833572, 6.64097452164],
        "cov": [[8751.87109375, -727.008911133, -598.924072266, -1496.75427246, -180.209579468, -334.925323486, -644.933105469, -36.7903862, -553.304504395, 76.8689193726, -395.093475342, 193.292068481, 96.8759613037], [-727.008911133, 1051.88696289, 81.493850708, -443.716064453, 130.645263672, -534.339111328, 114.103775024, -301.712188721, 46.5954780579, -159.742050171, 107.563575745, 8.62526893616, 52.5491333008], [-598.924072266, 81.493850708, 1353.88464355, 306.176879883, -292.297698975, -2.91141223907, -197.744552612, -85.1616592407, -87.7671279907, 16.8420810699, -55.0213851929, -59.6673316956, -40.7181625366], [-1496.75427246, -443.716064453, 306.176879883, 1678.0267334, -1.28409862518, 604.139465332, -65.3137054443, 35.5952720642, -5.04331541061, 72.4607620239, 113.371536255, -144.11541748, -19.0244197845], [-180.209579468, 130.645263672, -292.297698975, -1.28409862518, 292.455871582, 1.38881003857, 71.0201034546, -3.28153920174, 22.436870575, -30.444524765, -4.11679840088, 1.04273402691, -2.69957590103], [-334.925323486, -534.339111328, -2.91141223907, 604.139465332, 1.38881003857, 710.348327637, 64.5253143311, 258.027954102, 36.936668396, 56.1801490784, -36.5724906921, -79.3623733521, -36.1993331909], [-644.933105469, 114.103775024, -197.744552612, -65.3137054443, 71.0201034546, 64.5253143311, 290.546234131, 125.180252075, 141.104736328, -14.9066667557, 32.6793861389, -20.1897106171, -42.1120643616], [-36.7903862, -301.712188721, -85.1616592407, 35.5952720642, -3.28153920174, 258.027954102, 125.180252075, 319.312591553, 115.696182251, 59.2174491882, -51.2723617554, -31.215171814, -59.1599082947], [-553.304504395, 46.5954780579, -87.7671279907, -5.04331541061, 22.436870575, 36.936668396, 141.104736328, 115.696182251, 191.686569214, 35.7105484009, 36.5109786987, -35.725025177, -45.5197715759], [76.8689193726, -159.742050171, 16.8420810699, 72.4607620239, -30.444524765, 56.1801490784, -14.9066667557, 59.2174491882, 35.7105484009, 143.72984314, 19.365070343, -11.8800821304, -58.1090049744], [-395.093475342, 107.563575745, -55.0213851929, 113.371536255, -4.11679840088, -36.5724906921, 32.6793861389, -51.2723617554, 36.5109786987, 19.365070343, 134.696548462, 26.7631130219, 13.0643253326], [193.292068481, 8.62526893616, -59.6673316956, -144.11541748, 1.04273402691, -79.3623733521, -20.1897106171, -31.215171814, -35.725025177, -11.8800821304, 26.7631130219, 129.072952271, 60.2597999573], [96.8759613037, 52.5491333008, -40.7181625366, -19.0244197845, -2.69957590103, -36.1993331909, -42.1120643616, -59.1599082947, -45.5197715759, -58.1090049744, 13.0643253326, 60.2597999573, 116.397583008]],
        "icov": [[0.000259643653408, 8.8934921223e-06, 0.00022113637533, 0.000211680162465, 0.000189354046597, -6.25680854682e-07, 0.000473454565508, -0.000221974143642, 0.000611462630332, -0.000276708800811, 0.000338792218827, 4.34962166764e-05, -5.04571744386e-06], [8.8934921223e-06, 0.00470980862156, -0.00146595982369, 0.00114483200014, -0.0026715346612, 0.00168041756842, -0.00237036379986, 0.00288621615618, -0.00140159856528, 0.00249773962423, -0.00366865238175, 0.00314834783785, -0.00190874759573], [0.00022113637533, -0.00146595982369, 0.00183569360524, -0.000541084504221, 0.00217109755613, -0.000325753353536, 0.00152439496014, -0.000751405837946, 0.000771995633841, -0.000638469937257, 0.0023173764348, -0.00116461375728, 0.00147615023889], [0.000211680162465, 0.00114483200014, -0.000541084504221, 0.00185823626816, -0.00104062655009, -0.000908466929104, 0.000310860748868, 0.000816944695543, 0.000350526475813, 0.00015112834808, -0.00258628581651, 0.00225052121095, -0.00101987179369], [0.000189354046597, -0.0026715346612, 0.00217109755613, -0.00104062655009, 0.00663645938039, -0.000799063942395, 0.000877687009051, -0.000735319976229, 0.000737722904887, -0.000706486578565, 0.00414819549769, -0.0026594796218, 0.00233417749405], [-6.25680854682e-07, 0.00168041756842, -0.000325753353536, -0.000908466929104, -0.000799063942395, 0.00425545545295, -0.0014540135162, -0.0018488180358, 0.000839819957037, 0.000567797804251, -0.000443913129857, 0.0017031643074, -0.00140141439624], [0.000473454565508, -0.00237036379986, 0.00152439496014, 0.000310860748868, 0.000877687009051, -0.0014540135162, 0.00958604738116, -0.00358838913962, -0.00184156873729, 0.0017812611768, -0.000173388907569, -0.0017414605245, 0.00356277194805], [-0.000221974143642, 0.00288621615618, -0.000751405837946, 0.000816944695543, -0.000735319976229, -0.0018488180358, -0.00358838913962, 0.010765469633, -0.00550010567531, -0.000153791595949, 0.00207600533031, -0.000384950631997, 7.23017437849e-05], [0.000611462630332, -0.00140159856528, 0.000771995633841, 0.000350526475813, 0.000737722904887, 0.000839819957037, -0.00184156873729, -0.00550010567531, 0.0136119704694, -0.0031853786204, -0.00224178191274, 0.00286550307646, -0.000231092824833], [-0.000276708800811, 0.00249773962423, -0.000638469937257, 0.00015112834808, -0.000706486578565, 0.000567797804251, 0.0017812611768, -0.000153791595949, -0.0031853786204, 0.0136638982221, -0.00510702840984, -0.000719974865206, 0.0061521413736], [0.000338792218827, -0.00366865238175, 0.0023173764348, -0.00258628581651, 0.00414819549769, -0.000443913129857, -0.000173388907569, 0.00207600533031, -0.00224178191274, -0.00510702840984, 0.0179843176156, -0.00719270808622, 0.000991707434878], [4.34962166764e-05, 0.00314834783785, -0.00116461375728, 0.00225052121095, -0.0026594796218, 0.0017031643074, -0.0017414605245, -0.000384950631997, 0.00286550307646, -0.000719974865206, -0.00719270808622, 0.0164863485843, -0.00882144737989], [-5.04571744386e-06, -0.00190874759573, 0.00147615023889, -0.00101987179369, 0.00233417749405, -0.00140141439624, 0.00356277194805, 7.23017437849e-05, -0.000231092824833, 0.0061521413736, 0.000991707434878, -0.00882144737989, 0.0181874707341]]
    },
    "melbands": {
        "dmean": [1.22662495414e-05, 3.80005294573e-05, 9.37803997658e-05, 0.0008690104587, 0.000958648510277, 0.000370372086763, 0.000186575198313, 0.000124941550894, 0.000197631743504, 4.80050148326e-05, 0.000140356190968, 5.16532636539e-05, 2.49528893619e-05, 6.47465367365e-06, 5.63653247809e-06, 2.8634553928e-06, 2.12845884562e-06, 3.13581631417e-06, 2.3383001917e-06, 1.51374888446e-06, 1.31863373554e-06, 1.00713100437e-06, 3.25317472516e-07, 4.03716995834e-07, 1.59425866286e-07, 1.43823328358e-07, 9.1792706769e-08, 7.05206772977e-08, 4.93552008152e-08, 2.6588573121e-08, 1.75952035164e-08, 8.96186058696e-09, 6.17520656832e-09, 5.04428676606e-09, 3.87539422775e-09, 2.81489920262e-09, 2.7076514364e-09, 1.71550484929e-09, 1.34655597783e-09, 1.12037734645e-09],
        "dmean2": [2.17592642002e-05, 6.61357553327e-05, 0.000170235085534, 0.00155408750288, 0.00166196667124, 0.000628021953162, 0.000320122053381, 0.000195714033907, 0.000279180909274, 7.80569607741e-05, 0.000222651899094, 8.86120542418e-05, 4.46770500275e-05, 1.18035095511e-05, 9.8882110251e-06, 4.43640692538e-06, 3.49992774318e-06, 5.54493999516e-06, 4.07219295084e-06, 2.76650416708e-06, 2.22119297177e-06, 1.61629736795e-06, 5.91116361193e-07, 7.56720851314e-07, 2.98543000099e-07, 2.6664372399e-07, 1.59133875854e-07, 1.20012288107e-07, 7.46523980411e-08, 4.68827252575e-08, 3.12708614558e-08, 1.56182995426e-08, 1.06918482956e-08, 8.77320438519e-09, 6.44230091496e-09, 4.68272753906e-09, 4.7091939237e-09, 2.80753797988e-09, 2.14252593445e-09, 1.84737247722e-09],
        "dvar": [2.84648549176e-09, 3.11191286073e-08, 1.91368542346e-07, 1.34902757054e-05, 1.77023357537e-05, 1.2280078181e-06, 5.60623334422e-07, 4.04599660442e-07, 9.09892605705e-07, 3.10759631361e-08, 2.74303744163e-07, 2.88703763118e-08, 1.99683700686e-08, 7.58895613018e-09, 1.5866377101e-09, 1.72071093485e-10, 7.68708222076e-11, 6.11861616928e-10, 3.77944370245e-10, 5.0063803797e-11, 3.47845884041e-11, 2.47692196614e-11, 2.49730206132e-12, 2.41104896465e-11, 1.30632820099e-12, 6.59150034901e-13, 1.50818051624e-13, 1.10788507817e-13, 2.09837084774e-13, 1.20417668146e-14, 4.20513614774e-15, 7.43939402574e-16, 4.88103794646e-16, 3.35469172235e-16, 1.89930144823e-16, 1.1067733506e-16, 1.36434402611e-16, 5.12045445598e-17, 3.17120797471e-17, 3.04743627791e-17],
        "dvar2": [7.24324999979e-09, 7.43377341905e-08, 5.58325893962e-07, 3.52641436621e-05, 4.49087674497e-05, 2.86837666863e-06, 1.4916577129e-06, 1.00307579487e-06, 1.51829567585e-06, 8.20290964043e-08, 5.842111932e-07, 7.53439266532e-08, 4.81326836166e-08, 2.19176801153e-08, 3.66631258686e-09, 3.11698777899e-10, 1.56542542817e-10, 1.73721448338e-09, 1.04637343235e-09, 1.69106326164e-10, 9.08669112176e-11, 5.24390426915e-11, 6.98073630151e-12, 7.13294076582e-11, 3.86576404568e-12, 1.93207038909e-12, 3.55501733737e-13, 2.33688231526e-13, 2.76788656014e-13, 3.17930970721e-14, 1.12346181078e-14, 1.97138172858e-15, 1.33297839607e-15, 9.32702177177e-16, 4.60650292156e-16, 2.5745542609e-16, 3.84559469619e-16, 1.11047832565e-16, 6.78122401473e-17, 7.01351022737e-17],
        "max": [0.00114177365322, 0.00432306434959, 0.00637192744762, 0.0524802543223, 0.0640033408999, 0.0281899515539, 0.013087653555, 0.0138212693855, 0.031477432698, 0.00407167850062, 0.0101623740047, 0.00398953026161, 0.003685784759, 0.00285456050187, 0.000871077354532, 0.000261423876509, 0.000244229653617, 0.000771369610447, 0.000601633451879, 0.000121727629448, 0.000140617441502, 0.000122869314509, 3.25622677337e-05, 0.000142959615914, 2.5836065106e-05, 2.15895815927e-05, 1.00744473457e-05, 1.05664821604e-05, 1.9827099095e-05, 3.0041435366e-06, 1.46034608406e-06, 4.52101829751e-07, 4.48044943369e-07, 5.00796716096e-07, 3.91952312384e-07, 2.53093020319e-07, 2.54822907664e-07, 2.20721005917e-07, 1.6726230001e-07, 1.50609977823e-07],
        "mean": [1.17695135486e-05, 3.75554918719e-05, 9.0688074124e-05, 0.00102132651955, 0.00116283854004, 0.000457260408439, 0.000209971476579, 0.000195107524632, 0.000415139336837, 6.40713624307e-05, 0.000201135524549, 0.000113288086141, 3.13603995892e-05, 7.90537069406e-06, 7.10541280569e-06, 3.9313963498e-06, 2.66665324489e-06, 2.66247548097e-06, 2.03697481993e-06, 1.56289684128e-06, 1.44379293943e-06, 1.24831342418e-06, 2.84325636812e-07, 2.99480973354e-07, 1.20047019436e-07, 1.17844344061e-07, 8.25439769869e-08, 6.53870273482e-08, 5.5982813052e-08, 2.48275693338e-08, 1.73718834873e-08, 1.09647677604e-08, 8.7580458441e-09, 6.86688261808e-09, 5.79464876083e-09, 4.5504107149e-09, 3.74767328282e-09, 3.09731928994e-09, 2.32108976483e-09, 1.86659643298e-09],
        "median": [1.45686590258e-06, 4.60750925413e-06, 6.50660967949e-06, 2.44017646764e-05, 5.3486059187e-05, 3.74969240511e-05, 1.00583238236e-05, 2.86968315777e-05, 2.34237741097e-05, 1.49933212015e-05, 1.66107674886e-05, 9.67088089965e-06, 2.98265604215e-06, 8.90584715307e-07, 5.90868125983e-07, 3.87521993161e-07, 2.46562848361e-07, 1.79462546157e-07, 1.17470676742e-07, 9.33844290785e-08, 9.01095944528e-08, 7.70852039977e-08, 2.98045996772e-08, 1.33563418103e-08, 8.84420980896e-09, 6.80959999499e-09, 5.09245356994e-09, 4.73942929347e-09, 2.8883877512e-09, 1.78288861452e-09, 1.01919894746e-09, 6.53289367047e-10, 6.10079098351e-10, 4.06921135676e-10, 1.54802254348e-10, 8.46140796318e-11, 5.90113236054e-11, 4.26359780814e-11, 2.26529524305e-11, 1.37810257997e-11],
        "min": [1.4570154233e-14, 1.36760118543e-14, 1.31711980054e-14, 1.47383648119e-14, 1.51796367902e-14, 2.01329685752e-14, 3.11292028125e-14, 4.772172444e-14, 4.99325854644e-14, 4.69205058108e-14, 2.8879571396e-14, 1.08804770207e-14, 2.04393403922e-14, 2.05615824931e-14, 2.76828273439e-14, 2.49060568312e-14, 2.72582961248e-14, 1.37053352879e-14, 9.71719839332e-15, 8.3327916507e-15, 2.0436726025e-15, 5.60265919555e-16, 1.51541436395e-15, 1.964361096e-15, 1.33554342359e-15, 3.1684205481e-15, 4.37245098933e-15, 4.89566038211e-16, 1.07159662816e-15, 1.14387257313e-15, 8.39388845482e-16, 3.04386980598e-16, 1.80518470579e-16, 1.51062651022e-15, 1.85127775062e-15, 7.76802057466e-16, 1.3237830064e-15, 2.59580208238e-16, 2.74079893592e-17, 3.52435619363e-17],
        "stdev": [5.70266493014e-05, 0.000201466711587, 0.000414309004555, 0.00443028239533, 0.00521870050579, 0.00140811980236, 0.000724236422684, 0.00068081880454, 0.00146951200441, 0.000174181419425, 0.000640582293272, 0.000359562400263, 0.000147380284034, 6.78927463014e-05, 4.44092438556e-05, 1.78832051461e-05, 1.21362345453e-05, 1.95989177882e-05, 1.58343700605e-05, 7.95787582319e-06, 5.82144866712e-06, 6.09675316809e-06, 1.29128818571e-06, 3.61649904335e-06, 8.41861833578e-07, 6.236211334e-07, 3.94383818048e-07, 3.68060796063e-07, 6.3254918814e-07, 1.03436718746e-07, 6.35039398844e-08, 3.69373616138e-08, 3.3117835585e-08, 2.68341775467e-08, 2.53192897759e-08, 2.00761185454e-08, 1.72578840107e-08, 1.50210990313e-08, 1.16030962616e-08, 1.02550625769e-08],
