{
"lowlevel": {
    "average_loudness": 0.403112739325,
    "barkbands_crest": {
        "dmean": 2.0639026165,
        "dmean2": 3.13349556923,
        "dvar": 4.51222801208,
        "dvar2": 10.0405130386,
        "max": 25.67004776,
        "mean": 13.3908548355,
        "median": 13.0289649963,
        "min": 4.04701948166,
        "stdev": 4.45756864548,
        "var": 19.8699169159
    },
    "barkbands_flatness_db": {
        "dmean": 0.0212286394089,
        "dmean2": 0.0309513714164,
        "dvar": 0.000469628721476,
        "dvar2": 0.000865051231813,
        "max": 0.469024628401,
        "mean": 0.25435975194,
        "median": 0.251176744699,
        "min": 0.046394482255,
        "stdev": 0.0743352249265,
        "var": 0.00552572542801
    },
    "barkbands_kurtosis": {
        "dmean": 4.08243989944,
        "dmean2": 6.04974794388,
        "dvar": 29.592464447,
        "dvar2": 62.8891487122,
        "max": 97.6985092163,
        "mean": 10.3559684753,
        "median": 6.93993663788,
        "min": -1.88708615303,
        "stdev": 12.3038949966,
        "var": 151.38583374
    },
    "barkbands_skewness": {
        "dmean": 0.556470572948,
        "dmean2": 0.80745869875,
        "dvar": 0.336567699909,
        "dvar2": 0.65244436264,
        "max": 7.58772468567,
        "mean": 2.15123057365,
        "median": 1.93362951279,
        "min": -3.79832339287,
        "stdev": 1.57019245625,
        "var": 2.46550416946
    },
    "barkbands_spread": {
        "dmean": 3.07809662819,
        "dmean2": 4.68895339966,
        "dvar": 35.5192451477,
        "dvar2": 72.0006866455,
        "max": 87.9149093628,
        "mean": 10.3601608276,
        "median": 6.0984621048,
        "min": 0.839131057262,
        "stdev": 11.3563051224,
        "var": 128.965667725
    },
    "dissonance": {
        "dmean": 0.0265625976026,
        "dmean2": 0.0432737767696,
        "dvar": 0.00062530656578,
        "dvar2": 0.00159117719159,
        "max": 0.499999910593,
        "mean": 0.408643305302,
        "median": 0.417046546936,
        "min": 0.226136013865,
        "stdev": 0.0544334463775,
        "var": 0.00296299997717
    },
    "dynamic_complexity": 4.94910144806,
    "erbbands_crest": {
        "dmean": 2.44346356392,
        "dmean2": 3.70253896713,
        "dvar": 6.56632804871,
        "dvar2": 15.2025365829,
        "max": 31.2895011902,
        "mean": 14.1015586853,
        "median": 13.0654859543,
        "min": 3.4655008316,
        "stdev": 5.7266702652,
        "var": 32.7947540283
    },
    "erbbands_flatness_db": {
        "dmean": 0.0175482518971,
        "dmean2": 0.0249537583441,
        "dvar": 0.00038639025297,
        "dvar2": 0.000700069183949,
        "max": 0.415086627007,
        "mean": 0.272451639175,
        "median": 0.27280318737,
        "min": 0.0899315625429,
        "stdev": 0.0651322156191,
        "var": 0.00424220552668
    },
    "erbbands_kurtosis": {
        "dmean": 1.73599994183,
        "dmean2": 2.59643697739,
        "dvar": 5.47466278076,
        "dvar2": 11.210893631,
        "max": 32.1980133057,
        "mean": 2.96253585815,
        "median": 1.42887592316,
        "min": -1.84260523319,
        "stdev": 4.98710298538,
        "var": 24.8711967468
    },
    "erbbands_skewness": {
        "dmean": 0.431286424398,
        "dmean2": 0.629850566387,
        "dvar": 0.196687802672,
        "dvar2": 0.398221433163,
        "max": 5.03734207153,
        "mean": 1.14358556271,
        "median": 1.1423470974,
        "min": -4.52538299561,
        "stdev": 1.27804732323,
        "var": 1.63340508938
    },
    "erbbands_spread": {
        "dmean": 5.53620433807,
        "dmean2": 8.39158535004,
        "dvar": 59.543132782,
        "dvar2": 122.048362732,
        "max": 118.180084229,
        "mean": 24.7638282776,
        "median": 20.4352226257,
        "min": 2.12601709366,
        "stdev": 17.0817108154,
        "var": 291.784820557
    },
    "hfc": {
        "dmean": 2.43349170685,
        "dmean2": 3.37685823441,
        "dvar": 30.0470409393,
        "dvar2": 63.3202133179,
        "max": 202.457504272,
        "mean": 10.6284008026,
        "median": 2.98036170006,
        "min": 1.21763540502e-16,
        "stdev": 18.4848918915,
        "var": 341.691223145
    },
    "loudness_ebu128": {
        "integrated": -15.7573699951,
        "loudness_range": 5.08411216736,
        "momentary": {
            "dmean": 0.981854856014,
            "dmean2": 0.853986501694,
            "dvar": 0.961170196533,
            "dvar2": 0.94127291441,
            "max": -5.43827342987,
            "mean": -17.9191322327,
            "median": -18.3812484741,
            "min": -29.1386375427,
            "stdev": 4.08379650116,
            "var": 16.6773948669
        },
        "short_term": {
            "dmean": 0.21284493804,
            "dmean2": 0.117840051651,
            "dvar": 0.0638908818364,
            "dvar2": 0.0296866614372,
            "max": -11.7102165222,
            "mean": -16.540304184,
            "median": -16.2053031921,
            "min": -21.9851646423,
            "stdev": 1.96273434162,
            "var": 3.85232591629
        }
    },
    "melbands_crest": {
        "dmean": 2.51720762253,
        "dmean2": 3.79702782631,
        "dvar": 6.93306016922,
        "dvar2": 14.9801168442,
        "max": 32.7924041748,
        "mean": 16.7331199646,
        "median": 16.0334892273,
        "min": 1.81558525562,
        "stdev": 5.85534095764,
        "var": 34.2850189209
    },
    "melbands_flatness_db": {
        "dmean": 0.0217285715044,
        "dmean2": 0.0302414037287,
        "dvar": 0.000588047143538,
        "dvar2": 0.000983264297247,
        "max": 0.541898608208,
        "mean": 0.308748245239,
        "median": 0.305006057024,
        "min": 0.00614564726129,
        "stdev": 0.0927880480886,
        "var": 0.00860962178558
    },
    "melbands_kurtosis": {
        "dmean": 6.18253183365,
        "dmean2": 9.20058345795,
        "dvar": 75.4881439209,
        "dvar2": 158.318710327,
        "max": 144.032867432,
        "mean": 16.8959293365,
        "median": 10.2751321793,
        "min": -1.86577486992,
        "stdev": 18.9191265106,
        "var": 357.933349609
    },
    "melbands_skewness": {
        "dmean": 0.60862416029,
        "dmean2": 0.896435081959,
        "dvar": 0.449994206429,
        "dvar2": 0.895630955696,
        "max": 10.4212398529,
        "mean": 2.65187978745,
        "median": 2.43874645233,
        "min": -1.23662805557,
        "stdev": 1.74226737022,
        "var": 3.03549551964
    },
    "melbands_spread": {
        "dmean": 4.80161714554,
        "dmean2": 6.85495424271,
        "dvar": 145.383132935,
        "dvar2": 232.323989868,
        "max": 212.321090698,
        "mean": 14.9253845215,
        "median": 7.1302022934,
        "min": 0.991683900356,
        "stdev": 26.1514015198,
        "var": 683.895812988
    },
    "pitch_salience": {
        "dmean": 0.0567090436816,
        "dmean2": 0.0856389850378,
        "dvar": 0.00328772002831,
        "dvar2": 0.00727116595954,
        "max": 0.971374869347,
        "mean": 0.523228883743,
        "median": 0.526092886925,
        "min": 0.121639177203,
        "stdev": 0.137009844184,
        "var": 0.0187716986984
    },
    "silence_rate_20dB": {
        "dmean": 0,
        "dmean2": 0,
        "dvar": 0,
        "dvar2": 0,
        "max": 1,
        "mean": 1,
        "median": 1,
        "min": 1,
        "stdev": 0,
        "var": 0
    },
    "silence_rate_30dB": {
        "dmean": 0.0010303966701,
        "dmean2": 0.00206185574643,
        "dvar": 0.0010293351952,
        "dvar2": 0.00205760495737,
        "max": 1,
        "mean": 0.992790937424,
        "median": 1,
        "min": 0,
        "stdev": 0.0845995619893,
        "var": 0.00715708592907
    },
    "silence_rate_60dB": {
        "dmean": 0.077279753983,
        "dmean2": 0.154123708606,
        "dvar": 0.0713080465794,
        "dvar2": 0.150987803936,
        "max": 1,
        "mean": 0.234809473157,
        "median": 0,
        "min": 0,
        "stdev": 0.423879951239,
        "var": 0.179674208164
    },
    "spectral_centroid": {
        "dmean": 152.926986694,
        "dmean2": 215.926986694,
        "dvar": 117239.515625,
        "dvar2": 161531.53125,
        "max": 10833.2441406,
        "mean": 873.319335938,
        "median": 653.865112305,
        "min": 241.628646851,
        "stdev": 740.366882324,
        "var": 548143.125
    },
    "spectral_complexity": {
        "dmean": 1.44513142109,
        "dmean2": 2.22525763512,
        "dvar": 3.31553268433,
        "dvar2": 6.24670124054,
        "max": 37,
        "mean": 8.38877487183,
        "median": 7,
        "min": 0,
        "stdev": 5.36714506149,
        "var": 28.8062477112
    },
    "spectral_decrease": {
        "dmean": 7.71206543071e-10,
        "dmean2": 1.04186714811e-09,
        "dvar": 2.37309266909e-18,
        "dvar2": 4.79190774654e-18,
        "max": 4.87777989973e-29,
        "mean": -3.39129058169e-09,
        "median": -1.65030722421e-09,
        "min": -5.26496890529e-08,
        "stdev": 4.90384888252e-09,
        "var": 2.40477335568e-17
    },
    "spectral_energy": {
        "dmean": 0.00310119311325,
        "dmean2": 0.00419428385794,
        "dvar": 3.88003936678e-05,
        "dvar2": 7.88537145127e-05,
        "max": 0.217075616121,
        "mean": 0.0137635366991,
        "median": 0.00659218803048,
        "min": 1.08602263222e-20,
        "stdev": 0.0200619827956,
        "var": 0.00040248312871
    },
    "spectral_energyband_high": {
        "dmean": 6.73371687299e-05,
        "dmean2": 9.56240255618e-05,
        "dvar": 1.10597412117e-07,
        "dvar2": 2.20580119503e-07,
        "max": 0.00896319001913,
        "mean": 0.000135819995194,
        "median": 5.19998638993e-06,
        "min": 8.21674691601e-21,
        "stdev": 0.000589784875046,
        "var": 3.47846224713e-07
    },
    "spectral_energyband_low": {
        "dmean": 0.000165948236827,
        "dmean2": 0.000253142265137,
        "dvar": 1.50409945832e-07,
        "dvar2": 3.30340100163e-07,
        "max": 0.00726391933858,
        "mean": 0.000438192364527,
        "median": 9.81060657068e-05,
        "min": 1.2604273131e-22,
        "stdev": 0.000784886593465,
        "var": 6.1604697521e-07
    },
    "spectral_energyband_middle_high": {
        "dmean": 0.00100010936148,
        "dmean2": 0.0014145540772,
        "dvar": 1.95067877939e-05,
        "dvar2": 4.27706545452e-05,
        "max": 0.211942479014,
        "mean": 0.00404603919014,
        "median": 0.000304879824398,
        "min": 1.26688769264e-21,
        "stdev": 0.0151104833931,
        "var": 0.000228326709475
    },
    "spectral_energyband_middle_low": {
        "dmean": 0.00255828746594,
        "dmean2": 0.00335518014617,
        "dvar": 2.12433133129e-05,
        "dvar2": 3.74899173039e-05,
        "max": 0.0897448584437,
        "mean": 0.00937494449317,
        "median": 0.00541369616985,
        "min": 3.91373786997e-22,
        "stdev": 0.0119232134894,
        "var": 0.000142163014971
    },
    "spectral_entropy": {
        "dmean": 0.17688113451,
        "dmean2": 0.250813037157,
        "dvar": 0.0381857194006,
        "dvar2": 0.0639021620154,
        "max": 9.8029384613,
        "mean": 6.49500799179,
        "median": 6.50760602951,
        "min": 4.97021770477,
        "stdev": 0.707709491253,
        "var": 0.500852763653
    },
    "spectral_flux": {
        "dmean": 0.0151669438928,
        "dmean2": 0.024062409997,
        "dvar": 0.000573685392737,
        "dvar2": 0.00148279417772,
        "max": 0.389334648848,
        "mean": 0.0389539189637,
        "median": 0.0244316980243,
        "min": 1.04212409535e-10,
        "stdev": 0.038447484374,
        "var": 0.00147820904385
    },
    "spectral_kurtosis": {
        "dmean": 7.53536462784,
        "dmean2": 12.9878311157,
        "dvar": 88.7581100464,
        "dvar2": 258.926574707,
        "max": 113.575134277,
        "mean": 17.1549797058,
        "median": 11.1886711121,
        "min": -1.21387553215,
        "stdev": 16.8970050812,
        "var": 285.508758545
    },
    "spectral_rms": {
        "dmean": 0.000392407790059,
        "dmean2": 0.000499121029861,
        "dvar": 2.53963207797e-07,
        "dvar2": 4.11068583617e-07,
        "max": 0.0145527003333,
        "mean": 0.00310747232288,
        "median": 0.00253602094017,
        "min": 3.25504879127e-12,
        "stdev": 0.00194202549756,
        "var": 3.77146307073e-06
    },
    "spectral_rolloff": {
        "dmean": 293.765167236,
        "dmean2": 474.719848633,
        "dvar": 803122.875,
        "dvar2": 1649882.25,
        "max": 18798.4863281,
        "mean": 1138.37670898,
        "median": 538.330078125,
        "min": 172.265625,
        "stdev": 1534.16772461,
        "var": 2353670.5
    },
    "spectral_skewness": {
        "dmean": 0.590932905674,
        "dmean2": 0.994314551353,
        "dvar": 0.360826522112,
        "dvar2": 1.06233811378,
        "max": 8.27187538147,
        "mean": 2.60446953773,
        "median": 2.30857563019,
        "min": -0.186467677355,
        "stdev": 1.29045391083,
        "var": 1.66527116299
    },
    "spectral_spread": {
        "dmean": 435386.625,
        "dmean2": 628843.375,
        "dvar": 830906499072,
        "dvar2": 1.16296043725e+12,
        "max": 45982332,
        "mean": 2874950.5,
        "median": 2457993.25,
        "min": 653899.1875,
        "stdev": 2111766.25,
        "var": 4.45955702784e+12
    },
    "spectral_strongpeak": {
        "dmean": 0.370032399893,
        "dmean2": 0.57493698597,
        "dvar": 0.432350695133,
        "dvar2": 1.06459188461,
        "max": 14.6889925003,
        "mean": 1.31372106075,
        "median": 0.71091234684,
        "min": 0,
        "stdev": 1.64874887466,
        "var": 2.71837282181
    },
    "zerocrossingrate": {
        "dmean": 0.00705026788637,
        "dmean2": 0.00749788573012,
        "dvar": 0.000274008372799,
        "dvar2": 0.000259730732068,
        "max": 0.50732421875,
        "mean": 0.0413917675614,
        "median": 0.02880859375,
        "min": 0.00830078125,
        "stdev": 0.0471042133868,
        "var": 0.00221880688332
    },
    "barkbands": {
        "dmean": [3.30617012878e-07, 2.61526965915e-05, 9.82281344477e-05, 0.000127818988403, 0.000616780365817, 0.000482072180603, 0.000879951927345, 0.000801132875495, 0.000456141453469, 0.000674316543154, 0.000302778818877, 0.000220759669901, 0.000152231601533, 0.000141204000101, 0.000123412144603, 8.49250136525e-05, 9.67019805103e-05, 5.20538087585e-05, 4.93377301609e-05, 3.23917738569e-05, 9.95089158096e-06, 1.46942602441e-05, 2.30138793995e-05, 1.19124006233e-05, 6.28610359854e-06, 2.69788074547e-06, 3.24301936416e-07],
        "dmean2": [5.72811927668e-07, 3.74527153326e-05, 0.000158926850418, 0.00019605270063, 0.000814761791844, 0.000611681025475, 0.00121584348381, 0.00109671161044, 0.000620171253104, 0.000981508288532, 0.000437322683865, 0.000304459535982, 0.000206839351449, 0.000220676447498, 0.00018714676844, 0.000128901607241, 0.000137749171699, 7.57279194659e-05, 7.31454274501e-05, 5.0509468565e-05, 1.57843696797e-05, 2.23723618547e-05, 3.37270248565e-05, 1.63197055372e-05, 8.87394799065e-06, 4.11494647778e-06, 5.57792304789e-07],
        "dvar": [1.88075856972e-12, 4.42036052206e-09, 5.68596689732e-08, 1.11268604996e-07, 1.21246227991e-06, 7.48252091398e-07, 8.83858047018e-06, 7.82060124038e-06, 3.02300622934e-06, 2.98153627227e-05, 7.88327633927e-06, 1.24145935843e-06, 4.96606958222e-07, 3.94481730837e-07, 1.31339376708e-07, 5.84311798946e-08, 6.09249468653e-08, 5.55110730716e-08, 3.1933168998e-08, 1.42257059466e-08, 5.16157161456e-09, 4.69823779881e-09, 3.5701223311e-08, 8.3278699492e-09, 2.79976930528e-09, 2.17438525518e-10, 7.65251924328e-12],
        "dvar2": [4.49514557521e-12, 9.27720478217e-09, 1.59706758041e-07, 2.24365862778e-07, 2.39814016822e-06, 1.42668386616e-06, 1.53642631631e-05, 1.31750593937e-05, 5.42060388398e-06, 7.38811068004e-05, 1.39600742841e-05, 2.1036007638e-06, 9.41940925259e-07, 8.88534145815e-07, 2.93403104479e-07, 1.26888238583e-07, 1.21041395573e-07, 1.08573601665e-07, 6.09428454368e-08, 3.6331730513e-08, 1.31067556808e-08, 9.69495506098e-09, 8.28519048923e-08, 1.72564380563e-08, 5.15044051852e-09, 5.63873614468e-10, 2.04167013157e-11],
        "max": [3.21656734741e-05, 0.00118696619757, 0.00293343677185, 0.00611274689436, 0.0239750165492, 0.0150782931596, 0.0681470632553, 0.0687330514193, 0.0399391874671, 0.192099481821, 0.0820881947875, 0.0301128942519, 0.0190324224532, 0.0145798753947, 0.00649005360901, 0.00453890906647, 0.00641721393913, 0.00797961186618, 0.00546463532373, 0.00292499409989, 0.00176663510501, 0.00132492848206, 0.00616737129167, 0.00331138679758, 0.00217013806105, 0.000316978548653, 7.60474140407e-05],
        "mean": [3.41074297694e-07, 7.09143860149e-05, 0.000232444654102, 0.000244438502705, 0.00175159738865, 0.00158080563415, 0.00237748399377, 0.00199912977405, 0.00112971465569, 0.00153645942919, 0.000768598576542, 0.000565785972867, 0.000272730860161, 0.000222226823098, 0.000235254425206, 0.000169265418663, 0.000213665436604, 9.81757766567e-05, 0.000118108953757, 5.79046318308e-05, 1.4178614947e-05, 2.58128584392e-05, 4.34782923548e-05, 2.05699761864e-05, 9.404746379e-06, 4.62074331153e-06, 4.36577408891e-07],
        "median": [9.32727317604e-08, 4.77602179672e-06, 3.87173568015e-05, 6.7694374593e-05, 0.0011455839267, 0.000768000725657, 0.000359893776476, 0.000145338010043, 2.50684861385e-05, 3.97952753701e-05, 1.32711602419e-05, 2.61886161752e-05, 1.2529389096e-05, 7.33140541342e-06, 4.24955287599e-05, 1.59813534992e-05, 2.3216181944e-05, 1.26943114083e-05, 8.90650699148e-06, 1.75250147549e-06, 9.51887386691e-07, 9.94973106572e-07, 5.6984413277e-07, 2.46170884566e-07, 2.2647296305e-07, 8.32680910889e-08, 6.5665806126e-10],
        "min": [3.69221108652e-23, 4.84836941575e-23, 3.15141948363e-23, 2.99781091045e-23, 4.32532749877e-23, 3.81505124451e-23, 5.48272844169e-23, 5.95945917482e-23, 9.32981501202e-23, 8.34859132169e-23, 2.78527474319e-23, 7.89962912351e-23, 7.80314133738e-23, 1.62446857173e-22, 9.46934999111e-23, 7.01464267709e-23, 1.22444351758e-22, 2.85033721386e-22, 2.09844523366e-22, 4.24581246523e-22, 2.71857674298e-22, 4.86582230063e-22, 8.40298069364e-22, 7.62783309396e-22, 9.66164524972e-22, 1.77178876229e-21, 2.34428862296e-21],
        "stdev": [1.30953753796e-06, 0.000181254261406, 0.000449447514256, 0.000553949328605, 0.0021400374826, 0.00213493360206, 0.00695138331503, 0.00658896937966, 0.00373196741566, 0.0115026375279, 0.00415708869696, 0.00238842214458, 0.00111829384696, 0.000828740128782, 0.000611363211647, 0.000466070341645, 0.000535096507519, 0.000342503917636, 0.000399185839342, 0.000160651834449, 8.29789132695e-05, 9.89210893749e-05, 0.000285957154119, 0.00016388464428, 6.98911680956e-05, 2.28402859648e-05, 3.6105682284e-06],
        "var": [1.71488864775e-12, 3.2853108678e-08, 2.02003079153e-07, 3.06859845978e-07, 4.57976011603e-06, 4.55794133813e-06, 4.83217299916e-05, 4.34145149484e-05, 1.39275807669e-05, 0.000132310669869, 1.72813852259e-05, 5.7045608628e-06, 1.25058124922e-06, 6.86810153638e-07, 3.73764976302e-07, 2.17221554522e-07, 2.86328287302e-07, 1.17308935899e-07, 1.59349326623e-07, 2.58090100402e-08, 6.88549972594e-09, 9.78538139407e-09, 8.17714962409e-08, 2.68581779039e-08, 4.88477569505e-09, 5.21678644727e-10, 1.30362031933e-11]
    },
    "erbbands": {
        "dmean": [0.000233367449255, 0.00850153435022, 0.0846341773868, 0.283185184002, 0.799598097801, 2.31717276573, 5.07053756714, 2.81268978119, 6.2540435791, 22.0759391785, 13.2143163681, 7.5559296608, 17.1809558868, 19.405708313, 6.56210041046, 8.66423892975, 5.73151874542, 6.85538387299, 6.10340118408, 5.50700378418, 3.87861609459, 5.29780673981, 2.75471115112, 1.80920684338, 2.79952979088, 1.35205543041, 0.506097733974, 0.400765359402, 0.448121130466, 0.610011279583, 0.696709036827, 0.388833791018, 0.12241871655, 0.0719551071525, 0.0445464774966, 0.0150758940727, 0.00445761298761, 0.000967723026406, 2.83454282908e-05, 4.12220060753e-06],
        "dmean2": [0.00035295044654, 0.0124163795263, 0.138067558408, 0.429924726486, 1.24421608448, 3.00517296791, 6.23868465424, 4.05083608627, 8.62166500092, 29.9070472717, 18.3374519348, 10.4330797195, 21.6958904266, 26.3613548279, 7.88020515442, 11.8413915634, 7.64562511444, 10.2978725433, 9.12184906006, 8.82265949249, 6.06980419159, 7.53780269623, 4.0004029274, 2.63930797577, 4.06937599182, 2.09097218513, 0.809074223042, 0.596435785294, 0.646891951561, 0.891066968441, 1.04251766205, 0.553518712521, 0.173419713974, 0.0972443893552, 0.0669483095407, 0.022525113076, 0.00683669326827, 0.00144912034739, 4.41597294412e-05, 5.69601525058e-06],
        "dvar": [7.15532280537e-07, 0.000450027000625, 0.0430914163589, 0.531658947468, 2.52220678329, 24.4270839691, 114.893539429, 30.0543117523, 293.655578613, 5906.99121094, 2453.72412109, 797.814880371, 7838.99072266, 31771.0800781, 744.950500488, 2211.16918945, 536.929870605, 830.376647949, 559.085021973, 154.620635986, 94.3921051025, 247.691604614, 193.82661438, 46.3656311035, 123.613441467, 24.6018352509, 18.0366363525, 6.91088485718, 5.04262590408, 9.62274646759, 40.424446106, 10.5510911942, 0.790526688099, 0.387934565544, 0.112448588014, 0.00675376458094, 0.000545961374883, 4.63739306724e-05, 4.19089651871e-08, 6.77863667975e-11],
        "dvar2": [1.79920459686e-06, 0.00101887620986, 0.125512093306, 0.964102327824, 5.96730709076, 41.9839820862, 265.183319092, 61.961063385, 504.10369873, 10127.359375, 4527.45458984, 1604.68847656, 15914.3828125, 61427.8085938, 1110.04418945, 3815.5390625, 1011.07623291, 1960.91381836, 1277.70043945, 400.821350098, 227.142578125, 486.507965088, 388.957794189, 99.171546936, 246.437408447, 64.8030090332, 50.0281219482, 15.0853509903, 10.5168542862, 19.1093349457, 99.1010360718, 20.6358985901, 1.4955997467, 0.705573618412, 0.218643411994, 0.0173161197454, 0.00135276047513, 0.000108189371531, 9.93510056446e-08, 1.47602180478e-10],
        "max": [0.0255204066634, 0.398755252361, 2.93394231796, 15.0185184479, 33.571762085, 139.715866089, 244.528640747, 120.563468933, 423.377197266, 1683.10229492, 1465.28356934, 682.794128418, 2787.26879883, 7943.86572266, 775.54119873, 1342.72497559, 669.296142578, 631.450927734, 409.438171387, 259.645751953, 246.985031128, 401.600280762, 504.796813965, 218.882965088, 340.370452881, 122.643798828, 127.619056702, 73.3397445679, 44.6818351746, 77.059173584, 208.382675171, 119.843315125, 30.6471176147, 26.104019165, 12.3570680618, 2.03102946281, 0.512417078018, 0.207886621356, 0.00525914598256, 0.00025729383924],
        "mean": [0.000507777032908, 0.023490358144, 0.206380069256, 0.663605451584, 1.79779875278, 6.37653064728, 15.4092140198, 9.09753704071, 17.7856864929, 60.6500511169, 35.1436729431, 19.9391708374, 39.6731452942, 57.9164657593, 21.5301952362, 25.1925086975, 13.4036359787, 14.4684972763, 12.5950727463, 11.5052957535, 8.84574222565, 11.7643566132, 6.51875114441, 4.26580858231, 6.50196504593, 2.63113951683, 0.763202250004, 0.58125180006, 0.795391261578, 1.17917633057, 1.25296092033, 0.744976878166, 0.200988024473, 0.110678635538, 0.0629005208611, 0.024240186438, 0.0073517234996, 0.00165579328313, 5.2563900681e-05, 1.74722099473e-05],
        "median": [9.19912563404e-05, 0.00264135422185, 0.0365279428661, 0.201098382473, 0.708137392998, 3.03060531616, 7.31561851501, 4.17463588715, 6.21686553955, 2.95484614372, 3.75995159149, 0.986808955669, 1.56372690201, 0.772438883781, 0.597012042999, 1.38955163956, 0.73745906353, 0.545575022697, 0.648854970932, 2.96343708038, 1.40893054008, 1.04310655594, 0.766079366207, 0.569230437279, 0.306043326855, 0.092184714973, 0.044172719121, 0.0470040440559, 0.0419162884355, 0.0209902767092, 0.015871617943, 0.00620257947594, 0.00412120856345, 0.00287578767166, 0.00131455878727, 0.00050371454563, 0.000116086594062, 1.10516430141e-05, 4.74410808238e-06, 8.22040055937e-06],
        "min": [1.84582263881e-21, 9.16956366203e-21, 3.13374014644e-20, 9.48344800834e-20, 4.20918706451e-20, 1.90253893182e-19, 2.37609259468e-19, 4.07220860463e-19, 7.72283582129e-19, 1.22958402483e-18, 1.03771172693e-18, 1.79932648861e-18, 3.92528302647e-18, 1.12694548987e-18, 1.89853480897e-18, 2.69696324382e-18, 2.76504393054e-18, 8.16490378471e-18, 7.08535036726e-18, 4.31115492401e-18, 4.56274811118e-18, 6.4934803051e-18, 1.54513417589e-17, 1.29887200234e-17, 9.61413497125e-18, 2.14469073117e-17, 1.3813821931e-17, 1.04906924761e-17, 1.74654206713e-17, 1.97246676455e-17, 2.42554766589e-17, 1.72597074704e-17, 1.30708954541e-17, 1.0488512028e-17, 7.2723742494e-18, 5.26097043905e-18, 2.87970522551e-18, 1.45459793436e-18, 3.49988052935e-19, 3.24445633273e-20],
        "stdev": [0.00113980472088, 0.0562540739775, 0.38354575634, 1.37530064583, 3.23215198517, 10.4848976135, 22.4498233795, 12.6760387421, 33.7151374817, 195.582565308, 118.357078552, 59.0667228699, 171.038879395, 435.194458008, 73.5343093872, 105.339233398, 43.3267021179, 50.3523368835, 38.4179420471, 25.7111740112, 19.8390083313, 30.3399600983, 20.9242591858, 11.8199005127, 23.4815673828, 6.84747457504, 3.96505665779, 3.4272441864, 3.14354252815, 5.2923617363, 8.94557571411, 5.98660707474, 1.4646730423, 0.845413386822, 0.435645550489, 0.11271122098, 0.0381462909281, 0.0119241587818, 0.000331604678649, 2.47505577136e-05],
        "var": [1.29915486013e-06, 0.00316452072002, 0.147107347846, 1.89145195484, 10.446805954, 109.933074951, 503.994598389, 160.68196106, 1136.71044922, 38252.5390625, 14008.3984375, 3488.87768555, 29254.2988281, 189394.21875, 5407.29492188, 11096.3544922, 1877.20300293, 2535.35766602, 1475.93823242, 661.064453125, 393.586242676, 920.513183594, 437.824615479, 139.710037231, 551.384033203, 46.8879051208, 15.7216749191, 11.7460031509, 9.88185977936, 28.0090923309, 80.0233230591, 35.839466095, 2.14526700974, 0.714723825455, 0.189787045121, 0.0127038192004, 0.0014551396016, 0.000142185555887, 1.09961654005e-07, 6.12590089766e-10]
    },
    "gfcc": {
        "mean": [-139.125671387, 138.380279541, -143.52130127, 5.02118253708, -62.1378631592, -31.3085479736, -53.6682319641, -11.1875171661, -19.3347587585, -13.4119901657, -14.5744867325, -3.87484884262, -7.68618869781],
        "cov": [[7904.30273438, -3214.69091797, -901.974731445, -646.305297852, -932.811645508, 813.751708984, -414.62286377, 822.408691406, -675.940673828, 219.069061279, -289.3722229, -174.673751831, -674.511474609], [-3214.69091797, 3835.57788086, 24.5809078217, -139.743148804, 909.109008789, -781.098754883, 677.646118164, -508.610900879, 513.071716309, -266.345367432, 374.922058105, -15.1049451828, 484.129455566], [-901.974731445, 24.5809078217, 1108.35119629, 463.66897583, 8.15562438965, 93.5239944458, -77.4243392944, -28.9090709686, 81.8299713135, 70.4448699951, -53.6175193787, 155.798980713, 43.3971252441], [-646.305297852, -139.743148804, 463.66897583, 723.481506348, 17.6045284271, 8.47977542877, -154.438262939, -89.3261795044, 113.716491699, 0.845108747482, -59.73620224, 76.1649551392, 62.0842285156], [-932.811645508, 909.109008789, 8.15562438965, 17.6045284271, 431.124847412, -174.40020752, 175.870910645, -112.964065552, 130.703170776, -50.8364944458, 52.9440612793, 23.1383876801, 129.513580322], [813.751708984, -781.098754883, 93.5239944458, 8.47977542877, -174.40020752, 464.543823242, -99.9546661377, 144.675796509, -171.017440796, 21.6307086945, -82.9569091797, -22.5361385345, -118.853408813], [-414.62286377, 677.646118164, -77.4243392944, -154.438262939, 175.870910645, -99.9546661377, 381.152923584, -21.1106529236, 35.6374511719, -17.0748558044, 92.9087142944, 19.9853210449, 56.0691375732], [822.408691406, -508.610900879, -28.9090709686, -89.3261795044, -112.964065552, 144.675796509, -21.1106529236, 262.364807129, -117.993515015, 62.5227127075, -31.2707633972, -31.9566993713, -98.1878204346], [-675.940673828, 513.071716309, 81.8299713135, 113.716491699, 130.703170776, -171.017440796, 35.6374511719, -117.993515015, 288.233764648, -5.56853151321, 33.4370918274, 36.8437271118, 78.4939117432], [219.069061279, -266.345367432, 70.4448699951, 0.845108747482, -50.8364944458, 21.6307086945, -17.0748558044, 62.5227127075, -5.56853151321, 142.748962402, -20.0555038452, 9.17788791656, -46.2433242798], [-289.3722229, 374.922058105, -53.6175193787, -59.73620224, 52.9440612793, -82.9569091797, 92.9087142944, -31.2707633972, 33.4370918274, -20.0555038452, 166.833374023, -1.2896938324, 53.3493041992], [-174.673751831, -15.1049451828, 155.798980713, 76.1649551392, 23.1383876801, -22.5361385345, 19.9853210449, -31.9566993713, 36.8437271118, 9.17788791656, -1.2896938324, 148.610046387, 41.6795921326], [-674.511474609, 484.129455566, 43.3971252441, 62.0842285156, 129.513580322, -118.853408813, 56.0691375732, -98.1878204346, 78.4939117432, -46.2433242798, 53.3493041992, 41.6795921326, 187.956497192]],
        "icov": [[0.000317576224916, -5.9052315919e-05, 0.00029191095382, 4.15940521634e-05, 0.000299431325402, -0.000192446750589, 0.000189929705812, -0.000565238238778, 0.000138320101541, -0.000132413057145, 0.000196796507225, -0.000336116208928, 0.000459015747765], [-5.9052315919e-05, 0.0018877198454, -0.000867810624186, 0.000654533971101, -0.00172014185227, 0.00113037717529, -0.00159488013014, 0.00117445283104, -0.00111323338933, 0.00176276813727, -0.00130490236916, 0.00212424597703, -0.00130274996627], [0.00029191095382, -0.000867810624186, 0.00210478249937, -0.00104807317257, 0.000907224719413, -0.00109232205432, 0.000814191240352, -0.00098573777359, 0.00043907071813, -0.00155646447092, 0.00074102927465, -0.00227265269496, 0.000796695356257], [4.15940521634e-05, 0.000654533971101, -0.00104807317257, 0.00253195362166, -0.000627462693956, 0.000254706479609, 0.000301715626847, 0.000642801402137, -0.000939466117416, 0.000812113459688, 3.60929379895e-06, 0.000564931251574, -0.000825935741886], [0.000299431325402, -0.00172014185227, 0.000907224719413, -0.000627462693956, 0.00565901724622, -0.000690043729264, 9.12885207072e-06, -0.00115971581545, 0.000273924204521, -0.00109722313937, 0.00188746920321, -0.00167538190726, 1.01288733276e-05], [-0.000192446750589, 0.00113037717529, -0.00109232205432, 0.000254706479609, -0.000690043729264, 0.00432856427506, -0.00089815503452, -1.03083330032e-05, 0.000606376328506, 0.00182125519495, -0.00013330623915, 0.00154081964865, -6.79394652252e-05], [0.000189929705812, -0.00159488013014, 0.000814191240352, 0.000301715626847, 9.12885207072e-06, -0.00089815503452, 0.00549127766863, -0.00156561809126, 0.00107111176476, -0.00159191153944, -0.000372742943, -0.00270573748276, 0.00133857852779], [-0.000565238238778, 0.00117445283104, -0.00098573777359, 0.000642801402137, -0.00115971581545, -1.03083330032e-05, -0.00156561809126, 0.00776840094477, 0.000404240912758, -0.000832245801575, -0.00108922156505, 0.00223970646039, -0.000281526183244], [0.000138320101541, -0.00111323338933, 0.00043907071813, -0.000939466117416, 0.000273924204521, 0.000606376328506, 0.00107111176476, 0.000404240912758, 0.00617139320821, -0.00186131778173, 0.000501262606122, -0.00158133963123, 0.000832238583826], [-0.000132413057145, 0.00176276813727, -0.00155646447092, 0.000812113459688, -0.00109722313937, 0.00182125519495, -0.00159191153944, -0.000832245801575, -0.00186131778173, 0.010590929538, -0.000866352813318, 0.00142689084169, 0.000335832562996], [0.000196796507225, -0.00130490236916, 0.00074102927465, 3.60929379895e-06, 0.00188746920321, -0.00013330623915, -0.000372742943, -0.00108922156505, 0.000501262606122, -0.000866352813318, 0.0088448356837, -0.000986622995697, -0.000661844911519], [-0.000336116208928, 0.00212424597703, -0.00227265269496, 0.000564931251574, -0.00167538190726, 0.00154081964865, -0.00270573748276, 0.00223970646039, -0.00158133963123, 0.00142689084169, -0.000986622995697, 0.011241693981, -0.00343504059128], [0.000459015747765, -0.00130274996627, 0.000796695356257, -0.000825935741886, 1.01288733276e-05, -6.79394652252e-05, 0.00133857852779, -0.000281526183244, 0.000832238583826, 0.000335832562996, -0.000661844911519, -0.00343504059128, 0.0105003910139]]
    },
    "melbands": {
        "dmean": [4.3999762056e-06, 3.34870419465e-05, 5.96395148023e-05, 9.95978552965e-05, 0.000165148318047, 7.03697151039e-05, 0.000121889657748, 0.000230544814258, 9.64161372394e-05, 5.34067839908e-05, 8.92602911335e-05, 7.99019253463e-05, 2.8876682336e-05, 2.31863687077e-05, 2.05089545489e-05, 1.5233979866e-05, 1.25070464492e-05, 1.07131927507e-05, 7.09077767169e-06, 7.32476019039e-06, 4.56362658952e-06, 5.95707979301e-06, 4.3013069444e-06, 1.78259460881e-06, 1.50221671902e-06, 2.31745843848e-06, 1.63236120443e-06, 8.40068139496e-07, 3.51453053327e-07, 2.53863987609e-07, 2.42241725346e-07, 2.66108514779e-07, 3.4286256323e-07, 3.59954356099e-07, 4.41150120878e-07, 4.17537393105e-07, 2.22901675784e-07, 8.94372149673e-08, 7.014304515e-08, 5.95929314784e-08],
        "dmean2": [6.38647543383e-06, 5.30444813194e-05, 9.23076004256e-05, 0.00013529600983, 0.000204964031582, 9.64773716987e-05, 0.000166955709574, 0.000309678027406, 0.000133840629132, 7.43968266761e-05, 0.000114183334517, 0.000114429385576, 3.74313021894e-05, 3.1111700082e-05, 2.71176049864e-05, 2.1003315851e-05, 1.88040521607e-05, 1.58744314831e-05, 1.10710761874e-05, 1.11485933303e-05, 7.22040203982e-06, 8.63482637214e-06, 6.18819194642e-06, 2.68015560323e-06, 2.29194984058e-06, 3.42855105373e-06, 2.34973776969e-06, 1.35776895149e-06, 5.68789289446e-07, 4.24266005439e-07, 3.66102085536e-07, 3.98222454123e-07, 5.28083603513e-07, 5.40661403647e-07, 6.57434327422e-07, 5.86591909268e-07, 3.28242776959e-07, 1.27321087007e-07, 1.04938763457e-07, 8.4933610367e-08],
        "dvar": [1.32032329514e-10, 6.25347329475e-09, 1.67992091349e-08, 3.4039462804e-08, 1.08441376767e-07, 1.79628276697e-08, 1.30211176952e-07, 6.17049579432e-07, 1.55589589212e-07, 4.02537239097e-08, 2.18539184971e-07, 5.97017958626e-07, 2.87545738331e-08, 1.98858334244e-08, 9.09991637599e-09, 5.98445693001e-09, 3.13177350719e-09, 1.94861371483e-09, 3.81341319633e-10, 3.16952020185e-10, 1.28660110343e-10, 3.42223582805e-10, 2.82645518102e-10, 7.36690916603e-11, 3.32156628591e-11, 9.55322140839e-11, 3.14965588333e-11, 1.29779771998e-11, 8.05813055171e-12, 4.70430855729e-12, 2.47503710235e-12, 2.14748509773e-12, 2.29727283203e-12, 3.88740385368e-12, 1.4169991569e-11, 1.20938380838e-11, 3.76836929716e-12, 4.46210586926e-13, 4.44064896616e-13, 2.51321370399e-13],
        "dvar2": [2.90856921881e-10, 1.69237743819e-08, 3.42720731794e-08, 6.43807567258e-08, 2.46367704904e-07, 3.49348781015e-08, 2.18876365921e-07, 1.02390026768e-06, 2.69977306289e-07, 7.77506627969e-08, 4.25807314741e-07, 1.25909718918e-06, 4.6146904964e-08, 3.32702789763e-08, 1.34018689479e-08, 1.13384830414e-08, 6.89240087226e-09, 4.3994758947e-09, 8.63500215775e-10, 6.96520008336e-10, 3.14420406378e-10, 7.15201620149e-10, 6.10251349453e-10, 1.30996644088e-10, 7.74607530896e-11, 1.69089187096e-10, 6.99699187479e-11, 3.60655880161e-11, 2.22519346699e-11, 1.29546252198e-11, 4.79922525332e-12, 4.71078384634e-12, 5.06478019247e-12, 8.09930941759e-12, 3.65589503115e-11, 2.56887098399e-11, 8.74323009825e-12, 8.31394577749e-13, 1.05106743621e-12, 4.07114256586e-13],
        "max": [0.000208742087125, 0.00113383471034, 0.00232116924599, 0.00512543320656, 0.00770322326571, 0.00284522329457, 0.00976974703372, 0.0167830493301, 0.0134291164577, 0.00409983051941, 0.0135208275169, 0.0340889506042, 0.005184287671, 0.00401243846864, 0.00323663419113, 0.00250300345942, 0.00132646819111, 0.000851333781611, 0.000470244616736, 0.00033089047065, 0.000313758500852, 0.000507005432155, 0.000516596075613, 0.000264763191808, 0.000190609498532, 0.000366161199054, 0.00016151019372, 9.27619184949e-05, 8.76095436979e-05, 5.58069805265e-05, 4.97666769661e-05, 2.9861328585e-05, 3.28219794028e-05, 5.06418582518e-05, 0.000109092266939, 0.000118443051178, 7.20160096535e-05, 2.7229605621e-05, 2.534786654e-05, 2.11324459087e-05],
        "mean": [1.11604022095e-05, 8.7348780653e-05, 0.000139233059599, 0.000264690432232, 0.000500428082887, 0.000232426129514, 0.000330596521962, 0.000625058601145, 0.000241812420427, 0.000140077565447, 0.000202999639441, 0.000241611283855, 8.98412399692e-05, 5.29281824129e-05, 5.26329604327e-05, 2.93773355224e-05, 2.43125996349e-05, 2.00406611839e-05, 1.35748541652e-05, 1.48485896716e-05, 9.66014795267e-06, 1.27708162836e-05, 9.18933528737e-06, 3.69030180991e-06, 3.1368490454e-06, 5.24377855982e-06, 3.51344374394e-06, 1.32165507694e-06, 4.82840391669e-07, 3.23655370948e-07, 3.35084848757e-07, 4.07236058209e-07, 5.89275828133e-07, 6.62281479435e-07, 6.94537106938e-07, 7.03586010786e-07, 3.68196793943e-07, 1.3969668089e-07, 9.92601698613e-08, 8.92894647109e-08],
        "median": [9.77820036496e-07, 1.59211213031e-05, 5.5116484873e-05, 0.000128840256366, 0.000268285803031, 0.000102815349237, 0.000103082064015, 3.04250843328e-05, 2.32768416026e-05, 4.48662194685e-06, 7.39683491702e-06, 2.72373040389e-06, 1.931220595e-06, 2.80415861198e-06, 2.17609999709e-06, 1.44101841215e-06, 8.74462045886e-07, 6.28279735793e-07, 2.82696760223e-06, 2.97182214126e-06, 1.4298698261e-06, 1.15860336791e-06, 7.59734689382e-07, 4.96624579682e-07, 4.12952545048e-07, 2.03610795779e-07, 1.15217041241e-07, 4.24287236456e-08, 1.7797727736e-08, 1.95791596269e-08, 2.51959626496e-08, 2.73019864494e-08, 9.08942787703e-09, 1.03250563654e-08, 9.19046172498e-09, 4.90008300602e-09, 2.14108486496e-09, 2.36552222255e-09, 2.17392903679e-09, 1.78449055532e-09],
        "min": [1.65365929667e-23, 1.62995923295e-23, 1.31475589543e-23, 7.56424838064e-24, 9.23033523425e-24, 9.51031143584e-24, 1.09527578005e-23, 1.43651160633e-23, 8.68547689562e-24, 1.29894609737e-23, 1.88537898343e-23, 3.64165370108e-24, 4.48408378379e-24, 1.02609173203e-23, 3.62616915037e-24, 9.79804766216e-24, 1.57043589112e-23, 1.21089888627e-23, 6.64385754125e-24, 4.76868034371e-24, 5.91290178749e-24, 5.16632698223e-24, 1.38868186524e-23, 1.23007554268e-23, 1.05626716049e-23, 7.18896200448e-24, 6.3235614755e-24, 1.69020091152e-23, 8.86567954764e-24, 7.56859027107e-24, 5.69601079248e-24, 8.16455496344e-24, 1.23104205506e-23, 1.14613853355e-23, 1.36126926433e-23, 1.14216007135e-23, 1.01081899048e-23, 8.67578889484e-24, 9.2222225887e-24, 8.72579557648e-24],
        "stdev": [2.72225697699e-05, 0.00015833483485, 0.000239964792854, 0.000387139123632, 0.000654688687064, 0.000322676904034, 0.000741658033803, 0.00197382760234, 0.000910598144401, 0.000442468357505, 0.000929657835513, 0.00188931904268, 0.00036115857074, 0.000267778872512, 0.000202010589419, 0.000127834136947, 9.05434935703e-05, 6.71342277201e-05, 3.47858076566e-05, 3.6283465306e-05, 2.28783646889e-05, 3.49558613379e-05, 2.66877086688e-05, 1.27918892758e-05, 8.76481772139e-06, 2.06520762731e-05, 1.12945190267e-05, 3.92894298784e-06, 2.61291756942e-06, 2.0849208795e-06, 2.15492218558e-06, 1.85226542726e-06, 2.21064169637e-06, 3.23732888319e-06, 4.93709148941e-06, 5.48973457626e-06, 3.23043468597e-06, 1.09974143925e-06, 7.58116186717e-07, 7.06185574018e-07],
