{
"lowlevel": {
    "average_loudness": 0.955170333385,
    "barkbands_crest": {
        "dmean": 2.4272518158,
        "dmean2": 4.13447856903,
        "dvar": 5.4267821312,
        "dvar2": 14.8536100388,
        "max": 23.8533992767,
        "mean": 8.16559314728,
        "median": 7.1626830101,
        "min": 2.93022871017,
        "stdev": 3.58039450645,
        "var": 12.8192243576
    },
    "barkbands_flatness_db": {
        "dmean": 0.0154463676736,
        "dmean2": 0.0252195671201,
        "dvar": 0.000184559758054,
        "dvar2": 0.000486015254864,
        "max": 0.299379140139,
        "mean": 0.181285873055,
        "median": 0.178847387433,
        "min": 0.0568323358893,
        "stdev": 0.0421539358795,
        "var": 0.00177695427556
    },
    "barkbands_kurtosis": {
        "dmean": 1.30147171021,
        "dmean2": 2.19450187683,
        "dvar": 2.58487391472,
        "dvar2": 7.06058692932,
        "max": 15.1012973785,
        "mean": 1.48815536499,
        "median": 0.904433012009,
        "min": -1.53700685501,
        "stdev": 2.05215191841,
        "var": 4.2113275528
    },
    "barkbands_skewness": {
        "dmean": 0.413349241018,
        "dmean2": 0.687400519848,
        "dvar": 0.147095620632,
        "dvar2": 0.39722815156,
        "max": 3.92485499382,
        "mean": 0.726050138474,
        "median": 0.641272068024,
        "min": -1.92359209061,
        "stdev": 0.717253684998,
        "var": 0.514452815056
    },
    "barkbands_spread": {
        "dmean": 1.78803348541,
        "dmean2": 2.91894078255,
        "dvar": 2.81480908394,
        "dvar2": 7.27736234665,
        "max": 29.66132164,
        "mean": 8.73506450653,
        "median": 8.47955608368,
        "min": 1.91775727272,
        "stdev": 3.22370433807,
        "var": 10.3922691345
    },
    "dissonance": {
        "dmean": 0.0204313471913,
        "dmean2": 0.0352898910642,
        "dvar": 0.000451219762908,
        "dvar2": 0.0013185266871,
        "max": 0.500000119209,
        "mean": 0.46805742383,
        "median": 0.477503448725,
        "min": 0.279155522585,
        "stdev": 0.030482146889,
        "var": 0.000929161265958
    },
    "dynamic_complexity": 2.24538493156,
    "erbbands_crest": {
        "dmean": 2.83018040657,
        "dmean2": 4.81221151352,
        "dvar": 7.38690376282,
        "dvar2": 20.162399292,
        "max": 29.1416378021,
        "mean": 9.83246707916,
        "median": 8.67663002014,
        "min": 3.40133619308,
        "stdev": 4.08237838745,
        "var": 16.665813446
    },
    "erbbands_flatness_db": {
        "dmean": 0.0141727104783,
        "dmean2": 0.0230346210301,
        "dvar": 0.000154186302098,
        "dvar2": 0.000378974131308,
        "max": 0.38532191515,
        "mean": 0.282672703266,
        "median": 0.280048936605,
        "min": 0.0923762992024,
        "stdev": 0.0360682681203,
        "var": 0.00130092003383
    },
    "erbbands_kurtosis": {
        "dmean": 0.921578168869,
        "dmean2": 1.55430519581,
        "dvar": 1.04962205887,
        "dvar2": 2.81178808212,
        "max": 15.1190605164,
        "mean": 1.00962150097,
        "median": 0.830625534058,
        "min": -1.62314724922,
        "stdev": 1.52876889706,
        "var": 2.33713436127
    },
    "erbbands_skewness": {
        "dmean": 0.370845228434,
        "dmean2": 0.615823507309,
        "dvar": 0.103709943593,
        "dvar2": 0.290182501078,
        "max": 2.59595251083,
        "mean": 0.57025128603,
        "median": 0.490566015244,
        "min": -1.00536382198,
        "stdev": 0.533813238144,
        "var": 0.28495657444
    },
    "erbbands_spread": {
        "dmean": 2.47979998589,
        "dmean2": 3.988697052,
        "dvar": 5.33081626892,
        "dvar2": 13.3041744232,
        "max": 41.3168678284,
        "mean": 13.6981534958,
        "median": 12.5426769257,
        "min": 2.84126281738,
        "stdev": 5.11763477325,
        "var": 26.1901874542
    },
    "hfc": {
        "dmean": 6.84111022949,
        "dmean2": 10.6298942566,
        "dvar": 57.0536766052,
        "dvar2": 133.034210205,
        "max": 139.815551758,
        "mean": 29.8001537323,
        "median": 26.3038425446,
        "min": 1.21374924432e-16,
        "stdev": 19.8803863525,
        "var": 395.229797363
    },
    "loudness_ebu128": {
        "integrated": -10.3489398956,
        "loudness_range": 4.7317276001,
        "momentary": {
            "dmean": 0.511315405369,
            "dmean2": 0.515527129173,
            "dvar": 0.407463282347,
            "dvar2": 0.481021791697,
            "max": -7.80777835846,
            "mean": -11.0957279205,
            "median": -10.3777389526,
            "min": -23.5196666718,
            "stdev": 2.84552407265,
            "var": 8.09700679779
        },
        "short_term": {
            "dmean": 0.0883820056915,
            "dmean2": 0.0582477860153,
            "dvar": 0.00687756855041,
            "dvar2": 0.00290171126835,
            "max": -8.13515853882,
            "mean": -10.7805919647,
            "median": -10.6630973816,
            "min": -16.3805770874,
            "stdev": 1.79121792316,
            "var": 3.20846176147
        }
    },
    "melbands_crest": {
        "dmean": 3.15953373909,
        "dmean2": 5.38761234283,
        "dvar": 9.51288414001,
        "dvar2": 26.0526237488,
        "max": 31.9921970367,
        "mean": 10.3405218124,
        "median": 8.7549123764,
        "min": 1.96655297279,
        "stdev": 5.35740041733,
        "var": 28.7017383575
    },
    "melbands_flatness_db": {
        "dmean": 0.0166679173708,
        "dmean2": 0.0265373103321,
        "dvar": 0.000241636880673,
        "dvar2": 0.000601972511504,
        "max": 0.346541255713,
        "mean": 0.196731358767,
        "median": 0.208837985992,
        "min": 0.00477968994528,
        "stdev": 0.0622302293777,
        "var": 0.00387260154821
    },
    "melbands_kurtosis": {
        "dmean": 2.01601457596,
        "dmean2": 3.38928842545,
        "dvar": 8.4476556778,
        "dvar2": 22.9901924133,
        "max": 36.4823303223,
        "mean": 2.83958673477,
        "median": 1.66619205475,
        "min": -1.26839029789,
        "stdev": 3.63117408752,
        "var": 13.1854257584
    },
    "melbands_skewness": {
        "dmean": 0.460103869438,
        "dmean2": 0.764078617096,
        "dvar": 0.194490417838,
        "dvar2": 0.523283421993,
        "max": 5.63600540161,
        "mean": 0.979600548744,
        "median": 0.825960338116,
        "min": -0.510974764824,
        "stdev": 0.868902027607,
        "var": 0.754990756512
    },
    "melbands_spread": {
        "dmean": 3.51008796692,
        "dmean2": 5.80761003494,
        "dvar": 17.3367938995,
        "dvar2": 34.2425842285,
        "max": 139.219009399,
        "mean": 15.7243518829,
        "median": 15.3406152725,
        "min": 3.33222150803,
        "stdev": 7.02242422104,
        "var": 49.3144416809
    },
    "pitch_salience": {
        "dmean": 0.0627232119441,
        "dmean2": 0.105824366212,
        "dvar": 0.00333136389963,
        "dvar2": 0.00950209237635,
        "max": 0.967404425144,
        "mean": 0.681764662266,
        "median": 0.691906154156,
        "min": 0.178088217974,
        "stdev": 0.111784413457,
        "var": 0.012495755218
    },
    "silence_rate_20dB": {
        "dmean": 0,
        "dmean2": 0,
        "dvar": 0,
        "dvar2": 0,
        "max": 1,
        "mean": 1,
        "median": 1,
        "min": 1,
        "stdev": 0,
        "var": 0
    },
    "silence_rate_30dB": {
        "dmean": 0,
        "dmean2": 0,
        "dvar": 0,
        "dvar2": 0,
        "max": 1,
        "mean": 1,
        "median": 1,
        "min": 1,
        "stdev": 0,
        "var": 0
    },
    "silence_rate_60dB": {
        "dmean": 0.0092783505097,
        "dmean2": 0.0180505421013,
        "dvar": 0.00919219851494,
        "dvar2": 0.019787253812,
        "max": 1,
        "mean": 0.0473982468247,
        "median": 0,
        "min": 0,
        "stdev": 0.212486922741,
        "var": 0.045150693506
    },
    "spectral_centroid": {
        "dmean": 147.225692749,
        "dmean2": 234.591827393,
        "dvar": 53641.5273438,
        "dvar2": 68966.421875,
        "max": 11204.3798828,
        "mean": 1455.84411621,
        "median": 1297.20581055,
        "min": 643.32635498,
        "stdev": 534.672119141,
        "var": 285874.25
    },
    "spectral_complexity": {
        "dmean": 3.18144321442,
        "dmean2": 5.08148527145,
        "dvar": 7.50831699371,
        "dvar2": 17.5385093689,
        "max": 56,
        "mean": 24.8907775879,
        "median": 24,
        "min": 0,
        "stdev": 10.412530899,
        "var": 108.420806885
    },
    "spectral_decrease": {
        "dmean": 1.46502765475e-09,
        "dmean2": 2.31695707065e-09,
        "dvar": 2.13971131068e-18,
        "dvar2": 5.33656978396e-18,
        "max": 3.40234783975e-29,
        "mean": -5.68717828386e-09,
        "median": -5.7263416231e-09,
        "min": -1.72572427459e-08,
        "stdev": 2.95605695477e-09,
        "var": 8.7382722981e-18
    },
    "spectral_energy": {
        "dmean": 0.00610742345452,
        "dmean2": 0.00963425263762,
        "dvar": 3.66278618458e-05,
        "dvar2": 9.0635723609e-05,
        "max": 0.0778145268559,
        "mean": 0.0241676811129,
        "median": 0.0244544669986,
        "min": 1.08806586527e-20,
        "stdev": 0.0126007767394,
        "var": 0.000158779570484
    },
    "spectral_energyband_high": {
        "dmean": 9.60348697845e-05,
        "dmean2": 0.000146782389493,
        "dvar": 3.74853001972e-08,
        "dvar2": 7.70405819139e-08,
        "max": 0.00422565778717,
        "mean": 0.000293712830171,
        "median": 8.02824797574e-05,
        "min": 8.37578773685e-21,
        "stdev": 0.000432148925029,
        "var": 1.86752700415e-07
    },
    "spectral_energyband_low": {
        "dmean": 1.47435112012e-05,
        "dmean2": 2.51753081102e-05,
        "dvar": 7.41430528084e-10,
        "dvar2": 2.03468886184e-09,
        "max": 0.000690928194672,
        "mean": 2.51580877375e-05,
        "median": 1.82732419489e-05,
        "min": 4.96649786532e-23,
        "stdev": 2.93378016067e-05,
        "var": 8.6070661709e-10
    },
    "spectral_energyband_middle_high": {
        "dmean": 0.00409366143867,
        "dmean2": 0.00652050226927,
        "dvar": 2.20780584641e-05,
        "dvar2": 5.52425408387e-05,
        "max": 0.070894010365,
        "mean": 0.0148685360327,
        "median": 0.01253655646,
        "min": 1.31845016576e-21,
        "stdev": 0.0110234320164,
        "var": 0.000121516051877
    },
    "spectral_energyband_middle_low": {
        "dmean": 0.00398519169539,
        "dmean2": 0.00655768346041,
        "dvar": 2.95008831017e-05,
        "dvar2": 7.71369086578e-05,
        "max": 0.0638040229678,
        "mean": 0.00938831456006,
        "median": 0.00678268820047,
        "min": 4.14772562649e-22,
        "stdev": 0.00896792113781,
        "var": 8.04236042313e-05
    },
    "spectral_entropy": {
        "dmean": 0.0920871496201,
        "dmean2": 0.149244055152,
        "dvar": 0.00928062386811,
        "dvar2": 0.0204111915082,
        "max": 9.79944324493,
        "mean": 7.38263034821,
        "median": 7.29798793793,
        "min": 6.45699691772,
        "stdev": 0.357059299946,
        "var": 0.127491340041
    },
    "spectral_flux": {
        "dmean": 0.014960847795,
        "dmean2": 0.0240060649812,
        "dvar": 0.000187914643902,
        "dvar2": 0.000471397594083,
        "max": 0.193485364318,
        "mean": 0.094059728086,
        "median": 0.0957653820515,
        "min": 1.04310393656e-10,
        "stdev": 0.0317364223301,
        "var": 0.00100720056798
    },
    "spectral_kurtosis": {
        "dmean": 4.04384088516,
        "dmean2": 7.17424917221,
        "dvar": 16.37748909,
        "dvar2": 51.5987815857,
        "max": 38.1736907959,
        "mean": 9.29262447357,
        "median": 7.75143814087,
        "min": -1.22776269913,
        "stdev": 4.97605609894,
        "var": 24.7611351013
    },
    "spectral_rms": {
        "dmean": 0.000611038587522,
        "dmean2": 0.000950277375523,
        "dvar": 2.81658770973e-07,
        "dvar2": 6.64112803861e-07,
        "max": 0.00871301442385,
        "mean": 0.00463836686686,
        "median": 0.00488446699455,
        "min": 3.258109494e-12,
        "stdev": 0.0014365966199,
        "var": 2.06380968848e-06
    },
    "spectral_rolloff": {
        "dmean": 217.362335205,
        "dmean2": 367.308349609,
        "dvar": 200224.40625,
        "dvar2": 290294.8125,
        "max": 18410.8886719,
        "mean": 1709.1986084,
        "median": 1593.45703125,
        "min": 602.9296875,
        "stdev": 683.475097656,
        "var": 467138.25
    },
    "spectral_skewness": {
        "dmean": 0.342667102814,
        "dmean2": 0.598283171654,
        "dvar": 0.0973738357425,
        "dvar2": 0.301414698362,
        "max": 4.24320697784,
        "mean": 1.9372844696,
        "median": 1.86273276806,
        "min": -0.013754487969,
        "stdev": 0.419498771429,
        "var": 0.175979211926
    },
    "spectral_spread": {
        "dmean": 225291.0625,
        "dmean2": 351147.65625,
        "dvar": 723585990656,
        "dvar2": 876837994496,
        "max": 47267484,
        "mean": 2385184.75,
        "median": 2194493,
        "min": 1361594.75,
        "stdev": 1643388.375,
        "var": 2.7007254528e+12
    },
    "spectral_strongpeak": {
        "dmean": 0.847681820393,
        "dmean2": 1.4360281229,
        "dvar": 0.67934268713,
        "dvar2": 1.87598907948,
        "max": 7.3192243576,
        "mean": 1.76130449772,
        "median": 1.52227199078,
        "min": 3.76196185314e-10,
        "stdev": 1.11403882504,
        "var": 1.2410825491
    },
    "zerocrossingrate": {
        "dmean": 0.00447884807363,
        "dmean2": 0.00587649876252,
        "dvar": 0.000100581477454,
        "dvar2": 0.000178619142389,
        "max": 0.4990234375,
        "mean": 0.0614791624248,
        "median": 0.05419921875,
        "min": 0.01806640625,
        "stdev": 0.0233651399612,
        "var": 0.000545929768123
    },
    "barkbands": {
        "dmean": [4.14275655203e-06, 5.61885917705e-06, 6.20094988335e-06, 1.63488803082e-05, 0.000109805514512, 0.000306953676045, 0.000761153001804, 0.00269412947819, 0.0016913509462, 0.00137824204285, 0.00144066591747, 0.00127773801796, 0.00112114276271, 0.00123891537078, 0.000872597156558, 0.000610217161011, 0.00041135851643, 0.000269309646683, 0.000138320465339, 6.42638333375e-05, 4.09242056776e-05, 2.36246050918e-05, 1.65265337273e-05, 8.87963960849e-06, 4.56491443401e-06, 7.73248643782e-07, 5.43093783278e-08],
        "dmean2": [7.38110793463e-06, 9.49220702751e-06, 1.08349058792e-05, 2.84257403109e-05, 0.000184010437806, 0.000509626697749, 0.00126800802536, 0.00436864374205, 0.00288069527596, 0.00233950139955, 0.00250339251943, 0.00218902411871, 0.00189139496069, 0.00206404668279, 0.00148354109842, 0.00103029841557, 0.00070081173908, 0.00045405086712, 0.000217943568714, 0.000104837417894, 6.72863025102e-05, 3.80068959203e-05, 2.58746495092e-05, 1.38283794513e-05, 7.15484793545e-06, 1.25037809084e-06, 9.40498523505e-08],
        "dvar": [2.86120901277e-11, 4.23235300973e-11, 2.50071602315e-10, 8.45591041632e-10, 3.01635907363e-08, 1.81299341762e-07, 1.45486728798e-06, 2.21728460019e-05, 7.93500385043e-06, 3.73522379959e-06, 5.1960946621e-06, 2.7252608561e-06, 2.5942999855e-06, 4.3027916945e-06, 1.88193621398e-06, 1.08109122721e-06, 4.3258157234e-07, 2.0599870254e-07, 8.47076719879e-08, 9.26572951698e-09, 9.57483070607e-09, 2.45359044193e-09, 1.22262688862e-09, 3.98846455862e-10, 1.52218418425e-10, 3.66171632946e-12, 3.05892629308e-15],
        "dvar2": [7.96277002668e-11, 1.17479567741e-10, 6.83324008488e-10, 2.28537078151e-09, 7.88537377616e-08, 4.77383707675e-07, 3.68806240658e-06, 5.57087587367e-05, 2.0350318664e-05, 1.0516585462e-05, 1.41217324199e-05, 7.55007476982e-06, 7.39613005862e-06, 1.13542218969e-05, 5.26985604665e-06, 2.92614959108e-06, 1.22916924283e-06, 5.3346320783e-07, 1.79825008217e-07, 2.36944224241e-08, 2.48451073048e-08, 5.98617422298e-09, 2.79101719514e-09, 9.32277699484e-10, 3.8970066063e-10, 8.85856318855e-12, 8.50992572173e-15],
        "max": [7.01553872204e-05, 7.69309699535e-05, 0.000441499054432, 0.000535793369636, 0.00297870347276, 0.00644161552191, 0.0177518725395, 0.060826279223, 0.0408188924193, 0.0277802757919, 0.0295079872012, 0.0219210907817, 0.0179941132665, 0.0434610247612, 0.0150742083788, 0.00995465647429, 0.00648398371413, 0.00928521715105, 0.00743825966492, 0.00147543509956, 0.00242482637987, 0.000855154648889, 0.000697481096722, 0.000466791010695, 0.000329921487719, 3.55501542799e-05, 6.78060132486e-07],
        "mean": [5.1113970585e-06, 7.94651896285e-06, 7.23895891497e-06, 1.83306565305e-05, 0.000176656219992, 0.00049952941481, 0.00112734129652, 0.00417259149253, 0.00259301043116, 0.00215214840136, 0.00220489059575, 0.00216318364255, 0.00190103554633, 0.00218353793025, 0.00165544985794, 0.0012401335407, 0.00081871036673, 0.00056149775628, 0.00030646743835, 0.000150624400703, 9.30417882046e-05, 5.74071709707e-05, 3.88698172173e-05, 2.13029252336e-05, 1.01847472251e-05, 1.39334872529e-06, 8.76552874729e-08],
        "median": [3.68199289369e-06, 5.93430195295e-06, 3.59638579539e-06, 8.28359588922e-06, 0.000101104153146, 0.000291331554763, 0.000529081909917, 0.00147950614337, 0.00132270273753, 0.0013621088583, 0.00126711116172, 0.00152133230586, 0.00112461065874, 0.00113770877942, 0.000721294549294, 0.00032124860445, 0.000408955267631, 0.000338040670613, 0.000173175707459, 9.24626656342e-05, 2.15381478483e-05, 6.89705939294e-06, 5.93551430939e-06, 2.06296158467e-06, 7.32609180432e-07, 5.58630759429e-08, 7.88583705003e-08],
        "min": [7.3976180805e-24, 1.13869791861e-23, 2.95733287968e-23, 8.77768290253e-24, 7.43239312024e-23, 7.14529571348e-23, 9.84278538404e-23, 4.24667995979e-23, 9.11003520838e-23, 6.30656743945e-23, 3.89138458114e-23, 1.02939343047e-22, 9.01178100491e-23, 1.09408671423e-22, 1.4398381381e-22, 2.27018971906e-22, 1.63486727307e-22, 1.19986324286e-22, 1.80266126927e-22, 2.78757594511e-22, 4.63451970041e-22, 5.40428083162e-22, 5.48847311613e-22, 8.1286332986e-22, 1.43315957857e-21, 1.92609631673e-21, 2.6811540904e-21],
        "stdev": [5.2423647503e-06, 7.40089262763e-06, 1.50300829773e-05, 3.15574361593e-05, 0.000230004254263, 0.000588921480812, 0.00172985903919, 0.00671519478783, 0.00370199838653, 0.00247891969047, 0.00281479256228, 0.00226965360343, 0.00218819198199, 0.00272024632432, 0.00207384931855, 0.00170292251278, 0.000986348371953, 0.000697998737451, 0.00054748140974, 0.000171520296135, 0.000150709340232, 9.56641524681e-05, 6.45974723739e-05, 3.76120115106e-05, 1.98721427296e-05, 2.93294147014e-06, 5.96491531724e-08],
        "var": [2.74823878932e-11, 5.47732102729e-11, 2.25903407092e-10, 9.95871718423e-10, 5.29019601458e-08, 3.46828500142e-07, 2.99241219182e-06, 4.50938423455e-05, 1.37047927637e-05, 6.14504278929e-06, 7.92305763753e-06, 5.15132796863e-06, 4.78818401461e-06, 7.39973984309e-06, 4.30085083281e-06, 2.89994522973e-06, 9.72883185568e-07, 4.87202271415e-07, 2.99735916087e-07, 2.94192119554e-08, 2.27133067909e-08, 9.15163056447e-09, 4.17283363419e-09, 1.41466338643e-09, 3.94902083256e-10, 8.60214590531e-12, 3.55802118725e-15]
    },
    "erbbands": {
        "dmean": [0.000216892876779, 0.00121530797333, 0.00560368550941, 0.0296507012099, 0.152605116367, 0.4015237391, 1.20089936256, 2.90318059921, 6.35861968994, 24.8436203003, 65.9048919678, 37.7353363037, 42.2981529236, 42.9014511108, 54.7486953735, 49.848651886, 45.0005378723, 64.8190612793, 43.8844795227, 38.3642349243, 28.3227214813, 20.9434280396, 15.2283124924, 9.0885181427, 5.63716459274, 3.08245158195, 2.03314256668, 1.37656736374, 0.906705081463, 0.608452677727, 0.480029970407, 0.243281081319, 0.128920823336, 0.0671129971743, 0.0256643779576, 0.0069832559675, 0.000537603453267, 8.7680935394e-05, 4.94482583235e-06, 7.46431487642e-06],
        "dmean2": [0.000373800721718, 0.00205569574609, 0.00967699103057, 0.0515406243503, 0.257233947515, 0.67492389679, 1.95636081696, 4.82758140564, 10.7207622528, 41.4981765747, 107.353118896, 64.3364257812, 71.4726333618, 72.6502456665, 93.6290664673, 84.9874649048, 75.7044143677, 107.775749207, 73.5096282959, 65.1519165039, 48.1096153259, 35.7068328857, 25.4805812836, 15.1741609573, 9.09019756317, 5.09350967407, 3.32798671722, 2.25579476357, 1.47328579426, 0.990630865097, 0.741340577602, 0.388447582722, 0.200342237949, 0.107879154384, 0.0402768589556, 0.0110258543864, 0.000852135068271, 0.000151875879965, 7.89310979599e-06, 1.1717952475e-05],
        "dvar": [5.86440229711e-08, 2.54834435509e-06, 0.000175150562427, 0.0031469585374, 0.0586591511965, 0.388689339161, 4.59454298019, 17.4586277008, 86.7053375244, 1696.9276123, 16134.1445312, 4081.29760742, 4055.23193359, 5326.09130859, 7769.60693359, 4275.86376953, 4038.7355957, 10218.1767578, 5035.39111328, 3732.35546875, 2369.49755859, 1171.9831543, 661.887451172, 315.860748291, 156.827484131, 21.2607288361, 20.9075870514, 9.39568901062, 3.88225030899, 1.96593010426, 1.04366922379, 0.366251587868, 0.075670093298, 0.0326954349875, 0.00492874113843, 0.000316966150422, 1.89786157989e-06, 8.67924665471e-09, 2.7131189656e-11, 5.49232950786e-11],
        "dvar2": [1.6936220959e-07, 6.82469863023e-06, 0.000472221814562, 0.00869147945195, 0.148704841733, 1.00650846958, 11.8499746323, 46.0705871582, 230.854019165, 4395.01708984, 41971.1601562, 11024.0507812, 10336.5957031, 15224.7871094, 21227.9375, 11871.359375, 11169.4052734, 26868.0292969, 13860.3623047, 10590.7480469, 6463.34228516, 3298.08666992, 1782.44165039, 817.410095215, 321.916442871, 53.7983322144, 54.1324386597, 23.0968284607, 9.39881515503, 4.93275165558, 2.45091223717, 0.92459744215, 0.167117863894, 0.086103759706, 0.012259109877, 0.000737414055038, 4.69077349408e-06, 2.44430022889e-08, 6.56079357508e-11, 1.32747160486e-10],
        "max": [0.00282146641985, 0.0231417827308, 0.356842130423, 1.20188605785, 2.93745112419, 9.80625343323, 37.6534957886, 63.3171539307, 109.667663574, 517.622802734, 1662.58056641, 620.825683594, 1203.57434082, 1410.43200684, 1065.18029785, 727.255554199, 715.731079102, 1552.30224609, 1145.06298828, 610.247375488, 510.310577393, 369.760894775, 587.08190918, 377.161010742, 347.619293213, 61.9853401184, 117.867027283, 57.2616844177, 40.2489089966, 26.8757076263, 19.5793895721, 15.3206691742, 4.6508398056, 4.98617124557, 1.6293361187, 0.349024921656, 0.0221739504486, 0.00172234815545, 0.000121334058349, 0.000110694491013],
        "mean": [0.00030054198578, 0.00157852726988, 0.00738137029111, 0.0374569930136, 0.209893986583, 0.60920381546, 1.84567344189, 4.55421447754, 10.3120059967, 38.8236198425, 104.509346008, 62.458656311, 66.8081741333, 73.6665344238, 93.612121582, 89.70753479, 85.856552124, 118.228919983, 92.1771240234, 80.7961578369, 63.0506744385, 45.1794166565, 32.4124221802, 21.1782035828, 12.5622787476, 7.2708978653, 4.62862586975, 3.16692042351, 2.15853261948, 1.46611726284, 1.0858798027, 0.564629733562, 0.299088358879, 0.147220656276, 0.0552892386913, 0.014062919654, 0.000880771491211, 0.000165154153365, 2.06639506359e-05, 3.04780205624e-05],
        "median": [0.000222783215577, 0.0010112603195, 0.00428183795884, 0.0196714606136, 0.0972653254867, 0.342243731022, 0.962705135345, 2.5841217041, 6.2910399437, 17.4697380066, 35.9923248291, 33.7840194702, 43.2819099426, 48.5678253174, 56.1192016602, 66.5044403076, 54.1343765259, 69.6844329834, 42.9936637878, 32.646156311, 17.8985557556, 21.8295192719, 18.9265155792, 12.9745759964, 6.9603099823, 4.51366329193, 1.6747276783, 0.543918728828, 0.270656079054, 0.192662343383, 0.165955647826, 0.0659441575408, 0.025166856125, 0.0118036577478, 0.00322804623283, 0.000661532685626, 5.86037822359e-05, 0.000142304052133, 1.92994575627e-05, 3.06686633849e-05],
        "min": [5.78476270881e-22, 2.37383508631e-21, 2.37809757062e-20, 3.39805181714e-20, 9.30362282058e-20, 3.68987719521e-19, 2.86189835337e-19, 7.47244411397e-19, 6.87527658037e-19, 2.11231591597e-18, 9.04240551623e-19, 2.58661776369e-18, 2.1146568371e-18, 1.52672622261e-18, 2.60448858723e-18, 3.88248635594e-18, 4.68709362317e-18, 5.3682727217e-18, 7.08317157353e-18, 8.27204352637e-18, 1.3601741921e-17, 7.82189597292e-18, 7.53282116425e-18, 9.09038323253e-18, 7.2648609679e-18, 1.3949903068e-17, 2.07162504048e-17, 1.56691301424e-17, 2.23891652911e-17, 1.62780293718e-17, 1.59058990122e-17, 1.42528364606e-17, 1.74012298014e-17, 1.77659420053e-17, 8.39475907896e-18, 6.15230966146e-18, 3.81022054891e-18, 1.48069134678e-18, 3.95458584798e-19, 3.91198236289e-20],
        "stdev": [0.000260468223132, 0.00177115737461, 0.0128756202757, 0.0605783239007, 0.308845371008, 0.827548265457, 2.62186479568, 5.61256074905, 12.2350530624, 56.6781845093, 181.297683716, 84.9923248291, 81.7830047607, 89.2813110352, 120.556930542, 86.5212631226, 92.1047897339, 140.950592041, 110.687576294, 101.785614014, 83.8558044434, 54.0191802979, 39.8325805664, 30.6271457672, 22.2839946747, 8.2907371521, 6.8469209671, 5.21596717834, 3.61859607697, 2.46904611588, 1.82330441475, 1.00602030754, 0.534479677677, 0.283457905054, 0.111632756889, 0.0291193276644, 0.00188718177378, 0.000102002173662, 1.08603135232e-05, 1.62729666044e-05],
        "var": [6.78436933299e-08, 3.13699842991e-06, 0.000165781602846, 0.00366973341443, 0.0953854620457, 0.684836089611, 6.87417507172, 31.500837326, 149.696533203, 3212.41650391, 32868.8515625, 7223.69482422, 6688.46044922, 7971.15185547, 14533.9726562, 7485.92919922, 8483.29199219, 19867.0683594, 12251.7402344, 10360.3105469, 7031.79638672, 2918.07202148, 1586.63452148, 938.022094727, 496.576385498, 68.7363204956, 46.8803253174, 27.2063121796, 13.0942382812, 6.09618902206, 3.32443881035, 1.01207685471, 0.28566852212, 0.0803483873606, 0.0124618727714, 0.000847935269121, 3.56145505975e-06, 1.0404443529e-08, 1.17946402645e-10, 2.64809452144e-10]
    },
    "gfcc": {
        "mean": [-49.0493354797, 89.9589080811, -212.700744629, -20.4606151581, -73.7436523438, -5.9013094902, -34.2077941895, 3.96780228615, -13.1157865524, -5.86944055557, -1.24100697041, -8.50404644012, -5.72469186783],
        "cov": [[4797.11035156, -1415.98632812, -985.503540039, 480.095092773, -146.056259155, 850.979309082, -252.025527954, 208.530548096, -64.2432785034, 186.233978271, -256.335296631, 103.180969238, 170.501678467], [-1415.98632812, 1580.07910156, 407.824768066, -557.110595703, -62.7359466553, -862.614990234, 244.511230469, -155.426437378, 25.4542236328, -241.654052734, 278.096160889, -159.567337036, -156.908615112], [-985.503540039, 407.824768066, 365.928436279, -79.7822113037, -16.7718029022, -217.980438232, 31.4933128357, -50.2317428589, -27.2946968079, -64.7131118774, 37.8760795593, -23.8843994141, -60.4159965515], [480.095092773, -557.110595703, -79.7822113037, 328.225799561, 62.311542511, 308.146728516, -151.45866394, 39.7055778503, -4.07642459869, 87.400177002, -142.176040649, 40.8208580017, 69.4523544312], [-146.056259155, -62.7359466553, -16.7718029022, 62.311542511, 119.225372314, 55.2270355225, -35.5642166138, -12.4689054489, 17.903635025, 21.5884685516, -29.2722911835, -3.54533338547, 9.81913566589], [850.979309082, -862.614990234, -217.980438232, 308.146728516, 55.2270355225, 584.361877441, -91.4033050537, 59.9078598022, -59.9494361877, 127.978538513, -154.150100708, 100.994354248, 81.2063293457], [-252.025527954, 244.511230469, 31.4933128357, -151.45866394, -35.5642166138, -91.4033050537, 203.996337891, 6.53522348404, -11.496591568, -47.2564888, 77.954246521, -5.30928468704, -36.2449684143], [208.530548096, -155.426437378, -50.2317428589, 39.7055778503, -12.4689054489, 59.9078598022, 6.53522348404, 87.5258178711, 33.4421463013, 19.0142192841, -24.3648262024, 8.14870929718, 8.98736667633], [-64.2432785034, 25.4542236328, -27.2946968079, -4.07642459869, 17.903635025, -59.9494361877, -11.496591568, 33.4421463013, 111.577827454, 30.9490070343, -3.68556451797, -30.2450942993, 4.39049768448], [186.233978271, -241.654052734, -64.7131118774, 87.400177002, 21.5884685516, 127.978538513, -47.2564888, 19.0142192841, 30.9490070343, 91.7175598145, -31.629152298, 21.4892730713, 26.8503398895], [-256.335296631, 278.096160889, 37.8760795593, -142.176040649, -29.2722911835, -154.150100708, 77.954246521, -24.3648262024, -3.68556451797, -31.629152298, 118.79132843, -3.50585484505, -36.1768951416], [103.180969238, -159.567337036, -23.8843994141, 40.8208580017, -3.54533338547, 100.994354248, -5.30928468704, 8.14870929718, -30.2450942993, 21.4892730713, -3.50585484505, 72.2729949951, 27.2728233337], [170.501678467, -156.908615112, -60.4159965515, 69.4523544312, 9.81913566589, 81.2063293457, -36.2449684143, 8.98736667633, 4.39049768448, 26.8503398895, -36.1768951416, 27.2728233337, 67.5358352661]],
        "icov": [[0.00152688007802, -0.0032352223061, 0.0052864253521, -0.00241515948437, 0.0038460267242, -0.00209414120764, 0.00194515811745, -0.0031827792991, 0.00234188581817, -0.00197362503968, 0.00270686973818, -0.00165895430837, 0.00202017417178], [-0.0032352223061, 0.0159978047013, -0.0143032856286, 0.00829590205103, -0.0103507544845, 0.0111358165741, -0.00720001710579, 0.0128511590883, -0.00600454024971, 0.00947991944849, -0.00980015844107, 0.00879809632897, -0.00563113391399], [0.0052864253521, -0.0143032856286, 0.0242861956358, -0.0113089904189, 0.0140435611829, -0.00601457385346, 0.00669251382351, -0.0116479881108, 0.0102496324107, -0.00928550865501, 0.0135703254491, -0.010500417091, 0.011645141989], [-0.00241515948437, 0.00829590205103, -0.0113089904189, 0.0172148812562, -0.00893920473754, 0.0016321411822, 0.00050927081611, 0.00429465761408, -0.00351418857463, 0.0031928839162, -0.00129336188547, 0.0054218377918, -0.00733291357756], [0.0038460267242, -0.0103507544845, 0.0140435611829, -0.00893920473754, 0.0211082063615, -0.00830657593906, 0.00549611123279, -0.00486122444272, 0.00190573837608, -0.0049154390581, 0.00774562964216, -0.00485991965979, 0.00645548757166], [-0.00209414120764, 0.0111358165741, -0.00601457385346, 0.0016321411822, -0.00830657593906, 0.0176892131567, -0.00793441105634, 0.00711449421942, 0.003150441451, -0.00124092760962, 0.000411142391386, 0.000130434069433, -0.000710795808118], [0.00194515811745, -0.00720001710579, 0.00669251382351, 0.00050927081611, 0.00549611123279, -0.00793441105634, 0.0130171626806, -0.00924744922668, 0.00286702136509, -0.00111594051123, 0.000615804165136, -0.0027709887363, 0.00248857308179], [-0.0031827792991, 0.0128511590883, -0.0116479881108, 0.00429465761408, -0.00486122444272, 0.00711449421942, -0.00924744922668, 0.0299966577441, -0.0152029581368, 0.0111293680966, -0.00570549163967, 0.00299962633289, -0.00145018706098], [0.00234188581817, -0.00600454024971, 0.0102496324107, -0.00351418857463, 0.00190573837608, 0.003150441451, 0.00286702136509, -0.0152029581368, 0.0259140264243, -0.017053309828, 0.00773576041684, 0.00242212298326, 0.000677586533129], [-0.00197362503968, 0.00947991944849, -0.00928550865501, 0.0031928839162, -0.0049154390581, -0.00124092760962, -0.00111594051123, 0.0111293680966, -0.017053309828, 0.0321607738733, -0.0126364938915, 0.00332116708159, -0.00424330960959], [0.00270686973818, -0.00980015844107, 0.0135703254491, -0.00129336188547, 0.00774562964216, 0.000411142391386, 0.000615804165136, -0.00570549163967, 0.00773576041684, -0.0126364938915, 0.0320496037602, -0.0155018968508, 0.0112852239981], [-0.00165895430837, 0.00879809632897, -0.010500417091, 0.0054218377918, -0.00485991965979, 0.000130434069433, -0.0027709887363, 0.00299962633289, 0.00242212298326, 0.00332116708159, -0.0155018968508, 0.0329858250916, -0.0147788468748], [0.00202017417178, -0.00563113391399, 0.011645141989, -0.00733291357756, 0.00645548757166, -0.000710795808118, 0.00248857308179, -0.00145018706098, 0.000677586533129, -0.00424330960959, 0.0112852239981, -0.0147788468748, 0.0296831224114]]
    },
    "melbands": {
        "dmean": [1.72833324541e-06, 2.43038311964e-06, 8.22754827823e-06, 1.75495661097e-05, 3.6517787521e-05, 6.70263907523e-05, 0.000106941108243, 0.000305127206957, 0.000534320075531, 0.000226876349188, 0.000214257655898, 0.000173863372765, 0.000200646216399, 0.000144207122503, 0.000118247888167, 0.000118700860185, 0.000127609891933, 7.71084814915e-05, 6.53986862744e-05, 4.84926458739e-05, 3.44153304468e-05, 2.52197805821e-05, 1.90533155546e-05, 1.28177161969e-05, 7.86707369116e-06, 5.68882296648e-06, 2.90817615678e-06, 2.1555240437e-06, 1.46501474774e-06, 1.1373919051e-06, 8.14492864265e-07, 5.77256230372e-07, 4.68915516194e-07, 3.46579867028e-07, 3.12496666766e-07, 2.16883734083e-07, 1.48910473285e-07, 1.07054354714e-07, 7.15890848824e-08, 5.83644101937e-08],
        "dmean2": [2.98041345559e-06, 4.15403155785e-06, 1.39302155731e-05, 2.94629444397e-05, 5.92085962126e-05, 0.000111854191346, 0.000179057315108, 0.00050793524133, 0.000876383041032, 0.000385492283385, 0.000362031685654, 0.000294983183267, 0.000348429457517, 0.000247729243711, 0.000201909075258, 0.000202450610232, 0.000212527826079, 0.000130234548124, 0.000111943176307, 8.13194928924e-05, 5.83514847676e-05, 4.27886479883e-05, 3.27269262925e-05, 2.17213782889e-05, 1.33378098326e-05, 9.12699124456e-06, 4.84490692543e-06, 3.6102719605e-06, 2.42830265051e-06, 1.9015720909e-06, 1.38494499424e-06, 9.47878220359e-07, 7.66223820392e-07, 5.64984759421e-07, 4.95879532991e-07, 3.52475666432e-07, 2.42877405299e-07, 1.68487517271e-07, 1.1281890977e-07, 9.64232853562e-08],
        "dvar": [3.78849469157e-12, 2.73648499693e-11, 1.89829318931e-10, 6.12629502683e-10, 4.09375289223e-09, 9.11594710828e-09, 2.43356090834e-08, 2.45058686232e-07, 1.04392472622e-06, 1.43372915318e-07, 1.0284147578e-07, 8.70997425295e-08, 1.08232804052e-07, 3.7777638795e-08, 2.58787000718e-08, 3.03218286035e-08, 4.23144754791e-08, 1.78366921233e-08, 1.07305169195e-08, 6.83441303551e-09, 3.50224249601e-09, 1.71953817851e-09, 9.48311540405e-10, 4.43707431907e-10, 2.58749133231e-10, 2.2642071551e-10, 2.05865220704e-11, 1.09896640399e-11, 1.02941734997e-11, 6.39363778934e-12, 3.45835664793e-12, 1.62143703412e-12, 1.06510980591e-12, 5.79054165728e-13, 4.55507376609e-13, 2.35959065871e-13, 1.53600656499e-13, 5.35990082341e-14, 2.58885015476e-14, 2.76293185786e-14],
        "dvar2": [1.07874056909e-11, 7.39921526827e-11, 4.92194118795e-10, 1.63718416601e-09, 1.0605814893e-08, 2.41587514438e-08, 6.32145713553e-08, 6.38826293198e-07, 2.79981736639e-06, 3.75763733018e-07, 2.61502975718e-07, 2.4847787472e-07, 2.92785983902e-07, 1.06272636913e-07, 7.13848606892e-08, 8.47221741651e-08, 1.11945894332e-07, 4.94911560622e-08, 3.00751246129e-08, 1.89444886445e-08, 9.83695080947e-09, 4.86201123806e-09, 2.57369969781e-09, 1.18741649846e-09, 6.69212407711e-10, 4.71570338334e-10, 5.50066069083e-11, 2.82557657827e-11, 2.70707119915e-11, 1.65356461163e-11, 9.08747035955e-12, 4.04026595166e-12, 2.83117041096e-12, 1.41054886955e-12, 1.06655840843e-12, 5.81316190931e-13, 4.1196730814e-13, 1.25632604363e-13, 6.54335594497e-14, 7.54113703991e-14],
        "max": [2.31554786296e-05, 0.000138196759508, 0.000250457233051, 0.000327376910718, 0.00114718591794, 0.00147663254756, 0.00181066966616, 0.0066373986192, 0.0127976639196, 0.00418073870242, 0.00591086503118, 0.00579396309331, 0.00440769130364, 0.00260877260007, 0.00197102571838, 0.00198133010417, 0.00364809692837, 0.00263944081962, 0.00114004674833, 0.000821727735456, 0.000629228015896, 0.000468931277283, 0.000527606985997, 0.000352242495865, 0.000367158034351, 0.000395050999941, 7.10957392585e-05, 4.35300498793e-05, 7.95137675595e-05, 5.59309410164e-05, 2.93222547043e-05, 2.7690161005e-05, 1.94535477931e-05, 1.29087047753e-05, 1.39130906973e-05, 8.64251705934e-06, 1.0293611922e-05, 3.69749909623e-06, 2.69994006885e-06, 4.57623946204e-06],
        "mean": [2.70515329248e-06, 3.43900865118e-06, 1.1013718904e-05, 2.76521404885e-05, 5.67733623029e-05, 0.000106249877717, 0.00017332979769, 0.000488378398586, 0.000838108826429, 0.000358026503818, 0.000327043584548, 0.000286349211819, 0.000319849845255, 0.000246354524279, 0.000201616683626, 0.000200942085939, 0.000219176232349, 0.000147204482346, 0.000121794160805, 9.49697205215e-05, 6.93606343702e-05, 4.86252283736e-05, 3.48461944668e-05, 2.5305116651e-05, 1.6276302631e-05, 1.09533939394e-05, 6.21561866865e-06, 4.45088880952e-06, 3.05122694044e-06, 2.23150300371e-06, 1.69259431004e-06, 1.27456348764e-06, 9.5658117516e-07, 7.51744153149e-07, 6.69429539357e-07, 4.46000228749e-07, 3.08648708369e-07, 2.22655572202e-07, 1.52411288923e-07, 1.14953643049e-07],
        "median": [2.07513494388e-06, 2.10515713661e-06, 5.53534664505e-06, 1.56118985615e-05, 2.99616694974e-05, 6.09987800999e-05, 9.70192704699e-05, 0.000226542266319, 0.000294369092444, 0.000188315127161, 0.0002082780411, 0.00018063589232, 0.000187439465662, 0.000167093239725, 0.000135653142934, 0.000118400639622, 0.000122075885884, 6.50580332149e-05, 5.02286566189e-05, 2.98043778457e-05, 2.02629526029e-05, 2.22266262426e-05, 1.81851082743e-05, 1.6166277419e-05, 9.74513113761e-06, 5.66675407754e-06, 3.66395124729e-06, 2.6640248052e-06, 1.23035829347e-06, 4.77631544982e-07, 2.42469440082e-07, 1.60228012192e-07, 1.08545300748e-07, 1.07970357988e-07, 1.04271791201e-07, 6.21686453428e-08, 3.20720729974e-08, 1.90929352328e-08, 1.21117418317e-08, 9.17248588195e-09],
        "min": [5.01232161201e-24, 8.88192140482e-24, 7.80734691264e-24, 1.49783023781e-23, 1.21795430044e-23, 1.56542804432e-23, 1.35680983363e-23, 2.05493453759e-23, 5.83434425753e-24, 1.73907321119e-23, 9.86039212836e-24, 5.91247659146e-24, 7.15651536659e-24, 8.4127795136e-24, 1.36686276146e-23, 8.72508796825e-24, 9.91636180958e-24, 1.02455802866e-23, 1.10385038255e-23, 1.42707020347e-23, 1.60961103922e-23, 8.35148659898e-24, 8.07812026291e-24, 4.71421028706e-24, 7.98291579571e-24, 5.27585637462e-24, 5.94763375542e-24, 9.71603926017e-24, 1.55289225568e-23, 7.38354322423e-24, 9.29785620571e-24, 1.28681128673e-23, 1.00218380346e-23, 8.48534840599e-24, 8.19631687007e-24, 1.13610635276e-23, 6.41801691928e-24, 1.25711154139e-23, 1.24287772965e-23, 1.61903840035e-23],
        "stdev": [2.20083506974e-06, 5.26316307514e-06, 1.63886124938e-05, 3.41201339324e-05, 7.93140643509e-05, 0.000128121333546, 0.000216883650864, 0.000676246068906, 0.00143785204273, 0.00050562195247, 0.000411090964917, 0.00036607705988, 0.000418575771619, 0.000269827549346, 0.00020830486028, 0.000233877799474, 0.000272977951681, 0.000187729412573, 0.000154934750753, 0.000129068139358, 9.41793550737e-05, 6.03954031249e-05, 4.5155378757e-05, 3.0868617614e-05, 2.5912620913e-05, 2.46057570621e-05, 7.34157492843e-06, 5.32643116458e-06, 4.53885195384e-06, 3.70296379515e-06, 2.91346259473e-06, 2.18035916077e-06, 1.67715825228e-06, 1.27321061427e-06, 1.14982867672e-06, 7.77822322107e-07, 5.79681056934e-07, 4.08998857893e-07, 2.75934638694e-07, 2.34204236449e-07],
        "var": [4.8436749403e-12, 2.77008849886e-11, 2.68586597407e-10, 1.16418352736e-09, 6.29072127722e-09, 1.64150755211e-08, 4.70385188578e-08, 4.57308772184e-07, 2.06741833608e-06, 2.55653532122e-07, 1.68995782701e-07, 1.34012410058e-07, 1.75205684627e-07, 7.28069124989e-08, 4.33909121966e-08, 5.46988268013e-08, 7.45169614902e-08, 3.52423299432e-08, 2.4004776833e-08, 1.66585838457e-08, 8.86975115577e-09, 3.64760466276e-09, 2.0390080735e-09, 9.52871559434e-10, 6.71463940005e-10, 6.05443251089e-10, 5.38987222909e-11, 2.83708681548e-11, 2.0601178749e-11, 1.37119413046e-11, 8.4882639112e-12, 4.75396631783e-12, 2.81285997099e-12, 1.62106526119e-12, 1.32210594469e-12, 6.05007580493e-13, 3.36030140345e-13, 1.67280062415e-13, 7.6139927154e-14, 5.48516242735e-14]
    },
    "melbands128": {
