{
"lowlevel": {
    "average_loudness": 0.592055380344,
    "barkbands_crest": {
        "dmean": 2.6212348938,
        "dmean2": 4.06414031982,
        "dvar": 6.2270116806,
        "dvar2": 13.5825614929,
        "max": 26.0992126465,
        "mean": 13.8410129547,
        "median": 13.2452116013,
        "min": 3.70417833328,
        "stdev": 4.88333034515,
        "var": 23.8469142914
    },
    "barkbands_flatness_db": {
        "dmean": 0.0289768874645,
        "dmean2": 0.0473484173417,
        "dvar": 0.000633375253528,
        "dvar2": 0.00152809545398,
        "max": 0.50667154789,
        "mean": 0.343169778585,
        "median": 0.339104354382,
        "min": 0.0379462167621,
        "stdev": 0.0493287332356,
        "var": 0.00243332376704
    },
    "barkbands_kurtosis": {
        "dmean": 3.74466395378,
        "dmean2": 5.77989864349,
        "dvar": 34.7226409912,
        "dvar2": 80.0245513916,
        "max": 66.8922576904,
        "mean": 7.33070850372,
        "median": 4.38737392426,
        "min": -1.27513182163,
        "stdev": 8.54990386963,
        "var": 73.1008605957
    },
    "barkbands_skewness": {
        "dmean": 0.528644323349,
        "dmean2": 0.791181981564,
        "dvar": 0.344852685928,
        "dvar2": 0.694717049599,
        "max": 7.03424835205,
        "mean": 1.58686614037,
        "median": 1.58383369446,
        "min": -4.61081790924,
        "stdev": 1.38863563538,
        "var": 1.92830884457
    },
    "barkbands_spread": {
        "dmean": 1.24916386604,
        "dmean2": 1.87980973721,
        "dvar": 2.38514852524,
        "dvar2": 4.77304697037,
        "max": 40.4307518005,
        "mean": 4.87955904007,
        "median": 4.46537494659,
        "min": 0.480045944452,
        "stdev": 2.88408923149,
        "var": 8.31797122955
    },
    "dissonance": {
        "dmean": 0.0396873690188,
        "dmean2": 0.066933631897,
        "dvar": 0.00141466432251,
        "dvar2": 0.00375216198154,
        "max": 0.499588221312,
        "mean": 0.396560877562,
        "median": 0.400222480297,
        "min": 0.170840337873,
        "stdev": 0.0562210567296,
        "var": 0.00316080707125
    },
    "dynamic_complexity": 3.49351024628,
    "erbbands_crest": {
        "dmean": 3.01281452179,
        "dmean2": 4.61515235901,
        "dvar": 9.21702575684,
        "dvar2": 19.1485176086,
        "max": 33.2992401123,
        "mean": 15.5902442932,
        "median": 14.4755878448,
        "min": 3.71815371513,
        "stdev": 6.2710852623,
        "var": 39.3265075684
    },
    "erbbands_flatness_db": {
        "dmean": 0.0174184441566,
        "dmean2": 0.0264305025339,
        "dvar": 0.00032801963971,
        "dvar2": 0.000657385447994,
        "max": 0.553420901299,
        "mean": 0.380127102137,
        "median": 0.38016885519,
        "min": 0.0828158408403,
        "stdev": 0.048514533788,
        "var": 0.00235365983099
    },
    "erbbands_kurtosis": {
        "dmean": 2.13641047478,
        "dmean2": 3.28544902802,
        "dvar": 12.245675087,
        "dvar2": 28.3254356384,
        "max": 47.4744758606,
        "mean": 3.46227240562,
        "median": 1.69308900833,
        "min": -1.62789583206,
        "stdev": 5.23105716705,
        "var": 27.3639583588
    },
    "erbbands_skewness": {
        "dmean": 0.444637030363,
        "dmean2": 0.662064015865,
        "dvar": 0.254078298807,
        "dvar2": 0.483010441065,
        "max": 5.21345710754,
        "mean": 1.12612247467,
        "median": 0.99550807476,
        "min": -3.50271701813,
        "stdev": 1.04232561588,
        "var": 1.08644270897
    },
    "erbbands_spread": {
        "dmean": 2.26415348053,
        "dmean2": 3.41963148117,
        "dvar": 5.26217269897,
        "dvar2": 10.4785633087,
        "max": 39.8760681152,
        "mean": 11.2032403946,
        "median": 10.4231500626,
        "min": 0.595285832882,
        "stdev": 6.011759758,
        "var": 36.141254425
    },
    "hfc": {
        "dmean": 3.33554792404,
        "dmean2": 4.64271640778,
        "dvar": 37.5871238708,
        "dvar2": 79.4647674561,
        "max": 133.266372681,
        "mean": 10.1499767303,
        "median": 7.72684955597,
        "min": 1.10311165364e-16,
        "stdev": 10.6148309708,
        "var": 112.674629211
    },
    "loudness_ebu128": {
        "integrated": -20.4299640656,
        "loudness_range": 6.04753303528,
        "momentary": {
            "dmean": 0.808988451958,
            "dmean2": 0.935851693153,
            "dvar": 1.19563627243,
            "dvar2": 1.12174141407,
            "max": -14.3657627106,
            "mean": -21.6500663757,
            "median": -21.0564365387,
            "min": -48.8763656616,
            "stdev": 3.84786653519,
            "var": 14.8060770035
        },
        "short_term": {
            "dmean": 0.133844450116,
            "dmean2": 0.14772118628,
            "dvar": 0.0294760819525,
            "dvar2": 0.0355666317046,
            "max": -16.4033622742,
            "mean": -20.9136180878,
            "median": -20.879776001,
            "min": -25.2668933868,
            "stdev": 1.9333947897,
            "var": 3.73801541328
        }
    },
    "melbands_crest": {
        "dmean": 3.20916104317,
        "dmean2": 5.02870368958,
        "dvar": 9.28892326355,
        "dvar2": 20.2196846008,
        "max": 32.9338302612,
        "mean": 16.9033699036,
        "median": 16.0228824615,
        "min": 3.31318616867,
        "stdev": 5.68542337418,
        "var": 32.3240394592
    },
    "melbands_flatness_db": {
        "dmean": 0.0260333456099,
        "dmean2": 0.0404649488628,
        "dvar": 0.000639967911411,
        "dvar2": 0.00136666861363,
        "max": 0.584701299667,
        "mean": 0.422006100416,
        "median": 0.42080873251,
        "min": 0.00841196253896,
        "stdev": 0.0529038570821,
        "var": 0.00279881828465
    },
    "melbands_kurtosis": {
        "dmean": 4.17878627777,
        "dmean2": 6.44024181366,
        "dvar": 41.1706008911,
        "dvar2": 92.2247161865,
        "max": 76.9665145874,
        "mean": 8.71566677094,
        "median": 5.63958644867,
        "min": -1.52063274384,
        "stdev": 9.75239658356,
        "var": 95.1092300415
    },
    "melbands_skewness": {
        "dmean": 0.530737817287,
        "dmean2": 0.79668533802,
        "dvar": 0.308596938848,
        "dvar2": 0.608891129494,
        "max": 6.07292318344,
        "mean": 1.63635516167,
        "median": 1.69596540928,
        "min": -4.76942062378,
        "stdev": 1.4038476944,
        "var": 1.97078835964
    },
    "melbands_spread": {
        "dmean": 1.83057367802,
        "dmean2": 2.67545843124,
        "dvar": 10.6957807541,
        "dvar2": 11.6453428268,
        "max": 151.191436768,
        "mean": 7.28802108765,
        "median": 6.59364414215,
        "min": 0.778829753399,
        "stdev": 5.26055669785,
        "var": 27.673456192
    },
    "pitch_salience": {
        "dmean": 0.0730827003717,
        "dmean2": 0.116599522531,
        "dvar": 0.00497063202783,
        "dvar2": 0.0119076194242,
        "max": 0.910864949226,
        "mean": 0.503070831299,
        "median": 0.508283078671,
        "min": 0.0984470397234,
        "stdev": 0.120012789965,
        "var": 0.0144030703232
    },
    "silence_rate_20dB": {
        "dmean": 0,
        "dmean2": 0,
        "dvar": 0,
        "dvar2": 0,
        "max": 1,
        "mean": 1,
        "median": 1,
        "min": 1,
        "stdev": 0,
        "var": 0
    },
    "silence_rate_30dB": {
        "dmean": 0.00618238002062,
        "dmean2": 0.0123711340129,
        "dvar": 0.0061441231519,
        "dvar2": 0.0132488291711,
        "max": 1,
        "mean": 0.989701330662,
        "median": 1,
        "min": 0,
        "stdev": 0.100959978998,
        "var": 0.0101929176599
    },
    "silence_rate_60dB": {
        "dmean": 0.0340030901134,
        "dmean2": 0.0680412352085,
        "dvar": 0.0328466370702,
        "dvar2": 0.0706290081143,
        "max": 1,
        "mean": 0.0988671481609,
        "median": 0,
        "min": 0,
        "stdev": 0.298486769199,
        "var": 0.0890943557024
    },
    "spectral_centroid": {
        "dmean": 54.2377815247,
        "dmean2": 75.7199172974,
        "dvar": 32513.3867188,
        "dvar2": 16210.5400391,
        "max": 11098.8232422,
        "mean": 558.134643555,
        "median": 534.997680664,
        "min": 276.617248535,
        "stdev": 285.293579102,
        "var": 81392.421875
    },
    "spectral_complexity": {
        "dmean": 1.5785677433,
        "dmean2": 2.4886598587,
        "dvar": 2.22321438789,
        "dvar2": 4.74265575409,
        "max": 25,
        "mean": 10.1812562943,
        "median": 10,
        "min": 0,
        "stdev": 4.33176803589,
        "var": 18.7642154694
    },
    "spectral_decrease": {
        "dmean": 1.8920323086e-09,
        "dmean2": 2.7385107515e-09,
        "dvar": 1.4481373229e-17,
        "dvar2": 3.12525709907e-17,
        "max": -7.05666328857e-29,
        "mean": -5.33737365416e-09,
        "median": -3.77359477e-09,
        "min": -8.17563119426e-08,
        "stdev": 6.29016438936e-09,
        "var": 3.95661695895e-17
    },
    "spectral_energy": {
        "dmean": 0.00743340887129,
        "dmean2": 0.0107466056943,
        "dvar": 0.000222229777137,
        "dvar2": 0.000479111913592,
        "max": 0.320654809475,
        "mean": 0.0210651177913,
        "median": 0.0149902179837,
        "min": 1.02718852258e-20,
        "stdev": 0.0246838051826,
        "var": 0.000609290204011
    },
    "spectral_energyband_high": {
        "dmean": 1.06209586193e-06,
        "dmean2": 1.53266250891e-06,
        "dvar": 7.90947515816e-12,
        "dvar2": 1.52868204206e-11,
        "max": 4.79525442643e-05,
        "mean": 2.25199187298e-06,
        "median": 7.1026158821e-07,
        "min": 7.55131242495e-21,
        "stdev": 4.40160192738e-06,
        "var": 1.93741012816e-11
    },
    "spectral_energyband_low": {
        "dmean": 0.000578464358114,
        "dmean2": 0.000950559799094,
        "dvar": 2.13703378904e-06,
        "dvar2": 6.10762981523e-06,
        "max": 0.0215880796313,
        "mean": 0.00107683369424,
        "median": 9.1959227575e-05,
        "min": 1.67160875372e-22,
        "stdev": 0.00240667979233,
        "var": 5.79210791329e-06
    },
    "spectral_energyband_middle_high": {
        "dmean": 0.000811969803181,
        "dmean2": 0.00109283113852,
        "dvar": 2.69957013188e-06,
        "dvar2": 4.82106133859e-06,
        "max": 0.0306210890412,
        "mean": 0.00214904290624,
        "median": 0.00129582593217,
        "min": 1.44417202632e-21,
        "stdev": 0.00291637307964,
        "var": 8.50523156259e-06
    },
    "spectral_energyband_middle_low": {
        "dmean": 0.00689841760322,
        "dmean2": 0.010007455945,
        "dvar": 0.000215871274122,
        "dvar2": 0.000463879259769,
        "max": 0.310850948095,
        "mean": 0.0185393150896,
        "median": 0.0126734953374,
        "min": 3.05486701091e-22,
        "stdev": 0.0238885655999,
        "var": 0.000570663542021
    },
    "spectral_entropy": {
        "dmean": 0.20519579947,
        "dmean2": 0.320395261049,
        "dvar": 0.0495175942779,
        "dvar2": 0.108696095645,
        "max": 9.81308078766,
        "mean": 5.91123437881,
        "median": 5.93462228775,
        "min": 4.48950386047,
        "stdev": 0.41714861989,
        "var": 0.174012959003
    },
    "spectral_flux": {
        "dmean": 0.0244023110718,
        "dmean2": 0.04046189785,
        "dvar": 0.000959038443398,
        "dvar2": 0.00249688792974,
        "max": 0.396073251963,
        "mean": 0.0515910834074,
        "median": 0.0425722263753,
        "min": 1.01350310089e-10,
        "stdev": 0.0371223092079,
        "var": 0.00137806590647
    },
    "spectral_kurtosis": {
        "dmean": 25.9290866852,
        "dmean2": 45.6788291931,
        "dvar": 469.635345459,
        "dvar2": 1375.78479004,
        "max": 184.004348755,
        "mean": 57.6006889343,
        "median": 54.8852310181,
        "min": -1.22854483128,
        "stdev": 31.9389514923,
        "var": 1020.09667969
    },
    "spectral_rms": {
        "dmean": 0.00071987422416,
        "dmean2": 0.00100469077006,
        "dvar": 8.0789192225e-07,
        "dvar2": 1.59277556122e-06,
        "max": 0.017687112093,
        "mean": 0.00405234377831,
        "median": 0.00382421258837,
        "min": 3.1656517685e-12,
        "stdev": 0.00203220313415,
        "var": 4.12984945797e-06
    },
    "spectral_rolloff": {
        "dmean": 94.5415496826,
        "dmean2": 154.317092896,
        "dvar": 163447.65625,
        "dvar2": 168846.390625,
        "max": 18389.3554688,
        "mean": 679.881408691,
        "median": 602.9296875,
        "min": 236.865234375,
        "stdev": 455.742950439,
        "var": 207701.640625
    },
    "spectral_skewness": {
        "dmean": 1.62373554707,
        "dmean2": 2.91351628304,
        "dvar": 1.57942140102,
        "dvar2": 4.74180603027,
        "max": 10.6800575256,
        "mean": 4.89526176453,
        "median": 4.77405166626,
        "min": -0.0159815624356,
        "stdev": 1.8074516058,
        "var": 3.26688122749
    },
    "spectral_spread": {
        "dmean": 314995,
        "dmean2": 558384.9375,
        "dvar": 1.28942394573e+12,
        "dvar2": 2.66763003494e+12,
        "max": 49669072,
        "mean": 1206038.375,
        "median": 1113861,
        "min": 472757.4375,
        "stdev": 1532711.75,
        "var": 2.34920529101e+12
    },
    "spectral_strongpeak": {
        "dmean": 0.519720733166,
        "dmean2": 0.808798849583,
        "dvar": 0.452531158924,
        "dvar2": 1.02743411064,
        "max": 8.15430355072,
        "mean": 1.40455651283,
        "median": 1.09614419937,
        "min": 0,
        "stdev": 1.10873222351,
        "var": 1.22928726673
    },
    "zerocrossingrate": {
        "dmean": 0.0026612712536,
        "dmean2": 0.00340991467237,
        "dvar": 0.000102817924926,
        "dvar2": 0.000191139479284,
        "max": 0.49365234375,
        "mean": 0.0267767701298,
        "median": 0.02587890625,
        "min": 0.01123046875,
        "stdev": 0.0158558636904,
        "var": 0.000251408433542
    },
    "barkbands": {
        "dmean": [9.31698650675e-06, 4.41915944975e-05, 0.000316443503834, 0.000512347847689, 0.00119605148211, 0.00433408422396, 0.0009653090965, 0.00129571172874, 0.000389060209272, 0.00052602274809, 0.000175431603566, 0.000136876653414, 0.000110537890578, 7.43640048313e-05, 7.81931303209e-05, 3.19495011354e-05, 1.32674304041e-05, 9.10833296075e-06, 4.64084905616e-06, 1.30778971652e-06, 4.50964478205e-07, 1.13428214377e-07, 1.9839710319e-08, 3.50917495062e-09, 1.68989922056e-09, 6.80672362918e-09, 9.39848976422e-10],
        "dmean2": [1.68414626387e-05, 7.26875732653e-05, 0.000506148207933, 0.00085527455667, 0.00186226912774, 0.00636938214302, 0.00140295526944, 0.00188600376714, 0.000498762412462, 0.000702814140823, 0.000254287704593, 0.000214863102883, 0.00016137221246, 0.00010928674601, 0.000111592664325, 4.65519224235e-05, 2.08820874832e-05, 1.29582303998e-05, 5.74089654037e-06, 1.94038193513e-06, 6.4033218905e-07, 1.70902836771e-07, 2.80232583805e-08, 5.6131601589e-09, 2.89334445291e-09, 1.21230838701e-08, 1.73675673842e-09],
        "dvar": [6.76778522113e-10, 1.6921694268e-08, 8.93955359516e-07, 1.47744617607e-06, 5.83335940973e-06, 0.000184303760761, 3.10740551868e-06, 7.16459999239e-06, 5.61825515888e-07, 1.7141474018e-06, 9.33478645493e-07, 7.30547498051e-08, 7.77317126222e-08, 1.52669645814e-08, 3.41134303028e-08, 3.08075454036e-09, 5.02664854185e-10, 5.18813714212e-10, 1.45371534255e-10, 1.3677253774e-11, 2.63613068006e-12, 2.51945410064e-13, 6.77647745385e-15, 1.10315175535e-16, 2.65871648024e-17, 1.08559194179e-15, 2.33862756848e-18],
        "dvar2": [2.38940933706e-09, 4.3075765177e-08, 2.47373122875e-06, 4.43248245574e-06, 1.36955231937e-05, 0.000410616892623, 6.37263110548e-06, 1.46429883898e-05, 7.54206837428e-07, 2.83885538011e-06, 1.94084850591e-06, 1.91423268348e-07, 1.68882749563e-07, 3.58388518862e-08, 6.74646400967e-08, 6.07484684778e-09, 1.20510101898e-09, 9.73031322182e-10, 1.98177724231e-10, 2.88762260631e-11, 4.96714518475e-12, 5.15156981743e-13, 1.19616612148e-14, 2.57143479737e-16, 6.66578467368e-17, 2.90613171379e-15, 6.81936051513e-18],
        "max": [0.000357755925506, 0.00397794879973, 0.0142522519454, 0.0145940901712, 0.0356639102101, 0.263064563274, 0.0290723927319, 0.0352382101119, 0.017944149673, 0.0283493828028, 0.0268702674657, 0.00464361067861, 0.00585547229275, 0.00162436545361, 0.00360928522423, 0.00110204156954, 0.000364945997717, 0.000679260701872, 0.000406931561884, 8.43566667754e-05, 3.81766440114e-05, 1.21685952763e-05, 2.22528547056e-06, 1.79529195066e-07, 1.51998634124e-07, 5.59920636078e-07, 3.23687423531e-08],
        "mean": [9.42817587202e-06, 7.43138880352e-05, 0.000576514401473, 0.000849172298331, 0.00243612355553, 0.00771025381982, 0.00232745055109, 0.00373006169684, 0.000965545710642, 0.00115140865091, 0.000321812025504, 0.000288536539301, 0.000205424192245, 0.000159749513841, 0.000134131521918, 6.35692340438e-05, 2.88271075988e-05, 1.96297805815e-05, 9.73173609964e-06, 2.40731765189e-06, 8.35043579173e-07, 1.66235565757e-07, 3.202768184e-08, 5.01387331653e-09, 1.8294823434e-09, 4.63691884889e-09, 7.29636073782e-10],
        "median": [3.14241106025e-06, 1.94586755242e-05, 1.67092766787e-05, 8.40915017761e-05, 0.000905301363673, 0.00181146897376, 0.00108064699452, 0.0011118366383, 0.000457227550214, 0.000413803849369, 9.65087092482e-05, 0.000139802548802, 5.87973117945e-05, 9.4491893833e-05, 6.07549591223e-05, 3.00833016809e-05, 1.63691529451e-05, 8.54891277413e-06, 3.20913159157e-06, 7.84734766057e-07, 1.300028174e-07, 2.31764794023e-08, 5.44027312088e-09, 1.96491267701e-09, 5.65081537118e-10, 2.96635549457e-10, 2.26788435254e-10],
        "min": [3.00477181908e-23, 1.12765343995e-22, 1.33894323853e-23, 4.77296377954e-23, 5.22873858049e-23, 2.46215100552e-23, 1.11953711831e-23, 1.77859451145e-23, 1.37386702589e-22, 9.15446006803e-23, 4.23235329911e-23, 4.62904525817e-23, 1.22605165786e-22, 1.81319414008e-22, 1.13503427501e-22, 1.74733018673e-22, 1.34784698535e-22, 1.68536951713e-22, 2.31991900566e-22, 2.65007736311e-22, 3.87874324291e-22, 6.42600691274e-22, 5.64448632668e-22, 9.03398762872e-22, 1.23540737149e-21, 1.84568309247e-21, 2.02982751204e-21],
        "stdev": [2.53314938163e-05, 0.000204277355806, 0.00167540623806, 0.00172487925738, 0.00420257681981, 0.0199074540287, 0.00333340745419, 0.00548418145627, 0.00155502266716, 0.00237529003061, 0.00132689671591, 0.000420745054726, 0.000430174433859, 0.000194682113943, 0.000255876599113, 9.45338761085e-05, 3.69082226825e-05, 3.50348273059e-05, 2.25424500968e-05, 5.05949810758e-06, 2.50356879405e-06, 6.27098188488e-07, 1.10902860229e-07, 1.17627347862e-08, 5.42666134251e-09, 2.70146003345e-08, 1.46055534334e-09],
        "var": [6.41684538838e-10, 4.17292369548e-08, 2.80698600363e-06, 2.97520841741e-06, 1.76616522367e-05, 0.000396306742914, 1.11116050903e-05, 3.0076245821e-05, 2.41809539148e-06, 5.64200263398e-06, 1.76065498181e-06, 1.77026393544e-07, 1.85050041068e-07, 3.7901124017e-08, 6.54728324889e-08, 8.93665408341e-09, 1.36221700586e-09, 1.2274390393e-09, 5.0816206798e-10, 2.55985233011e-11, 6.26785645955e-12, 3.93252162605e-13, 1.22994444016e-14, 1.38361931961e-16, 2.94486555108e-17, 7.29788658399e-16, 2.13322187198e-18]
    },
    "erbbands": {
        "dmean": [0.000960333039984, 0.0136946151033, 0.220879048109, 1.18457579613, 2.45182800293, 4.41132974625, 8.69423484802, 46.258895874, 26.362613678, 16.3569450378, 28.3967208862, 8.87645053864, 15.2222976685, 14.1191215515, 6.73109006882, 6.25123786926, 5.83129262924, 3.91722822189, 4.34501743317, 2.13255357742, 1.50740098953, 0.63305324316, 0.540258169174, 0.329765617847, 0.198285728693, 0.0697390288115, 0.0222636386752, 0.0143205095083, 0.00503079267219, 0.00148164876737, 0.000528828706592, 0.000119618525787, 4.36956361227e-05, 2.61020850303e-05, 9.96550352284e-06, 1.5304371118e-05, 2.11424885492e-05, 1.23812094444e-06, 3.52968777406e-06, 8.32376372273e-06],
        "dmean2": [0.00159485428594, 0.0223121233284, 0.354044497013, 1.9803814888, 3.81616163254, 6.88251781464, 13.1592998505, 68.0526885986, 39.7301826477, 22.4491500854, 41.7046432495, 11.9276838303, 19.41248703, 18.9422092438, 9.6185426712, 9.84775924683, 8.4222536087, 5.72915124893, 6.02973365784, 3.23233532906, 2.26685976982, 0.970710396767, 0.768655061722, 0.439612478018, 0.248061463237, 0.102052807808, 0.0309693682939, 0.0204882770777, 0.00731027079746, 0.002132010879, 0.000705403916072, 0.00018312264001, 7.02598990756e-05, 4.3252704927e-05, 1.60732652148e-05, 2.64399186563e-05, 3.6499586713e-05, 2.02037404051e-06, 5.07483991896e-06, 1.20140111903e-05],
        "dvar": [2.54752853834e-06, 0.00166439614259, 0.403668135405, 7.42245531082, 32.3029289246, 102.110229492, 266.746520996, 23825.4511719, 4854.07666016, 1091.29284668, 4611.96875, 208.292541504, 1032.90393066, 2174.64672852, 1148.22900391, 158.281829834, 205.818740845, 44.4306373596, 113.78314209, 14.4364328384, 8.89549732208, 1.21152150631, 2.02079987526, 0.770790994167, 0.226424977183, 0.0365059152246, 0.00399948470294, 0.00380068505183, 0.000476963294204, 3.54239273292e-05, 5.88083366893e-06, 1.65385628748e-07, 1.40972931106e-08, 8.94116691796e-09, 3.63441665652e-10, 3.38434902325e-09, 1.01283950116e-08, 1.26479451912e-11, 4.88140049215e-11, 2.7638419331e-10],
        "dvar2": [6.3581555878e-06, 0.00427153334022, 1.07868075371, 21.9456577301, 79.7592926025, 246.433853149, 641.078979492, 51697.9179688, 11283.9941406, 1880.75024414, 9663.02246094, 335.180145264, 1646.75061035, 3421.89355469, 2414.34838867, 432.149688721, 436.09072876, 101.655036926, 224.297637939, 35.327167511, 18.4583702087, 2.66902804375, 3.87044882774, 1.08912503719, 0.349464535713, 0.0814221575856, 0.00748155498877, 0.00749153411016, 0.0010091366712, 7.34743516659e-05, 1.04802957139e-05, 3.55248374717e-07, 3.21210045229e-08, 2.36296902045e-08, 8.37553026933e-10, 9.31846866337e-09, 2.70196967023e-08, 3.19671858429e-11, 1.04253890243e-10, 5.94953586397e-10],
        "max": [0.0392536297441, 1.13741183281, 11.0449304581, 33.4516448975, 102.556152344, 138.658477783, 217.915725708, 3095.98217773, 1638.04467773, 580.010803223, 959.225769043, 300.75378418, 725.194091797, 1094.74035645, 954.157287598, 232.937362671, 309.785827637, 105.753364563, 221.472198486, 78.2130966187, 54.7213134766, 19.1172389984, 45.4502487183, 28.1974124908, 14.0184936523, 4.6458902359, 1.3673286438, 1.56158208847, 0.573819994926, 0.136481434107, 0.0741775855422, 0.0084958197549, 0.00223511829972, 0.0029875182081, 0.000565383816138, 0.000887219968718, 0.001705297851, 7.39110255381e-05, 0.000151250816998, 0.000358186080121],
        "mean": [0.00159648212139, 0.0267357118428, 0.429561018944, 2.0799741745, 4.2414560318, 8.63333511353, 19.0142879486, 77.7534790039, 53.5520591736, 43.2070426941, 83.9304885864, 26.303735733, 37.2233963013, 28.2326087952, 13.3050088882, 13.7457876205, 11.5609474182, 8.83680915833, 8.00713157654, 4.27241134644, 2.9870429039, 1.58416330814, 1.19647610188, 0.709945678711, 0.413137257099, 0.136923253536, 0.0446119606495, 0.0260520074517, 0.00801566522568, 0.00241387449205, 0.000817763153464, 0.000188367979717, 7.54673455958e-05, 4.0888935473e-05, 2.09194331546e-05, 1.99936603167e-05, 1.9805802367e-05, 2.09321410694e-06, 1.01957821244e-05, 2.37281728914e-05],
        "median": [0.000669260160066, 0.00518649583682, 0.0231604557484, 0.215769708157, 1.14228320122, 2.66912150383, 8.0492401123, 12.7036685944, 17.3423614502, 17.8493709564, 22.1902942657, 14.8896980286, 16.3809280396, 9.0946521759, 5.49900054932, 7.20921039581, 4.33265113831, 5.33666992188, 3.73698663712, 2.43472146988, 1.36972117424, 0.908542275429, 0.574963092804, 0.297980606556, 0.122661538422, 0.0511294864118, 0.0133369900286, 0.00414027925581, 0.00111767498311, 0.000420133990701, 0.000153797009261, 7.19831514289e-05, 3.69930639863e-05, 1.99983005587e-05, 1.41293057823e-05, 9.95403388515e-06, 5.78544495511e-06, 1.30191278913e-06, 7.29436760594e-06, 1.69285485754e-05],
        "min": [4.1995628504e-21, 2.10876320109e-20, 2.6776608679e-20, 8.49884975534e-20, 1.92153707329e-19, 1.58867015977e-19, 1.83329499651e-19, 1.84231449636e-19, 2.38711787827e-19, 1.91696341074e-19, 1.0476027391e-18, 3.53124478834e-18, 2.28976869804e-18, 1.99137094348e-18, 2.12942283822e-18, 2.00105267896e-18, 5.91526285896e-18, 8.28892131958e-18, 6.33771971422e-18, 9.42044814928e-18, 8.69812425989e-18, 7.59434603103e-18, 9.17415512189e-18, 9.81975883664e-18, 1.21971131402e-17, 1.22441681366e-17, 1.6318887131e-17, 1.37230529209e-17, 2.39932173913e-17, 1.85803046271e-17, 1.6038750836e-17, 1.77268097449e-17, 1.47415430383e-17, 1.04764864763e-17, 1.04222259096e-17, 7.14998377879e-18, 3.50482546675e-18, 1.18387816008e-18, 2.62218167034e-19, 3.09305610812e-20],
        "stdev": [0.0030332156457, 0.0643761083484, 1.16874265671, 4.05783748627, 8.39988803864, 16.8508281708, 29.4009628296, 224.888412476, 106.899337769, 69.0890426636, 135.882141113, 32.4115104675, 60.265335083, 78.9924163818, 46.1804580688, 19.5711898804, 22.415397644, 10.692073822, 14.746720314, 5.52452945709, 4.72782802582, 2.04347062111, 2.09359073639, 1.52125239372, 0.884368419647, 0.247726738453, 0.0960877239704, 0.0907219201326, 0.0282861851156, 0.00756955891848, 0.00319443223998, 0.000476225890452, 0.000150597872562, 9.76771698333e-05, 2.73636560451e-05, 4.86837634526e-05, 8.35309983813e-05, 3.49595143234e-06, 1.17084437079e-05, 2.7601927286e-05],
        "var": [9.20039656194e-06, 0.00414428301156, 1.36595928669, 16.4660453796, 70.5581207275, 283.950439453, 864.416564941, 50574.796875, 11427.4677734, 4773.29589844, 18463.9570312, 1050.50610352, 3631.91064453, 6239.80126953, 2132.63476562, 383.031463623, 502.450042725, 114.3204422, 217.465759277, 30.5204238892, 22.352355957, 4.17577219009, 4.38312244415, 2.31420898438, 0.78210747242, 0.0613685399294, 0.00923285074532, 0.00823046732694, 0.000800108304247, 5.72982207814e-05, 1.02043977677e-05, 2.26791087243e-07, 2.26797212122e-08, 9.54082945981e-09, 7.48769712899e-10, 2.37010899795e-09, 6.97742796874e-09, 1.22216767956e-11, 1.37087660668e-10, 7.61866347787e-10]
    },
    "gfcc": {
        "mean": [-184.029815674, 226.499649048, -165.276412964, -43.1876945496, -32.1840400696, -48.062789917, -21.2863407135, -16.1054534912, -8.54043579102, -9.09703063965, -2.74946022034, -11.5274963379, -1.41790449619],
        "cov": [[6536.4375, 482.646942139, -557.105651855, 344.209747314, -174.375595093, -473.25982666, 4.04443597794, -352.741424561, -177.672073364, -160.913604736, -212.530044556, -157.801727295, -266.77935791], [482.646942139, 447.08480835, 134.255325317, 11.187122345, 157.232788086, 11.0165691376, -30.2437496185, -65.9933013916, -98.1817169189, -135.261947632, -86.3351593018, -76.91355896, -20.1212482452], [-557.105651855, 134.255325317, 421.349914551, 84.5023651123, 69.7557525635, 134.700592041, -46.2960586548, 10.5698871613, -43.1865196228, -82.2148895264, -75.4478302002, -18.1502685547, 13.816781044], [344.209747314, 11.187122345, 84.5023651123, 464.259277344, -0.313688695431, 132.086547852, 63.4601631165, -70.590927124, -15.9220285416, -79.0482254028, -111.372886658, -116.129699707, -82.2258911133], [-174.375595093, 157.232788086, 69.7557525635, -0.313688695431, 174.24331665, 61.9794387817, 6.03463602066, 13.1161727905, -44.7908248901, -47.5904922485, -31.8308944702, -31.7210521698, -12.6756515503], [-473.25982666, 11.0165691376, 134.700592041, 132.086547852, 61.9794387817, 272.204803467, 98.881690979, 22.6305980682, -9.98337650299, -80.7252807617, -85.7115402222, -51.4144935608, 4.00196695328], [4.04443597794, -30.2437496185, -46.2960586548, 63.4601631165, 6.03463602066, 98.881690979, 230.352233887, 90.734588623, 58.3806152344, -4.3733086586, -85.3372573853, -71.0225219727, -52.5015106201], [-352.741424561, -65.9933013916, 10.5698871613, -70.590927124, 13.1161727905, 22.6305980682, 90.734588623, 172.407073975, 95.6596450806, 60.7389602661, 7.6127743721, -19.6253433228, -25.6392440796], [-177.672073364, -98.1817169189, -43.1865196228, -15.9220285416, -44.7908248901, -9.98337650299, 58.3806152344, 95.6596450806, 137.174438477, 92.6356582642, 33.4373016357, 4.29589748383, -15.2182998657], [-160.913604736, -135.261947632, -82.2148895264, -79.0482254028, -47.5904922485, -80.7252807617, -4.3733086586, 60.7389602661, 92.6356582642, 169.864456177, 112.780273438, 51.4777297974, 6.54597663879], [-212.530044556, -86.3351593018, -75.4478302002, -111.372886658, -31.8308944702, -85.7115402222, -85.3372573853, 7.6127743721, 33.4373016357, 112.780273438, 182.238098145, 110.207565308, 57.9250946045], [-157.801727295, -76.91355896, -18.1502685547, -116.129699707, -31.7210521698, -51.4144935608, -71.0225219727, -19.6253433228, 4.29589748383, 51.4777297974, 110.207565308, 173.105209351, 101.123832703], [-266.77935791, -20.1212482452, 13.816781044, -82.2258911133, -12.6756515503, 4.00196695328, -52.5015106201, -25.6392440796, -15.2182998657, 6.54597663879, 57.9250946045, 101.123832703, 138.695571899]],
        "icov": [[0.000386946339859, -0.000897269754205, 0.000714771973435, -0.000469110091217, 0.000884799985215, 0.000370260910131, 7.91717102402e-05, -0.000164548779139, 0.000576029182412, -0.000364516599802, 0.000804176728707, -0.000807965698186, 0.000668172084261], [-0.000897269754205, 0.008051302284, -0.00375030143186, 0.00219484511763, -0.00711204390973, 0.00215249462053, -0.00201109447517, 0.0042802314274, -0.00365254213102, 0.00517548946664, -0.00365990656428, 0.00513226166368, -0.00242362357676], [0.000714771973435, -0.00375030143186, 0.0062144221738, -0.00204169470817, 0.00297086290084, -0.00235530361533, 0.00411727745086, -0.00445619784296, 0.00290361628868, -0.0025321750436, 0.00488172797486, -0.00390190049075, 0.00131972227246], [-0.000469110091217, 0.00219484511763, -0.00204169470817, 0.00474747922271, -0.00147592031863, -0.00136551749893, -0.00131189893, 0.00458253733814, -0.00303318025544, 0.00160516565666, -0.00167693919502, 0.00304465321824, 0.00076098140562], [0.000884799985215, -0.00711204390973, 0.00297086290084, -0.00147592031863, 0.0141398357227, -0.00329270819202, 0.00216020504013, -0.00602714205161, 0.00704106548801, -0.00404800195247, 0.00262290099636, -0.00370064307936, 0.00315634277649], [0.000370260910131, 0.00215249462053, -0.00235530361533, -0.00136551749893, -0.00329270819202, 0.00955926906317, -0.00462307408452, 0.00174680212513, -0.00157202780247, 0.00453589158133, -0.00146447611041, 0.00185864651576, -0.00268439063802], [7.91717102402e-05, -0.00201109447517, 0.00411727745086, -0.00131189893, 0.00216020504013, -0.00462307408452, 0.0117802508175, -0.00670285383239, 0.000617042765953, -0.00340038631111, 0.0071073397994, -0.00244040414691, 0.00126278866082], [-0.000164548779139, 0.0042802314274, -0.00445619784296, 0.00458253733814, -0.00602714205161, 0.00174680212513, -0.00670285383239, 0.0191367529333, -0.0112981945276, 0.00280905724503, -0.00425288686529, 0.00496789161116, 0.000646030297503], [0.000576029182412, -0.00365254213102, 0.00290361628868, -0.00303318025544, 0.00704106548801, -0.00157202780247, 0.000617042765953, -0.0112981945276, 0.0224390625954, -0.0108979530632, 0.00394280347973, -0.00361042842269, 0.00128662656061], [-0.000364516599802, 0.00517548946664, -0.0025321750436, 0.00160516565666, -0.00404800195247, 0.00453589158133, -0.00340038631111, 0.00280905724503, -0.0108979530632, 0.0220883507282, -0.0123181091622, 0.00376718863845, 0.000144450066728], [0.000804176728707, -0.00365990656428, 0.00488172797486, -0.00167693919502, 0.00262290099636, -0.00146447611041, 0.0071073397994, -0.00425288686529, 0.00394280347973, -0.0123181091622, 0.0213723778725, -0.00949669443071, 0.000733644643333], [-0.000807965698186, 0.00513226166368, -0.00390190049075, 0.00304465321824, -0.00370064307936, 0.00185864651576, -0.00244040414691, 0.00496789161116, -0.00361042842269, 0.00376718863845, -0.00949669443071, 0.0188949927688, -0.00939727108926], [0.000668172084261, -0.00242362357676, 0.00131972227246, 0.00076098140562, 0.00315634277649, -0.00268439063802, 0.00126278866082, 0.000646030297503, 0.00128662656061, 0.000144450066728, 0.000733644643333, -0.00939727108926, 0.0161062534899]]
    },
    "melbands": {
        "dmean": [1.0484143786e-05, 9.34221679927e-05, 0.000233876460698, 0.000226538104471, 0.00027499551652, 0.000969534274191, 0.000385008170269, 0.000184187141713, 0.000211413062061, 5.23219459865e-05, 7.64986252761e-05, 5.99451741436e-05, 2.63593756245e-05, 1.6682799469e-05, 1.38551449709e-05, 9.54537426878e-06, 7.28045370124e-06, 6.47203432891e-06, 4.52098265669e-06, 2.25419989874e-06, 1.83844099411e-06, 6.77264040405e-07, 7.0910073191e-07, 4.4577728886e-07, 2.68630515166e-07, 1.37010729873e-07, 9.55873744601e-08, 4.22383763521e-08, 1.33477984221e-08, 1.42906779743e-08, 6.51364429061e-09, 3.33479133197e-09, 1.38842071173e-09, 6.10665074063e-10, 3.85749737708e-10, 9.47117453909e-11, 6.365900862e-11, 2.84813474888e-11, 2.94908819587e-11, 1.80070246908e-11],
        "dmean2": [1.71925585164e-05, 0.000150622523506, 0.000381543592084, 0.000348211207893, 0.000425406586146, 0.0014262823388, 0.000577538623475, 0.000256936822552, 0.00030950672226, 6.74051116221e-05, 9.81861230684e-05, 8.11110439827e-05, 3.79468037863e-05, 2.6282201361e-05, 2.07444754778e-05, 1.38425857585e-05, 1.0657873645e-05, 9.03025920707e-06, 6.53938195683e-06, 3.40366796081e-06, 2.82634732685e-06, 1.07752919121e-06, 1.07675145955e-06, 6.32639341802e-07, 3.56116629519e-07, 1.73851077534e-07, 1.24280205682e-07, 6.4772429198e-08, 1.90211419948e-08, 2.04943191306e-08, 9.37420807645e-09, 4.95290830571e-09, 2.04813810356e-09, 9.15362508014e-10, 5.09791597825e-10, 1.46713211024e-10, 1.00712847784e-10, 4.70963580634e-11, 5.01583184709e-11, 3.13363848758e-11],
        "dvar": [6.12078165929e-10, 6.60897612192e-08, 2.40617424652e-07, 2.0198541506e-07, 2.91940921215e-07, 9.93340017885e-06, 1.010102892e-06, 1.35168491511e-07, 2.59679694636e-07, 8.88092976936e-09, 2.60035086797e-08, 4.13461762605e-08, 2.3152932016e-08, 1.05829256469e-09, 7.44977524114e-10, 4.03681726935e-10, 1.52941354026e-10, 2.30045760219e-10, 8.82566797422e-11, 1.95623760246e-11, 1.44927490148e-11, 1.38475775985e-12, 2.7184443932e-12, 1.05287339177e-12, 5.96403460472e-13, 1.02423827069e-13, 4.77401965345e-14, 1.47061894184e-14, 1.43897684025e-15, 3.444523431e-15, 8.52905585496e-16, 1.95536801485e-16, 4.43558365038e-17, 6.32660033883e-18, 3.94493766501e-18, 9.82007368226e-20, 5.61130311611e-20, 6.87622560856e-21, 9.61967593105e-21, 6.58081105827e-21],
        "dvar2": [1.56224599923e-09, 1.80758874535e-07, 6.98837482105e-07, 4.9081444331e-07, 6.97652922099e-07, 2.18154655158e-05, 2.34026833823e-06, 2.44612408551e-07, 5.37658365829e-07, 1.23477681413e-08, 4.15711589596e-08, 6.44865849608e-08, 4.83697100151e-08, 2.73896083591e-09, 1.78839887344e-09, 8.36839597618e-10, 3.44702349997e-10, 4.62002852641e-10, 1.80457371268e-10, 4.17769985273e-11, 3.11985784429e-11, 3.57243770156e-12, 5.88471112117e-12, 2.00765792879e-12, 8.26507861717e-13, 1.70599889467e-13, 8.39566860044e-14, 3.37262532626e-14, 2.96448571935e-15, 6.22656375922e-15, 1.62495128827e-15, 4.25470049241e-16, 9.76626738253e-17, 1.32025271866e-17, 7.1173184164e-18, 2.02667935472e-19, 1.27307891335e-19, 1.56911703181e-20, 2.44115022061e-20, 1.81442309702e-20],
        "max": [0.000706591177732, 0.00402642786503, 0.00504775438458, 0.00579480594024, 0.00782292336226, 0.0617502331734, 0.0235030185431, 0.00755530642346, 0.00733724655584, 0.00198344327509, 0.00362459477037, 0.00477553764358, 0.00421224813908, 0.000507890013978, 0.000493674015161, 0.000424384867074, 0.000174619548488, 0.000318665785016, 0.000171809559106, 9.29457164602e-05, 6.76131239743e-05, 1.66006029758e-05, 4.32597807958e-05, 2.3889439035e-05, 2.55317372648e-05, 7.89301702753e-06, 5.28454302184e-06, 2.82769406112e-06, 7.92762534729e-07, 1.49744744249e-06, 6.76512570408e-07, 3.21968400385e-07, 1.49926975723e-07, 5.87896415993e-08, 6.66732091759e-08, 6.25131724163e-09, 5.04096764331e-09, 1.77391934475e-09, 1.50623369333e-09, 2.63584021276e-09],
        "mean": [1.80132210517e-05, 0.00018012333021, 0.000416593014961, 0.0004381716426, 0.000603108201176, 0.00166455772705, 0.000795573636424, 0.000491386454087, 0.000630070106126, 0.000139057272463, 0.000183110198122, 0.000114380527521, 4.81971619593e-05, 3.40325859725e-05, 2.96767266263e-05, 1.91088856809e-05, 1.59898336278e-05, 1.17542376756e-05, 8.18277294456e-06, 4.46693184131e-06, 3.34481137543e-06, 1.52975758283e-06, 1.38512461945e-06, 9.50314472448e-07, 5.42734539977e-07, 2.81627563936e-07, 1.87083415426e-07, 7.59737019962e-08, 2.46770728296e-08, 2.44080009537e-08, 1.20669980674e-08, 4.96337460021e-09, 2.02159466944e-09, 9.90515558463e-10, 5.50067713601e-10, 1.35441199922e-10, 8.41474320779e-11, 4.2796533678e-11, 3.29139875077e-11, 1.89980704779e-11],
        "median": [6.23672076472e-06, 1.21203947856e-05, 7.66391458455e-05, 0.000139126030263, 0.000250494747888, 0.000305216934066, 0.000279676401988, 0.000199678353965, 0.000166762940353, 7.50789331505e-05, 7.77179084253e-05, 3.23617532558e-05, 1.56530222739e-05, 1.65745805134e-05, 1.61407442647e-05, 8.04867886472e-06, 8.84227756615e-06, 5.62277091376e-06, 4.12609597333e-06, 1.74164847522e-06, 1.34915865146e-06, 8.24853600534e-07, 5.79099776132e-07, 3.6612209442e-07, 1.99281657842e-07, 8.28525656971e-08, 5.32798516417e-08, 2.56676457866e-08, 6.53396625694e-09, 3.53171847323e-09, 1.45795486794e-09, 6.07947581166e-10, 2.70834882299e-10, 1.51219287092e-10, 7.87203566222e-11, 4.14189967046e-11, 2.9632751114e-11, 1.86146081188e-11, 8.78052318354e-12, 5.2341191277e-12],
        "min": [3.55249845595e-23, 1.88527185612e-23, 1.83773241584e-23, 1.25735916483e-23, 6.05930135529e-24, 4.60372124539e-24, 3.10413452989e-24, 2.18299999188e-24, 1.336656173e-23, 2.01231837822e-23, 1.1551353344e-23, 8.98650858363e-24, 6.88766289262e-24, 4.7513656357e-24, 8.76359463562e-24, 1.37882646818e-23, 1.58852952039e-23, 1.04128053879e-23, 1.13708383031e-23, 1.1193069287e-23, 1.04263351413e-23, 6.84879492696e-24, 1.07288230665e-23, 6.34531431496e-24, 8.03041626625e-24, 9.78991845053e-24, 8.43264855322e-24, 7.74994623773e-24, 9.46730195043e-24, 1.12345783589e-23, 6.18138901886e-24, 1.33783851772e-23, 1.34882025038e-23, 9.66153291593e-24, 1.05451375936e-23, 7.34810128148e-24, 1.2563951768e-23, 1.09210329704e-23, 8.14276978068e-24, 9.24817059045e-24],
        "stdev": [4.30824475188e-05, 0.000457070535049, 0.000731283449568, 0.000728963466827, 0.000970788707491, 0.00460983812809, 0.00155030214228, 0.00077289447654, 0.00103960221168, 0.00020355367451, 0.000301881373161, 0.00034243814298, 0.00020723885973, 4.94195264764e-05, 4.3056676077e-05, 3.23331441905e-05, 2.06995973713e-05, 2.09758854908e-05, 1.33576613734e-05, 7.16790600563e-06, 5.83182600167e-06, 2.01204989025e-06, 2.40364488491e-06, 1.65841242961e-06, 1.32197362746e-06, 5.71217015022e-07, 3.86760234505e-07, 1.49971327801e-07, 5.31389403591e-08, 8.5260502658e-08, 4.74592383171e-08, 1.74105672102e-08, 8.24506152242e-09, 3.1754980867e-09, 2.5804867132e-09, 3.73593878056e-10, 2.50828996462e-10, 1.0257397709e-10, 9.97299187677e-11, 7.35853114553e-11],
