{
"lowlevel": {
    "average_loudness": 0.944769084454,
    "barkbands_crest": {
        "dmean": 2.31873130798,
        "dmean2": 3.77091836929,
        "dvar": 3.62588739395,
        "dvar2": 8.88684177399,
        "max": 24.0706043243,
        "mean": 8.90076732635,
        "median": 8.38212394714,
        "min": 2.65299081802,
        "stdev": 3.19851946831,
        "var": 10.2305269241
    },
    "barkbands_flatness_db": {
        "dmean": 0.0205729398876,
        "dmean2": 0.0316098332405,
        "dvar": 0.000371903966879,
        "dvar2": 0.000778727757279,
        "max": 0.403256595135,
        "mean": 0.113401256502,
        "median": 0.100667238235,
        "min": 0.0398029573262,
        "stdev": 0.0530819185078,
        "var": 0.00281769013964
    },
    "barkbands_kurtosis": {
        "dmean": 2.76313972473,
        "dmean2": 4.3336186409,
        "dvar": 31.3413009644,
        "dvar2": 65.4702682495,
        "max": 157.783325195,
        "mean": 3.4230659008,
        "median": 0.829134702682,
        "min": -1.65161263943,
        "stdev": 9.98255062103,
        "var": 99.6513137817
    },
    "barkbands_skewness": {
        "dmean": 0.542922198772,
        "dmean2": 0.850201070309,
        "dvar": 0.288559138775,
        "dvar2": 0.669963777065,
        "max": 10.5177669525,
        "mean": 1.50814306736,
        "median": 1.38166320324,
        "min": -1.56217932701,
        "stdev": 1.23467898369,
        "var": 1.5244320631
    },
    "barkbands_spread": {
        "dmean": 6.11777925491,
        "dmean2": 9.51801300049,
        "dvar": 28.6835002899,
        "dvar2": 64.3005142212,
        "max": 58.8677864075,
        "mean": 27.4733257294,
        "median": 28.164188385,
        "min": 0.551715910435,
        "stdev": 10.3920202255,
        "var": 107.994087219
    },
    "dissonance": {
        "dmean": 0.00989635381848,
        "dmean2": 0.0168998092413,
        "dvar": 7.37478330848e-05,
        "dvar2": 0.000204329466214,
        "max": 0.500000119209,
        "mean": 0.483862161636,
        "median": 0.486192673445,
        "min": 0.373422890902,
        "stdev": 0.0113880904391,
        "var": 0.00012968860392
    },
    "dynamic_complexity": 1.33590388298,
    "erbbands_crest": {
        "dmean": 1.68700921535,
        "dmean2": 2.82581877708,
        "dvar": 2.35172319412,
        "dvar2": 5.96006011963,
        "max": 22.1204662323,
        "mean": 6.63384962082,
        "median": 6.04643678665,
        "min": 2.92644119263,
        "stdev": 2.52857851982,
        "var": 6.39370918274
    },
    "erbbands_flatness_db": {
        "dmean": 0.012100385502,
        "dmean2": 0.0181736275554,
        "dvar": 0.000129298685351,
        "dvar2": 0.000264135072939,
        "max": 0.327772498131,
        "mean": 0.135794758797,
        "median": 0.126235201955,
        "min": 0.0729871913791,
        "stdev": 0.0373234339058,
        "var": 0.00139303866308
    },
    "erbbands_kurtosis": {
        "dmean": 0.531986832619,
        "dmean2": 0.871258497238,
        "dvar": 0.545731127262,
        "dvar2": 1.4068877697,
        "max": 13.2439136505,
        "mean": -0.489025861025,
        "median": -0.776666402817,
        "min": -1.72475910187,
        "stdev": 1.11199426651,
        "var": 1.23653137684
    },
    "erbbands_skewness": {
        "dmean": 0.306168854237,
        "dmean2": 0.481081396341,
        "dvar": 0.0762123391032,
        "dvar2": 0.178241044283,
        "max": 3.37391209602,
        "mean": -0.350895762444,
        "median": -0.438676029444,
        "min": -1.74869179726,
        "stdev": 0.556821107864,
        "var": 0.310049772263
    },
    "erbbands_spread": {
        "dmean": 7.38930749893,
        "dmean2": 11.8286190033,
        "dvar": 42.6612701416,
        "dvar2": 98.9096221924,
        "max": 82.4683227539,
        "mean": 47.3757476807,
        "median": 48.2281112671,
        "min": 10.4307289124,
        "stdev": 13.0326290131,
        "var": 169.849411011
    },
    "hfc": {
        "dmean": 4.87917661667,
        "dmean2": 7.48723173141,
        "dvar": 22.5982990265,
        "dvar2": 50.754901886,
        "max": 69.1176757812,
        "mean": 26.4031162262,
        "median": 25.559261322,
        "min": 4.63026380539,
        "stdev": 9.14887905121,
        "var": 83.7019805908
    },
    "loudness_ebu128": {
        "integrated": -16.3777618408,
        "loudness_range": 3.20022964478,
        "momentary": {
            "dmean": 0.272952288389,
            "dmean2": 0.345094412565,
            "dvar": 0.0468721352518,
            "dvar2": 0.0718054920435,
            "max": -14.3275604248,
            "mean": -16.6269016266,
            "median": -16.1358642578,
            "min": -21.7537765503,
            "stdev": 1.61657130718,
            "var": 2.61330270767
        },
        "short_term": {
            "dmean": 0.0410889200866,
            "dmean2": 0.0428659580648,
            "dvar": 0.00116116146091,
            "dvar2": 0.000947742024437,
            "max": -15.1581230164,
            "mean": -16.4592952728,
            "median": -15.9959793091,
            "min": -20.8952236176,
            "stdev": 1.26284658909,
            "var": 1.59478163719
        }
    },
    "melbands_crest": {
        "dmean": 3.42153692245,
        "dmean2": 5.63023710251,
        "dvar": 8.0379858017,
        "dvar2": 19.3733177185,
        "max": 30.9506053925,
        "mean": 14.8562393188,
        "median": 14.4586162567,
        "min": 5.02312660217,
        "stdev": 4.65632772446,
        "var": 21.6813869476
    },
    "melbands_flatness_db": {
        "dmean": 0.0264157261699,
        "dmean2": 0.0402250513434,
        "dvar": 0.000557308434509,
        "dvar2": 0.00121169479098,
        "max": 0.503845989704,
        "mean": 0.184118017554,
        "median": 0.173712491989,
        "min": 0.0550839975476,
        "stdev": 0.0614472813904,
        "var": 0.00377576821484
    },
    "melbands_kurtosis": {
        "dmean": 7.21098661423,
        "dmean2": 11.4743127823,
        "dvar": 124.790771484,
        "dvar2": 284.475708008,
        "max": 211.019775391,
        "mean": 14.0081367493,
        "median": 8.20893669128,
        "min": -1.59808719158,
        "stdev": 19.8914451599,
        "var": 395.669616699
    },
    "melbands_skewness": {
        "dmean": 0.77273774147,
        "dmean2": 1.228094697,
        "dvar": 0.564592063427,
        "dvar2": 1.32436680794,
        "max": 11.8924064636,
        "mean": 3.01440596581,
        "median": 2.83036231995,
        "min": -0.954872786999,
        "stdev": 1.58873808384,
        "var": 2.52408885956
    },
    "melbands_spread": {
        "dmean": 8.037525177,
        "dmean2": 12.831536293,
        "dvar": 59.1599502563,
        "dvar2": 149.165878296,
        "max": 99.2238693237,
        "mean": 27.661365509,
        "median": 24.1767215729,
        "min": 0.527087807655,
        "stdev": 17.5689373016,
        "var": 308.667572021
    },
    "pitch_salience": {
        "dmean": 0.0804670900106,
        "dmean2": 0.130628585815,
        "dvar": 0.00452243955806,
        "dvar2": 0.0114478990436,
        "max": 0.831710159779,
        "mean": 0.586418926716,
        "median": 0.598846852779,
        "min": 0.123708404601,
        "stdev": 0.106354884803,
        "var": 0.0113113615662
    },
    "silence_rate_20dB": {
        "dmean": 0,
        "dmean2": 0,
        "dvar": 0,
        "dvar2": 0,
        "max": 1,
        "mean": 1,
        "median": 1,
        "min": 1,
        "stdev": 0,
        "var": 0
    },
    "silence_rate_30dB": {
        "dmean": 0.0061919502914,
        "dmean2": 0.0123902941123,
        "dvar": 0.00615355791524,
        "dvar2": 0.0143016921356,
        "max": 1,
        "mean": 0.99432694912,
        "median": 1,
        "min": 0,
        "stdev": 0.0751056671143,
        "var": 0.00564086111262
    },
    "silence_rate_60dB": {
        "dmean": 0.000515995896421,
        "dmean2": 0.000516262254678,
        "dvar": 0.000515701773111,
        "dvar2": 0.000515967665706,
        "max": 1,
        "mean": 0.000515729770996,
        "median": 0,
        "min": 0,
        "stdev": 0.0227032192051,
        "var": 0.000515436171554
    },
    "spectral_centroid": {
        "dmean": 273.693511963,
        "dmean2": 429.345581055,
        "dvar": 58703.0039062,
        "dvar2": 136655.40625,
        "max": 3126.48608398,
        "mean": 1666.2364502,
        "median": 1676.62536621,
        "min": 149.728393555,
        "stdev": 582.274719238,
        "var": 339043.875
    },
    "spectral_complexity": {
        "dmean": 4.26264190674,
        "dmean2": 6.69798660278,
        "dvar": 13.1099967957,
        "dvar2": 29.8793640137,
        "max": 53,
        "mean": 32.9453315735,
        "median": 36,
        "min": 3,
        "stdev": 10.5335044861,
        "var": 110.954711914
    },
    "spectral_decrease": {
        "dmean": 3.18496518048e-09,
        "dmean2": 5.19413712041e-09,
        "dvar": 1.45980238933e-17,
        "dvar2": 3.80157055581e-17,
        "max": -5.5747023664e-10,
        "mean": -9.38420274821e-09,
        "median": -8.40500558041e-09,
        "min": -4.67380836255e-08,
        "stdev": 5.72043745706e-09,
        "var": 3.27234039989e-17
    },
    "spectral_energy": {
        "dmean": 0.0122514320537,
        "dmean2": 0.0199732054025,
        "dvar": 0.00021379145619,
        "dvar2": 0.000557650462724,
        "max": 0.181267857552,
        "mean": 0.0378130227327,
        "median": 0.0341419056058,
        "min": 0.00260305544361,
        "stdev": 0.0218656994402,
        "var": 0.000478108850075
    },
    "spectral_energyband_high": {
        "dmean": 0.000266758463113,
        "dmean2": 0.000409910629969,
        "dvar": 7.77024666831e-08,
        "dvar2": 1.69795427496e-07,
        "max": 0.00429551163688,
        "mean": 0.000967402243987,
        "median": 0.000890629191417,
        "min": 1.95319989871e-06,
        "stdev": 0.000530706427526,
        "var": 2.81649306544e-07
    },
    "spectral_energyband_low": {
        "dmean": 0.00856313295662,
        "dmean2": 0.0139302937314,
        "dvar": 0.000115524693683,
        "dvar2": 0.000290372961899,
        "max": 0.131503030658,
        "mean": 0.0153801552951,
        "median": 0.0103060696274,
        "min": 1.48786011778e-05,
        "stdev": 0.0159961488098,
        "var": 0.000255876773736
    },
    "spectral_energyband_middle_high": {
        "dmean": 0.00139395077713,
        "dmean2": 0.00219870405272,
        "dvar": 2.07054495149e-06,
        "dvar2": 4.67702693641e-06,
        "max": 0.0289498884231,
        "mean": 0.00608726171777,
        "median": 0.00571008259431,
        "min": 0.000115709073725,
        "stdev": 0.00268860720098,
        "var": 7.22860886526e-06
    },
    "spectral_energyband_middle_low": {
        "dmean": 0.00830896571279,
        "dmean2": 0.0136516802013,
        "dvar": 0.000103949161712,
        "dvar2": 0.000271723023616,
        "max": 0.120003774762,
        "mean": 0.0195308364928,
        "median": 0.0166434254497,
        "min": 0.00044046191033,
        "stdev": 0.014139209874,
        "var": 0.00019991726731
    },
    "spectral_entropy": {
        "dmean": 0.111561283469,
        "dmean2": 0.166300803423,
        "dvar": 0.012723563239,
        "dvar2": 0.0243900511414,
        "max": 8.09477615356,
        "mean": 7.61223268509,
        "median": 7.6815738678,
        "min": 5.76745223999,
        "stdev": 0.311348497868,
        "var": 0.09693787992
    },
    "spectral_flux": {
        "dmean": 0.0247101895511,
        "dmean2": 0.0393325164914,
        "dvar": 0.000593752251007,
        "dvar2": 0.00149317190517,
        "max": 0.298479914665,
        "mean": 0.10288515687,
        "median": 0.101770542562,
        "min": 0.00837493781,
        "stdev": 0.0398240163922,
        "var": 0.00158595223911
    },
    "spectral_kurtosis": {
        "dmean": 1.3263733387,
        "dmean2": 2.26272296906,
        "dvar": 3.87760972977,
        "dvar2": 11.1429252625,
        "max": 34.684173584,
        "mean": 5.38855743408,
        "median": 5.15114784241,
        "min": 1.48516273499,
        "stdev": 2.35911893845,
        "var": 5.56544208527
    },
    "spectral_rms": {
        "dmean": 0.000920307182241,
        "dmean2": 0.00148160709068,
        "dvar": 8.60857483076e-07,
        "dvar2": 2.22518929149e-06,
        "max": 0.0132983718067,
        "mean": 0.00582673028111,
        "median": 0.00577141018584,
        "min": 0.00159360165708,
        "stdev": 0.00171463936567,
        "var": 2.93998800771e-06
    },
    "spectral_rolloff": {
        "dmean": 555.92010498,
        "dmean2": 937.600341797,
        "dvar": 343616.59375,
        "dvar2": 772836,
        "max": 5598.6328125,
        "mean": 1791.08459473,
        "median": 2045.65429688,
        "min": 107.666015625,
        "stdev": 1066.75891113,
        "var": 1137974.625
    },
    "spectral_skewness": {
        "dmean": 0.173150032759,
        "dmean2": 0.288861215115,
        "dvar": 0.0483301840723,
        "dvar2": 0.120963938534,
        "max": 4.18779993057,
        "mean": 1.54405236244,
        "median": 1.6011081934,
        "min": 0.21841365099,
        "stdev": 0.340061813593,
        "var": 0.115642040968
    },
    "spectral_spread": {
        "dmean": 379971.28125,
        "dmean2": 591883.0625,
        "dvar": 135988060160,
        "dvar2": 287932383232,
        "max": 7288170,
        "mean": 4122871.25,
        "median": 4090514,
        "min": 1668691.5,
        "stdev": 934232.8125,
        "var": 872790949888
    },
    "spectral_strongpeak": {
        "dmean": 0.378413021564,
        "dmean2": 0.653941869736,
        "dvar": 0.310402244329,
        "dvar2": 0.748860001564,
        "max": 7.21345615387,
        "mean": 0.806846737862,
        "median": 0.525089383125,
        "min": 0.0601984001696,
        "stdev": 0.952558279037,
        "var": 0.907367229462
    },
    "zerocrossingrate": {
        "dmean": 0.0093551967293,
        "dmean2": 0.0115221263841,
        "dvar": 5.76479069423e-05,
        "dvar2": 8.28116608318e-05,
        "max": 0.197265625,
        "mean": 0.0682906284928,
        "median": 0.0654296875,
        "min": 0.00439453125,
        "stdev": 0.0294662546366,
        "var": 0.000868260161951
    },
    "barkbands": {
        "dmean": [3.59753248631e-05, 0.00202175159939, 0.00565377483144, 0.00578783452511, 0.00285075604916, 0.00168400607072, 0.000809981313068, 0.000631929433439, 0.000692992121913, 0.000302169239148, 0.000196177978069, 0.000151926098624, 0.000184524789802, 0.000246756710112, 0.000172925341758, 0.000434123387095, 0.000500911439303, 0.000332547759172, 0.000342412182363, 0.000175534398295, 0.000108807726065, 3.03691685986e-05, 2.81965731119e-05, 2.68532512564e-05, 3.37404162565e-05, 3.94187918573e-05, 6.37942275716e-06],
        "dmean2": [6.50561560178e-05, 0.00346127082594, 0.00918965693563, 0.00956960674375, 0.00479461718351, 0.00278120068833, 0.00135937135201, 0.00105258519761, 0.00110417511314, 0.000503745221067, 0.000312535790727, 0.000251552497502, 0.000311854964821, 0.000411719840486, 0.000292698910926, 0.000726541155018, 0.000848038122058, 0.000553068064619, 0.000570216565393, 0.000291971722618, 0.000179493086762, 4.64512777398e-05, 4.38607567048e-05, 4.09005915571e-05, 5.29163444298e-05, 6.21676226729e-05, 1.08895274025e-05],
        "dvar": [4.22804147249e-09, 8.87495752977e-06, 5.65295376873e-05, 5.60504013265e-05, 1.32775630846e-05, 5.03249111716e-06, 1.24513962874e-06, 2.16447779167e-06, 3.43725173479e-06, 1.78496804892e-07, 1.94533413378e-07, 6.08238579503e-08, 1.4993706543e-07, 1.19949277178e-07, 3.06169063435e-08, 1.68873071971e-07, 2.62337891854e-07, 9.19701363955e-08, 1.17128088561e-07, 3.04365315174e-08, 1.04621378227e-08, 1.89026327924e-09, 1.52565704514e-09, 1.20874055209e-09, 2.44562126106e-09, 4.05267730486e-09, 1.27874877354e-10],
        "dvar2": [1.21655681085e-08, 2.40950703301e-05, 0.000136722708703, 0.000137109571369, 3.62680839316e-05, 1.36951121021e-05, 3.2210621157e-06, 5.53096060685e-06, 7.95115829533e-06, 4.61331211454e-07, 4.07513198297e-07, 1.38202054245e-07, 3.82015770128e-07, 2.53520795468e-07, 8.40391365386e-08, 4.67020896622e-07, 7.30726469556e-07, 2.53743053236e-07, 3.04552116859e-07, 8.32648012761e-08, 2.68820894433e-08, 4.49709913752e-09, 3.57572571552e-09, 2.57670196291e-09, 5.45311706901e-09, 9.36673405505e-09, 3.41862538278e-10],
        "max": [0.000819952343591, 0.0378923490644, 0.113216459751, 0.0795475021005, 0.0380167961121, 0.0299103092402, 0.0157468505204, 0.0251476503909, 0.0318700186908, 0.00804135203362, 0.00791614502668, 0.00440716743469, 0.0113538317382, 0.0140476906672, 0.00184903247282, 0.00587761029601, 0.00568492757156, 0.00288115534931, 0.00477534951642, 0.00208833208308, 0.00157986138947, 0.00108747871127, 0.000708196719643, 0.000560750428122, 0.000646199390758, 0.000638244324364, 0.000116996234283],
        "mean": [3.21460465784e-05, 0.00271304207854, 0.00855868123472, 0.00874571036547, 0.00448423018679, 0.00285884854384, 0.00147212995216, 0.000881707819644, 0.000975559174549, 0.000476870452985, 0.000298214930808, 0.000243711838266, 0.000335916935001, 0.000448533246526, 0.000332948839059, 0.00107688561548, 0.00110318721272, 0.000786155404057, 0.0008618516149, 0.000450425868621, 0.000283789180685, 6.70463850838e-05, 6.56268530292e-05, 6.89479202265e-05, 8.94366530702e-05, 9.18750665733e-05, 9.54885217652e-06],
        "median": [1.51992644533e-05, 0.0015493062092, 0.00481187505648, 0.00508982222527, 0.00336770527065, 0.00208537466824, 0.00102738221176, 0.00053678220138, 0.00048746203538, 0.000342343759257, 0.000163870252436, 0.000179893686436, 0.00024807167938, 0.000341540318914, 0.000287662784103, 0.000929325586185, 0.000991726643406, 0.000736719637644, 0.000798753462732, 0.000413121160818, 0.000255786842899, 4.69448095828e-05, 5.14459352416e-05, 5.53378267796e-05, 6.91748209647e-05, 6.86856510583e-05, 6.24304493613e-06],
        "min": [3.83167915174e-08, 1.2443729247e-06, 1.69677673512e-06, 8.92934963304e-07, 2.9149450711e-06, 8.03999625987e-07, 8.58786037838e-08, 6.28014561244e-07, 3.44981998524e-07, 6.22551539209e-08, 1.63577096313e-09, 1.4452781727e-07, 2.20373112825e-06, 9.88906236898e-08, 1.27335147226e-06, 6.27612052995e-06, 2.60622048387e-08, 3.07455275106e-06, 3.19292325912e-06, 1.16352771329e-06, 3.71270317601e-07, 7.36132363954e-08, 1.93007238636e-07, 6.36446131352e-08, 4.95195031647e-08, 7.70017294371e-09, 6.95896573873e-13],
        "stdev": [5.52925375814e-05, 0.00368021824397, 0.010670190677, 0.0104569289833, 0.00431220512837, 0.00275538372807, 0.00149355479516, 0.00160004850477, 0.00213472894393, 0.00050947861746, 0.000648044922855, 0.000313804019243, 0.000404564198107, 0.000707748928107, 0.000231736266869, 0.000713084300514, 0.000730468018446, 0.000425242149504, 0.000489577592816, 0.00025924918009, 0.000162113632541, 7.38349554013e-05, 6.11511495663e-05, 5.92530705035e-05, 8.38795895106e-05, 9.48399829213e-05, 1.2211313333e-05],
        "var": [3.0572648857e-09, 1.35440059239e-05, 0.000113852962386, 0.000109347362013, 1.85951139429e-05, 7.59213980928e-06, 2.23070605898e-06, 2.56015528066e-06, 4.55706731373e-06, 2.59568452066e-07, 4.19962248088e-07, 9.84729666698e-08, 1.63672197573e-07, 5.00908527101e-07, 5.37016973112e-08, 5.08489222284e-07, 5.33583545348e-07, 1.80830880936e-07, 2.39686215764e-07, 6.72101378996e-08, 2.62808317331e-08, 5.45160050436e-09, 3.73946296151e-09, 3.51092621642e-09, 7.03578528771e-09, 8.99462282433e-09, 1.49116163861e-10]
    },
    "erbbands": {
        "dmean": [0.0212650746107, 0.635220468044, 5.4609875679, 12.3594064713, 15.129860878, 8.52129364014, 13.0772066116, 15.0111923218, 12.078956604, 10.0792264938, 16.3807125092, 16.7807579041, 7.7688293457, 9.53352451324, 6.16691732407, 6.36658620834, 7.83860588074, 10.9869070053, 9.43679428101, 12.3850870132, 26.1378955841, 28.2253398895, 14.1538887024, 24.2967376709, 10.7849559784, 8.89970397949, 6.88536787033, 2.16640639305, 1.16767525673, 0.918040513992, 0.876709282398, 0.650599598885, 0.417622834444, 0.353527724743, 0.292911201715, 0.184710770845, 0.0730104073882, 0.0182076320052, 0.000464684475446, 2.02278770303e-05],
        "dmean2": [0.0362638831139, 1.07247650623, 8.77707767487, 20.4214935303, 25.5484905243, 14.5061120987, 21.86353302, 24.8605728149, 20.2394943237, 16.6857852936, 26.6690540314, 27.1145439148, 13.0125074387, 15.7533407211, 10.1697435379, 10.5045518875, 13.0332698822, 18.526260376, 15.8412284851, 20.6726779938, 44.1604537964, 47.8977394104, 23.1305294037, 40.4741783142, 17.9883937836, 14.9132061005, 11.4617767334, 3.46859550476, 1.79026901722, 1.39531636238, 1.34862339497, 0.999812424183, 0.651490569115, 0.555609226227, 0.465155959129, 0.29026979208, 0.117119908333, 0.0300906524062, 0.000777205917984, 3.28133028233e-05],
        "dvar": [0.000882433902007, 0.853053212166, 54.3861083984, 236.047683716, 458.268035889, 125.412864685, 313.63394165, 454.593780518, 290.109985352, 170.262435913, 1669.13024902, 2136.4309082, 97.3976516724, 297.414459229, 122.778442383, 134.568283081, 291.432403564, 222.798660278, 100.012268066, 153.999191284, 662.522399902, 868.264526367, 166.218933105, 565.186828613, 113.619911194, 78.4089279175, 44.9631462097, 5.23806810379, 2.68594908714, 1.85505402088, 1.37540471554, 0.682031750679, 0.315360337496, 0.276146739721, 0.184359669685, 0.0856843441725, 0.0135486712679, 0.000934795301873, 7.85246186297e-07, 5.25551602237e-10],
        "dvar2": [0.00242582545616, 2.24833536148, 128.241577148, 598.098693848, 1240.52893066, 347.287872314, 817.718811035, 1235.03674316, 745.219238281, 443.217895508, 4073.38208008, 4908.78613281, 256.006744385, 662.98828125, 281.862762451, 297.735137939, 729.616271973, 496.520874023, 257.505859375, 415.747314453, 1818.95141602, 2409.99658203, 451.516174316, 1477.2388916, 302.602111816, 216.605300903, 119.249237061, 12.2916307449, 6.41900682449, 4.1980381012, 3.24656796455, 1.50418066978, 0.729678869247, 0.690787553787, 0.410714864731, 0.196338713169, 0.0320438481867, 0.00241426960565, 2.0849977318e-06, 1.32413446874e-09],
        "max": [0.4134529531, 11.7548837662, 117.078781128, 157.825805664, 247.003417969, 121.275878906, 173.689300537, 332.316009521, 242.915420532, 194.13861084, 660.43951416, 748.55645752, 152.216812134, 349.529388428, 182.726715088, 220.622039795, 493.760253906, 523.482788086, 240.648132324, 136.40536499, 408.087615967, 337.984222412, 135.226135254, 281.569519043, 113.222061157, 106.223327637, 65.063293457, 47.2566757202, 32.277545929, 38.6431274414, 19.175945282, 13.2055511475, 9.1763677597, 8.07342433929, 5.40601205826, 3.13018751144, 1.19896864891, 0.279548972845, 0.0114488229156, 0.000243582995608],
        "mean": [0.0285465586931, 0.93443697691, 8.80569267273, 19.6814785004, 22.5497837067, 13.3885946274, 19.6744384766, 24.1812038422, 21.4818115234, 18.4146385193, 23.2096996307, 23.7733135223, 13.942111969, 15.3371658325, 10.6805257797, 11.0301685333, 15.5512676239, 20.5933971405, 19.5102233887, 30.3177528381, 65.1087799072, 62.1645927429, 37.884185791, 59.1559944153, 29.1757678986, 22.4036178589, 18.7509975433, 5.48159408569, 2.52147841454, 2.10596442223, 2.0283176899, 1.5351742506, 1.01177144051, 0.853098750114, 0.723006665707, 0.420667618513, 0.161731600761, 0.0350803136826, 0.000865449779667, 6.69307337375e-05],
        "median": [0.0177979283035, 0.541949272156, 5.01773405075, 12.6498355865, 14.7496166229, 9.44894790649, 13.7017765045, 16.9705963135, 13.6834793091, 14.4289340973, 12.4999923706, 11.6599607468, 10.2235479355, 9.40623188019, 7.10577917099, 8.09887695312, 11.2797613144, 16.1068096161, 16.9460849762, 25.3538208008, 58.5572929382, 55.2797241211, 35.235294342, 54.3409805298, 27.1539363861, 20.1217956543, 17.642457962, 4.65084695816, 1.7491402626, 1.40874993801, 1.6057510376, 1.20778775215, 0.807715058327, 0.669251322746, 0.545050561428, 0.315176397562, 0.11930411309, 0.0257957708091, 0.000623547588475, 6.12994335825e-05],
        "min": [3.95077076973e-05, 0.00062523066299, 0.00276766205207, 0.00561298802495, 0.00677413260564, 0.00992279313505, 0.0131753059104, 0.00257491273805, 0.00234086276032, 0.0260160509497, 0.425770491362, 0.0499981567264, 0.210713043809, 0.0790811255574, 0.0166483856738, 0.143581405282, 0.296592921019, 0.561785519123, 0.377259671688, 0.419263005257, 0.640815854073, 0.343768000603, 0.148267328739, 0.277969002724, 0.0970457568765, 0.0504424311221, 0.0276289619505, 0.0159513447434, 0.00827035401016, 0.00644423859194, 0.0049244761467, 0.00266024214216, 0.00106621673331, 0.00067336630309, 0.000273342622677, 9.11024544621e-05, 2.93838784273e-05, 2.76099217444e-06, 4.34633921031e-06, 3.91121420762e-06],
        "stdev": [0.0327651277184, 1.20901358128, 10.898106575, 21.4536113739, 24.7589473724, 14.1339998245, 21.371629715, 25.0485534668, 23.2172584534, 16.7364616394, 46.8271217346, 53.0588645935, 12.7585296631, 23.0605373383, 15.5183830261, 14.3932218552, 18.2892799377, 27.4095287323, 16.1474342346, 20.7589073181, 40.7065200806, 40.6316452026, 19.1579227448, 34.3971748352, 15.6064586639, 12.835477829, 10.1797904968, 4.1795296669, 2.70276355743, 2.39948797226, 1.78466117382, 1.34694123268, 0.901184916496, 0.798508644104, 0.711482167244, 0.440696507692, 0.168463110924, 0.0382473804057, 0.000996737158857, 3.28153328155e-05],
        "var": [0.00107355357613, 1.4617139101, 118.768722534, 460.257415771, 613.005493164, 199.769958496, 456.746551514, 627.429992676, 539.04107666, 280.109161377, 2192.77929688, 2815.24316406, 162.780090332, 531.788391113, 240.820220947, 207.164825439, 334.497772217, 751.282226562, 260.739624023, 430.932220459, 1657.02062988, 1650.93054199, 367.026000977, 1183.16564941, 243.561538696, 164.74949646, 103.628128052, 17.4684696198, 7.30493068695, 5.75754308701, 3.18501567841, 1.81425070763, 0.812134206295, 0.637616038322, 0.506206870079, 0.194213420153, 0.0283798221499, 0.00146286212839, 9.93485059553e-07, 1.07684605677e-09]
    },
    "gfcc": {
        "mean": [45.6092529297, 78.0612640381, -114.230079651, 40.6036682129, -39.8630943298, -6.8548116684, -46.259929657, 15.6982908249, -32.9521484375, 1.84737277031, -25.0366744995, -4.28463697433, -18.3503952026],
        "cov": [[1703.20532227, -360.292236328, 416.572845459, -217.098754883, -203.357254028, 46.861164093, -267.451873779, 23.712053299, -249.615921021, 63.9828910828, -59.9546585083, 209.46105957, -90.9652938843], [-360.292236328, 1412.98486328, -31.7781600952, 183.498275757, 75.6561889648, -72.7422637939, 170.490386963, -252.502563477, 50.1506538391, -249.298873901, 110.121902466, -168.246429443, 122.667137146], [416.572845459, -31.7781600952, 400.100219727, -68.6046600342, 5.76767969131, 44.9867248535, -98.8168487549, -13.6123256683, -79.304359436, -0.411948651075, -9.73421287537, 60.7428092957, -39.8968238831], [-217.098754883, 183.498275757, -68.6046600342, 161.859375, 54.1147880554, 5.10981750488, 67.1483840942, -30.079158783, 49.9001541138, -44.1162261963, 5.08285093307, -57.3497848511, 25.4669361115], [-203.357254028, 75.6561889648, 5.76767969131, 54.1147880554, 148.13180542, 7.94857358932, 59.7776870728, 19.2428607941, 13.0778598785, -8.8680562973, -16.6581077576, -44.0099372864, 9.60984039307], [46.861164093, -72.7422637939, 44.9867248535, 5.10981750488, 7.94857358932, 73.306022644, 20.8391361237, 22.860660553, 9.71447181702, 0.727693617344, -13.4493751526, 4.99176692963, -9.90102958679], [-267.451873779, 170.490386963, -98.8168487549, 67.1483840942, 59.7776870728, 20.8391361237, 129.714141846, 9.25658988953, 60.8551635742, -41.1983909607, -10.646774292, -61.9741096497, 27.5759620667], [23.712053299, -252.502563477, -13.6123256683, -30.079158783, 19.2428607941, 22.860660553, 9.25658988953, 107.3228302, 13.3145418167, 55.9776153564, -33.6293907166, 13.908457756, -16.2328624725], [-249.615921021, 50.1506538391, -79.304359436, 49.9001541138, 13.0778598785, 9.71447181702, 60.8551635742, 13.3145418167, 90.7244415283, 5.03391456604, 15.751748085, -33.2978782654, 11.2471666336], [63.9828910828, -249.298873901, -0.411948651075, -44.1162261963, -8.8680562973, 0.727693617344, -41.1983909607, 55.9776153564, 5.03391456604, 98.1229553223, 16.4855213165, 48.1870193481, -24.9058704376], [-59.9546585083, 110.121902466, -9.73421287537, 5.08285093307, -16.6581077576, -13.4493751526, -10.646774292, -33.6293907166, 15.751748085, 16.4855213165, 81.4807281494, 27.4587516785, 11.2844114304], [209.46105957, -168.246429443, 60.7428092957, -57.3497848511, -44.0099372864, 4.99176692963, -61.9741096497, 13.908457756, -33.2978782654, 48.1870193481, 27.4587516785, 94.5979919434, -6.29877090454], [-90.9652938843, 122.667137146, -39.8968238831, 25.4669361115, 9.60984039307, -9.90102958679, 27.5759620667, -16.2328624725, 11.2471666336, -24.9058704376, 11.2844114304, -6.29877090454, 51.0098075867]],
        "icov": [[0.0025295461528, -0.00198683305643, -0.00039050396299, -0.00101169652771, 0.00298589537852, -0.00238272571005, 0.00176673545502, -0.00210722652264, 0.00443297019228, -0.00300739868544, 0.00511596770957, -0.00472960667685, 0.00267619476654], [-0.00198683305643, 0.00567530188709, -0.00176068441942, 0.000958282151259, -0.00205281958915, 0.00510505679995, -0.00584142282605, 0.00496118748561, -0.00220784056, 0.00671623367816, -0.0108805727214, 0.00900780130178, -0.00564679456875], [-0.00039050396299, -0.00176068441942, 0.00606029573828, 0.00133261177689, -0.00368328206241, -0.00516568636522, 0.00668173376471, -0.000696561764926, -0.00143265502993, 0.00202638469636, 0.00253237225115, -0.00433805957437, 0.0036791737657], [-0.00101169652771, 0.000958282151259, 0.00133261177689, 0.0114890858531, -0.00493452977389, -0.00105074769817, 0.000281310582068, 0.00410233438015, -0.00658581545576, 0.00392524385825, -0.0024316017516, 0.00361191015691, -0.00257066055201], [0.00298589537852, -0.00205281958915, -0.00368328206241, -0.00493452977389, 0.0160651374608, -0.000446247373475, -0.00601491937414, -0.00454480573535, 0.0111832432449, -0.00951222702861, 0.00483837118372, 0.000743491516914, 0.000447512749815], [-0.00238272571005, 0.00510505679995, -0.00516568636522, -0.00105074769817, -0.000446247373475, 0.0257980376482, -0.0132460296154, 0.00106751371641, -0.00503730075434, 0.00744264479727, -0.00790469814092, 0.00332550541498, -0.000545375689398], [0.00176673545502, -0.00584142282605, 0.00668173376471, 0.000281310582068, -0.00601491937414, -0.0132460296154, 0.0332196503878, -0.01024270989, -0.00893702544272, 0.00574672175571, 0.0089600160718, -0.00581164471805, 0.00170413206797], [-0.00210722652264, 0.00496118748561, -0.000696561764926, 0.00410233438015, -0.00454480573535, 0.00106751371641, -0.01024270989, 0.0297591350973, -0.00610371958464, -0.0100299855694, 0.0041287317872, 0.00452237809077, -0.00611669849604], [0.00443297019228, -0.00220784056, -0.00143265502993, -0.00658581545576, 0.0111832432449, -0.00503730075434, -0.00893702544272, -0.00610371958464, 0.0344255827367, -0.013348354958, -0.000940248428378, 0.00299635529518, 0.00165657349862], [-0.00300739868544, 0.00671623367816, 0.00202638469636, 0.00392524385825, -0.00951222702861, 0.00744264479727, 0.00574672175571, -0.0100299855694, -0.013348354958, 0.0437925904989, -0.0222109016031, -0.000170645216713, 0.00426687067375], [0.00511596770957, -0.0108805727214, 0.00253237225115, -0.0024316017516, 0.00483837118372, -0.00790469814092, 0.0089600160718, 0.0041287317872, -0.000940248428378, -0.0222109016031, 0.0467073582113, -0.0278843268752, 0.00809440482408], [-0.00472960667685, 0.00900780130178, -0.00433805957437, 0.00361191015691, 0.000743491516914, 0.00332550541498, -0.00581164471805, 0.00452237809077, 0.00299635529518, -0.000170645216713, -0.0278843268752, 0.0456987842917, -0.0191383324564], [0.00267619476654, -0.00564679456875, 0.0036791737657, -0.00257066055201, 0.000447512749815, -0.000545375689398, 0.00170413206797, -0.00611669849604, 0.00165657349862, 0.00426687067375, 0.00809440482408, -0.0191383324564, 0.0366230756044]]
    },
    "melbands": {
        "dmean": [0.000356525648385, 0.00203247135505, 0.00216355896555, 0.000731126521714, 0.000418391864514, 0.00031765922904, 0.00017934506468, 0.000107864027086, 0.000142922523082, 9.58906748565e-05, 3.91496250813e-05, 4.09710992244e-05, 2.32517850236e-05, 1.63653367053e-05, 2.04317675525e-05, 1.66257450473e-05, 2.32219681493e-05, 1.76112371264e-05, 1.29403269966e-05, 2.53535908996e-05, 3.41117847711e-05, 3.39636244462e-05, 1.77514466486e-05, 1.54750796355e-05, 2.28044318646e-05, 1.05652597995e-05, 6.20780110694e-06, 7.14128555046e-06, 5.37430787517e-06, 3.23611538988e-06, 1.06139736999e-06, 7.16352985819e-07, 6.19569789251e-07, 5.46180444871e-07, 5.69985786569e-07, 5.22418247328e-07, 3.69809498579e-07, 3.11892279115e-07, 2.97457035003e-07, 3.40302960922e-07],
        "dmean2": [0.000611225957982, 0.00329912942834, 0.0035785054788, 0.00123416283168, 0.000704549835064, 0.000524595845491, 0.000300363753922, 0.000179631941137, 0.000228839038755, 0.000156007357873, 6.59308425384e-05, 6.77550997352e-05, 3.77009855583e-05, 2.70030996035e-05, 3.42867424479e-05, 2.83092485915e-05, 3.9126687625e-05, 2.97262631648e-05, 2.20827332669e-05, 4.23426536145e-05, 5.8023717429e-05, 5.78660255997e-05, 2.96359867207e-05, 2.55965023825e-05, 3.81647187169e-05, 1.79265334737e-05, 1.03259071693e-05, 1.20120212159e-05, 8.97797326616e-06, 5.44012164028e-06, 1.68142764778e-06, 1.13294481707e-06, 9.6749192835e-07, 8.4090186192e-07, 9.06819764168e-07, 8.17165869194e-07, 5.78743993174e-07, 4.97132532473e-07, 4.77953506106e-07, 5.39871109595e-07],
        "dvar": [2.62249784555e-07, 7.42552265365e-06, 7.56832605475e-06, 9.23060440527e-07, 3.05574559434e-07, 1.95422700244e-07, 6.30942835755e-08, 1.98206979718e-08, 1.24907188592e-07, 6.88848800223e-08, 2.56697152423e-09, 4.98039298691e-09, 2.37424813143e-09, 6.42228659142e-10, 1.98317517963e-09, 6.39018948867e-10, 1.08122233389e-09, 4.35838809487e-10, 1.85230331073e-10, 6.41093345077e-10, 1.18087084555e-09, 1.30292776568e-09, 2.9314919936e-10, 2.17241877265e-10, 5.16163944919e-10, 1.04596629968e-10, 4.49169937355e-11, 5.17170230252e-11, 2.70088500176e-11, 9.52586447223e-12, 2.15914417422e-12, 1.07993627062e-12, 7.44604356472e-13, 6.44981789331e-13, 5.61771820468e-13, 4.81463339249e-13, 2.15280538621e-13, 1.64006070009e-13, 2.34116762435e-13, 2.29746479003e-13],
        "dvar2": [7.2330101375e-07, 1.78647605935e-05, 1.93227733689e-05, 2.50318134931e-06, 8.07748051557e-07, 5.30451075065e-07, 1.61577460744e-07, 5.00051378083e-08, 2.95503554071e-07, 1.56824242481e-07, 6.85033541004e-09, 1.13825944226e-08, 5.10227238237e-09, 1.44341028019e-09, 5.03350472414e-09, 1.61624746919e-09, 2.32041763581e-09, 1.04510589072e-09, 5.06114650189e-10, 1.72806458032e-09, 3.28763194446e-09, 3.63580365814e-09, 8.0341866493e-10, 6.16204920423e-10, 1.34185962342e-09, 2.81467488206e-10, 1.23604876334e-10, 1.45905509896e-10, 7.48884149138e-11, 2.5164240483e-11, 5.18947732009e-12, 2.71870958905e-12, 1.7439298703e-12, 1.55428220208e-12, 1.36928782115e-12, 1.14866536421e-12, 4.805953812e-13, 3.76028852153e-13, 6.21206482521e-13, 5.75592253981e-13],
        "max": [0.00624651741236, 0.0400390066206, 0.0253967959434, 0.0105211334303, 0.00548718404025, 0.00673477817327, 0.00353733845986, 0.00195743166842, 0.00564381619915, 0.00413827272132, 0.000789468176663, 0.00148907548282, 0.000889685819857, 0.000498408393469, 0.00123900407925, 0.000555144972168, 0.00125939841382, 0.000648484856356, 0.000139026218676, 0.000412759749452, 0.000463692849735, 0.00039226419176, 0.000166492463904, 0.000132860601298, 0.000291359523544, 0.000109797772893, 8.29831842566e-05, 9.00517989066e-05, 5.17492771905e-05, 3.435675535e-05, 3.55332485924e-05, 2.17791493924e-05, 1.57290869538e-05, 2.17342731048e-05, 9.3748094514e-06, 1.32483619382e-05, 5.70154861634e-06, 4.64575077785e-06, 1.04543860289e-05, 6.55563917462e-06],
        "mean": [0.000477580644656, 0.00341300549917, 0.00364077021368, 0.00120746076573, 0.000658764445689, 0.00053105148254, 0.000321885687299, 0.00019093597075, 0.000197721688892, 0.000136773014674, 6.70696099405e-05, 6.39964273432e-05, 3.7691264879e-05, 2.73061486951e-05, 3.45619992004e-05, 3.07707050524e-05, 4.05503815273e-05, 3.33975040121e-05, 2.51445126196e-05, 6.2313163653e-05, 7.62151612435e-05, 6.8699606345e-05, 3.88773114537e-05, 3.61047532351e-05, 5.10464560648e-05, 2.59767948592e-05, 1.31380911625e-05, 1.56715505e-05, 1.31999286168e-05, 6.9714469646e-06, 2.08256642509e-06, 1.38476082157e-06, 1.20097172385e-06, 1.14038698484e-06, 1.19649632779e-06, 1.11279575776e-06, 8.30649582895e-07, 6.95760036251e-07, 6.49358469218e-07, 7.46405873997e-07],
        "median": [0.000289952091407, 0.00205810181797, 0.00243850471452, 0.000894651631825, 0.000486357428599, 0.000385342282243, 0.000208610363188, 0.000144351346535, 9.66486113612e-05, 6.86085113557e-05, 4.91533719469e-05, 3.96495997848e-05, 2.22666276386e-05, 2.01742350328e-05, 2.37776075664e-05, 2.54722071986e-05, 3.05571775243e-05, 2.7088155548e-05, 2.15798099816e-05, 4.76716850244e-05, 6.83666876284e-05, 6.08653535892e-05, 3.51096205122e-05, 3.32380295731e-05, 4.63564429083e-05, 2.27044783969e-05, 1.16942428576e-05, 1.42679518831e-05, 1.24635262182e-05, 6.26957489658e-06, 1.41312511914e-06, 9.25137328522e-07, 7.94240690993e-07, 7.51132915866e-07, 9.44344037634e-07, 8.50671597163e-07, 6.44523026949e-07, 5.33930631264e-07, 5.002361263e-07, 5.66495543808e-07],
        "min": [4.25835764872e-07, 2.15824343286e-06, 1.20769379919e-06, 8.19821309506e-07, 4.29755488085e-07, 7.13184888923e-08, 1.49064582899e-08, 8.79830253098e-08, 3.73336661141e-07, 4.7613248455e-08, 1.21734967706e-06, 7.01341651421e-09, 2.75095501934e-10, 5.73369396406e-09, 3.46427469822e-07, 6.619786177e-07, 3.23999245211e-08, 1.53464494446e-08, 4.98906558732e-07, 5.64328558994e-07, 7.33033857614e-07, 7.03874403207e-10, 1.22408124525e-07, 1.56276783514e-07, 2.31416862562e-07, 9.25674967789e-08, 4.84956110824e-08, 3.0735584744e-08, 2.4185698777e-08, 6.34532160149e-09, 8.64781046772e-09, 1.56615258956e-11, 1.05678776841e-09, 3.34544814073e-09, 2.85951551326e-09, 1.91695215257e-09, 8.53256132416e-10, 6.48528508673e-10, 3.81386089376e-10, 5.79117309663e-10],
        "stdev": [0.000598704558797, 0.00401799427345, 0.00378778320737, 0.00116939155851, 0.000659931392875, 0.000526798714418, 0.000343350518961, 0.000182785908692, 0.000419477699324, 0.000300977233564, 6.39895588392e-05, 9.29023080971e-05, 7.14716952643e-05, 3.33277421305e-05, 4.71097228001e-05, 2.73466866929e-05, 6.38783385511e-05, 3.68425971828e-05, 1.76659323188e-05, 5.63419271202e-05, 5.17370390298e-05, 4.90795064252e-05, 2.25958683586e-05, 2.04855477932e-05, 3.23372878483e-05, 1.64958328241e-05, 9.05369324755e-06, 9.7320516943e-06, 7.52232517698e-06, 4.5154865802e-06, 2.52161726166e-06, 1.61989282788e-06, 1.36973801546e-06, 1.3256604916e-06, 1.0610363006e-06, 1.03892853076e-06, 7.33083197701e-07, 6.32368198694e-07, 6.3623542701e-07, 7.24172878108e-07],
        "var": [3.5844718127e-07, 1.61442785611e-05, 1.43473016578e-05, 1.36747655688e-06, 4.35509406316e-07, 2.77516875258e-07, 1.17889577211e-07, 3.34106893263e-08, 1.75961531568e-07, 9.05872994394e-08, 4.0946637192e-09, 8.63083915448e-09, 5.10820319377e-09, 1.11073850118e-09, 2.21932605626e-09, 7.47841288895e-10, 4.08044220634e-09, 1.35737687756e-09, 3.12085163268e-10, 3.17441295472e-09, 2.67672106702e-09, 2.40879782787e-09, 5.10573250345e-10, 4.1965764197e-10, 1.04570008208e-09, 2.72112471444e-10, 8.19693549148e-11, 9.47128278583e-11, 5.65853787438e-11, 2.03896170781e-11, 6.35855344072e-12, 2.62405266786e-12, 1.87618215235e-12, 1.75737571197e-12, 1.12579813093e-12, 1.07937248549e-12, 5.37410936065e-13, 3.99889566989e-13, 4.0479552761e-13, 5.24426368217e-13]
    },
    "melbands128": {
