{
"lowlevel": {
    "average_loudness": 0.96998000145,
    "barkbands_crest": {
        "dmean": 2.36089634895,
        "dmean2": 3.8097782135,
        "dvar": 4.59490442276,
        "dvar2": 11.7911930084,
        "max": 23.15467453,
        "mean": 12.235704422,
        "median": 12.246764183,
        "min": 3.24197340012,
        "stdev": 3.6246380806,
        "var": 13.1380004883
    },
    "barkbands_flatness_db": {
        "dmean": 0.0236582774669,
        "dmean2": 0.0357828065753,
        "dvar": 0.000471385399578,
        "dvar2": 0.00102963566314,
        "max": 0.29596889019,
        "mean": 0.173164144158,
        "median": 0.175206199288,
        "min": 0.0201679486781,
        "stdev": 0.0502195023,
        "var": 0.00252199848182
    },
    "barkbands_kurtosis": {
        "dmean": 7.73946237564,
        "dmean2": 12.0815792084,
        "dvar": 68.8445587158,
        "dvar2": 172.027877808,
        "max": 88.7931213379,
        "mean": 20.2330055237,
        "median": 17.539768219,
        "min": -1.72543799877,
        "stdev": 16.5982589722,
        "var": 275.502197266
    },
    "barkbands_skewness": {
        "dmean": 0.758280515671,
        "dmean2": 1.17692637444,
        "dvar": 0.478573530912,
        "dvar2": 1.14662086964,
        "max": 8.74367141724,
        "mean": 3.88011145592,
        "median": 4.04007959366,
        "min": -0.541000545025,
        "stdev": 1.79145610332,
        "var": 3.20931482315
    },
    "barkbands_spread": {
        "dmean": 4.17505788803,
        "dmean2": 6.28629922867,
        "dvar": 24.5093536377,
        "dvar2": 50.9526824951,
        "max": 79.2298126221,
        "mean": 15.7788715363,
        "median": 10.642698288,
        "min": 2.33014440536,
        "stdev": 12.9454231262,
        "var": 167.583984375
    },
    "dissonance": {
        "dmean": 0.0088004861027,
        "dmean2": 0.0152949979529,
        "dvar": 9.45822321228e-05,
        "dvar2": 0.000270550459391,
        "max": 0.5,
        "mean": 0.484996408224,
        "median": 0.486803889275,
        "min": 0.393246591091,
        "stdev": 0.00995190814137,
        "var": 9.90404732875e-05
    },
    "dynamic_complexity": 1.10709559917,
    "erbbands_crest": {
        "dmean": 1.47455239296,
        "dmean2": 2.4318754673,
        "dvar": 1.84829282761,
        "dvar2": 5.04256057739,
        "max": 16.7217941284,
        "mean": 6.21602773666,
        "median": 5.61733722687,
        "min": 2.05391860008,
        "stdev": 2.46071720123,
        "var": 6.05512952805
    },
    "erbbands_flatness_db": {
        "dmean": 0.00929388403893,
        "dmean2": 0.0139169758186,
        "dvar": 9.6328141808e-05,
        "dvar2": 0.000183230629773,
        "max": 0.211695596576,
        "mean": 0.111608631909,
        "median": 0.110111348331,
        "min": 0.0499473661184,
        "stdev": 0.0354018062353,
        "var": 0.00125328777358
    },
    "erbbands_kurtosis": {
        "dmean": 0.250877469778,
        "dmean2": 0.415352851152,
        "dvar": 0.0851939022541,
        "dvar2": 0.21215595305,
        "max": 2.18315601349,
        "mean": -1.10435211658,
        "median": -1.32746696472,
        "min": -1.77325236797,
        "stdev": 0.593017101288,
        "var": 0.351669311523
    },
    "erbbands_skewness": {
        "dmean": 0.246325939894,
        "dmean2": 0.403648138046,
        "dvar": 0.0482805557549,
        "dvar2": 0.131520941854,
        "max": 1.39343261719,
        "mean": -0.00708346441388,
        "median": 0.0418815650046,
        "min": -1.50936412811,
        "stdev": 0.475957304239,
        "var": 0.226535364985
    },
    "erbbands_spread": {
        "dmean": 8.27909564972,
        "dmean2": 12.8945484161,
        "dvar": 60.5724945068,
        "dvar2": 145.182632446,
        "max": 128.509689331,
        "mean": 77.2958755493,
        "median": 81.3739395142,
        "min": 23.0485248566,
        "stdev": 19.1049156189,
        "var": 364.997772217
    },
    "hfc": {
        "dmean": 5.99679613113,
        "dmean2": 9.00499343872,
        "dvar": 66.4008331299,
        "dvar2": 121.258041382,
        "max": 143.642807007,
        "mean": 28.3011722565,
        "median": 24.3248081207,
        "min": 5.25328731537,
        "stdev": 14.9591093063,
        "var": 223.774963379
    },
    "loudness_ebu128": {
        "integrated": -14.7519378662,
        "loudness_range": 1.58639240265,
        "momentary": {
            "dmean": 0.365870803595,
            "dmean2": 0.380510687828,
            "dvar": 0.0830753073096,
            "dvar2": 0.0967353433371,
            "max": -12.5173969269,
            "mean": -14.9184875488,
            "median": -14.5887393951,
            "min": -19.2561397552,
            "stdev": 1.2559428215,
            "var": 1.57739233971
        },
        "short_term": {
            "dmean": 0.0487503819168,
            "dmean2": 0.047203309834,
            "dvar": 0.00147231703158,
            "dvar2": 0.00140509894118,
            "max": -13.8232431412,
            "mean": -14.7197341919,
            "median": -14.4572544098,
            "min": -17.6148166656,
            "stdev": 0.769876301289,
            "var": 0.592709481716
        }
    },
    "melbands_crest": {
        "dmean": 3.34976029396,
        "dmean2": 5.43819761276,
        "dvar": 9.33832740784,
        "dvar2": 23.7751693726,
        "max": 34.416469574,
        "mean": 19.5047740936,
        "median": 19.4633827209,
        "min": 5.09446382523,
        "stdev": 5.08668899536,
        "var": 25.8744068146
    },
    "melbands_flatness_db": {
        "dmean": 0.0265995338559,
        "dmean2": 0.0404457487166,
        "dvar": 0.000591726100538,
        "dvar2": 0.00130287685897,
        "max": 0.403863400221,
        "mean": 0.267907172441,
        "median": 0.277977377176,
        "min": 0.0647186785936,
        "stdev": 0.0612653046846,
        "var": 0.00375343766063
    },
    "melbands_kurtosis": {
        "dmean": 25.1867733002,
        "dmean2": 39.2061080933,
        "dvar": 653.008789062,
        "dvar2": 1640.83642578,
        "max": 281.646759033,
        "mean": 75.7351455688,
        "median": 67.9848022461,
        "min": -0.988872289658,
        "stdev": 53.9368247986,
        "var": 2909.1809082
    },
    "melbands_skewness": {
        "dmean": 1.22079896927,
        "dmean2": 1.89189553261,
        "dvar": 1.26869034767,
        "dvar2": 3.08309578896,
        "max": 14.3111305237,
        "mean": 6.96097755432,
        "median": 7.19766139984,
        "min": 0.429019212723,
        "stdev": 2.76421642303,
        "var": 7.64089250565
    },
    "melbands_spread": {
        "dmean": 3.20111107826,
        "dmean2": 5.10489034653,
        "dvar": 21.8091049194,
        "dvar2": 53.0037384033,
        "max": 86.4553451538,
        "mean": 10.9035205841,
        "median": 5.50603580475,
        "min": 1.26330447197,
        "stdev": 13.9049005508,
        "var": 193.346252441
    },
    "pitch_salience": {
        "dmean": 0.0805286541581,
        "dmean2": 0.129956454039,
        "dvar": 0.00513224769384,
        "dvar2": 0.0136713627726,
        "max": 0.804015040398,
        "mean": 0.484018951654,
        "median": 0.480397105217,
        "min": 0.147745683789,
        "stdev": 0.117432422936,
        "var": 0.0137903736904
    },
    "silence_rate_20dB": {
        "dmean": 0,
        "dmean2": 0,
        "dvar": 0,
        "dvar2": 0,
        "max": 1,
        "mean": 1,
        "median": 1,
        "min": 1,
        "stdev": 0,
        "var": 0
    },
    "silence_rate_30dB": {
        "dmean": 0.173374608159,
        "dmean2": 0.346928238869,
        "dvar": 0.143316283822,
        "dvar2": 0.290588051081,
        "max": 1,
        "mean": 0.572975754738,
        "median": 1,
        "min": 0,
        "stdev": 0.49464532733,
        "var": 0.244673997164
    },
    "silence_rate_60dB": {
        "dmean": 0,
        "dmean2": 0,
        "dvar": 0,
        "dvar2": 0,
        "max": 0,
        "mean": 0,
        "median": 0,
        "min": 0,
        "stdev": 0,
        "var": 0
    },
    "spectral_centroid": {
        "dmean": 231.345245361,
        "dmean2": 377.540008545,
        "dvar": 44283.2695312,
        "dvar2": 119199.46875,
        "max": 3100.66796875,
        "mean": 1246.56103516,
        "median": 1095.66760254,
        "min": 356.176971436,
        "stdev": 563.243896484,
        "var": 317243.6875
    },
    "spectral_complexity": {
        "dmean": 4.85190916061,
        "dmean2": 7.58182764053,
        "dvar": 15.8744087219,
        "dvar2": 34.9050483704,
        "max": 58,
        "mean": 26.0696239471,
        "median": 25,
        "min": 5,
        "stdev": 8.40576553345,
        "var": 70.6568908691
    },
    "spectral_decrease": {
        "dmean": 8.2811775215e-09,
        "dmean2": 1.28561898904e-08,
        "dvar": 7.68607357808e-17,
        "dvar2": 1.8520462742e-16,
        "max": -1.53071344489e-09,
        "mean": -2.48546001558e-08,
        "median": -2.26017480287e-08,
        "min": -8.72909424743e-08,
        "stdev": 1.43509142347e-08,
        "var": 2.05948728996e-16
    },
    "spectral_energy": {
        "dmean": 0.0315853916109,
        "dmean2": 0.0490579716861,
        "dvar": 0.00111174711492,
        "dvar2": 0.00268350285478,
        "max": 0.333381980658,
        "mean": 0.0963739901781,
        "median": 0.0878556519747,
        "min": 0.00625379057601,
        "stdev": 0.0542816966772,
        "var": 0.00294650252908
    },
    "spectral_energyband_high": {
        "dmean": 0.000398124335334,
        "dmean2": 0.000565251393709,
        "dvar": 3.50507036728e-07,
        "dvar2": 5.54256644136e-07,
        "max": 0.0117021631449,
        "mean": 0.00144891801756,
        "median": 0.00100312102586,
        "min": 0.00025034986902,
        "stdev": 0.00120221043471,
        "var": 1.4453098629e-06
    },
    "spectral_energyband_low": {
        "dmean": 0.0301962103695,
        "dmean2": 0.0467422194779,
        "dvar": 0.00110187300015,
        "dvar2": 0.00265355315059,
        "max": 0.31597200036,
        "mean": 0.0791003331542,
        "median": 0.0712913498282,
        "min": 0.000757041445468,
        "stdev": 0.0550944954157,
        "var": 0.00303540355526
    },
    "spectral_energyband_middle_high": {
        "dmean": 0.000996245420538,
        "dmean2": 0.00151817547157,
        "dvar": 2.95269342132e-06,
        "dvar2": 6.76270474287e-06,
        "max": 0.0265598613769,
        "mean": 0.00373712438159,
        "median": 0.00236519332975,
        "min": 0.000776833854616,
        "stdev": 0.00321930949576,
        "var": 1.03639531517e-05
    },
    "spectral_energyband_middle_low": {
        "dmean": 0.00732828956097,
        "dmean2": 0.0120074506849,
        "dvar": 6.52090529911e-05,
        "dvar2": 0.00017817306798,
        "max": 0.0762518718839,
        "mean": 0.0184453874826,
        "median": 0.0157996956259,
        "min": 0.00101484206971,
        "stdev": 0.0110075967386,
        "var": 0.000121167176985
    },
    "spectral_entropy": {
        "dmean": 0.11190906167,
        "dmean2": 0.17291469872,
        "dvar": 0.00995105598122,
        "dvar2": 0.0224477946758,
        "max": 8.42295074463,
        "mean": 7.71621274948,
        "median": 7.70003128052,
        "min": 6.91839075089,
        "stdev": 0.251046001911,
        "var": 0.0630240887403
    },
    "spectral_flux": {
        "dmean": 0.0425725467503,
        "dmean2": 0.0703635811806,
        "dvar": 0.00182419177145,
        "dvar2": 0.00497118150815,
        "max": 0.371767520905,
        "mean": 0.129787787795,
        "median": 0.118039041758,
        "min": 0.0346983782947,
        "stdev": 0.0616283863783,
        "var": 0.00379805779085
    },
    "spectral_kurtosis": {
        "dmean": 0.831898152828,
        "dmean2": 1.43202626705,
        "dvar": 0.65396541357,
        "dvar2": 2.05445599556,
        "max": 8.77977752686,
        "mean": 2.74570965767,
        "median": 2.69032335281,
        "min": 0.0533871650696,
        "stdev": 0.923613727093,
        "var": 0.853062272072
    },
    "spectral_rms": {
        "dmean": 0.00153890764341,
        "dmean2": 0.00238367193379,
        "dvar": 2.07470930036e-06,
        "dvar2": 5.03961246068e-06,
        "max": 0.0180347077549,
        "mean": 0.00930982176214,
        "median": 0.00925812218338,
        "min": 0.00247007282451,
        "stdev": 0.00271127512679,
        "var": 7.3510132097e-06
    },
    "spectral_rolloff": {
        "dmean": 170.931182861,
        "dmean2": 279.930023193,
        "dvar": 215064.703125,
        "dvar2": 487980.875,
        "max": 10206.7382812,
        "mean": 614.214233398,
        "median": 172.265625,
        "min": 64.599609375,
        "stdev": 1066.08789062,
        "var": 1136543.5
    },
    "spectral_skewness": {
        "dmean": 0.142304122448,
        "dmean2": 0.235774829984,
        "dvar": 0.0167440250516,
        "dvar2": 0.0427497774363,
        "max": 1.80340719223,
        "mean": 1.12963438034,
        "median": 1.18751251698,
        "min": 0.347289264202,
        "stdev": 0.264251917601,
        "var": 0.069829069078
    },
    "spectral_spread": {
        "dmean": 387153.59375,
        "dmean2": 535414.25,
        "dvar": 238106820608,
        "dvar2": 388180606976,
        "max": 9533671,
        "mean": 5088210.5,
        "median": 4723418.5,
        "min": 2558426.25,
        "stdev": 1372729.625,
        "var": 1.88438649242e+12
    },
    "spectral_strongpeak": {
        "dmean": 0.475172609091,
        "dmean2": 0.835159063339,
        "dvar": 1.37272512913,
        "dvar2": 3.54404735565,
        "max": 12.7831735611,
        "mean": 0.874938607216,
        "median": 0.527735352516,
        "min": 0,
        "stdev": 1.49766933918,
        "var": 2.24301338196
    },
    "zerocrossingrate": {
        "dmean": 0.00863360892981,
        "dmean2": 0.0102140773088,
        "dvar": 9.02752071852e-05,
        "dvar2": 9.79992837529e-05,
        "max": 0.208984375,
        "mean": 0.0420397818089,
        "median": 0.03125,
        "min": 0.00439453125,
        "stdev": 0.0297090951353,
        "var": 0.000882630352862
    },
    "barkbands": {
        "dmean": [0.00321176834404, 0.0185358226299, 0.0148446476087, 0.00551237724721, 0.00264071300626, 0.00113692367449, 0.000351713999407, 0.000295288220514, 0.000779315188993, 0.000223446608288, 0.000133409863338, 0.000219605339225, 0.000180122500751, 0.000174984015757, 0.000162813390489, 0.000124256621348, 0.000178496324224, 0.00013011675037, 0.000176710673259, 0.000150755047798, 0.000174639280885, 4.98788431287e-05, 4.02931982535e-05, 3.59982441296e-05, 7.34252171242e-05, 7.65906734159e-05, 5.77435048399e-06],
        "dmean2": [0.0052340705879, 0.0277860816568, 0.0245938580483, 0.0090388385579, 0.00429029995576, 0.0018527098, 0.000576034013648, 0.000492655613925, 0.00142044795211, 0.000387121312087, 0.000215475884033, 0.000370228721295, 0.00029615405947, 0.000297876918921, 0.000270156771876, 0.000206948287087, 0.000301099091303, 0.000218358458369, 0.000293497898383, 0.000254638347542, 0.000292064039968, 8.1573103671e-05, 5.8336827351e-05, 4.86570934299e-05, 9.4630428066e-05, 0.000107460276922, 8.4951534518e-06],
        "dvar": [3.44904001395e-05, 0.000589327886701, 0.000312850053888, 3.96280884161e-05, 8.44059377414e-06, 2.56910811913e-06, 3.61773402346e-07, 3.64477102721e-07, 5.6231851886e-06, 6.26467226539e-07, 1.01500347682e-07, 1.02622372822e-07, 1.53956406734e-07, 6.67739712412e-08, 4.40271037405e-08, 2.97231537161e-08, 4.26027817468e-08, 2.3968302898e-08, 8.74604708656e-08, 2.05988914814e-08, 2.67515520846e-08, 7.11237557738e-09, 6.12234796193e-09, 5.32229060823e-09, 2.91795458907e-08, 3.87334679885e-08, 2.89410384546e-10],
        "dvar2": [8.63615859998e-05, 0.00127660215367, 0.000860560860019, 0.000105780643935, 2.26708707487e-05, 6.79633012624e-06, 8.969824421e-07, 8.8885428795e-07, 1.62842297868e-05, 1.76526020823e-06, 2.29236917448e-07, 2.6588722335e-07, 3.67235713838e-07, 1.74696253907e-07, 1.18777329305e-07, 7.47655377609e-08, 1.12429148658e-07, 6.28466310104e-08, 2.2072171646e-07, 5.39111013609e-08, 6.96625548358e-08, 1.74675278686e-08, 1.20148300198e-08, 9.24561405213e-09, 4.96728702615e-08, 6.93872195257e-08, 6.50783482659e-10],
        "max": [0.056517213583, 0.251929908991, 0.162521034479, 0.0667208135128, 0.0308461878449, 0.0175649300218, 0.0103283934295, 0.00885318312794, 0.0261435788125, 0.0149323996156, 0.00493230158463, 0.00682965386659, 0.00712394854054, 0.00328833446838, 0.00315068499185, 0.00258068996482, 0.00254521192983, 0.00265649450012, 0.00832908693701, 0.00161884783302, 0.0019663288258, 0.00154604925774, 0.001231256756, 0.00135645794217, 0.00290572899394, 0.00425613624975, 0.000433642737335],
        "mean": [0.00352965877391, 0.0404992625117, 0.0287745445967, 0.00945479329675, 0.00513762189075, 0.0020777953323, 0.000549918215256, 0.000389509717934, 0.00075883459067, 0.000235036277445, 0.000180835748324, 0.000587301270571, 0.00025203943369, 0.000317191734212, 0.00032304492197, 0.000251961668255, 0.00037825977779, 0.000313597585773, 0.000754505977966, 0.000430852000136, 0.000519036431797, 0.000130195141537, 9.71922490862e-05, 9.14595875656e-05, 0.000169578328496, 0.000160859213793, 9.19321337278e-06],
        "median": [0.00157010322437, 0.0325339734554, 0.0227422788739, 0.00700133200735, 0.00418262556195, 0.00155136140529, 0.000383910024539, 0.000205331671168, 0.00030567869544, 8.80361985764e-05, 8.80130828591e-05, 0.000157825517817, 0.000111512628791, 0.000209638266824, 0.000230969322729, 0.000190767052118, 0.000307280744892, 0.000253935984802, 0.00028383906465, 0.000386536528822, 0.000460312352516, 8.96376732271e-05, 4.0298094973e-05, 3.10180330416e-05, 3.56837117579e-05, 2.05066298804e-05, 6.84233555148e-07],
        "min": [2.06510094358e-07, 7.20106254448e-05, 0.000110164801299, 1.04024720713e-05, 0.000258972897427, 7.60951952543e-05, 2.55452177953e-05, 5.92663946009e-06, 2.25064886763e-05, 7.89918158262e-06, 2.74447575066e-06, 8.39056519908e-06, 3.07083200823e-06, 1.09998263724e-05, 1.91640647245e-05, 2.44730399572e-05, 3.2876185287e-05, 3.59053592547e-05, 5.04871786688e-05, 0.000110253036837, 0.000128761850647, 1.35945128932e-05, 3.80260371458e-06, 1.26623274355e-06, 9.43601719428e-07, 1.37205319106e-07, 6.45596597015e-12],
        "stdev": [0.00583197362721, 0.0368755720556, 0.0251809470356, 0.00848633330315, 0.00379318534397, 0.00186210649554, 0.000670363137033, 0.000639506673906, 0.00192234339193, 0.000686151499394, 0.000361125916243, 0.00108840584289, 0.000441222044174, 0.000349383975845, 0.000310162897222, 0.000219201683649, 0.000261340261204, 0.000237849497353, 0.00149790220894, 0.000195586384507, 0.00023878281354, 0.000116008406621, 0.00013848610979, 0.00014206735068, 0.000310527189868, 0.000341909995768, 2.31919311773e-05],
        "var": [3.40119149769e-05, 0.00135980779305, 0.000634080090094, 7.20178577467e-05, 1.43882543853e-05, 3.46744059243e-06, 4.49386703849e-07, 4.08968816146e-07, 3.69540407519e-06, 4.70803911412e-07, 1.30411919486e-07, 1.18462730825e-06, 1.94676900378e-07, 1.22069167219e-07, 9.6201020483e-08, 4.80493795862e-08, 6.82987320033e-08, 5.65723823343e-08, 2.24371092372e-06, 3.82540328303e-08, 5.70172318248e-08, 1.34579511979e-08, 1.91784028658e-08, 2.01831333868e-08, 9.64271436033e-08, 1.1690244861e-07, 5.37865640915e-10]
    },
    "erbbands": {
        "dmean": [0.809388995171, 3.64534878731, 15.5942649841, 17.4105987549, 10.1136445999, 9.53170681, 12.1147384644, 8.0875120163, 6.19236373901, 3.8923163414, 12.2618560791, 16.6318511963, 7.75970220566, 4.19361066818, 6.57109737396, 8.23387908936, 7.57932138443, 8.19424057007, 8.27923870087, 7.05938529968, 6.97391748428, 9.75116348267, 6.89617061615, 7.74751996994, 7.38250923157, 7.23525714874, 8.89283370972, 5.25950670242, 1.94618952274, 1.17056524754, 1.16071772575, 0.816627919674, 0.675842285156, 0.636600792408, 0.678700685501, 0.423296570778, 0.120874077082, 0.020218597725, 0.000481746188598, 4.19589996454e-05],
        "dmean2": [1.22941911221, 5.68532562256, 25.7159156799, 29.3428821564, 16.4036483765, 15.7079191208, 19.8320884705, 13.6226530075, 10.2210741043, 6.36633729935, 21.3176879883, 30.0688838959, 13.4701023102, 7.0856423378, 10.6001873016, 13.6779680252, 12.4063158035, 13.4315576553, 13.5478773117, 11.8664665222, 11.6687812805, 16.4311389923, 11.4195537567, 12.9250841141, 12.3078117371, 12.1504545212, 15.0500307083, 8.8647851944, 3.18616437912, 1.77843773365, 1.6913125515, 1.16133856773, 0.942702174187, 0.852825403214, 0.924038529396, 0.606635212898, 0.165343523026, 0.0268996637315, 0.000638272322249, 6.27158442512e-05],
        "dvar": [1.92281532288, 17.4048156738, 324.246948242, 421.092437744, 110.896385193, 163.257339478, 186.324050903, 225.825164795, 129.216903687, 29.4982891083, 1133.62207031, 2455.85742188, 612.664550781, 116.779983521, 165.439468384, 162.009002686, 263.263122559, 167.658843994, 158.069793701, 93.5129470825, 101.731529236, 129.279983521, 77.8056030273, 70.82447052, 125.672546387, 46.4347991943, 70.2835693359, 29.2489566803, 13.705450058, 3.99576497078, 5.54571056366, 2.61608219147, 2.11963653564, 2.05326604843, 2.71593260765, 1.14947748184, 0.0906396210194, 0.00285819801502, 1.62925016411e-06, 2.1779185122e-09],
        "dvar2": [4.02460861206, 43.0128936768, 835.866271973, 1214.26904297, 297.326812744, 437.942626953, 507.419342041, 595.51739502, 321.503448486, 72.5011749268, 3121.43432617, 7060.33300781, 1743.11315918, 303.94619751, 379.704193115, 415.408935547, 636.156433105, 419.587738037, 405.617248535, 254.244491577, 261.92288208, 336.651275635, 202.929855347, 184.608428955, 319.838623047, 121.881317139, 185.695007324, 76.2617416382, 35.6112442017, 8.24293136597, 11.4714241028, 5.03382968903, 3.94659996033, 3.59750247002, 5.10910558701, 2.1249434948, 0.163537949324, 0.00495261792094, 2.97809447147e-06, 4.53247661625e-09],
        "max": [13.950091362, 44.83253479, 176.278396606, 199.162490845, 111.13368988, 131.285644531, 155.021453857, 160.947219849, 220.402145386, 65.8438491821, 408.18460083, 532.290039062, 422.912597656, 198.699325562, 200.54473877, 277.578063965, 294.58013916, 155.042098999, 228.752090454, 181.471862793, 158.761444092, 145.968307495, 160.555038452, 204.743835449, 339.078491211, 84.9250717163, 95.1459884644, 72.2749176025, 78.3013000488, 33.0356369019, 41.7020339966, 30.0063304901, 28.9918956757, 21.3739929199, 29.5704689026, 22.80859375, 6.20355129242, 1.21663796902, 0.0320968069136, 0.000911729759537],
        "mean": [1.36920011044, 8.32951259613, 34.191532135, 31.9624538422, 20.0839538574, 16.0179405212, 22.335943222, 12.0716810226, 8.98541069031, 6.67415189743, 13.802113533, 16.3919353485, 8.57708454132, 5.76930332184, 12.3803958893, 22.5431003571, 11.9061546326, 14.8717870712, 17.7359142303, 15.4674396515, 15.2269258499, 21.3715324402, 17.1764965057, 27.8179016113, 31.1628608704, 21.2860774994, 25.4344577789, 14.6598129272, 5.52465057373, 2.86238789558, 2.71374964714, 2.01796245575, 1.61394488811, 1.47118008137, 1.45822870731, 0.870427072048, 0.249206647277, 0.0411630123854, 0.000990257365629, 0.000137217517477],
        "median": [0.763126075268, 6.82135009766, 26.9816226959, 25.0790424347, 16.6022186279, 11.3066167831, 17.2019481659, 7.95666360855, 5.83101987839, 4.78682279587, 5.84618806839, 6.93589115143, 3.7171330452, 2.92237782478, 5.75800991058, 6.06246232986, 5.94538068771, 9.00160121918, 12.4113779068, 11.4137048721, 11.914358139, 17.1520118713, 13.5267047882, 16.509552002, 13.6340303421, 19.2866725922, 22.8400783539, 12.5495042801, 3.6919157505, 1.59419512749, 1.04117798805, 0.789967358112, 0.468372911215, 0.364665299654, 0.265668362379, 0.112672291696, 0.032098248601, 0.00452259602025, 0.000156128808158, 0.000122720390209],
        "min": [0.00199747434817, 0.029958082363, 0.150962755084, 0.173697412014, 0.601324737072, 1.02798545361, 0.622774481773, 0.615169882774, 0.512158036232, 0.349850177765, 0.223418623209, 0.605283558369, 0.376821756363, 0.494228631258, 0.41923391819, 0.676234662533, 0.814264655113, 0.853141307831, 1.48441851139, 1.77628445625, 2.60723280907, 2.96521830559, 3.14335656166, 3.92636179924, 3.79360318184, 5.79520797729, 5.73422813416, 1.69155991077, 0.609480202198, 0.223392695189, 0.077958740294, 0.0298465322703, 0.0207995772362, 0.0137371122837, 0.00308837625198, 0.000781437614933, 0.000254128332017, 3.98155243602e-05, 1.01789664768e-05, 8.96925394045e-06],
        "stdev": [1.75738310814, 6.86804866791, 29.2628993988, 25.3656826019, 14.3757810593, 15.468123436, 18.0637073517, 14.8478403091, 12.4561510086, 6.61835002899, 30.1327228546, 40.4382514954, 21.2388134003, 10.6604976654, 17.4255905151, 41.3826522827, 18.3388500214, 17.4195556641, 18.0522556305, 13.4434461594, 11.9903917313, 14.8504743576, 13.2159605026, 34.618144989, 55.6490592957, 9.40609645844, 11.5006313324, 7.72326946259, 4.93401861191, 3.41980576515, 4.02571058273, 3.03332066536, 2.66482782364, 2.5736014843, 2.80046534538, 1.83917844296, 0.520855724812, 0.091211438179, 0.00211353530176, 8.49242278491e-05],
        "var": [3.08839559555, 47.1700897217, 856.317321777, 643.41784668, 206.663070679, 239.2628479, 326.297515869, 220.458374023, 155.155700684, 43.8025550842, 907.980957031, 1635.25219727, 451.087188721, 113.646217346, 303.6512146, 1712.52392578, 336.313415527, 303.440887451, 325.883911133, 180.726242065, 143.769485474, 220.536575317, 174.661605835, 1198.41589355, 3096.81762695, 88.4746551514, 132.264511108, 59.648891449, 24.3445396423, 11.6950712204, 16.2063465118, 9.20103359222, 7.10130691528, 6.62342500687, 7.84260654449, 3.38257718086, 0.271290689707, 0.00831952691078, 4.46703143098e-06, 7.21212467525e-09]
    },
    "gfcc": {
        "mean": [48.0353317261, 90.5857772827, -88.3923568726, 66.64037323, -33.8060569763, 11.2833890915, -28.4244651794, 9.74665164948, -30.9047241211, 10.9087600708, -21.0377788544, -2.60114502907, -10.2670650482],
        "cov": [[1066.52099609, -628.855224609, 393.110046387, -374.815765381, -65.3237533569, 219.172668457, -167.888687134, 167.1690979, -25.4348068237, 115.304992676, -111.359832764, 88.9870758057, -123.290802002], [-628.855224609, 692.721496582, -341.53036499, 242.369934082, 70.0320663452, -168.139755249, 175.326431274, -145.99571228, 81.0457305908, -82.7619476318, 78.5152130127, -86.0657196045, 117.397064209], [393.110046387, -341.53036499, 614.266113281, -76.9508895874, 115.447418213, 143.863006592, -74.9978713989, 157.850570679, 46.4869651794, 147.743713379, -114.294197083, 31.7691192627, -31.9954242706], [-374.815765381, 242.369934082, -76.9508895874, 197.564468384, 70.9511184692, -56.8670387268, 79.9947128296, -57.1818389893, 24.8937644958, -36.2768058777, 51.9093093872, -32.8078804016, 52.0467529297], [-65.3237533569, 70.0320663452, 115.447418213, 70.9511184692, 131.380142212, 39.6689453125, 29.3821487427, 11.5887804031, 48.1359939575, 39.8720169067, -5.33712339401, -9.02496051788, 24.108423233], [219.172668457, -168.139755249, 143.863006592, -56.8670387268, 39.6689453125, 113.784980774, -22.2833805084, 55.4205970764, 2.4692196846, 39.6403961182, -17.4213371277, 24.7064781189, -28.6014137268], [-167.888687134, 175.326431274, -74.9978713989, 79.9947128296, 29.3821487427, -22.2833805084, 108.161140442, -7.38124322891, 35.3493881226, -15.821641922, 31.9048175812, -17.0031852722, 34.3711853027], [167.1690979, -145.99571228, 157.850570679, -57.1818389893, 11.5887804031, 55.4205970764, -7.38124322891, 92.1861038208, 23.6700401306, 53.2359275818, -32.928314209, 18.6445827484, -17.8138599396], [-25.4348068237, 81.0457305908, 46.4869651794, 24.8937644958, 48.1359939575, 2.4692196846, 35.3493881226, 23.6700401306, 75.417098999, 40.4808540344, -5.12826108932, -12.336435318, 23.554731369], [115.304992676, -82.7619476318, 147.743713379, -36.2768058777, 39.8720169067, 39.6403961182, -15.821641922, 53.2359275818, 40.4808540344, 84.2972564697, -19.8631362915, 18.4889698029, 0.915802836418], [-111.359832764, 78.5152130127, -114.294197083, 51.9093093872, -5.33712339401, -17.4213371277, 31.9048175812, -32.928314209, -5.12826108932, -19.8631362915, 71.2146606445, 15.0713968277, 18.3322868347], [88.9870758057, -86.0657196045, 31.7691192627, -32.8078804016, -9.02496051788, 24.7064781189, -17.0031852722, 18.6445827484, -12.336435318, 18.4889698029, 15.0713968277, 46.8248977661, 3.03465414047], [-123.290802002, 117.397064209, -31.9954242706, 52.0467529297, 24.108423233, -28.6014137268, 34.3711853027, -17.8138599396, 23.554731369, 0.915802836418, 18.3322868347, 3.03465414047, 52.2862968445]],
        "icov": [[0.00574393523857, 0.000735207402613, -0.00251903175376, 0.00872167851776, 0.000992669607513, -0.0040778615512, -0.000486421951791, 0.00280257803388, -0.0043473453261, 0.00300472206436, -0.00122815312352, -0.0028093222063, 0.00275596044958], [0.000735207402613, 0.0124554084614, 0.000769089616369, 0.00398492114618, -0.00642562611029, 0.00753117771819, -0.00874848477542, 0.00981662701815, -0.00835982337594, 0.00457967771217, -0.00331229506992, 0.00912247784436, -0.00923261698335], [-0.00251903175376, 0.000769089616369, 0.00846152100712, -0.0086495866999, -0.00273415865377, -0.000544824171811, 0.002505392069, -0.00629078969359, 0.00315578258596, -0.00719582149759, 0.00965542718768, -0.00177707592957, -0.00128426332958], [0.00872167851776, 0.00398492114618, -0.0086495866999, 0.0373197719455, -0.0129883186892, 0.00574721256271, -0.007318995893, 0.00726750772446, -0.00554336607456, 0.0157597661018, -0.0218416992575, 0.0113617088646, -0.00518367532641], [0.000992669607513, -0.00642562611029, -0.00273415865377, -0.0129883186892, 0.0300646983087, -0.019871134311, 0.00305962562561, 0.00489376951009, -0.00294124078937, -0.0111684100702, 0.00934350304306, -0.00496879778802, 0.0014805769315], [-0.0040778615512, 0.00753117771819, -0.000544824171811, 0.00574721256271, -0.019871134311, 0.0340466573834, -0.00722107477486, -0.00250732386485, 5.70144984522e-05, 0.00693330774084, -0.0101140895858, 0.00295266043395, 0.00232720654458], [-0.000486421951791, -0.00874848477542, 0.002505392069, -0.007318995893, 0.00305962562561, -0.00722107477486, 0.0284057464451, -0.0189576689154, -0.000146824240801, 0.00297200214118, -0.00354042672552, 0.000332824303769, -0.00194213876966], [0.00280257803388, 0.00981662701815, -0.00629078969359, 0.00726750772446, 0.00489376951009, -0.00250732386485, -0.0189576689154, 0.0464564599097, -0.0173206403852, -0.0028693175409, 0.00618362240493, -0.00673259189352, 0.00422130757943], [-0.0043473453261, -0.00835982337594, 0.00315578258596, -0.00554336607456, -0.00294124078937, 5.70144984522e-05, -0.000146824240801, -0.0173206403852, 0.0460035614669, -0.0234001912177, -0.000650874921121, 0.015297385864, -0.00942326337099], [0.00300472206436, 0.00457967771217, -0.00719582149759, 0.0157597661018, -0.0111684100702, 0.00693330774084, 0.00297200214118, -0.0028693175409, -0.0234001912177, 0.0454496219754, -0.0124151492491, -0.00488482788205, -0.00289539899677], [-0.00122815312352, -0.00331229506992, 0.00965542718768, -0.0218416992575, 0.00934350304306, -0.0101140895858, -0.00354042672552, 0.00618362240493, -0.000650874921121, -0.0124151492491, 0.0506977029145, -0.0345529317856, 0.0115252686664], [-0.0028093222063, 0.00912247784436, -0.00177707592957, 0.0113617088646, -0.00496879778802, 0.00295266043395, 0.000332824303769, -0.00673259189352, 0.015297385864, -0.00488482788205, -0.0345529317856, 0.0723933503032, -0.0370030738413], [0.00275596044958, -0.00923261698335, -0.00128426332958, -0.00518367532641, 0.0014805769315, 0.00232720654458, -0.00194213876966, 0.00422130757943, -0.00942326337099, -0.00289539899677, 0.0115252686664, -0.0370030738413, 0.056435611099]]
    },
    "melbands": {
        "dmean": [0.00579740619287, 0.00623757066205, 0.00254644732922, 0.00061686564004, 0.000400097691454, 0.000182946125278, 8.75981349964e-05, 4.09214844694e-05, 0.000129763124278, 9.43920313148e-05, 3.81145364372e-05, 1.82405765372e-05, 2.05879805435e-05, 2.64544560196e-05, 1.51965796249e-05, 2.00790709641e-05, 1.60024665092e-05, 1.47933424159e-05, 1.24133139252e-05, 8.68152983458e-06, 9.26500797505e-06, 1.16378105304e-05, 8.23743084766e-06, 6.48262266623e-06, 6.86435214448e-06, 8.55072448758e-06, 4.4392095333e-06, 5.66912922295e-06, 6.44542978989e-06, 4.90106594953e-06, 2.88826595352e-06, 1.3262254015e-06, 7.17034083664e-07, 6.95645269388e-07, 6.61911656152e-07, 7.93991262071e-07, 4.61749607439e-07, 4.90591730795e-07, 5.05979983245e-07, 5.83002361054e-07],
        "dmean2": [0.00869360007346, 0.0102222394198, 0.00428030733019, 0.000997413997538, 0.000661379366647, 0.000305309513351, 0.000143749406561, 6.74359471304e-05, 0.000231554979109, 0.000170225321199, 6.61314916215e-05, 3.11865151161e-05, 3.30879156536e-05, 4.44224860985e-05, 2.5146506232e-05, 3.31922310579e-05, 2.66580500465e-05, 2.43710455834e-05, 2.1013447622e-05, 1.44376972457e-05, 1.56450078066e-05, 1.97093959287e-05, 1.37635515784e-05, 1.09764305307e-05, 1.15872990136e-05, 1.42752178363e-05, 7.57942325436e-06, 9.64684750215e-06, 1.09631046143e-05, 8.35283572087e-06, 4.85685404783e-06, 2.19802018364e-06, 1.14095803383e-06, 1.09524535219e-06, 1.01146122233e-06, 1.18622483569e-06, 6.84341500801e-07, 7.1076169661e-07, 7.00484008576e-07, 8.29065470498e-07],
        "dvar": [7.89724072092e-05, 4.78628389828e-05, 8.54645168147e-06, 4.94407515816e-07, 2.1578900089e-07, 1.00390053603e-07, 2.58649226481e-08, 3.36869421247e-09, 1.48173512571e-07, 7.46844577293e-08, 1.58140771589e-08, 2.70138067471e-09, 2.55766474666e-09, 1.68719416216e-09, 7.55140727726e-10, 2.25122009923e-09, 6.08934458413e-10, 5.38675992701e-10, 2.6103563755e-10, 1.27961238827e-10, 1.62730801057e-10, 1.72261815923e-10, 1.0383817417e-10, 5.99436472681e-11, 5.29447145847e-11, 2.92738638885e-10, 2.2288074164e-11, 2.7542832598e-11, 3.59631734115e-11, 2.24662458775e-11, 9.38013468982e-12, 6.10201993101e-12, 1.54071449609e-12, 1.35805798031e-12, 1.72673236386e-12, 2.67018677134e-12, 8.04589576388e-13, 1.04942736358e-12, 1.26005857224e-12, 1.77284088018e-12],
        "dvar2": [0.000166969315615, 0.000123275589431, 2.47448515438e-05, 1.27253338178e-06, 6.01382737386e-07, 2.64524288696e-07, 6.43482280793e-08, 8.08851563505e-09, 4.19071227498e-07, 2.14887307948e-07, 4.5183213615e-08, 7.25962223669e-09, 5.78850967159e-09, 4.27747393061e-09, 1.94542293386e-09, 5.4677982142e-09, 1.5945781362e-09, 1.41909783924e-09, 7.10449643559e-10, 3.39584194098e-10, 4.29536045621e-10, 4.61111260286e-10, 2.51624471259e-10, 1.58392937655e-10, 1.39336348015e-10, 7.33663796382e-10, 5.97649291167e-11, 7.33975172307e-11, 9.95601309728e-11, 6.10868092221e-11, 2.47173254087e-11, 1.62346004695e-11, 3.53669610959e-12, 2.93440445553e-12, 3.8840415259e-12, 5.75555185109e-12, 1.67813853091e-12, 2.0522283959e-12, 2.4713896294e-12, 3.33087810805e-12],
        "max": [0.0912358462811, 0.0750689134002, 0.028435504064, 0.00807354599237, 0.00538696767762, 0.00336851156317, 0.00321915769018, 0.000713370856829, 0.00420090090483, 0.00291355559602, 0.00220984709449, 0.000969291897491, 0.000794326944742, 0.001024396508, 0.000409637665143, 0.00081792823039, 0.000329556583893, 0.000439921830548, 0.00019504748343, 0.000227798955166, 0.000187757934327, 0.000165345089044, 0.000188067788258, 0.000113711284939, 0.000171392588527, 0.000507174700033, 5.94504817855e-05, 6.49537760182e-05, 5.67279130337e-05, 5.95215678914e-05, 4.20192300226e-05, 5.37544110557e-05, 2.13930161408e-05, 1.69826762431e-05, 2.28907829296e-05, 2.25087187573e-05, 1.54823901539e-05, 1.96682540263e-05, 1.87482801266e-05, 1.89418915397e-05],
        "mean": [0.0111132757738, 0.0149351172149, 0.00512673519552, 0.00120863760822, 0.000741982948966, 0.000294588098768, 0.000130717933644, 6.80171942804e-05, 0.00013445118384, 9.4136048574e-05, 4.09666317864e-05, 2.31036301557e-05, 3.02337539324e-05, 7.82174683991e-05, 2.89750005322e-05, 2.66914230451e-05, 2.81145257759e-05, 2.90118114208e-05, 2.42474670813e-05, 1.75548066181e-05, 1.80187435035e-05, 2.32329675782e-05, 1.73307707882e-05, 1.44422665471e-05, 2.23565657507e-05, 3.74042319891e-05, 1.0494696653e-05, 1.44722152982e-05, 1.66230802279e-05, 1.27476023408e-05, 6.89857370162e-06, 3.32972922479e-06, 1.6491670749e-06, 1.51540984916e-06, 1.43555962495e-06, 1.68388612565e-06, 1.04569949144e-06, 1.09888219413e-06, 1.10727887659e-06, 1.26622910557e-06],
        "median": [0.00774145266041, 0.0124695654958, 0.00423106271774, 0.000962705118582, 0.000596166762989, 0.000208208235563, 8.81439409568e-05, 4.73983673146e-05, 5.16183099535e-05, 4.15474096371e-05, 1.71060637513e-05, 1.08998901851e-05, 1.62537180586e-05, 1.80170827662e-05, 1.44359628393e-05, 1.1370593711e-05, 1.75205186679e-05, 2.01433922484e-05, 1.72729360202e-05, 1.3293198208e-05, 1.37456599987e-05, 1.87415644177e-05, 1.31311226141e-05, 1.15232496682e-05, 1.33322691909e-05, 9.94461606751e-06, 9.03900581761e-06, 1.3107799532e-05, 1.49097531903e-05, 1.11338704301e-05, 5.67656616113e-06, 2.19088292397e-06, 1.01958812593e-06, 7.7314751934e-07, 6.26527992154e-07, 5.3745503692e-07, 4.17373996697e-07, 3.29505155605e-07, 3.0315968047e-07, 2.99957292782e-07],
        "min": [2.75826459983e-05, 7.60813636589e-05, 3.47879395122e-05, 3.88022817788e-05, 2.24314189836e-05, 1.57927970577e-05, 4.29248120781e-06, 4.07173865824e-06, 1.54103418026e-06, 3.20829940392e-06, 1.66833694948e-06, 7.58256476274e-07, 9.62088734013e-07, 1.12558120691e-06, 1.39034580116e-06, 5.40130997706e-07, 9.62392391557e-07, 1.83383633612e-06, 1.3172840454e-06, 1.62531750902e-06, 2.28955423154e-06, 1.96583710022e-06, 3.043427796e-06, 1.65699316312e-06, 2.63599827122e-06, 1.94076596927e-06, 2.31435546993e-06, 3.43686156157e-06, 2.55926920545e-06, 2.06608592634e-06, 5.53032066364e-07, 3.6043752516e-07, 8.9112894841e-08, 8.41801579554e-08, 4.51079102959e-08, 1.23779475558e-08, 2.17774651645e-08, 1.09359952205e-08, 1.13087894604e-08, 9.23619314364e-09],
        "stdev": [0.0120155308396, 0.0117281889543, 0.00369368633255, 0.000952157657593, 0.000566448958125, 0.000323394633597, 0.000177959940629, 7.10541353328e-05, 0.000327375048073, 0.000223289825954, 0.0001072918094, 4.88614859933e-05, 5.69853182242e-05, 0.000163979624631, 3.93343325413e-05, 5.03195296915e-05, 3.27089510392e-05, 3.10330506181e-05, 2.30317727983e-05, 1.53394412337e-05, 1.4640729205e-05, 1.64027223946e-05, 1.50286041389e-05, 1.08526501208e-05, 2.77776798612e-05, 8.75765908859e-05, 5.8959958551e-06, 6.89551143296e-06, 7.92333048594e-06, 6.26535438641e-06, 4.23340134148e-06, 3.19120522363e-06, 1.8127976773e-06, 1.91340404854e-06, 2.06175445783e-06, 2.74678563983e-06, 1.57549584401e-06, 1.81768996299e-06, 1.90909554476e-06, 2.25896405937e-06],
        "var": [0.000144372985233, 0.000137550407089, 1.36433191074e-05, 9.06604213924e-07, 3.20864444348e-07, 1.04584081839e-07, 3.16697423841e-08, 5.04869035467e-09, 1.07174422226e-07, 4.98583467845e-08, 1.15115321719e-08, 2.38744490844e-09, 3.24732640777e-09, 2.6889315663e-08, 1.54718959866e-09, 2.53205523215e-09, 1.06987541049e-09, 9.63050306169e-10, 5.30462562764e-10, 2.35298447393e-10, 2.14350939776e-10, 2.69049310608e-10, 2.2585894266e-10, 1.17780007969e-10, 7.71599450999e-10, 7.66965957411e-09, 3.47627690522e-11, 4.75480800566e-11, 6.27791707508e-11, 3.92546654904e-11, 1.79216867041e-11, 1.01837904429e-11, 3.28623543308e-12, 3.66111524777e-12, 4.25083145766e-12, 7.5448319467e-12, 2.482186982e-12, 3.30399683307e-12, 3.64464621677e-12, 5.10291895545e-12]
    },
    "melbands128": {
