{
"lowlevel": {
    "average_loudness": 0.677256762981,
    "barkbands_crest": {
        "dmean": 2.88764572144,
        "dmean2": 4.66584539413,
        "dvar": 6.20184421539,
        "dvar2": 15.4296045303,
        "max": 24.9760684967,
        "mean": 8.6672410965,
        "median": 7.97478628159,
        "min": 2.24586868286,
        "stdev": 3.52804589272,
        "var": 12.4471073151
    },
    "barkbands_flatness_db": {
        "dmean": 0.0218963287771,
        "dmean2": 0.0332691371441,
        "dvar": 0.000382860889658,
        "dvar2": 0.000865730457008,
        "max": 0.247774422169,
        "mean": 0.119218342006,
        "median": 0.11770286411,
        "min": 0.0301068741828,
        "stdev": 0.0338316746056,
        "var": 0.00114458217286
    },
    "barkbands_kurtosis": {
        "dmean": 1.7551022768,
        "dmean2": 2.87373709679,
        "dvar": 8.46017360687,
        "dvar2": 22.2187786102,
        "max": 26.7330760956,
        "mean": 0.95177590847,
        "median": -0.170219421387,
        "min": -1.72986996174,
        "stdev": 3.22332572937,
        "var": 10.3898286819
    },
    "barkbands_skewness": {
        "dmean": 0.604570329189,
        "dmean2": 0.922336280346,
        "dvar": 0.379354000092,
        "dvar2": 0.899264156818,
        "max": 4.86521244049,
        "mean": 0.830572187901,
        "median": 0.739895999432,
        "min": -4.04496049881,
        "stdev": 0.994667649269,
        "var": 0.989363729954
    },
    "barkbands_spread": {
        "dmean": 6.79013109207,
        "dmean2": 10.5355215073,
        "dvar": 40.2919692993,
        "dvar2": 98.4540252686,
        "max": 67.188873291,
        "mean": 25.7210273743,
        "median": 24.3708572388,
        "min": 3.4026696682,
        "stdev": 9.52976989746,
        "var": 90.8165130615
    },
    "dissonance": {
        "dmean": 0.0164495352656,
        "dmean2": 0.026586510241,
        "dvar": 0.000247130490607,
        "dvar2": 0.000611365016084,
        "max": 0.499999880791,
        "mean": 0.470617771149,
        "median": 0.477003931999,
        "min": 0.333910673857,
        "stdev": 0.0228382498026,
        "var": 0.000521585636307
    },
    "dynamic_complexity": 1.93254637718,
    "erbbands_crest": {
        "dmean": 2.72071671486,
        "dmean2": 4.5226893425,
        "dvar": 7.83790874481,
        "dvar2": 19.3330059052,
        "max": 29.3079071045,
        "mean": 8.08442211151,
        "median": 7.10041713715,
        "min": 2.71763086319,
        "stdev": 3.74690318108,
        "var": 14.0392837524
    },
    "erbbands_flatness_db": {
        "dmean": 0.0188177917153,
        "dmean2": 0.0277729202062,
        "dvar": 0.000346935295966,
        "dvar2": 0.000698225339875,
        "max": 0.338294655085,
        "mean": 0.173777803779,
        "median": 0.172733083367,
        "min": 0.0678235962987,
        "stdev": 0.0402871035039,
        "var": 0.00162305065896
    },
    "erbbands_kurtosis": {
        "dmean": 0.985425710678,
        "dmean2": 1.649289608,
        "dvar": 3.04394936562,
        "dvar2": 7.90710353851,
        "max": 27.494720459,
        "mean": 0.124187484384,
        "median": -0.240658283234,
        "min": -1.56486058235,
        "stdev": 1.69965088367,
        "var": 2.88881325722
    },
    "erbbands_skewness": {
        "dmean": 0.367894500494,
        "dmean2": 0.583626270294,
        "dvar": 0.108894988894,
        "dvar2": 0.254568457603,
        "max": 2.07248950005,
        "mean": -0.0848454907537,
        "median": -0.100259967148,
        "min": -2.04177904129,
        "stdev": 0.527608573437,
        "var": 0.278370827436
    },
    "erbbands_spread": {
        "dmean": 8.99696159363,
        "dmean2": 14.0989532471,
        "dvar": 78.5716247559,
        "dvar2": 177.453796387,
        "max": 88.9953460693,
        "mean": 35.2728347778,
        "median": 32.9720726013,
        "min": 2.86480927467,
        "stdev": 14.3049793243,
        "var": 204.63243103
    },
    "hfc": {
        "dmean": 6.94016313553,
        "dmean2": 10.7388544083,
        "dvar": 77.5197525024,
        "dvar2": 186.134185791,
        "max": 119.185173035,
        "mean": 25.4732913971,
        "median": 21.0201187134,
        "min": 4.09447956085,
        "stdev": 15.2672491074,
        "var": 233.088897705
    },
    "loudness_ebu128": {
        "integrated": -17.6509742737,
        "loudness_range": 5.80566596985,
        "momentary": {
            "dmean": 0.315042585135,
            "dmean2": 0.468458533287,
            "dvar": 0.066338673234,
            "dvar2": 0.144167050719,
            "max": -13.9590501785,
            "mean": -18.2419490814,
            "median": -19.0543880463,
            "min": -21.4319190979,
            "stdev": 2.19325327873,
            "var": 4.810359478
        },
        "short_term": {
            "dmean": 0.0494935847819,
            "dmean2": 0.0451243519783,
            "dvar": 0.00267245597206,
            "dvar2": 0.0016509302659,
            "max": -14.5887851715,
            "mean": -18.3075466156,
            "median": -19.2278289795,
            "min": -20.8897361755,
            "stdev": 2.03952717781,
            "var": 4.15967130661
        }
    },
    "melbands_crest": {
        "dmean": 3.99370288849,
        "dmean2": 6.45608615875,
        "dvar": 11.3706474304,
        "dvar2": 27.0080661774,
        "max": 29.0911197662,
        "mean": 13.0698223114,
        "median": 12.2470884323,
        "min": 3.40842723846,
        "stdev": 5.50444507599,
        "var": 30.2989177704
    },
    "melbands_flatness_db": {
        "dmean": 0.0286396667361,
        "dmean2": 0.0437476485968,
        "dvar": 0.000723825825844,
        "dvar2": 0.00161099911202,
        "max": 0.321662336588,
        "mean": 0.151688933372,
        "median": 0.149226918817,
        "min": 0.0339986905456,
        "stdev": 0.0466644689441,
        "var": 0.00217757257633
    },
    "melbands_kurtosis": {
        "dmean": 5.06431865692,
        "dmean2": 8.00376415253,
        "dvar": 76.7098846436,
        "dvar2": 194.499664307,
        "max": 83.0926742554,
        "mean": 6.70907068253,
        "median": 2.79582500458,
        "min": -1.52570271492,
        "stdev": 11.1661901474,
        "var": 124.683799744
    },
    "melbands_skewness": {
        "dmean": 0.783061563969,
        "dmean2": 1.20166862011,
        "dvar": 0.720440208912,
        "dvar2": 1.65340769291,
        "max": 8.0201587677,
        "mean": 1.92412209511,
        "median": 1.62025034428,
        "min": -2.8292927742,
        "stdev": 1.49230706692,
        "var": 2.22698020935
    },
    "melbands_spread": {
        "dmean": 11.4233732224,
        "dmean2": 17.7735900879,
        "dvar": 131.210388184,
        "dvar2": 295.975891113,
        "max": 109.33493042,
        "mean": 33.8669090271,
        "median": 31.4804172516,
        "min": 3.31673693657,
        "stdev": 17.1391220093,
        "var": 293.749481201
    },
    "pitch_salience": {
        "dmean": 0.0805992186069,
        "dmean2": 0.131150215864,
        "dvar": 0.0046433606185,
        "dvar2": 0.0123911360279,
        "max": 0.807157158852,
        "mean": 0.578975439072,
        "median": 0.593708395958,
        "min": 0.151507481933,
        "stdev": 0.102476485074,
        "var": 0.0105014303699
    },
    "silence_rate_20dB": {
        "dmean": 0,
        "dmean2": 0,
        "dvar": 0,
        "dvar2": 0,
        "max": 1,
        "mean": 1,
        "median": 1,
        "min": 1,
        "stdev": 0,
        "var": 0
    },
    "silence_rate_30dB": {
        "dmean": 0.0392156876624,
        "dmean2": 0.0784718617797,
        "dvar": 0.0376777723432,
        "dvar2": 0.097094245255,
        "max": 1,
        "mean": 0.96905618906,
        "median": 1,
        "min": 0,
        "stdev": 0.173165425658,
        "var": 0.0299862623215
    },
    "silence_rate_60dB": {
        "dmean": 0.00103199179284,
        "dmean2": 0.00206504901871,
        "dvar": 0.00103093450889,
        "dvar2": 0.00309333601035,
        "max": 1,
        "mean": 0.000515729770996,
        "median": 0,
        "min": 0,
        "stdev": 0.0227032229304,
        "var": 0.000515436346177
    },
    "spectral_centroid": {
        "dmean": 343.448486328,
        "dmean2": 532.672424316,
        "dvar": 106686.375,
        "dvar2": 245858.90625,
        "max": 3332.64770508,
        "mean": 1702.49902344,
        "median": 1665.60009766,
        "min": 536.985839844,
        "stdev": 498.978912354,
        "var": 248979.953125
    },
    "spectral_complexity": {
        "dmean": 4.73426198959,
        "dmean2": 6.69850301743,
        "dvar": 15.4181146622,
        "dvar2": 30.8559246063,
        "max": 57,
        "mean": 25.4445590973,
        "median": 24,
        "min": 7,
        "stdev": 10.4244356155,
        "var": 108.668861389
    },
    "spectral_decrease": {
        "dmean": 3.02659652895e-09,
        "dmean2": 4.84167372861e-09,
        "dvar": 3.10621937184e-17,
        "dvar2": 7.93710833561e-17,
        "max": -4.76135630922e-10,
        "mean": -7.62190488501e-09,
        "median": -3.84371157125e-09,
        "min": -4.50685071485e-08,
        "stdev": 7.92759990986e-09,
        "var": 6.28468403663e-17
    },
    "spectral_energy": {
        "dmean": 0.0117861740291,
        "dmean2": 0.0188186522573,
        "dvar": 0.00044998084195,
        "dvar2": 0.00114796007983,
        "max": 0.174388587475,
        "mean": 0.0310773439705,
        "median": 0.0164118595421,
        "min": 0.00216842652299,
        "stdev": 0.0307316668332,
        "var": 0.000944435305428
    },
    "spectral_energyband_high": {
        "dmean": 0.00049823068548,
        "dmean2": 0.000769652775489,
        "dvar": 7.49822504531e-07,
        "dvar2": 1.85145961495e-06,
        "max": 0.0118329962716,
        "mean": 0.00120662106201,
        "median": 0.000812429585494,
        "min": 4.65505108878e-05,
        "stdev": 0.00125220778864,
        "var": 1.56802445872e-06
    },
    "spectral_energyband_low": {
        "dmean": 0.0083896163851,
        "dmean2": 0.0140378559008,
        "dvar": 0.000332766998326,
        "dvar2": 0.000874435529113,
        "max": 0.141889587045,
        "mean": 0.0132472077385,
        "median": 0.00178669497836,
        "min": 1.55531797645e-05,
        "stdev": 0.0244521610439,
        "var": 0.000597908219788
    },
    "spectral_energyband_middle_high": {
        "dmean": 0.00249332678504,
        "dmean2": 0.00395407993346,
        "dvar": 8.03016246209e-06,
        "dvar2": 1.89980564755e-05,
        "max": 0.0308236125857,
        "mean": 0.00749829877168,
        "median": 0.00658723572269,
        "min": 0.000507538381498,
        "stdev": 0.00430700834841,
        "var": 1.85503213288e-05
    },
    "spectral_energyband_middle_low": {
        "dmean": 0.00590333808213,
        "dmean2": 0.00971085671335,
        "dvar": 8.75164259924e-05,
        "dvar2": 0.000221278358367,
        "max": 0.078789703548,
        "mean": 0.0106082232669,
        "median": 0.00743882078677,
        "min": 0.000478808913613,
        "stdev": 0.0104346591979,
        "var": 0.000108882115455
    },
    "spectral_entropy": {
        "dmean": 0.15420293808,
        "dmean2": 0.229220464826,
        "dvar": 0.0239207297564,
        "dvar2": 0.0489013493061,
        "max": 8.42878723145,
        "mean": 7.71227645874,
        "median": 7.75841569901,
        "min": 6.32841777802,
        "stdev": 0.281288951635,
        "var": 0.0791234821081
    },
    "spectral_flux": {
        "dmean": 0.030796000734,
        "dmean2": 0.046720739454,
        "dvar": 0.00130658294074,
        "dvar2": 0.0028376027476,
        "max": 0.363112181425,
        "mean": 0.0988441407681,
        "median": 0.0851406902075,
        "min": 0.0211685113609,
        "stdev": 0.0548204667866,
        "var": 0.00300528341904
    },
    "spectral_kurtosis": {
        "dmean": 1.30294787884,
        "dmean2": 2.26182413101,
        "dvar": 1.69435834885,
        "dvar2": 4.89671468735,
        "max": 13.145740509,
        "mean": 2.82363796234,
        "median": 2.43013429642,
        "min": -0.000288486480713,
        "stdev": 1.65409827232,
        "var": 2.73604106903
    },
    "spectral_rms": {
        "dmean": 0.000873050244991,
        "dmean2": 0.00134960946161,
        "dvar": 1.46298566506e-06,
        "dvar2": 3.52453548658e-06,
        "max": 0.0130435889587,
        "mean": 0.00502127502114,
        "median": 0.00400144606829,
        "min": 0.00145448895637,
        "stdev": 0.0022596870549,
        "var": 5.10618519911e-06
    },
    "spectral_rolloff": {
        "dmean": 653.708007812,
        "dmean2": 1069.96899414,
        "dvar": 698078.3125,
        "dvar2": 1615632.5,
        "max": 9259.27734375,
        "mean": 1995.58190918,
        "median": 1873.38867188,
        "min": 107.666015625,
        "stdev": 1102.53759766,
        "var": 1215589.125
    },
    "spectral_skewness": {
        "dmean": 0.182485237718,
        "dmean2": 0.304476410151,
        "dvar": 0.0254218354821,
        "dvar2": 0.0692010298371,
        "max": 2.37197852135,
        "mean": 1.13435447216,
        "median": 1.11966121197,
        "min": 0.478659898043,
        "stdev": 0.242566555738,
        "var": 0.0588385313749
    },
    "spectral_spread": {
        "dmean": 432271.78125,
        "dmean2": 673312.5,
        "dvar": 326975750144,
        "dvar2": 773356126208,
        "max": 9038375,
        "mean": 3912273.25,
        "median": 3797745.75,
        "min": 2036280.125,
        "stdev": 869952.0625,
        "var": 756816543744
    },
    "spectral_strongpeak": {
        "dmean": 0.809040248394,
        "dmean2": 1.37851274014,
        "dvar": 1.34209883213,
        "dvar2": 3.30180335045,
        "max": 14.4182701111,
        "mean": 1.27375173569,
        "median": 0.880509972572,
        "min": 0.0418794602156,
        "stdev": 1.34364211559,
        "var": 1.80537414551
    },
    "zerocrossingrate": {
        "dmean": 0.0114254793152,
        "dmean2": 0.013942358084,
        "dvar": 0.000119749798614,
        "dvar2": 0.000173264765181,
        "max": 0.185546875,
        "mean": 0.0712825134397,
        "median": 0.068359375,
        "min": 0.01611328125,
        "stdev": 0.0244649481028,
        "var": 0.000598533719312
    },
    "barkbands": {
        "dmean": [6.13447846263e-05, 0.00373718841001, 0.0053021106869, 0.00214144261554, 0.00244048982859, 0.00178726599552, 0.000431858876254, 0.00080803502351, 0.000429180538049, 0.000388688611565, 0.000259045686107, 0.000506311072968, 0.000427529157605, 0.00106115220115, 0.000736732443329, 0.0003733918129, 0.000626696273685, 0.00017858222418, 0.000156738562509, 0.000172937347088, 0.000161189105711, 0.000163539792993, 0.000110953835247, 4.6943576308e-05, 5.39599677722e-05, 9.30855912884e-06, 1.63563504429e-06],
        "dmean2": [0.000109489425085, 0.00632991408929, 0.00894954055548, 0.00358181050979, 0.00406252173707, 0.00302483141422, 0.000739199342206, 0.00122387567535, 0.00069212319795, 0.000618506164756, 0.000437705166405, 0.00083686754806, 0.000714528665412, 0.00173570320476, 0.00119444762822, 0.000608609174378, 0.00102934287861, 0.00029958167579, 0.000264026573859, 0.000275206024526, 0.000253284873907, 0.000260703644017, 0.000177273352165, 7.36710280762e-05, 9.5329596661e-05, 1.56965579663e-05, 2.81608959085e-06],
        "dvar": [5.29158690199e-08, 5.42266643606e-05, 0.00015756378707, 2.08333094633e-05, 2.36943360505e-05, 1.20363783935e-05, 5.18784588621e-07, 1.45474825786e-06, 4.17254369722e-07, 2.9685992331e-07, 1.34723592282e-07, 5.69522740079e-07, 4.34348010003e-07, 4.24798054155e-06, 8.2824249148e-07, 2.81991901829e-07, 9.75080638455e-07, 5.37320730132e-08, 4.20572092708e-08, 6.06107306567e-08, 4.39525678075e-08, 7.86714480228e-08, 4.86929394583e-08, 1.45753364933e-08, 4.79639936657e-08, 1.31199495712e-09, 1.12348026715e-10],
        "dvar2": [1.58052984034e-07, 0.000148484541569, 0.000416396185756, 5.55403421458e-05, 6.03808075539e-05, 3.42057974194e-05, 1.40300346629e-06, 2.97315500575e-06, 1.0276029343e-06, 7.28643499315e-07, 3.45257888057e-07, 1.48736785377e-06, 1.13841053917e-06, 1.01410087154e-05, 2.05769265449e-06, 6.95836092746e-07, 2.28054182116e-06, 1.40375945534e-07, 1.12305784228e-07, 1.52854639168e-07, 1.04392420042e-07, 1.8639714483e-07, 1.21687847354e-07, 3.59089327162e-08, 1.34566235488e-07, 3.45436013127e-09, 2.99485908295e-10],
        "max": [0.00567329861224, 0.0776966065168, 0.0900982990861, 0.0402533262968, 0.0574351660907, 0.0484235957265, 0.0112990289927, 0.0111891422421, 0.00992742739618, 0.00589047325775, 0.0043386737816, 0.0100889028981, 0.0101838391274, 0.0271764267236, 0.0113003915176, 0.00827805139124, 0.0227342378348, 0.00272217788734, 0.00273083196953, 0.0041020992212, 0.0026557459496, 0.00387077312917, 0.00344502436928, 0.00231816293672, 0.00302535155788, 0.00069679581793, 0.000240926325205],
        "mean": [5.26459079992e-05, 0.00585007108748, 0.00607972918078, 0.00236401776783, 0.00274550868198, 0.00245295953937, 0.000621751125436, 0.00136840448249, 0.000694484682754, 0.000647065113299, 0.00038736400893, 0.000797049026005, 0.00064370437758, 0.00142431014683, 0.00126517680474, 0.000637639255729, 0.00101061898749, 0.000338098907378, 0.000319410610246, 0.000370038673282, 0.000338264624588, 0.000308909482555, 0.000219355657464, 8.17875552457e-05, 5.00717760588e-05, 7.71296345192e-06, 1.21557400234e-06],
        "median": [5.99492796027e-06, 0.000691580702551, 0.000589003961068, 0.00035979738459, 0.00112669216469, 0.00133615825325, 0.000443470169557, 0.00055832718499, 0.000283808272798, 0.000346852873918, 0.000240315755946, 0.000530009856448, 0.000399798038416, 0.000805884134024, 0.000851816439535, 0.00039981448208, 0.000645925989375, 0.000247531133937, 0.000218877365114, 0.000236342995777, 0.000230340330745, 0.000190765815205, 0.00011502783309, 3.36570374202e-05, 9.03264663066e-06, 7.02135139363e-07, 3.61706931074e-08],
        "min": [4.73777461707e-09, 2.49612457992e-06, 1.02722390238e-06, 5.56980069177e-07, 5.01397016706e-06, 3.47345894625e-06, 1.75891830168e-06, 1.29848410779e-06, 1.64971663708e-06, 3.69177337234e-06, 4.93793834266e-07, 7.44637509342e-06, 2.74118337984e-06, 1.51356962306e-05, 2.28566259466e-05, 9.7035899671e-06, 1.34039537443e-05, 1.23280351545e-05, 1.00826391645e-05, 5.45175862499e-06, 1.24852640511e-05, 7.19886793377e-06, 3.12973611472e-06, 6.99981114849e-07, 2.45287679945e-07, 4.54261055438e-08, 3.42820061228e-09],
        "stdev": [0.00018442896544, 0.0112995980307, 0.013400260359, 0.00482966285199, 0.00486611528322, 0.00346150482073, 0.000721973890904, 0.00194147368893, 0.00100834923796, 0.000790434947703, 0.000476008892292, 0.000895309844054, 0.000785139913205, 0.00216080644168, 0.00125137239229, 0.000692831235938, 0.00128909258638, 0.000309776456561, 0.000305592140649, 0.00038006255636, 0.000323468120769, 0.000380928278901, 0.000302502070554, 0.000138077593874, 0.000176015033503, 3.14303870255e-05, 8.84886321728e-06],
        "var": [3.40140431376e-08, 0.000127680919832, 0.000179566966835, 2.33256450883e-05, 2.36790783674e-05, 1.19820160762e-05, 5.21246306562e-07, 3.76932030122e-06, 1.01676812392e-06, 6.24787389825e-07, 2.26584461416e-07, 8.01579687959e-07, 6.16444651769e-07, 4.66908431918e-06, 1.56593273459e-06, 4.80015160065e-07, 1.66175959748e-06, 9.59614609997e-08, 9.33865607067e-08, 1.44447540151e-07, 1.04631617148e-07, 1.45106355376e-07, 9.15075091257e-08, 1.90654212417e-08, 3.0981290422e-08, 9.87869230862e-10, 7.8302385409e-11]
    },
    "erbbands": {
        "dmean": [0.0473481491208, 1.06893622875, 5.36678743362, 6.930103302, 8.8353099823, 6.79837036133, 10.8165912628, 15.0259838104, 7.91915988922, 12.4534339905, 13.1225595474, 8.30972480774, 13.8120546341, 8.37142562866, 11.9374227524, 21.01030159, 19.7184066772, 53.193901062, 29.8389091492, 31.3280181885, 26.3392963409, 25.7951507568, 8.90672206879, 10.4333372116, 7.3814868927, 9.04026699066, 6.13762283325, 6.16562652588, 6.1618680954, 4.60420274734, 3.16216349602, 1.15593767166, 0.771849870682, 0.727795779705, 0.316963404417, 0.0498560070992, 0.0151127176359, 0.0050990479067, 0.000144936479046, 1.64447446878e-05],
        "dmean2": [0.0766977891326, 1.81799840927, 8.90639209747, 11.7854614258, 15.0423307419, 11.469367981, 18.2026443481, 25.8313999176, 13.4957847595, 19.494852066, 20.3808078766, 13.6421842575, 21.9981307983, 13.7697811127, 20.2165184021, 34.7025604248, 32.9156265259, 87.0723342896, 48.115776062, 50.7564811707, 43.1851882935, 41.9565353394, 14.5785398483, 17.2754688263, 12.2165517807, 14.399553299, 9.71261119843, 9.75202560425, 9.86058235168, 7.30251216888, 5.13317108154, 1.81277394295, 1.24369382858, 1.25974106789, 0.574031829834, 0.0844089314342, 0.0255019403994, 0.00866260938346, 0.000246583018452, 2.61248587776e-05],
        "dvar": [0.00912963971496, 4.50278568268, 143.789993286, 266.867553711, 344.574493408, 218.315872192, 221.751953125, 1395.94787598, 330.635375977, 401.606964111, 250.733078003, 154.440505981, 428.116271973, 182.428146362, 282.055725098, 1118.94360352, 915.77520752, 11240.4189453, 1621.50585938, 1442.02453613, 1392.90808105, 1544.97070312, 114.146743774, 164.862701416, 91.3151168823, 184.625854492, 67.3559341431, 68.3780975342, 99.9685516357, 85.5672531128, 49.1863174438, 6.28911447525, 6.02298879623, 8.02075195312, 2.00064325333, 0.0341919735074, 0.00398708926514, 0.000716825132258, 7.02287081822e-07, 8.62251492428e-10],
        "dvar2": [0.0223144553602, 12.2074460983, 372.640625, 726.123352051, 863.187011719, 574.231872559, 572.101318359, 3972.86987305, 933.790100098, 813.598632812, 580.315124512, 378.240020752, 1040.06481934, 460.52130127, 717.086853027, 2957.53686523, 2421.79541016, 27142.0234375, 3988.59326172, 3568.44677734, 3392.6315918, 3740.64941406, 291.399475098, 430.665924072, 236.8334198, 457.780578613, 166.315444946, 164.191009521, 239.750167847, 200.744934082, 128.96105957, 15.5400247574, 15.7217178345, 22.3148612976, 5.6735959053, 0.0907930955291, 0.0106335924938, 0.00191635056399, 1.84905650258e-06, 2.19891971298e-09],
        "max": [1.22621786594, 22.2222156525, 85.6254959106, 150.294067383, 175.544570923, 215.717544556, 189.089813232, 568.433288574, 322.180969238, 192.827102661, 197.881500244, 188.813812256, 217.397506714, 214.0415802, 236.980560303, 380.872589111, 458.442901611, 1432.74255371, 496.469451904, 413.284240723, 639.605957031, 678.807434082, 170.986114502, 173.778244019, 132.543899536, 214.13659668, 123.945228577, 96.0712585449, 152.037063599, 131.38822937, 116.107955933, 38.4351348877, 52.4705848694, 41.8474960327, 21.3086223602, 2.92256999016, 1.32020652294, 0.605715513229, 0.0192618984729, 0.000450496358098],
        "mean": [0.0736204087734, 1.68233752251, 6.98140621185, 7.47167301178, 9.46450710297, 7.55122709274, 15.4776153564, 18.851556778, 11.1326131821, 21.5630893707, 22.6893234253, 14.2814044952, 23.369386673, 14.4123945236, 20.2817726135, 33.7558670044, 32.1821022034, 74.6346282959, 52.6864204407, 59.1240348816, 46.3408279419, 44.1608505249, 18.7195262909, 19.8777942657, 15.6922206879, 18.7096328735, 14.0972738266, 12.6510705948, 11.6544599533, 8.96595287323, 5.75291061401, 2.17276883125, 1.15824961662, 0.751857995987, 0.258600115776, 0.0434703044593, 0.0123981935903, 0.0038119177334, 0.000126251368783, 4.10111824749e-05],
        "median": [0.00826464314014, 0.205236434937, 0.830879509449, 0.965048074722, 1.75696396828, 3.43762397766, 8.61641120911, 8.28301525116, 6.88837623596, 9.47224140167, 13.8192968369, 7.7000541687, 11.2461938858, 8.89248371124, 13.755859375, 22.5299739838, 21.2637405396, 44.1578483582, 34.8749465942, 40.842212677, 33.2105751038, 30.2933559418, 14.5485687256, 14.2696046829, 11.0609521866, 11.7764787674, 9.48870849609, 8.66488647461, 7.34446239471, 5.00512456894, 2.82454395294, 1.06332039833, 0.389048874378, 0.154796078801, 0.0361939445138, 0.00535751041025, 0.00111460394692, 0.000194974854821, 1.84378659469e-05, 2.25410312851e-05],
        "min": [7.03589030309e-05, 0.000412597524701, 0.00232463004068, 0.00705446023494, 0.00715168565512, 0.00881603732705, 0.0690208375454, 0.12041926384, 0.12924785912, 0.11979842931, 0.0997412055731, 0.264282256365, 0.311853170395, 0.180902928114, 0.148360997438, 0.699014723301, 0.848944962025, 0.883618295193, 0.912114262581, 1.94252300262, 1.93895065784, 1.19339513779, 1.37132966518, 0.707369267941, 0.805303454399, 0.5639295578, 0.585020840168, 0.637453198433, 0.280473768711, 0.222974807024, 0.0770754292607, 0.019928842783, 0.00854731537402, 0.00457764836028, 0.000947754771914, 0.000206292199437, 8.88629001565e-05, 1.80633451237e-05, 4.27632357969e-06, 3.6298233681e-06],
        "stdev": [0.144446521997, 3.26755547523, 14.8070964813, 15.8942947388, 19.1202354431, 13.9152898788, 19.1725730896, 34.0915031433, 16.4483032227, 31.9311466217, 24.4852428436, 17.7708568573, 30.3364639282, 18.106218338, 21.9237995148, 38.5802497864, 35.2035560608, 110.031799316, 53.9092788696, 54.8345603943, 46.4148483276, 48.7829666138, 15.3306665421, 19.0207004547, 14.7494850159, 19.9292869568, 13.8996734619, 12.1176309586, 13.9662427902, 12.4780845642, 8.48640155792, 3.13033294678, 2.43200016022, 2.35371875763, 1.09869086742, 0.159552142024, 0.0539017803967, 0.0224191788584, 0.000709888350684, 3.8638641854e-05],
        "var": [0.0208647977561, 10.6769180298, 219.250106812, 252.628601074, 365.583404541, 193.635299683, 367.587585449, 1162.23059082, 270.546661377, 1019.59814453, 599.527160645, 315.803344727, 920.301086426, 327.835174561, 480.652954102, 1488.43566895, 1239.2902832, 12106.9970703, 2906.21044922, 3006.82885742, 2154.33813477, 2379.77783203, 235.029342651, 361.787078857, 217.547317505, 397.176513672, 193.200912476, 146.836990356, 195.055938721, 155.702590942, 72.0190124512, 9.79898452759, 5.91462421417, 5.53999185562, 1.20712161064, 0.0254568848759, 0.00290540209971, 0.000502619543113, 5.03941464558e-07, 1.49294454577e-09]
    },
    "gfcc": {
        "mean": [16.60779953, 95.5275726318, -155.471618652, 48.3457794189, -62.033164978, 15.5945777893, -38.8125305176, -6.50782966614, -12.1773138046, 0.612728834152, -12.2937269211, -4.03407812119, -7.28487825394],
        "cov": [[2141.44873047, -376.047485352, 907.049377441, 460.376251221, 199.144729614, 414.749237061, -139.657775879, 84.4212722778, -265.145782471, 19.4711284637, -85.1509780884, -14.5497512817, -100.897453308], [-376.047485352, 687.50982666, -111.597106934, 36.8613471985, 114.253044128, -98.601234436, 119.648773193, -83.1654510498, 117.93032074, -63.1127662659, 53.0804862976, -40.3907356262, 51.8815917969], [907.049377441, -111.597106934, 621.73260498, 220.229171753, 95.3786621094, 175.344268799, -52.2970199585, 82.2427825928, -109.334579468, 15.2024869919, -53.4901161194, -17.7166671753, -65.9558334351], [460.376251221, 36.8613471985, 220.229171753, 327.826019287, 158.368667603, 135.390731812, 22.8973026276, -4.97516345978, -45.7075881958, -22.2404899597, -3.28270626068, -27.1253395081, -6.97960138321], [199.144729614, 114.253044128, 95.3786621094, 158.368667603, 236.595535278, 85.3635025024, 27.3032512665, -29.437292099, -9.67527961731, -5.72215223312, 2.63347363472, -3.40987586975, 13.5121231079], [414.749237061, -98.601234436, 175.344268799, 135.390731812, 85.3635025024, 176.763061523, 8.82908821106, 22.3415718079, -46.1659851074, 11.1055727005, -3.78605318069, -6.66999959946, -14.4709911346], [-139.657775879, 119.648773193, -52.2970199585, 22.8973026276, 27.3032512665, 8.82908821106, 103.004501343, 12.703625679, 29.1531085968, -18.481048584, 7.62632274628, 3.99063706398, 16.8391914368], [84.4212722778, -83.1654510498, 82.2427825928, -4.97516345978, -29.437292099, 22.3415718079, 12.703625679, 102.693946838, 18.8104000092, 14.1213674545, -5.00434446335, 11.4763536453, -16.2184143066], [-265.145782471, 117.93032074, -109.334579468, -45.7075881958, -9.67527961731, -46.1659851074, 29.1531085968, 18.8104000092, 111.988471985, 22.2094364166, 29.0658378601, -2.73533010483, 14.3524398804], [19.4711284637, -63.1127662659, 15.2024869919, -22.2404899597, -5.72215223312, 11.1055727005, -18.481048584, 14.1213674545, 22.2094364166, 71.5406112671, 27.1359176636, 2.70206475258, -6.60187149048], [-85.1509780884, 53.0804862976, -53.4901161194, -3.28270626068, 2.63347363472, -3.78605318069, 7.62632274628, -5.00434446335, 29.0658378601, 27.1359176636, 70.2401809692, 19.2355880737, 14.4550628662], [-14.5497512817, -40.3907356262, -17.7166671753, -27.1253395081, -3.40987586975, -6.66999959946, 3.99063706398, 11.4763536453, -2.73533010483, 2.70206475258, 19.2355880737, 70.9144363403, 30.3547286987], [-100.897453308, 51.8815917969, -65.9558334351, -6.97960138321, 13.5121231079, -14.4709911346, 16.8391914368, -16.2184143066, 14.3524398804, -6.60187149048, 14.4550628662, 30.3547286987, 64.2941131592]],
        "icov": [[0.00242215581238, -0.00106905738357, -0.00112125545274, -0.00148739549331, 0.000585072208196, -0.00342981843278, 0.00329110631719, -0.00134544039611, 0.00279421173036, -0.00157754053362, 0.00196233624592, -0.00200485391542, 0.000975403352641], [-0.00106905738357, 0.00771812302992, -0.00371564575471, 0.00255111022852, -0.00320323277265, 0.00647539179772, -0.00831305328757, 0.00737292831764, -0.0087402947247, 0.00939402449876, -0.00919623859227, 0.00736571708694, -0.00376699748449], [-0.00112125545274, -0.00371564575471, 0.00702258525416, -0.00232381490059, 0.000766086333897, -0.00233049388044, 0.00429662643, -0.00666547752917, 0.00542188854888, -0.00583154894412, 0.00586709193885, -0.0033317306079, 0.00314305420034], [-0.00148739549331, 0.00255111022852, -0.00232381490059, 0.00866244919598, -0.00388682004996, 0.000880199484527, -0.00469584530219, 0.00311386375688, -0.00333662214689, 0.00654085399583, -0.00640726927668, 0.00610993476585, -0.00283359456807], [0.000585072208196, -0.00320323277265, 0.000766086333897, -0.00388682004996, 0.00892224442214, -0.00481056980789, 0.00217766547576, 0.00075814750744, 0.00137104897294, -0.00457751331851, 0.00509010395035, -0.00479584233835, 0.000873716606293], [-0.00342981843278, 0.00647539179772, -0.00233049388044, 0.000880199484527, -0.00481056980789, 0.0196028556675, -0.0112926634029, 0.00401919335127, -0.00475792773068, 0.00464012566954, -0.0093129761517, 0.0080825611949, -0.00369185698219], [0.00329110631719, -0.00831305328757, 0.00429662643, -0.00469584530219, 0.00217766547576, -0.0112926634029, 0.0248660109937, -0.0119406851009, 0.00789472367615, -0.00544016715139, 0.00967818964273, -0.00850351527333, 0.00276459171437], [-0.00134544039611, 0.00737292831764, -0.00666547752917, 0.00311386375688, 0.00075814750744, 0.00401919335127, -0.0119406851009, 0.0246119908988, -0.0155818155035, 0.00784154888242, -0.0058777006343, 0.000959172321018, 0.000672615307849], [0.00279421173036, -0.0087402947247, 0.00542188854888, -0.00333662214689, 0.00137104897294, -0.00475792773068, 0.00789472367615, -0.0155818155035, 0.0285702012479, -0.0158233605325, 0.00660557113588, -0.00329479807988, 0.00134830665775], [-0.00157754053362, 0.00939402449876, -0.00583154894412, 0.00654085399583, -0.00457751331851, 0.00464012566954, -0.00544016715139, 0.00784154888242, -0.0158233605325, 0.0338380597532, -0.020258275792, 0.0102990465239, -0.00321998330764], [0.00196233624592, -0.00919623859227, 0.00586709193885, -0.00640726927668, 0.00509010395035, -0.0093129761517, 0.00967818964273, -0.0058777006343, 0.00660557113588, -0.020258275792, 0.0341115370393, -0.016499446705, 0.00520601682365], [-0.00200485391542, 0.00736571708694, -0.0033317306079, 0.00610993476585, -0.00479584233835, 0.0080825611949, -0.00850351527333, 0.000959172321018, -0.00329479807988, 0.0102990465239, -0.016499446705, 0.030889114365, -0.0156292300671], [0.000975403352641, -0.00376699748449, 0.00314305420034, -0.00283359456807, 0.000873716606293, -0.00369185698219, 0.00276459171437, 0.000672615307849, 0.00134830665775, -0.00321998330764, 0.00520601682365, -0.0156292300671, 0.0270485412329]]
    },
    "melbands": {
        "dmean": [0.000724473851733, 0.00216488260776, 0.00118261005264, 0.000570215168409, 0.000329327420332, 0.000329143134877, 0.000114254522487, 0.000153938381118, 0.000102499092463, 5.37620289833e-05, 6.97127834428e-05, 3.43371721101e-05, 3.55044066964e-05, 5.30651268491e-05, 5.50208387722e-05, 4.366830035e-05, 0.000114182774269, 4.73257459817e-05, 6.58135759295e-05, 2.72451579804e-05, 4.09728454542e-05, 3.46855522366e-05, 1.33158346216e-05, 9.1998372227e-06, 9.13711392059e-06, 5.91349908063e-06, 5.72762746742e-06, 6.52400422041e-06, 3.64454876944e-06, 5.83359496886e-06, 3.32995796271e-06, 3.98258634959e-06, 3.10536870529e-06, 2.56997145698e-06, 2.16026933231e-06, 1.00111162737e-06, 6.04519470926e-07, 5.21630227013e-07, 5.89178682731e-07, 6.38299923139e-07],
        "dmean2": [0.00120594422333, 0.00360589800403, 0.00196019513533, 0.000954224960878, 0.000553902238607, 0.000563162902836, 0.000193517611478, 0.000237387721427, 0.000160138719366, 8.80191364558e-05, 0.000111148758151, 5.6414930441e-05, 5.9853111452e-05, 8.6574924353e-05, 9.27478977246e-05, 7.19741656212e-05, 0.000186699675396, 7.66302109696e-05, 0.000106795167085, 4.40931398771e-05, 6.76310737617e-05, 5.68796785956e-05, 2.20928031922e-05, 1.53449691425e-05, 1.5190641534e-05, 9.87577277556e-06, 9.39274286793e-06, 1.04138262031e-05, 5.88580542171e-06, 9.18814839679e-06, 5.40288829143e-06, 6.44924057269e-06, 4.98002555105e-06, 4.11305745729e-06, 3.49066704075e-06, 1.61455636771e-06, 9.58046712185e-07, 8.56992187437e-07, 9.61059640758e-07, 1.13111877909e-06],
        "dvar": [1.91774165614e-06, 2.20037254621e-05, 6.92446610628e-06, 1.59455510129e-06, 1.85242797102e-07, 5.96638074057e-07, 6.48176978757e-08, 6.60608989733e-08, 1.65377844752e-08, 6.72626976339e-09, 1.07800852689e-08, 3.07819392198e-09, 2.35595454257e-09, 5.30988675251e-09, 9.4337027079e-09, 4.25281054817e-09, 5.36494972891e-08, 5.28654231502e-09, 7.61344498557e-09, 1.50689871692e-09, 3.8364782462e-09, 3.08546055372e-09, 3.0639255022e-10, 1.68658365052e-10, 1.30231214701e-10, 6.41751859987e-11, 6.16032364009e-11, 9.72808153477e-11, 3.0766458825e-11, 6.2074324847e-11, 2.25669274934e-11, 3.5098299267e-11, 4.02630498386e-11, 2.6016088589e-11, 2.18812173242e-11, 4.26336396742e-12, 1.74926306079e-12, 2.613638906e-12, 3.96362586849e-12, 7.07526138372e-12],
        "dvar2": [5.12806127517e-06, 5.73776887904e-05, 1.81011546374e-05, 4.09508720622e-06, 4.82842438032e-07, 1.70200371485e-06, 1.82137682714e-07, 1.32632919758e-07, 3.96381345524e-08, 1.62321036612e-08, 2.61956980552e-08, 7.77138797758e-09, 6.10123729317e-09, 1.33142314951e-08, 2.48724720819e-08, 1.07544408934e-08, 1.29618172195e-07, 1.29810446836e-08, 1.85311712642e-08, 3.67093222486e-09, 9.2454053302e-09, 7.39350003442e-09, 7.98231425403e-10, 4.31285812619e-10, 3.43404388259e-10, 1.75263609181e-10, 1.54941517949e-10, 2.41619502184e-10, 7.9918793805e-11, 1.48643236608e-10, 5.54060929081e-11, 8.73674604884e-11, 9.41334371563e-11, 6.21192125516e-11, 5.70588298832e-11, 1.10448282464e-11, 4.25196249737e-12, 6.89631901932e-12, 1.03998216289e-11, 1.9935372797e-11],
        "max": [0.0139063280076, 0.0361183434725, 0.022893127054, 0.0148668615147, 0.00490001915023, 0.0114029105753, 0.00448325648904, 0.00243724673055, 0.00170477177016, 0.00126865238417, 0.00109360634815, 0.000897515623365, 0.000630516035017, 0.00139814638533, 0.00140035361983, 0.000890304334462, 0.00324910087511, 0.00108607043512, 0.00125155190472, 0.000731014413759, 0.00120315514505, 0.00112545106094, 0.000293492281344, 0.00019787477504, 0.000159129325766, 0.000104468708741, 0.000151068219566, 0.000167682796018, 8.77249403857e-05, 0.000113678113848, 5.53073477931e-05, 7.47574376874e-05, 9.18526056921e-05, 8.13554797787e-05, 7.77510358603e-05, 3.00540723401e-05, 2.00254780793e-05, 3.22005180351e-05, 4.19283060182e-05, 3.70789639419e-05],
        "mean": [0.00115438515786, 0.00313575286418, 0.0013793426333, 0.000606148969382, 0.000484603369841, 0.000430677988334, 0.000160615774803, 0.000266723538516, 0.000176451692823, 8.80055158632e-05, 0.000115806498798, 5.56313971174e-05, 5.68431205465e-05, 8.75061450643e-05, 7.91781712906e-05, 6.73497052048e-05, 0.000152846609126, 7.43654454709e-05, 0.000110068824142, 4.80120943394e-05, 6.26556138741e-05, 5.43208007002e-05, 2.31081849051e-05, 1.54351928359e-05, 1.60877225426e-05, 1.13695386972e-05, 1.11423632916e-05, 1.26784470922e-05, 7.76203160058e-06, 1.06685292849e-05, 6.11819314145e-06, 6.99709698893e-06, 5.52697792955e-06, 4.7564644774e-06, 3.73761349692e-06, 1.84062298558e-06, 1.06631944163e-06, 7.94779396074e-07, 7.14590839834e-07, 6.04847627983e-07],
        "median": [0.000132827757625, 0.000400555698434, 0.000210598183912, 0.000184943492059, 0.000300865271129, 0.000212438651943, 0.000101216741314, 0.000111932051368, 0.000104161335912, 4.40223848273e-05, 5.3937350458e-05, 3.17777958116e-05, 3.80149067496e-05, 5.97816797381e-05, 5.14824932907e-05, 4.22662487836e-05, 8.5108433268e-05, 4.44876932306e-05, 7.25630816305e-05, 2.78211300611e-05, 4.05410864914e-05, 3.43700194207e-05, 1.61227380886e-05, 1.09335869638e-05, 1.10253058665e-05, 7.59514477977e-06, 7.65177173889e-06, 7.62694253353e-06, 4.0776685637e-06, 7.15233454684e-06, 3.94845346818e-06, 4.35185302194e-06, 2.91968331112e-06, 2.52101949627e-06, 1.8263816628e-06, 8.84531857537e-07, 4.83054861888e-07, 2.79345698573e-07, 1.77009738422e-07, 1.05741065681e-07],
        "min": [8.81464075064e-07, 1.78224013325e-06, 1.23941867969e-06, 1.06283903278e-06, 8.60497436861e-07, 5.30294357759e-07, 6.54372399822e-07, 3.54011376658e-07, 2.85131733335e-07, 1.77137536639e-07, 3.99501232096e-07, 5.49568653696e-07, 2.39989873307e-07, 6.6192109216e-07, 1.57499687248e-06, 3.60699175417e-07, 1.61509353802e-06, 1.44574562455e-06, 2.17602405428e-06, 1.17954255074e-06, 1.54696647314e-06, 5.0065278856e-07, 6.49337266623e-07, 5.89948342622e-07, 2.96156770219e-07, 3.94180659669e-07, 3.43385721635e-07, 1.61357789352e-07, 1.28216996131e-07, 3.82215461059e-07, 2.15729627939e-07, 1.8664437107e-07, 9.49706944198e-08, 8.81863115865e-08, 4.37274856324e-08, 1.35277780089e-08, 8.61796767282e-09, 3.00303826251e-09, 4.11225276054e-09, 2.39561215309e-09],
        "stdev": [0.00214120559394, 0.0062691657804, 0.0027143470943, 0.00122879922856, 0.000555506790988, 0.000715686881449, 0.000234909486608, 0.000415144022554, 0.000200044683879, 0.000118944444694, 0.000152816734044, 7.52126143198e-05, 6.45346299279e-05, 9.5412338851e-05, 0.000101150923001, 7.9639008618e-05, 0.000240749315708, 9.05008928385e-05, 0.000116203467769, 5.51892480871e-05, 7.60730399634e-05, 6.87065694365e-05, 2.37274034589e-05, 1.58778948389e-05, 1.64582743309e-05, 1.15488655865e-05, 1.0894839761e-05, 1.43826946442e-05, 9.07274534256e-06, 1.09810398499e-05, 6.45216368866e-06, 8.20602872409e-06, 8.1547868831e-06, 6.81405663272e-06, 5.62364266443e-06, 2.65115636466e-06, 1.61659284004e-06, 1.60000672622e-06, 1.88524040823e-06, 2.13142493521e-06],
        "var": [4.58476188214e-06, 3.93024383811e-05, 7.36767970011e-06, 1.50994765136e-06, 3.08587772224e-07, 5.12207691372e-07, 5.51824648198e-08, 1.72344556404e-07, 4.00178734594e-08, 1.41477807247e-08, 2.33529551252e-08, 5.65693758503e-09, 4.16471834797e-09, 9.10351438677e-09, 1.02315098616e-08, 6.34237151687e-09, 5.79602321693e-08, 8.19041101607e-09, 1.35032456328e-08, 3.04585312527e-09, 5.78710723786e-09, 4.72059280554e-09, 5.62989710406e-10, 2.52107557053e-10, 2.70874767061e-10, 1.33376296119e-10, 1.18697524032e-10, 2.06861902607e-10, 8.23147106033e-11, 1.20583237839e-10, 4.1630417863e-11, 6.73389122241e-11, 6.65005550626e-11, 4.64313656967e-11, 3.16253551125e-11, 7.02863028196e-12, 2.6133724091e-12, 2.56002163912e-12, 3.5541315984e-12, 4.54297233513e-12]
    },
    "melbands128": {
