{
"lowlevel": {
    "average_loudness": 0.983661651611,
    "barkbands_crest": {
        "dmean": 3.16340017319,
        "dmean2": 5.19422960281,
        "dvar": 8.00344657898,
        "dvar2": 18.8615322113,
        "max": 23.0483951569,
        "mean": 10.2886476517,
        "median": 9.31820011139,
        "min": 3.27338385582,
        "stdev": 3.82738113403,
        "var": 14.6488466263
    },
    "barkbands_flatness_db": {
        "dmean": 0.022484017536,
        "dmean2": 0.0334524251521,
        "dvar": 0.00043039090815,
        "dvar2": 0.000959390075877,
        "max": 0.344676047564,
        "mean": 0.187974378467,
        "median": 0.186295047402,
        "min": 0.0737252533436,
        "stdev": 0.0521569177508,
        "var": 0.00272034411319
    },
    "barkbands_kurtosis": {
        "dmean": 3.36230969429,
        "dmean2": 5.54711580276,
        "dvar": 23.7771854401,
        "dvar2": 63.1175460815,
        "max": 50.458656311,
        "mean": 5.14955663681,
        "median": 3.91841554642,
        "min": -1.69814574718,
        "stdev": 5.57545661926,
        "var": 31.0857181549
    },
    "barkbands_skewness": {
        "dmean": 0.539201855659,
        "dmean2": 0.840129852295,
        "dvar": 0.331450819969,
        "dvar2": 0.80355489254,
        "max": 6.40352630615,
        "mean": 1.82827019691,
        "median": 1.82142269611,
        "min": -0.534494698048,
        "stdev": 0.917962312698,
        "var": 0.842654824257
    },
    "barkbands_spread": {
        "dmean": 3.6528968811,
        "dmean2": 5.74921607971,
        "dvar": 10.6909446716,
        "dvar2": 24.8998470306,
        "max": 40.925567627,
        "mean": 13.047419548,
        "median": 11.7170820236,
        "min": 1.94556713104,
        "stdev": 6.20028495789,
        "var": 38.4435310364
    },
    "dissonance": {
        "dmean": 0.0193542037159,
        "dmean2": 0.0330437272787,
        "dvar": 0.00027455095551,
        "dvar2": 0.000772063503973,
        "max": 0.5,
        "mean": 0.459014862776,
        "median": 0.461872637272,
        "min": 0.358395725489,
        "stdev": 0.0212956946343,
        "var": 0.000453506596386
    },
    "dynamic_complexity": 1.1167756319,
    "erbbands_crest": {
        "dmean": 2.79928588867,
        "dmean2": 4.59491634369,
        "dvar": 6.62892532349,
        "dvar2": 16.3243694305,
        "max": 28.3569602966,
        "mean": 9.33673000336,
        "median": 8.13263225555,
        "min": 3.34643173218,
        "stdev": 4.32953691483,
        "var": 18.7448883057
    },
    "erbbands_flatness_db": {
        "dmean": 0.0175257716328,
        "dmean2": 0.0237646922469,
        "dvar": 0.00028405120247,
        "dvar2": 0.000486116332468,
        "max": 0.289607435465,
        "mean": 0.196832478046,
        "median": 0.201956421137,
        "min": 0.0901370793581,
        "stdev": 0.039058059454,
        "var": 0.00152553198859
    },
    "erbbands_kurtosis": {
        "dmean": 0.802472472191,
        "dmean2": 1.32560133934,
        "dvar": 1.04367637634,
        "dvar2": 2.78526616096,
        "max": 10.7050123215,
        "mean": -0.203418701887,
        "median": -0.544403076172,
        "min": -1.68149423599,
        "stdev": 1.27403283119,
        "var": 1.62315964699
    },
    "erbbands_skewness": {
        "dmean": 0.398084253073,
        "dmean2": 0.613875389099,
        "dvar": 0.107322126627,
        "dvar2": 0.267612636089,
        "max": 2.94029045105,
        "mean": 0.500603914261,
        "median": 0.516574084759,
        "min": -1.48983860016,
        "stdev": 0.597503244877,
        "var": 0.357010126114
    },
    "erbbands_spread": {
        "dmean": 6.56843519211,
        "dmean2": 10.1732244492,
        "dvar": 39.5342445374,
        "dvar2": 92.5198898315,
        "max": 91.7428894043,
        "mean": 33.3214683533,
        "median": 32.6880912781,
        "min": 7.27230930328,
        "stdev": 10.9146623611,
        "var": 119.129852295
    },
    "hfc": {
        "dmean": 4.83388853073,
        "dmean2": 7.22199487686,
        "dvar": 33.9030151367,
        "dvar2": 70.2021789551,
        "max": 85.8371276855,
        "mean": 19.8075561523,
        "median": 14.5458631516,
        "min": 6.12524604797,
        "stdev": 11.0049028397,
        "var": 121.107887268
    },
    "loudness_ebu128": {
        "integrated": -16.3019638062,
        "loudness_range": 1.01763343811,
        "momentary": {
            "dmean": 0.203829810023,
            "dmean2": 0.30675137043,
            "dvar": 0.0260095093399,
            "dvar2": 0.0553113557398,
            "max": -15.0387420654,
            "mean": -16.3381748199,
            "median": -16.5048179626,
            "min": -17.3765125275,
            "stdev": 0.556158125401,
            "var": 0.30931186676
        },
        "short_term": {
            "dmean": 0.0246689859778,
            "dmean2": 0.0313066616654,
            "dvar": 0.000509725592565,
            "dvar2": 0.000764832948335,
            "max": -15.6132698059,
            "mean": -16.2956180573,
            "median": -16.239566803,
            "min": -16.8995399475,
            "stdev": 0.334928929806,
            "var": 0.11217738688
        }
    },
    "melbands_crest": {
        "dmean": 3.09764456749,
        "dmean2": 5.00808048248,
        "dvar": 7.66091060638,
        "dvar2": 17.9528465271,
        "max": 26.0119056702,
        "mean": 11.8201990128,
        "median": 10.8187246323,
        "min": 4.48166370392,
        "stdev": 3.89268040657,
        "var": 15.1529607773
    },
    "melbands_flatness_db": {
        "dmean": 0.0266533382237,
        "dmean2": 0.0389979742467,
        "dvar": 0.000593689386733,
        "dvar2": 0.00130872568116,
        "max": 0.454657077789,
        "mean": 0.271790295839,
        "median": 0.271581828594,
        "min": 0.126280471683,
        "stdev": 0.0624323524535,
        "var": 0.0038977987133
    },
    "melbands_kurtosis": {
        "dmean": 6.54900026321,
        "dmean2": 10.4654340744,
        "dvar": 90.67212677,
        "dvar2": 229.976745605,
        "max": 102.835800171,
        "mean": 12.5347213745,
        "median": 10.1261568069,
        "min": -1.41829633713,
        "stdev": 11.3084068298,
        "var": 127.880073547
    },
    "melbands_skewness": {
        "dmean": 0.692010819912,
        "dmean2": 1.06474077702,
        "dvar": 0.523777484894,
        "dvar2": 1.28359949589,
        "max": 8.67456531525,
        "mean": 2.63057398796,
        "median": 2.59986209869,
        "min": -0.24831263721,
        "stdev": 1.13731491566,
        "var": 1.29348516464
    },
    "melbands_spread": {
        "dmean": 3.89939260483,
        "dmean2": 6.09848403931,
        "dvar": 14.4609508514,
        "dvar2": 32.9927749634,
        "max": 47.1839027405,
        "mean": 13.5414199829,
        "median": 11.1677150726,
        "min": 1.51650428772,
        "stdev": 7.90751314163,
        "var": 62.5287628174
    },
    "pitch_salience": {
        "dmean": 0.0844804123044,
        "dmean2": 0.133572876453,
        "dvar": 0.00651273550466,
        "dvar2": 0.0153838889673,
        "max": 0.853086769581,
        "mean": 0.603121101856,
        "median": 0.616092801094,
        "min": 0.162941202521,
        "stdev": 0.122732616961,
        "var": 0.0150632951409
    },
    "silence_rate_20dB": {
        "dmean": 0,
        "dmean2": 0,
        "dvar": 0,
        "dvar2": 0,
        "max": 1,
        "mean": 1,
        "median": 1,
        "min": 1,
        "stdev": 0,
        "var": 0
    },
    "silence_rate_30dB": {
        "dmean": 0.00412796717137,
        "dmean2": 0.00826019607484,
        "dvar": 0.00411104923114,
        "dvar2": 0.0123224882409,
        "max": 1,
        "mean": 0.997937083244,
        "median": 1,
        "min": 0,
        "stdev": 0.0453728847206,
        "var": 0.00205869856291
    },
    "silence_rate_60dB": {
        "dmean": 0,
        "dmean2": 0,
        "dvar": 0,
        "dvar2": 0,
        "max": 0,
        "mean": 0,
        "median": 0,
        "min": 0,
        "stdev": 0,
        "var": 0
    },
    "spectral_centroid": {
        "dmean": 144.188705444,
        "dmean2": 225.451095581,
        "dvar": 17206.7675781,
        "dvar2": 38245.2773438,
        "max": 1975.19384766,
        "mean": 767.270141602,
        "median": 690.074279785,
        "min": 289.185699463,
        "stdev": 296.396087646,
        "var": 87850.6484375
    },
    "spectral_complexity": {
        "dmean": 2.84520125389,
        "dmean2": 4.79762506485,
        "dvar": 4.92650270462,
        "dvar2": 12.8170986176,
        "max": 37,
        "mean": 21.0407428741,
        "median": 21,
        "min": 9,
        "stdev": 4.07509422302,
        "var": 16.6063919067
    },
    "spectral_decrease": {
        "dmean": 3.94793708836e-09,
        "dmean2": 6.43129816069e-09,
        "dvar": 2.57084045156e-17,
        "dvar2": 6.78953354029e-17,
        "max": -3.70687480711e-09,
        "mean": -1.13620455267e-08,
        "median": -9.81740999606e-09,
        "min": -4.03576052577e-08,
        "stdev": 5.31690691474e-09,
        "var": 2.82694996215e-17
    },
    "spectral_energy": {
        "dmean": 0.015217048116,
        "dmean2": 0.0247401222587,
        "dvar": 0.000373189308448,
        "dvar2": 0.000984315993264,
        "max": 0.15397657454,
        "mean": 0.0446795709431,
        "median": 0.0386809892952,
        "min": 0.0150014348328,
        "stdev": 0.0204184073955,
        "var": 0.000416911381762
    },
    "spectral_energyband_high": {
        "dmean": 0.000124610611238,
        "dmean2": 0.000169193124748,
        "dvar": 7.39692822549e-08,
        "dvar2": 1.52999220404e-07,
        "max": 0.00326457479969,
        "mean": 0.000190044069313,
        "median": 4.54165528936e-05,
        "min": 1.07509561076e-06,
        "stdev": 0.000363263563486,
        "var": 1.3196041948e-07
    },
    "spectral_energyband_low": {
        "dmean": 0.0109897302464,
        "dmean2": 0.0181426368654,
        "dvar": 0.000403880170779,
        "dvar2": 0.0010396882426,
        "max": 0.136847317219,
        "mean": 0.016032718122,
        "median": 0.00895551033318,
        "min": 0.000928803463466,
        "stdev": 0.0203471574932,
        "var": 0.000414006848587
    },
    "spectral_energyband_middle_high": {
        "dmean": 0.00203342689201,
        "dmean2": 0.00299881468527,
        "dvar": 1.39146804941e-05,
        "dvar2": 2.99174298561e-05,
        "max": 0.0542716346681,
        "mean": 0.00573117751628,
        "median": 0.00319782434963,
        "min": 0.000758787384257,
        "stdev": 0.00635371962562,
        "var": 4.03697558795e-05
    },
    "spectral_energyband_middle_low": {
        "dmean": 0.00804662704468,
        "dmean2": 0.0128184715286,
        "dvar": 7.2082511906e-05,
        "dvar2": 0.000172703090357,
        "max": 0.0959891155362,
        "mean": 0.0250325221568,
        "median": 0.0229227598757,
        "min": 0.00525137549266,
        "stdev": 0.0111750103533,
        "var": 0.000124880854855
    },
    "spectral_entropy": {
        "dmean": 0.152080237865,
        "dmean2": 0.220696896315,
        "dvar": 0.018755024299,
        "dvar2": 0.0355696007609,
        "max": 8.14144897461,
        "mean": 7.08880615234,
        "median": 7.05180263519,
        "min": 6.30858707428,
        "stdev": 0.311111837626,
        "var": 0.0967905819416
    },
    "spectral_flux": {
        "dmean": 0.0349294692278,
        "dmean2": 0.0553460642695,
        "dvar": 0.00141083728522,
        "dvar2": 0.00295399525203,
        "max": 0.315796613693,
        "mean": 0.109585516155,
        "median": 0.0978252068162,
        "min": 0.0328722707927,
        "stdev": 0.0480485633016,
        "var": 0.00230866461061
    },
    "spectral_kurtosis": {
        "dmean": 4.82720375061,
        "dmean2": 8.23818397522,
        "dvar": 24.9500293732,
        "dvar2": 75.7007827759,
        "max": 42.7383346558,
        "mean": 10.9317121506,
        "median": 9.70055294037,
        "min": -0.00955677032471,
        "stdev": 6.45796966553,
        "var": 41.7053718567
    },
    "spectral_rms": {
        "dmean": 0.00104000570718,
        "dmean2": 0.00165856385138,
        "dvar": 1.26683369217e-06,
        "dvar2": 3.24142956742e-06,
        "max": 0.0122564695776,
        "mean": 0.0064672511071,
        "median": 0.0061430898495,
        "min": 0.00382564309984,
        "stdev": 0.00132838671561,
        "var": 1.76461128376e-06
    },
    "spectral_rolloff": {
        "dmean": 222.953399658,
        "dmean2": 371.500671387,
        "dvar": 103288.375,
        "dvar2": 231042.9375,
        "max": 2950.04882812,
        "mean": 707.407714844,
        "median": 495.263671875,
        "min": 86.1328125,
        "stdev": 498.810913086,
        "var": 248812.328125
    },
    "spectral_skewness": {
        "dmean": 0.416614979506,
        "dmean2": 0.702009260654,
        "dvar": 0.143288612366,
        "dvar2": 0.428443282843,
        "max": 4.34009361267,
        "mean": 2.23037528992,
        "median": 2.18746614456,
        "min": 0.822101831436,
        "stdev": 0.51901447773,
        "var": 0.269376009703
    },
    "spectral_spread": {
        "dmean": 476198.9375,
        "dmean2": 621036.875,
        "dvar": 512586383360,
        "dvar2": 682516021248,
        "max": 16206883,
        "mean": 2959215.5,
        "median": 2526216.25,
        "min": 1370397.875,
        "stdev": 1380484.625,
        "var": 1.905737728e+12
    },
    "spectral_strongpeak": {
        "dmean": 0.617559313774,
        "dmean2": 1.04024732113,
        "dvar": 0.742862403393,
        "dvar2": 1.74290049076,
        "max": 9.72924995422,
        "mean": 1.07538032532,
        "median": 0.693647563457,
        "min": 0.0463905483484,
        "stdev": 1.12927424908,
        "var": 1.27526021004
    },
    "zerocrossingrate": {
        "dmean": 0.00546179618686,
        "dmean2": 0.00673586130142,
        "dvar": 2.62168232439e-05,
        "dvar2": 3.73422917619e-05,
        "max": 0.10205078125,
        "mean": 0.0334959924221,
        "median": 0.03125,
        "min": 0.0078125,
        "stdev": 0.0137870367616,
        "var": 0.000190082384506
    },
    "barkbands": {
        "dmean": [0.00017423882673, 0.00858186464757, 0.00267873960547, 0.00246631586924, 0.00353934220038, 0.00378981954418, 0.00198091566563, 0.000538018648513, 0.00108164700214, 0.00122178986203, 0.000285096932203, 0.000363827304682, 0.00021294549515, 0.000427403108915, 0.000249183212873, 0.000351300113834, 0.000432841858128, 0.000181971394341, 4.84280499222e-05, 2.97270598821e-05, 2.13340117625e-05, 3.17427038681e-05, 2.50003777182e-05, 2.80215281236e-05, 1.60289291671e-05, 5.16845466336e-06, 3.32510239787e-07],
        "dmean2": [0.000297578371828, 0.0141129363328, 0.0047568148002, 0.00420683575794, 0.00565532175824, 0.00578994210809, 0.00336773507297, 0.000905010150746, 0.0017106019659, 0.00183839502279, 0.000466817204142, 0.000598937680479, 0.000343810301274, 0.000663919607177, 0.000397313589929, 0.000571055687033, 0.000688164494932, 0.000285423186142, 7.56047229515e-05, 4.79254449601e-05, 3.21581574099e-05, 4.5743319788e-05, 3.60340927728e-05, 4.05150858569e-05, 2.2763517336e-05, 6.83083635522e-06, 4.90409377107e-07],
        "dvar": [9.86068116049e-08, 0.00025166006526, 3.35318582074e-05, 8.59575357026e-06, 1.35542441058e-05, 3.10296200041e-05, 8.53349501995e-06, 9.02067142761e-07, 9.62967078522e-06, 1.50661226144e-05, 3.88993186107e-07, 3.87598817042e-07, 8.2976896465e-07, 1.73569765138e-06, 2.74751556617e-07, 3.47006135826e-07, 3.23107911981e-07, 1.91816269535e-07, 7.02842095635e-09, 3.93986487879e-09, 2.09445905064e-09, 5.28956256574e-09, 3.59982954556e-09, 5.5134123933e-09, 2.22825069507e-09, 1.43537640107e-10, 7.30432858295e-13],
        "dvar2": [2.79018593119e-07, 0.000631382630672, 9.24264022615e-05, 2.38279917539e-05, 3.48453068e-05, 6.32390729152e-05, 2.26557458518e-05, 2.50548578151e-06, 2.39343244175e-05, 3.43592837453e-05, 1.08612550775e-06, 8.67532946813e-07, 2.19004732571e-06, 3.97107487515e-06, 6.14023008438e-07, 7.45234842725e-07, 7.6576822039e-07, 4.28040294764e-07, 1.59206852146e-08, 9.93830351348e-09, 5.01629981997e-09, 1.16696527996e-08, 7.68157271125e-09, 1.22420171778e-08, 5.38612354717e-09, 2.74706146719e-10, 1.48898710202e-12],
        "max": [0.00494449073449, 0.109829604626, 0.0463348925114, 0.0251026302576, 0.0433722697198, 0.0594100505114, 0.0353174991906, 0.0199291631579, 0.0468527525663, 0.0625664964318, 0.011769763194, 0.0153878442943, 0.0215937048197, 0.0222537629306, 0.00986863765866, 0.0137040996924, 0.009013582021, 0.00778454681858, 0.00160317309201, 0.000919091922697, 0.000733658496756, 0.00113881460857, 0.000870697433129, 0.00116965302732, 0.00101909588557, 0.000150033316459, 1.23397403513e-05],
        "mean": [0.000204169991775, 0.0113857798278, 0.0028266212903, 0.00385773391463, 0.00764591805637, 0.00650029163808, 0.00318633113056, 0.000838128675241, 0.00176541449036, 0.00198277668096, 0.000449576356914, 0.00062225421425, 0.00031073592254, 0.000623496249318, 0.000440438190708, 0.000620564213023, 0.000785812619142, 0.000314286386129, 9.66897860053e-05, 4.44864963356e-05, 2.97098522424e-05, 4.91193495691e-05, 3.37210585712e-05, 3.66557396774e-05, 2.11192636925e-05, 7.39553661333e-06, 4.04634988627e-07],
        "median": [6.33293384453e-05, 0.00556681677699, 0.00110685650725, 0.00304221967235, 0.0065113613382, 0.00424418458715, 0.00218548183329, 0.000581067171879, 0.000484234944452, 0.000418120383983, 0.000255757942796, 0.000412090390455, 0.000125222388306, 0.000167545105796, 0.000192027931917, 0.000416373222833, 0.000486044271383, 7.6102638559e-05, 4.95717722515e-05, 2.62127814494e-05, 6.38928395347e-06, 7.48904130887e-06, 4.60531418867e-06, 4.24244535679e-06, 2.1857754291e-06, 8.45673184813e-07, 2.20692317754e-08],
        "min": [7.302141114e-08, 0.000115835951874, 5.05498828716e-05, 9.842909094e-06, 0.000259009946603, 6.73384492984e-05, 6.56980992062e-05, 1.97731042135e-05, 2.14409210457e-05, 2.1501817173e-05, 2.82962446363e-05, 2.666569344e-05, 1.25031347125e-05, 1.5536284991e-05, 1.36760700116e-05, 4.18391064159e-05, 1.80297374754e-05, 3.25113933286e-06, 5.89707326526e-07, 7.95639266471e-07, 3.88428844644e-08, 5.39093036878e-08, 5.20215053257e-08, 2.87798549437e-08, 1.98053360378e-08, 7.91146614887e-09, 1.49887892896e-12],
        "stdev": [0.000330373935867, 0.0163629241288, 0.00498311826959, 0.00335016660392, 0.00532598188147, 0.00722557632253, 0.00356458337046, 0.0010269327322, 0.00469726882875, 0.00531226582825, 0.000808790966403, 0.000854558835272, 0.000976356095634, 0.00164925912395, 0.000815417035483, 0.000821383437142, 0.000846776994877, 0.000645667838398, 0.000131535562105, 6.64624894853e-05, 5.64387373743e-05, 9.63685743045e-05, 7.65088989283e-05, 8.74606776051e-05, 5.05828138557e-05, 1.56109272211e-05, 1.00622162336e-06],
        "var": [1.09146931493e-07, 0.000267745315796, 2.48314681812e-05, 1.12236157293e-05, 2.83660829155e-05, 5.22089540027e-05, 1.27062548927e-05, 1.05459082533e-06, 2.2064336008e-05, 2.82201690425e-05, 6.54142809253e-07, 7.30270755867e-07, 9.53271239723e-07, 2.72005559054e-06, 6.64904916903e-07, 6.74670786793e-07, 7.17031298336e-07, 4.16886933863e-07, 1.73016037053e-08, 4.41726255573e-09, 3.18533110999e-09, 9.28690191415e-09, 5.8536113734e-09, 7.64937002629e-09, 2.55862109277e-09, 2.43701031577e-10, 1.01248187351e-12]
    },
    "erbbands": {
        "dmean": [0.182493880391, 2.20622301102, 3.80700588226, 4.9966468811, 8.83183670044, 17.5144882202, 19.3996944427, 31.3271522522, 34.2759857178, 17.4189510345, 12.5915822983, 27.8845882416, 43.4648590088, 13.6335363388, 13.4304208755, 13.6643323898, 9.78243160248, 18.5631408691, 12.8505735397, 16.8807010651, 21.7906475067, 16.4272823334, 9.22393035889, 4.46484565735, 2.08580827713, 1.20324313641, 0.726784050465, 1.03298723698, 1.12495708466, 0.903521895409, 0.698633551598, 0.584312081337, 0.479617536068, 0.224784269929, 0.0929140225053, 0.0279339198023, 0.00909199751914, 0.00148193317, 3.91861722164e-05, 1.73309490492e-05],
        "dmean2": [0.281280428171, 3.70167732239, 6.77433586121, 8.68676280975, 14.5653162003, 27.9497623444, 30.2046546936, 49.4239730835, 56.9915313721, 28.5710144043, 20.4030265808, 43.6530532837, 64.7354507446, 21.2843322754, 22.3859291077, 22.1982002258, 15.5367574692, 28.862071991, 20.5966148376, 25.3579864502, 35.3008003235, 25.9173583984, 14.3779325485, 6.91708517075, 3.30651950836, 1.90431511402, 1.09447085857, 1.54076099396, 1.64248323441, 1.30031573772, 1.01830935478, 0.843955934048, 0.690482854843, 0.321834892035, 0.12983135879, 0.0375213027, 0.0123544652015, 0.00197589443997, 5.29701210326e-05, 2.77492708847e-05],
        "dvar": [0.101572200656, 17.1386432648, 65.6229782104, 47.2554283142, 104.182395935, 407.368988037, 775.646728516, 2200.65087891, 3099.53222656, 515.255187988, 559.741149902, 7496.70654297, 20321.4570312, 1133.77209473, 738.435668945, 882.96685791, 1725.77319336, 4298.55273438, 972.016174316, 1436.51074219, 767.133300781, 477.670898438, 430.657989502, 129.14956665, 10.4254693985, 6.65444564819, 3.11822247505, 5.2552523613, 6.45153093338, 4.88103151321, 2.94337630272, 2.35661411285, 1.78132247925, 0.452206104994, 0.0606639608741, 0.00416490482166, 0.000497208849993, 1.25932301671e-05, 7.27450455429e-09, 4.51415682612e-10],
        "dvar2": [0.226472973824, 44.6546401978, 182.904800415, 134.464889526, 264.66809082, 1051.94812012, 1684.55432129, 4842.93310547, 7928.90625, 1277.31481934, 1522.54736328, 19323.8984375, 46306.3476562, 2574.51074219, 2156.15112305, 1977.5489502, 4808.26464844, 9981.5625, 2547.11376953, 2847.265625, 1858.73681641, 1087.9173584, 952.636901855, 285.67855835, 25.0847873688, 16.022233963, 7.59097623825, 12.2752323151, 14.4527788162, 10.8359594345, 6.35223388672, 5.09630537033, 4.11054754257, 1.09866678715, 0.138303458691, 0.00825623143464, 0.0010194274364, 2.44363800448e-05, 1.29951374106e-08, 1.16275777895e-09],
        "max": [2.43983721733, 28.3753318787, 61.0336647034, 64.1667556763, 110.728378296, 206.112243652, 342.675109863, 529.581054688, 693.91809082, 386.901031494, 546.120483398, 1313.67443848, 2356.19433594, 706.449401855, 682.376831055, 784.7265625, 1146.49414062, 1296.33764648, 658.273254395, 882.299377441, 535.948974609, 350.093475342, 321.61050415, 248.14553833, 49.4153404236, 40.128578186, 33.7164649963, 34.2038154602, 45.1442108154, 41.9343452454, 25.7606811523, 21.2862510681, 20.5063266754, 14.0463266373, 4.51791715622, 0.716672599316, 0.335429996252, 0.0544702038169, 0.00152522011194, 0.000166976358742],
        "mean": [0.240277707577, 2.79423499107, 4.29395151138, 7.99071025848, 16.1445732117, 33.8005180359, 36.1301002502, 52.4720420837, 54.448425293, 31.1500701904, 21.4667053223, 45.2949638367, 71.6165771484, 25.4673175812, 24.0236816406, 23.656627655, 15.8498716354, 27.892698288, 23.3444461823, 32.1241569519, 43.171836853, 35.0443344116, 18.4072475433, 8.13588619232, 4.38361644745, 1.9128408432, 0.971603274345, 1.54591262341, 1.74399697781, 1.27209174633, 0.920528650284, 0.801535069942, 0.593673348427, 0.287641763687, 0.124874770641, 0.039640147239, 0.012595760636, 0.00207242416218, 6.93368419888e-05, 5.22942827956e-05],
        "median": [0.0821354836226, 1.41610133648, 2.25339102745, 6.24021530151, 11.7016944885, 26.0921363831, 25.7575969696, 34.2440872192, 31.2375221252, 21.1920604706, 13.909075737, 12.4772014618, 14.2572364807, 11.3797616959, 16.1459007263, 14.6968183517, 7.20337867737, 7.06924295425, 11.0134277344, 14.0988759995, 32.0799484253, 22.8630371094, 5.17783641815, 2.94586372375, 2.7741651535, 1.13817751408, 0.273786813021, 0.317039519548, 0.28433611989, 0.166012704372, 0.125130981207, 0.110460430384, 0.0539239048958, 0.0275158714503, 0.0135668059811, 0.00459722662345, 0.0013726510806, 0.000206309443456, 3.02397693304e-05, 4.53380089311e-05],
        "min": [0.00132776552346, 0.0322157219052, 0.104503683746, 0.238541096449, 0.469634532928, 0.746323525906, 0.935228466988, 0.780307590961, 1.68878555298, 1.38234496117, 0.730694711208, 0.989197432995, 1.64692807198, 1.27060675621, 1.792984128, 1.41217529774, 0.673419892788, 0.913859903812, 1.66213285923, 0.608173012733, 2.96881246567, 1.53629231453, 0.269373357296, 0.172851145267, 0.132840767503, 0.0450121723115, 0.0167360063642, 0.00306569039822, 0.0025734284427, 0.00368222361431, 0.00162058940623, 0.00108125549741, 0.000614565680735, 0.00034724723082, 0.000136095419293, 5.95145720581e-05, 1.50424693857e-05, 2.15529348679e-06, 8.91721902008e-06, 1.99465248443e-05],
        "stdev": [0.370836168528, 4.09091901779, 6.86386489868, 6.83203220367, 14.3116502762, 28.2010536194, 35.3574943542, 58.1999588013, 70.768951416, 32.3618888855, 29.6275100708, 127.885528564, 194.07585144, 51.8725128174, 34.8731117249, 38.1967735291, 43.6483192444, 80.9151077271, 44.0190696716, 60.2217178345, 39.196018219, 35.9940605164, 32.889793396, 16.543390274, 4.83650636673, 2.82190561295, 1.95828914642, 2.98066043854, 3.34715366364, 2.82489180565, 2.13351082802, 1.89283895493, 1.49052274227, 0.715952277184, 0.280952244997, 0.0823787674308, 0.0276017896831, 0.0046101748012, 0.000110816610686, 2.33387272601e-05],
        "var": [0.137519463897, 16.7356185913, 47.1126403809, 46.6766662598, 204.82333374, 795.299377441, 1250.15234375, 3387.23510742, 5008.24462891, 1047.29174805, 877.789367676, 16354.7089844, 37665.4335938, 2690.75756836, 1216.1340332, 1458.99353027, 1905.17590332, 6547.25488281, 1937.67834473, 3626.65551758, 1536.32788086, 1295.5723877, 1081.73852539, 273.683746338, 23.3917942047, 7.96315097809, 3.83489632607, 8.88433647156, 11.2034368515, 7.98001337051, 4.55186796188, 3.58283925056, 2.22165799141, 0.512587666512, 0.0789341628551, 0.00678626121953, 0.0007618588279, 2.12537106563e-05, 1.22803207603e-08, 5.44696177052e-10]
    },
    "gfcc": {
        "mean": [-3.10444784164, 154.31867981, -117.650726318, 22.359582901, -38.1634254456, 0.540005266666, -46.5008621216, 7.21042823792, -13.9585351944, -8.72655677795, -10.0818166733, 3.3447060585, -1.29404044151],
        "cov": [[1892.46630859, -1670.06164551, 255.571548462, 115.652297974, -608.019775391, 394.768585205, -249.412902832, 152.497772217, -106.218460083, 201.277359009, -332.840087891, 278.008056641, -212.107284546], [-1670.06164551, 1671.58178711, -294.686218262, -120.61542511, 643.884399414, -363.992645264, 309.446472168, -112.993904114, 123.920600891, -187.391265869, 323.28717041, -274.781677246, 184.677001953], [255.571548462, -294.686218262, 296.619293213, 89.3562850952, -156.680297852, 85.2218475342, -66.8488693237, -17.1424407959, -27.0450153351, 70.2973251343, -40.391456604, 44.3951797485, -15.6788663864], [115.652297974, -120.61542511, 89.3562850952, 160.477172852, -34.4901809692, 16.3373336792, 2.76845431328, -5.42944717407, 31.8818225861, 27.2494277954, -8.73638725281, 15.3977928162, 6.91174793243], [-608.019775391, 643.884399414, -156.680297852, -34.4901809692, 360.858673096, -110.376365662, 137.593460083, -13.6273450851, 53.1446342468, -67.5386505127, 120.819046021, -93.565574646, 75.1336898804], [394.768585205, -363.992645264, 85.2218475342, 16.3373336792, -110.376365662, 187.169052124, -27.4721736908, 36.6591110229, -30.7174739838, 44.7475166321, -64.1271133423, 59.5271873474, -44.0522537231], [-249.412902832, 309.446472168, -66.8488693237, 2.76845431328, 137.593460083, -27.4721736908, 176.400405884, 17.2014141083, 45.4789047241, -27.6530151367, 49.0443458557, -48.2133789062, 33.5876083374], [152.497772217, -112.993904114, -17.1424407959, -5.42944717407, -13.6273450851, 36.6591110229, 17.2014141083, 93.090057373, 23.0656013489, 8.90993595123, -34.4370765686, 16.4684562683, -20.7947502136], [-106.218460083, 123.920600891, -27.0450153351, 31.8818225861, 53.1446342468, -30.7174739838, 45.4789047241, 23.0656013489, 90.1181716919, 2.49779319763, 23.3913555145, -15.0451316833, 9.60120010376], [201.277359009, -187.391265869, 70.2973251343, 27.2494277954, -67.5386505127, 44.7475166321, -27.6530151367, 8.90993595123, 2.49779319763, 77.3057937622, -13.7883462906, 32.4475898743, -22.058298111], [-332.840087891, 323.28717041, -40.391456604, -8.73638725281, 120.819046021, -64.1271133423, 49.0443458557, -34.4370765686, 23.3913555145, -13.7883462906, 131.393783569, -42.8536300659, 38.0057411194], [278.008056641, -274.781677246, 44.3951797485, 15.3977928162, -93.565574646, 59.5271873474, -48.2133789062, 16.4684562683, -15.0451316833, 32.4475898743, -42.8536300659, 102.226280212, -15.9971923828], [-212.107284546, 184.677001953, -15.6788663864, 6.91174793243, 75.1336898804, -44.0522537231, 33.5876083374, -20.7947502136, 9.60120010376, -22.058298111, 38.0057411194, -15.9971923828, 73.1381149292]],
        "icov": [[0.00608371244743, 0.00542674120516, 0.000841238535941, -0.000552339537535, -0.000534879451152, -0.000800179608632, -0.00194822647609, -0.00131286191754, 0.000759900081903, -0.00222992757335, 0.00109019689262, -0.00119975267444, 0.00316080451012], [0.00542674120516, 0.0185313262045, -0.00318159395829, 0.00817292463034, -0.0105767380446, 0.00730643793941, -0.00936122518033, 0.00714016007259, -0.00785256922245, 0.0080747846514, -0.00829024706036, 0.00830247160047, -0.00132345128804], [0.000841238535941, -0.00318159395829, 0.00767477694899, -0.00526046287268, 0.0046509206295, -0.00408361107111, 0.00254121539183, -0.00145690131467, 0.00376729178242, -0.00660804146901, 0.00258316844702, -0.00163891096599, -0.000391278241295], [-0.000552339537535, 0.00817292463034, -0.00526046287268, 0.0145922796801, -0.00605913624167, 0.00499567715451, -0.00538346264511, 0.00704634515569, -0.00998897198588, 0.00597163196653, -0.00492936186492, 0.0053399130702, -0.00419458700344], [-0.000534879451152, -0.0105767380446, 0.0046509206295, -0.00605913624167, 0.0147423688322, -0.00580908544362, 0.00353345391341, -0.00646382616833, 0.00523517560214, -0.0059349834919, 0.00345368962735, -0.00449580419809, -0.000634098774754], [-0.000800179608632, 0.00730643793941, -0.00408361107111, 0.00499567715451, -0.00580908544362, 0.0143791129813, -0.00610846560448, 0.00247010914609, -0.00185102864634, 0.00418504932895, -0.00409063044935, 0.00258577405475, 0.000215125197428], [-0.00194822647609, -0.00936122518033, 0.00254121539183, -0.00538346264511, 0.00353345391341, -0.00610846560448, 0.0144986873493, -0.00622209813446, 0.00213979929686, -0.00408746302128, 0.00386842363514, -0.00240842741914, -0.000746140780393], [-0.00131286191754, 0.00714016007259, -0.00145690131467, 0.00704634515569, -0.00646382616833, 0.00247010914609, -0.00622209813446, 0.0215933453292, -0.0109858838841, 0.00582357356325, -0.00154674530495, 0.00433717528358, -0.000739065289963], [0.000759900081903, -0.00785256922245, 0.00376729178242, -0.00998897198588, 0.00523517560214, -0.00185102864634, 0.00213979929686, -0.0109858838841, 0.0232819411904, -0.00974784884602, 0.00420872867107, -0.00578765803948, 0.00373512832448], [-0.00222992757335, 0.0080747846514, -0.00660804146901, 0.00597163196653, -0.0059349834919, 0.00418504932895, -0.00408746302128, 0.00582357356325, -0.00974784884602, 0.0292145572603, -0.0104423435405, 0.0038686725311, -0.000323423359077], [0.00109019689262, -0.00829024706036, 0.00258316844702, -0.00492936186492, 0.00345368962735, -0.00409063044935, 0.00386842363514, -0.00154674530495, 0.00420872867107, -0.0104423435405, 0.0201735347509, -0.00538212386891, 0.00152430823073], [-0.00119975267444, 0.00830247160047, -0.00163891096599, 0.0053399130702, -0.00449580419809, 0.00258577405475, -0.00240842741914, 0.00433717528358, -0.00578765803948, 0.0038686725311, -0.00538212386891, 0.0223558489233, -0.0071712215431], [0.00316080451012, -0.00132345128804, -0.000391278241295, -0.00419458700344, -0.000634098774754, 0.000215125197428, -0.000746140780393, -0.000739065289963, 0.00373512832448, -0.000323423359077, 0.00152430823073, -0.0071712215431, 0.024458674714]]
    },
    "melbands": {
        "dmean": [0.00205967016518, 0.00224894098938, 0.000973879068624, 0.000798014865723, 0.000661684840452, 0.000724817276932, 0.000471442937851, 0.000166237397934, 0.000121108081657, 0.000171204985236, 0.000218363536987, 5.88962975598e-05, 4.47560269095e-05, 4.34075736848e-05, 3.18093370879e-05, 1.62163487403e-05, 4.12116532971e-05, 2.49134773185e-05, 1.92329480342e-05, 2.14247502299e-05, 3.31067712978e-05, 2.20827369048e-05, 1.40278798426e-05, 6.43100338493e-06, 3.69211443285e-06, 1.72475358795e-06, 1.5516085341e-06, 6.91559819188e-07, 4.29220477827e-07, 5.19162767887e-07, 6.69562552957e-07, 6.48628997624e-07, 6.41032954718e-07, 4.73683485325e-07, 3.84079385185e-07, 4.24274190891e-07, 3.38309718018e-07, 3.74690131366e-07, 2.46810344606e-07, 1.8097094312e-07],
        "dmean2": [0.0032569996547, 0.00392509484664, 0.00166889152024, 0.0012822302524, 0.00102632015478, 0.00112554361112, 0.000783714873251, 0.000271587778116, 0.000193046260392, 0.000266291142907, 0.000324393215124, 9.25777640077e-05, 7.39911702112e-05, 7.25709251128e-05, 5.1468196034e-05, 2.63265665126e-05, 6.4013285737e-05, 3.97968797188e-05, 2.9678840292e-05, 3.3005966543e-05, 5.4046180594e-05, 3.47403147316e-05, 2.25009389396e-05, 9.86015857052e-06, 5.84282588534e-06, 2.7655401027e-06, 2.54269866673e-06, 1.10645430595e-06, 6.59598413222e-07, 7.93457957116e-07, 1.01757348148e-06, 9.70491328189e-07, 9.40932523008e-07, 7.04208162006e-07, 5.74490002236e-07, 6.31227294434e-07, 4.92027766086e-07, 5.51421919681e-07, 3.6121332414e-07, 2.65455554427e-07],
        "dvar": [1.3501677131e-05, 2.01254697458e-05, 1.40509848734e-06, 7.13302028998e-07, 6.13627207713e-07, 1.12092959625e-06, 5.47190154521e-07, 5.35043298555e-08, 7.08930940618e-08, 2.57410903259e-07, 5.17039836723e-07, 2.33471482147e-08, 8.92625529048e-09, 4.86289986057e-09, 1.4752503219e-08, 3.23034510252e-09, 2.1665282901e-08, 4.21286383556e-09, 1.2458721832e-09, 1.97486182962e-09, 1.65310487521e-09, 7.85688847316e-10, 1.07313025133e-09, 4.05690953054e-10, 8.38855929164e-11, 7.95609845367e-12, 9.3230319298e-12, 2.33209979106e-12, 1.29127698117e-12, 1.24243790169e-12, 2.39402963599e-12, 2.18609527182e-12, 2.640571789e-12, 1.43946324044e-12, 8.83899019515e-13, 1.37027379461e-12, 7.65920367494e-13, 1.04379092175e-12, 6.23594383596e-13, 2.74554901383e-13],
        "dvar2": [3.19035971188e-05, 5.52044075448e-05, 3.93826894651e-06, 1.92559014067e-06, 1.38612233513e-06, 2.3993038667e-06, 1.40468307563e-06, 1.33793790269e-07, 1.74491972871e-07, 6.65759614549e-07, 1.17696652069e-06, 5.29603809696e-08, 2.47526088515e-08, 1.22154331095e-08, 3.55509364169e-08, 9.03586894196e-09, 5.00347567822e-08, 1.10098197226e-08, 2.61290056258e-09, 3.74806630177e-09, 4.07635880606e-09, 1.86928894585e-09, 2.57744270371e-09, 8.47946823868e-10, 1.92253976627e-10, 1.91025702201e-11, 2.46305267848e-11, 5.53376094947e-12, 3.18761401823e-12, 2.94639898417e-12, 5.77399239532e-12, 4.98857205544e-12, 6.10667592882e-12, 3.29712581022e-12, 2.01319494929e-12, 2.87959391575e-12, 1.70092303957e-12, 2.38507629445e-12, 1.53416331288e-12, 6.67200615503e-13],
        "max": [0.0262409597635, 0.0314119420946, 0.010977239348, 0.0111029818654, 0.00962051283568, 0.0117089953274, 0.00906028226018, 0.00456408737227, 0.00419153599069, 0.00731022609398, 0.011912801303, 0.00343678356148, 0.00186643737834, 0.00133707793429, 0.00247078714892, 0.00163813203108, 0.00285293231718, 0.00141561636701, 0.000543187314179, 0.00115445873234, 0.000576291349716, 0.000531071971636, 0.000494489620905, 0.000585520814639, 0.000196272449102, 3.92743677367e-05, 5.30146244273e-05, 2.26912579819e-05, 2.37794356508e-05, 1.68246115209e-05, 2.56685925706e-05, 2.81313677988e-05, 2.9129367249e-05, 2.19341236516e-05, 1.47598439071e-05, 1.65545079653e-05, 1.32735458465e-05, 1.40394622576e-05, 1.60204454005e-05, 1.03599395516e-05],
        "mean": [0.00276587810367, 0.00281773228198, 0.00165090861265, 0.00168671226129, 0.00139953556936, 0.00124688725919, 0.000768628611695, 0.000287942297291, 0.000193622356164, 0.000274628866464, 0.000354634394171, 0.000102790429082, 7.49631726649e-05, 7.34596833354e-05, 4.79676637042e-05, 2.53858652286e-05, 5.8621957578e-05, 3.94101771235e-05, 3.55429692718e-05, 3.89658707718e-05, 5.96136087552e-05, 4.19973985117e-05, 2.40245681198e-05, 1.12473871923e-05, 6.09203652857e-06, 3.27929387822e-06, 2.60073989011e-06, 9.18837486097e-07, 5.33684897164e-07, 6.72118972034e-07, 9.92162654256e-07, 9.97177835416e-07, 9.00443581031e-07, 6.31593479739e-07, 4.87017473461e-07, 5.60461558052e-07, 4.57429194967e-07, 4.53873212791e-07, 2.97623216738e-07, 2.28357777132e-07],
        "median": [0.00122096319683, 0.00157085852697, 0.00132023938932, 0.00142979540396, 0.0011386286933, 0.000805679301266, 0.000468513317173, 0.000189609854715, 0.000101602730865, 7.14159177733e-05, 6.71001325827e-05, 4.33425484516e-05, 4.5222157496e-05, 5.00690402987e-05, 2.24729701586e-05, 1.12309289761e-05, 1.31131646413e-05, 1.677016553e-05, 1.66091103893e-05, 1.97383687919e-05, 4.24095342169e-05, 2.78222960333e-05, 6.42150507701e-06, 2.91001651931e-06, 2.15692807615e-06, 1.8359871774e-06, 1.67930090811e-06, 4.65145433282e-07, 1.38074739198e-07, 1.41445639201e-07, 1.76118703621e-07, 1.55186583584e-07, 1.08909368635e-07, 7.37751193469e-08, 6.06766050737e-08, 6.46665441195e-08, 5.88069148932e-08, 3.72774486834e-08, 2.25314717994e-08, 2.19786340239e-08],
        "min": [2.30983496294e-05, 7.78469839133e-05, 5.22457594343e-05, 7.88048782852e-05, 2.85354999505e-05, 1.7758417016e-05, 1.33060002554e-05, 7.3461642387e-06, 4.97032169733e-06, 3.9563383325e-06, 6.61171452521e-06, 4.40205531049e-06, 4.96349139212e-06, 3.59554906026e-06, 1.09245854674e-06, 1.00887848475e-06, 9.22459207686e-07, 2.07731022783e-06, 8.94593597422e-07, 7.88222564552e-07, 1.87754960734e-06, 1.19670130516e-06, 2.57329418218e-07, 1.01034743238e-07, 1.94508000817e-08, 2.90057027286e-08, 9.45177269784e-10, 1.3266551413e-08, 3.1819844537e-09, 1.40541286942e-10, 1.38599087762e-09, 2.82035617083e-10, 1.57979196391e-09, 1.48017254009e-09, 8.81394734975e-10, 5.20155307715e-10, 3.32642746681e-10, 3.01790648027e-10, 4.35139396737e-10, 1.96310218081e-10],
        "stdev": [0.0040445276536, 0.00404147338122, 0.00130128313322, 0.00116743682884, 0.00109610101208, 0.00136186939199, 0.000946004351135, 0.000315178302117, 0.0003682441602, 0.000751006766222, 0.000980839133263, 0.000238353968598, 0.00012376558152, 9.51079782681e-05, 0.000134369693114, 6.45160616841e-05, 0.000180663511856, 8.48951094667e-05, 5.89602750551e-05, 6.93154943292e-05, 5.59149775654e-05, 4.34907087765e-05, 4.69302212878e-05, 2.88545998046e-05, 1.27569119286e-05, 4.23620940637e-06, 3.36486868946e-06, 1.62873072895e-06, 1.19867615922e-06, 1.336031346e-06, 1.98377097149e-06, 1.90685000234e-06, 1.9862325189e-06, 1.46749891883e-06, 1.14506951832e-06, 1.39248879805e-06, 1.08066785742e-06, 1.14592717182e-06, 8.14719953723e-07, 5.60171997677e-07],
        "var": [1.63582026289e-05, 1.63335062098e-05, 1.69333793565e-06, 1.36290873343e-06, 1.20143738513e-06, 1.85468832115e-06, 8.94924198747e-07, 9.93373632241e-08, 1.35603769991e-07, 5.64011145343e-07, 9.62045305641e-07, 5.68126132805e-08, 1.53179193774e-08, 9.0455269941e-09, 1.8055215989e-08, 4.16232248668e-09, 3.26393028161e-08, 7.20717929781e-09, 3.47631412545e-09, 4.80463757668e-09, 3.12648462675e-09, 1.891441892e-09, 2.20244578131e-09, 8.32587943034e-10, 1.6273880854e-10, 1.7945469763e-11, 1.13223406345e-11, 2.65276385927e-12, 1.4368245092e-12, 1.78497982454e-12, 3.93534684007e-12, 3.63607711648e-12, 3.94511940477e-12, 2.15355294361e-12, 1.3111842341e-12, 1.93902489551e-12, 1.16784294908e-12, 1.3131491337e-12, 6.63768573526e-13, 3.13792665897e-13]
    },
    "melbands128": {
