{
"lowlevel": {
    "average_loudness": 0.741022765636,
    "barkbands_crest": {
        "dmean": 2.65892982483,
        "dmean2": 4.32852697372,
        "dvar": 5.36045885086,
        "dvar2": 13.9622335434,
        "max": 24.6678180695,
        "mean": 12.7110967636,
        "median": 12.2026252747,
        "min": 4.73686790466,
        "stdev": 3.83171105385,
        "var": 14.682009697
    },
    "barkbands_flatness_db": {
        "dmean": 0.0274875927716,
        "dmean2": 0.0388475097716,
        "dvar": 0.000562491826713,
        "dvar2": 0.00110901647713,
        "max": 0.459716230631,
        "mean": 0.305696189404,
        "median": 0.309657841921,
        "min": 0.0658411905169,
        "stdev": 0.0656790733337,
        "var": 0.00431374041364
    },
    "barkbands_kurtosis": {
        "dmean": 3.24803304672,
        "dmean2": 4.95273685455,
        "dvar": 15.547785759,
        "dvar2": 36.9058113098,
        "max": 60.9096565247,
        "mean": 6.47375011444,
        "median": 4.55942440033,
        "min": -1.38883090019,
        "stdev": 6.7145857811,
        "var": 45.0856590271
    },
    "barkbands_skewness": {
        "dmean": 0.535482883453,
        "dmean2": 0.792033672333,
        "dvar": 0.220415011048,
        "dvar2": 0.503681719303,
        "max": 5.96638822556,
        "mean": 1.40832042694,
        "median": 1.32483625412,
        "min": -1.82797205448,
        "stdev": 1.03142118454,
        "var": 1.06382977962
    },
    "barkbands_spread": {
        "dmean": 1.12505412102,
        "dmean2": 1.65466928482,
        "dvar": 1.42736625671,
        "dvar2": 3.3597342968,
        "max": 22.974899292,
        "mean": 4.43070077896,
        "median": 3.96936202049,
        "min": 0.697404563427,
        "stdev": 2.49500441551,
        "var": 6.22504758835
    },
    "dissonance": {
        "dmean": 0.0446402058005,
        "dmean2": 0.0743123441935,
        "dvar": 0.00128455960657,
        "dvar2": 0.00348397810012,
        "max": 0.499999910593,
        "mean": 0.370172083378,
        "median": 0.380766928196,
        "min": 0.128749102354,
        "stdev": 0.0662447288632,
        "var": 0.00438836449757
    },
    "dynamic_complexity": 2.42758274078,
    "erbbands_crest": {
        "dmean": 3.23369669914,
        "dmean2": 5.05077028275,
        "dvar": 7.38585042953,
        "dvar2": 17.9151382446,
        "max": 31.6938152313,
        "mean": 13.387925148,
        "median": 12.7913532257,
        "min": 3.06156468391,
        "stdev": 4.5332942009,
        "var": 20.5507583618
    },
    "erbbands_flatness_db": {
        "dmean": 0.0256041493267,
        "dmean2": 0.0333473980427,
        "dvar": 0.000520244881045,
        "dvar2": 0.000851928954944,
        "max": 0.459986209869,
        "mean": 0.31331294775,
        "median": 0.32133820653,
        "min": 0.0730561092496,
        "stdev": 0.0610077828169,
        "var": 0.00372194964439
    },
    "erbbands_kurtosis": {
        "dmean": 2.25480031967,
        "dmean2": 3.52401018143,
        "dvar": 6.9085187912,
        "dvar2": 16.4672374725,
        "max": 35.4381637573,
        "mean": 3.94522762299,
        "median": 3.07830905914,
        "min": -1.28019821644,
        "stdev": 3.74693703651,
        "var": 14.0395374298
    },
    "erbbands_skewness": {
        "dmean": 0.454011052847,
        "dmean2": 0.675508856773,
        "dvar": 0.15665833652,
        "dvar2": 0.363678216934,
        "max": 4.42795658112,
        "mean": 1.04745399952,
        "median": 1.0393923521,
        "min": -1.94437420368,
        "stdev": 0.819815218449,
        "var": 0.672097027302
    },
    "erbbands_spread": {
        "dmean": 3.23555231094,
        "dmean2": 4.67113208771,
        "dvar": 10.7080669403,
        "dvar2": 23.9459667206,
        "max": 45.8194084167,
        "mean": 11.3282003403,
        "median": 9.70036315918,
        "min": 1.61360263824,
        "stdev": 6.2957482338,
        "var": 39.6364440918
    },
    "hfc": {
        "dmean": 3.47670602798,
        "dmean2": 4.9702205658,
        "dvar": 14.3318624496,
        "dvar2": 30.776763916,
        "max": 45.1893463135,
        "mean": 11.6263360977,
        "median": 9.95341014862,
        "min": 1.26213533969e-16,
        "stdev": 8.16082859039,
        "var": 66.5991210938
    },
    "loudness_ebu128": {
        "integrated": -17.2664680481,
        "loudness_range": 4.88564300537,
        "momentary": {
            "dmean": 0.502541184425,
            "dmean2": 0.576592981815,
            "dvar": 0.182998627424,
            "dvar2": 0.229817733169,
            "max": -13.0629501343,
            "mean": -17.9905204773,
            "median": -17.4461212158,
            "min": -25.2894115448,
            "stdev": 2.70661640167,
            "var": 7.32577180862
        },
        "short_term": {
            "dmean": 0.112872309983,
            "dmean2": 0.0744024068117,
            "dvar": 0.0107328267768,
            "dvar2": 0.0058235405013,
            "max": -14.6923542023,
            "mean": -17.7081336975,
            "median": -17.4318237305,
            "min": -22.7591457367,
            "stdev": 1.86384689808,
            "var": 3.4739253521
        }
    },
    "melbands_crest": {
        "dmean": 3.06220698357,
        "dmean2": 4.96691894531,
        "dvar": 6.59926176071,
        "dvar2": 16.5225582123,
        "max": 28.8173332214,
        "mean": 14.7619771957,
        "median": 13.9854860306,
        "min": 2.15585303307,
        "stdev": 4.77115249634,
        "var": 22.7638969421
    },
    "melbands_flatness_db": {
        "dmean": 0.027944419533,
        "dmean2": 0.0386580228806,
        "dvar": 0.000663192768116,
        "dvar2": 0.00116751610767,
        "max": 0.595814883709,
        "mean": 0.385621935129,
        "median": 0.390615344048,
        "min": 0.00932115130126,
        "stdev": 0.0793320387602,
        "var": 0.00629357295111
    },
    "melbands_kurtosis": {
        "dmean": 3.51326751709,
        "dmean2": 5.3291144371,
        "dvar": 18.6920700073,
        "dvar2": 43.8720703125,
        "max": 55.686378479,
        "mean": 6.43491983414,
        "median": 4.48466396332,
        "min": -1.51740980148,
        "stdev": 7.46074676514,
        "var": 55.6627426147
    },
    "melbands_skewness": {
        "dmean": 0.562299966812,
        "dmean2": 0.840899348259,
        "dvar": 0.242620483041,
        "dvar2": 0.544007658958,
        "max": 5.94909572601,
        "mean": 1.40879583359,
        "median": 1.26237738132,
        "min": -0.916840612888,
        "stdev": 1.09209311008,
        "var": 1.19266736507
    },
    "melbands_spread": {
        "dmean": 1.63684463501,
        "dmean2": 2.49623584747,
        "dvar": 8.00427150726,
        "dvar2": 11.4814910889,
        "max": 119.606361389,
        "mean": 6.65893173218,
        "median": 6.0330657959,
        "min": 0.950960755348,
        "stdev": 4.22649478912,
        "var": 17.8632583618
    },
    "pitch_salience": {
        "dmean": 0.0692416504025,
        "dmean2": 0.113036260009,
        "dvar": 0.00363096082583,
        "dvar2": 0.00947392079979,
        "max": 0.967799723148,
        "mean": 0.552269935608,
        "median": 0.55327218771,
        "min": 0.174160420895,
        "stdev": 0.112986922264,
        "var": 0.0127660445869
    },
    "silence_rate_20dB": {
        "dmean": 0,
        "dmean2": 0,
        "dvar": 0,
        "dvar2": 0,
        "max": 1,
        "mean": 1,
        "median": 1,
        "min": 1,
        "stdev": 0,
        "var": 0
    },
    "silence_rate_30dB": {
        "dmean": 0.011340206489,
        "dmean2": 0.0226921085268,
        "dvar": 0.0112112080678,
        "dvar2": 0.0273345354944,
        "max": 1,
        "mean": 0.98093765974,
        "median": 1,
        "min": 0,
        "stdev": 0.136742711067,
        "var": 0.0186985693872
    },
    "silence_rate_60dB": {
        "dmean": 0.00670103076845,
        "dmean2": 0.0134089738131,
        "dvar": 0.00665610795841,
        "dvar2": 0.0173549521714,
        "max": 1,
        "mean": 0.00566718168557,
        "median": 0,
        "min": 0,
        "stdev": 0.0750673636794,
        "var": 0.00563510879874
    },
    "spectral_centroid": {
        "dmean": 59.4241828918,
        "dmean2": 86.2934112549,
        "dvar": 39190.7226562,
        "dvar2": 25271.1386719,
        "max": 11145.1542969,
        "mean": 476.602935791,
        "median": 451.647644043,
        "min": 203.350234985,
        "stdev": 278.477996826,
        "var": 77550
    },
    "spectral_complexity": {
        "dmean": 1.66597938538,
        "dmean2": 2.73697781563,
        "dvar": 2.99764657021,
        "dvar2": 6.31977319717,
        "max": 33,
        "mean": 9.51159191132,
        "median": 9,
        "min": 0,
        "stdev": 3.20122122765,
        "var": 10.2478170395
    },
    "spectral_decrease": {
        "dmean": 2.36969488476e-09,
        "dmean2": 3.55593310353e-09,
        "dvar": 7.54849210095e-18,
        "dvar2": 1.64507331032e-17,
        "max": 1.16036713407e-28,
        "mean": -8.45561842766e-09,
        "median": -6.4188561133e-09,
        "min": -4.21007122497e-08,
        "stdev": 6.98965552104e-09,
        "var": 4.8855282137e-17
    },
    "spectral_energy": {
        "dmean": 0.00923363026232,
        "dmean2": 0.0138350045308,
        "dvar": 0.000113512622193,
        "dvar2": 0.000247625459451,
        "max": 0.162221238017,
        "mean": 0.032967928797,
        "median": 0.0252228230238,
        "min": 1.10099872106e-20,
        "stdev": 0.0269233305007,
        "var": 0.000724865705706
    },
    "spectral_energyband_high": {
        "dmean": 1.92980969587e-05,
        "dmean2": 2.37775657297e-05,
        "dvar": 3.42401218489e-09,
        "dvar2": 5.9317022405e-09,
        "max": 0.000823809765279,
        "mean": 2.51734782069e-05,
        "median": 8.61459284351e-07,
        "min": 7.98002058783e-21,
        "stdev": 8.01650821813e-05,
        "var": 6.42644071291e-09
    },
    "spectral_energyband_low": {
        "dmean": 0.00195877393708,
        "dmean2": 0.00285641965456,
        "dvar": 3.4816977859e-05,
        "dvar2": 6.37053890387e-05,
        "max": 0.0993408709764,
        "mean": 0.0086835520342,
        "median": 0.000774082844146,
        "min": 3.00555405355e-23,
        "stdev": 0.0200086329132,
        "var": 0.000400345423259
    },
    "spectral_energyband_middle_high": {
        "dmean": 0.00076311948942,
        "dmean2": 0.00111424119677,
        "dvar": 2.65918151854e-06,
        "dvar2": 5.02637749378e-06,
        "max": 0.0213623326272,
        "mean": 0.00217953277752,
        "median": 0.000603239459451,
        "min": 1.63019749419e-21,
        "stdev": 0.00367601402104,
        "var": 1.35130794661e-05
    },
    "spectral_energyband_middle_low": {
        "dmean": 0.0080453697592,
        "dmean2": 0.0122672533616,
        "dvar": 7.99504414317e-05,
        "dvar2": 0.000194153893972,
        "max": 0.118331007659,
        "mean": 0.0226154346019,
        "median": 0.0184111949056,
        "min": 1.96800348578e-22,
        "stdev": 0.0167258344591,
        "var": 0.000279753527138
    },
    "spectral_entropy": {
        "dmean": 0.219006091356,
        "dmean2": 0.303443998098,
        "dvar": 0.0370141901076,
        "dvar2": 0.0664700567722,
        "max": 9.80805015564,
        "mean": 6.12064933777,
        "median": 6.08325481415,
        "min": 4.69673109055,
        "stdev": 0.523179471493,
        "var": 0.273716777563
    },
    "spectral_flux": {
        "dmean": 0.0226445235312,
        "dmean2": 0.0376795008779,
        "dvar": 0.000524960982148,
        "dvar2": 0.0013654200593,
        "max": 0.265324085951,
        "mean": 0.0677830427885,
        "median": 0.0614502318203,
        "min": 1.04928489508e-10,
        "stdev": 0.032884310931,
        "var": 0.00108137784991
    },
    "spectral_kurtosis": {
        "dmean": 16.7906322479,
        "dmean2": 28.1231613159,
        "dvar": 228.083786011,
        "dvar2": 613.379760742,
        "max": 133.734222412,
        "mean": 38.2792472839,
        "median": 33.7840919495,
        "min": -1.21000874043,
        "stdev": 25.8705863953,
        "var": 669.287231445
    },
    "spectral_rms": {
        "dmean": 0.000808259123005,
        "dmean2": 0.00119618745521,
        "dvar": 6.11728125932e-07,
        "dvar2": 1.30884916416e-06,
        "max": 0.0125803267583,
        "mean": 0.00523542659357,
        "median": 0.00496060820296,
        "min": 3.27741523157e-12,
        "stdev": 0.00218039052561,
        "var": 4.75410251966e-06
    },
    "spectral_rolloff": {
        "dmean": 78.4737091064,
        "dmean2": 128.399124146,
        "dvar": 171422.640625,
        "dvar2": 170742.4375,
        "max": 19143.0175781,
        "mean": 582.961120605,
        "median": 559.86328125,
        "min": 86.1328125,
        "stdev": 463.471618652,
        "var": 214805.953125
    },
    "spectral_skewness": {
        "dmean": 1.03968286514,
        "dmean2": 1.71974480152,
        "dvar": 0.709492206573,
        "dvar2": 2.01909184456,
        "max": 9.67462825775,
        "mean": 4.18226623535,
        "median": 4.00157022476,
        "min": -0.00764123350382,
        "stdev": 1.54596376419,
        "var": 2.3900039196
    },
    "spectral_spread": {
        "dmean": 449744.59375,
        "dmean2": 620198.9375,
        "dvar": 920539037696,
        "dvar2": 1.15952805478e+12,
        "max": 48704680,
        "mean": 1829899.125,
        "median": 1404455.875,
        "min": 575289,
        "stdev": 1884028.75,
        "var": 3.54956450202e+12
    },
    "spectral_strongpeak": {
        "dmean": 0.542225837708,
        "dmean2": 0.85644620657,
        "dvar": 0.385354578495,
        "dvar2": 0.876520693302,
        "max": 5.45997476578,
        "mean": 1.35674881935,
        "median": 1.08782720566,
        "min": 0,
        "stdev": 1.03699326515,
        "var": 1.07535493374
    },
    "zerocrossingrate": {
        "dmean": 0.00269058067352,
        "dmean2": 0.00348444958217,
        "dvar": 9.97316747089e-05,
        "dvar2": 0.000161224670592,
        "max": 0.52099609375,
        "mean": 0.0224674772471,
        "median": 0.021484375,
        "min": 0.001953125,
        "stdev": 0.0166128315032,
        "var": 0.000275986152701
    },
    "barkbands": {
        "dmean": [0.000102852965938, 0.00119234225713, 0.000632244627923, 0.000852398923598, 0.00363386678509, 0.00180097355042, 0.00401129387319, 0.000960978388321, 0.00123953016009, 0.000635859556496, 0.000130845874082, 5.46291630599e-05, 2.71824701485e-05, 4.10954671679e-05, 3.18914135278e-05, 2.7868167308e-05, 3.10467476083e-05, 8.02386875876e-06, 6.9433463068e-06, 4.88838168167e-06, 4.57625901618e-06, 5.77350920139e-06, 3.53550944965e-06, 2.59238845501e-06, 1.43707086409e-06, 2.57407464233e-07, 3.05294669545e-08],
        "dmean2": [0.000175779481651, 0.0016831047833, 0.00101412076037, 0.00145573995542, 0.00575252063572, 0.00262198015116, 0.0059426301159, 0.00140804948751, 0.00174701679498, 0.000943527265918, 0.000184289805475, 8.21130088298e-05, 4.25387843279e-05, 6.50800575386e-05, 5.0276870752e-05, 4.54299079138e-05, 5.09180426889e-05, 1.21659450087e-05, 9.91678462015e-06, 6.93116908224e-06, 6.1927958086e-06, 7.79250876803e-06, 4.68160487799e-06, 3.42009843735e-06, 1.93328241949e-06, 3.9018934217e-07, 5.19217699946e-08],
        "dvar": [2.06295467819e-07, 1.76527009899e-05, 3.35504842042e-06, 1.85222381788e-06, 2.23567622015e-05, 1.59648097906e-05, 3.5109151213e-05, 3.11242797579e-06, 3.42813928e-06, 2.54919041254e-06, 8.3819074348e-08, 8.03328337184e-09, 3.61557184192e-09, 3.72803521387e-09, 4.02422539736e-09, 3.07170089364e-09, 5.3828093094e-09, 5.62795476888e-10, 3.41732475651e-10, 2.48559978155e-10, 1.75632522414e-10, 3.85947857007e-10, 1.54098983574e-10, 7.3027910108e-11, 2.20584592259e-11, 9.46930142805e-13, 1.88215108511e-14],
        "dvar2": [4.39140734443e-07, 3.28183232341e-05, 7.69753387431e-06, 5.45217108083e-06, 6.15619064774e-05, 3.1354418752e-05, 8.08491095086e-05, 6.53979532217e-06, 6.70455165164e-06, 4.90027105116e-06, 1.49188352339e-07, 1.8306591798e-08, 7.81197950772e-09, 9.04648000954e-09, 9.42084277256e-09, 7.71476216244e-09, 1.42728362462e-08, 1.22565813054e-09, 6.47082609717e-10, 4.54679183193e-10, 3.34632987986e-10, 7.91313181647e-10, 2.88440604734e-10, 1.40865971665e-10, 4.39304842503e-11, 2.25878777488e-12, 4.86948873693e-14],
        "max": [0.0113893225789, 0.072905421257, 0.0258999336511, 0.014002321288, 0.0462565422058, 0.0838493034244, 0.0759541466832, 0.0225014649332, 0.0340039879084, 0.0195516906679, 0.00697027146816, 0.00135780242272, 0.001195924473, 0.000717519025784, 0.0010282805888, 0.000914610573091, 0.000959255965427, 0.000514300132636, 0.000298297498375, 0.000321798957884, 0.000165971723618, 0.000264368631179, 0.000206085358514, 0.000127533421619, 6.26489927527e-05, 1.20679706015e-05, 2.12404484046e-06],
        "mean": [0.000882928201463, 0.00595076009631, 0.00137591094244, 0.00122083665337, 0.00744153745472, 0.00280841230415, 0.00671595474705, 0.00139106390998, 0.00292329397053, 0.00156307767611, 0.000262862362433, 0.000108872794954, 4.37723574578e-05, 7.33539563953e-05, 5.81682179472e-05, 4.57366368209e-05, 4.81841962028e-05, 1.30516409627e-05, 1.11849722089e-05, 6.72535225021e-06, 6.28233783573e-06, 6.74078501106e-06, 4.36633808931e-06, 3.08910580316e-06, 1.58137117978e-06, 2.35606322008e-07, 2.33899974944e-08],
        "median": [1.96708424482e-06, 0.000101884143078, 0.000294148165267, 0.000641468330286, 0.00458064302802, 0.00113745476119, 0.0028496212326, 0.000572920660488, 0.00115727074444, 0.000166396916029, 7.85705051385e-05, 4.94881714985e-05, 2.40910903813e-05, 3.73370130546e-05, 2.6566654924e-05, 2.27843374887e-05, 1.45467984112e-05, 4.88310888613e-06, 2.87504531116e-06, 1.05794867977e-06, 3.05066123474e-07, 1.25451862232e-07, 4.36861498088e-08, 2.78271325982e-08, 1.86886559561e-08, 4.02928357346e-09, 5.09846720398e-10],
        "min": [2.32303167724e-24, 1.81531724876e-23, 4.51086837254e-24, 7.51175047626e-24, 1.74742661708e-23, 4.86957336579e-23, 4.53704041079e-23, 3.09008049954e-23, 3.06249971349e-23, 4.96047065246e-23, 1.79243056375e-22, 2.36604802574e-23, 1.36562361875e-22, 1.05116737984e-22, 8.04513483302e-23, 1.43213469048e-22, 1.47073548473e-22, 2.45918867505e-22, 4.27485415857e-22, 2.79908422665e-22, 3.80002678903e-22, 5.02290129382e-22, 4.22504560723e-22, 1.11106825157e-21, 1.47045419587e-21, 1.43294783568e-21, 2.7686260168e-21],
        "stdev": [0.00233282614499, 0.0149978753179, 0.00315838074312, 0.0015725173289, 0.00776454806328, 0.00590462330729, 0.00899719446898, 0.00237592612393, 0.00381836295128, 0.00351488217711, 0.000663773738779, 0.00016070107813, 7.12662513251e-05, 8.873527986e-05, 9.07585854293e-05, 6.84689439368e-05, 9.33100891416e-05, 2.95713180094e-05, 2.55741833826e-05, 2.06727181649e-05, 1.8718686988e-05, 2.34297804127e-05, 1.57011654665e-05, 1.05631224869e-05, 5.56514078198e-06, 9.58700411502e-07, 1.22396855318e-07],
        "var": [5.44207796338e-06, 0.000224936273298, 9.97536881187e-06, 2.47281082011e-06, 6.02882064413e-05, 3.48645771737e-05, 8.09495104477e-05, 5.64502488487e-06, 1.45798958329e-05, 1.23543959489e-05, 4.40595556483e-07, 2.58248356033e-08, 5.07887909507e-09, 7.87394949242e-09, 8.23712031917e-09, 4.68799665754e-09, 8.70677308029e-09, 8.74462890987e-10, 6.540388231e-10, 4.27361257493e-10, 3.50389273152e-10, 5.48954603996e-10, 2.46526604686e-10, 1.11579551154e-10, 3.09707919033e-11, 9.19106370872e-13, 1.49809889293e-14]
    },
    "erbbands": {
        "dmean": [0.0377083718777, 0.26516482234, 0.706622540951, 1.71454465389, 8.08238315582, 12.5262393951, 19.2746810913, 11.4590768814, 47.9921112061, 41.0195198059, 20.4851150513, 24.0337238312, 25.6448078156, 9.73511600494, 3.65032696724, 1.98692798615, 1.32083034515, 2.18101191521, 1.371768713, 1.62912487984, 1.76821744442, 1.71540892124, 0.454241931438, 0.332093507051, 0.366567909718, 0.209174007177, 0.194551244378, 0.210063666105, 0.210023537278, 0.137795820832, 0.0873216539621, 0.0613576434553, 0.0429404191673, 0.0213323198259, 0.00727682933211, 0.00144289515447, 0.000417446019128, 0.000123528414406, 6.85093073116e-06, 1.02652174974e-05],
        "dmean2": [0.0539199560881, 0.376502037048, 1.12313449383, 2.86638236046, 13.7123355865, 19.3761405945, 28.1495552063, 16.4257545471, 68.0449981689, 64.7862625122, 28.8904266357, 35.5307502747, 36.9440345764, 13.8294429779, 4.88552999496, 3.00286698341, 2.008654356, 3.43912649155, 2.16847252846, 2.59459590912, 2.92997860909, 2.77810430527, 0.67490118742, 0.51346540451, 0.506771922112, 0.282444298267, 0.260262876749, 0.297423869371, 0.286520183086, 0.183499708772, 0.113971933722, 0.0793293714523, 0.0574896670878, 0.028874611482, 0.00988946575671, 0.00208559888415, 0.000669459055644, 0.000206576834898, 1.02895864984e-05, 1.53390028572e-05],
        "dvar": [0.0247565954924, 0.751695811749, 4.87339019775, 7.55491733551, 210.065887451, 325.488464355, 1473.23950195, 323.279785156, 5001.77685547, 6965.37695312, 963.199157715, 1135.12268066, 2110.93530273, 470.709289551, 79.0531768799, 11.6542692184, 5.77453517914, 14.4342737198, 5.49412631989, 18.5644817352, 11.8625602722, 17.455904007, 1.34781956673, 0.966470003128, 1.07446289062, 0.450981855392, 0.315377175808, 0.425208240747, 0.518109977245, 0.2376498878, 0.0860892087221, 0.03608347103, 0.0217679738998, 0.00540154241025, 0.000524020986632, 2.50286484516e-05, 3.00343845083e-06, 2.76096329799e-07, 1.91461804744e-10, 1.38883182732e-10],
        "dvar2": [0.0436919145286, 1.5348649025, 11.2288990021, 19.9638824463, 666.559814453, 732.406921387, 3003.83862305, 663.79888916, 9437.10742188, 17442.2246094, 1974.50170898, 2505.58129883, 4140.26904297, 859.623046875, 142.432876587, 27.4743480682, 12.1784915924, 35.1707191467, 11.3649730682, 47.0897064209, 31.9174785614, 45.1511917114, 2.67312598228, 2.13211083412, 2.01647782326, 0.806797921658, 0.582809507847, 0.881111323833, 1.05468046665, 0.460072219372, 0.152230888605, 0.0658716112375, 0.0450193397701, 0.0112430891022, 0.00102525309194, 5.43435562577e-05, 7.54245183998e-06, 7.02736770108e-07, 4.64448368653e-10, 3.01776520439e-10],
        "max": [3.15751838684, 13.0638275146, 33.1081809998, 38.2867240906, 160.460464478, 237.386444092, 798.09979248, 284.433227539, 1061.34594727, 942.95501709, 505.550140381, 483.291442871, 620.369812012, 280.289459229, 227.316558838, 48.7799034119, 39.7389640808, 47.2854919434, 35.5133476257, 93.8798217773, 44.2663574219, 69.001335144, 21.7443256378, 16.262348175, 16.8089313507, 12.6541366577, 9.0049829483, 8.00976276398, 10.7709636688, 8.01055908203, 4.96357870102, 3.2379758358, 2.42549061775, 1.032771945, 0.293695688248, 0.0729991495609, 0.0233750063926, 0.00690522510558, 0.000229772791499, 0.000178059504833],
        "mean": [0.246405601501, 0.989740788937, 1.84112346172, 2.99905753136, 14.357840538, 25.1037483215, 31.5723705292, 19.8413848877, 82.3822174072, 66.3181838989, 39.0160942078, 51.3355407715, 65.6616897583, 25.7985057831, 8.61732959747, 4.07480573654, 2.70338058472, 3.73808813095, 2.5269036293, 3.08340287209, 3.00344419479, 2.76040840149, 0.837310910225, 0.574556767941, 0.573457539082, 0.295667529106, 0.272044032812, 0.260385155678, 0.24502299726, 0.167567774653, 0.110837809741, 0.075636073947, 0.0487038344145, 0.0231728907675, 0.00815362948924, 0.00151379208546, 0.000372653244995, 9.86078666756e-05, 1.79889939318e-05, 3.67535358237e-05],
        "median": [0.00124786340166, 0.0318238288164, 0.297409892082, 1.62652635574, 6.10848760605, 12.956319809, 15.6298141479, 9.51173782349, 35.6235313416, 19.5797595978, 17.747543335, 26.2386951447, 14.0022640228, 4.95281457901, 3.21026039124, 2.05264806747, 1.45648097992, 1.79112505913, 1.54670059681, 1.49019002914, 1.35789883137, 0.887274742126, 0.330141454935, 0.211726754904, 0.117615491152, 0.0480861961842, 0.0191695429385, 0.00830094330013, 0.00510037131608, 0.00200400035828, 0.00122573773842, 0.00070447003236, 0.000434441899415, 0.000262395507889, 0.000128232437419, 5.0220227422e-05, 1.30899852593e-05, 2.08750225283e-06, 1.27719331431e-05, 2.83963108814e-05],
        "min": [1.17533358146e-21, 1.41767124764e-21, 3.52437869488e-21, 2.08495833246e-20, 3.13962605349e-20, 4.153503269e-20, 3.668169391e-19, 3.53767105112e-19, 7.85690732292e-19, 2.29189905e-19, 9.54565909898e-19, 7.56169173218e-19, 1.33857282535e-18, 4.64701382736e-18, 4.06199240708e-18, 1.38725488594e-18, 5.90649805319e-18, 5.79795003653e-18, 5.09623121621e-18, 4.40513422213e-18, 8.8500566589e-18, 9.44538599038e-18, 1.43169776997e-17, 1.16409987872e-17, 2.47132996212e-17, 1.22811464187e-17, 1.61304570418e-17, 1.4997303975e-17, 1.54679283845e-17, 1.65895770233e-17, 1.38701719559e-17, 1.95888313541e-17, 2.05250476062e-17, 1.38626785267e-17, 1.20667676737e-17, 5.85910763512e-18, 2.71537897259e-18, 1.38885847896e-18, 3.61475213499e-19, 3.86040248182e-20],
        "stdev": [0.630014181137, 2.50606918335, 4.23060178757, 3.67628502846, 20.6430969238, 32.011302948, 54.438331604, 28.1853275299, 116.872901917, 117.413925171, 53.0775260925, 59.1100196838, 98.0706558228, 49.3467445374, 20.6116313934, 5.84280538559, 3.73338079453, 4.88853502274, 3.18479180336, 5.30886316299, 4.55769681931, 5.31383323669, 1.60550117493, 1.29477238655, 1.38829469681, 0.895667135715, 0.807455122471, 0.825052797794, 0.858878552914, 0.606122016907, 0.387061029673, 0.249112546444, 0.172380387783, 0.0846616104245, 0.0276547353715, 0.00541654974222, 0.00160693598446, 0.000471336854389, 1.83448591997e-05, 2.95684221783e-05],
        "var": [0.396917879581, 6.28038215637, 17.8979911804, 13.5150709152, 426.137451172, 1024.72351074, 2963.53198242, 794.412719727, 13659.2753906, 13786.0292969, 2817.22387695, 3493.99462891, 9617.85351562, 2435.10107422, 424.839355469, 34.1383743286, 13.9381313324, 23.89777565, 10.1428995132, 28.1840305328, 20.7726020813, 28.2368221283, 2.57763385773, 1.67643558979, 1.92736208439, 0.802219629288, 0.651983737946, 0.680712103844, 0.737672388554, 0.367383927107, 0.149816244841, 0.0620570629835, 0.0297149997205, 0.00716758798808, 0.000764784403145, 2.93390094157e-05, 2.58224326899e-06, 2.2215841966e-07, 3.36533884093e-10, 8.74291583575e-10]
    },
    "gfcc": {
        "mean": [-122.073356628, 202.709747314, -120.651405334, -11.6741523743, -55.6900444031, -26.5150756836, -36.7062721252, -7.23831987381, -9.92330169678, -18.9129085541, -12.0725412369, -18.3234481812, 1.07858872414],
        "cov": [[5236.51171875, -1309.96838379, 49.2985458374, 620.130310059, -767.155822754, 752.321533203, -24.7987880707, 336.59854126, -58.9208641052, 55.7960395813, -191.498031616, 209.855926514, 54.2041549683], [-1309.96838379, 1415.11523438, 63.6495857239, -348.721160889, 675.802429199, -475.517272949, 174.160598755, -56.3018798828, 196.923980713, -47.5461997986, 183.15737915, -97.2800827026, 20.8172702789], [49.2985458374, 63.6495857239, 487.167663574, 166.880371094, 168.105194092, 124.393470764, 123.367034912, 79.7683410645, 76.3286437988, 85.5688858032, 45.5146789551, 87.2388458252, 39.7679634094], [620.130310059, -348.721160889, 166.880371094, 394.92956543, -16.3431282043, 292.912719727, 52.381565094, 85.5744094849, -14.5850896835, 56.7958068848, 10.3480110168, 62.3769950867, 25.5391178131], [-767.155822754, 675.802429199, 168.105194092, -16.3431282043, 562.509277344, -112.808509827, 185.671417236, 61.8171615601, 125.445556641, 24.9824771881, 121.623962402, -8.10129451752, 7.53498077393], [752.321533203, -475.517272949, 124.393470764, 292.912719727, -112.808509827, 457.977386475, 91.1888656616, 113.076774597, -32.0247802734, 47.9661521912, -46.6826095581, 52.1148643494, 31.3460254669], [-24.7987880707, 174.160598755, 123.367034912, 52.381565094, 185.671417236, 91.1888656616, 191.356658936, 126.119163513, 82.9128494263, 5.91879749298, 26.663433075, 26.3905181885, 29.0655975342], [336.59854126, -56.3018798828, 79.7683410645, 85.5744094849, 61.8171615601, 113.076774597, 126.119163513, 187.616043091, 74.606880188, 20.7319412231, -4.28246450424, 50.7302246094, 15.8972301483], [-58.9208641052, 196.923980713, 76.3286437988, -14.5850896835, 125.445556641, -32.0247802734, 82.9128494263, 74.606880188, 125.154556274, 30.2626304626, 34.9331588745, 0.346257120371, 1.41771483421], [55.7960395813, -47.5461997986, 85.5688858032, 56.7958068848, 24.9824771881, 47.9661521912, 5.91879749298, 20.7319412231, 30.2626304626, 91.3769836426, 36.7759399414, 16.7552871704, -18.3577842712], [-191.498031616, 183.15737915, 45.5146789551, 10.3480110168, 121.623962402, -46.6826095581, 26.663433075, -4.28246450424, 34.9331588745, 36.7759399414, 92.4723815918, 16.091091156, 5.58673238754], [209.855926514, -97.2800827026, 87.2388458252, 62.3769950867, -8.10129451752, 52.1148643494, 26.3905181885, 50.7302246094, 0.346257120371, 16.7552871704, 16.091091156, 89.2881011963, 37.5137252808], [54.2041549683, 20.8172702789, 39.7679634094, 25.5391178131, 7.53498077393, 31.3460254669, 29.0655975342, 15.8972301483, 1.41771483421, -18.3577842712, 5.58673238754, 37.5137252808, 73.5575256348]],
        "icov": [[0.000472069572425, -0.00090751494281, 0.000236348379985, -0.000809942139313, 0.00113464833703, -0.000681743200403, 0.000807952950709, -0.000969272048678, -7.1176677011e-05, -0.000230055316933, 0.00094991538208, -0.00137171463575, 0.000698286981788], [-0.00090751494281, 0.00882299523801, -0.00148191163316, 0.00462423358113, -0.00694205518812, 0.00407765433192, -0.00452385516837, 0.00436266744509, -0.00320108258165, 0.00433384114876, -0.00815987586975, 0.00881090201437, -0.0055448631756], [0.000236348379985, -0.00148191163316, 0.00458707520738, -0.00217530457303, 0.000307495385641, -0.000476971908938, -0.00156081165187, 0.00208190036938, -0.00146676844452, -0.00427593709901, 0.00453816959634, -0.00572275882587, 0.000394111586502], [-0.000809942139313, 0.00462423358113, -0.00217530457303, 0.00898245256394, -0.00475805997849, -0.00196663662791, 0.000794095452875, 0.000445390498498, -0.000472339859698, 0.00321460119449, -0.0075071901083, 0.00499163940549, -0.00290321232751], [0.00113464833703, -0.00694205518812, 0.000307495385641, -0.00475805997849, 0.0109849749133, -0.00122498243582, -0.00154390011448, -0.003644998651, 0.00258538336493, -0.00302946940064, 0.00247836532071, -0.00492585962638, 0.00492687057704], [-0.000681743200403, 0.00407765433192, -0.000476971908938, -0.00196663662791, -0.00122498243582, 0.0102593805641, -0.00929546635598, 0.00195232639089, 0.0031161447987, -0.00387659785338, 0.000113318616059, 0.00617369497195, -0.00489102583379], [0.000807952950709, -0.00452385516837, -0.00156081165187, 0.000794095452875, -0.00154390011448, -0.00929546635598, 0.026088507846, -0.0126074459404, -0.00355641287751, 0.0065540606156, -0.00031072285492, -0.00264308531769, 0.000864251866005], [-0.000969272048678, 0.00436266744509, 0.00208190036938, 0.000445390498498, -0.003644998651, 0.00195232639089, -0.0126074459404, 0.0212836246938, -0.00960983335972, -0.00023686766508, 0.00340540264733, -0.00615740381181, 0.00113039743155], [-7.1176677011e-05, -0.00320108258165, -0.00146676844452, -0.000472339859698, 0.00258538336493, 0.0031161447987, -0.00355641287751, -0.00960983335972, 0.0222328584641, -0.00852585583925, -0.000162312469911, 0.00557810300961, -0.00158400472719], [-0.000230055316933, 0.00433384114876, -0.00427593709901, 0.00321460119449, -0.00302946940064, -0.00387659785338, 0.0065540606156, -0.00023686766508, -0.00852585583925, 0.0280451402068, -0.0159075055271, 0.00214237254113, 0.00684152543545], [0.00094991538208, -0.00815987586975, 0.00453816959634, -0.0075071901083, 0.00247836532071, 0.000113318616059, -0.00031072285492, 0.00340540264733, -0.000162312469911, -0.0159075055271, 0.0336374752223, -0.0161488167942, 0.00256099994294], [-0.00137171463575, 0.00881090201437, -0.00572275882587, 0.00499163940549, -0.00492585962638, 0.00617369497195, -0.00264308531769, -0.00615740381181, 0.00557810300961, 0.00214237254113, -0.0161488167942, 0.0357568114996, -0.0164550524205], [0.000698286981788, -0.0055448631756, 0.000394111586502, -0.00290321232751, 0.00492687057704, -0.00489102583379, 0.000864251866005, 0.00113039743155, -0.00158400472719, 0.00684152543545, 0.00256099994294, -0.0164550524205, 0.0263735782355]]
    },
    "melbands": {
        "dmean": [0.000328945257934, 0.000343703053659, 0.000453298416687, 0.000757505709771, 0.000640062091406, 0.000331163639203, 0.00073878740659, 0.00040593626909, 0.000165254925378, 0.000168081634911, 0.000134704692755, 5.12481783517e-05, 1.69655322679e-05, 4.03029389417e-06, 6.36227105133e-06, 3.8204179873e-06, 3.79360881197e-06, 2.44109924097e-06, 2.61405625679e-06, 1.83727786407e-06, 2.3058557872e-06, 2.12664122046e-06, 7.1686326919e-07, 3.71589578663e-07, 2.79587879959e-07, 3.03132168256e-07, 2.12386794374e-07, 1.28935013777e-07, 1.26954716961e-07, 1.22782267908e-07, 1.3074684091e-07, 1.31895603772e-07, 9.05812527208e-08, 7.41223828982e-08, 5.23102343664e-08, 4.20738750506e-08, 3.71599817584e-08, 3.33254206453e-08, 2.24069971466e-08, 1.65952904752e-08],
        "dmean2": [0.000461356015876, 0.000529344892129, 0.000769106496591, 0.00121271354146, 0.000939410354476, 0.00046618829947, 0.00107285554986, 0.000635836448055, 0.000227784519666, 0.000243690694333, 0.000193245825358, 7.28545564925e-05, 2.30199639191e-05, 6.46877879262e-06, 9.42090355238e-06, 5.96571589995e-06, 5.98444239586e-06, 3.94501194023e-06, 4.06421395382e-06, 2.99897851619e-06, 3.86145529774e-06, 3.49376250597e-06, 1.11084443688e-06, 5.81006077027e-07, 4.3905706093e-07, 4.39267751062e-07, 3.01751924781e-07, 1.77897490516e-07, 1.73813830884e-07, 1.75108894496e-07, 1.95632495092e-07, 1.85750977266e-07, 1.22570526173e-07, 1.00750042975e-07, 6.92164832117e-08, 5.67028095588e-08, 5.07270314642e-08, 4.65247467218e-08, 3.02503408989e-08, 2.33846133568e-08],
        "dvar": [1.52197230818e-06, 1.12596285362e-06, 4.763908521e-07, 1.34668664487e-06, 1.09558243366e-06, 2.78966666656e-07, 1.13396913548e-06, 5.85634211347e-07, 6.69651285534e-08, 6.32203835949e-08, 6.21271567525e-08, 1.54900163807e-08, 1.73325176434e-09, 5.03898797688e-11, 1.44785100575e-10, 4.66921813713e-11, 4.2029137115e-11, 1.77681931668e-11, 2.85584542126e-11, 2.03846713814e-11, 2.04682000515e-11, 2.63029303199e-11, 3.07695947714e-12, 1.27659851006e-12, 6.81569655315e-13, 7.75569278938e-13, 4.04385834714e-13, 1.76052843636e-13, 1.40373769466e-13, 1.44367699219e-13, 1.85217685915e-13, 2.31361913135e-13, 8.60781850529e-14, 7.97451636518e-14, 3.28641363526e-14, 1.63799519331e-14, 1.49464435376e-14, 1.48466664445e-14, 5.46170613686e-15, 3.54303632738e-15],
        "dvar2": [2.73780460702e-06, 2.47476145887e-06, 1.43825252508e-06, 3.78508866561e-06, 2.27261079999e-06, 5.36229435966e-07, 2.38608390646e-06, 1.45197554957e-06, 1.289768079e-07, 1.33707587224e-07, 1.21496100292e-07, 2.815667699e-08, 2.99820523963e-09, 1.34889016623e-10, 2.86801138394e-10, 1.03717451294e-10, 1.03261524331e-10, 3.76775312338e-11, 6.70376393286e-11, 5.09532138704e-11, 5.6695925732e-11, 6.8612948656e-11, 6.94931525519e-12, 2.97520536853e-12, 1.62282871603e-12, 1.6354428662e-12, 7.20623322299e-13, 3.36599292276e-13, 2.78015918663e-13, 2.99490656884e-13, 4.0997085826e-13, 5.01137488711e-13, 1.57829546416e-13, 1.64899520362e-13, 5.83189367024e-14, 2.96013247822e-14, 2.88912164049e-14, 3.25527805937e-14, 1.10281885552e-14, 7.68619973305e-15],
        "max": [0.0235618744045, 0.016401855275, 0.00665786582977, 0.0119312694296, 0.0209943372756, 0.00882098451257, 0.0136286839843, 0.00853421259671, 0.00415034312755, 0.00428925873712, 0.00319354911335, 0.00157755357213, 0.00104947877117, 0.000113103895274, 0.000195854576305, 0.000111100656795, 8.21980938781e-05, 5.8127741795e-05, 8.96290221135e-05, 0.000102389589301, 5.28124837729e-05, 7.27288061171e-05, 2.18422701437e-05, 2.53920097748e-05, 1.22116307466e-05, 1.56187979883e-05, 1.39393323479e-05, 7.28737313693e-06, 5.59526279176e-06, 4.91019500259e-06, 5.62764489587e-06, 6.66630148771e-06, 4.43977842224e-06, 4.59218927062e-06, 2.94440701509e-06, 1.97872782337e-06, 2.09197696677e-06, 2.31372519011e-06, 1.12246141271e-06, 8.63567379383e-07],
        "mean": [0.00185643520672, 0.00107935466804, 0.000809506338555, 0.00153981510084, 0.00109785911627, 0.000565723981708, 0.00125809409656, 0.000622388790362, 0.000329586298903, 0.000357317825546, 0.000345228792867, 0.000132137778564, 3.63811668649e-05, 7.68336121837e-06, 1.18756470329e-05, 5.95691471972e-06, 6.47589376968e-06, 3.89610477214e-06, 4.74646594739e-06, 3.11276039611e-06, 3.5473403841e-06, 3.19419382322e-06, 1.14564033993e-06, 5.72192050186e-07, 4.37252992924e-07, 4.54139268413e-07, 3.19667577742e-07, 1.65015649145e-07, 1.69552208718e-07, 1.57487576757e-07, 1.54637206151e-07, 1.46892205066e-07, 1.10880456816e-07, 8.74120971162e-08, 6.50042792927e-08, 5.2783001081e-08, 4.37888303395e-08, 3.68220050007e-08, 2.53651872839e-08, 1.72605041371e-08],
        "median": [1.98745401576e-05, 0.000138315343065, 0.000446974940132, 0.000681881443597, 0.000671530200634, 0.000260693748714, 0.000552240700927, 0.000165363599081, 0.000121481374663, 0.000160839990713, 6.08397349424e-05, 1.59294850164e-05, 1.02941958176e-05, 4.46494686912e-06, 3.61724073628e-06, 3.09254528474e-06, 3.1147219488e-06, 2.27284454013e-06, 2.03188324122e-06, 1.68912845311e-06, 1.35831237458e-06, 9.59428575698e-07, 3.58994839189e-07, 2.07771847727e-07, 1.56264391649e-07, 9.62300532592e-08, 5.83021098066e-08, 2.36670167908e-08, 1.3472761573e-08, 6.33792263116e-09, 4.14625889178e-09, 3.27969962299e-09, 1.58807789141e-09, 9.0877610992e-10, 7.49124984267e-10, 5.09346509414e-10, 3.93886451233e-10, 3.03503222554e-10, 2.4895560613e-10, 1.95379698531e-10],
        "min": [6.83876771599e-24, 1.89698289069e-24, 3.65504067064e-24, 2.14363662157e-24, 1.00915630835e-23, 8.67259006387e-24, 1.08562517128e-23, 2.21613846078e-24, 8.19951727876e-24, 4.47189746053e-24, 6.45901993698e-24, 1.74352033565e-23, 1.96042347911e-23, 2.7784550801e-24, 6.25243462084e-24, 1.60964732682e-23, 9.8281324505e-24, 8.51553495739e-24, 5.394162239e-24, 9.14030175027e-24, 9.06509569587e-24, 8.78444028504e-24, 1.26952426774e-23, 1.13599054798e-23, 7.86000022262e-24, 2.01011934956e-23, 1.0378589335e-23, 8.103119265e-24, 1.06937416332e-23, 8.57399586135e-24, 9.18717428754e-24, 8.64409009709e-24, 1.04858602186e-23, 8.2026924439e-24, 7.67178747697e-24, 8.586860605e-24, 1.30846488749e-23, 1.48668158218e-23, 1.29891974942e-23, 1.10795884903e-23],
        "stdev": [0.00473071401939, 0.00245638657361, 0.00089089240646, 0.00195012090262, 0.00151034025475, 0.000850154145155, 0.00169865810312, 0.00107624765951, 0.000496866705362, 0.000451966829132, 0.000536683539394, 0.00028097484028, 9.80818149401e-05, 9.03853015188e-06, 2.31943104154e-05, 8.49973184813e-06, 8.38327468955e-06, 5.37238338438e-06, 7.60026250646e-06, 5.3322810345e-06, 5.83078190175e-06, 6.31390548733e-06, 2.31215472013e-06, 1.33987919071e-06, 1.02856984086e-06, 1.09664142656e-06, 8.58115470237e-07, 5.3336577821e-07, 5.11645907864e-07, 4.97960911616e-07, 5.05906598391e-07, 5.42665816283e-07, 3.75226193228e-07, 3.34723125661e-07, 2.353290256e-07, 1.72918888097e-07, 1.5111305629e-07, 1.35423746883e-07, 8.81094450733e-08, 6.57098979673e-08],
