{
"lowlevel": {
    "average_loudness": 0.96623468399,
    "barkbands_crest": {
        "dmean": 2.45564579964,
        "dmean2": 3.6838350296,
        "dvar": 5.87460708618,
        "dvar2": 12.8813447952,
        "max": 26.0489444733,
        "mean": 12.6937303543,
        "median": 11.8832492828,
        "min": 3.47264933586,
        "stdev": 4.62987613678,
        "var": 21.4357509613
    },
    "barkbands_flatness_db": {
        "dmean": 0.0372847132385,
        "dmean2": 0.0624383687973,
        "dvar": 0.000918732548598,
        "dvar2": 0.0025213258341,
        "max": 0.511719584465,
        "mean": 0.35278993845,
        "median": 0.351348340511,
        "min": 0.0765891447663,
        "stdev": 0.0444351509213,
        "var": 0.00197448278777
    },
    "barkbands_kurtosis": {
        "dmean": 2.53675675392,
        "dmean2": 3.71971130371,
        "dvar": 12.7883176804,
        "dvar2": 27.1734046936,
        "max": 72.8499145508,
        "mean": 4.94213676453,
        "median": 3.14847970009,
        "min": -1.7701830864,
        "stdev": 5.99579429626,
        "var": 35.949546814
    },
    "barkbands_skewness": {
        "dmean": 0.517806172371,
        "dmean2": 0.752981603146,
        "dvar": 0.272612720728,
        "dvar2": 0.576053798199,
        "max": 6.31685209274,
        "mean": 1.25209283829,
        "median": 1.146515131,
        "min": -2.23941159248,
        "stdev": 1.02381372452,
        "var": 1.04819464684
    },
    "barkbands_spread": {
        "dmean": 1.4413394928,
        "dmean2": 2.13379693031,
        "dvar": 3.45950388908,
        "dvar2": 7.8244395256,
        "max": 26.1409187317,
        "mean": 5.7146115303,
        "median": 4.83930206299,
        "min": 0.729254961014,
        "stdev": 3.46399497986,
        "var": 11.9992609024
    },
    "dissonance": {
        "dmean": 0.041115552187,
        "dmean2": 0.0678494870663,
        "dvar": 0.00124289328232,
        "dvar2": 0.00345137808472,
        "max": 0.499730437994,
        "mean": 0.381574720144,
        "median": 0.385149538517,
        "min": 0.154298275709,
        "stdev": 0.0540608130395,
        "var": 0.00292257149704
    },
    "dynamic_complexity": 3.53282880783,
    "erbbands_crest": {
        "dmean": 2.54710173607,
        "dmean2": 3.83362460136,
        "dvar": 6.32295179367,
        "dvar2": 13.9116249084,
        "max": 32.0934829712,
        "mean": 14.1727266312,
        "median": 13.4199790955,
        "min": 3.15405702591,
        "stdev": 4.78037261963,
        "var": 22.8519630432
    },
    "erbbands_flatness_db": {
        "dmean": 0.0179479699582,
        "dmean2": 0.0270041357726,
        "dvar": 0.000309850642225,
        "dvar2": 0.000697574636433,
        "max": 0.481439948082,
        "mean": 0.380340635777,
        "median": 0.381969809532,
        "min": 0.100115254521,
        "stdev": 0.0314981900156,
        "var": 0.000992136076093
    },
    "erbbands_kurtosis": {
        "dmean": 1.64849901199,
        "dmean2": 2.28986859322,
        "dvar": 6.23544931412,
        "dvar2": 11.3936843872,
        "max": 53.97813797,
        "mean": 2.58506035805,
        "median": 1.4634001255,
        "min": -1.5200868845,
        "stdev": 4.30238342285,
        "var": 18.5105037689
    },
    "erbbands_skewness": {
        "dmean": 0.400970548391,
        "dmean2": 0.548497140408,
        "dvar": 0.173721894622,
        "dvar2": 0.319468826056,
        "max": 5.30611848831,
        "mean": 0.948037564754,
        "median": 0.963733077049,
        "min": -5.79293441772,
        "stdev": 1.02608895302,
        "var": 1.05285847187
    },
    "erbbands_spread": {
        "dmean": 2.20165896416,
        "dmean2": 3.10991477966,
        "dvar": 5.38576698303,
        "dvar2": 10.1739912033,
        "max": 38.9644584656,
        "mean": 10.9596471786,
        "median": 10.2663459778,
        "min": 1.63776254654,
        "stdev": 4.52671003342,
        "var": 20.491104126
    },
    "hfc": {
        "dmean": 4.89962720871,
        "dmean2": 6.08397436142,
        "dvar": 35.9968605042,
        "dvar2": 59.9233436584,
        "max": 54.3887939453,
        "mean": 12.5308046341,
        "median": 10.1921081543,
        "min": 1.21112622151e-16,
        "stdev": 10.4291315079,
        "var": 108.766777039
    },
    "loudness_ebu128": {
        "integrated": -11.3920974731,
        "loudness_range": 2.25574302673,
        "momentary": {
            "dmean": 0.818237602711,
            "dmean2": 1.02087199688,
            "dvar": 1.27339017391,
            "dvar2": 1.74998629093,
            "max": -8.68307685852,
            "mean": -12.1216049194,
            "median": -11.3549232483,
            "min": -27.5079231262,
            "stdev": 2.91556382179,
            "var": 8.50051307678
        },
        "short_term": {
            "dmean": 0.11184245348,
            "dmean2": 0.1351788342,
            "dvar": 0.00813300628215,
            "dvar2": 0.011124830693,
            "max": -10.1578950882,
            "mean": -11.6078166962,
            "median": -11.5289392471,
            "min": -14.1151628494,
            "stdev": 0.842805624008,
            "var": 0.710321366787
        }
    },
    "melbands_crest": {
        "dmean": 2.84278512001,
        "dmean2": 4.30925703049,
        "dvar": 7.60184955597,
        "dvar2": 16.5800933838,
        "max": 31.4351081848,
        "mean": 15.1967134476,
        "median": 14.2946748734,
        "min": 1.90576517582,
        "stdev": 5.28244686127,
        "var": 27.9042453766
    },
    "melbands_flatness_db": {
        "dmean": 0.0378771498799,
        "dmean2": 0.061695035547,
        "dvar": 0.000974696478806,
        "dvar2": 0.00257150130346,
        "max": 0.633434593678,
        "mean": 0.437713652849,
        "median": 0.437449574471,
        "min": 0.00713607575744,
        "stdev": 0.0493166893721,
        "var": 0.00243213586509
    },
    "melbands_kurtosis": {
        "dmean": 2.93173909187,
        "dmean2": 4.28538560867,
        "dvar": 14.7053480148,
        "dvar2": 32.8453903198,
        "max": 69.9893493652,
        "mean": 5.89237737656,
        "median": 3.80716490746,
        "min": -1.9489120245,
        "stdev": 6.47273540497,
        "var": 41.8963012695
    },
    "melbands_skewness": {
        "dmean": 0.533857047558,
        "dmean2": 0.774777650833,
        "dvar": 0.29513797164,
        "dvar2": 0.605120360851,
        "max": 6.25754213333,
        "mean": 1.32680952549,
        "median": 1.21284937859,
        "min": -1.72226011753,
        "stdev": 0.968578636646,
        "var": 0.938144624233
    },
    "melbands_spread": {
        "dmean": 2.30264210701,
        "dmean2": 3.40036344528,
        "dvar": 15.8756370544,
        "dvar2": 35.6991958618,
        "max": 137.532684326,
        "mean": 8.88348388672,
        "median": 7.17005491257,
        "min": 1.10737204552,
        "stdev": 6.86422920227,
        "var": 47.117641449
    },
    "pitch_salience": {
        "dmean": 0.0641583949327,
        "dmean2": 0.0977711454034,
        "dvar": 0.00409338669851,
        "dvar2": 0.00921846088022,
        "max": 0.848310768604,
        "mean": 0.522436082363,
        "median": 0.525584578514,
        "min": 0.10774166137,
        "stdev": 0.115543730557,
        "var": 0.0133503545076
    },
    "silence_rate_20dB": {
        "dmean": 0,
        "dmean2": 0,
        "dvar": 0,
        "dvar2": 0,
        "max": 1,
        "mean": 1,
        "median": 1,
        "min": 1,
        "stdev": 0,
        "var": 0
    },
    "silence_rate_30dB": {
        "dmean": 0,
        "dmean2": 0,
        "dvar": 0,
        "dvar2": 0,
        "max": 1,
        "mean": 1,
        "median": 1,
        "min": 1,
        "stdev": 0,
        "var": 0
    },
    "silence_rate_60dB": {
        "dmean": 0.0520350337029,
        "dmean2": 0.104123711586,
        "dvar": 0.0493279956281,
        "dvar2": 0.09947052598,
        "max": 1,
        "mean": 0.148300722241,
        "median": 0,
        "min": 0,
        "stdev": 0.355395913124,
        "var": 0.126306265593
    },
    "spectral_centroid": {
        "dmean": 71.4897460938,
        "dmean2": 104.01764679,
        "dvar": 58110.71875,
        "dvar2": 108632.171875,
        "max": 11231.8105469,
        "mean": 615.738952637,
        "median": 565.236755371,
        "min": 210.370437622,
        "stdev": 375.133880615,
        "var": 140725.421875
    },
    "spectral_complexity": {
        "dmean": 2.01236486435,
        "dmean2": 3.01340198517,
        "dvar": 4.61912727356,
        "dvar2": 9.11327075958,
        "max": 25,
        "mean": 10.669927597,
        "median": 11,
        "min": 0,
        "stdev": 4.09214162827,
        "var": 16.7456245422
    },
    "spectral_decrease": {
        "dmean": 2.13648543301e-09,
        "dmean2": 2.67916600016e-09,
        "dvar": 6.59253559705e-18,
        "dvar2": 1.09583348995e-17,
        "max": 2.01153608597e-28,
        "mean": -5.69758329405e-09,
        "median": -4.74938932626e-09,
        "min": -2.05151930999e-08,
        "stdev": 4.6900066053e-09,
        "var": 2.19961618559e-17
    },
    "spectral_energy": {
        "dmean": 0.00849640648812,
        "dmean2": 0.0106454985216,
        "dvar": 0.000104231039586,
        "dvar2": 0.000173228399944,
        "max": 0.081684589386,
        "mean": 0.0226405635476,
        "median": 0.0187842808664,
        "min": 1.06888698807e-20,
        "stdev": 0.01861009188,
        "var": 0.000346335524227
    },
    "spectral_energyband_high": {
        "dmean": 3.22965775013e-06,
        "dmean2": 4.83404801344e-06,
        "dvar": 3.61317503694e-11,
        "dvar2": 8.41580694022e-11,
        "max": 0.00011339874618,
        "mean": 4.2570950427e-06,
        "median": 1.68604469764e-06,
        "min": 7.92683869056e-21,
        "stdev": 6.82673316987e-06,
        "var": 4.66042829328e-11
    },
    "spectral_energyband_low": {
        "dmean": 0.000444862467702,
        "dmean2": 0.000685443927068,
        "dvar": 4.83491021441e-07,
        "dvar2": 8.79005881416e-07,
        "max": 0.0188259575516,
        "mean": 0.000782042974606,
        "median": 0.000359217461664,
        "min": 2.55043306051e-23,
        "stdev": 0.00126248796005,
        "var": 1.59387593612e-06
    },
    "spectral_energyband_middle_high": {
        "dmean": 0.00183366343845,
        "dmean2": 0.00242619612254,
        "dvar": 9.04752960196e-06,
        "dvar2": 1.60198087542e-05,
        "max": 0.0333514176309,
        "mean": 0.00352420774288,
        "median": 0.00185885769315,
        "min": 1.36880387678e-21,
        "stdev": 0.0044973292388,
        "var": 2.02259707294e-05
    },
    "spectral_energyband_middle_low": {
        "dmean": 0.00746114365757,
        "dmean2": 0.00928637199104,
        "dvar": 8.52230004966e-05,
        "dvar2": 0.000142471326399,
        "max": 0.0779794156551,
        "mean": 0.0190681554377,
        "median": 0.0148460306227,
        "min": 2.12979343008e-22,
        "stdev": 0.0170674212277,
        "var": 0.000291296862997
    },
    "spectral_entropy": {
        "dmean": 0.236428156495,
        "dmean2": 0.344964891672,
        "dvar": 0.0702049732208,
        "dvar2": 0.154258683324,
        "max": 9.8051776886,
        "mean": 6.01865959167,
        "median": 5.99248504639,
        "min": 4.62118148804,
        "stdev": 0.395110666752,
        "var": 0.15611243248
    },
    "spectral_flux": {
        "dmean": 0.0276965349913,
        "dmean2": 0.0458809696138,
        "dvar": 0.00120219029486,
        "dvar2": 0.00299248076044,
        "max": 0.22666592896,
        "mean": 0.056056369096,
        "median": 0.0477244108915,
        "min": 6.87876283711e-11,
        "stdev": 0.0395701639354,
        "var": 0.00156579795294
    },
    "spectral_kurtosis": {
        "dmean": 22.8503456116,
        "dmean2": 38.7281303406,
        "dvar": 298.686401367,
        "dvar2": 829.614624023,
        "max": 126.998031616,
        "mean": 45.3980484009,
        "median": 43.2783889771,
        "min": -1.23019456863,
        "stdev": 25.8171348572,
        "var": 666.524414062
    },
    "spectral_rms": {
        "dmean": 0.000895590870641,
        "dmean2": 0.00107970705722,
        "dvar": 1.01200760128e-06,
        "dvar2": 1.67287703334e-06,
        "max": 0.00892705377191,
        "mean": 0.00420934986323,
        "median": 0.00428090244532,
        "min": 3.22926711413e-12,
        "stdev": 0.00209038727917,
        "var": 4.36971913587e-06
    },
    "spectral_rolloff": {
        "dmean": 109.928871155,
        "dmean2": 188.992263794,
        "dvar": 189549.359375,
        "dvar2": 362903.125,
        "max": 19078.4179688,
        "mean": 779.711730957,
        "median": 710.595703125,
        "min": 129.19921875,
        "stdev": 641.661193848,
        "var": 411729.125
    },
    "spectral_skewness": {
        "dmean": 1.4819265604,
        "dmean2": 2.54409098625,
        "dvar": 1.16517746449,
        "dvar2": 3.33802461624,
        "max": 8.83858585358,
        "mean": 4.2329993248,
        "median": 4.14074897766,
        "min": -0.016672225669,
        "stdev": 1.58408129215,
        "var": 2.50931358337
    },
    "spectral_spread": {
        "dmean": 315622.21875,
        "dmean2": 532204,
        "dvar": 491573903360,
        "dvar2": 593047781376,
        "max": 40530976,
        "mean": 1284805,
        "median": 1184458.5,
        "min": 518455.375,
        "stdev": 1374640.125,
        "var": 1.88963540173e+12
    },
    "spectral_strongpeak": {
        "dmean": 0.578566551208,
        "dmean2": 0.794015467167,
        "dvar": 0.450121343136,
        "dvar2": 0.922602891922,
        "max": 6.79144716263,
        "mean": 1.64786827564,
        "median": 1.52275907993,
        "min": 0,
        "stdev": 1.10680484772,
        "var": 1.22501695156
    },
    "zerocrossingrate": {
        "dmean": 0.00321017880924,
        "dmean2": 0.00380104291253,
        "dvar": 7.90802805568e-05,
        "dvar2": 0.000115329276014,
        "max": 0.52392578125,
        "mean": 0.0287100318819,
        "median": 0.02685546875,
        "min": 0.00537109375,
        "stdev": 0.0188568290323,
        "var": 0.000355579977622
    },
    "barkbands": {
        "dmean": [4.7315435836e-07, 6.68450811645e-05, 0.000343831372447, 0.000154042179929, 0.000262012472376, 0.00257081794553, 0.00389611069113, 0.00131983216852, 0.000752896885388, 0.00117692328058, 0.00028950459091, 0.000401116412831, 0.000236021616729, 6.7824323196e-05, 0.000116559604066, 6.60410660203e-05, 1.35733753268e-05, 2.71818335023e-05, 1.38780860652e-05, 6.24882477496e-06, 1.67278506069e-06, 6.14635311535e-08, 6.78737022142e-09, 4.22296997371e-09, 1.74162173572e-09, 1.56281709796e-09, 1.57312218807e-09],
        "dmean2": [8.10398148587e-07, 0.000106215760752, 0.000536102859769, 0.00023649931245, 0.000394186499761, 0.00360561884008, 0.00488252518699, 0.00152626272757, 0.00102949386928, 0.00160147843417, 0.000432590139098, 0.000522659684066, 0.000337848032359, 0.000101579127659, 0.000168866376043, 9.61630867096e-05, 1.99918122235e-05, 3.97235016862e-05, 2.08066230698e-05, 9.83566224022e-06, 2.52625568464e-06, 1.02403014068e-07, 1.14319052003e-08, 7.02793201413e-09, 2.58762877792e-09, 2.30217933606e-09, 2.37208319653e-09],
        "dvar": [6.17833746403e-13, 5.94716587088e-09, 3.2038565223e-07, 6.16853768065e-08, 1.5832392819e-07, 1.88283247553e-05, 3.85758539778e-05, 5.30527222509e-06, 1.4362752836e-06, 6.9584098128e-06, 3.63322556041e-07, 1.59812555012e-06, 1.63741717074e-07, 7.71111388076e-08, 3.83317448893e-08, 1.95150491322e-08, 9.70830416058e-10, 2.15288875616e-09, 6.51701026477e-10, 2.28557450743e-10, 1.35427554587e-11, 1.9931613597e-14, 1.49711707587e-15, 7.42500505355e-16, 5.26311650952e-16, 5.12785646515e-16, 4.21558027574e-16],
        "dvar2": [1.34938935026e-12, 1.32364483818e-08, 5.83893495332e-07, 1.41516423469e-07, 3.94802867731e-07, 3.5094384657e-05, 6.40878643026e-05, 7.66871653468e-06, 2.52928725786e-06, 1.27847015392e-05, 6.97391101312e-07, 2.13961266127e-06, 2.98946673638e-07, 1.42694958072e-07, 8.21231509462e-08, 3.78660729439e-08, 2.06722328144e-09, 4.49491510679e-09, 1.50259304998e-09, 5.74736758185e-10, 3.10981657092e-11, 4.88683902101e-14, 2.8697131087e-15, 8.85770516789e-16, 3.59096838662e-16, 3.46996311266e-16, 2.81069831157e-16],
        "max": [2.1538384317e-05, 0.00117073580623, 0.0146509129554, 0.00425466196612, 0.00580064579844, 0.0709527656436, 0.0568919628859, 0.0287717729807, 0.0152365462855, 0.0338722281158, 0.00847945269197, 0.0208411812782, 0.00487376656383, 0.00843413453549, 0.00257737422362, 0.002206715988, 0.000639550038613, 0.000648841145448, 0.000336459954269, 0.00016890943516, 0.000108012216515, 2.04227876566e-06, 1.29310342345e-06, 1.22441826989e-06, 1.17919068998e-06, 1.16564569907e-06, 1.06283505374e-06],
        "mean": [4.82993357309e-07, 9.9053948361e-05, 0.000536267587449, 0.000268782838248, 0.000517430598848, 0.00489288242534, 0.00783486198634, 0.0032620774582, 0.00137018575333, 0.00164890568703, 0.00056550320005, 0.000770450162236, 0.000409818283515, 0.000109093707579, 0.000175938112079, 9.72033594735e-05, 1.8799706595e-05, 3.63998005923e-05, 1.76529320015e-05, 6.61520562062e-06, 2.10742564377e-06, 5.92744093808e-08, 5.28340526884e-09, 3.45085360287e-09, 1.63720281776e-09, 1.43694078858e-09, 1.42701706007e-09],
        "median": [2.78431798506e-07, 6.33971794741e-05, 0.000192013481865, 9.77279705694e-05, 0.00030753138708, 0.00204966124147, 0.00252554169856, 0.00069213937968, 0.000635871780105, 0.000259343825746, 0.000137450377224, 0.000144081306644, 0.000154611479957, 3.69839217456e-05, 8.53876990732e-05, 3.75567979063e-05, 6.45869431537e-06, 1.42498029163e-05, 6.78023070577e-06, 1.66886479747e-06, 6.9206595299e-07, 9.01201069325e-09, 3.2274721784e-10, 2.93860547007e-10, 2.53510490378e-10, 2.22447033016e-10, 2.35063996046e-10],
        "min": [2.10577409857e-23, 1.22702343983e-23, 3.5744186917e-24, 7.47906402466e-24, 1.96455995016e-23, 1.52008984152e-23, 1.25232268238e-23, 4.94494334549e-23, 4.27776265717e-23, 4.00026000783e-23, 4.0879756607e-23, 5.41283536549e-23, 6.33271975618e-23, 1.24758781301e-22, 1.17140353953e-22, 1.35258355866e-22, 1.61114881311e-22, 2.25786001244e-22, 1.85259856271e-22, 2.63263810974e-22, 3.73481563386e-22, 4.92442873366e-22, 5.27819889707e-22, 7.72534387491e-22, 9.24552755932e-22, 1.71788914044e-21, 2.17103810743e-21],
        "stdev": [7.87623093856e-07, 0.000115341666969, 0.000996258924715, 0.000405836617574, 0.000617664656602, 0.00742598250508, 0.0106696942821, 0.00510588148609, 0.00187396199908, 0.00358725525439, 0.0010029533878, 0.00223040720448, 0.000614326039795, 0.000407375395298, 0.000248746568104, 0.000183383803233, 3.83298174711e-05, 5.76314596401e-05, 2.84299076156e-05, 1.4406758055e-05, 4.32947445006e-06, 1.39235353913e-07, 3.83968590256e-08, 3.02974108024e-08, 2.71184426026e-08, 2.67884967542e-08, 2.44587994302e-08],
        "var": [6.20350125435e-13, 1.33036994754e-08, 9.92531909105e-07, 1.64703365613e-07, 3.81509636327e-07, 5.51452176296e-05, 0.000113842383143, 2.6070027161e-05, 3.51173366653e-06, 1.28683996081e-05, 1.0059154647e-06, 4.97471637573e-06, 3.77396503382e-07, 1.65954702425e-07, 6.18748572379e-08, 3.3629621754e-08, 1.46917500388e-09, 3.3213851669e-09, 8.08259625895e-10, 2.07554667897e-10, 1.87443498223e-11, 1.93864818269e-14, 1.47431886645e-15, 9.1793320483e-16, 7.35409886674e-16, 7.1762357121e-16, 5.98232900866e-16]
    },
    "erbbands": {
        "dmean": [0.00037788762711, 0.0242890492082, 0.303173273802, 0.484552741051, 0.679540812969, 0.825639247894, 5.79159402847, 29.456193924, 47.7783203125, 51.2486534119, 13.4711427689, 20.8535728455, 31.7234325409, 24.8303527832, 15.459528923, 17.8052082062, 12.2190227509, 4.50320720673, 6.15141582489, 3.37849450111, 2.63192653656, 0.889391720295, 1.59584462643, 0.792156398296, 0.609169721603, 0.252682507038, 0.0990361571312, 0.0446514561772, 0.0045681395568, 0.000415447895648, 0.000193068641238, 0.000108496758912, 6.41875958536e-05, 2.58564396063e-05, 1.39215035233e-05, 8.74475335877e-06, 4.5788810894e-06, 1.37441395509e-06, 4.23796291216e-06, 9.64575428952e-06],
        "dmean2": [0.000616715173237, 0.039162479341, 0.489153593779, 0.72605663538, 1.03879725933, 1.23507344723, 8.18224143982, 40.6353340149, 59.2239379883, 63.1656265259, 16.4047088623, 27.9574623108, 39.9486656189, 37.1164741516, 22.5362968445, 22.5473327637, 16.9802379608, 6.50630283356, 8.87638664246, 4.80655288696, 3.8088080883, 1.27117705345, 2.33764195442, 1.15185725689, 0.925586223602, 0.391561895609, 0.152113750577, 0.0671982690692, 0.00723803509027, 0.000664756284095, 0.000319639540976, 0.000177541151061, 0.000102517391497, 3.6957233533e-05, 1.85328244697e-05, 1.12850375444e-05, 5.79383140575e-06, 1.80554252438e-06, 5.24235474586e-06, 1.20754839372e-05],
        "dvar": [1.76688658371e-07, 0.000810722704045, 0.211511284113, 0.69071906805, 1.9364233017, 1.41024076939, 77.1980056763, 2795.00634766, 5922.38964844, 5612.5625, 420.658508301, 1092.83679199, 6974.31494141, 4151.66503906, 1010.00823975, 4187.70898438, 418.266174316, 195.288711548, 126.37588501, 31.7876262665, 30.7049884796, 4.16504144669, 6.88881587982, 1.778403759, 1.47814869881, 0.270732700825, 0.0328217148781, 0.0124161941931, 9.11469760467e-05, 2.79554478766e-06, 1.07107848635e-06, 4.13140469391e-07, 1.7708319433e-07, 6.82775009864e-08, 2.57885197641e-08, 8.21577561538e-09, 1.73271574866e-09, 2.17538431713e-10, 3.52329485032e-11, 1.34384101069e-10],
        "dvar2": [4.23997363441e-07, 0.00179828924593, 0.435140639544, 1.21298480034, 5.31436681747, 3.30057024956, 165.084228516, 4970.82666016, 9194.96679688, 9901.12597656, 671.953369141, 1875.95739746, 11334.6933594, 9454.58398438, 1890.49316406, 5431.05371094, 742.115234375, 363.841308594, 271.450836182, 55.9497108459, 62.2358360291, 8.815117836, 15.2701663971, 3.82556176186, 3.53679180145, 0.669742405415, 0.0763756111264, 0.0288435257971, 0.000213460196392, 5.88714965488e-06, 1.98049156097e-06, 5.73415434246e-07, 1.89433677633e-07, 4.81239155192e-08, 1.74929652985e-08, 5.56614798697e-09, 1.17701315361e-09, 1.47223983005e-10, 4.73170704007e-11, 2.2329020577e-10],
        "max": [0.00506272353232, 0.413914144039, 10.184885025, 23.4604110718, 22.2978858948, 18.7210178375, 104.732749939, 912.042419434, 813.778747559, 1047.08569336, 271.220581055, 428.434051514, 1271.44799805, 686.949462891, 414.422119141, 1082.00708008, 250.913619995, 412.775939941, 142.776763916, 102.20614624, 87.3822021484, 44.2050209045, 33.5461959839, 12.883275032, 13.9285497665, 5.39972925186, 2.63652133942, 3.2445101738, 0.139442160726, 0.046067468822, 0.0358205698431, 0.0271869003773, 0.0195871554315, 0.0133741190657, 0.00827543623745, 0.00467506889254, 0.00214685383253, 0.000760820170399, 0.000185675104149, 9.28508961806e-05],
        "mean": [0.000630425580312, 0.0375254228711, 0.461088478565, 0.901087105274, 1.30557119846, 1.60601353645, 10.7181959152, 56.3278427124, 95.1134109497, 118.925201416, 35.4187088013, 39.0453567505, 51.4225158691, 31.0988349915, 32.6030921936, 34.1084976196, 22.0716590881, 8.2915391922, 9.78352165222, 5.42300748825, 4.00266313553, 1.34922575951, 2.19933748245, 1.09300327301, 0.705103397369, 0.287524312735, 0.121755078435, 0.0561686083674, 0.00538430642337, 0.000438595394371, 0.000173833846929, 0.000102680758573, 6.76733325236e-05, 3.69336230506e-05, 2.47704101639e-05, 1.74600208993e-05, 9.83467361948e-06, 2.55027612184e-06, 1.12400039143e-05, 2.57117189904e-05],
        "median": [0.000431753986049, 0.0239590164274, 0.211327940226, 0.33694177866, 0.514866769314, 1.03047311306, 4.75082111359, 20.8299293518, 40.2629623413, 56.0058670044, 15.3679437637, 19.0858249664, 12.5448694229, 8.80080223083, 8.60412788391, 7.18637943268, 8.58786678314, 4.0506811142, 4.6143321991, 2.94674682617, 1.5378947258, 0.521961331367, 0.942856669426, 0.482153534889, 0.257535874844, 0.0972428172827, 0.0481237098575, 0.0165079943836, 0.00172666506842, 0.000123556819744, 3.91221255995e-05, 2.67381074082e-05, 2.22326198127e-05, 1.9156763301e-05, 1.60575073096e-05, 1.21774128274e-05, 7.15765918358e-06, 1.70116254594e-06, 9.23771858652e-06, 2.12657250813e-05],
        "min": [4.62833149682e-22, 2.13723659146e-21, 5.21686252569e-21, 1.97399221485e-20, 2.66446717557e-20, 5.08347787477e-20, 1.07435374719e-19, 1.6323331469e-19, 2.33389164928e-19, 2.04064746258e-19, 1.43201662742e-18, 1.05179147833e-18, 1.16262447802e-18, 1.21789937489e-18, 1.95488566102e-18, 2.12203177265e-18, 2.9546692957e-18, 7.11708680582e-18, 6.3861548614e-18, 5.28703076425e-18, 9.24580385219e-18, 1.0713470413e-17, 1.00635852114e-17, 1.00309033054e-17, 1.10177223316e-17, 9.85449959518e-18, 1.53933365456e-17, 1.47926446022e-17, 1.46086763253e-17, 1.68221901378e-17, 1.41713360092e-17, 1.21931269569e-17, 1.4236094325e-17, 9.57091809296e-18, 7.03484768214e-18, 6.04725896443e-18, 3.26230479655e-18, 1.02221728989e-18, 3.02246496701e-19, 3.36422659243e-20],
        "stdev": [0.000602092826739, 0.042342338711, 0.739151835442, 1.58905649185, 2.08562350273, 1.83409011364, 14.5837545395, 91.2669830322, 130.40411377, 142.623733521, 44.7163200378, 51.6618385315, 122.449516296, 68.5356750488, 57.373790741, 113.634986877, 31.5912914276, 20.4459762573, 14.5232582092, 7.77039861679, 7.19532871246, 2.55276703835, 3.2201063633, 1.62663841248, 1.23939371109, 0.513776957989, 0.198603600264, 0.129724532366, 0.0103055480868, 0.00165529339574, 0.00104276882485, 0.000695642724168, 0.000477149180369, 0.000308960326947, 0.000190434628166, 0.000107766791189, 4.96259017382e-05, 1.75221575773e-05, 9.94085803541e-06, 2.10834332393e-05],
        "var": [3.62515748975e-07, 0.00179287360515, 0.546345412731, 2.52510046959, 4.3498249054, 3.36388659477, 212.685897827, 8329.66210938, 17005.234375, 20341.5292969, 1999.54931641, 2668.94555664, 14993.8837891, 4697.13867188, 3291.75195312, 12912.9101562, 998.00970459, 418.037963867, 210.925018311, 60.3790931702, 51.7727584839, 6.51661968231, 10.3690843582, 2.64595270157, 1.53609669209, 0.263966739178, 0.0394433923066, 0.0168284550309, 0.000106204315671, 2.73999603451e-06, 1.08736685434e-06, 4.83918768168e-07, 2.27671350217e-07, 9.54564782774e-08, 3.62653480579e-08, 1.1613681572e-08, 2.46273001991e-09, 3.07025987967e-10, 9.88206530494e-11, 4.44511150111e-10]
    },
    "gfcc": {
        "mean": [-180.288284302, 237.71647644, -168.828582764, -39.5165939331, -21.9511260986, -56.1006965637, -7.05846166611, -13.2887706757, -15.833820343, 6.41854286194, -3.41857838631, -17.215801239, -0.456469267607],
        "cov": [[6843.84863281, -317.009185791, -1167.09753418, -406.613555908, -683.607421875, -706.998413086, -158.731994629, 73.6943435669, -7.92382287979, -66.407371521, 135.75163269, 128.826400757, 59.1303138733], [-317.009185791, 461.720092773, 247.325622559, -3.52743959427, 149.508422852, 34.5268936157, -35.0283470154, -49.9756469727, -60.9756469727, -34.6921806335, -55.9423522949, -67.8422622681, 2.63450241089], [-1167.09753418, 247.325622559, 600.398620605, 44.5100975037, 87.8961181641, 118.642211914, -106.952949524, -21.6222877502, 3.71328663826, -26.6617851257, -37.1116294861, -86.4533615112, -30.0698413849], [-406.613555908, -3.52743959427, 44.5100975037, 201.676116943, 76.7708358765, 73.5461120605, 61.7616920471, -33.5891952515, -18.5748996735, -6.51487493515, -41.207649231, -2.08612799644, 1.97756004333], [-683.607421875, 149.508422852, 87.8961181641, 76.7708358765, 216.404876709, 111.593399048, 32.2431755066, -27.3058776855, -37.591255188, 6.24614048004, -27.8412399292, -23.3751411438, -9.6386384964], [-706.998413086, 34.5268936157, 118.642211914, 73.5461120605, 111.593399048, 222.23197937, 63.503616333, -37.5306472778, -19.9107761383, -11.7657909393, -16.207698822, -9.73424720764, -19.9501953125], [-158.731994629, -35.0283470154, -106.952949524, 61.7616920471, 32.2431755066, 63.503616333, 178.259078979, 25.2756786346, -35.7403182983, 5.92552375793, -15.9495401382, 10.1511592865, -0.349297195673], [73.6943435669, -49.9756469727, -21.6222877502, -33.5891952515, -27.3058776855, -37.5306472778, 25.2756786346, 105.623268127, 44.4604492188, 7.63877725601, 16.3250331879, -10.4898767471, -13.3748512268], [-7.92382287979, -60.9756469727, 3.71328663826, -18.5748996735, -37.591255188, -19.9107761383, -35.7403182983, 44.4604492188, 114.300674438, 43.4140625, 2.75495672226, 1.76221895218, -7.89865446091], [-66.407371521, -34.6921806335, -26.6617851257, -6.51487493515, 6.24614048004, -11.7657909393, 5.92552375793, 7.63877725601, 43.4140625, 77.5403442383, 32.2664146423, -8.40502166748, -17.0484542847], [135.75163269, -55.9423522949, -37.1116294861, -41.207649231, -27.8412399292, -16.207698822, -15.9495401382, 16.3250331879, 2.75495672226, 32.2664146423, 96.9453277588, 24.3359069824, -23.6795406342], [128.826400757, -67.8422622681, -86.4533615112, -2.08612799644, -23.3751411438, -9.73424720764, 10.1511592865, -10.4898767471, 1.76221895218, -8.40502166748, 24.3359069824, 88.3626251221, 40.1270332336], [59.1303138733, 2.63450241089, -30.0698413849, 1.97756004333, -9.6386384964, -19.9501953125, -0.349297195673, -13.3748512268, -7.89865446091, -17.0484542847, -23.6795406342, 40.1270332336, 74.921546936]],
        "icov": [[0.000483453302877, -0.000678261858411, 0.00117961340584, -0.000210177604458, 0.00145232048817, 7.30543761165e-05, 0.000977237708867, -0.000527256343048, 0.000578695326112, 0.000117351155495, 6.78533638165e-07, -1.00730467238e-05, 0.000331328134052], [-0.000678261858411, 0.00634056143463, -0.00390302296728, 0.00289420643821, -0.00701531581581, 0.00358290527947, -0.00468764640391, 0.00559535296634, -0.0032912560273, 0.00455333851278, -0.00169710896444, 0.00380846299231, -0.00218898477033], [0.00117961340584, -0.00390302296728, 0.00687597598881, -0.00250132381916, 0.00576105108485, -0.00387453613803, 0.0072195995599, -0.00508763175458, 0.00361354509369, -0.0020144758746, 0.00137111556251, 0.000553896301426, 0.000926084117964], [-0.000210177604458, 0.00289420643821, -0.00250132381916, 0.00886463373899, -0.00508700869977, 0.00255157030188, -0.006108305417, 0.00640762830153, -0.00412971060723, 0.00399466091767, 0.000101537923911, 0.00120006606448, -0.000170429149875], [0.00145232048817, -0.00701531581581, 0.00576105108485, -0.00508700869977, 0.0179437361658, -0.00851759687066, 0.0104115745053, -0.0112120965496, 0.0123326675966, -0.0126372324303, 0.00747067015618, -0.00581670692191, 0.00353539106436], [7.30543761165e-05, 0.00358290527947, -0.00387453613803, 0.00255157030188, -0.00851759687066, 0.0144562385976, -0.0115094613284, 0.0128010250628, -0.0112507417798, 0.0130643425509, -0.00770614435896, 0.00467153219506, 2.8233120247e-05], [0.000977237708867, -0.00468764640391, 0.0072195995599, -0.006108305417, 0.0104115745053, -0.0115094613284, 0.023480951786, -0.0199671182781, 0.0200908370316, -0.0186390336603, 0.0135909421369, -0.00971258897334, 0.00464629335329], [-0.000527256343048, 0.00559535296634, -0.00508763175458, 0.00640762830153, -0.0112120965496, 0.0128010250628, -0.0199671182781, 0.0322957597673, -0.0252843126655, 0.0237998738885, -0.0170246846974, 0.0143996477127, -0.00469614705071], [0.000578695326112, -0.0032912560273, 0.00361354509369, -0.00412971060723, 0.0123326675966, -0.0112507417798, 0.0200908370316, -0.0252843126655, 0.0366410650313, -0.0313831269741, 0.0215215589851, -0.0163437798619, 0.00766624044627], [0.000117351155495, 0.00455333851278, -0.0020144758746, 0.00399466091767, -0.0126372324303, 0.0130643425509, -0.0186390336603, 0.0237998738885, -0.0313831269741, 0.0458482354879, -0.0261759143323, 0.0198567118496, -0.00693575199693], [6.78533638165e-07, -0.00169710896444, 0.00137111556251, 0.000101537923911, 0.00747067015618, -0.00770614435896, 0.0135909421369, -0.0170246846974, 0.0215215589851, -0.0261759143323, 0.0327112264931, -0.0208678562194, 0.0143677815795], [-1.00730467238e-05, 0.00380846299231, 0.000553896301426, 0.00120006606448, -0.00581670692191, 0.00467153219506, -0.00971258897334, 0.0143996477127, -0.0163437798619, 0.0198567118496, -0.0208678562194, 0.0329203568399, -0.0183462183923], [0.000331328134052, -0.00218898477033, 0.000926084117964, -0.000170429149875, 0.00353539106436, 2.8233120247e-05, 0.00464629335329, -0.00469614705071, 0.00766624044627, -0.00693575199693, 0.0143677815795, -0.0183462183923, 0.0267816521227]]
    },
    "melbands": {
        "dmean": [9.85981023405e-06, 0.000110495515401, 8.5860658146e-05, 4.92879953526e-05, 0.000179301336175, 0.000587693124544, 0.000792823091615, 0.000524934032001, 8.76001067809e-05, 0.000135766444146, 0.000157656773808, 0.000102903293737, 4.19859497924e-05, 5.05110983795e-05, 3.21619700117e-05, 2.23163824558e-05, 7.57909674576e-06, 8.77222100826e-06, 7.4762829172e-06, 5.19684999745e-06, 2.36996811509e-06, 8.16342549115e-07, 1.34782919758e-06, 1.30914281726e-06, 6.49210562642e-07, 4.20632801479e-07, 4.50479376468e-07, 1.1136259559e-07, 6.51133902352e-08, 4.7396589764e-08, 1.97649416833e-08, 2.28714713835e-09, 2.3269002003e-10, 1.43415557208e-10, 1.12234256611e-10, 7.90492463154e-11, 5.93960089446e-11, 4.64945165701e-11, 3.05140392121e-11, 1.57540040041e-11],
        "dmean2": [1.57987306011e-05, 0.000175310517079, 0.000126179176732, 7.45697179809e-05, 0.000252462254139, 0.000816213083453, 0.000985650811344, 0.000634262629319, 0.000112130721391, 0.000180887873285, 0.000198953726795, 0.000155387024279, 6.2528088165e-05, 6.73751419527e-05, 4.12908593717e-05, 3.18228230753e-05, 1.1211043784e-05, 1.26628692669e-05, 1.08484309749e-05, 7.55616883907e-06, 3.49915649167e-06, 1.18675973226e-06, 2.04683306038e-06, 1.90835385183e-06, 9.68094354903e-07, 6.23887956408e-07, 7.10035521934e-07, 1.74309846557e-07, 1.02526563239e-07, 7.09045337999e-08, 3.15914761018e-08, 3.81112075232e-09, 3.86452037038e-10, 2.41221626007e-10, 1.90010521206e-10, 1.32146016352e-10, 9.92840254455e-11, 7.71697913904e-11, 4.89900203737e-11, 2.32864613009e-11],
        "dvar": [1.27674371075e-10, 2.74334599482e-08, 1.69629430502e-08, 6.97818602902e-09, 7.12270278314e-08, 1.05307117337e-06, 1.60062290888e-06, 5.58077829282e-07, 1.74154823895e-08, 4.88143712118e-08, 1.76079353764e-07, 7.70283605789e-08, 8.20077072916e-09, 1.73860321695e-08, 7.66415642062e-09, 1.51620538347e-09, 8.98898844248e-10, 2.86264817406e-10, 1.36707853371e-10, 1.25196089606e-10, 2.23893559942e-11, 4.11190005656e-12, 6.21253092373e-12, 6.47271689372e-12, 1.30168098522e-12, 1.09690880511e-12, 1.02026579459e-12, 6.6965089886e-14, 1.36911940728e-14, 2.06323097442e-14, 3.01469380906e-15, 2.32867737153e-17, 1.5498858322e-18, 6.90306881498e-19, 3.94017558622e-19, 2.11498282381e-19, 1.38246631153e-19, 9.46753641377e-20, 6.27994487074e-20, 4.47999533419e-20],
        "dvar2": [2.91413088105e-10, 5.43334763847e-08, 3.36475949325e-08, 1.92355837925e-08, 1.50315941028e-07, 1.90811988432e-06, 2.5613244361e-06, 9.61932187238e-07, 3.00207858572e-08, 8.23925248028e-08, 2.85094472474e-07, 1.75093120447e-07, 1.56136099605e-08, 2.46635440959e-08, 1.00970858341e-08, 2.78175549262e-09, 1.62548685623e-09, 6.15509865298e-10, 2.86351720113e-10, 2.37156461136e-10, 4.68840348489e-11, 8.45392766208e-12, 1.54986561779e-11, 1.32133809103e-11, 3.01511419998e-12, 2.46517324783e-12, 2.56000472557e-12, 1.63046117406e-13, 3.24331998704e-14, 4.86548803092e-14, 7.33722131175e-15, 5.64323326486e-17, 3.53919606198e-18, 1.45197690919e-18, 7.56149786172e-19, 3.27840007691e-19, 1.88565591702e-19, 1.11235371367e-19, 5.31451426662e-20, 3.04757603783e-20],
        "max": [0.000163828226505, 0.00391241814941, 0.0032879319042, 0.00138374592643, 0.00309958448634, 0.0174105875194, 0.0128571726382, 0.00966189987957, 0.00182964350097, 0.00287552364171, 0.00639817351475, 0.00296648661606, 0.0013510939898, 0.00206554075703, 0.00141166022513, 0.000479847571114, 0.000904374814127, 0.000279649422737, 0.000133495341288, 0.000176653309609, 6.91803361406e-05, 4.04080747103e-05, 3.439143984e-05, 4.05623177357e-05, 1.17997642519e-05, 1.81773466466e-05, 9.77606850938e-06, 4.78133824799e-06, 9.49403613504e-07, 5.43234727957e-06, 5.98812789576e-07, 6.78582381397e-08, 2.90696142713e-08, 2.42978721587e-08, 2.09572750265e-08, 1.83389534669e-08, 1.58807580419e-08, 1.389075166e-08, 1.23797878615e-08, 1.08837454604e-08],
        "mean": [1.4787490727e-05, 0.000179111986654, 0.000168123660842, 9.68707390712e-05, 0.000330075185047, 0.00112484151032, 0.0015806958545, 0.00125081138685, 0.000221738082473, 0.000246587209404, 0.00025188215659, 0.000124246493215, 8.42296140036e-05, 0.000102135076304, 5.83586843277e-05, 3.93123336835e-05, 1.27780504044e-05, 1.39725607369e-05, 1.14056865641e-05, 7.55238488637e-06, 3.48538810613e-06, 1.1638843489e-06, 1.76329820079e-06, 1.73299758899e-06, 8.40709503791e-07, 5.08507810082e-07, 4.56597518905e-07, 1.31022915184e-07, 7.37993630651e-08, 6.02156475793e-08, 2.1544719786e-08, 2.28449748008e-09, 1.91909002578e-10, 1.15192348715e-10, 8.57338297577e-11, 6.09533257201e-11, 4.759121916e-11, 3.83291766382e-11, 2.60597723956e-11, 1.48544596762e-11],
        "median": [9.57663542067e-06, 8.70792864589e-05, 7.80943883001e-05, 5.55786173209e-05, 0.000148537132191, 0.000450052699307, 0.000622863823082, 0.000540543929674, 9.54899733188e-05, 0.000115243485197, 5.45198199688e-05, 2.97028964269e-05, 2.15820109588e-05, 2.14155097638e-05, 1.33650701173e-05, 1.52940556291e-05, 4.74128410133e-06, 6.21621620667e-06, 6.10477400187e-06, 2.83081431007e-06, 1.29195427689e-06, 3.10923155666e-07, 7.76783281253e-07, 5.3678866152e-07, 2.98154418488e-07, 1.55796413992e-07, 1.15539549483e-07, 4.03201809718e-08, 2.32257661992e-08, 1.81253412279e-08, 4.38538672043e-09, 3.89553167501e-10, 1.12345731676e-11, 6.03004278454e-12, 5.25424582315e-12, 4.54459083213e-12, 3.80994498103e-12, 3.37115795349e-12, 2.91770687472e-12, 2.33597950011e-12],
        "min": [4.52633044071e-24, 2.71791552765e-24, 3.27811563317e-24, 2.46175109248e-24, 3.92699534012e-24, 3.58021681935e-24, 3.41952861397e-24, 3.71757485789e-24, 1.05520961356e-23, 6.3217869329e-24, 5.94524626789e-24, 4.36805654413e-24, 6.48306560066e-24, 6.96029883819e-24, 4.17205931906e-24, 1.00532583645e-23, 1.30919395274e-23, 9.00923724404e-24, 8.69887096493e-24, 5.71796321376e-24, 1.01991550335e-23, 1.1534515108e-23, 6.74906160929e-24, 9.73892805934e-24, 7.63504706917e-24, 5.82057824031e-24, 8.71490614055e-24, 5.65464726535e-24, 1.07175139566e-23, 7.97632249626e-24, 8.71547885357e-24, 8.07178334326e-24, 7.79229307999e-24, 1.05424507333e-23, 7.84147776857e-24, 6.53793403207e-24, 8.42910262345e-24, 9.9984625083e-24, 9.10742833863e-24, 7.25294887909e-24],
        "stdev": [1.66447007359e-05, 0.000276978797046, 0.000240983790718, 0.000124003985547, 0.00044738635188, 0.00176651449874, 0.00214388547465, 0.00149124080781, 0.000278646941297, 0.000345786946127, 0.00061646575341, 0.000294440163998, 0.000152004649863, 0.000235177707509, 0.000152884356794, 5.87302201893e-05, 4.43958451797e-05, 2.22417547775e-05, 1.49925845108e-05, 1.47739710883e-05, 6.04308070251e-06, 2.56613066085e-06, 2.71947078545e-06, 3.19165337714e-06, 1.34627487114e-06, 1.12113116302e-06, 9.62867829912e-07, 2.59899337607e-07, 1.24562617998e-07, 1.72489023953e-07, 5.40754356848e-08, 4.96110663661e-09, 1.16939435912e-09, 8.00197574868e-10, 6.22880247381e-10, 4.83484752234e-10, 4.02848865377e-10, 3.4303676566e-10, 2.91050877843e-10, 2.50232695675e-10],
