{
"lowlevel": {
    "average_loudness": 0.976497888565,
    "barkbands_crest": {
        "dmean": 3.23348641396,
        "dmean2": 4.97012472153,
        "dvar": 9.44528579712,
        "dvar2": 20.5447845459,
        "max": 24.8565654755,
        "mean": 12.2990789413,
        "median": 11.2075271606,
        "min": 2.44857645035,
        "stdev": 5.19339942932,
        "var": 26.9713954926
    },
    "barkbands_flatness_db": {
        "dmean": 0.0250578448176,
        "dmean2": 0.0371185615659,
        "dvar": 0.000551017932594,
        "dvar2": 0.00124524522107,
        "max": 0.294816583395,
        "mean": 0.169635295868,
        "median": 0.168168872595,
        "min": 0.0408426597714,
        "stdev": 0.0400357246399,
        "var": 0.00160285911988
    },
    "barkbands_kurtosis": {
        "dmean": 3.61935019493,
        "dmean2": 5.53477144241,
        "dvar": 30.8588409424,
        "dvar2": 74.8262405396,
        "max": 69.6948318481,
        "mean": 5.11922883987,
        "median": 3.12413883209,
        "min": -1.49820494652,
        "stdev": 6.50988531113,
        "var": 42.3786048889
    },
    "barkbands_skewness": {
        "dmean": 0.619554936886,
        "dmean2": 0.919716060162,
        "dvar": 0.437469303608,
        "dvar2": 1.01317763329,
        "max": 6.77530670166,
        "mean": 1.64198601246,
        "median": 1.46547269821,
        "min": -1.74054384232,
        "stdev": 0.990274608135,
        "var": 0.980643808842
    },
    "barkbands_spread": {
        "dmean": 3.46379971504,
        "dmean2": 5.02283716202,
        "dvar": 11.5525712967,
        "dvar2": 24.8495101929,
        "max": 36.8944969177,
        "mean": 11.5631322861,
        "median": 10.4722995758,
        "min": 1.37402224541,
        "stdev": 5.93986606598,
        "var": 35.2820091248
    },
    "dissonance": {
        "dmean": 0.0279297214001,
        "dmean2": 0.0466442815959,
        "dvar": 0.000558124098461,
        "dvar2": 0.0014752575662,
        "max": 0.49992108345,
        "mean": 0.439187079668,
        "median": 0.441778957844,
        "min": 0.234082639217,
        "stdev": 0.0333440899849,
        "var": 0.00111182837281
    },
    "dynamic_complexity": 2.15263772011,
    "erbbands_crest": {
        "dmean": 3.20931744576,
        "dmean2": 4.89871740341,
        "dvar": 8.38185977936,
        "dvar2": 18.7269325256,
        "max": 28.7692985535,
        "mean": 11.977517128,
        "median": 11.0228376389,
        "min": 3.6169321537,
        "stdev": 4.73219966888,
        "var": 22.3937149048
    },
    "erbbands_flatness_db": {
        "dmean": 0.0197802912444,
        "dmean2": 0.0297718346119,
        "dvar": 0.000346469198121,
        "dvar2": 0.00078838452464,
        "max": 0.339795470238,
        "mean": 0.219667732716,
        "median": 0.218066871166,
        "min": 0.107032686472,
        "stdev": 0.0314167141914,
        "var": 0.000987009960227
    },
    "erbbands_kurtosis": {
        "dmean": 1.57863879204,
        "dmean2": 2.46637797356,
        "dvar": 4.87267017365,
        "dvar2": 12.0740509033,
        "max": 31.5464668274,
        "mean": 1.45082318783,
        "median": 0.758243560791,
        "min": -1.66021251678,
        "stdev": 2.63010430336,
        "var": 6.9174489975
    },
    "erbbands_skewness": {
        "dmean": 0.470306128263,
        "dmean2": 0.689244449139,
        "dvar": 0.231992274523,
        "dvar2": 0.538163006306,
        "max": 5.21870851517,
        "mean": 1.03366243839,
        "median": 0.912136316299,
        "min": -1.1376401186,
        "stdev": 0.730807125568,
        "var": 0.534079015255
    },
    "erbbands_spread": {
        "dmean": 5.27439212799,
        "dmean2": 7.92363071442,
        "dvar": 22.9899272919,
        "dvar2": 54.7410888672,
        "max": 62.0990180969,
        "mean": 23.511302948,
        "median": 23.2618598938,
        "min": 4.81501674652,
        "stdev": 8.25792312622,
        "var": 68.1932983398
    },
    "hfc": {
        "dmean": 6.58669900894,
        "dmean2": 9.26448917389,
        "dvar": 93.3909072876,
        "dvar2": 223.882873535,
        "max": 103.086135864,
        "mean": 14.1179237366,
        "median": 10.7491769791,
        "min": 1.17871728511e-16,
        "stdev": 11.3519496918,
        "var": 128.866760254
    },
    "loudness_ebu128": {
        "integrated": -17.6074371338,
        "loudness_range": 1.0875377655,
        "momentary": {
            "dmean": 0.66919273138,
            "dmean2": 1.04997742176,
            "dvar": 0.361156463623,
            "dvar2": 0.805738389492,
            "max": -15.1686000824,
            "mean": -17.7406578064,
            "median": -17.6338691711,
            "min": -21.010931015,
            "stdev": 1.08721065521,
            "var": 1.18202710152
        },
        "short_term": {
            "dmean": 0.0789251476526,
            "dmean2": 0.119272559881,
            "dvar": 0.00572690926492,
            "dvar2": 0.00881937239319,
            "max": -16.8118743896,
            "mean": -17.619846344,
            "median": -17.5858764648,
            "min": -18.6649188995,
            "stdev": 0.357550561428,
            "var": 0.127842411399
        }
    },
    "melbands_crest": {
        "dmean": 3.9317009449,
        "dmean2": 5.97823238373,
        "dvar": 13.4153242111,
        "dvar2": 29.6005535126,
        "max": 32.1525039673,
        "mean": 15.58223629,
        "median": 14.801618576,
        "min": 2.33746743202,
        "stdev": 6.22646284103,
        "var": 38.7688369751
    },
    "melbands_flatness_db": {
        "dmean": 0.0264367312193,
        "dmean2": 0.0381725020707,
        "dvar": 0.00063642708119,
        "dvar2": 0.00138781475835,
        "max": 0.353549987078,
        "mean": 0.212706878781,
        "median": 0.211915165186,
        "min": 0.00948797818273,
        "stdev": 0.0449447408319,
        "var": 0.00202002958395
    },
    "melbands_kurtosis": {
        "dmean": 5.4670343399,
        "dmean2": 8.33256721497,
        "dvar": 65.3059234619,
        "dvar2": 155.740081787,
        "max": 84.4228439331,
        "mean": 9.07735824585,
        "median": 6.02143526077,
        "min": -1.26990246773,
        "stdev": 9.85832500458,
        "var": 97.1865692139
    },
    "melbands_skewness": {
        "dmean": 0.657296419144,
        "dmean2": 0.998650372028,
        "dvar": 0.473857581615,
        "dvar2": 1.0841293335,
        "max": 6.70738935471,
        "mean": 1.96749925613,
        "median": 1.75492286682,
        "min": -0.620369851589,
        "stdev": 1.07350671291,
        "var": 1.15241658688
    },
    "melbands_spread": {
        "dmean": 4.96226787567,
        "dmean2": 7.25654697418,
        "dvar": 29.3436565399,
        "dvar2": 60.6990089417,
        "max": 118.997291565,
        "mean": 15.0992269516,
        "median": 13.4202194214,
        "min": 1.60870718956,
        "stdev": 8.84998512268,
        "var": 78.3222351074
    },
    "pitch_salience": {
        "dmean": 0.0746292993426,
        "dmean2": 0.115646034479,
        "dvar": 0.00431569106877,
        "dvar2": 0.0105710979551,
        "max": 0.972426593304,
        "mean": 0.521907091141,
        "median": 0.53459584713,
        "min": 0.164681717753,
        "stdev": 0.113570861518,
        "var": 0.0128983398899
    },
    "silence_rate_20dB": {
        "dmean": 0,
        "dmean2": 0,
        "dvar": 0,
        "dvar2": 0,
        "max": 1,
        "mean": 1,
        "median": 1,
        "min": 1,
        "stdev": 0,
        "var": 0
    },
    "silence_rate_30dB": {
        "dmean": 0.00618238002062,
        "dmean2": 0.0123711340129,
        "dvar": 0.00614411011338,
        "dvar2": 0.0173724740744,
        "max": 1,
        "mean": 0.996395468712,
        "median": 1,
        "min": 0,
        "stdev": 0.0599288977683,
        "var": 0.00359147274867
    },
    "silence_rate_60dB": {
        "dmean": 0.00566718168557,
        "dmean2": 0.011340206489,
        "dvar": 0.00563505105674,
        "dvar2": 0.0163661446422,
        "max": 1,
        "mean": 0.00411946466193,
        "median": 0,
        "min": 0,
        "stdev": 0.0640513673425,
        "var": 0.00410257745534
    },
    "spectral_centroid": {
        "dmean": 194.28276062,
        "dmean2": 277.263336182,
        "dvar": 73519.40625,
        "dvar2": 104732.273438,
        "max": 11496.2714844,
        "mean": 986.27734375,
        "median": 899.940795898,
        "min": 385.4034729,
        "stdev": 430.511199951,
        "var": 185339.890625
    },
    "spectral_complexity": {
        "dmean": 2.67233395576,
        "dmean2": 4.02628850937,
        "dvar": 6.23066186905,
        "dvar2": 13.146115303,
        "max": 33,
        "mean": 15.3650875092,
        "median": 15,
        "min": 0,
        "stdev": 3.97456645966,
        "var": 15.7971782684
    },
    "spectral_decrease": {
        "dmean": 2.73200329026e-09,
        "dmean2": 3.97949273534e-09,
        "dvar": 2.14605607549e-17,
        "dvar2": 5.3071984202e-17,
        "max": -6.9495003335e-29,
        "mean": -5.34904209815e-09,
        "median": -3.84744325288e-09,
        "min": -4.85822333474e-08,
        "stdev": 5.03954211695e-09,
        "var": 2.53969859042e-17
    },
    "spectral_energy": {
        "dmean": 0.0108879739419,
        "dmean2": 0.0158236864954,
        "dvar": 0.00033613058622,
        "dvar2": 0.000830660399515,
        "max": 0.192710623145,
        "mean": 0.0214690156281,
        "median": 0.0154585177079,
        "min": 1.09536040274e-20,
        "stdev": 0.0199975445867,
        "var": 0.000399901764467
    },
    "spectral_energyband_high": {
        "dmean": 8.19795532152e-05,
        "dmean2": 0.000116990217066,
        "dvar": 1.57443267312e-08,
        "dvar2": 3.07035001867e-08,
        "max": 0.00183990201913,
        "mean": 0.000176967078005,
        "median": 0.000120381708257,
        "min": 8.09027552399e-21,
        "stdev": 0.000181808281923,
        "var": 3.30542491156e-08
    },
    "spectral_energyband_low": {
        "dmean": 0.000495343992952,
        "dmean2": 0.000768071971834,
        "dvar": 4.44464745897e-07,
        "dvar2": 9.74761292127e-07,
        "max": 0.00887878891081,
        "mean": 0.000924282183405,
        "median": 0.000573950703256,
        "min": 6.28662945339e-23,
        "stdev": 0.00104952207766,
        "var": 1.10149665034e-06
    },
    "spectral_energyband_middle_high": {
        "dmean": 0.00199606036767,
        "dmean2": 0.00283997575752,
        "dvar": 8.23568097985e-06,
        "dvar2": 1.76964294951e-05,
        "max": 0.0317944660783,
        "mean": 0.00400871038437,
        "median": 0.00295219523832,
        "min": 1.57815680728e-21,
        "stdev": 0.0036655694712,
        "var": 1.34363999678e-05
    },
    "spectral_energyband_middle_low": {
        "dmean": 0.00948356371373,
        "dmean2": 0.01415409334,
        "dvar": 0.000308311136905,
        "dvar2": 0.000771474267822,
        "max": 0.181694924831,
        "mean": 0.0166353136301,
        "median": 0.0112234344706,
        "min": 3.61089252762e-22,
        "stdev": 0.018460303545,
        "var": 0.000340782804415
    },
    "spectral_entropy": {
        "dmean": 0.200178980827,
        "dmean2": 0.287571400404,
        "dvar": 0.0354463346303,
        "dvar2": 0.0751580670476,
        "max": 9.77639484406,
        "mean": 7.01164722443,
        "median": 6.99679946899,
        "min": 6.05304479599,
        "stdev": 0.324748724699,
        "var": 0.105461739004
    },
    "spectral_flux": {
        "dmean": 0.0302214641124,
        "dmean2": 0.0474766157568,
        "dvar": 0.00161745201331,
        "dvar2": 0.00384205859154,
        "max": 0.381572395563,
        "mean": 0.0705054029822,
        "median": 0.0564071536064,
        "min": 1.04659468592e-10,
        "stdev": 0.0461259000003,
        "var": 0.0021275987383
    },
    "spectral_kurtosis": {
        "dmean": 2.78252291679,
        "dmean2": 4.78864383698,
        "dvar": 6.64427185059,
        "dvar2": 18.8305473328,
        "max": 37.5525436401,
        "mean": 6.64211034775,
        "median": 5.87315511703,
        "min": -1.19004940987,
        "stdev": 3.47732114792,
        "var": 12.0917615891
    },
    "spectral_rms": {
        "dmean": 0.00103284534998,
        "dmean2": 0.00141353777144,
        "dvar": 1.67097687154e-06,
        "dvar2": 3.82661073672e-06,
        "max": 0.0137116871774,
        "mean": 0.00424663722515,
        "median": 0.00388348824345,
        "min": 3.26901244789e-12,
        "stdev": 0.00170629995409,
        "var": 2.91145966003e-06
    },
    "spectral_rolloff": {
        "dmean": 286.088104248,
        "dmean2": 463.408721924,
        "dvar": 249694.9375,
        "dvar2": 369706.46875,
        "max": 18303.2226562,
        "mean": 1050.79016113,
        "median": 904.39453125,
        "min": 344.53125,
        "stdev": 654.529418945,
        "var": 428408.75
    },
    "spectral_skewness": {
        "dmean": 0.297112375498,
        "dmean2": 0.485972732306,
        "dvar": 0.0638387873769,
        "dvar2": 0.165371730924,
        "max": 4.48461008072,
        "mean": 1.83418989182,
        "median": 1.77379012108,
        "min": -0.0521629229188,
        "stdev": 0.425774902105,
        "var": 0.18128426373
    },
    "spectral_spread": {
        "dmean": 309966.96875,
        "dmean2": 501935.53125,
        "dvar": 600901550080,
        "dvar2": 1.05351295795e+12,
        "max": 40402940,
        "mean": 3223956.25,
        "median": 3165741.5,
        "min": 1608406.375,
        "stdev": 1269507.125,
        "var": 1.6116482048e+12
    },
    "spectral_strongpeak": {
        "dmean": 0.676342785358,
        "dmean2": 1.03588998318,
        "dvar": 0.591760873795,
        "dvar2": 1.35974872112,
        "max": 7.57876634598,
        "mean": 1.49659907818,
        "median": 1.24924826622,
        "min": 3.34630628762e-10,
        "stdev": 1.00964701176,
        "var": 1.01938700676
    },
    "zerocrossingrate": {
        "dmean": 0.00662009743974,
        "dmean2": 0.00795546080917,
        "dvar": 0.000112316236482,
        "dvar2": 0.000195130036445,
        "max": 0.505859375,
        "mean": 0.0432729832828,
        "median": 0.04052734375,
        "min": 0.0068359375,
        "stdev": 0.0193840935826,
        "var": 0.000375743082259
    },
    "barkbands": {
        "dmean": [3.00000101561e-05, 0.000303078704746, 0.000147621205542, 0.000241778645432, 0.000528974924237, 0.000861525419168, 0.00754137802869, 0.00129969709087, 0.000701510871295, 0.000863363500684, 0.000346031883964, 0.000717313494533, 0.000202507319045, 8.38825726532e-05, 0.000185864802916, 0.000154931578436, 0.00015947240172, 6.21604776825e-05, 5.59074287594e-05, 6.05202876613e-05, 3.93662739953e-05, 2.22724302148e-05, 7.50874960431e-06, 7.08853713149e-06, 2.66705728791e-06, 1.0011536915e-06, 2.87040240465e-08],
        "dmean2": [4.89456760988e-05, 0.000512789702043, 0.000218715969822, 0.000375555857318, 0.000822299276479, 0.00119937385898, 0.0113204028457, 0.00208772160113, 0.00102655193768, 0.00132923293859, 0.00055364187574, 0.00103900767863, 0.000333881966071, 0.000129526713863, 0.000284752401058, 0.000232112433878, 0.000239246859564, 9.50243338593e-05, 8.51914301165e-05, 9.46210930124e-05, 5.80520827498e-05, 3.36642551702e-05, 1.1235677448e-05, 1.04189739432e-05, 4.09840777138e-06, 1.54905171712e-06, 4.86642477426e-08],
        "dvar": [2.07612149694e-09, 2.42321618771e-07, 4.36456453201e-08, 1.47826284547e-07, 9.90382204691e-07, 2.78782204077e-06, 0.000252933910815, 7.53553240429e-06, 2.66473148258e-06, 2.28993985729e-06, 6.20784646799e-07, 3.443610467e-06, 1.04210023721e-07, 1.55166475224e-08, 6.30936156654e-08, 1.14030285658e-07, 8.12331251154e-08, 8.25893753387e-09, 1.24381234201e-08, 1.95201099729e-08, 3.54677265335e-09, 1.54979085121e-09, 1.72991843073e-10, 2.87868368032e-10, 3.04096157977e-11, 1.32602080358e-11, 8.68393424118e-15],
        "dvar2": [5.35438049454e-09, 6.41042447569e-07, 8.41928624595e-08, 3.11265836217e-07, 2.38325105784e-06, 5.28906957697e-06, 0.000630088848993, 1.95708817046e-05, 6.01286865276e-06, 5.23221206095e-06, 1.50885864514e-06, 7.80931441113e-06, 2.76429489077e-07, 3.60302898628e-08, 1.34164608312e-07, 2.10568373404e-07, 1.64888518839e-07, 1.81596231386e-08, 2.87550570022e-08, 4.04428774914e-08, 7.1929844303e-09, 3.44552852916e-09, 3.70555114371e-10, 4.36675334781e-10, 7.03528416079e-11, 3.26141613716e-11, 2.3043580458e-14],
        "max": [0.000632921117358, 0.00605730479583, 0.00414414750412, 0.00420071184635, 0.0183870438486, 0.0407183654606, 0.161690875888, 0.0333737283945, 0.0230509154499, 0.0246175657958, 0.0125246113166, 0.0255636554211, 0.0038691055961, 0.00167950277682, 0.00323396245949, 0.00865807756782, 0.00534628843889, 0.00104772590566, 0.00212670397013, 0.00340449111536, 0.000961766636465, 0.000582007109188, 0.000193371568457, 0.000706563878339, 0.000110945562483, 0.000123859470477, 1.77116032773e-06],
        "mean": [4.63862343167e-05, 0.00040882040048, 0.0002678729943, 0.000315735291224, 0.00125090684742, 0.00201643584296, 0.0101593444124, 0.00154760421719, 0.00120144686662, 0.00114437448792, 0.00045549168135, 0.000979222124442, 0.000276636448689, 0.00013328177738, 0.000302137865219, 0.000253780890489, 0.000269293144811, 0.000108335319965, 9.58842501859e-05, 9.45354840951e-05, 7.43399505154e-05, 3.80881720048e-05, 1.25781962197e-05, 1.1533761608e-05, 3.73150692212e-06, 1.23141285258e-06, 2.45606806004e-08],
        "median": [1.81633149623e-05, 0.000146503210999, 0.000155535715749, 0.000137858383823, 0.00062669836916, 0.000842527253553, 0.00435453606769, 0.000582014792599, 0.000385337043554, 0.000578068196774, 0.000138580071507, 0.000305084162392, 0.000161864008987, 8.04457959021e-05, 0.00019141456869, 0.000119620126497, 0.000147892424138, 6.40189246042e-05, 6.00916901021e-05, 5.00090463902e-05, 4.57064670627e-05, 2.22628332267e-05, 7.13938516128e-06, 6.05832065048e-06, 1.83811812349e-06, 4.82742279928e-07, 2.67766253614e-09],
        "min": [3.05028783113e-23, 3.84135565362e-23, 6.39445679948e-24, 5.68746821774e-24, 1.24382065509e-23, 9.20265962711e-24, 8.57509790004e-23, 1.11752964085e-22, 1.04459604229e-22, 6.37296302194e-23, 6.59135884801e-23, 6.79980808469e-23, 1.67724816256e-22, 1.20671509935e-22, 1.72157204801e-22, 2.62836892074e-22, 1.29783623319e-22, 1.25835002146e-22, 2.70037740635e-22, 3.04478877642e-22, 7.35538451867e-22, 5.00743154214e-22, 7.09516189901e-22, 6.97671967213e-22, 1.33031887469e-21, 1.73737978557e-21, 2.38876916988e-21],
        "stdev": [6.87144201947e-05, 0.000619684753474, 0.000360813428415, 0.000487201206852, 0.00172547751572, 0.00345429754816, 0.0167145170271, 0.00276877218857, 0.00209643179551, 0.00175814377144, 0.00086222786922, 0.00213936413638, 0.000343425170286, 0.000155947971507, 0.00034449560917, 0.000471864885185, 0.000399848533561, 0.000130775762955, 0.000131422784762, 0.000188539313967, 8.43184971018e-05, 5.02734073962e-05, 1.67138241522e-05, 2.51906512858e-05, 6.21788558419e-06, 3.59842965736e-06, 8.23268280215e-08],
        "var": [4.72167149823e-09, 3.84009211984e-07, 1.30186336378e-07, 2.37365028966e-07, 2.97727274301e-06, 1.19321712191e-05, 0.000279375090031, 7.66609991842e-06, 4.39502628069e-06, 3.09106940222e-06, 7.43436885386e-07, 4.57687883682e-06, 1.1794084287e-07, 2.43197693095e-08, 1.18677228045e-07, 2.22656481697e-07, 1.59878851491e-07, 1.7102301797e-08, 1.72719492042e-08, 3.55470746172e-08, 7.1096089016e-09, 2.52741561013e-09, 2.79351930477e-10, 6.3456895294e-10, 3.86621012982e-11, 1.29486959349e-11, 6.77770607514e-15]
    },
    "erbbands": {
        "dmean": [0.0109272394329, 0.0658510103822, 0.177595987916, 0.513054072857, 0.835459470749, 2.15244269371, 5.31427717209, 8.90312004089, 89.8952407837, 82.5966720581, 19.7797927856, 14.8271522522, 15.873623848, 32.166217804, 18.4082984924, 25.0482997894, 10.3770093918, 4.70768451691, 9.76802253723, 5.5885424614, 9.57413387299, 7.7748374939, 4.3136548996, 3.03858137131, 2.57330322266, 3.33331465721, 2.01780080795, 1.02584552765, 0.877269923687, 0.458501309156, 0.177973419428, 0.149812594056, 0.118830151856, 0.0389076434076, 0.0144616095349, 0.00665365858003, 0.00136656907853, 0.000166173398611, 8.47413502925e-06, 1.25453343571e-05],
        "dmean2": [0.0185457412153, 0.110481791198, 0.269267290831, 0.761525452137, 1.35923969746, 3.50298881531, 6.80509138107, 13.3173418045, 133.168685913, 130.29737854, 30.9508247375, 21.6232013702, 23.9721603394, 49.5416221619, 27.9177761078, 35.9326591492, 16.8633747101, 7.29310131073, 14.888841629, 8.33365535736, 14.6167459488, 11.5194101334, 6.49964189529, 4.53665828705, 3.94603157043, 5.21564722061, 2.99096608162, 1.55637228489, 1.31635689735, 0.693317711353, 0.270695567131, 0.22863702476, 0.173592150211, 0.0594342947006, 0.0218129232526, 0.0102397818118, 0.00213568401523, 0.000263429305051, 1.22120236483e-05, 1.81494124263e-05],
        "dvar": [0.000270239252131, 0.01641683653, 0.079553194344, 0.662052333355, 2.07047820091, 22.2137928009, 107.083061218, 275.507446289, 36066.359375, 41507.953125, 1430.67736816, 1295.08972168, 949.668762207, 3298.41186523, 1557.59216309, 3186.1953125, 251.566696167, 49.3493499756, 193.518173218, 68.3536376953, 510.842254639, 225.747406006, 42.9933166504, 24.5642585754, 21.1665649414, 80.5493011475, 9.87790203094, 2.757158041, 2.37674689293, 0.939955353737, 0.103469051421, 0.0582978390157, 0.200475782156, 0.00677202874795, 0.00114618428051, 0.000759548915084, 1.57347712957e-05, 1.85277002629e-07, 2.46182102481e-10, 4.35745023397e-10],
        "dvar2": [0.000787819211837, 0.0429441407323, 0.151223540306, 1.27498352528, 5.36388063431, 58.6417922974, 154.356933594, 649.196594238, 85549.875, 107162.460938, 3633.7355957, 2902.19946289, 2194.82104492, 7544.62304688, 3772.74389648, 6998.15966797, 647.980834961, 113.592498779, 416.592132568, 133.637313843, 956.910583496, 431.772705078, 92.8678588867, 49.6434707642, 51.2264595032, 162.299957275, 20.5601196289, 5.71001291275, 5.40369606018, 2.01458072662, 0.22225779295, 0.120063915849, 0.291282594204, 0.014447119087, 0.00272127869539, 0.0019863860216, 3.40721926477e-05, 4.68525826136e-07, 6.18148754405e-10, 1.07506625824e-09],
        "max": [0.153419807553, 1.68165016174, 5.52505683899, 8.69540309906, 25.0238819122, 75.7629852295, 242.605667114, 354.391387939, 1815.69677734, 3019.39453125, 809.070617676, 644.178466797, 421.441345215, 815.853088379, 491.509368896, 711.482055664, 212.637039185, 98.4176330566, 198.51083374, 133.929428101, 586.273498535, 364.047576904, 88.5011901855, 105.147941589, 89.8597412109, 232.226242065, 43.7813148499, 31.3978481293, 31.5346889496, 16.5301513672, 5.79867172241, 4.43211698532, 20.3050708771, 2.0389816761, 0.938517868519, 0.937909722328, 0.116132587194, 0.00610376475379, 0.000217813751078, 0.000222412680159],
        "mean": [0.0129712466151, 0.0863386690617, 0.314808249474, 0.8045540452, 1.68427407742, 4.4673743248, 13.7380819321, 18.4030017853, 124.497062683, 100.119987488, 30.2671661377, 26.6972141266, 25.4885616302, 43.4657363892, 26.0462627411, 37.116973877, 15.4336624146, 8.0409526825, 15.6541423798, 9.97114276886, 16.0431041718, 13.7570466995, 8.03639411926, 5.76639318466, 4.53510427475, 5.36738348007, 3.71252965927, 1.88215982914, 1.44176340103, 0.812587916851, 0.313308238983, 0.245978713036, 0.185405254364, 0.0559405647218, 0.0200390480459, 0.00850607361645, 0.00160019437317, 0.000177287816769, 1.53317523655e-05, 2.51029250649e-05],
        "median": [0.00411775521934, 0.0305104702711, 0.160831362009, 0.410216420889, 1.06204557419, 2.25416660309, 4.15387010574, 9.01475334167, 51.3292617798, 38.6539459229, 14.7188205719, 9.57177829742, 12.8140964508, 22.7563552856, 12.5210609436, 12.6239175797, 9.53613471985, 5.39280796051, 8.84690856934, 6.32258796692, 7.36494827271, 8.03159713745, 4.93538665771, 3.76665496826, 3.00880241394, 2.84863400459, 2.14837050438, 1.18978834152, 0.852627635002, 0.440734028816, 0.187943547964, 0.137797027826, 0.0859435945749, 0.027994453907, 0.0108110234141, 0.00355201144703, 0.000615435070358, 5.71447053517e-05, 1.04437085611e-05, 1.8171431293e-05],
        "min": [1.27153250565e-21, 7.90313641172e-21, 8.52300407546e-21, 2.09521924947e-20, 2.06566418312e-20, 2.2814546023e-20, 1.24382864366e-19, 6.76828839371e-20, 9.31204364846e-19, 1.33905052215e-18, 3.01980335829e-18, 2.32753486967e-18, 2.2287240096e-18, 2.01517471996e-18, 3.45511811579e-18, 3.30104373259e-18, 6.75051303198e-18, 4.70085790856e-18, 8.93883464533e-18, 1.00515604869e-17, 1.33689633704e-17, 9.46758338212e-18, 7.09467517431e-18, 1.14055343813e-17, 1.34527691742e-17, 1.63624166835e-17, 2.5560499659e-17, 2.65024515815e-17, 2.11458863606e-17, 1.57978096672e-17, 2.31102699162e-17, 1.28863944729e-17, 1.24900682532e-17, 1.27601973171e-17, 1.11811690847e-17, 6.25047780219e-18, 3.0491401459e-18, 1.48483572844e-18, 3.55670292605e-19, 3.27288840446e-20],
        "stdev": [0.0192416720092, 0.153957232833, 0.492866247892, 1.12643933296, 2.04863190651, 6.87474822998, 23.821685791, 28.8851947784, 210.195968628, 204.515869141, 43.9459342957, 47.4309616089, 38.2905235291, 65.6852264404, 42.3374443054, 69.8620910645, 17.7792663574, 8.57985973358, 19.0505447388, 11.8884983063, 31.4369945526, 21.4232311249, 9.34160518646, 6.77234792709, 5.27117776871, 12.2677354813, 4.4321475029, 2.26904654503, 1.84494149685, 1.32479476929, 0.405047237873, 0.325874477625, 0.648538649082, 0.1015721187, 0.0352161712945, 0.0253527443856, 0.00433645537123, 0.000419803982368, 1.63970635185e-05, 2.2874573915e-05],
        "var": [0.000370241934434, 0.0237028300762, 0.242917135358, 1.26886570454, 4.19689226151, 47.2621650696, 567.472717285, 834.354492188, 44182.34375, 41826.7382812, 1931.24511719, 2249.69604492, 1466.16418457, 4314.54882812, 1792.45922852, 4880.71191406, 316.102325439, 73.6139907837, 362.923248291, 141.336395264, 988.284667969, 458.954803467, 87.2655944824, 45.8646965027, 27.7853164673, 150.497344971, 19.6439323425, 5.14857196808, 3.40380930901, 1.75508105755, 0.16406327486, 0.10619418323, 0.420602351427, 0.010316895321, 0.00124017870985, 0.000642761646304, 1.88048452401e-05, 1.76235374738e-07, 2.68863681319e-10, 5.23246168616e-10]
    },
    "gfcc": {
        "mean": [-37.928478241, 122.028541565, -153.23260498, 16.4429702759, -77.971572876, -3.86985731125, -36.7093429565, 2.98125624657, -15.8885793686, 2.41167140007, -5.37203931808, -1.15212237835, -2.87387609482],
        "cov": [[3407.18139648, -183.76953125, -226.5234375, -12.8070297241, -192.144882202, 31.3016166687, -55.6935501099, 92.5623092651, -97.0269470215, 60.8467597961, -50.5073051453, 104.641769409, -82.3487091064], [-183.76953125, 545.593811035, 51.7331504822, -1.38423156738, 38.5056877136, -15.448641777, 89.3383407593, -78.5222244263, 65.3966293335, -58.8437576294, 70.0352935791, -77.0979919434, 82.4333877563], [-226.5234375, 51.7331504822, 215.960952759, -12.9619245529, 19.4869689941, 22.715549469, 15.9095411301, 17.4501476288, -9.00600147247, 10.2688732147, -8.99081516266, 5.57426166534, -14.522233963], [-12.8070297241, -1.38423156738, -12.9619245529, 229.404953003, 89.7529754639, 52.3959655762, 8.86252880096, 29.1903247833, 30.2762241364, -14.5507450104, 16.9751396179, -23.4335327148, 8.63306427002], [-192.144882202, 38.5056877136, 19.4869689941, 89.7529754639, 128.304580688, 49.4736976624, 23.4124145508, 27.9967308044, 25.1712875366, 0.635695040226, 3.49649357796, -6.44703865051, 4.55638742447], [31.3016166687, -15.448641777, 22.715549469, 52.3959655762, 49.4736976624, 146.280502319, 55.1477890015, 35.4829292297, -20.5168247223, -8.01967334747, -2.63844108582, -0.147228240967, -4.11702013016], [-55.6935501099, 89.3383407593, 15.9095411301, 8.86252880096, 23.4124145508, 55.1477890015, 122.741874695, 26.8895664215, 23.3049545288, 0.532540202141, 19.0135936737, 3.56747436523, 14.2951259613], [92.5623092651, -78.5222244263, 17.4501476288, 29.1903247833, 27.9967308044, 35.4829292297, 26.8895664215, 113.76385498, 27.4518928528, 22.6633701324, 2.52312397957, 12.6532564163, -17.5836448669], [-97.0269470215, 65.3966293335, -9.00600147247, 30.2762241364, 25.1712875366, -20.5168247223, 23.3049545288, 27.4518928528, 143.614501953, 44.7957115173, 38.9915771484, -13.2522172928, -1.31343472004], [60.8467597961, -58.8437576294, 10.2688732147, -14.5507450104, 0.635695040226, -8.01967334747, 0.532540202141, 22.6633701324, 44.7957115173, 85.2648391724, 14.231297493, 16.9204845428, -15.7605905533], [-50.5073051453, 70.0352935791, -8.99081516266, 16.9751396179, 3.49649357796, -2.63844108582, 19.0135936737, 2.52312397957, 38.9915771484, 14.231297493, 94.8011322021, 0.958498835564, 19.5708255768], [104.641769409, -77.0979919434, 5.57426166534, -23.4335327148, -6.44703865051, -0.147228240967, 3.56747436523, 12.6532564163, -13.2522172928, 16.9204845428, 0.958498835564, 76.4046401978, 2.23733353615], [-82.3487091064, 82.4333877563, -14.522233963, 8.63306427002, 4.55638742447, -4.11702013016, 14.2951259613, -17.5836448669, -1.31343472004, -15.7605905533, 19.5708255768, 2.23733353615, 81.0793762207]],
        "icov": [[0.00055370706832, -0.000962229678407, 0.000947807100601, -0.000667661894113, 0.00148730329238, -0.000549534335732, 0.00076486042235, -0.00115146441385, 0.000828736869153, -0.00115035846829, 0.00067172042327, -0.00136157451198, 0.000950717774685], [-0.000962229678407, 0.00717654870823, -0.00357210845686, 0.00264554703608, -0.00470584491268, 0.00224713026546, -0.00503393122926, 0.00564017379656, -0.00401115743443, 0.00579432724044, -0.00380548392422, 0.00675241369754, -0.00491232797503], [0.000947807100601, -0.00357210845686, 0.00727592688054, -0.000974245776888, 0.00218820339069, -0.00167824979872, 0.00210191356018, -0.00363438110799, 0.00295879715122, -0.00394040904939, 0.00225112051703, -0.00379133992828, 0.00347760296427], [-0.000667661894113, 0.00264554703608, -0.000974245776888, 0.00810019299388, -0.00640835287049, -0.000627070432529, -0.000409902859246, 0.00139973277692, -0.002799407579, 0.00405598338693, -0.002582823392, 0.00410506920889, -0.00244747195393], [0.00148730329238, -0.00470584491268, 0.00218820339069, -0.00640835287049, 0.0171465929598, -0.00452817417681, 0.00315512879752, -0.00512464344501, 0.001297839568, -0.0045786742121, 0.00399542460218, -0.0056650810875, 0.00283103436232], [-0.000549534335732, 0.00224713026546, -0.00167824979872, -0.000627070432529, -0.00452817417681, 0.0119913192466, -0.00643165037036, 6.72012683935e-05, 0.00231730914675, 0.00154578359798, -0.00132511800621, 0.00297100376338, -0.000488832884002], [0.00076486042235, -0.00503393122926, 0.00210191356018, -0.000409902859246, 0.00315512879752, -0.00643165037036, 0.0151839107275, -0.00540369795635, 7.14686393621e-05, -0.00257550831884, 0.00134872714989, -0.00543828774244, 0.00128711538855], [-0.00115146441385, 0.00564017379656, -0.00363438110799, 0.00139973277692, -0.00512464344501, 6.72012683935e-05, -0.00540369795635, 0.016323376447, -0.00522263720632, 0.00324937445112, -0.00252674985677, 0.00354027748108, -0.00186044524889], [0.000828736869153, -0.00401115743443, 0.00295879715122, -0.002799407579, 0.001297839568, 0.00231730914675, 7.14686393621e-05, -0.00522263720632, 0.0142488414422, -0.00915741268545, -0.000835235929117, -0.000868901668582, 0.00332372821867], [-0.00115035846829, 0.00579432724044, -0.00394040904939, 0.00405598338693, -0.0045786742121, 0.00154578359798, -0.00257550831884, 0.00324937445112, -0.00915741268545, 0.0219863969833, -0.00459027057514, 0.00179727270734, -0.0015186490491], [0.00067172042327, -0.00380548392422, 0.00225112051703, -0.002582823392, 0.00399542460218, -0.00132511800621, 0.00134872714989, -0.00252674985677, -0.000835235929117, -0.00459027057514, 0.015142259188, -0.00433612847701, -0.000289275310934], [-0.00136157451198, 0.00675241369754, -0.00379133992828, 0.00410506920889, -0.0056650810875, 0.00297100376338, -0.00543828774244, 0.00354027748108, -0.000868901668582, 0.00179727270734, -0.00433612847701, 0.0221906881779, -0.00639881379902], [0.000950717774685, -0.00491232797503, 0.00347760296427, -0.00244747195393, 0.00283103436232, -0.000488832884002, 0.00128711538855, -0.00186044524889, 0.00332372821867, -0.0015186490491, -0.000289275310934, -0.00639881379902, 0.0183677487075]]
    },
    "melbands": {
        "dmean": [8.40797729325e-05, 8.69048817549e-05, 8.8266126113e-05, 0.000104832019133, 0.000161854084581, 0.000187993297004, 0.00147154403385, 0.000764688127674, 0.000130417640321, 9.57773736445e-05, 8.14218146843e-05, 0.00013782417227, 5.48868774786e-05, 9.87054881989e-05, 3.00414067169e-05, 1.54886420205e-05, 8.27549683891e-06, 1.42304497786e-05, 1.06206398414e-05, 6.80092443872e-06, 1.27583807625e-05, 8.21930552775e-06, 7.86342297943e-06, 2.96709390568e-06, 2.5952579108e-06, 2.33113087234e-06, 2.00969589059e-06, 2.1759772153e-06, 1.58431123509e-06, 8.88051147285e-07, 5.39491850304e-07, 5.36553784514e-07, 3.99081073965e-07, 2.22916540338e-07, 1.15360663244e-07, 9.19897047424e-08, 1.00383850565e-07, 1.04735960349e-07, 4.65091467561e-08, 3.02249780759e-08],
        "dmean2": [0.000144209363498, 0.000134184127091, 0.000134751549922, 0.000168058919371, 0.000214013009099, 0.000281498738332, 0.00218462781049, 0.00121237372514, 0.000201277420274, 0.000140023956192, 0.000123580597574, 0.000212010447285, 8.56818733155e-05, 0.00014343757357, 4.7338049626e-05, 2.48574488069e-05, 1.28886076709e-05, 2.16969438043e-05, 1.60738763952e-05, 1.00344659586e-05, 1.94335898414e-05, 1.21197117551e-05, 1.22135816127e-05, 4.64348204332e-06, 3.89156866731e-06, 3.60561352863e-06, 3.12729025609e-06, 3.4656650314e-06, 2.36298501477e-06, 1.34642971261e-06, 8.49923083024e-07, 8.23632888114e-07, 6.01306965109e-07, 3.40741252103e-07, 1.79062041639e-07, 1.41425914535e-07, 1.56243217475e-07, 1.54353656967e-07, 6.87772399033e-08, 4.86602544925e-08],
        "dvar": [1.60270641203e-08, 2.06381631784e-08, 1.7138322761e-08, 5.02983077411e-08, 9.15942592883e-08, 1.27553732909e-07, 9.60456509347e-06, 3.53233986061e-06, 6.59881820297e-08, 5.43044080814e-08, 2.49716585188e-08, 6.27350971172e-08, 1.42237546186e-08, 7.57322027312e-08, 2.40040765043e-09, 4.66115257503e-10, 1.68846492343e-10, 3.83403447879e-10, 1.94663896114e-10, 1.14165572829e-10, 1.00923269741e-09, 3.67450958549e-10, 2.19302173643e-10, 1.56893525949e-11, 2.01621688095e-11, 2.67066160853e-11, 1.40321122777e-11, 3.56525572953e-11, 7.27091607408e-12, 2.64965393376e-12, 8.38014336743e-13, 8.3396045061e-13, 6.39900946901e-13, 2.11637646427e-13, 5.08874490939e-14, 2.45685260602e-14, 2.79109807505e-14, 1.57888377936e-13, 1.28779136945e-14, 4.27219786376e-15],
        "dvar2": [4.40405720781e-08, 4.41436007748e-08, 3.62830547829e-08, 1.28067256355e-07, 1.42188952168e-07, 2.91470172442e-07, 2.31525791605e-05, 9.13073927222e-06, 1.64841623018e-07, 1.22832872762e-07, 5.79605234918e-08, 1.43339022429e-07, 3.47360646913e-08, 1.72945092913e-07, 5.87042503497e-09, 1.18904130986e-09, 3.94987265118e-10, 8.34877000866e-10, 3.97887195414e-10, 2.06452355211e-10, 1.88302284876e-09, 6.57215448729e-10, 4.9466314378e-10, 3.56806216517e-11, 4.02911211339e-11, 6.71754041282e-11, 3.10918929491e-11, 7.22565549061e-11, 1.52200283626e-11, 5.46836491019e-12, 1.87427525757e-12, 1.96219126017e-12, 1.40197760085e-12, 4.64412254313e-13, 1.13071756277e-13, 5.25709982274e-14, 6.30252618215e-14, 2.35032886165e-13, 2.05082160293e-14, 1.0451997781e-14],
        "max": [0.00115124718286, 0.00241516856477, 0.00134181790054, 0.00434249034151, 0.00696848519146, 0.00780844781548, 0.0306493248791, 0.0274854730815, 0.00605304725468, 0.00351197482087, 0.00213051191531, 0.00370397581719, 0.0020177452825, 0.00374522362836, 0.000728303799406, 0.000282723514829, 0.000172332322109, 0.000293277233141, 0.000182457486517, 0.000195942790015, 0.000842192734126, 0.000495980784763, 0.000269116630079, 4.78830370412e-05, 9.84455255093e-05, 0.000105000734038, 7.20833049854e-05, 0.000155217567226, 4.48721220891e-05, 3.69830995623e-05, 1.27434204842e-05, 1.56670157594e-05, 1.38593586598e-05, 8.63022796693e-06, 4.94897039971e-06, 2.69469114755e-06, 2.47687330557e-06, 1.77863294084e-05, 4.43683302365e-06, 1.10969199341e-06],
        "mean": [0.000111797678983, 0.000150740379468, 0.00014752378047, 0.000232198013691, 0.00041257639532, 0.000390296947444, 0.00202891021036, 0.000915187993087, 0.000209316116525, 0.000166729645571, 0.000126205181004, 0.000182055286132, 7.61956398492e-05, 0.000129939231556, 4.64838158223e-05, 2.37477179326e-05, 1.29216759888e-05, 2.22421640501e-05, 1.79150720214e-05, 1.17260788102e-05, 1.98744364752e-05, 1.33376061058e-05, 1.27479679577e-05, 5.13161739946e-06, 4.49712251793e-06, 3.81671361538e-06, 3.09868914883e-06, 3.29068348037e-06, 2.67288191935e-06, 1.43371448758e-06, 9.12617849735e-07, 8.27474764264e-07, 6.53592337585e-07, 3.70235198943e-07, 1.88399098988e-07, 1.39715098157e-07, 1.51542735694e-07, 1.53595635766e-07, 7.0682041553e-08, 3.85668172953e-08],
        "median": [4.21508084401e-05, 7.76261294959e-05, 9.14883348742e-05, 0.000129596257466, 0.000135900118039, 0.000185947545106, 0.000854963087477, 0.000364256964531, 9.72117341007e-05, 5.33708225703e-05, 5.8921163145e-05, 8.93625037861e-05, 3.09183305944e-05, 3.71872156393e-05, 2.52574573096e-05, 1.55949528562e-05, 7.99715235189e-06, 1.26459644889e-05, 1.17678464449e-05, 6.60576370137e-06, 7.62758099881e-06, 6.07454785495e-06, 6.25190659775e-06, 3.19587297781e-06, 2.67463155978e-06, 2.27103737416e-06, 1.85076896742e-06, 1.60354409218e-06, 1.3673329704e-06, 8.15715452518e-07, 5.20823903116e-07, 4.72640579119e-07, 3.2644581438e-07, 1.88729103456e-07, 1.05399166728e-07, 7.62827454537e-08, 8.09976867799e-08, 6.59907328782e-08, 3.13889003678e-08, 1.86338251495e-08],
        "min": [1.26111295945e-23, 6.98457918799e-24, 3.18388028158e-24, 1.31409218731e-24, 3.66465372963e-24, 1.54198355181e-24, 1.59895731492e-23, 1.55110296137e-23, 2.51525822606e-23, 1.46930881401e-23, 1.07912180198e-23, 7.35967623754e-24, 1.05044773359e-23, 7.79091572885e-24, 1.37290527823e-23, 1.32242669999e-23, 9.04981940444e-24, 1.48878026773e-23, 1.33609655507e-23, 1.54039086137e-23, 1.55947167117e-23, 1.02137426493e-23, 6.51932953648e-24, 5.78406541888e-24, 9.78204877414e-24, 9.23196817632e-24, 9.77278360281e-24, 1.05994246345e-23, 1.21515258205e-23, 2.13448232463e-23, 1.20805630489e-23, 1.27723593529e-23, 8.55717103597e-24, 8.4726177687e-24, 1.26261053299e-23, 1.09264950433e-23, 7.71128889793e-24, 7.67859534658e-24, 1.04725947336e-23, 1.13836344158e-23],
        "stdev": [0.000156997921295, 0.000226495903917, 0.000173120162799, 0.00034480940667, 0.000686590676196, 0.000641315360554, 0.00336443888955, 0.00188012549188, 0.000316565972753, 0.000299180130241, 0.000195061773411, 0.000287620350718, 0.000128386527649, 0.000309910945361, 6.22625957476e-05, 2.4931418011e-05, 1.55163470481e-05, 2.7053309168e-05, 1.97162989934e-05, 1.61856132763e-05, 4.40919357061e-05, 2.74693829851e-05, 1.98829293367e-05, 5.61040587854e-06, 6.10746928942e-06, 5.58763576919e-06, 4.78257288705e-06, 8.11038353277e-06, 3.70124575966e-06, 2.05327751246e-06, 1.23125505525e-06, 1.07187145204e-06, 1.08457709302e-06, 5.87448028e-07, 2.77530062931e-07, 1.92875774019e-07, 2.10619617746e-07, 5.65689333598e-07, 1.71374736624e-07, 6.80435903178e-08],
