{
"lowlevel": {
    "average_loudness": 0.802701175213,
    "barkbands_crest": {
        "dmean": 1.94977009296,
        "dmean2": 3.11614084244,
        "dvar": 4.31548404694,
        "dvar2": 11.0142641068,
        "max": 26.4712314606,
        "mean": 13.6370449066,
        "median": 13.6104869843,
        "min": 3.91041111946,
        "stdev": 3.11393451691,
        "var": 9.69658756256
    },
    "barkbands_flatness_db": {
        "dmean": 0.0384992659092,
        "dmean2": 0.0553296841681,
        "dvar": 0.00187971431296,
        "dvar2": 0.003242661478,
        "max": 0.689695954323,
        "mean": 0.397404074669,
        "median": 0.400026798248,
        "min": 0.0670078247786,
        "stdev": 0.109310977161,
        "var": 0.0119488900527
    },
    "barkbands_kurtosis": {
        "dmean": 23.6665477753,
        "dmean2": 35.638507843,
        "dvar": 1225.54394531,
        "dvar2": 2748.26318359,
        "max": 529.802062988,
        "mean": 43.7589645386,
        "median": 27.9745807648,
        "min": -1.633030653,
        "stdev": 48.9662857056,
        "var": 2397.69726562
    },
    "barkbands_skewness": {
        "dmean": 1.24483692646,
        "dmean2": 1.81310176849,
        "dvar": 2.33668255806,
        "dvar2": 4.98553276062,
        "max": 18.7284259796,
        "mean": 3.42547750473,
        "median": 2.81248021126,
        "min": -2.51453065872,
        "stdev": 2.58272051811,
        "var": 6.6704454422
    },
    "barkbands_spread": {
        "dmean": 1.31862366199,
        "dmean2": 1.99981915951,
        "dvar": 13.4636030197,
        "dvar2": 33.5710220337,
        "max": 63.6483955383,
        "mean": 2.69505786896,
        "median": 1.06676757336,
        "min": 0.215380370617,
        "stdev": 4.88863563538,
        "var": 23.8987598419
    },
    "dissonance": {
        "dmean": 0.0349269323051,
        "dmean2": 0.0558621995151,
        "dvar": 0.000992584973574,
        "dvar2": 0.0022917969618,
        "max": 0.499999940395,
        "mean": 0.374542444944,
        "median": 0.378834068775,
        "min": 0.154435440898,
        "stdev": 0.0623575337231,
        "var": 0.00388846197166
    },
    "dynamic_complexity": 3.89876174927,
    "erbbands_crest": {
        "dmean": 2.71642041206,
        "dmean2": 3.97009015083,
        "dvar": 8.86198043823,
        "dvar2": 17.8728046417,
        "max": 30.438041687,
        "mean": 18.4116096497,
        "median": 18.1923503876,
        "min": 2.6811170578,
        "stdev": 6.85124015808,
        "var": 46.939491272
    },
    "erbbands_flatness_db": {
        "dmean": 0.0309148430824,
        "dmean2": 0.0427717193961,
        "dvar": 0.00128149241209,
        "dvar2": 0.0019681379199,
        "max": 0.522706866264,
        "mean": 0.278665959835,
        "median": 0.271223753691,
        "min": 0.0734935477376,
        "stdev": 0.0920250192285,
        "var": 0.0084686037153
    },
    "erbbands_kurtosis": {
        "dmean": 10.675617218,
        "dmean2": 16.1626663208,
        "dvar": 374.021514893,
        "dvar2": 815.988830566,
        "max": 269.435943604,
        "mean": 27.5843582153,
        "median": 13.8471431732,
        "min": -1.66039395332,
        "stdev": 36.9197998047,
        "var": 1363.0715332
    },
    "erbbands_skewness": {
        "dmean": 0.83772444725,
        "dmean2": 1.24070501328,
        "dvar": 1.06722414494,
        "dvar2": 2.1025686264,
        "max": 12.8829898834,
        "mean": 3.49320840836,
        "median": 3.15872454643,
        "min": -1.88090014458,
        "stdev": 2.37890434265,
        "var": 5.65918540955
    },
    "erbbands_spread": {
        "dmean": 6.89311742783,
        "dmean2": 10.2062091827,
        "dvar": 143.962265015,
        "dvar2": 298.470733643,
        "max": 140.318008423,
        "mean": 18.879907608,
        "median": 10.4692373276,
        "min": 0.360236167908,
        "stdev": 20.8400840759,
        "var": 434.309143066
    },
    "hfc": {
        "dmean": 1.95578145981,
        "dmean2": 2.7144548893,
        "dvar": 8.63784980774,
        "dvar2": 17.7219657898,
        "max": 29.8140945435,
        "mean": 5.93020153046,
        "median": 3.92263936996,
        "min": 1.16125821554e-16,
        "stdev": 5.94914722443,
        "var": 35.3923530579
    },
    "loudness_ebu128": {
        "integrated": -10.6592206955,
        "loudness_range": 5.57431411743,
        "momentary": {
            "dmean": 0.949775218964,
            "dmean2": 1.1260818243,
            "dvar": 0.723416864872,
            "dvar2": 1.00615692139,
            "max": -4.86555576324,
            "mean": -11.6388063431,
            "median": -11.5680446625,
            "min": -20.642868042,
            "stdev": 2.98765897751,
            "var": 8.92610645294
        },
        "short_term": {
            "dmean": 0.123478956521,
            "dmean2": 0.127694189548,
            "dvar": 0.0145679274574,
            "dvar2": 0.0129523398355,
            "max": -7.51884937286,
            "mean": -11.1368646622,
            "median": -11.0382461548,
            "min": -14.8263568878,
            "stdev": 1.8760010004,
            "var": 3.51937961578
        }
    },
    "melbands_crest": {
        "dmean": 2.5318005085,
        "dmean2": 3.80389118195,
        "dvar": 6.36155223846,
        "dvar2": 15.3128376007,
        "max": 31.6235942841,
        "mean": 21.7841663361,
        "median": 22.4753990173,
        "min": 3.31717610359,
        "stdev": 3.923204422,
        "var": 15.3915338516
    },
    "melbands_flatness_db": {
        "dmean": 0.0419029183686,
        "dmean2": 0.0582885034382,
        "dvar": 0.00237878644839,
        "dvar2": 0.00389212346636,
        "max": 0.821667850018,
        "mean": 0.514512598515,
        "median": 0.51724499464,
        "min": 0.0094462223351,
        "stdev": 0.124868921936,
        "var": 0.0155922472477
    },
    "melbands_kurtosis": {
        "dmean": 38.1193580627,
        "dmean2": 55.0364532471,
        "dvar": 3752.76269531,
        "dvar2": 7697.79443359,
        "max": 662.824462891,
        "mean": 73.2127838135,
        "median": 41.7555503845,
        "min": -1.34982073307,
        "stdev": 87.0184326172,
        "var": 7572.20800781
    },
    "melbands_skewness": {
        "dmean": 1.32826817036,
        "dmean2": 1.89578270912,
        "dvar": 3.04841017723,
        "dvar2": 6.20930624008,
        "max": 20.9872894287,
        "mean": 4.07109642029,
        "median": 3.22685360909,
        "min": -0.806672811508,
        "stdev": 3.04726576805,
        "var": 9.28582859039
    },
    "melbands_spread": {
        "dmean": 1.19080650806,
        "dmean2": 1.82228350639,
        "dvar": 24.1114025116,
        "dvar2": 58.7670898438,
        "max": 158.974624634,
        "mean": 2.33973026276,
        "median": 0.86104375124,
        "min": 0.249230980873,
        "stdev": 6.25870990753,
        "var": 39.1714515686
    },
    "pitch_salience": {
        "dmean": 0.0733355209231,
        "dmean2": 0.11052442342,
        "dvar": 0.00540230702609,
        "dvar2": 0.0127664031461,
        "max": 0.868402183056,
        "mean": 0.29004919529,
        "median": 0.271742165089,
        "min": 0.0289138834924,
        "stdev": 0.145723089576,
        "var": 0.0212352182716
    },
    "silence_rate_20dB": {
        "dmean": 0,
        "dmean2": 0,
        "dvar": 0,
        "dvar2": 0,
        "max": 1,
        "mean": 1,
        "median": 1,
        "min": 1,
        "stdev": 0,
        "var": 0
    },
    "silence_rate_30dB": {
        "dmean": 0.0484536066651,
        "dmean2": 0.0969571918249,
        "dvar": 0.0461060740054,
        "dvar2": 0.108184665442,
        "max": 1,
        "mean": 0.8948995471,
        "median": 1,
        "min": 0,
        "stdev": 0.306684225798,
        "var": 0.0940552204847
    },
    "silence_rate_60dB": {
        "dmean": 0.0762886628509,
        "dmean2": 0.152656003833,
        "dvar": 0.0704689398408,
        "dvar2": 0.157201111317,
        "max": 1,
        "mean": 0.0958268940449,
        "median": 0,
        "min": 0,
        "stdev": 0.294356584549,
        "var": 0.086645796895
    },
    "spectral_centroid": {
        "dmean": 71.4848480225,
        "dmean2": 112.142601013,
        "dvar": 91961.859375,
        "dvar2": 199336.21875,
        "max": 11345.7636719,
        "mean": 275.960083008,
        "median": 185.143890381,
        "min": 104.779884338,
        "stdev": 421.065338135,
        "var": 177296.015625
    },
    "spectral_complexity": {
        "dmean": 0.661855697632,
        "dmean2": 1.13873136044,
        "dvar": 0.7475258708,
        "dvar2": 1.55940055847,
        "max": 13,
        "mean": 3.53168463707,
        "median": 3,
        "min": 0,
        "stdev": 1.6313046217,
        "var": 2.66115474701
    },
    "spectral_decrease": {
        "dmean": 4.24609769567e-09,
        "dmean2": 5.93654769787e-09,
        "dvar": 4.15469826064e-17,
        "dvar2": 8.66020712779e-17,
        "max": 6.33999887658e-29,
        "mean": -1.11156239768e-08,
        "median": -6.72079769615e-09,
        "min": -5.57194859141e-08,
        "stdev": 1.17623395468e-08,
        "var": 1.38352627834e-16
    },
    "spectral_energy": {
        "dmean": 0.0161976367235,
        "dmean2": 0.022638650611,
        "dvar": 0.000604092841968,
        "dvar2": 0.00125882250722,
        "max": 0.21300201118,
        "mean": 0.0424907542765,
        "median": 0.0257194824517,
        "min": 1.0476942815e-20,
        "stdev": 0.0449200756848,
        "var": 0.00201781326905
    },
    "spectral_energyband_high": {
        "dmean": 2.27170512517e-05,
        "dmean2": 3.58841643902e-05,
        "dvar": 8.77306316482e-09,
        "dvar2": 2.13369055757e-08,
        "max": 0.00152432208415,
        "mean": 2.25266630878e-05,
        "median": 1.67840948961e-06,
        "min": 7.81108995035e-21,
        "stdev": 9.41063117352e-05,
        "var": 8.85599771294e-09
    },
    "spectral_energyband_low": {
        "dmean": 0.0153766609728,
        "dmean2": 0.0216515772045,
        "dvar": 0.000569358759094,
        "dvar2": 0.00119359034579,
        "max": 0.208525002003,
        "mean": 0.0375277027488,
        "median": 0.0199843347073,
        "min": 8.47675092653e-23,
        "stdev": 0.0436619892716,
        "var": 0.00190636946354
    },
    "spectral_energyband_middle_high": {
        "dmean": 3.31041956088e-05,
        "dmean2": 4.76864224765e-05,
        "dvar": 1.76100414251e-08,
        "dvar2": 5.01791888041e-08,
        "max": 0.00347530469298,
        "mean": 8.63399764057e-05,
        "median": 3.29203867295e-05,
        "min": 1.33003432941e-21,
        "stdev": 0.00016984573449,
        "var": 2.88475714427e-08
    },
    "spectral_energyband_middle_low": {
        "dmean": 0.00382663751952,
        "dmean2": 0.0051984405145,
        "dvar": 4.54558721685e-05,
        "dvar2": 7.73589417804e-05,
        "max": 0.131271570921,
        "mean": 0.0152308931574,
        "median": 0.00737754581496,
        "min": 2.19998311798e-22,
        "stdev": 0.0191760901362,
        "var": 0.000367722444935
    },
    "spectral_entropy": {
        "dmean": 0.363357335329,
        "dmean2": 0.515446186066,
        "dvar": 0.187053665519,
        "dvar2": 0.318928450346,
        "max": 9.80166244507,
        "mean": 5.14501094818,
        "median": 5.09801864624,
        "min": 2.71770763397,
        "stdev": 1.03033030033,
        "var": 1.06158041954
    },
    "spectral_flux": {
        "dmean": 0.0444255806506,
        "dmean2": 0.0707931146026,
        "dvar": 0.00339540094137,
        "dvar2": 0.0086955614388,
        "max": 0.41424882412,
        "mean": 0.0651336610317,
        "median": 0.0404470637441,
        "min": 6.8383125551e-11,
        "stdev": 0.06359077245,
        "var": 0.00404378632084
    },
    "spectral_kurtosis": {
        "dmean": 16.4296207428,
        "dmean2": 25.4334850311,
        "dvar": 382.252105713,
        "dvar2": 815.489562988,
        "max": 213.511779785,
        "mean": 42.5320625305,
        "median": 26.097574234,
        "min": -1.22383713722,
        "stdev": 39.66456604,
        "var": 1573.27783203
    },
    "spectral_rms": {
        "dmean": 0.00129319878761,
        "dmean2": 0.00168282340746,
        "dvar": 2.84316865873e-06,
        "dvar2": 5.30507804797e-06,
        "max": 0.0144155072048,
        "mean": 0.00551912654191,
        "median": 0.00500920927152,
        "min": 3.1970936315e-12,
        "stdev": 0.00331567507237,
        "var": 1.09937009256e-05
    },
    "spectral_rolloff": {
        "dmean": 63.6115150452,
        "dmean2": 109.85320282,
        "dvar": 201489.421875,
        "dvar2": 413083.53125,
        "max": 18432.421875,
        "mean": 236.417114258,
        "median": 150.732421875,
        "min": 107.666015625,
        "stdev": 629.912597656,
        "var": 396789.84375
    },
    "spectral_skewness": {
        "dmean": 1.04189574718,
        "dmean2": 1.58188033104,
        "dvar": 1.20878756046,
        "dvar2": 2.19414710999,
        "max": 12.5399141312,
        "mean": 4.87033510208,
        "median": 4.10818052292,
        "min": -0.145189300179,
        "stdev": 2.57223105431,
        "var": 6.61637306213
    },
    "spectral_spread": {
        "dmean": 882591.625,
        "dmean2": 1378427.5,
        "dvar": 1.25864247296e+12,
        "dvar2": 2.1104221225e+12,
        "max": 41665548,
        "mean": 2969178.5,
        "median": 2517198.5,
        "min": 456583.28125,
        "stdev": 2133767.5,
        "var": 4.55296365363e+12
    },
    "spectral_strongpeak": {
        "dmean": 0.207011938095,
        "dmean2": 0.307909429073,
        "dvar": 0.064361192286,
        "dvar2": 0.129041403532,
        "max": 2.72117114067,
        "mean": 0.733799040318,
        "median": 0.562875807285,
        "min": 0,
        "stdev": 0.569830238819,
        "var": 0.324706524611
    },
    "zerocrossingrate": {
        "dmean": 0.00288463477045,
        "dmean2": 0.00385210849345,
        "dvar": 0.000140242525958,
        "dvar2": 0.000275037717074,
        "max": 0.49853515625,
        "mean": 0.0115097025409,
        "median": 0.0078125,
        "min": 0.00341796875,
        "stdev": 0.0181265212595,
        "var": 0.000328570778947
    },
    "barkbands": {
        "dmean": [7.5045711128e-05, 0.00763433799148, 0.00768537772819, 0.00320347980596, 0.000910527480301, 0.000163060962223, 3.53758405254e-05, 1.49580409925e-05, 1.43326124089e-05, 3.69431108993e-06, 8.07165270089e-06, 1.98506177185e-06, 1.48048457049e-06, 4.34684670836e-06, 5.22860500496e-06, 3.04866148326e-06, 5.32554440724e-06, 7.98843575467e-06, 2.45573050961e-06, 2.48847959483e-06, 1.6617050278e-06, 4.90550428367e-06, 6.43879957352e-06, 4.78366018797e-06, 3.30644775204e-06, 1.90620471585e-06, 9.72039373437e-08],
        "dmean2": [0.00012464003521, 0.0109816128388, 0.011334463954, 0.00447527132928, 0.00120888848323, 0.000240968423896, 5.0500020734e-05, 2.07001721719e-05, 2.05323758564e-05, 5.15773763254e-06, 1.08260219349e-05, 2.83040048998e-06, 2.19368075705e-06, 6.65809420752e-06, 7.65140703152e-06, 4.23754181611e-06, 7.0466858233e-06, 1.49950747073e-05, 3.81588006348e-06, 4.18603076469e-06, 2.66413212557e-06, 8.46961211209e-06, 1.06375009636e-05, 7.73363717599e-06, 5.20656931258e-06, 2.9438558613e-06, 1.62153085626e-07],
        "dvar": [2.71780749017e-08, 0.000185936572962, 0.000153581495397, 3.43350984622e-05, 6.63594209982e-06, 1.55806290536e-07, 1.02894031073e-08, 3.36546790436e-09, 1.50195411663e-09, 1.96786614781e-10, 8.51246850786e-10, 3.56246282474e-11, 2.14170174651e-11, 1.26956042901e-10, 2.05877939696e-10, 6.38022273902e-11, 5.15582354588e-10, 1.17486145257e-08, 7.2078142066e-11, 1.21044271828e-10, 5.22655980995e-11, 8.37060309955e-10, 1.49425560814e-09, 3.47628870134e-10, 2.0892518271e-10, 1.29977043017e-10, 3.7270842879e-13],
        "dvar2": [6.73938629348e-08, 0.00041076677735, 0.000344760541338, 6.1715276388e-05, 8.26404539112e-06, 2.86821091322e-07, 1.78870305234e-08, 5.27875965162e-09, 2.78271961029e-09, 3.51830564682e-10, 1.2285595874e-09, 7.70558547525e-11, 5.02242449019e-11, 3.27377652765e-10, 4.62858140704e-10, 1.30229410589e-10, 1.09991460384e-09, 3.55843248201e-08, 1.68256686361e-10, 3.42950612353e-10, 1.43308240275e-10, 2.46230102974e-09, 3.77991682399e-09, 8.28037471923e-10, 4.46657988373e-10, 2.75490547041e-10, 9.07858586485e-13],
        "max": [0.00178734003566, 0.111380040646, 0.131068110466, 0.095239199698, 0.0787174701691, 0.0115297660232, 0.00224490254186, 0.00168865465093, 0.00108814495616, 0.000488258170662, 0.00110573938582, 0.000155371541041, 0.000135333655635, 0.000193700194359, 0.000222697563004, 0.000180109142093, 0.000655515817925, 0.00291393091902, 0.000134968053317, 0.00020299537573, 0.000158981580171, 0.000624824664555, 0.000727306876797, 0.000304015527945, 0.0002913766657, 0.000264783069724, 1.22049395941e-05],
        "mean": [6.55728508718e-05, 0.00814595445991, 0.0189398638904, 0.0119675137103, 0.00274117686786, 0.000351436872734, 9.22365943552e-05, 4.05299506383e-05, 3.73235234292e-05, 8.98118105397e-06, 2.2630127205e-05, 4.73934915135e-06, 3.51461426362e-06, 9.13733128982e-06, 1.0573920008e-05, 7.05613092578e-06, 9.58962391451e-06, 5.73462921238e-06, 3.1816664432e-06, 2.6888303637e-06, 1.861482815e-06, 4.17094270233e-06, 5.54164716959e-06, 4.16133889303e-06, 3.69783310816e-06, 1.89585557564e-06, 8.37417388766e-08],
        "median": [1.44699988596e-05, 0.00168893556111, 0.00918608251959, 0.00405649421737, 0.000575341284275, 0.000125136328279, 2.66931347142e-05, 6.54887844576e-06, 7.79987658461e-06, 8.75404452927e-07, 3.87108912037e-06, 1.1325109881e-06, 1.33611138153e-06, 1.50472476435e-06, 1.89451247934e-06, 1.53564826633e-06, 1.01614591586e-06, 6.33134959571e-07, 5.74223918193e-07, 4.98164467899e-07, 2.90595608021e-07, 3.25049711591e-07, 1.59359217378e-07, 1.13031191518e-07, 6.760535598e-08, 3.06324281496e-08, 2.24655938297e-09],
        "min": [1.25636070358e-23, 2.45463410773e-23, 4.27913432852e-23, 1.14141554442e-23, 1.22505538965e-23, 1.00315205134e-23, 2.9033252533e-23, 1.75632733468e-23, 2.21577554532e-23, 2.94351708533e-23, 4.85022008343e-23, 6.09339639693e-23, 6.1353019504e-23, 9.43642041257e-23, 9.72918499607e-23, 1.30552920474e-22, 1.88562204725e-22, 2.15911431707e-22, 1.90729615839e-22, 2.22358028268e-22, 3.98632392797e-22, 4.66077450595e-22, 6.16530971436e-22, 7.34954316144e-22, 1.1974244131e-21, 1.41754099093e-21, 2.42440457919e-21],
        "stdev": [0.000153662462253, 0.0154514741153, 0.0236227791756, 0.0174966435879, 0.0072060120292, 0.000749644008465, 0.000207243749173, 0.000133389708935, 8.45500035211e-05, 3.26515109919e-05, 6.41928054392e-05, 1.05097633423e-05, 7.00750251781e-06, 2.00635113288e-05, 2.35515381064e-05, 1.62040450959e-05, 3.8264435716e-05, 7.78881149017e-05, 9.43671238929e-06, 9.07093362912e-06, 6.2698795773e-06, 2.22158432734e-05, 3.4933189454e-05, 1.85571061593e-05, 1.83619467862e-05, 1.25363985717e-05, 5.73065051412e-07],
        "var": [2.36121522335e-08, 0.000238748063566, 0.000558035681024, 0.000306132540572, 5.19266104675e-05, 5.61966146506e-07, 4.29499742438e-08, 1.77928161094e-08, 7.14870296292e-09, 1.06612119133e-09, 4.12071665679e-09, 1.10455131153e-10, 4.91050915208e-11, 4.02544497735e-10, 5.54674972619e-10, 2.62571103748e-10, 1.46416700986e-09, 6.06655881086e-09, 8.90515439167e-11, 8.2281834124e-11, 3.9311390948e-11, 4.93543705904e-10, 1.22032783878e-09, 3.44366174465e-10, 3.37161104591e-10, 1.57161283987e-10, 3.28403564108e-13]
    },
    "erbbands": {
        "dmean": [0.0673378184438, 2.21522474289, 8.8237323761, 11.0465574265, 5.07907581329, 2.04512429237, 2.1070189476, 0.834616363049, 0.501467347145, 0.473874956369, 0.171195268631, 0.38378188014, 0.174150615931, 0.185802996159, 0.247839823365, 0.0703017637134, 0.0737084522843, 0.137659177184, 0.21117156744, 0.291380167007, 0.189965993166, 0.255458176136, 0.473672062159, 0.191979333758, 0.142540231347, 0.11747688055, 0.0587074458599, 0.0911870524287, 0.192867293954, 0.129771783948, 0.184484899044, 0.12851151824, 0.0746967196465, 0.0366117022932, 0.0267374906689, 0.00836700946093, 0.00412458181381, 0.000589838891756, 1.95001412067e-05, 1.78974296432e-05],
        "dmean2": [0.102709382772, 3.17448830605, 12.6666555405, 15.2544956207, 6.97312831879, 2.91455316544, 3.03586959839, 1.27040278912, 0.708946704865, 0.654980361462, 0.239500254393, 0.55191385746, 0.242949306965, 0.258860498667, 0.313948571682, 0.0966231450438, 0.104165256023, 0.203446537256, 0.331795543432, 0.405553489923, 0.259067863226, 0.371601074934, 0.849584817886, 0.329962402582, 0.222557887435, 0.196414485574, 0.0935650095344, 0.149355202913, 0.336200654507, 0.217338874936, 0.307066202164, 0.211245000362, 0.118738412857, 0.0540779158473, 0.0448835045099, 0.0137799847871, 0.00606147153303, 0.000938597251661, 2.91167871183e-05, 2.4963508622e-05],
        "dvar": [0.0146293789148, 15.5328607559, 207.2162323, 410.846008301, 205.614120483, 20.5449352264, 12.0291938782, 3.70351243019, 2.81423139572, 1.56794977188, 0.276250064373, 1.18954944611, 0.195214137435, 0.447336703539, 0.704992234707, 0.0336899831891, 0.0347794517875, 0.0997328981757, 0.30384260416, 0.658520936966, 0.37189668417, 1.33923399448, 33.9496078491, 3.07094478607, 0.286949872971, 0.258348077536, 0.0490041449666, 0.154914274812, 1.71394360065, 0.367543339729, 1.18229794502, 0.326483428478, 0.10265237093, 0.0237785540521, 0.019399875775, 0.00215685996227, 0.000602579384577, 1.26917648231e-05, 6.28208907116e-09, 7.40488836914e-10],
        "dvar2": [0.0352352932096, 34.0839271545, 458.026763916, 671.094909668, 301.965179443, 30.9276943207, 22.5481281281, 7.86565351486, 4.79751491547, 2.50067806244, 0.460505098104, 2.22897291183, 0.352841377258, 0.756453931332, 0.912567555904, 0.0689192190766, 0.0760143771768, 0.21499723196, 0.828951537609, 1.39918923378, 0.745085120201, 3.66973161697, 103.21244812, 9.21180820465, 0.670676589012, 0.718851149082, 0.130193859339, 0.42478197813, 5.08612298965, 1.01388072968, 2.86191892624, 0.818012058735, 0.240654587746, 0.0462290421128, 0.047169059515, 0.00502396654338, 0.00124224275351, 3.06034562527e-05, 1.49511070191e-08, 1.5418364363e-09],
        "max": [0.960995674133, 32.8537330627, 134.083572388, 358.212036133, 466.789855957, 120.361312866, 86.4736175537, 50.6577720642, 39.3332214355, 29.0546474457, 14.0328731537, 32.8593711853, 9.9621515274, 21.9768047333, 34.6819992065, 3.8317387104, 5.59793424606, 6.26416635513, 9.9930305481, 17.6411628723, 14.7303266525, 29.791601181, 152.731887817, 47.866809845, 9.56243991852, 10.2287387848, 4.36932849884, 5.92838859558, 33.9143257141, 10.2522916794, 20.1329498291, 10.3901891708, 6.05182790756, 3.54508686066, 2.4202401638, 1.02040088177, 0.564723134041, 0.0785964950919, 0.0017068523448, 0.000231507074204],
        "mean": [0.0684942677617, 2.48909878731, 16.376865387, 44.0187911987, 15.9282579422, 6.54259967804, 5.45023107529, 1.87347078323, 1.30552005768, 1.33857905865, 0.504061460495, 0.951395213604, 0.504366338253, 0.503330409527, 0.698555469513, 0.186089500785, 0.192774131894, 0.307595670223, 0.416122317314, 0.688869714737, 0.415087938309, 0.412501037121, 0.413739234209, 0.189233317971, 0.175274193287, 0.126451104879, 0.0729984864593, 0.0969187617302, 0.159831285477, 0.109706133604, 0.159414455295, 0.11112126708, 0.0716331601143, 0.0432963706553, 0.0225091986358, 0.00787443760782, 0.0040353811346, 0.000519848254044, 3.07585287374e-05, 4.65976227133e-05],
        "median": [0.0179854873568, 0.664265871048, 8.43715000153, 15.5595645905, 5.81039428711, 1.9703347683, 2.93264889717, 0.847312271595, 0.413573175669, 0.320167332888, 0.132341831923, 0.217333942652, 0.0973645597696, 0.135240375996, 0.125529587269, 0.0693721994758, 0.0828338637948, 0.0750721842051, 0.111135549843, 0.132693901658, 0.0783935710788, 0.0610644221306, 0.047118332237, 0.0358292348683, 0.0304896105081, 0.0239461753517, 0.0148608665913, 0.0126168960705, 0.0119092054665, 0.00745989521965, 0.00399958528578, 0.00326326466165, 0.00131839420646, 0.000742484640796, 0.000508171971887, 0.000202161783818, 6.13508236711e-05, 7.686857316e-06, 1.43204297274e-05, 2.85198948404e-05],
        "min": [7.75907783914e-22, 6.20989567834e-21, 4.81182368367e-20, 3.164243724e-20, 8.2714125685e-20, 2.53135668979e-20, 9.16658355e-20, 8.47125423462e-20, 4.85542456763e-19, 3.9513037504e-19, 3.96164324956e-19, 4.72530130246e-19, 7.46289948367e-19, 2.94486637827e-18, 2.12293112477e-18, 2.802604341e-18, 3.28684062788e-18, 4.61255265586e-18, 3.98186631628e-18, 6.50755478323e-18, 9.04247044991e-18, 9.36651266461e-18, 1.06101464555e-17, 1.44392465748e-17, 8.20398724147e-18, 1.05714484649e-17, 1.48876843459e-17, 1.65843475875e-17, 1.49067061912e-17, 1.85925055411e-17, 1.90275115535e-17, 1.57387440084e-17, 1.26045252345e-17, 1.17678386624e-17, 9.56510301326e-18, 4.67438068433e-18, 2.64654782625e-18, 1.24420196061e-18, 3.41408509772e-19, 3.11082239672e-20],
        "stdev": [0.125167772174, 4.48444461823, 19.95170784, 65.3114471436, 36.5157089233, 13.5319690704, 7.37952661514, 3.39300394058, 3.40748739243, 3.01871538162, 1.19794416428, 2.32290649414, 1.02700054646, 1.43686497211, 1.83159244061, 0.353329986334, 0.327565431595, 0.606815814972, 0.818546831608, 1.65426838398, 1.12339711189, 1.4494997263, 4.25250864029, 1.29693889618, 0.558465003967, 0.428153008223, 0.206441238523, 0.346306443214, 0.98002153635, 0.507322132587, 1.01645195484, 0.541001915932, 0.341343790293, 0.216724559665, 0.130814030766, 0.0478902086616, 0.0271621886641, 0.00341802253388, 7.86527525634e-05, 4.90841375722e-05],
        "var": [0.0156669728458, 20.1102428436, 398.070648193, 4265.58496094, 1333.39697266, 183.114181519, 54.4574165344, 11.5124750137, 11.6109695435, 9.11264324188, 1.43507027626, 5.39589500427, 1.05473017693, 2.06458091736, 3.35473108292, 0.124842084944, 0.107299104333, 0.368225455284, 0.670018911362, 2.7366039753, 1.26202094555, 2.10104942322, 18.0838298798, 1.68205046654, 0.311883151531, 0.183315008879, 0.0426179878414, 0.11992815882, 0.960442185402, 0.257375746965, 1.03317463398, 0.29268309474, 0.116515576839, 0.0469695366919, 0.0171123091131, 0.00229347217828, 0.000737784488592, 1.16828787213e-05, 6.18625595195e-09, 2.40925257522e-09]
    },
    "gfcc": {
        "mean": [-189.692382812, 158.727676392, -41.8163375854, 48.2751121521, -24.2807693481, 6.12635564804, -31.9417686462, -9.35308742523, -17.4144573212, -14.8765306473, -17.4051551819, -12.202791214, -6.4795217514],
        "cov": [[5887.1875, -1242.65905762, -378.928955078, 513.403686523, -318.305389404, 560.664306641, -135.265213013, 423.29296875, 58.2006340027, 218.060470581, 0.822233200073, 306.05645752, -98.0504074097], [-1242.65905762, 1421.31958008, 264.033050537, -372.950805664, 257.745910645, -405.854644775, 171.836868286, -351.570678711, 53.4123764038, -275.412750244, -24.4043636322, -281.974060059, 112.178482056], [-378.928955078, 264.033050537, 1117.65710449, 97.2706451416, 175.336425781, -116.502044678, 63.6571578979, -157.395767212, -90.0365219116, -172.044143677, -71.0693511963, -208.101074219, -59.6547470093], [513.403686523, -372.950805664, 97.2706451416, 416.153259277, -21.7153911591, 108.231338501, 61.9031181335, 34.2836380005, -4.95962810516, 41.8520698547, 18.1986465454, 24.4957313538, -21.5702075958], [-318.305389404, 257.745910645, 175.336425781, -21.7153911591, 304.14630127, -47.1068305969, 1.10892891884, -97.4481735229, 10.7946100235, -97.1486968994, -32.7517127991, -94.3808364868, 10.1558942795], [560.664306641, -405.854644775, -116.502044678, 108.231338501, -47.1068305969, 249.65447998, -17.2097320557, 126.045097351, 33.9602775574, 82.3794784546, 17.1410217285, 79.2490463257, -34.7505302429], [-135.265213013, 171.836868286, 63.6571578979, 61.9031181335, 1.10892891884, -17.2097320557, 261.715698242, -12.565703392, 20.0678577423, -42.2042655945, -11.944434166, -63.1365623474, -3.98215889931], [423.29296875, -351.570678711, -157.395767212, 34.2836380005, -97.4481735229, 126.045097351, -12.565703392, 227.378860474, 49.008895874, 93.6706085205, 10.9945602417, 93.8842163086, -31.8376903534], [58.2006340027, 53.4123764038, -90.0365219116, -4.95962810516, 10.7946100235, 33.9602775574, 20.0678577423, 49.008895874, 151.197006226, 30.5195598602, -0.178896829486, -6.39482545853, -1.23961937428], [218.060470581, -275.412750244, -172.044143677, 41.8520698547, -97.1486968994, 82.3794784546, -42.2042655945, 93.6706085205, 30.5195598602, 174.430160522, 38.5179824829, 82.5853271484, -10.6525363922], [0.822233200073, -24.4043636322, -71.0693511963, 18.1986465454, -32.7517127991, 17.1410217285, -11.944434166, 10.9945602417, -0.178896829486, 38.5179824829, 86.1174697876, 44.0418128967, 8.48486709595], [306.05645752, -281.974060059, -208.101074219, 24.4957313538, -94.3808364868, 79.2490463257, -63.1365623474, 93.8842163086, -6.39482545853, 82.5853271484, 44.0418128967, 180.258544922, 15.8266639709], [-98.0504074097, 112.178482056, -59.6547470093, -21.5702075958, 10.1558942795, -34.7505302429, -3.98215889931, -31.8376903534, -1.23961937428, -10.6525363922, 8.48486709595, 15.8266639709, 97.729637146]],
        "icov": [[0.000260334665654, -0.000235154671827, 4.2850668251e-05, -0.000411973014707, 0.000212327518966, -0.000514054147061, 0.000288283394184, -0.000313306867611, 0.000139446434332, 5.45541006431e-05, 0.000394734786823, -0.000235623374465, 0.000182769217645], [-0.000235154671827, 0.0060105486773, -0.000251844932791, 0.00416993070394, -0.0012602286879, 0.00439636269584, -0.00323663582094, 0.00401993980631, -0.00430579390377, 0.00288304686546, -0.00418560719118, 0.00296751828864, -0.00335409631953], [4.2850668251e-05, -0.000251844932791, 0.00143577810377, -0.000736551242881, -0.000224038332817, 5.22621448908e-05, 0.000285395915853, -0.000145739715663, 0.000862788059749, 0.000504924508277, 0.000436295376858, 0.000937701319344, 0.000928174005821], [-0.000411973014707, 0.00416993070394, -0.000736551242881, 0.00628876779228, -0.00104909518268, 0.00189785344992, -0.00337712885812, 0.00333857093938, -0.00270117935725, 0.0010751071386, -0.00354113266803, 0.0017007564893, -0.00241253734566], [0.000212327518966, -0.0012602286879, -0.000224038332817, -0.00104909518268, 0.00513105886057, -0.00183663098142, 0.00152225373313, 0.000244874187047, -0.000266851682682, 0.00125180429313, 0.00132583209779, 0.000529081502464, 0.000179064198164], [-0.000514054147061, 0.00439636269584, 5.22621448908e-05, 0.00189785344992, -0.00183663098142, 0.0105813546106, -0.00234943395481, 0.000687933817971, -0.00359368138015, 0.00102871027775, -0.00323270400986, 0.00102302071173, -0.00084802712081], [0.000288283394184, -0.00323663582094, 0.000285395915853, -0.00337712885812, 0.00152225373313, -0.00234943395481, 0.0065795541741, -0.00282312999479, 0.00160016329028, -9.89281761576e-05, 0.00209140428342, 0.000294189871056, 0.00156831089407], [-0.000313306867611, 0.00401993980631, -0.000145739715663, 0.00333857093938, 0.000244874187047, 0.000687933817971, -0.00282312999479, 0.0115240216255, -0.00491633126512, 0.000311860523652, -0.0012264274992, -0.000967982457951, -0.000187476733117], [0.000139446434332, -0.00430579390377, 0.000862788059749, -0.00270117935725, -0.000266851682682, -0.00359368138015, 0.00160016329028, -0.00491633126512, 0.0114367902279, -0.00347471656278, 0.00288472115062, 9.33924457058e-05, 0.00172698881943], [5.45541006431e-05, 0.00288304686546, 0.000504924508277, 0.0010751071386, 0.00125180429313, 0.00102871027775, -9.89281761576e-05, 0.000311860523652, -0.00347471656278, 0.0117416810244, -0.00418372778222, 0.000454299763078, -0.000850362761412], [0.000394734786823, -0.00418560719118, 0.000436295376858, -0.00354113266803, 0.00132583209779, -0.00323270400986, 0.00209140428342, -0.0012264274992, 0.00288472115062, -0.00418372778222, 0.017447501421, -0.00516416179016, 0.00198570196517], [-0.000235623374465, 0.00296751828864, 0.000937701319344, 0.0017007564893, 0.000529081502464, 0.00102302071173, 0.000294189871056, -0.000967982457951, 9.33924457058e-05, 0.000454299763078, -0.00516416179016, 0.0133140739053, -0.00434653414413], [0.000182769217645, -0.00335409631953, 0.000928174005821, -0.00241253734566, 0.000179064198164, -0.00084802712081, 0.00156831089407, -0.000187476733117, 0.00172698881943, -0.000850362761412, 0.00198570196517, -0.00434653414413, 0.014443137683]]
    },
    "melbands": {
        "dmean": [0.00131377589423, 0.00393010489643, 0.00160561862867, 0.00022285443265, 7.26198340999e-05, 2.15502659557e-05, 7.00651298757e-06, 4.91912896905e-06, 1.08185781755e-06, 2.56392968367e-06, 8.36972503748e-07, 7.42698773593e-07, 1.0335462548e-06, 2.35861094211e-07, 2.32697630054e-07, 1.86754661513e-07, 2.72435869419e-07, 3.59632366553e-07, 4.87662134674e-07, 2.54507995123e-07, 2.47868570113e-07, 2.54937674526e-07, 3.53714852963e-07, 4.96235713854e-07, 1.11272335346e-07, 9.9251835195e-08, 1.16263322525e-07, 7.21353003996e-08, 3.12897725507e-08, 3.81380189651e-08, 6.34248422671e-08, 1.11210731291e-07, 9.61372208508e-08, 6.55777654401e-08, 1.03974052479e-07, 1.19099723861e-07, 7.29366220753e-08, 5.50280923051e-08, 4.65385525672e-08, 2.69167035327e-08],
        "dmean2": [0.00192451279145, 0.00557791627944, 0.00223935721442, 0.000301243446302, 0.000107245672552, 3.24190950778e-05, 1.00544521047e-05, 6.73874183121e-06, 1.55774455379e-06, 3.67097163689e-06, 1.15250384169e-06, 1.03364050119e-06, 1.34675690333e-06, 3.1848125559e-07, 3.22533139752e-07, 2.6871222758e-07, 4.09500472642e-07, 5.76384195483e-07, 6.99152792549e-07, 3.556138779e-07, 3.42184762303e-07, 3.83367506629e-07, 5.28923237653e-07, 9.38965570185e-07, 1.81982230174e-07, 1.55638829824e-07, 1.8937792845e-07, 1.21944609077e-07, 4.89786202706e-08, 6.30418099945e-08, 1.03205465507e-07, 1.93431205275e-07, 1.69235320868e-07, 1.09692606998e-07, 1.74697447619e-07, 1.95870313746e-07, 1.21056828561e-07, 9.05438710674e-08, 6.26058636044e-08, 4.17600141134e-08],
        "dvar": [5.52804840481e-06, 4.07430707128e-05, 8.05103900348e-06, 4.31763226061e-07, 1.20305232443e-08, 2.67736721682e-09, 5.22974497041e-10, 2.04751493538e-10, 1.01058397761e-11, 5.39689473666e-11, 5.15660908071e-12, 6.61559479073e-12, 1.45186085376e-11, 7.15509736963e-13, 4.51102561338e-13, 3.62970395927e-13, 4.12407141857e-13, 1.11849982401e-12, 1.84292143178e-12, 4.87002853409e-13, 8.19167813009e-13, 1.64107952488e-12, 4.02767316027e-12, 5.72752643924e-11, 3.97807925923e-13, 1.26696301562e-13, 2.9992813246e-13, 8.70405296774e-14, 1.05125453901e-14, 4.7885438968e-14, 8.0678553302e-14, 5.28219070046e-13, 3.50429781764e-13, 1.06673581101e-13, 3.66433500296e-13, 7.13286851459e-13, 7.87667254012e-14, 6.60606619862e-14, 3.95450714546e-14, 1.59674502759e-14],
        "dvar2": [1.25653596115e-05, 8.81058294908e-05, 1.39304083859e-05, 5.8451064433e-07, 2.51101326398e-08, 5.37502176101e-09, 9.13843167805e-10, 3.19394288795e-10, 1.72661433762e-11, 1.0024306385e-10, 9.32902453205e-12, 1.13873129676e-11, 1.90537984696e-11, 1.47706456441e-12, 8.46719124935e-13, 8.24440830275e-13, 9.57335231054e-13, 3.12174158051e-12, 3.88743117558e-12, 1.00912615937e-12, 1.60031092111e-12, 4.5533893496e-12, 1.06013895579e-11, 1.73805220216e-10, 1.13880714754e-12, 2.94156029829e-13, 8.22645554108e-13, 2.37766485103e-13, 2.64487037279e-14, 1.36422692804e-13, 2.1703785416e-13, 1.56549718935e-12, 1.03026918594e-12, 2.9182087519e-13, 8.65638669686e-13, 1.91905042204e-12, 2.01046739478e-13, 1.65456583438e-13, 7.34304449385e-14, 3.36596629204e-14],
        "max": [0.0178519748151, 0.0568515993655, 0.0472587235272, 0.0192139856517, 0.00228191702627, 0.00143011414912, 0.000518011976965, 0.0003758657258, 8.1255871919e-05, 0.00021648791153, 5.77123719268e-05, 8.01998758106e-05, 0.000164441982633, 2.202504038e-05, 1.79526450665e-05, 1.8686589101e-05, 1.26656996144e-05, 1.60022973432e-05, 2.35358620557e-05, 1.78983736987e-05, 2.1399337129e-05, 3.84049926652e-05, 4.15432332375e-05, 0.000213395018363, 1.41827395055e-05, 5.60032958674e-06, 1.25684564409e-05, 5.8733367041e-06, 1.77421168246e-06, 5.97857479079e-06, 5.05525213157e-06, 1.86971719813e-05, 1.13512487587e-05, 6.14728696746e-06, 1.32806017064e-05, 1.91047711269e-05, 4.37540529674e-06, 3.86827150578e-06, 4.26526185038e-06, 2.79580126517e-06],
        "mean": [0.00137281813659, 0.0074311112985, 0.00622444879264, 0.000678224838339, 0.000194611391635, 4.72885985801e-05, 1.80528277269e-05, 1.37256693051e-05, 3.01878571918e-06, 6.44167903374e-06, 2.40847703026e-06, 1.94025028577e-06, 2.90845491691e-06, 5.67679251162e-07, 5.80625737712e-07, 4.34460417864e-07, 5.88695741044e-07, 6.69541464049e-07, 9.83825884759e-07, 6.09269761753e-07, 5.02337570651e-07, 4.17739670411e-07, 4.5813237648e-07, 3.39462872034e-07, 1.23104413774e-07, 1.27705803266e-07, 1.21942761666e-07, 7.58620828378e-08, 4.04487749961e-08, 4.0494338549e-08, 6.53515428439e-08, 9.44203790709e-08, 7.56372244837e-08, 5.41616600458e-08, 8.88082709594e-08, 9.89413848629e-08, 5.98539244834e-08, 4.5581590058e-08, 5.61681972044e-08, 2.94066868634e-08],
        "median": [0.000288014649414, 0.0038459864445, 0.0025690975599, 0.000155891582835, 0.000106367500848, 1.88855519809e-05, 5.13472969033e-06, 2.64734330813e-06, 8.00871760021e-07, 1.19738638205e-06, 3.65278623349e-07, 4.43427893515e-07, 4.72291247888e-07, 1.08716392333e-07, 1.17005576783e-07, 1.09871351128e-07, 1.21823546806e-07, 1.30882767735e-07, 1.39411284295e-07, 1.33447784378e-07, 6.54993641547e-08, 5.78222305592e-08, 3.61524747916e-08, 3.16873780548e-08, 2.27874359382e-08, 2.14801794129e-08, 1.51393102499e-08, 1.31356108213e-08, 8.7640383839e-09, 6.55029408492e-09, 6.85415146862e-09, 7.02826863375e-09, 4.73803307699e-09, 3.19737036847e-09, 2.05591610403e-09, 1.98459559897e-09, 1.70974190361e-09, 8.87774909142e-10, 6.07547234743e-10, 5.32477284487e-10],
        "min": [8.36849128466e-24, 1.79611432329e-23, 8.04287474653e-24, 3.64994778464e-24, 2.53463335987e-24, 1.71033642836e-24, 7.09637182231e-24, 5.53275011169e-24, 3.01030820268e-24, 3.05724128502e-24, 3.47262092505e-24, 1.1182661845e-23, 7.48069302242e-24, 4.52531162685e-24, 9.85017401305e-24, 5.37916757092e-24, 9.51761865441e-24, 5.55679380322e-24, 9.55179605312e-24, 7.52295545656e-24, 1.06419655365e-23, 1.15066028426e-23, 6.51545386285e-24, 6.98838938616e-24, 1.1855516021e-23, 7.51476944695e-24, 5.9998401757e-24, 6.84377461616e-24, 7.6896606985e-24, 1.10748095709e-23, 9.35596764429e-24, 7.43666117328e-24, 9.96239894315e-24, 9.45399465582e-24, 1.11931055746e-23, 9.79385802189e-24, 8.8516102134e-24, 8.30785075801e-24, 1.00052214685e-23, 9.38844978092e-24],
        "stdev": [0.00259540812112, 0.00891063921154, 0.00866092648357, 0.00181398238055, 0.000240542547544, 9.43983250181e-05, 4.5550208597e-05, 3.42253333656e-05, 7.19258878235e-06, 1.58736329468e-05, 5.30278157385e-06, 5.53813106308e-06, 8.3587874542e-06, 1.4840896938e-06, 1.45367221194e-06, 9.92980972114e-07, 1.20226468425e-06, 1.60236118063e-06, 2.29975648836e-06, 1.50682990352e-06, 1.60058709753e-06, 1.45706133026e-06, 2.29753686654e-06, 5.40890414413e-06, 5.27993506694e-07, 3.83869092957e-07, 4.71023497539e-07, 2.56011674082e-07, 1.0405819495e-07, 1.74554884325e-07, 2.5371468837e-07, 5.48503692244e-07, 4.47012723725e-07, 2.74743513273e-07, 5.73800548409e-07, 7.17634463854e-07, 2.62137206164e-07, 2.4043217195e-07, 2.89648824037e-07, 1.56206667157e-07],
