{
"lowlevel": {
    "average_loudness": 0.964080274105,
    "barkbands_crest": {
        "dmean": 2.13384079933,
        "dmean2": 3.57957220078,
        "dvar": 4.15386199951,
        "dvar2": 11.0677452087,
        "max": 22.4695129395,
        "mean": 6.77669429779,
        "median": 6.01554059982,
        "min": 2.17458629608,
        "stdev": 2.95032978058,
        "var": 8.70444583893
    },
    "barkbands_flatness_db": {
        "dmean": 0.015023755841,
        "dmean2": 0.0238674599677,
        "dvar": 0.00020571758796,
        "dvar2": 0.000444009405328,
        "max": 0.225199073553,
        "mean": 0.103689074516,
        "median": 0.0981050953269,
        "min": 0.01457623858,
        "stdev": 0.0384466983378,
        "var": 0.00147814874072
    },
    "barkbands_kurtosis": {
        "dmean": 0.863090455532,
        "dmean2": 1.41985285282,
        "dvar": 1.0964653492,
        "dvar2": 2.80074548721,
        "max": 11.7784919739,
        "mean": 0.156066894531,
        "median": -0.385772228241,
        "min": -1.71931254864,
        "stdev": 1.61324810982,
        "var": 2.60256958008
    },
    "barkbands_skewness": {
        "dmean": 0.341894835234,
        "dmean2": 0.539411962032,
        "dvar": 0.104331433773,
        "dvar2": 0.246010556817,
        "max": 2.6884572506,
        "mean": -0.291575163603,
        "median": -0.394415229559,
        "min": -2.41099715233,
        "stdev": 0.777142345905,
        "var": 0.603950202465
    },
    "barkbands_spread": {
        "dmean": 5.48817682266,
        "dmean2": 9.19401264191,
        "dvar": 26.6476516724,
        "dvar2": 67.5361480713,
        "max": 84.1776733398,
        "mean": 25.0968742371,
        "median": 24.6481609344,
        "min": 4.579682827,
        "stdev": 8.8406419754,
        "var": 78.1569442749
    },
    "dissonance": {
        "dmean": 0.00908790528774,
        "dmean2": 0.0153816491365,
        "dvar": 0.000108268970507,
        "dvar2": 0.000269872078206,
        "max": 0.499962627888,
        "mean": 0.48441183567,
        "median": 0.489265888929,
        "min": 0.315034627914,
        "stdev": 0.0161766186357,
        "var": 0.000261683017015
    },
    "dynamic_complexity": 2.25498795509,
    "erbbands_crest": {
        "dmean": 2.79905676842,
        "dmean2": 4.64391708374,
        "dvar": 6.52753782272,
        "dvar2": 16.3657512665,
        "max": 27.8451900482,
        "mean": 9.89098453522,
        "median": 8.97233295441,
        "min": 2.77751660347,
        "stdev": 4.1967253685,
        "var": 17.6125049591
    },
    "erbbands_flatness_db": {
        "dmean": 0.0156788621098,
        "dmean2": 0.0246382951736,
        "dvar": 0.000229617216974,
        "dvar2": 0.000513711711392,
        "max": 0.310862481594,
        "mean": 0.195824816823,
        "median": 0.194960772991,
        "min": 0.0883777886629,
        "stdev": 0.035237364471,
        "var": 0.00124167185277
    },
    "erbbands_kurtosis": {
        "dmean": 0.958145976067,
        "dmean2": 1.50415611267,
        "dvar": 1.29291701317,
        "dvar2": 3.34461665154,
        "max": 12.8175573349,
        "mean": 1.35537791252,
        "median": 0.847873926163,
        "min": -1.40104293823,
        "stdev": 1.919246912,
        "var": 3.68350887299
    },
    "erbbands_skewness": {
        "dmean": 0.27889290452,
        "dmean2": 0.450115084648,
        "dvar": 0.0625180155039,
        "dvar2": 0.152284264565,
        "max": 1.88059639931,
        "mean": -0.517581105232,
        "median": -0.519071280956,
        "min": -1.9908093214,
        "stdev": 0.473861813545,
        "var": 0.224545031786
    },
    "erbbands_spread": {
        "dmean": 3.93813347816,
        "dmean2": 6.27067089081,
        "dvar": 15.9971752167,
        "dvar2": 37.4181175232,
        "max": 58.4479751587,
        "mean": 20.3168773651,
        "median": 19.5225982666,
        "min": 3.46071648598,
        "stdev": 7.66494894028,
        "var": 58.7514419556
    },
    "hfc": {
        "dmean": 7.03763198853,
        "dmean2": 9.85193252563,
        "dvar": 89.8890151978,
        "dvar2": 148.582641602,
        "max": 121.721382141,
        "mean": 29.8390979767,
        "median": 24.8225402832,
        "min": 1.1076111853e-16,
        "stdev": 23.3313961029,
        "var": 544.354003906
    },
    "loudness_ebu128": {
        "integrated": -8.94276714325,
        "loudness_range": 2.57958698273,
        "momentary": {
            "dmean": 0.631439268589,
            "dmean2": 0.539801478386,
            "dvar": 0.436237305403,
            "dvar2": 0.336021929979,
            "max": -6.50960636139,
            "mean": -9.45397663116,
            "median": -8.59740638733,
            "min": -17.8971843719,
            "stdev": 2.38938736916,
            "var": 5.709171772
        },
        "short_term": {
            "dmean": 0.0767558515072,
            "dmean2": 0.0701902359724,
            "dvar": 0.00453664222732,
            "dvar2": 0.00382695277222,
            "max": -7.56093597412,
            "mean": -8.97756671906,
            "median": -8.75141048431,
            "min": -10.8736333847,
            "stdev": 0.890337467194,
            "var": 0.792700827122
        }
    },
    "melbands_crest": {
        "dmean": 2.97008991241,
        "dmean2": 5.07011508942,
        "dvar": 6.7635383606,
        "dvar2": 19.1344223022,
        "max": 24.1771774292,
        "mean": 8.64169692993,
        "median": 7.80607748032,
        "min": 1.76071453094,
        "stdev": 3.66270422935,
        "var": 13.4154014587
    },
    "melbands_flatness_db": {
        "dmean": 0.0175732374191,
        "dmean2": 0.0272462386638,
        "dvar": 0.00037061565672,
        "dvar2": 0.000738725531846,
        "max": 0.314145863056,
        "mean": 0.122978202999,
        "median": 0.107757762074,
        "min": 0.00445027742535,
        "stdev": 0.061312366277,
        "var": 0.00375920627266
    },
    "melbands_kurtosis": {
        "dmean": 1.00821316242,
        "dmean2": 1.65386116505,
        "dvar": 2.21872186661,
        "dvar2": 5.10440587997,
        "max": 18.236825943,
        "mean": 0.299311608076,
        "median": -0.376062870026,
        "min": -1.64653921127,
        "stdev": 2.07754731178,
        "var": 4.31620311737
    },
    "melbands_skewness": {
        "dmean": 0.428822427988,
        "dmean2": 0.689870417118,
        "dvar": 0.170193880796,
        "dvar2": 0.410352468491,
        "max": 3.9910838604,
        "mean": 0.509004950523,
        "median": 0.418483406305,
        "min": -2.04784154892,
        "stdev": 0.861371576786,
        "var": 0.741960942745
    },
    "melbands_spread": {
        "dmean": 9.73589324951,
        "dmean2": 15.6293725967,
        "dvar": 75.6334838867,
        "dvar2": 186.49772644,
        "max": 141.339874268,
        "mean": 51.7272071838,
        "median": 51.4664344788,
        "min": 9.81988334656,
        "stdev": 19.8255996704,
        "var": 393.054382324
    },
    "pitch_salience": {
        "dmean": 0.0616187565029,
        "dmean2": 0.103538565338,
        "dvar": 0.00269155576825,
        "dvar2": 0.00730407517403,
        "max": 0.910057067871,
        "mean": 0.614449262619,
        "median": 0.614624381065,
        "min": 0.213331371546,
        "stdev": 0.0771470442414,
        "var": 0.00595166627318
    },
    "silence_rate_20dB": {
        "dmean": 0,
        "dmean2": 0,
        "dvar": 0,
        "dvar2": 0,
        "max": 1,
        "mean": 1,
        "median": 1,
        "min": 1,
        "stdev": 0,
        "var": 0
    },
    "silence_rate_30dB": {
        "dmean": 0,
        "dmean2": 0,
        "dvar": 0,
        "dvar2": 0,
        "max": 1,
        "mean": 1,
        "median": 1,
        "min": 1,
        "stdev": 0,
        "var": 0
    },
    "silence_rate_60dB": {
        "dmean": 0.0288659799844,
        "dmean2": 0.0572460033,
        "dvar": 0.0280316546559,
        "dvar2": 0.0663488581777,
        "max": 1,
        "mean": 0.0365790836513,
        "median": 0,
        "min": 0,
        "stdev": 0.187727794051,
        "var": 0.0352417230606
    },
    "spectral_centroid": {
        "dmean": 191.594787598,
        "dmean2": 288.557250977,
        "dvar": 58622.5585938,
        "dvar2": 103075.695312,
        "max": 11641.0605469,
        "mean": 2217.55688477,
        "median": 2339.00585938,
        "min": 550.739624023,
        "stdev": 679.13861084,
        "var": 461229.28125
    },
    "spectral_complexity": {
        "dmean": 3.68144321442,
        "dmean2": 5.66477584839,
        "dvar": 13.9449291229,
        "dvar2": 28.0474510193,
        "max": 55,
        "mean": 26.8938694,
        "median": 26,
        "min": 0,
        "stdev": 10.2526502609,
        "var": 105.116828918
    },
    "spectral_decrease": {
        "dmean": 6.8414529597e-10,
        "dmean2": 1.03735087187e-09,
        "dvar": 6.11959487503e-19,
        "dvar2": 1.19226515111e-18,
        "max": -1.03165837941e-29,
        "mean": -3.43452111196e-09,
        "median": -3.61658281101e-09,
        "min": -1.20073995191e-08,
        "stdev": 1.65321822898e-09,
        "var": 2.73313047533e-18
    },
    "spectral_energy": {
        "dmean": 0.00305113894865,
        "dmean2": 0.00455996440724,
        "dvar": 1.21149414554e-05,
        "dvar2": 2.21520185733e-05,
        "max": 0.0465917848051,
        "mean": 0.015669176355,
        "median": 0.0161440353841,
        "min": 1.04531436009e-20,
        "stdev": 0.00789034832269,
        "var": 6.22575898888e-05
    },
    "spectral_energyband_high": {
        "dmean": 0.000452721229522,
        "dmean2": 0.000600919011049,
        "dvar": 8.79709602941e-07,
        "dvar2": 1.49233710545e-06,
        "max": 0.0151676349342,
        "mean": 0.00125554658007,
        "median": 0.000505564908963,
        "min": 7.55818594041e-21,
        "stdev": 0.00195190042723,
        "var": 3.80991536986e-06
    },
    "spectral_energyband_low": {
        "dmean": 0.00138104823418,
        "dmean2": 0.00232275738381,
        "dvar": 3.37148640028e-06,
        "dvar2": 7.82970982982e-06,
        "max": 0.0181385017931,
        "mean": 0.00197389558889,
        "median": 0.00116984406486,
        "min": 5.59243185679e-23,
        "stdev": 0.00237668026239,
        "var": 5.64860874874e-06
    },
    "spectral_energyband_middle_high": {
        "dmean": 0.00219683093019,
        "dmean2": 0.00332720647566,
        "dvar": 6.47552951705e-06,
        "dvar2": 1.33433213705e-05,
        "max": 0.0307813175023,
        "mean": 0.00972789060324,
        "median": 0.00958219449967,
        "min": 1.549932702e-21,
        "stdev": 0.00597587786615,
        "var": 3.57111166522e-05
    },
    "spectral_energyband_middle_low": {
        "dmean": 0.00108161661774,
        "dmean2": 0.00178699137177,
        "dvar": 2.35025413531e-06,
        "dvar2": 5.87534987062e-06,
        "max": 0.0166816860437,
        "mean": 0.00296132732183,
        "median": 0.00231536617503,
        "min": 3.22652087197e-22,
        "stdev": 0.00230980990455,
        "var": 5.33522188562e-06
    },
    "spectral_entropy": {
        "dmean": 0.104722216725,
        "dmean2": 0.160540908575,
        "dvar": 0.0149669423699,
        "dvar2": 0.0298566408455,
        "max": 9.79646873474,
        "mean": 7.62416887283,
        "median": 7.64978170395,
        "min": 6.65225791931,
        "stdev": 0.336744189262,
        "var": 0.113396652043
    },
    "spectral_flux": {
        "dmean": 0.0139481425285,
        "dmean2": 0.0223673526198,
        "dvar": 0.000229123572353,
        "dvar2": 0.000561012362596,
        "max": 0.172159716487,
        "mean": 0.0663197860122,
        "median": 0.0646729320288,
        "min": 6.25553081557e-11,
        "stdev": 0.0255465451628,
        "var": 0.000652625982184
    },
    "spectral_kurtosis": {
        "dmean": 2.1747136116,
        "dmean2": 3.81873989105,
        "dvar": 7.71360206604,
        "dvar2": 23.7553138733,
        "max": 34.5566444397,
        "mean": 5.62457132339,
        "median": 4.52938270569,
        "min": -1.22087645531,
        "stdev": 3.62919712067,
        "var": 13.1710720062
    },
    "spectral_rms": {
        "dmean": 0.000400264427299,
        "dmean2": 0.000597769743763,
        "dvar": 2.05811133469e-07,
        "dvar2": 3.70579414266e-07,
        "max": 0.00674206204712,
        "mean": 0.00375645468011,
        "median": 0.00396866211668,
        "min": 3.19346025318e-12,
        "stdev": 0.00108445400838,
        "var": 1.17604042771e-06
    },
    "spectral_rolloff": {
        "dmean": 354.232971191,
        "dmean2": 557.942932129,
        "dvar": 270650.3125,
        "dvar2": 463333.0625,
        "max": 18453.9550781,
        "mean": 2804.82788086,
        "median": 2863.91601562,
        "min": 150.732421875,
        "stdev": 1222.79516602,
        "var": 1495228.125
    },
    "spectral_skewness": {
        "dmean": 0.225288435817,
        "dmean2": 0.392555326223,
        "dvar": 0.0590530559421,
        "dvar2": 0.175646826625,
        "max": 4.07313489914,
        "mean": 1.44802689552,
        "median": 1.37563192844,
        "min": -0.0488631092012,
        "stdev": 0.349839419127,
        "var": 0.122387625277
    },
    "spectral_spread": {
        "dmean": 330680.15625,
        "dmean2": 478266.9375,
        "dvar": 448913276928,
        "dvar2": 487971192832,
        "max": 41710068,
        "mean": 3236407.25,
        "median": 3127089.25,
        "min": 1477852.75,
        "stdev": 1569494.25,
        "var": 2.4633123799e+12
    },
    "spectral_strongpeak": {
        "dmean": 1.43728756905,
        "dmean2": 2.41172361374,
        "dvar": 2.84291362762,
        "dvar2": 6.80158472061,
        "max": 12.8516674042,
        "mean": 2.82514381409,
        "median": 2.20289540291,
        "min": 0,
        "stdev": 2.70642900467,
        "var": 7.32475852966
    },
    "zerocrossingrate": {
        "dmean": 0.00815253518522,
        "dmean2": 0.00921539589763,
        "dvar": 0.000139138108352,
        "dvar2": 0.000241365822149,
        "max": 0.509765625,
        "mean": 0.0895220041275,
        "median": 0.08935546875,
        "min": 0.01513671875,
        "stdev": 0.0346456058323,
        "var": 0.00120031810366
    },
    "barkbands": {
        "dmean": [0.000133556022774, 0.000302970816847, 0.00100770464633, 0.000432912493125, 0.000483796466142, 0.000188686201, 0.000240648107138, 0.000241735513555, 0.000237521642703, 0.000167079051607, 0.000266188464593, 0.000303847686155, 0.000317185389576, 0.000206176031497, 0.0009930646047, 0.000911418348551, 0.000450776249636, 0.000766808632761, 0.000356671196641, 0.000201100032427, 0.000151428335812, 0.000100638717413, 9.29822926992e-05, 7.38267190172e-05, 3.68475048163e-05, 2.14998472075e-05, 1.80201368494e-06],
        "dmean2": [0.000205210104468, 0.0005566541804, 0.00170047045685, 0.000752209161874, 0.000822877045721, 0.000314698874718, 0.000372852722649, 0.000419431424234, 0.000401191646233, 0.000268938805675, 0.000422110111685, 0.000475869164802, 0.000492983032018, 0.000339345860993, 0.00157858408056, 0.00144999788608, 0.000705866434146, 0.00123458483722, 0.000573459430598, 0.000313430326059, 0.000227867203648, 0.000152115724632, 0.000135572918225, 0.000104504470073, 5.38888743904e-05, 3.23874410242e-05, 3.10580890073e-06],
        "dvar": [1.40268832638e-06, 1.89945296825e-07, 1.97961230697e-06, 5.93813012983e-07, 5.49193146071e-07, 5.87304072042e-08, 8.81322037571e-08, 1.09391109504e-07, 8.92933869068e-08, 4.11520382215e-08, 1.00105800982e-07, 1.41662056308e-07, 1.64551920534e-07, 5.91759459212e-08, 2.52048380389e-06, 2.27146165344e-06, 5.10138136178e-07, 1.0886031987e-06, 2.5828529715e-07, 1.33051898388e-07, 9.09450648123e-08, 3.58785534615e-08, 3.70712598396e-08, 2.75849139086e-08, 7.78808395552e-09, 3.54158458116e-09, 5.50510123598e-11],
        "dvar2": [2.82437531496e-06, 6.15578642282e-07, 4.66384653919e-06, 1.57846238835e-06, 1.35106211019e-06, 1.6191323482e-07, 2.1572148512e-07, 3.10878647269e-07, 2.43973005354e-07, 1.02741680053e-07, 2.36728411096e-07, 3.43455127449e-07, 4.05608716392e-07, 1.53259676949e-07, 5.91932848693e-06, 5.74268824494e-06, 1.23218933368e-06, 2.66260190074e-06, 5.9188312207e-07, 3.20461168712e-07, 1.90931629618e-07, 8.46656220688e-08, 7.23471629271e-08, 5.30958175204e-08, 1.65308087219e-08, 7.43578487672e-09, 1.47799425476e-10],
        "max": [0.0387738719583, 0.00454402249306, 0.0151290623471, 0.00836867000908, 0.00848091579974, 0.00326192495413, 0.00519735366106, 0.00357227423228, 0.00327176041901, 0.00304367067292, 0.00508204614744, 0.00549603067338, 0.00639333250001, 0.00260014296509, 0.0186662841588, 0.0234169047326, 0.0104204136878, 0.0116199795157, 0.0134127344936, 0.00660473201424, 0.00495294947177, 0.00359008600935, 0.00321119395085, 0.00236322823912, 0.00113791483454, 0.00075064226985, 0.00010744928295],
        "mean": [0.00016735351528, 0.000381733028917, 0.0012075441191, 0.000495687068906, 0.000641292135697, 0.000382434111089, 0.00049131992273, 0.000414231268223, 0.000459097733255, 0.000323014624882, 0.00059463531943, 0.000705457408912, 0.000688532541972, 0.000424509169534, 0.00169472023845, 0.00190217723139, 0.000879012630321, 0.00153483799659, 0.000817610591184, 0.000433829525718, 0.000331802177243, 0.000231250713114, 0.000211038888665, 0.000151906686369, 6.85823397362e-05, 3.39660364261e-05, 1.60042816333e-06],
        "median": [1.70179664565e-05, 0.000180399423698, 0.000639608944766, 0.000222674862016, 0.000370904424926, 0.000270870135864, 0.000311113515636, 0.000272764504189, 0.000336044846335, 0.000233104539802, 0.000450740830274, 0.00049663084792, 0.000485469936393, 0.000301472115098, 0.000898005091585, 0.000959974597208, 0.000505566946231, 0.000938534212764, 0.000501113187056, 0.000227629905567, 0.00015739655646, 9.89484033198e-05, 6.2154729676e-05, 2.80039803329e-05, 9.14106931305e-06, 3.08648691316e-06, 3.72649893166e-08],
        "min": [1.47978031144e-23, 3.348827192e-23, 5.43043011912e-24, 6.76838870147e-24, 9.46440052002e-24, 4.46434372293e-23, 2.01274799187e-23, 3.91970784308e-23, 7.57947592047e-23, 6.99145521519e-23, 9.15159681849e-23, 3.97539763646e-23, 1.14268471118e-22, 9.67261672719e-23, 8.4528541209e-23, 9.37854957656e-23, 1.77624528367e-22, 1.23605895798e-22, 2.07627634896e-22, 3.72168570673e-22, 4.7359250561e-22, 4.94630479319e-22, 6.30158398423e-22, 8.76420881117e-22, 1.09836923183e-21, 1.27787055495e-21, 2.35905327183e-21],
        "stdev": [0.00147688249126, 0.000519579800311, 0.00165790854953, 0.000793908548076, 0.000843416317366, 0.000372190523194, 0.000521845999174, 0.000438541435869, 0.000421568896854, 0.00030592145049, 0.000548004754819, 0.000700616568793, 0.000656943710055, 0.000395001552533, 0.00226725405082, 0.00253677554429, 0.00109558855183, 0.0016815882409, 0.00103413627949, 0.000615108467173, 0.000509293982759, 0.000332064490067, 0.000354600342689, 0.000295858655591, 0.000144071425893, 8.51642616908e-05, 7.05119009581e-06],
        "var": [2.18118202611e-06, 2.69963180699e-07, 2.74866079053e-06, 6.30290799108e-07, 7.11351049176e-07, 1.38525791726e-07, 2.72323262607e-07, 1.92318594827e-07, 1.77720338002e-07, 9.3587928518e-08, 3.00309210388e-07, 4.90863556024e-07, 4.31575045923e-07, 1.56026217724e-07, 5.14044040756e-06, 6.43522980681e-06, 1.20031427286e-06, 2.82773885374e-06, 1.06943775791e-06, 3.78358436137e-07, 2.59380385614e-07, 1.10266817899e-07, 1.25741394186e-07, 8.75323422633e-08, 2.07565769017e-08, 7.25295201676e-09, 4.97192807758e-11]
    },
    "erbbands": {
        "dmean": [0.00255822739564, 0.0953086540103, 0.862442851067, 1.48977899551, 1.78690981865, 1.35913956165, 1.18581783772, 1.57044541836, 3.29816865921, 3.9651350975, 4.94183444977, 4.31572151184, 5.72049427032, 7.26400279999, 11.7452774048, 9.69156837463, 10.5570878983, 11.5105266571, 17.2752017975, 65.1326293945, 38.358291626, 29.9240684509, 47.8975601196, 24.8084087372, 10.641916275, 10.2577266693, 7.16991090775, 4.91957616806, 3.81976294518, 3.44489860535, 2.43014335632, 1.84397566319, 1.03364229202, 0.517113864422, 0.23503960669, 0.117644749582, 0.0374784953892, 0.00638217804953, 0.000170845451066, 8.58236671775e-06],
        "dmean2": [0.00450483663008, 0.174675703049, 1.49572730064, 2.44697403908, 3.05701065063, 2.31517863274, 1.95293152332, 2.66180515289, 4.9483127594, 6.80710029602, 8.48511791229, 7.15784168243, 9.79929447174, 11.3447723389, 18.6110954285, 15.4912652969, 16.59233284, 18.3034629822, 27.6247692108, 103.196922302, 61.2042884827, 47.0023765564, 76.6603393555, 39.4955749512, 17.0645065308, 15.9378604889, 10.8360815048, 7.50835180283, 5.83059644699, 5.1818561554, 3.68247365952, 2.66037940979, 1.45759534836, 0.779955089092, 0.338244020939, 0.179986983538, 0.055543538183, 0.0100506059825, 0.000274165300652, 1.22230248962e-05],
        "dvar": [3.48880348611e-05, 0.0158818308264, 1.18553745747, 6.34102678299, 8.19411849976, 4.93613529205, 2.18649721146, 4.77227210999, 20.5756797791, 36.9785346985, 42.6428756714, 30.2540626526, 58.4457473755, 72.7038421631, 193.254058838, 185.648529053, 229.068450928, 169.790664673, 471.033630371, 9124.23828125, 4373.32519531, 2348.17626953, 4472.90380859, 1245.59118652, 236.183197021, 484.50982666, 215.222488403, 85.1626739502, 58.1957855225, 46.7003288269, 27.6564903259, 15.7153692245, 5.36794710159, 1.61422252655, 0.321767181158, 0.101134583354, 0.0109030585736, 0.000421502831159, 4.09133093626e-07, 2.91682511477e-10],
        "dvar2": [8.8129323558e-05, 0.051481872797, 3.07157850266, 14.3326435089, 20.5885658264, 12.7243328094, 5.90647697449, 12.9961709976, 47.2967796326, 102.137268066, 119.678466797, 81.0916061401, 174.153411865, 179.590805054, 468.534851074, 459.018890381, 610.269104004, 424.788452148, 1221.72961426, 21877.09375, 11619.2236328, 5634.43701172, 10813.8613281, 2906.47875977, 550.429077148, 1236.4786377, 424.371673584, 191.277252197, 142.581741333, 97.6809463501, 59.9248771667, 32.4147567749, 10.3317070007, 3.70510387421, 0.626586318016, 0.217025741935, 0.0228105336428, 0.00101821159478, 1.00279748949e-06, 6.00874405787e-10],
        "max": [0.186587229371, 1.28270101547, 10.6318874359, 28.2321224213, 32.0558242798, 33.3465766907, 22.3969860077, 25.8100471497, 87.9438476562, 70.4376983643, 78.5881500244, 57.7904319763, 125.583808899, 144.607650757, 229.370193481, 264.823425293, 289.228973389, 139.06362915, 240.082580566, 1115.63574219, 1080.86071777, 736.204162598, 769.151550293, 895.633056641, 207.573104858, 449.795898438, 293.803039551, 148.49609375, 163.34046936, 120.482276917, 100.730285645, 52.3620834351, 32.0163803101, 15.9023752213, 8.52596855164, 4.61397790909, 1.25678813457, 0.302155971527, 0.0103465449065, 0.000268273899565],
        "mean": [0.00460977293551, 0.125031977892, 1.06528759003, 1.91696119308, 2.17063307762, 1.81351518631, 2.17158079147, 3.2159318924, 7.2156291008, 6.73285865784, 9.07140922546, 8.93706130981, 11.4239702225, 16.5767707825, 29.8756141663, 23.3682804108, 25.1722450256, 28.1805171967, 38.4435844421, 132.491271973, 81.9529190063, 60.6963806152, 96.3759307861, 59.1717948914, 25.9556350708, 21.1959724426, 15.5623474121, 11.4836006165, 8.68335819244, 7.76179075241, 5.39316558838, 3.82461428642, 2.0350522995, 0.921523153782, 0.421407371759, 0.192676365376, 0.0545290224254, 0.0074314516969, 0.000204934753128, 2.90304415103e-05],
        "median": [0.00233661942184, 0.0705604031682, 0.629791975021, 0.865432858467, 1.12466311455, 1.04209685326, 1.51839590073, 2.29729199409, 4.10402441025, 4.69670724869, 6.07321977615, 6.78633213043, 8.40588474274, 12.831744194, 24.5019245148, 15.642209053, 18.6137332916, 22.3639316559, 27.3185482025, 84.0340118408, 46.3614273071, 36.2715644836, 58.7574234009, 39.9716529846, 16.9023475647, 10.8272266388, 7.56000471115, 5.43597602844, 3.77554059029, 2.71410393715, 1.54731690884, 0.803828656673, 0.339912354946, 0.130749091506, 0.0502820648253, 0.0199753008783, 0.00480062514544, 0.00053425563965, 2.43710055656e-05, 2.25290496019e-05],
        "min": [1.47005474195e-21, 5.559414254e-21, 8.46499561162e-21, 1.13917270243e-20, 2.3508663648e-20, 4.88710972099e-20, 8.50571600065e-20, 4.49070460893e-19, 3.62961527813e-19, 3.65463283877e-19, 9.6085775583e-19, 1.88015154704e-18, 2.75851540756e-18, 1.69137869489e-18, 3.85301804662e-18, 2.34569437925e-18, 5.50558966647e-18, 3.27796146439e-18, 5.73639001458e-18, 4.31445082517e-18, 5.51579004419e-18, 1.13285478545e-17, 8.63715691284e-18, 9.84758850117e-18, 1.39311409573e-17, 1.53789171332e-17, 1.62754485683e-17, 1.82938834138e-17, 1.75751610688e-17, 2.01785581913e-17, 1.7743485706e-17, 1.4093559525e-17, 1.69759381982e-17, 9.53577863336e-18, 8.79998493488e-18, 4.67315066676e-18, 2.42540563898e-18, 1.01831630612e-18, 3.35252037118e-19, 3.29524166805e-20],
        "stdev": [0.00834999699146, 0.153116747737, 1.27976691723, 2.99222660065, 3.12710618973, 2.4218173027, 2.15443372726, 3.06836223602, 8.45565223694, 7.10505819321, 9.29498195648, 7.92239713669, 10.3610429764, 13.9012498856, 25.4188194275, 26.1575889587, 23.5584487915, 22.7340583801, 35.1067657471, 148.046966553, 104.439590454, 74.6730575562, 106.680419922, 68.3573303223, 27.8687953949, 31.7874183655, 24.3786659241, 16.5600376129, 12.6748123169, 12.4391012192, 9.08466815948, 7.06992340088, 4.01295995712, 1.93332922459, 0.920239329338, 0.46702966094, 0.14343161881, 0.0230288393795, 0.000685163890012, 2.77806830127e-05],
        "var": [6.97224459145e-05, 0.023444738239, 1.63780343533, 8.95342063904, 9.77879238129, 5.86519956589, 4.6415848732, 9.41484642029, 71.498046875, 50.4818534851, 86.396697998, 62.764377594, 107.351211548, 193.244735718, 646.116394043, 684.219482422, 555.000549316, 516.837402344, 1232.48510742, 21917.9023438, 10907.6279297, 5576.06591797, 11380.7119141, 4672.72460938, 776.66973877, 1010.43994141, 594.319396973, 274.234863281, 160.650863647, 154.731246948, 82.5311889648, 49.9838142395, 16.103849411, 3.73776197433, 0.846840381622, 0.21811671555, 0.0205726288259, 0.000530327437446, 4.69449560114e-07, 7.71766373031e-10]
    },
    "gfcc": {
        "mean": [-5.1637878418, 78.6095199585, -166.308959961, 34.3049201965, -47.9909591675, 8.81211090088, -40.6504478455, 7.77597522736, -22.4674377441, -5.44343900681, -19.3669090271, -1.71802163124, -15.9402427673],
        "cov": [[6212.0234375, -2616.80541992, 32.0119438171, 632.812744141, -553.885559082, 629.090087891, -400.701049805, 304.536407471, -125.842018127, 255.88470459, -271.65246582, 186.703979492, -130.245819092], [-2616.80541992, 3035.67431641, -20.7312393188, -487.767669678, 392.117462158, -485.519744873, 394.561920166, -258.574371338, 96.7978363037, -252.887985229, 152.828567505, -218.279708862, 93.5553894043], [32.0119438171, -20.7312393188, 362.080932617, 2.83066749573, -3.77497291565, 31.2771587372, 12.1710357666, 41.7280502319, -16.9251976013, 24.479511261, -53.8182792664, 13.0682992935, -30.4476413727], [632.812744141, -487.767669678, 2.83066749573, 215.410415649, -79.3374023438, 116.460266113, -61.6769981384, 49.8561058044, 0.469546109438, 25.8606567383, -28.9137802124, 18.0379123688, -13.7018270493], [-553.885559082, 392.117462158, -3.77497291565, -79.3374023438, 166.479492188, -73.6577301025, 59.1335334778, -31.2813339233, 11.3689451218, -41.0041732788, 17.6303730011, -25.891248703, 6.22608184814], [629.090087891, -485.519744873, 31.2771587372, 116.460266113, -73.6577301025, 161.043167114, -46.2402534485, 45.9580230713, -5.81195354462, 48.8206634521, -37.9874458313, 28.8184738159, -4.37169408798], [-400.701049805, 394.561920166, 12.1710357666, -61.6769981384, 59.1335334778, -46.2402534485, 112.466743469, -19.9661102295, 12.7736978531, -29.2531356812, 25.8670845032, -24.8764438629, 9.68665409088], [304.536407471, -258.574371338, 41.7280502319, 49.8561058044, -31.2813339233, 45.9580230713, -19.9661102295, 77.9270172119, 2.51407408714, 20.3567390442, -10.3543157578, 29.4090309143, -14.4215574265], [-125.842018127, 96.7978363037, -16.9251976013, 0.469546109438, 11.3689451218, -5.81195354462, 12.7736978531, 2.51407408714, 65.2555160522, 11.2818660736, 3.16138219833, -6.89121007919, 25.3285942078], [255.88470459, -252.887985229, 24.479511261, 25.8606567383, -41.0041732788, 48.8206634521, -29.2531356812, 20.3567390442, 11.2818660736, 81.2163925171, -4.44941520691, 24.7176094055, 5.06507635117], [-271.65246582, 152.828567505, -53.8182792664, -28.9137802124, 17.6303730011, -37.9874458313, 25.8670845032, -10.3543157578, 3.16138219833, -4.44941520691, 76.0152435303, 14.0447463989, 7.55420017242], [186.703979492, -218.279708862, 13.0682992935, 18.0379123688, -25.891248703, 28.8184738159, -24.8764438629, 29.4090309143, -6.89121007919, 24.7176094055, 14.0447463989, 72.683303833, 4.79829263687], [-130.245819092, 93.5553894043, -30.4476413727, -13.7018270493, 6.22608184814, -4.37169408798, 9.68665409088, -14.4215574265, 25.3285942078, 5.06507635117, 7.55420017242, 4.79829263687, 60.0792617798]],
        "icov": [[0.000560242973734, -0.000575057871174, 0.000781513808761, -0.000770394282881, 0.000813965860289, -0.00122181139886, 0.000928084889892, -0.0014443382388, 0.00137337949127, -0.00145275506657, 0.00209898338653, -0.00128920131829, 0.00104332226329], [-0.000575057871174, 0.00290295900777, -0.00201912759803, 0.00209727114998, -0.00138557562605, 0.00338495383039, -0.00411164900288, 0.00419037090614, -0.00382738630287, 0.00469714682549, -0.00460723647848, 0.00421375082806, -0.00279309344478], [0.000781513808761, -0.00201912759803, 0.00550855323672, -0.00149049784523, 0.00116294831969, -0.00242867530324, 0.00104713183828, -0.00492460792884, 0.00412261579186, -0.00529469130561, 0.00765216769651, -0.00449818000197, 0.0037474303972], [-0.000770394282881, 0.00209727114998, -0.00149049784523, 0.0110001964495, -3.1677660445e-05, -0.00302633363754, -0.000300168263493, 0.00119143386837, -0.00519638461992, 0.00632073311135, -0.00528309447691, 0.00487268483266, -0.00113221933134], [0.000813965860289, -0.00138557562605, 0.00116294831969, -3.1677660445e-05, 0.0103416750208, -0.000842365378048, -0.000306262692902, -0.00189283734653, 0.000923828571104, -0.000473229651107, 0.00367520190775, -0.00239073554985, 0.00234561692923], [-0.00122181139886, 0.00338495383039, -0.00242867530324, -0.00302633363754, -0.000842365378048, 0.0193170085549, -0.00678859138861, 0.00338155240752, -0.0024628774263, 0.000432502711192, -0.00131549197249, 0.00307899760082, -0.00552033167332], [0.000928084889892, -0.00411164900288, 0.00104713183828, -0.000300168263493, -0.000306262692902, -0.00678859138861, 0.0207076091319, -0.00670905085281, 0.00322934426367, -0.00301322177984, 0.000641107733827, -0.00141201890074, 0.00239021517336], [-0.0014443382388, 0.00419037090614, -0.00492460792884, 0.00119143386837, -0.00189283734653, 0.00338155240752, -0.00670905085281, 0.0277341678739, -0.0109768724069, 0.00766609795392, -0.00748069444671, -0.000936708820518, 0.00129765504971], [0.00137337949127, -0.00382738630287, 0.00412261579186, -0.00519638461992, 0.000923828571104, -0.0024628774263, 0.00322934426367, -0.0109768724069, 0.0276582408696, -0.0123896421865, 0.00852554105222, -0.00209583668038, -0.0051093744114], [-0.00145275506657, 0.00469714682549, -0.00529469130561, 0.00632073311135, -0.000473229651107, 0.000432502711192, -0.00301322177984, 0.00766609795392, -0.0123896421865, 0.027520634234, -0.0118277464062, 0.00484960572794, -0.00529607478529], [0.00209898338653, -0.00460723647848, 0.00765216769651, -0.00528309447691, 0.00367520190775, -0.00131549197249, 0.000641107733827, -0.00748069444671, 0.00852554105222, -0.0118277464062, 0.031819395721, -0.0159759577364, 0.00670026894659], [-0.00128920131829, 0.00421375082806, -0.00449818000197, 0.00487268483266, -0.00239073554985, 0.00307899760082, -0.00141201890074, -0.000936708820518, -0.00209583668038, 0.00484960572794, -0.0159759577364, 0.0290390904993, -0.00988600123674], [0.00104332226329, -0.00279309344478, 0.0037474303972, -0.00113221933134, 0.00234561692923, -0.00552033167332, 0.00239021517336, 0.00129765504971, -0.0051093744114, -0.00529607478529, 0.00670026894659, -0.00988600123674, 0.0267258137465]]
    },
    "melbands": {
        "dmean": [5.15176579938e-05, 0.000329993577907, 0.000236745428992, 0.000121580538689, 3.71045971406e-05, 3.52857168764e-05, 4.80609669467e-05, 4.54571199953e-05, 3.64901607099e-05, 3.21062689181e-05, 2.94672245218e-05, 2.98456780001e-05, 3.88061271224e-05, 3.61607089872e-05, 2.07957873499e-05, 3.18554048135e-05, 2.04203115572e-05, 2.29268225667e-05, 9.25996573642e-05, 7.59783579269e-05, 3.49095862475e-05, 3.09879469569e-05, 2.71175704256e-05, 4.72240935778e-05, 2.18543191295e-05, 8.85778263182e-06, 7.53315089241e-06, 7.01901399225e-06, 4.61102808913e-06, 4.76932791571e-06, 2.58255522567e-06, 2.36112555285e-06, 2.35791389969e-06, 2.10534972211e-06, 1.52022244038e-06, 1.47868524891e-06, 1.05590902422e-06, 8.64224432462e-07, 5.93077800204e-07, 4.17735805058e-07],
        "dmean2": [9.33382398216e-05, 0.000570108939428, 0.000383683684049, 0.000207567311008, 6.16838951828e-05, 5.9641104599e-05, 7.22470140317e-05, 7.8363402281e-05, 6.22248408035e-05, 5.36496991117e-05, 5.0172322517e-05, 4.65852426714e-05, 6.12267540419e-05, 5.73980869376e-05, 3.35582044499e-05, 4.9000926083e-05, 3.28879068547e-05, 3.69748631783e-05, 0.000146938065882, 0.000120282973512, 5.63690518902e-05, 4.88345649501e-05, 4.2824234697e-05, 7.55533692427e-05, 3.53127943526e-05, 1.43087008837e-05, 1.22435494632e-05, 1.09844249891e-05, 7.11445454726e-06, 7.45963461668e-06, 4.10691654906e-06, 3.65914661415e-06, 3.74358182853e-06, 3.25131804857e-06, 2.35279753724e-06, 2.19929097511e-06, 1.57082695296e-06, 1.23091274418e-06, 8.87886983492e-07, 6.53495192182e-07],
        "dvar": [7.4760411195e-09, 1.67723541722e-07, 1.5173171164e-07, 3.64616816739e-08, 2.27196483849e-09, 2.30293428771e-09, 3.96543820003e-09, 4.52422854735e-09, 2.1525763394e-09, 1.69768266112e-09, 1.46635603659e-09, 1.18345588884e-09, 1.83911041951e-09, 1.92682647615e-09, 1.10323239433e-09, 1.68789460187e-09, 5.71943103989e-10, 1.21923415808e-09, 2.367816343e-08, 1.27448220866e-08, 3.5811447141e-09, 2.49459142232e-09, 1.34655986361e-09, 4.56124960024e-09, 1.12263276453e-09, 1.5602284742e-10, 1.45255418804e-10, 2.65845789826e-10, 7.72351141376e-11, 9.14138834074e-11, 2.01052768184e-11, 1.9573941426e-11, 1.97598101076e-11, 1.96500229283e-11, 1.05968098879e-11, 1.01067522407e-11, 5.28562566979e-12, 3.88741122626e-12, 2.03679239273e-12, 1.09345865695e-12],
        "dvar2": [2.05033892087e-08, 4.30437552268e-07, 3.44726487356e-07, 9.02311327877e-08, 6.28093843602e-09, 6.24245677372e-09, 9.12012332321e-09, 1.26900241426e-08, 6.056757762e-09, 4.59021221033e-09, 4.31083968522e-09, 2.93287905073e-09, 4.40096314946e-09, 4.84666395906e-09, 2.92935853352e-09, 4.00451272142e-09, 1.48165102409e-09, 3.08830383489e-09, 5.60710731179e-08, 3.20469624171e-08, 9.54550305465e-09, 6.08838179872e-09, 3.3028171309e-09, 1.11964038041e-08, 2.64440203068e-09, 3.69444086434e-10, 3.58750584795e-10, 6.97072233269e-10, 1.52844320533e-10, 2.11498471514e-10, 4.76079280165e-11, 4.79884985916e-11, 4.94176574661e-11, 3.96345005427e-11, 2.47945136644e-11, 2.1292580546e-11, 1.14518229968e-11, 7.99344791746e-12, 4.56816225472e-12, 2.70744082535e-12],
        "max": [0.00203894567676, 0.00397719442844, 0.00398270087317, 0.00221166969277, 0.000628258276265, 0.000569580239244, 0.00125868408941, 0.000777545967139, 0.000527443946339, 0.000459645496449, 0.000611261464655, 0.000557149294764, 0.000675767136272, 0.000620998733211, 0.000444111414254, 0.000647358770948, 0.000234666120377, 0.000443864846602, 0.00167945038993, 0.00164775934536, 0.000937758886721, 0.000766984245274, 0.000605256005656, 0.000816315587144, 0.0009059352451, 0.000217070090002, 0.000163734453963, 0.000341965351254, 0.000164277604199, 0.000122544457554, 6.37744233245e-05, 8.81049782038e-05, 6.83603138896e-05, 8.39160638861e-05, 6.51038208161e-05, 4.40380717919e-05, 3.1326948374e-05, 2.99962175632e-05, 1.85690387298e-05, 1.38141504067e-05],
        "mean": [7.9413432104e-05, 0.000432383472798, 0.000329110800521, 0.000154956142069, 7.01116659911e-05, 7.5587136962e-05, 0.000105697312392, 7.71919294493e-05, 6.71972593409e-05, 6.29117203061e-05, 5.86605019635e-05, 6.39976278762e-05, 9.66312800301e-05, 8.22227884782e-05, 4.50940424344e-05, 6.95675553288e-05, 4.6670284064e-05, 4.49350482086e-05, 0.000157916001626, 0.000170646249899, 6.93024703651e-05, 5.80058876949e-05, 5.84978588449e-05, 9.08824658836e-05, 4.56364505226e-05, 2.05225442187e-05, 1.52592983795e-05, 1.36355165523e-05, 9.37305412663e-06, 9.21857827052e-06, 5.65639766137e-06, 4.81409915665e-06, 4.59510147266e-06, 4.34430603491e-06, 3.03737806462e-06, 2.99147836813e-06, 2.0181353193e-06, 1.57218653385e-06, 1.02613614672e-06, 6.77844013808e-07],
        "median": [3.79008670279e-05, 0.00026741012698, 0.000167296835571, 8.45818358357e-05, 5.06368633069e-05, 5.41309163964e-05, 6.30269569228e-05, 5.36320694664e-05, 4.52476670034e-05, 4.63435317215e-05, 4.34473222413e-05, 4.99139132444e-05, 7.95309388195e-05, 6.14726013737e-05, 2.30132645811e-05, 4.66898090963e-05, 3.60589219781e-05, 2.45868359343e-05, 7.68415120547e-05, 0.000108604639536, 3.61663733202e-05, 3.19985338137e-05, 4.20014293923e-05, 4.98483095726e-05, 2.49022778007e-05, 1.32605391627e-05, 8.88697923074e-06, 6.48794593872e-06, 4.60466890218e-06, 4.08423738918e-06, 2.58715294876e-06, 1.98466932488e-06, 1.86253612355e-06, 1.36484209179e-06, 8.91568845418e-07, 6.44227782232e-07, 4.14920464209e-07, 2.55065032206e-07, 1.48175956838e-07, 9.21336678061e-08],
        "min": [1.24594403199e-23, 5.38589694887e-24, 2.6706688731e-24, 2.21679420141e-24, 2.89628388086e-24, 1.04507330313e-23, 4.88892088947e-24, 4.92990970767e-24, 7.01830772486e-24, 1.29756969287e-23, 1.33496769512e-23, 6.12248990266e-24, 1.31410611071e-23, 5.81778370055e-24, 1.16025796046e-23, 9.39629736921e-24, 5.5325714347e-24, 9.80523576273e-24, 5.4394057785e-24, 6.99784940614e-24, 5.32953047061e-24, 1.06590822405e-23, 1.00238480522e-23, 6.31080914454e-24, 7.62541981068e-24, 8.2227657985e-24, 1.39048646345e-23, 9.53911116977e-24, 8.98343518155e-24, 1.16935518331e-23, 9.6579396545e-24, 9.30883241634e-24, 1.00463960635e-23, 1.047344907e-23, 1.07985591594e-23, 9.24634122201e-24, 8.706793495e-24, 1.14954601823e-23, 1.03146371702e-23, 7.75352766624e-24],
        "stdev": [0.000128272629809, 0.00050067610573, 0.000469614664325, 0.000213335792068, 6.75651535857e-05, 7.13589979568e-05, 0.000118941483379, 8.03339862614e-05, 6.66471314617e-05, 5.81443164265e-05, 5.29583048774e-05, 5.5152013374e-05, 7.85694574006e-05, 7.53102649469e-05, 5.84358385822e-05, 6.84252881911e-05, 3.98340780521e-05, 5.6372180552e-05, 0.000219879686483, 0.000192966705072, 9.31502727326e-05, 7.43420678191e-05, 5.67229071748e-05, 0.000108943146188, 6.32509836578e-05, 2.25169642363e-05, 1.89750317077e-05, 2.23658116738e-05, 1.44620607898e-05, 1.46054990182e-05, 7.9224955698e-06, 7.13252848072e-06, 6.91135619491e-06, 7.63570733398e-06, 5.15620195074e-06, 5.53452673557e-06, 3.80404389944e-06, 3.20301887768e-06, 2.16198122871e-06, 1.46333911744e-06],
        "var": [1.64538658254e-08, 2.5067654974e-07, 2.20537941686e-07, 4.55121593745e-08, 4.5650501157e-09, 5.09210629218e-09, 1.41470763992e-08, 6.45354969464e-09, 4.44183978487e-09, 3.38076144857e-09, 2.80458190005e-09, 3.0417444119e-09, 6.17315931706e-09, 5.67163649379e-09, 3.41474715171e-09, 4.68202054904e-09, 1.58675372841e-09, 3.17782267167e-09, 4.8347079229e-08, 3.72361519396e-08, 8.67697291795e-09, 5.52674350729e-09, 3.21748805376e-09, 1.18686092065e-08, 4.00068733697e-09, 5.07013653284e-10, 3.60051821691e-10, 5.00229524469e-10, 2.09151196362e-10, 2.13320597298e-10, 6.27659313412e-11, 5.08729620929e-11, 4.77668460341e-11, 5.83040213331e-11, 2.65864170956e-11, 3.06309838605e-11, 1.4470750119e-11, 1.0259329844e-11, 4.67416253272e-12, 2.14136130702e-12]
    },
    "melbands128": {
