{
"lowlevel": {
    "average_loudness": 0.682090044022,
    "barkbands_crest": {
        "dmean": 2.32318544388,
        "dmean2": 3.76823329926,
        "dvar": 4.65053033829,
        "dvar2": 12.0935821533,
        "max": 23.1613178253,
        "mean": 9.68755054474,
        "median": 9.0734539032,
        "min": 2.49397039413,
        "stdev": 3.34567952156,
        "var": 11.1935710907
    },
    "barkbands_flatness_db": {
        "dmean": 0.0148160792887,
        "dmean2": 0.0238539911807,
        "dvar": 0.000159808550961,
        "dvar2": 0.000381623511203,
        "max": 0.311316281557,
        "mean": 0.205998584628,
        "median": 0.204535409808,
        "min": 0.0578882843256,
        "stdev": 0.025445709005,
        "var": 0.000647484092042
    },
    "barkbands_kurtosis": {
        "dmean": 0.870990991592,
        "dmean2": 1.33133614063,
        "dvar": 2.51187109947,
        "dvar2": 5.00682926178,
        "max": 20.7614021301,
        "mean": 0.0739067941904,
        "median": -0.754988193512,
        "min": -1.81300079823,
        "stdev": 2.42556118965,
        "var": 5.88334703445
    },
    "barkbands_skewness": {
        "dmean": 0.354081958532,
        "dmean2": 0.547554314137,
        "dvar": 0.119685992599,
        "dvar2": 0.267042189837,
        "max": 2.6162981987,
        "mean": -0.0361431501806,
        "median": -0.0283415913582,
        "min": -2.89371728897,
        "stdev": 0.732447683811,
        "var": 0.536479592323
    },
    "barkbands_spread": {
        "dmean": 2.86901593208,
        "dmean2": 4.29701805115,
        "dvar": 8.28421497345,
        "dvar2": 15.5087661743,
        "max": 45.7616271973,
        "mean": 17.9601669312,
        "median": 18.714006424,
        "min": 1.75067639351,
        "stdev": 8.12004947662,
        "var": 65.9351959229
    },
    "dissonance": {
        "dmean": 0.018391430378,
        "dmean2": 0.0312588326633,
        "dvar": 0.000446434714831,
        "dvar2": 0.00122225261293,
        "max": 0.499808341265,
        "mean": 0.463980585337,
        "median": 0.472694665194,
        "min": 0.29784604907,
        "stdev": 0.0300461966544,
        "var": 0.000902773928829
    },
    "dynamic_complexity": 4.52423286438,
    "erbbands_crest": {
        "dmean": 2.79092907906,
        "dmean2": 4.52110719681,
        "dvar": 6.59017896652,
        "dvar2": 16.2345085144,
        "max": 32.5463294983,
        "mean": 12.2904253006,
        "median": 11.6040115356,
        "min": 3.21555447578,
        "stdev": 4.05327749252,
        "var": 16.429058075
    },
    "erbbands_flatness_db": {
        "dmean": 0.0137586016208,
        "dmean2": 0.0215438827872,
        "dvar": 0.000138827701448,
        "dvar2": 0.000310128001729,
        "max": 0.422076106071,
        "mean": 0.293208956718,
        "median": 0.291944205761,
        "min": 0.0942038595676,
        "stdev": 0.025024432689,
        "var": 0.000626222230494
    },
    "erbbands_kurtosis": {
        "dmean": 1.14180767536,
        "dmean2": 1.78647100925,
        "dvar": 3.677328825,
        "dvar2": 8.28378582001,
        "max": 29.4736404419,
        "mean": 1.13636040688,
        "median": 0.246556520462,
        "min": -1.79572963715,
        "stdev": 2.91644406319,
        "var": 8.50564575195
    },
    "erbbands_skewness": {
        "dmean": 0.350272297859,
        "dmean2": 0.546497404575,
        "dvar": 0.115182869136,
        "dvar2": 0.291918367147,
        "max": 2.57484602928,
        "mean": -0.482332974672,
        "median": -0.550627946854,
        "min": -2.68076586723,
        "stdev": 0.704855680466,
        "var": 0.49682149291
    },
    "erbbands_spread": {
        "dmean": 3.10800099373,
        "dmean2": 4.72996473312,
        "dvar": 9.0977563858,
        "dvar2": 19.9660491943,
        "max": 49.9738349915,
        "mean": 17.8532733917,
        "median": 17.122335434,
        "min": 1.84520232677,
        "stdev": 8.22937488556,
        "var": 67.7226104736
    },
    "hfc": {
        "dmean": 5.36194515228,
        "dmean2": 7.70824813843,
        "dvar": 88.7329788208,
        "dvar2": 174.971237183,
        "max": 106.26449585,
        "mean": 18.7680473328,
        "median": 8.15143680573,
        "min": 1.15169547826e-16,
        "stdev": 21.0292491913,
        "var": 442.229309082
    },
    "loudness_ebu128": {
        "integrated": -7.64310407639,
        "loudness_range": 6.56489276886,
        "momentary": {
            "dmean": 0.915096342564,
            "dmean2": 0.990234434605,
            "dvar": 1.15515673161,
            "dvar2": 1.53008317947,
            "max": -1.96479547024,
            "mean": -9.06890583038,
            "median": -8.55554199219,
            "min": -15.8101091385,
            "stdev": 3.64550995827,
            "var": 13.2897434235
        },
        "short_term": {
            "dmean": 0.176397070289,
            "dmean2": 0.1416362077,
            "dvar": 0.0317038036883,
            "dvar2": 0.0281900186092,
            "max": -4.46914815903,
            "mean": -8.22332668304,
            "median": -8.37900543213,
            "min": -12.7509212494,
            "stdev": 2.30766510963,
            "var": 5.32531785965
        }
    },
    "melbands_crest": {
        "dmean": 2.80607295036,
        "dmean2": 4.55035352707,
        "dvar": 8.19142150879,
        "dvar2": 21.8664608002,
        "max": 29.9867725372,
        "mean": 11.0179185867,
        "median": 9.9730348587,
        "min": 1.80195987225,
        "stdev": 4.43533658981,
        "var": 19.6722106934
    },
    "melbands_flatness_db": {
        "dmean": 0.0144020197913,
        "dmean2": 0.0217783898115,
        "dvar": 0.000176227244083,
        "dvar2": 0.000371627364075,
        "max": 0.362947463989,
        "mean": 0.234492212534,
        "median": 0.231675773859,
        "min": 0.00460554705933,
        "stdev": 0.0354702956975,
        "var": 0.00125814182684
    },
    "melbands_kurtosis": {
        "dmean": 1.07071876526,
        "dmean2": 1.69103300571,
        "dvar": 2.35055494308,
        "dvar2": 5.54573202133,
        "max": 18.1967697144,
        "mean": 0.568461358547,
        "median": -0.183250665665,
        "min": -1.7030506134,
        "stdev": 2.23262310028,
        "var": 4.98460578918
    },
    "melbands_skewness": {
        "dmean": 0.379390716553,
        "dmean2": 0.568841874599,
        "dvar": 0.131676003337,
        "dvar2": 0.265749156475,
        "max": 3.12481403351,
        "mean": 0.55430316925,
        "median": 0.549043536186,
        "min": -2.93013596535,
        "stdev": 0.861823916435,
        "var": 0.74274045229
    },
    "melbands_spread": {
        "dmean": 5.98209571838,
        "dmean2": 8.96677589417,
        "dvar": 34.3139801025,
        "dvar2": 71.6197433472,
        "max": 138.867279053,
        "mean": 33.0022239685,
        "median": 32.1905670166,
        "min": 4.37352228165,
        "stdev": 15.1077795029,
        "var": 228.244995117
    },
    "pitch_salience": {
        "dmean": 0.0599647015333,
        "dmean2": 0.0950597673655,
        "dvar": 0.00286667025648,
        "dvar2": 0.00720339268446,
        "max": 0.916012585163,
        "mean": 0.575073182583,
        "median": 0.572443783283,
        "min": 0.234487652779,
        "stdev": 0.0923346653581,
        "var": 0.00852569006383
    },
    "silence_rate_20dB": {
        "dmean": 0,
        "dmean2": 0,
        "dvar": 0,
        "dvar2": 0,
        "max": 1,
        "mean": 1,
        "median": 1,
        "min": 1,
        "stdev": 0,
        "var": 0
    },
    "silence_rate_30dB": {
        "dmean": 0,
        "dmean2": 0,
        "dvar": 0,
        "dvar2": 0,
        "max": 1,
        "mean": 1,
        "median": 1,
        "min": 1,
        "stdev": 0,
        "var": 0
    },
    "silence_rate_60dB": {
        "dmean": 0.0536082461476,
        "dmean2": 0.107271790504,
        "dvar": 0.050734937191,
        "dvar2": 0.119487129152,
        "max": 1,
        "mean": 0.115404427052,
        "median": 0,
        "min": 0,
        "stdev": 0.319511920214,
        "var": 0.10208787024
    },
    "spectral_centroid": {
        "dmean": 148.076583862,
        "dmean2": 227.236404419,
        "dvar": 58006.9882812,
        "dvar2": 116055.890625,
        "max": 11088.4833984,
        "mean": 1593.79858398,
        "median": 1583.87658691,
        "min": 528.748352051,
        "stdev": 477.661804199,
        "var": 228160.796875
    },
    "spectral_complexity": {
        "dmean": 2.31030917168,
        "dmean2": 3.6498196125,
        "dvar": 4.8686132431,
        "dvar2": 9.98617839813,
        "max": 37,
        "mean": 16.1782588959,
        "median": 15,
        "min": 0,
        "stdev": 6.03254890442,
        "var": 36.3916435242
    },
    "spectral_decrease": {
        "dmean": 1.01776687078e-09,
        "dmean2": 1.48380763232e-09,
        "dvar": 2.6646273061e-18,
        "dvar2": 5.59403305834e-18,
        "max": 2.71189367921e-30,
        "mean": -3.82235354479e-09,
        "median": -1.72480696392e-09,
        "min": -2.06374366485e-08,
        "stdev": 4.23969304109e-09,
        "var": 1.79749970159e-17
    },
    "spectral_energy": {
        "dmean": 0.00429702503607,
        "dmean2": 0.00624647224322,
        "dvar": 4.81649840367e-05,
        "dvar2": 0.000100069199107,
        "max": 0.0852905586362,
        "mean": 0.0161287207156,
        "median": 0.00723296776414,
        "min": 1.0435980411e-20,
        "stdev": 0.0178381484002,
        "var": 0.000318199541653
    },
    "spectral_energyband_high": {
        "dmean": 1.61876268976e-05,
        "dmean2": 2.35862280533e-05,
        "dvar": 1.79166304015e-09,
        "dvar2": 3.98683086544e-09,
        "max": 0.000838564010337,
        "mean": 3.45000662492e-05,
        "median": 9.76668889052e-06,
        "min": 7.66795539264e-21,
        "stdev": 6.37630873825e-05,
        "var": 4.06573086309e-09
    },
    "spectral_energyband_low": {
        "dmean": 0.000133737412398,
        "dmean2": 0.000204585085157,
        "dvar": 2.90744832654e-08,
        "dvar2": 6.88313761543e-08,
        "max": 0.0027670734562,
        "mean": 0.000303836801322,
        "median": 0.000200091584702,
        "min": 4.40774200635e-23,
        "stdev": 0.00031859340379,
        "var": 1.01501761662e-07
    },
    "spectral_energyband_middle_high": {
        "dmean": 0.00340678123757,
        "dmean2": 0.00494747515768,
        "dvar": 3.91785833926e-05,
        "dvar2": 7.95498708612e-05,
        "max": 0.0780951306224,
        "mean": 0.0102016348392,
        "median": 0.00417132209986,
        "min": 1.39736422614e-21,
        "stdev": 0.0132712721825,
        "var": 0.000176126675797
    },
    "spectral_energyband_middle_low": {
        "dmean": 0.00230046617799,
        "dmean2": 0.00343658565544,
        "dvar": 2.08038109122e-05,
        "dvar2": 5.07805962116e-05,
        "max": 0.0737179964781,
        "mean": 0.00595661485568,
        "median": 0.00251169409603,
        "min": 2.79480721215e-22,
        "stdev": 0.00853123981506,
        "var": 7.27820515749e-05
    },
    "spectral_entropy": {
        "dmean": 0.0946551710367,
        "dmean2": 0.146290749311,
        "dvar": 0.00893841683865,
        "dvar2": 0.0164227746427,
        "max": 9.79045963287,
        "mean": 7.01363039017,
        "median": 7.02767705917,
        "min": 6.16428852081,
        "stdev": 0.238249883056,
        "var": 0.0567630082369
    },
    "spectral_flux": {
        "dmean": 0.0149333002046,
        "dmean2": 0.0231164619327,
        "dvar": 0.000399687181925,
        "dvar2": 0.000855378981214,
        "max": 0.261953502893,
        "mean": 0.0584746785462,
        "median": 0.0394228845835,
        "min": 6.62161575571e-11,
        "stdev": 0.0467832237482,
        "var": 0.0021886699833
    },
    "spectral_kurtosis": {
        "dmean": 6.47803211212,
        "dmean2": 11.4806699753,
        "dvar": 28.167432785,
        "dvar2": 83.5258026123,
        "max": 47.7262840271,
        "mean": 12.0831108093,
        "median": 10.9656419754,
        "min": -1.19799184799,
        "stdev": 6.69890022278,
        "var": 44.8752670288
    },
    "spectral_rms": {
        "dmean": 0.000455606146716,
        "dmean2": 0.000643298903015,
        "dvar": 3.80706921987e-07,
        "dvar2": 6.68080133437e-07,
        "max": 0.00912196841091,
        "mean": 0.00346949510276,
        "median": 0.00265641743317,
        "min": 3.19083756813e-12,
        "stdev": 0.00192300602794,
        "var": 3.69795202459e-06
    },
    "spectral_rolloff": {
        "dmean": 176.982223511,
        "dmean2": 305.907226562,
        "dvar": 199113.65625,
        "dvar2": 405203.1875,
        "max": 18820.0195312,
        "mean": 2051.78442383,
        "median": 2304.05273438,
        "min": 732.12890625,
        "stdev": 739.792480469,
        "var": 547292.875
    },
    "spectral_skewness": {
        "dmean": 0.52167236805,
        "dmean2": 0.922960698605,
        "dvar": 0.18212531507,
        "dvar2": 0.532515883446,
        "max": 4.56154966354,
        "mean": 1.68698740005,
        "median": 1.63857340813,
        "min": -0.0312409494072,
        "stdev": 0.612557947636,
        "var": 0.375227272511
    },
    "spectral_spread": {
        "dmean": 181893.265625,
        "dmean2": 275590.65625,
        "dvar": 545953644544,
        "dvar2": 455878115328,
        "max": 40887864,
        "mean": 1835347.5,
        "median": 1729848.5,
        "min": 1202394.375,
        "stdev": 1460469.375,
        "var": 2.13297083187e+12
    },
    "spectral_strongpeak": {
        "dmean": 1.01272797585,
        "dmean2": 1.7045917511,
        "dvar": 1.39127349854,
        "dvar2": 3.57238817215,
        "max": 13.4603652954,
        "mean": 2.07789301872,
        "median": 1.59441506863,
        "min": 0,
        "stdev": 1.9233314991,
        "var": 3.69920420647
    },
    "zerocrossingrate": {
        "dmean": 0.004912763834,
        "dmean2": 0.00612303195521,
        "dvar": 0.000123001649627,
        "dvar2": 0.000258040614426,
        "max": 0.50634765625,
        "mean": 0.0641042068601,
        "median": 0.06298828125,
        "min": 0.01513671875,
        "stdev": 0.0195688586682,
        "var": 0.000382940255804
    },
    "barkbands": {
        "dmean": [9.66950324255e-07, 7.31994296075e-05, 5.09093370056e-05, 8.93827600521e-05, 0.000407905725297, 9.3042574008e-05, 0.000439000839833, 0.000629449612461, 0.0011519365944, 0.000749511411414, 0.000890121620614, 0.000828472955618, 0.00120281707495, 0.00123230612371, 0.000587577931583, 0.000193172571016, 0.000399319367716, 8.955100202e-05, 4.50812804047e-05, 1.71252886503e-05, 7.65063214203e-06, 3.32777312906e-06, 1.65857352386e-06, 7.23662594737e-07, 3.13611906222e-07, 1.37748415341e-07, 1.2252173498e-08],
        "dmean2": [1.66567895121e-06, 0.000105249775515, 8.30425560707e-05, 0.000141540323966, 0.000660420686472, 0.000144181554788, 0.000680046330672, 0.000938962970395, 0.0017034431221, 0.00114247365855, 0.00142567290459, 0.00132640835363, 0.0017983171856, 0.00188796338625, 0.000904375629034, 0.000294899655273, 0.000634002150036, 0.000141265671118, 7.24653873476e-05, 2.72821380349e-05, 1.17821355161e-05, 4.94277537655e-06, 2.54999713434e-06, 1.11366284727e-06, 5.13963414051e-07, 2.27776453698e-07, 2.08463379892e-08],
        "dvar": [5.43117547464e-12, 8.86629081265e-09, 6.87867052207e-09, 1.43095686411e-08, 2.15021600525e-07, 5.12959097421e-08, 1.41549844557e-06, 3.60735975846e-06, 1.34503843583e-05, 5.91106754655e-06, 8.35716673464e-06, 7.46664227336e-06, 1.00830357042e-05, 1.13683081508e-05, 3.15557122121e-06, 2.0076701901e-07, 2.56237768781e-07, 1.47676795237e-08, 7.92535370664e-09, 7.56615659014e-10, 6.78786027386e-10, 8.15946893384e-11, 2.1713702017e-11, 3.24794054499e-12, 7.23810280375e-13, 1.30887732293e-13, 1.17797422546e-15],
        "dvar2": [1.37534827277e-11, 1.62562301398e-08, 1.94107414586e-08, 3.74370650036e-08, 5.9265875052e-07, 1.1756576157e-07, 3.51452104042e-06, 8.2324459072e-06, 2.98575778288e-05, 1.31882889036e-05, 1.88430312846e-05, 1.92790230358e-05, 2.42013556999e-05, 2.51769342867e-05, 7.21420883565e-06, 4.29102271937e-07, 6.56949168842e-07, 3.66582355582e-08, 2.04581294128e-08, 1.79349557428e-09, 1.68789160426e-09, 1.88544943547e-10, 5.01340809145e-11, 7.51235965796e-12, 1.87208343445e-12, 3.34064481806e-13, 3.3639818209e-15],
        "max": [3.45377557096e-05, 0.00175545853563, 0.00142343272455, 0.00187681382522, 0.00495558232069, 0.00689951330423, 0.0188353396952, 0.0325799770653, 0.0597416087985, 0.0493440032005, 0.0522991493344, 0.0511542409658, 0.0556671246886, 0.0424102135003, 0.0276712644845, 0.0109460763633, 0.00888677220792, 0.00198393291794, 0.00114115327597, 0.000429991690908, 0.000585331639741, 0.000143229524838, 7.34372224542e-05, 2.39959754254e-05, 1.2209331544e-05, 5.38185258847e-06, 6.47656918318e-07],
        "mean": [9.69495999925e-07, 0.000153064742335, 9.15164710023e-05, 0.000147018785356, 0.00108560128137, 0.000204505617148, 0.000676619762089, 0.00102067703847, 0.00202470156364, 0.00128678430337, 0.00157437741291, 0.00133320549503, 0.00193182809744, 0.0018599643372, 0.000883318600245, 0.000390534725739, 0.00108441780321, 0.000218441069592, 9.79374235612e-05, 3.94719900214e-05, 1.29578620545e-05, 6.006561307e-06, 3.02050625578e-06, 1.20632068956e-06, 4.13539396504e-07, 1.71978143726e-07, 1.33473117003e-08],
        "median": [3.05141185208e-07, 6.8047476816e-05, 5.49874748685e-05, 9.69989632722e-05, 0.000866247108206, 5.52508463443e-05, 7.37357258913e-05, 0.000238637760049, 9.71801200649e-05, 0.000193411615328, 0.000528677599505, 0.000237730811932, 0.000216061074752, 0.000185255848919, 0.000108194253698, 0.000132710338221, 0.000847873627208, 0.000158466762514, 3.82762373192e-05, 2.21155605686e-05, 3.05363323605e-06, 4.44071218908e-07, 3.55864898438e-07, 2.02120276072e-07, 2.79284151361e-08, 2.19138716062e-08, 2.54011411904e-09],
        "min": [3.54944098886e-24, 1.82582834701e-23, 7.41461329984e-24, 1.19458595273e-23, 5.24422171125e-23, 6.3988452327e-23, 2.57954202791e-23, 5.80233638408e-23, 4.80155525419e-23, 5.28688457118e-23, 6.24064832894e-23, 6.32818285934e-23, 8.25130520833e-23, 1.2379170094e-22, 9.18399186488e-23, 5.86423924594e-23, 1.17209849444e-22, 2.18868738712e-22, 2.2106505369e-22, 2.89225715614e-22, 2.7993911882e-22, 4.43375826035e-22, 7.42965204947e-22, 8.89974849376e-22, 9.76633327651e-22, 1.66566165126e-21, 2.15668785666e-21],
        "stdev": [2.42887267632e-06, 0.000215271647903, 0.000115513765195, 0.000170638712007, 0.000829493568745, 0.000403575482778, 0.00166126515251, 0.00262696831487, 0.0061665745452, 0.0036716258619, 0.00421710638329, 0.00372089189477, 0.00494089350104, 0.00456104567274, 0.00241305306554, 0.000834422884509, 0.000918240461033, 0.00020990993653, 0.00014001870295, 4.87457218696e-05, 3.01981090161e-05, 1.40713400469e-05, 6.81722531226e-06, 2.71422368314e-06, 1.13301348392e-06, 4.48917944595e-07, 3.68703538811e-08],
        "var": [5.89942287729e-12, 4.63418849961e-08, 1.33434303606e-08, 2.91175705769e-08, 6.88059628828e-07, 1.62873163845e-07, 2.75980187325e-06, 6.90096203471e-06, 3.80266428692e-05, 1.34808369694e-05, 1.77839865501e-05, 1.38450359373e-05, 2.44124294113e-05, 2.08031397051e-05, 5.82282518735e-06, 6.96261565736e-07, 8.43165594233e-07, 4.40621796827e-08, 1.96052383217e-08, 2.37614528054e-09, 9.11925812641e-10, 1.98002614304e-10, 4.64745603113e-11, 7.36700977999e-12, 1.28371944151e-12, 2.01527312091e-13, 1.35942308232e-15]
    },
    "erbbands": {
        "dmean": [0.000713525456376, 0.0205664895475, 0.0602393969893, 0.16733199358, 0.460076570511, 1.7614338398, 1.77989971638, 0.811827421188, 4.39878225327, 12.3496398926, 11.4780683517, 24.2143001556, 31.6026039124, 11.2938308716, 44.9588317871, 29.9037570953, 45.8084907532, 58.513053894, 50.1489639282, 14.3493099213, 12.7420759201, 17.6366043091, 7.31640434265, 3.16443037987, 1.55094659328, 0.755769014359, 0.356125056744, 0.248171553016, 0.123723529279, 0.0822944939137, 0.0414529815316, 0.0197819769382, 0.00995490234345, 0.00450293207541, 0.001848980668, 0.000735692854505, 0.000254612998106, 5.13596860401e-05, 3.21200081999e-06, 5.28813870915e-06],
        "dmean2": [0.00114784110337, 0.0294521376491, 0.0918132141232, 0.27605637908, 0.700037419796, 2.87744116783, 2.86896705627, 1.24878501892, 6.90744924545, 18.8789577484, 16.5239181519, 35.5344963074, 45.7663574219, 16.7593803406, 71.0547485352, 47.4061355591, 66.6519775391, 88.6643447876, 76.9985656738, 21.5866832733, 19.4837398529, 27.8631801605, 11.5679044724, 5.1098484993, 2.44206809998, 1.19924652576, 0.54673987627, 0.384262353182, 0.185075700283, 0.123054020107, 0.0627939850092, 0.0304552633315, 0.0154729038477, 0.00732468022034, 0.00303825805895, 0.00121178315021, 0.000425430305768, 8.68514980539e-05, 4.77755020256e-06, 7.65103322919e-06],
        "dvar": [7.43752536891e-07, 0.000708910461981, 0.00647137127817, 0.0705330446362, 0.383755683899, 4.41805171967, 6.20924091339, 4.48573684692, 198.657745361, 1551.69921875, 1355.59362793, 6540.73144531, 12311.5722656, 730.81628418, 18894.265625, 6447.22265625, 14575.3300781, 23696.0839844, 23707.6738281, 1496.67407227, 531.493103027, 560.850280762, 82.4588928223, 44.738079071, 8.10839557648, 1.3769800663, 1.08826065063, 0.764963448048, 0.119639538229, 0.0493399985135, 0.0126103842631, 0.00272806198336, 0.000613175798208, 0.000151943822857, 2.74961330433e-05, 3.97847588829e-06, 5.17153580404e-07, 1.9512006233e-08, 3.4450390457e-11, 7.43255179625e-11],
        "dvar2": [1.74288618382e-06, 0.00129500497133, 0.0156048163772, 0.191138476133, 0.962219297886, 12.0200510025, 17.7809753418, 10.5463857651, 540.493530273, 3746.50292969, 2900.96191406, 14779.7841797, 28258.4863281, 1547.92797852, 42497.453125, 17005.9023438, 34484.4960938, 51621.6171875, 55143.8007812, 3441.21655273, 1157.13305664, 1435.54370117, 198.55480957, 117.203018188, 20.0786190033, 3.26237559319, 2.62782907486, 1.91025972366, 0.280423074961, 0.104022495449, 0.0296123512089, 0.00624268176034, 0.0014592014486, 0.000397963565774, 7.01140015735e-05, 1.03000829768e-05, 1.35256277645e-06, 5.38966027364e-08, 7.77372610727e-11, 1.52629742178e-10],
        "max": [0.0130770877004, 0.493148088455, 1.33436334133, 5.04731941223, 9.01145553589, 22.3063545227, 36.5020217896, 60.8987541199, 243.333892822, 602.21661377, 920.372619629, 1398.21008301, 2338.39477539, 528.202087402, 2473.52685547, 1786.71887207, 2163.76318359, 2380.36816406, 2094.85375977, 609.16217041, 579.10748291, 530.848510742, 204.636535645, 91.9866104126, 48.5647315979, 18.0096988678, 19.960849762, 21.3917064667, 5.53701448441, 3.30962514877, 1.48870503902, 0.777722895145, 0.346097767353, 0.165920451283, 0.0811457931995, 0.0323153585196, 0.0122658805922, 0.00264756334946, 0.000102936319308, 0.000105668885226],
        "mean": [0.00130968284793, 0.0434228889644, 0.122571922839, 0.302640765905, 1.14854240417, 4.40056180954, 4.00426387787, 1.68575274944, 7.11408376694, 21.4985866547, 19.2968235016, 43.3986854553, 57.0348777771, 24.3507194519, 86.6850357056, 59.1852302551, 81.636390686, 95.4084320068, 74.1331329346, 25.5970306396, 31.8178863525, 49.4443664551, 19.4364471436, 7.2849111557, 3.96243309975, 1.83980107307, 0.681595504284, 0.403900265694, 0.225046038628, 0.151304721832, 0.0758032426238, 0.0345640666783, 0.0158058516681, 0.00591334281489, 0.00236272905022, 0.000811158039141, 0.000322950974805, 6.29380374448e-05, 1.07799087345e-05, 1.9844428607e-05],
        "median": [0.000691724359058, 0.0194328166544, 0.0738089755177, 0.188775062561, 0.82413315773, 3.3733921051, 2.66058087349, 0.641148090363, 0.856310844421, 5.08433818817, 3.37787008286, 2.96484422684, 4.81323003769, 6.78982877731, 31.9260692596, 10.9057035446, 10.1676206589, 12.1331958771, 7.68544197083, 6.28195858002, 17.6736392975, 38.0794334412, 15.0622549057, 4.08510112762, 1.57992589474, 1.07998740673, 0.240363746881, 0.0692655742168, 0.0180964265019, 0.0130628868937, 0.00936658680439, 0.00641751941293, 0.00197203364223, 0.000421576871304, 0.000177944442839, 8.16010579001e-05, 5.07236509293e-05, 1.25107753775e-05, 4.60591172669e-06, 8.78986975295e-06],
        "min": [8.82682291002e-22, 1.57254213712e-21, 1.00616351396e-20, 3.56096665437e-20, 4.89813933436e-20, 1.16427235105e-19, 2.33727145757e-19, 1.94964505825e-19, 4.34043329199e-19, 7.00713692483e-19, 1.17483045854e-18, 1.06931778115e-18, 1.14146447417e-18, 2.00736572139e-18, 2.40641646725e-18, 3.06876872824e-18, 4.18742359363e-18, 5.22492769822e-18, 5.30542519312e-18, 5.08823899713e-18, 3.27626988003e-18, 7.46302366416e-18, 9.26544029275e-18, 1.19503916333e-17, 1.2017806026e-17, 1.40645933143e-17, 1.06577043777e-17, 1.46369692109e-17, 1.2964935272e-17, 1.98536896231e-17, 2.23762331494e-17, 1.89024501167e-17, 1.47585581435e-17, 8.65507033619e-18, 8.23057199918e-18, 5.88593351598e-18, 3.15697678722e-18, 1.31880465628e-18, 3.00490780002e-19, 2.95455279249e-20],
        "stdev": [0.00162777607329, 0.0605754330754, 0.136997178197, 0.385079592466, 1.07374203205, 3.62609863281, 4.28816747665, 3.47362875938, 19.6191291809, 55.7397994995, 54.1895103455, 139.816619873, 172.077880859, 49.6336898804, 215.157958984, 132.217437744, 206.198928833, 218.759140015, 194.467819214, 54.4349632263, 46.6612052917, 43.5848960876, 16.813955307, 9.03730678558, 5.86546754837, 2.13770985603, 1.28125357628, 1.03250837326, 0.537059187889, 0.341837763786, 0.171251907945, 0.0768250674009, 0.0372935011983, 0.0160665884614, 0.00661044055596, 0.00231723068282, 0.000843477901071, 0.000159686533152, 1.28711762954e-05, 2.18251079787e-05],
        "var": [2.64965501628e-06, 0.00366938323714, 0.0187682267278, 0.148286297917, 1.15292203426, 13.1485919952, 18.388381958, 12.0660972595, 384.910217285, 3106.92529297, 2936.50317383, 19548.6875, 29610.7988281, 2463.50317383, 46292.9492188, 17481.4511719, 42518, 47855.5625, 37817.7304688, 2963.16503906, 2177.26806641, 1899.64331055, 282.709075928, 81.6729202271, 34.4037094116, 4.56980371475, 1.64161074162, 1.06607353687, 0.288432598114, 0.116853065789, 0.0293272137642, 0.00590209150687, 0.00139080523513, 0.000258135260083, 4.36979244114e-05, 5.36955803909e-06, 7.11455015789e-07, 2.54997871707e-08, 1.65667174423e-10, 4.76335360045e-10]
    },
    "gfcc": {
        "mean": [-100.256072998, 150.932373047, -193.33114624, 4.62800502777, -27.5114936829, -14.3950691223, -31.5805149078, -5.56615161896, -20.7354106903, -24.0587444305, -6.70742750168, -5.49769020081, -8.1121006012],
        "cov": [[4829.79980469, -847.621398926, -518.729492188, -475.354858398, -640.106994629, 489.386169434, 93.3558883667, -38.7080879211, 108.055778503, 382.907501221, -145.053115845, -161.767593384, -233.310409546], [-847.621398926, 866.599182129, 199.755249023, 100.243507385, 284.500396729, -311.824493408, -33.1405448914, 46.5987586975, -25.1958045959, -183.780944824, 77.0214767456, 69.6093521118, 84.4300613403], [-518.729492188, 199.755249023, 240.692947388, 17.0283622742, 100.99357605, -36.7748374939, -4.92882013321, 57.0420379639, -38.8578567505, -29.3984928131, -6.60092639923, 43.1234283447, 29.6679382324], [-475.354858398, 100.243507385, 17.0283622742, 394.490386963, 157.072723389, -16.0705795288, -12.5804891586, -3.03759217262, 59.8615570068, -50.4508857727, 47.8832168579, -2.85416030884, 59.9835281372], [-640.106994629, 284.500396729, 100.99357605, 157.072723389, 289.247833252, -76.9448471069, -38.3022422791, 0.885040998459, -38.347858429, -62.5692481995, 41.2079467773, 52.4059486389, 39.8543243408], [489.386169434, -311.824493408, -36.7748374939, -16.0705795288, -76.9448471069, 314.037841797, 90.4234695435, -30.7327194214, -10.828792572, 69.0731201172, -24.8400287628, -40.320728302, -33.9513053894], [93.3558883667, -33.1405448914, -4.92882013321, -12.5804891586, -38.3022422791, 90.4234695435, 130.430084229, 32.2570533752, 16.4858818054, -2.39937806129, -0.662524402142, -4.97300767899, -12.6052627563], [-38.7080879211, 46.5987586975, 57.0420379639, -3.03759217262, 0.885040998459, -30.7327194214, 32.2570533752, 150.709259033, 7.2012424469, -10.6450099945, -9.7998342514, -6.29054784775, 27.2835903168], [108.055778503, -25.1958045959, -38.8578567505, 59.8615570068, -38.347858429, -10.828792572, 16.4858818054, 7.2012424469, 145.632217407, 53.176651001, 2.56327867508, -38.5476112366, -18.7356834412], [382.907501221, -183.780944824, -29.3984928131, -50.4508857727, -62.5692481995, 69.0731201172, -2.39937806129, -10.6450099945, 53.176651001, 143.941665649, -3.81901454926, -31.3257236481, -46.3992042542], [-145.053115845, 77.0214767456, -6.60092639923, 47.8832168579, 41.2079467773, -24.8400287628, -0.662524402142, -9.7998342514, 2.56327867508, -3.81901454926, 85.6770401001, 23.132314682, 9.72970581055], [-161.767593384, 69.6093521118, 43.1234283447, -2.85416030884, 52.4059486389, -40.320728302, -4.97300767899, -6.29054784775, -38.5476112366, -31.3257236481, 23.132314682, 93.5714797974, 20.0337772369], [-233.310409546, 84.4300613403, 29.6679382324, 59.9835281372, 39.8543243408, -33.9513053894, -12.6052627563, 27.2835903168, -18.7356834412, -46.3992042542, 9.72970581055, 20.0337772369, 84.6876602173]],
        "icov": [[0.000670805282425, -0.00111718918197, 0.00183932576329, -0.000151887521497, 0.00133497803472, -0.00155795994215, 0.000972508802079, -0.000991942710243, 0.00043775443919, -0.00170629017521, 0.00129753851797, -0.00120739056729, 0.000935084011871], [-0.00111718918197, 0.00642885314301, -0.00568924890831, 0.0018210579874, -0.00535018183291, 0.00597568508238, -0.00374458753504, 0.00291958637536, -0.00244094990194, 0.00644944328815, -0.00505835004151, 0.00455081602558, -0.0028702088166], [0.00183932576329, -0.00568924890831, 0.0125801749527, -0.00106509227771, 0.00338551262394, -0.00629568565637, 0.00394754158333, -0.00570382131264, 0.00280104251578, -0.00722379330546, 0.00681167514995, -0.0067643574439, 0.00287391641177], [-0.000151887521497, 0.0018210579874, -0.00106509227771, 0.00561230350286, -0.00411446252838, 1.29972668219e-05, 7.13345207259e-06, 0.000918877311051, -0.00442527700216, 0.00373528711498, -0.00296688824892, 0.00228916178457, -0.00332262646407], [0.00133497803472, -0.00535018183291, 0.00338551262394, -0.00411446252838, 0.0114289540797, -0.00453758705407, 0.00410900311545, -0.00251752976328, 0.00397672317922, -0.00546964863315, 0.00325783435255, -0.00551187573001, 0.00377760478295], [-0.00155795994215, 0.00597568508238, -0.00629568565637, 1.29972668219e-05, -0.00453758705407, 0.0126756988466, -0.00935766100883, 0.00554444827139, 0.00155442033429, 0.00232366658747, -0.00342027493753, 0.00667294114828, -0.00358388782479], [0.000972508802079, -0.00374458753504, 0.00394754158333, 7.13345207259e-06, 0.00410900311545, -0.00935766100883, 0.0160264596343, -0.00628786580637, -0.00256335060112, 0.000889886985533, 0.00102935661562, -0.00529818236828, 0.00480597745627], [-0.000991942710243, 0.00291958637536, -0.00570382131264, 0.000918877311051, -0.00251752976328, 0.00554444827139, -0.00628786580637, 0.01142927818, -0.000893456162885, 0.00208828528412, -0.0017702881014, 0.00495566194877, -0.00552908796817], [0.00043775443919, -0.00244094990194, 0.00280104251578, -0.00442527700216, 0.00397672317922, 0.00155442033429, -0.00256335060112, -0.000893456162885, 0.0138009227812, -0.00842761434615, 0.00269300118089, 0.00109506607987, 0.00231804070063], [-0.00170629017521, 0.00644944328815, -0.00722379330546, 0.00373528711498, -0.00546964863315, 0.00232366658747, 0.000889886985533, 0.00208828528412, -0.00842761434615, 0.0205142050982, -0.00810232944787, 0.00517505733296, 0.000801323796622], [0.00129753851797, -0.00505835004151, 0.00681167514995, -0.00296688824892, 0.00325783435255, -0.00342027493753, 0.00102935661562, -0.0017702881014, 0.00269300118089, -0.00810232944787, 0.0191722773015, -0.00732257403433, 0.00183813588228], [-0.00120739056729, 0.00455081602558, -0.0067643574439, 0.00228916178457, -0.00551187573001, 0.00667294114828, -0.00529818236828, 0.00495566194877, 0.00109506607987, 0.00517505733296, -0.00732257403433, 0.0194618981332, -0.00491605885327], [0.000935084011871, -0.0028702088166, 0.00287391641177, -0.00332262646407, 0.00377760478295, -0.00358388782479, 0.00480597745627, -0.00552908796817, 0.00231804070063, 0.000801323796622, 0.00183813588228, -0.00491605885327, 0.0197779983282]]
    },
    "melbands": {
        "dmean": [1.33697731144e-05, 2.98680879496e-05, 3.4243123082e-05, 7.12824912625e-05, 7.44614371797e-05, 1.91573126358e-05, 7.0937378041e-05, 0.000139808034874, 0.000106040060928, 0.000163416436408, 0.000156642694492, 4.55312147096e-05, 0.000129097636091, 0.000106017956568, 0.000112916568469, 0.000101631849247, 0.000113948299258, 9.438701818e-05, 3.45398111676e-05, 1.57062677317e-05, 1.80907118192e-05, 1.99616115424e-05, 1.6742875232e-05, 4.73598493045e-06, 2.71449039246e-06, 1.39915641739e-06, 9.76335059022e-07, 4.4025182433e-07, 2.39648954903e-07, 2.19746368657e-07, 1.27627529878e-07, 7.69876535855e-08, 5.91670996641e-08, 4.40220873088e-08, 2.65389061838e-08, 1.64710982631e-08, 1.12819815712e-08, 8.5494420432e-09, 4.53497328579e-09, 3.74397046699e-09],
        "dmean2": [1.99383503059e-05, 4.42415584985e-05, 5.42451525689e-05, 0.00011576803081, 0.000120204160339, 2.8851436582e-05, 0.000110563378257, 0.000212305531022, 0.000155283865752, 0.000240283334279, 0.000227422016906, 6.7863627919e-05, 0.00020688965742, 0.000164474389749, 0.000172048821696, 0.000152608161443, 0.000174849032192, 0.000147020604345, 5.22721966263e-05, 2.43052982114e-05, 2.83801055048e-05, 3.13217460644e-05, 2.67736213573e-05, 7.50298295316e-06, 4.43353019364e-06, 2.24599170906e-06, 1.56749831604e-06, 7.14121256351e-07, 3.7987132373e-07, 3.45754131104e-07, 2.001541759e-07, 1.17408426092e-07, 9.02779504486e-08, 6.6646443031e-08, 4.08735481017e-08, 2.58752432813e-08, 1.76118426509e-08, 1.35249713651e-08, 7.36609262475e-09, 6.22035356557e-09],
        "dvar": [2.82034423593e-10, 1.46275769275e-09, 2.10414574653e-09, 7.31083371619e-09, 8.88774032148e-09, 2.85138912481e-09, 4.63860274635e-08, 1.92951716826e-07, 1.3486338446e-07, 2.83333918105e-07, 2.94536022238e-07, 1.47352734459e-08, 1.63434833667e-07, 9.53953431804e-08, 1.48704032199e-07, 7.45279180592e-08, 9.17319198379e-08, 8.6157946555e-08, 1.29328663334e-08, 1.32851285528e-09, 7.70804531314e-10, 6.88205048505e-10, 5.40371025703e-10, 4.62439080084e-11, 3.81914985748e-11, 8.51225947368e-12, 2.59542127373e-12, 5.0099220562e-13, 3.98314438073e-13, 5.65935156811e-13, 1.94431940708e-13, 4.76796438431e-14, 2.50547958167e-14, 1.45263050314e-14, 5.09723124779e-15, 2.16582682371e-15, 8.10041642019e-16, 4.61816391826e-16, 1.5300402142e-16, 1.13055393294e-16],
        "dvar2": [5.56152734976e-10, 3.18204151917e-09, 5.5472186844e-09, 1.91978539732e-08, 2.54557601664e-08, 6.60848087364e-09, 1.25226833347e-07, 4.67656263936e-07, 2.97557249951e-07, 6.36752872651e-07, 6.70955671467e-07, 3.20499147222e-08, 3.77646017569e-07, 2.24497213708e-07, 3.47051127392e-07, 1.7249745099e-07, 2.03719494607e-07, 2.06138892622e-07, 2.99754212563e-08, 2.83592016537e-09, 1.75087411236e-09, 1.73967940054e-09, 1.34495325987e-09, 1.15261911127e-10, 1.00887735666e-10, 2.21758809232e-11, 6.46120743714e-12, 1.19986160764e-12, 9.62892200869e-13, 1.43576394263e-12, 4.84378921521e-13, 1.17551923599e-13, 5.57112271897e-14, 3.21744685744e-14, 1.22379735265e-14, 5.21618262567e-15, 1.89580224925e-15, 1.15601934323e-15, 4.05166828314e-16, 2.96947437283e-16],
        "max": [0.000303517910652, 0.000633867457509, 0.000716536771506, 0.00118282076437, 0.00111588602886, 0.00161678588483, 0.00381159945391, 0.00595452729613, 0.00756450369954, 0.0102919321507, 0.0112893395126, 0.00232076877728, 0.0077137821354, 0.00591995706782, 0.00799669232219, 0.00341039011255, 0.00439727120101, 0.00344759272411, 0.00163363001775, 0.000709692947567, 0.000551416596863, 0.000688456464559, 0.00043004762847, 0.000107794716314, 8.60286309035e-05, 4.87299694214e-05, 2.17991564568e-05, 1.02848380266e-05, 1.02089952634e-05, 1.58279472089e-05, 1.01011528386e-05, 3.94331482312e-06, 2.56134035226e-06, 1.84600378361e-06, 9.79482365437e-07, 7.96036204065e-07, 3.82793530207e-07, 2.89664939146e-07, 1.57035159987e-07, 1.4993324271e-07],
        "mean": [2.70244890999e-05, 6.56068732496e-05, 7.23952398403e-05, 0.00019605550915, 0.000174032276846, 3.80466553906e-05, 0.00011235189595, 0.000242694790359, 0.00017110267072, 0.000291895092232, 0.000279529369436, 8.17424297566e-05, 0.000245276256464, 0.000193483559997, 0.000188403369975, 0.000167772042914, 0.000177472436917, 0.000129342719447, 5.23386333953e-05, 2.8037256925e-05, 4.13626039517e-05, 5.6544700783e-05, 3.26696535922e-05, 1.0677775208e-05, 5.20184585184e-06, 3.12855149787e-06, 2.28999942919e-06, 9.2311302069e-07, 4.18422104076e-07, 3.33907678396e-07, 1.96195969693e-07, 1.30395932274e-07, 1.02839742055e-07, 7.54057936092e-08, 4.64042457793e-08, 2.78090102057e-08, 1.85158501864e-08, 1.24340546748e-08, 6.25306428859e-09, 4.49363524169e-09],
        "median": [1.26082859424e-05, 3.78999138775e-05, 5.25472096342e-05, 0.000148925639223, 0.000130797969177, 1.17929866974e-05, 1.19771975733e-05, 5.62425266253e-05, 2.06082113436e-05, 1.79301077878e-05, 2.2972257284e-05, 2.06248805625e-05, 8.36557519506e-05, 5.62085988349e-05, 2.44735438173e-05, 1.56077348947e-05, 2.23298120545e-05, 1.12830084618e-05, 6.16471515968e-06, 9.78983098321e-06, 2.38866032305e-05, 4.34515350207e-05, 2.23486949835e-05, 7.29959310775e-06, 2.54037490777e-06, 9.65101207839e-07, 1.18229786494e-06, 5.41024348877e-07, 1.43925220186e-07, 7.19483850276e-08, 2.27115055651e-08, 9.90015891489e-09, 6.99961333339e-09, 6.80914924445e-09, 5.45615019831e-09, 4.35343894267e-09, 3.72595909681e-09, 1.61375257601e-09, 4.4379605546e-10, 2.77767170376e-10],
        "min": [5.85903481501e-24, 4.90908496306e-24, 6.55978074597e-24, 4.36756468936e-24, 8.23325449309e-24, 5.70449617481e-24, 6.23562320609e-24, 9.38222882382e-24, 9.64675045142e-24, 5.92806290523e-24, 5.31578772478e-24, 7.65386771264e-24, 8.92822359565e-24, 6.56105475634e-24, 1.00553930221e-23, 7.35169217632e-24, 9.62001753307e-24, 9.1049268607e-24, 7.27046316891e-24, 5.50277773603e-24, 3.66379150467e-24, 7.04641957207e-24, 7.09685776063e-24, 1.06919517078e-23, 9.14248926156e-24, 7.87664439886e-24, 1.03776261358e-23, 9.06136359493e-24, 6.88363812428e-24, 6.46864088458e-24, 9.0219339603e-24, 6.73042713699e-24, 8.19095813794e-24, 1.10463735019e-23, 1.32532797263e-23, 1.11177835576e-23, 1.22138481986e-23, 1.01103655831e-23, 9.0741107983e-24, 6.88192235181e-24],
        "stdev": [3.70626839867e-05, 7.49209721107e-05, 7.04207268427e-05, 0.000158178590937, 0.000158443523105, 8.63636887516e-05, 0.000299778970657, 0.000623953936156, 0.000553546356969, 0.000912768300623, 0.00084803259233, 0.000198130001081, 0.000628958456218, 0.000470792932902, 0.000584670575336, 0.000406911654864, 0.000419849122409, 0.000358224118827, 0.000154748966452, 5.92563010287e-05, 5.5099313613e-05, 4.98797999171e-05, 3.55154297722e-05, 1.13340311145e-05, 7.75226453698e-06, 5.39758548257e-06, 3.0273683933e-06, 1.10856092306e-06, 7.84949236277e-07, 8.30810677144e-07, 5.34531011454e-07, 3.22660213214e-07, 2.43148178924e-07, 1.73408238879e-07, 1.0606942169e-07, 6.515894313e-08, 4.08961220444e-08, 2.99368423384e-08, 1.64934697011e-08, 1.29562636175e-08],
