{
"lowlevel": {
    "average_loudness": 0.8625446558,
    "barkbands_crest": {
        "dmean": 2.99854850769,
        "dmean2": 4.74003458023,
        "dvar": 7.85658168793,
        "dvar2": 18.5680236816,
        "max": 26.4383869171,
        "mean": 12.6309719086,
        "median": 11.539888382,
        "min": 3.5051381588,
        "stdev": 5.31439733505,
        "var": 28.242816925
    },
    "barkbands_flatness_db": {
        "dmean": 0.0400225967169,
        "dmean2": 0.0581531487405,
        "dvar": 0.00163438951131,
        "dvar2": 0.00360683491454,
        "max": 0.511019408703,
        "mean": 0.217684149742,
        "median": 0.213152080774,
        "min": 0.0464350394905,
        "stdev": 0.0770799294114,
        "var": 0.00594131555408
    },
    "barkbands_kurtosis": {
        "dmean": 8.43773841858,
        "dmean2": 13.2499065399,
        "dvar": 200.802078247,
        "dvar2": 446.667327881,
        "max": 174.640640259,
        "mean": 12.1426048279,
        "median": 5.92962265015,
        "min": -1.71044921875,
        "stdev": 18.7111721039,
        "var": 350.107971191
    },
    "barkbands_skewness": {
        "dmean": 0.914304018021,
        "dmean2": 1.41100645065,
        "dvar": 1.05389845371,
        "dvar2": 2.31935930252,
        "max": 11.6396532059,
        "mean": 2.23781132698,
        "median": 1.87106251717,
        "min": -1.77940917015,
        "stdev": 1.66488194466,
        "var": 2.77183175087
    },
    "barkbands_spread": {
        "dmean": 4.1515750885,
        "dmean2": 6.54364299774,
        "dvar": 38.0233879089,
        "dvar2": 89.9446792603,
        "max": 81.3220291138,
        "mean": 11.7455730438,
        "median": 8.0502910614,
        "min": 0.287667036057,
        "stdev": 10.1519842148,
        "var": 103.062789917
    },
    "dissonance": {
        "dmean": 0.0420335829258,
        "dmean2": 0.0688416138291,
        "dvar": 0.00139855185989,
        "dvar2": 0.00344135472551,
        "max": 0.499950140715,
        "mean": 0.39667865634,
        "median": 0.411082774401,
        "min": 0,
        "stdev": 0.0638785362244,
        "var": 0.00408046785742
    },
    "dynamic_complexity": 4.49185752869,
    "erbbands_crest": {
        "dmean": 3.47828125954,
        "dmean2": 5.47305631638,
        "dvar": 10.592965126,
        "dvar2": 26.4666595459,
        "max": 30.5968265533,
        "mean": 14.0812015533,
        "median": 13.3036746979,
        "min": 3.17448115349,
        "stdev": 5.49898719788,
        "var": 30.238861084
    },
    "erbbands_flatness_db": {
        "dmean": 0.0311990529299,
        "dmean2": 0.0461254306138,
        "dvar": 0.000952465168666,
        "dvar2": 0.0021324774716,
        "max": 0.410538971424,
        "mean": 0.217757508159,
        "median": 0.214261978865,
        "min": 0.0778420418501,
        "stdev": 0.0580451190472,
        "var": 0.0033692358993
    },
    "erbbands_kurtosis": {
        "dmean": 3.07813453674,
        "dmean2": 4.83809280396,
        "dvar": 33.3305702209,
        "dvar2": 77.8355712891,
        "max": 84.633682251,
        "mean": 3.55985021591,
        "median": 1.152592659,
        "min": -1.66176056862,
        "stdev": 6.83724927902,
        "var": 46.7479782104
    },
    "erbbands_skewness": {
        "dmean": 0.620189249516,
        "dmean2": 0.917611300945,
        "dvar": 0.49352145195,
        "dvar2": 1.06438732147,
        "max": 7.35007429123,
        "mean": 1.14521920681,
        "median": 0.924211382866,
        "min": -1.70212161541,
        "stdev": 1.16192674637,
        "var": 1.35007369518
    },
    "erbbands_spread": {
        "dmean": 8.28927516937,
        "dmean2": 12.9142284393,
        "dvar": 101.7603302,
        "dvar2": 232.327209473,
        "max": 116.207702637,
        "mean": 26.6008796692,
        "median": 25.1827278137,
        "min": 1.28399693966,
        "stdev": 15.6638860703,
        "var": 245.357315063
    },
    "hfc": {
        "dmean": 4.29553318024,
        "dmean2": 5.92429828644,
        "dvar": 43.0713386536,
        "dvar2": 72.5849533081,
        "max": 74.2533950806,
        "mean": 12.1211519241,
        "median": 6.52569484711,
        "min": 1.20282701917e-16,
        "stdev": 13.104385376,
        "var": 171.724914551
    },
    "loudness_ebu128": {
        "integrated": -9.58163928986,
        "loudness_range": 6.59872913361,
        "momentary": {
            "dmean": 0.686129212379,
            "dmean2": 0.751583278179,
            "dvar": 0.45913374424,
            "dvar2": 0.442129909992,
            "max": -4.9264421463,
            "mean": -10.8825178146,
            "median": -10.8854436874,
            "min": -18.8901042938,
            "stdev": 3.54862642288,
            "var": 12.5927495956
        },
        "short_term": {
            "dmean": 0.164246097207,
            "dmean2": 0.114580765367,
            "dvar": 0.0242384281009,
            "dvar2": 0.0163935571909,
            "max": -6.71744823456,
            "mean": -10.0662651062,
            "median": -9.38643264771,
            "min": -14.7224464417,
            "stdev": 2.40978097916,
            "var": 5.80704402924
        }
    },
    "melbands_crest": {
        "dmean": 3.54949855804,
        "dmean2": 5.55775022507,
        "dvar": 10.2276821136,
        "dvar2": 23.6271190643,
        "max": 33.738193512,
        "mean": 17.5034103394,
        "median": 16.926984787,
        "min": 2.60335612297,
        "stdev": 6.3393034935,
        "var": 40.1867713928
    },
    "melbands_flatness_db": {
        "dmean": 0.0437652282417,
        "dmean2": 0.0624214485288,
        "dvar": 0.00225454289466,
        "dvar2": 0.00455504376441,
        "max": 0.644288957119,
        "mean": 0.281001120806,
        "median": 0.272203624249,
        "min": 0.00605222117156,
        "stdev": 0.0972082689404,
        "var": 0.00944944750518
    },
    "melbands_kurtosis": {
        "dmean": 14.3688850403,
        "dmean2": 22.9629421234,
        "dvar": 596.701904297,
        "dvar2": 1364.65771484,
        "max": 295.711608887,
        "mean": 21.7457695007,
        "median": 10.0000934601,
        "min": -1.14300000668,
        "stdev": 32.1916236877,
        "var": 1036.30053711
    },
    "melbands_skewness": {
        "dmean": 1.06534385681,
        "dmean2": 1.65019488335,
        "dvar": 1.51240503788,
        "dvar2": 3.3710911274,
        "max": 12.8529396057,
        "mean": 2.89975333214,
        "median": 2.38442707062,
        "min": -1.28542947769,
        "stdev": 2.04890966415,
        "var": 4.1980304718
    },
    "melbands_spread": {
        "dmean": 4.69992780685,
        "dmean2": 7.14257335663,
        "dvar": 50.252948761,
        "dvar2": 95.3833999634,
        "max": 130.702423096,
        "mean": 13.413146019,
        "median": 8.96656799316,
        "min": 0.456921696663,
        "stdev": 12.8600416183,
        "var": 165.38067627
    },
    "pitch_salience": {
        "dmean": 0.0837769284844,
        "dmean2": 0.133275315166,
        "dvar": 0.00633164122701,
        "dvar2": 0.014488809742,
        "max": 0.904054105282,
        "mean": 0.477091014385,
        "median": 0.491810798645,
        "min": 0.0772595182061,
        "stdev": 0.141120821238,
        "var": 0.0199150852859
    },
    "silence_rate_20dB": {
        "dmean": 0,
        "dmean2": 0,
        "dvar": 0,
        "dvar2": 0,
        "max": 1,
        "mean": 1,
        "median": 1,
        "min": 1,
        "stdev": 0,
        "var": 0
    },
    "silence_rate_30dB": {
        "dmean": 0,
        "dmean2": 0,
        "dvar": 0,
        "dvar2": 0,
        "max": 1,
        "mean": 1,
        "median": 1,
        "min": 1,
        "stdev": 0,
        "var": 0
    },
    "silence_rate_60dB": {
        "dmean": 0.0783101469278,
        "dmean2": 0.156185567379,
        "dvar": 0.0721786171198,
        "dvar2": 0.157565012574,
        "max": 1,
        "mean": 0.102986611426,
        "median": 0,
        "min": 0,
        "stdev": 0.303939431906,
        "var": 0.0923791825771
    },
    "spectral_centroid": {
        "dmean": 212.445587158,
        "dmean2": 318.761901855,
        "dvar": 127302.773438,
        "dvar2": 213587.5,
        "max": 11336.1572266,
        "mean": 828.536804199,
        "median": 675.39855957,
        "min": 172.515853882,
        "stdev": 599.070739746,
        "var": 358885.78125
    },
    "spectral_complexity": {
        "dmean": 2.00412154198,
        "dmean2": 3.12783503532,
        "dvar": 4.69035625458,
        "dvar2": 10.0578336716,
        "max": 24,
        "mean": 8.89134883881,
        "median": 9,
        "min": 0,
        "stdev": 3.70807528496,
        "var": 13.7498216629
    },
    "spectral_decrease": {
        "dmean": 1.58880453238e-09,
        "dmean2": 2.32950392309e-09,
        "dvar": 5.20772813175e-18,
        "dvar2": 9.88505647419e-18,
        "max": 5.43173272222e-29,
        "mean": -5.02909758282e-09,
        "median": -2.71656297457e-09,
        "min": -2.6729660263e-08,
        "stdev": 4.73311256854e-09,
        "var": 2.24023555131e-17
    },
    "spectral_energy": {
        "dmean": 0.00632482441142,
        "dmean2": 0.0092327510938,
        "dvar": 8.24542948976e-05,
        "dvar2": 0.000155108427862,
        "max": 0.105726599693,
        "mean": 0.0200803913176,
        "median": 0.0108880484477,
        "min": 1.07049885935e-20,
        "stdev": 0.018890703097,
        "var": 0.000356858654413
    },
    "spectral_energyband_high": {
        "dmean": 0.000143434808706,
        "dmean2": 0.000214053885429,
        "dvar": 7.11210930149e-08,
        "dvar2": 1.47867197597e-07,
        "max": 0.00349924573675,
        "mean": 0.000267951894784,
        "median": 8.75487457961e-05,
        "min": 7.37244834998e-21,
        "stdev": 0.00041543340194,
        "var": 1.72584918801e-07
    },
    "spectral_energyband_low": {
        "dmean": 0.000798642286099,
        "dmean2": 0.00132157839835,
        "dvar": 1.60095680712e-06,
        "dvar2": 4.18355512011e-06,
        "max": 0.0200698040426,
        "mean": 0.0014134941157,
        "median": 0.000849266303703,
        "min": 9.23514413032e-23,
        "stdev": 0.00167615991086,
        "var": 2.80951189779e-06
    },
    "spectral_energyband_middle_high": {
        "dmean": 0.0018426872557,
        "dmean2": 0.0026205140166,
        "dvar": 1.90188093256e-05,
        "dvar2": 3.86240972148e-05,
        "max": 0.0564887039363,
        "mean": 0.00329746189527,
        "median": 0.00131746695843,
        "min": 1.66182634838e-21,
        "stdev": 0.00629763724282,
        "var": 3.96602372348e-05
    },
    "spectral_energyband_middle_low": {
        "dmean": 0.00577161321416,
        "dmean2": 0.00867497362196,
        "dvar": 7.6083066233e-05,
        "dvar2": 0.000153561661136,
        "max": 0.100951708853,
        "mean": 0.0156857073307,
        "median": 0.00705340970308,
        "min": 3.60855118846e-22,
        "stdev": 0.0170884169638,
        "var": 0.00029201398138
    },
    "spectral_entropy": {
        "dmean": 0.385968744755,
        "dmean2": 0.571010887623,
        "dvar": 0.156663149595,
        "dvar2": 0.350088745356,
        "max": 9.78384780884,
        "mean": 6.57094812393,
        "median": 6.62627410889,
        "min": 4.22284936905,
        "stdev": 0.66814249754,
        "var": 0.446414411068
    },
    "spectral_flux": {
        "dmean": 0.0289975199848,
        "dmean2": 0.0443477220833,
        "dvar": 0.000974778376985,
        "dvar2": 0.0022192876786,
        "max": 0.304005146027,
        "mean": 0.0666549056768,
        "median": 0.0489844754338,
        "min": 1.03464917189e-10,
        "stdev": 0.0528537854552,
        "var": 0.00279352255166
    },
    "spectral_kurtosis": {
        "dmean": 5.25799131393,
        "dmean2": 8.24656486511,
        "dvar": 84.3165740967,
        "dvar2": 173.082946777,
        "max": 164.840164185,
        "mean": 10.000123024,
        "median": 5.83979845047,
        "min": -1.20192277431,
        "stdev": 14.3118562698,
        "var": 204.829223633
    },
    "spectral_rms": {
        "dmean": 0.000709100975655,
        "dmean2": 0.00100735586602,
        "dvar": 7.23933737845e-07,
        "dvar2": 1.23189670376e-06,
        "max": 0.010156176053,
        "mean": 0.00392649928108,
        "median": 0.00325921550393,
        "min": 3.23170093117e-12,
        "stdev": 0.00204285653308,
        "var": 4.17326236857e-06
    },
    "spectral_rolloff": {
        "dmean": 301.575866699,
        "dmean2": 515.598999023,
        "dvar": 463435.25,
        "dvar2": 840642.3125,
        "max": 19121.484375,
        "mean": 916.868591309,
        "median": 602.9296875,
        "min": 129.19921875,
        "stdev": 957.922851562,
        "var": 917616.1875
    },
    "spectral_skewness": {
        "dmean": 0.537546992302,
        "dmean2": 0.814139425755,
        "dvar": 0.444228887558,
        "dvar2": 0.908720850945,
        "max": 11.4536571503,
        "mean": 2.29780054092,
        "median": 1.97937548161,
        "min": -0.00994220282882,
        "stdev": 1.22849833965,
        "var": 1.50920820236
    },
    "spectral_spread": {
        "dmean": 805646.75,
        "dmean2": 1252662.75,
        "dvar": 1.38238309171e+12,
        "dvar2": 2.42018628403e+12,
        "max": 39860072,
        "mean": 4112984,
        "median": 4049592,
        "min": 733178.0625,
        "stdev": 1600784.875,
        "var": 2.56251212595e+12
    },
    "spectral_strongpeak": {
        "dmean": 0.523367643356,
        "dmean2": 0.83192461729,
        "dvar": 0.653788030148,
        "dvar2": 1.39953434467,
        "max": 8.76310157776,
        "mean": 1.25073158741,
        "median": 0.77313554287,
        "min": 0,
        "stdev": 1.29955947399,
        "var": 1.68885469437
    },
    "zerocrossingrate": {
        "dmean": 0.00841222330928,
        "dmean2": 0.00939135998487,
        "dvar": 0.000145134035847,
        "dvar2": 0.000132425542688,
        "max": 0.50244140625,
        "mean": 0.0387693308294,
        "median": 0.03271484375,
        "min": 0.00048828125,
        "stdev": 0.0272878278047,
        "var": 0.000744625518564
    },
    "barkbands": {
        "dmean": [7.2239590736e-06, 0.000257257255726, 0.00039340328658, 0.000895111530554, 0.00161369692069, 0.002768216189, 0.0013761119917, 0.000924569787458, 0.00129776110407, 0.000656250922475, 0.00042149447836, 0.000537738960702, 0.00048824492842, 0.000158169961651, 0.000190593287698, 4.44544057245e-05, 3.35519871442e-05, 2.39668443101e-05, 4.19694952143e-05, 0.000114387468784, 3.78053882741e-05, 3.02913776977e-05, 2.24166160478e-05, 1.68987990037e-05, 1.32753975777e-05, 7.36253332434e-06, 2.65023885504e-07],
        "dmean2": [1.25321848827e-05, 0.000436357746366, 0.000667210144456, 0.00143567053601, 0.00248035369441, 0.00410201447085, 0.00222182762809, 0.00147370004561, 0.00188786175568, 0.000950791523792, 0.000655990152154, 0.000832850113511, 0.000763949879911, 0.000252482423093, 0.000294408295304, 6.83146936353e-05, 5.31500736543e-05, 3.83803781006e-05, 6.78532160237e-05, 0.000170508792507, 6.02865766268e-05, 4.83754229208e-05, 3.51270646206e-05, 2.6217139748e-05, 2.03379167942e-05, 1.24271355162e-05, 4.37101249418e-07],
        "dvar": [1.64326066643e-10, 2.09625170555e-07, 5.53251084057e-07, 3.34904484589e-06, 1.30128855744e-05, 3.40582118952e-05, 3.48343310179e-05, 1.13687638077e-05, 2.17004962906e-05, 8.16054944153e-06, 4.21073764301e-06, 3.69464123651e-06, 4.23917754233e-06, 4.38306187789e-07, 6.94191669481e-07, 1.28572601454e-08, 5.22471088615e-09, 7.0680488129e-09, 1.54509436356e-08, 6.62140777763e-08, 6.87507162311e-09, 4.56785853586e-09, 3.08973935326e-09, 1.53009405146e-09, 1.46246204036e-09, 6.91956769661e-10, 1.46968114761e-12],
        "dvar2": [4.20058710038e-10, 5.81533640798e-07, 1.50124367337e-06, 8.12303005659e-06, 2.71560238616e-05, 7.27902879589e-05, 7.44305507396e-05, 2.73580226349e-05, 4.15412250732e-05, 1.71445444721e-05, 9.92521472654e-06, 8.36717754282e-06, 1.0243309589e-05, 9.43197278502e-07, 1.45280080233e-06, 2.90218356014e-08, 1.16160769892e-08, 1.90026003821e-08, 3.83526987946e-08, 1.46587936456e-07, 1.69522138549e-08, 1.13561400283e-08, 6.68684974059e-09, 3.52425422179e-09, 3.18907122931e-09, 1.53364232425e-09, 3.00977255271e-12],
        "max": [0.000244741153438, 0.00785110890865, 0.0141710992903, 0.0341796651483, 0.0598865821958, 0.0807281583548, 0.100512370467, 0.0483774766326, 0.074440561235, 0.0576467216015, 0.0524838715792, 0.0314396321774, 0.0305869411677, 0.0163546279073, 0.0175855625421, 0.0021424239967, 0.000973193673417, 0.00211373553611, 0.00207693944685, 0.00452937977389, 0.00126273371279, 0.000924825260881, 0.000888950133231, 0.000797705317382, 0.00105059496127, 0.000653158465866, 3.24929169437e-05],
        "mean": [6.80848370394e-06, 0.000362501421478, 0.000588752678595, 0.00148528651334, 0.00302701327018, 0.0057533280924, 0.00207927613519, 0.00122473563533, 0.00183858524542, 0.000861898763105, 0.000528518168721, 0.000761382223573, 0.000592855387367, 0.000157442031195, 0.000247283838689, 7.25090867491e-05, 4.37698799942e-05, 2.82633645838e-05, 4.96711982123e-05, 0.000188065692782, 5.38661806786e-05, 4.49626240879e-05, 3.36933408107e-05, 2.36631767621e-05, 1.83214906428e-05, 7.71157556301e-06, 2.45772696417e-07],
        "median": [2.60843557953e-06, 0.000204053212656, 0.000250771496212, 0.000442186021246, 0.000956851930823, 0.000398863281589, 0.0001422122441, 0.000196690845769, 4.03863668907e-05, 4.74344560644e-05, 2.2857931981e-05, 0.000154057692271, 0.00010646955343, 3.23046042467e-05, 4.53755565104e-05, 2.25903204409e-05, 1.48848930621e-05, 7.75998887548e-06, 1.1056976291e-05, 3.9946527977e-05, 1.46418024087e-05, 1.09791053546e-05, 7.14518682798e-06, 4.84194060846e-06, 3.14414728564e-06, 1.24544249047e-06, 9.55440171424e-09],
        "min": [5.93237284678e-23, 5.30015321161e-23, 4.17191495752e-24, 1.91217153967e-23, 4.85570172009e-23, 1.37209858906e-23, 1.51511238164e-22, 6.280125453e-23, 5.51036129257e-23, 7.74325732835e-23, 2.16803604992e-23, 1.32328236164e-22, 1.13888164431e-22, 1.76389942118e-22, 1.88034349494e-22, 6.91658411113e-23, 1.67244494628e-22, 2.7235744608e-22, 3.29693850912e-22, 1.83570759922e-22, 5.08737028866e-22, 4.16679712773e-22, 5.93989239515e-22, 6.4455216907e-22, 1.14895023577e-21, 1.77263310852e-21, 2.37440215739e-21],
        "stdev": [1.24739735838e-05, 0.000489457510412, 0.000899483100511, 0.00290774018504, 0.00573928188533, 0.0106692286208, 0.0089439721778, 0.00385926989838, 0.00672769267112, 0.0035593865905, 0.00255282362923, 0.00216671987437, 0.0021462701261, 0.000701158249285, 0.00112295418512, 0.000142209901242, 8.56907281559e-05, 7.87466560723e-05, 0.000136639879202, 0.000352710223524, 9.778040112e-05, 8.70151488925e-05, 7.72208659328e-05, 5.08016892127e-05, 5.39607244718e-05, 3.40735859936e-05, 1.5758103018e-06],
        "var": [1.55600018981e-10, 2.39568663574e-07, 8.09069831575e-07, 8.45495287649e-06, 3.2939358789e-05, 0.000113832436909, 7.99946355983e-05, 1.48939634528e-05, 4.52618478448e-05, 1.26692320919e-05, 6.51690879749e-06, 4.69467522635e-06, 4.6064756134e-06, 4.91622870413e-07, 1.26102611375e-06, 2.0223655639e-08, 7.34290095394e-09, 6.20103612903e-09, 1.86704554039e-08, 1.24404508028e-07, 9.56100709715e-09, 7.57163665099e-09, 5.96306248823e-09, 2.58081156446e-09, 2.91175994427e-09, 1.16100928871e-09, 2.48317815962e-12]
    },
    "erbbands": {
        "dmean": [0.00207722838968, 0.0782374888659, 0.436806827784, 1.5010933876, 3.52869844437, 5.15167331696, 15.7138738632, 24.737947464, 19.6027393341, 18.2595615387, 24.7657337189, 31.1592006683, 20.2711963654, 18.4823722839, 16.9758911133, 21.7773571014, 21.0436897278, 10.477845192, 11.4441280365, 4.53346729279, 2.013890028, 1.7234389782, 1.43945598602, 1.16789925098, 4.36915206909, 4.41069602966, 2.20789980888, 1.42240011692, 1.03225684166, 0.750195086002, 0.671346545219, 0.392686665058, 0.284037530422, 0.172601550817, 0.0900971218944, 0.0422376096249, 0.0110060274601, 0.00169013987761, 3.74189294234e-05, 7.78945104685e-06],
        "dmean2": [0.00356687535532, 0.132792398334, 0.73466771841, 2.42540025711, 5.73082017899, 8.05698108673, 22.7167243958, 36.8639564514, 30.3460998535, 27.9611854553, 38.9315795898, 45.5162887573, 28.7167854309, 27.2625656128, 26.2854423523, 32.7486572266, 32.5268173218, 15.6344547272, 17.8746509552, 6.59649181366, 3.05671453476, 2.65810203552, 2.26679968834, 1.86501646042, 6.8284611702, 6.69237089157, 3.4202067852, 2.20850348473, 1.63106822968, 1.21103429794, 1.06693923473, 0.616178154945, 0.440241098404, 0.264969617128, 0.14355096221, 0.0721186473966, 0.0184062868357, 0.00283974572085, 5.99066734139e-05, 1.13432179205e-05],
        "dvar": [1.13470296128e-05, 0.0193775817752, 0.618639111519, 8.16820812225, 52.0871086121, 246.139572144, 1517.74072266, 3591.37182617, 5656.06152344, 6136.47021484, 8104.14257812, 15051.2597656, 8033.54052734, 6255.95849609, 3629.09545898, 6056.55126953, 7876.29980469, 1214.28442383, 2005.77233887, 306.610992432, 17.0716018677, 12.7389669418, 19.5035324097, 9.11923789978, 144.872253418, 114.478942871, 24.8435745239, 9.23433208466, 5.55825948715, 3.9815928936, 3.25684046745, 1.0214881897, 0.440085321665, 0.214103594422, 0.091425254941, 0.0189620759338, 0.00205034436658, 7.35348949092e-05, 2.65666937338e-08, 1.21456331104e-10],
        "dvar2": [3.08016533381e-05, 0.0535817854106, 1.68435299397, 20.5370597839, 124.806274414, 555.899047852, 2752.75439453, 7827.85839844, 12389.3154297, 12836.4091797, 19018.0429688, 29687.421875, 14797.3232422, 14668.4765625, 8596.22558594, 12977.4453125, 18993.171875, 2361.81347656, 4439.03662109, 564.391357422, 37.1058158875, 27.5306797028, 50.8830108643, 23.8516921997, 357.50189209, 246.189437866, 59.3185272217, 20.289068222, 13.8017044067, 9.43745040894, 7.21402740479, 2.29339814186, 1.05958342552, 0.468379974365, 0.215530559421, 0.0459603369236, 0.00433592312038, 0.000177973604877, 5.88998183559e-08, 2.23590493342e-10],
        "max": [0.0569306202233, 2.33984065056, 12.9472837448, 49.0646629333, 125.507499695, 340.955047607, 645.609313965, 894.483093262, 1627.73181152, 1503.64001465, 1335.04052734, 2197.22436523, 2029.94262695, 1799.5958252, 1026.90856934, 1508.16992188, 1316.63208008, 907.584716797, 853.889587402, 446.910308838, 66.9510879517, 68.5548782349, 103.749404907, 66.5467605591, 215.513931274, 198.699966431, 88.0742645264, 60.770565033, 42.0085372925, 30.9413986206, 27.4554824829, 16.5423030853, 13.6538133621, 11.3367919922, 7.20582962036, 3.04968047142, 1.09807670116, 0.200546234846, 0.00410512462258, 0.000153660250362],
        "mean": [0.00323056615889, 0.111858159304, 0.646935164928, 2.5605597496, 5.96335697174, 8.21447944641, 38.8776359558, 48.3612785339, 29.1730499268, 25.0881824493, 35.5350532532, 46.8586349487, 29.4900474548, 26.3946323395, 22.9524898529, 33.8196792603, 26.1537284851, 13.9715156555, 14.2587366104, 6.26869916916, 3.40958714485, 2.5156288147, 1.91298937798, 1.7240678072, 5.94785022736, 6.79599952698, 3.69895100594, 2.2836856842, 1.59780323505, 1.08025276661, 0.968516111374, 0.584224820137, 0.383833885193, 0.240185067058, 0.115855872631, 0.0437901578844, 0.0120922643691, 0.00167077593505, 4.72837018606e-05, 2.46713607339e-05],
        "median": [0.00200672424398, 0.0656640976667, 0.334795415401, 1.02914726734, 2.03275036812, 2.77615523338, 4.47641658783, 3.29155135155, 3.18679952621, 2.94764208794, 6.24037694931, 1.88330936432, 1.29112100601, 3.13595962524, 4.36756515503, 8.62523555756, 5.06221389771, 3.78994107246, 3.82012009621, 1.43558883667, 1.25163888931, 0.99417412281, 0.661004900932, 0.637945652008, 1.2790389061, 1.46849906445, 0.93113732338, 0.518563270569, 0.375876605511, 0.252199202776, 0.197410970926, 0.117046430707, 0.0714785605669, 0.0409083254635, 0.01795963943, 0.00688078254461, 0.00173927051947, 0.000168389611645, 1.44220675793e-05, 1.40386928251e-05],
        "min": [2.65661311989e-21, 7.90855589876e-21, 7.27260344952e-21, 2.97486621575e-20, 6.82952173102e-20, 2.52423211209e-19, 1.19662480653e-19, 1.93946776403e-19, 1.63757866106e-18, 1.74844081887e-18, 1.72721040127e-18, 1.05625060221e-18, 2.02288011417e-18, 2.11923900411e-18, 2.26209206192e-18, 4.7118726456e-18, 5.6956430976e-18, 8.65986053912e-18, 6.55713640273e-18, 9.45074446639e-18, 5.34260489371e-18, 9.67817860299e-18, 1.25756061731e-17, 2.05539856928e-17, 1.28039899131e-17, 9.23301315837e-18, 1.65526748419e-17, 1.9540289087e-17, 1.43675200895e-17, 1.62116034599e-17, 1.72151654488e-17, 1.26359614065e-17, 1.11801392449e-17, 1.37539762409e-17, 8.10660574949e-18, 5.78002792779e-18, 3.41755522379e-18, 1.30969212446e-18, 3.65309169789e-19, 3.53998405491e-20],
        "stdev": [0.00378138315864, 0.148054689169, 0.91234254837, 4.32941865921, 11.4720926285, 19.7308673859, 80.8298797607, 111.305854797, 102.118339539, 109.785224915, 110.013275146, 172.810546875, 127.415916443, 98.7907333374, 70.4896240234, 92.1497879028, 91.8748016357, 43.1406745911, 54.1762084961, 24.8573436737, 5.82360267639, 4.61556816101, 4.47091579437, 3.2176322937, 13.3875589371, 14.6344442368, 6.6450176239, 4.22576856613, 3.07137274742, 2.5952603817, 2.36462640762, 1.36129164696, 0.821470022202, 0.641165614128, 0.390703052282, 0.163663774729, 0.0614923164248, 0.010234980844, 0.000212421975448, 2.32422262343e-05],
        "var": [1.4298858332e-05, 0.0219201892614, 0.832368969917, 18.7438678741, 131.608901978, 389.307159424, 6533.46972656, 12388.9941406, 10428.1552734, 12052.7958984, 12102.9208984, 29863.4863281, 16234.8154297, 9759.609375, 4968.78662109, 8491.58300781, 8440.97851562, 1861.11791992, 2935.06176758, 617.887573242, 33.9143486023, 21.3034687042, 19.9890861511, 10.3531579971, 179.226745605, 214.166946411, 44.1562614441, 17.8571186066, 9.43333053589, 6.73537683487, 5.59145784378, 1.85311508179, 0.67481303215, 0.411093324423, 0.152648881078, 0.0267858300358, 0.00378130492754, 0.000104754828499, 4.51230981469e-08, 5.40201050558e-10]
    },
    "gfcc": {
        "mean": [-79.8754653931, 115.268493652, -110.364814758, 19.4998569489, -71.3099899292, 8.98378753662, -40.2428665161, -9.93528461456, -31.5498809814, 2.92563843727, -11.9430942535, -8.01628303528, -10.7418003082],
        "cov": [[7103.96875, -2411.23657227, -1801.0090332, -270.409851074, -861.005859375, 44.3726577759, -169.656387329, 221.834869385, -458.3777771, 471.947814941, 54.3807411194, 257.495941162, 263.622314453], [-2411.23657227, 1732.07141113, 611.64630127, 63.3486099243, 374.015289307, -139.250976562, 199.916885376, -169.463134766, 230.237976074, -348.457000732, 27.9009723663, -213.414581299, -66.3514633179], [-1801.0090332, 611.64630127, 1390.83959961, 41.9528961182, 189.604812622, -106.434303284, -93.338508606, 38.1585426331, 85.7958602905, -114.425827026, -154.147186279, 15.3816137314, -107.542060852], [-270.409851074, 63.3486099243, 41.9528961182, 600.794006348, 200.067077637, 99.7260971069, -31.6365604401, -130.6925354, 35.3368110657, -63.2217178345, -31.2299480438, -76.5303955078, -100.043243408], [-861.005859375, 374.015289307, 189.604812622, 200.067077637, 367.076477051, 69.0562438965, -3.32884001732, -60.2097740173, 56.9774589539, -75.3817749023, -47.7479362488, -57.9857292175, -130.868743896], [44.3726577759, -139.250976562, -106.434303284, 99.7260971069, 69.0562438965, 310.098388672, 28.1315555573, -4.24919176102, -36.8571548462, -17.1523799896, -1.75414824486, -21.1948070526, -87.7797622681], [-169.656387329, 199.916885376, -93.338508606, -31.6365604401, -3.32884001732, 28.1315555573, 197.790115356, -6.13800525665, 0.776764988899, -56.6693649292, 16.4641532898, -39.9987487793, 6.25644207001], [221.834869385, -169.463134766, 38.1585426331, -130.6925354, -60.2097740173, -4.24919176102, -6.13800525665, 190.235717773, 14.6976900101, 45.3892974854, -11.2529029846, 31.7987957001, -1.7655415535], [-458.3777771, 230.237976074, 85.7958602905, 35.3368110657, 56.9774589539, -36.8571548462, 0.776764988899, 14.6976900101, 182.026275635, -3.56323480606, -7.28550291061, -37.6233139038, -17.5114917755], [471.947814941, -348.457000732, -114.425827026, -63.2217178345, -75.3817749023, -17.1523799896, -56.6693649292, 45.3892974854, -3.56323480606, 191.235794067, 3.2225496769, 33.2128601074, 36.7701950073], [54.3807411194, 27.9009723663, -154.147186279, -31.2299480438, -47.7479362488, -1.75414824486, 16.4641532898, -11.2529029846, -7.28550291061, 3.2225496769, 153.942764282, 1.60074198246, 23.0440559387], [257.495941162, -213.414581299, 15.3816137314, -76.5303955078, -57.9857292175, -21.1948070526, -39.9987487793, 31.7987957001, -37.6233139038, 33.2128601074, 1.60074198246, 150.151931763, 19.5710258484], [263.622314453, -66.3514633179, -107.542060852, -100.043243408, -130.868743896, -87.7797622681, 6.25644207001, -1.7655415535, -17.5114917755, 36.7701950073, 23.0440559387, 19.5710258484, 196.982025146]],
        "icov": [[0.000438992166892, 8.49580974318e-05, 0.000493938510772, -0.000179752983968, 0.000640719314106, 0.000124054189655, 0.000334515818395, -0.000384104292607, 0.000651234644465, -0.000237289859797, 0.000438525079517, -0.000147704908159, 0.000151933811139], [8.49580974318e-05, 0.00359760434367, -0.00110261351801, 0.0013384289341, -0.00246504507959, 0.00142549723387, -0.00225163809955, 0.00218643224798, -0.00273119471967, 0.00377450347878, -0.00199186149985, 0.00254275533371, -0.00070243695518], [0.000493938510772, -0.00110261351801, 0.00198678462766, -0.000570829957724, 0.00126148015261, 0.000113545436761, 0.00166704820003, -0.00148017471656, 0.00143585423939, -0.000813714927062, 0.00199000886641, -0.00122762098908, 0.000753502943553], [-0.000179752983968, 0.0013384289341, -0.000570829957724, 0.00313759315759, -0.00193727237638, -4.48347454949e-05, -0.000310541741783, 0.00243094447069, -0.00171598524321, 0.00180632842239, -0.000658844888676, 0.00167831382714, 0.000118481992104], [0.000640719314106, -0.00246504507959, 0.00126148015261, -0.00193727237638, 0.0075173182413, -0.00121116137598, 0.00225737155415, -0.00123788800556, 0.00203876919113, -0.0024414153304, 0.00281383935362, -0.00147312215995, 0.0028429152444], [0.000124054189655, 0.00142549723387, 0.000113545436761, -4.48347454949e-05, -0.00121116137598, 0.00489662075415, -0.00136610306799, 0.000191836821614, 0.000210778220207, 0.00138204277027, -0.000611834868323, 0.00115679064766, 0.00149325910024], [0.000334515818395, -0.00225163809955, 0.00166704820003, -0.000310541741783, 0.00225737155415, -0.00136610306799, 0.00821863021702, -0.00192958174739, 0.00213075173087, -0.000363404134987, 0.00163435155991, -0.000261968612904, 0.000250997021794], [-0.000384104292607, 0.00218643224798, -0.00148017471656, 0.00243094447069, -0.00123788800556, 0.000191836821614, -0.00192958174739, 0.00888082012534, -0.00353397335857, 0.00136440258939, -0.00106210308149, 0.00106611230876, 0.000530485180207], [0.000651234644465, -0.00273119471967, 0.00143585423939, -0.00171598524321, 0.00203876919113, 0.000210778220207, 0.00213075173087, -0.00353397335857, 0.00987161882222, -0.00390463252552, 0.00192150822841, -0.000690536748152, 0.000920196762308], [-0.000237289859797, 0.00377450347878, -0.000813714927062, 0.00180632842239, -0.0024414153304, 0.00138204277027, -0.000363404134987, 0.00136440258939, -0.00390463252552, 0.0113518172875, -0.00188895862084, 0.00235543772578, -0.00139941438101], [0.000438525079517, -0.00199186149985, 0.00199000886641, -0.000658844888676, 0.00281383935362, -0.000611834868323, 0.00163435155991, -0.00106210308149, 0.00192150822841, -0.00188895862084, 0.0092261666432, -0.00174556020647, 0.00064688740531], [-0.000147704908159, 0.00254275533371, -0.00122762098908, 0.00167831382714, -0.00147312215995, 0.00115679064766, -0.000261968612904, 0.00106611230876, -0.000690536748152, 0.00235543772578, -0.00174556020647, 0.0101995524019, -0.000519224093296], [0.000151933811139, -0.00070243695518, 0.000753502943553, 0.000118481992104, 0.0028429152444, 0.00149325910024, 0.000250997021794, 0.000530485180207, 0.000920196762308, -0.00139941438101, 0.00064688740531, -0.000519224093296, 0.00797810964286]]
    },
    "melbands": {
        "dmean": [4.26240439992e-05, 0.0001804533822, 0.000331835297402, 0.000267250899924, 0.000466125289677, 0.000524205388501, 0.000298004597425, 0.000191045808606, 0.000200356764253, 0.00020066156867, 0.000100973338704, 7.81047783676e-05, 5.2758903621e-05, 6.80191806168e-05, 5.10524550918e-05, 4.71229323011e-05, 1.71477240656e-05, 1.88360372704e-05, 1.19380747492e-05, 3.59323962584e-06, 2.35152310779e-06, 1.91512390302e-06, 1.62005926541e-06, 1.10161158773e-06, 9.31714282615e-07, 1.95877237275e-06, 4.81621691506e-06, 2.81070197161e-06, 1.81560426427e-06, 8.39471056224e-07, 9.45150759435e-07, 6.8429210387e-07, 4.98957490436e-07, 3.93004484067e-07, 4.01713407427e-07, 3.53722100499e-07, 2.21028528813e-07, 2.00177595389e-07, 1.84049312679e-07, 1.46285330516e-07],
        "dmean2": [7.22595868865e-05, 0.000302434287732, 0.000529557233676, 0.000431155815022, 0.000671310641337, 0.000777661975008, 0.000463529402623, 0.00029734976124, 0.000320275954437, 0.000292123062536, 0.00014468896552, 0.000117075607704, 8.21998110041e-05, 0.000105210281617, 7.66435550759e-05, 7.14482011972e-05, 2.60413526121e-05, 3.06771253236e-05, 1.76812900463e-05, 5.62250852454e-06, 3.71985356651e-06, 3.01463228425e-06, 2.52910058407e-06, 1.76783794359e-06, 1.50232165197e-06, 3.12325028062e-06, 7.44815588405e-06, 4.32774595538e-06, 2.8206643492e-06, 1.36204084811e-06, 1.46072090956e-06, 1.08162805645e-06, 8.16624208255e-07, 6.27835447631e-07, 6.5249906811e-07, 5.55272549718e-07, 3.60931892374e-07, 3.18458489801e-07, 2.85010884227e-07, 2.29711417887e-07],
        "dvar": [5.40132827354e-09, 9.7666323029e-08, 4.24881562822e-07, 4.02115347242e-07, 1.18203490729e-06, 1.43887712056e-06, 1.29271768401e-06, 5.56473082725e-07, 5.77657203849e-07, 6.31813918517e-07, 2.05184633728e-07, 1.14201696988e-07, 5.19918650355e-08, 5.62627633371e-08, 5.93875277843e-08, 3.10374197454e-08, 4.47044445906e-09, 5.00701613504e-09, 3.5114557928e-09, 1.06036734948e-10, 2.32949909362e-11, 1.97217121106e-11, 1.61289766265e-11, 1.5193546074e-11, 6.3596896846e-12, 3.90979956744e-11, 1.69794941995e-10, 5.48337139583e-11, 1.63611346693e-11, 3.04660094895e-12, 4.88322273243e-12, 2.55763986379e-12, 2.10843820701e-12, 9.66774186748e-13, 1.22013174304e-12, 1.09400411907e-12, 3.1896967706e-13, 2.42898583191e-13, 1.74452412151e-13, 1.83174940602e-13],
        "dvar2": [1.48672372191e-08, 2.65214453066e-07, 1.02462513496e-06, 9.24583048345e-07, 2.09526979233e-06, 3.10577956952e-06, 2.77479034594e-06, 1.1781920648e-06, 1.30985131364e-06, 1.24275595681e-06, 3.77761693926e-07, 2.65678551159e-07, 1.23380885952e-07, 1.37371586106e-07, 1.34208761438e-07, 7.0644432526e-08, 9.20642673208e-09, 1.12734257485e-08, 6.86082612944e-09, 2.42929121264e-10, 5.10059945669e-11, 4.3189694876e-11, 3.69842316494e-11, 4.09082975827e-11, 1.64587059259e-11, 9.73723740527e-11, 4.1373274251e-10, 1.19386778241e-10, 3.79841436082e-11, 7.37986581567e-12, 1.0864450832e-11, 6.43991804328e-12, 5.54224504831e-12, 2.17115041223e-12, 2.86033046207e-12, 2.11719595848e-12, 7.32466984201e-13, 5.86677082783e-13, 4.12248116503e-13, 3.98118387215e-13],
        "max": [0.00129394582473, 0.00495108542964, 0.0124089950696, 0.0129906907678, 0.0167139638215, 0.0172359347343, 0.0239011235535, 0.0131299709901, 0.0125421881676, 0.0144624626264, 0.0104382792488, 0.0066519966349, 0.00556558277458, 0.00403975322843, 0.00431762635708, 0.00299673364498, 0.00157518021297, 0.00120025640354, 0.00153270689771, 0.000203694624361, 7.34402274247e-05, 8.23411173769e-05, 5.84793815506e-05, 0.000100489713077, 5.19048699061e-05, 0.000112700625323, 0.000265312817646, 0.000135275913635, 6.55871699564e-05, 1.91530380107e-05, 4.52658387076e-05, 3.27952366206e-05, 2.16514035856e-05, 1.66771515069e-05, 1.94414988073e-05, 2.43783542828e-05, 8.72027612786e-06, 8.95717312233e-06, 9.64991886576e-06, 1.06622674139e-05],
        "mean": [6.36118347757e-05, 0.000282593187876, 0.000595333112869, 0.000440822332166, 0.00116805091966, 0.00104107812513, 0.000463293778012, 0.000258627987932, 0.000281195621938, 0.000298209604807, 0.000141082520713, 0.000107596766611, 6.58577046124e-05, 9.89659019979e-05, 5.93859222136e-05, 5.97372709308e-05, 2.00106496777e-05, 2.21551636059e-05, 1.49187026182e-05, 4.60792625745e-06, 4.02369369112e-06, 2.68987969321e-06, 2.06627350963e-06, 1.35540290103e-06, 1.27876171518e-06, 2.36129608311e-06, 6.63577566229e-06, 4.14617579736e-06, 2.93360517389e-06, 1.10760890948e-06, 1.47751836721e-06, 1.01859018287e-06, 6.32493708963e-07, 5.48835544123e-07, 5.42104658052e-07, 5.24954430148e-07, 3.01902446154e-07, 2.56230350715e-07, 2.4643847496e-07, 1.92112864283e-07],
        "median": [3.73621005565e-05, 0.000168730213773, 0.000231551995967, 0.00021059862047, 0.000149783154484, 6.50329748169e-05, 4.07960542361e-05, 3.61048514605e-05, 3.94804155803e-05, 6.49429330224e-06, 5.58032843401e-06, 9.20228740142e-06, 4.42284772362e-06, 2.43108443101e-05, 1.2489144865e-05, 1.11696590466e-05, 4.43092994828e-06, 5.59333057026e-06, 1.83601491699e-06, 1.27143960071e-06, 1.31815181703e-06, 9.52980485636e-07, 5.68459540773e-07, 4.41597705958e-07, 3.66467588719e-07, 4.60985461359e-07, 1.17053946269e-06, 6.98833900969e-07, 5.34342234459e-07, 3.236888233e-07, 2.35065698462e-07, 1.92123494003e-07, 1.37340293804e-07, 1.06300078073e-07, 1.04927714517e-07, 8.49622381338e-08, 5.05202955026e-08, 4.19481622771e-08, 4.13045881942e-08, 2.78565934764e-08],
        "min": [2.2034273478e-23, 5.92102902696e-24, 6.81514764277e-24, 1.00394154333e-23, 6.95358878733e-24, 4.0449734328e-24, 2.78774545554e-23, 1.59256091516e-23, 1.47552882448e-23, 6.55508820688e-24, 1.04503283457e-23, 9.29564976175e-24, 5.16192750496e-24, 1.50024636099e-23, 1.08855744615e-23, 1.23392258065e-23, 1.70418930864e-23, 1.01235119501e-23, 1.55295520678e-23, 7.4301451822e-24, 6.6804638427e-24, 1.0186595579e-23, 1.03858949758e-23, 1.35320395043e-23, 1.75916597176e-23, 9.21213779088e-24, 8.24532564266e-24, 5.00634362407e-24, 9.09450364156e-24, 1.3301528037e-23, 9.61956630463e-24, 8.27995821412e-24, 7.0551057195e-24, 9.86882899574e-24, 9.74072192904e-24, 9.97766419053e-24, 6.97888518998e-24, 6.7362583968e-24, 1.08445260843e-23, 1.18108696492e-23],
        "stdev": [8.13164078863e-05, 0.000362025253708, 0.00105463387445, 0.000793768209405, 0.00233854982071, 0.00224258145317, 0.00166450394318, 0.00100534269586, 0.000950837624259, 0.00114487286191, 0.000638783036266, 0.000412427063566, 0.000271003606031, 0.000243644055445, 0.00025848892983, 0.000211225546082, 7.57906309445e-05, 8.12107100501e-05, 8.30071367091e-05, 1.19305368571e-05, 7.26924554328e-06, 5.51963876205e-06, 4.63517972094e-06, 3.59287992069e-06, 2.71162662102e-06, 6.8549588832e-06, 1.49343350131e-05, 1.00207589639e-05, 5.71370446778e-06, 1.97440726879e-06, 3.09396182274e-06, 2.05968012779e-06, 1.59066541983e-06, 1.39287624279e-06, 1.3588105503e-06, 1.50720359215e-06, 7.5576775771e-07, 5.88956481806e-07, 5.45044144928e-07, 5.8075505649e-07],
        "var": [6.61235821653e-09, 1.31062293462e-07, 1.11225267574e-06, 6.30067972907e-07, 5.46881528862e-06, 5.02917191625e-06, 2.77057324638e-06, 1.01071395875e-06, 9.04092189558e-07, 1.31073386456e-06, 4.08043746347e-07, 1.70096072338e-07, 7.34429477234e-08, 5.93624243095e-08, 6.68165327511e-08, 4.46162289336e-08, 5.74421932242e-09, 6.59517995771e-09, 6.8901848671e-09, 1.42337711062e-10, 5.28419322188e-11, 3.04664141138e-11, 2.14848919905e-11, 1.29087860193e-11, 7.3529186212e-12, 4.69904601341e-11, 2.23034368751e-10, 1.00415613324e-10, 3.26464168199e-11, 3.898284473e-12, 9.57259965739e-12, 4.24228187301e-12, 2.53021648772e-12, 1.94010411035e-12, 1.84636615892e-12, 2.27166267568e-12, 5.7118486373e-13, 3.46869722615e-13, 2.97073129985e-13, 3.37276430742e-13]
    },
    "melbands128": {
