{
"lowlevel": {
    "average_loudness": 0.943244576454,
    "barkbands_crest": {
        "dmean": 2.23059129715,
        "dmean2": 3.5712518692,
        "dvar": 3.86208224297,
        "dvar2": 9.88432312012,
        "max": 24.6519069672,
        "mean": 10.2308206558,
        "median": 9.52211284637,
        "min": 3.49481034279,
        "stdev": 3.68767571449,
        "var": 13.5989522934
    },
    "barkbands_flatness_db": {
        "dmean": 0.0177245996892,
        "dmean2": 0.0262748003006,
        "dvar": 0.000246717710979,
        "dvar2": 0.000507539778482,
        "max": 0.314395129681,
        "mean": 0.156360894442,
        "median": 0.157754421234,
        "min": 0.0391301475465,
        "stdev": 0.0411593317986,
        "var": 0.00169409066439
    },
    "barkbands_kurtosis": {
        "dmean": 1.60141432285,
        "dmean2": 2.52777886391,
        "dvar": 3.10524177551,
        "dvar2": 7.60593938828,
        "max": 32.5247459412,
        "mean": 2.89382576942,
        "median": 2.25299787521,
        "min": -1.71052670479,
        "stdev": 3.1645386219,
        "var": 10.0143051147
    },
    "barkbands_skewness": {
        "dmean": 0.361698329449,
        "dmean2": 0.562101304531,
        "dvar": 0.106632299721,
        "dvar2": 0.266630738974,
        "max": 5.36990308762,
        "mean": 1.52861082554,
        "median": 1.50389313698,
        "min": -1.9372535944,
        "stdev": 0.682327926159,
        "var": 0.465571433306
    },
    "barkbands_spread": {
        "dmean": 3.46485352516,
        "dmean2": 5.03511285782,
        "dvar": 15.884598732,
        "dvar2": 32.0158042908,
        "max": 62.4442596436,
        "mean": 15.7568998337,
        "median": 14.1150684357,
        "min": 3.61768865585,
        "stdev": 7.68343305588,
        "var": 59.0351448059
    },
    "dissonance": {
        "dmean": 0.0209465846419,
        "dmean2": 0.0350837484002,
        "dvar": 0.000373372313334,
        "dvar2": 0.000944542814977,
        "max": 0.498550266027,
        "mean": 0.447547674179,
        "median": 0.452797293663,
        "min": 0.269638687372,
        "stdev": 0.0308141242713,
        "var": 0.00094951025676
    },
    "dynamic_complexity": 1.74986588955,
    "erbbands_crest": {
        "dmean": 2.18271374702,
        "dmean2": 3.32655572891,
        "dvar": 4.45433712006,
        "dvar2": 10.0693855286,
        "max": 26.1247158051,
        "mean": 9.6544380188,
        "median": 9.08990097046,
        "min": 2.83083462715,
        "stdev": 3.59068584442,
        "var": 12.8930253983
    },
    "erbbands_flatness_db": {
        "dmean": 0.0161751601845,
        "dmean2": 0.0219934191555,
        "dvar": 0.000232694699662,
        "dvar2": 0.000387638137909,
        "max": 0.313922971487,
        "mean": 0.190443396568,
        "median": 0.195470780134,
        "min": 0.053613267839,
        "stdev": 0.0402299687266,
        "var": 0.00161845027469
    },
    "erbbands_kurtosis": {
        "dmean": 0.606910526752,
        "dmean2": 0.929574012756,
        "dvar": 0.516016125679,
        "dvar2": 1.13706314564,
        "max": 10.3414983749,
        "mean": 0.011639197357,
        "median": -0.240259408951,
        "min": -1.63370025158,
        "stdev": 1.16522276402,
        "var": 1.3577439785
    },
    "erbbands_skewness": {
        "dmean": 0.282418578863,
        "dmean2": 0.42467969656,
        "dvar": 0.0614303573966,
        "dvar2": 0.138279110193,
        "max": 2.87658715248,
        "mean": 0.598471820354,
        "median": 0.598995804787,
        "min": -1.46047055721,
        "stdev": 0.527272284031,
        "var": 0.278016030788
    },
    "erbbands_spread": {
        "dmean": 5.69326543808,
        "dmean2": 8.09695339203,
        "dvar": 41.6999015808,
        "dvar2": 76.2158126831,
        "max": 118.945365906,
        "mean": 33.1670684814,
        "median": 30.7497901917,
        "min": 9.6984128952,
        "stdev": 12.7231178284,
        "var": 161.877716064
    },
    "hfc": {
        "dmean": 6.04778575897,
        "dmean2": 8.13955020905,
        "dvar": 193.158630371,
        "dvar2": 389.374420166,
        "max": 284.248291016,
        "mean": 20.6610298157,
        "median": 16.8890380859,
        "min": 1.12495610395e-16,
        "stdev": 19.6204280853,
        "var": 384.961212158
    },
    "loudness_ebu128": {
        "integrated": -26.6174602509,
        "loudness_range": 3.78829574585,
        "momentary": {
            "dmean": 0.54288816452,
            "dmean2": 0.701120495796,
            "dvar": 0.246048256755,
            "dvar2": 0.353593707085,
            "max": -23.2393817902,
            "mean": -27.0377101898,
            "median": -26.6292495728,
            "min": -42.0731201172,
            "stdev": 2.11699151993,
            "var": 4.48165273666
        },
        "short_term": {
            "dmean": 0.0710894465446,
            "dmean2": 0.0798035040498,
            "dvar": 0.00396984256804,
            "dvar2": 0.00453133881092,
            "max": -24.6055774689,
            "mean": -26.7928390503,
            "median": -26.613275528,
            "min": -31.1817493439,
            "stdev": 1.26225185394,
            "var": 1.59327960014
        }
    },
    "melbands_crest": {
        "dmean": 2.55420875549,
        "dmean2": 4.07534599304,
        "dvar": 5.51231765747,
        "dvar2": 13.8065214157,
        "max": 28.0234031677,
        "mean": 12.4984025955,
        "median": 11.8338909149,
        "min": 2.13335633278,
        "stdev": 4.00946569443,
        "var": 16.0758132935
    },
    "melbands_flatness_db": {
        "dmean": 0.0188343431801,
        "dmean2": 0.0277024172246,
        "dvar": 0.000298410916002,
        "dvar2": 0.000652308866847,
        "max": 0.378513723612,
        "mean": 0.202926933765,
        "median": 0.201901048422,
        "min": 0.00626343674958,
        "stdev": 0.0435043126345,
        "var": 0.00189262523782
    },
    "melbands_kurtosis": {
        "dmean": 3.25490164757,
        "dmean2": 5.12163543701,
        "dvar": 16.5618686676,
        "dvar2": 41.0975723267,
        "max": 71.7727813721,
        "mean": 7.87987852097,
        "median": 6.41550064087,
        "min": -1.45371246338,
        "stdev": 6.4847779274,
        "var": 42.0523452759
    },
    "melbands_skewness": {
        "dmean": 0.465548455715,
        "dmean2": 0.722612380981,
        "dvar": 0.197663158178,
        "dvar2": 0.472522497177,
        "max": 6.79342031479,
        "mean": 2.17638540268,
        "median": 2.07907938957,
        "min": -0.183317869902,
        "stdev": 0.882978439331,
        "var": 0.77965092659
    },
    "melbands_spread": {
        "dmean": 4.08035993576,
        "dmean2": 6.26796627045,
        "dvar": 20.8146038055,
        "dvar2": 46.4944725037,
        "max": 143.882614136,
        "mean": 18.2339935303,
        "median": 16.4504470825,
        "min": 3.60088944435,
        "stdev": 9.15330600739,
        "var": 83.7830047607
    },
    "pitch_salience": {
        "dmean": 0.0551847480237,
        "dmean2": 0.0882886499166,
        "dvar": 0.00240152725019,
        "dvar2": 0.00565900001675,
        "max": 0.850081861019,
        "mean": 0.533574283123,
        "median": 0.53947687149,
        "min": 0.151000022888,
        "stdev": 0.11381804198,
        "var": 0.0129545461386
    },
    "silence_rate_20dB": {
        "dmean": 0,
        "dmean2": 0,
        "dvar": 0,
        "dvar2": 0,
        "max": 1,
        "mean": 1,
        "median": 1,
        "min": 1,
        "stdev": 0,
        "var": 0
    },
    "silence_rate_30dB": {
        "dmean": 0.00515198335052,
        "dmean2": 0.0103092780337,
        "dvar": 0.00512545462698,
        "dvar2": 0.0132957529277,
        "max": 1,
        "mean": 0.996395468712,
        "median": 1,
        "min": 0,
        "stdev": 0.0599293373525,
        "var": 0.00359152560122
    },
    "silence_rate_60dB": {
        "dmean": 0.00669757835567,
        "dmean2": 0.0134020615369,
        "dvar": 0.00665268627927,
        "dvar2": 0.0152839859948,
        "max": 1,
        "mean": 0.0144181260839,
        "median": 0,
        "min": 0,
        "stdev": 0.119206786156,
        "var": 0.0142102586105
    },
    "spectral_centroid": {
        "dmean": 181.257904053,
        "dmean2": 273.830749512,
        "dvar": 67503.7578125,
        "dvar2": 134001.71875,
        "max": 11145.7666016,
        "mean": 1107.47265625,
        "median": 1021.21594238,
        "min": 367.22253418,
        "stdev": 510.408599854,
        "var": 260516.9375
    },
    "spectral_complexity": {
        "dmean": 2.88974761963,
        "dmean2": 4.28556680679,
        "dvar": 14.5019550323,
        "dvar2": 24.8854808807,
        "max": 57,
        "mean": 18.0442848206,
        "median": 17,
        "min": 0,
        "stdev": 8.24835395813,
        "var": 68.0353393555
    },
    "spectral_decrease": {
        "dmean": 1.71654579439e-09,
        "dmean2": 2.6481525861e-09,
        "dvar": 9.13380690597e-18,
        "dvar2": 2.30860633028e-17,
        "max": 7.44009788491e-29,
        "mean": -6.63219523744e-09,
        "median": -6.0339444552e-09,
        "min": -6.75187123989e-08,
        "stdev": 4.25113100277e-09,
        "var": 1.80721162916e-17
    },
    "spectral_energy": {
        "dmean": 0.00691320514306,
        "dmean2": 0.0105312820524,
        "dvar": 0.000153080763994,
        "dvar2": 0.000381461461075,
        "max": 0.27876740694,
        "mean": 0.0269054565579,
        "median": 0.0243181400001,
        "min": 1.07792587496e-20,
        "stdev": 0.0174087043852,
        "var": 0.000303062959574
    },
    "spectral_energyband_high": {
        "dmean": 0.000349250127329,
        "dmean2": 0.000438140443293,
        "dvar": 1.13269209123e-06,
        "dvar2": 2.01128341359e-06,
        "max": 0.0242024548352,
        "mean": 0.000586868147366,
        "median": 0.000207469391171,
        "min": 7.59505767778e-21,
        "stdev": 0.00144083844498,
        "var": 2.07601533475e-06
    },
    "spectral_energyband_low": {
        "dmean": 0.00131624541245,
        "dmean2": 0.0022937534377,
        "dvar": 7.40236737329e-06,
        "dvar2": 1.92759544007e-05,
        "max": 0.0303203947842,
        "mean": 0.00239775516093,
        "median": 0.000823728740215,
        "min": 7.21814039164e-23,
        "stdev": 0.004100125283,
        "var": 1.6811025489e-05
    },
    "spectral_energyband_middle_high": {
        "dmean": 0.00178890221287,
        "dmean2": 0.00267085270025,
        "dvar": 3.1669078453e-05,
        "dvar2": 8.74193647178e-05,
        "max": 0.153140693903,
        "mean": 0.00542593607679,
        "median": 0.00452996790409,
        "min": 1.36671441775e-21,
        "stdev": 0.00558098452166,
        "var": 3.11473886541e-05
    },
    "spectral_energyband_middle_low": {
        "dmean": 0.00551627483219,
        "dmean2": 0.00876614637673,
        "dvar": 6.68018692522e-05,
        "dvar2": 0.000169356135302,
        "max": 0.126300826669,
        "mean": 0.0192511435598,
        "median": 0.0172647126019,
        "min": 2.98761188558e-22,
        "stdev": 0.0126068023965,
        "var": 0.000158931463375
    },
    "spectral_entropy": {
        "dmean": 0.174149349332,
        "dmean2": 0.240872055292,
        "dvar": 0.0273944530636,
        "dvar2": 0.0471279807389,
        "max": 9.8096818924,
        "mean": 7.05190753937,
        "median": 7.05883312225,
        "min": 5.20748186111,
        "stdev": 0.504207730293,
        "var": 0.254225462675
    },
    "spectral_flux": {
        "dmean": 0.0205623544753,
        "dmean2": 0.0323406979442,
        "dvar": 0.000608617207035,
        "dvar2": 0.00127586361486,
        "max": 0.454759567976,
        "mean": 0.0690415650606,
        "median": 0.0620980113745,
        "min": 7.05345434837e-11,
        "stdev": 0.0399419553578,
        "var": 0.00159535976127
    },
    "spectral_kurtosis": {
        "dmean": 2.18207669258,
        "dmean2": 3.71591973305,
        "dvar": 5.22208547592,
        "dvar2": 14.7735385895,
        "max": 35.5793800354,
        "mean": 5.75265407562,
        "median": 5.01338434219,
        "min": -1.19007563591,
        "stdev": 3.36035633087,
        "var": 11.2919950485
    },
    "spectral_rms": {
        "dmean": 0.000613887386862,
        "dmean2": 0.00091471162159,
        "dvar": 5.97967414251e-07,
        "dvar2": 1.30938076381e-06,
        "max": 0.0164914578199,
        "mean": 0.0048864511773,
        "median": 0.00487083289772,
        "min": 3.24289228283e-12,
        "stdev": 0.0015400693519,
        "var": 2.37181347984e-06
    },
    "spectral_rolloff": {
        "dmean": 330.297637939,
        "dmean2": 562.450744629,
        "dvar": 331501.40625,
        "dvar2": 682597.875,
        "max": 19013.8183594,
        "mean": 1261.7532959,
        "median": 1076.66015625,
        "min": 236.865234375,
        "stdev": 894.398681641,
        "var": 799949
    },
    "spectral_skewness": {
        "dmean": 0.244920969009,
        "dmean2": 0.39809140563,
        "dvar": 0.0479742437601,
        "dvar2": 0.125634253025,
        "max": 4.08697795868,
        "mean": 1.72830700874,
        "median": 1.69275164604,
        "min": -0.0173481497914,
        "stdev": 0.398473888636,
        "var": 0.158781439066
    },
    "spectral_spread": {
        "dmean": 428438.09375,
        "dmean2": 591477.5,
        "dvar": 912242966528,
        "dvar2": 1.45668322099e+12,
        "max": 40553944,
        "mean": 3801910.5,
        "median": 3560651.5,
        "min": 1486702.5,
        "stdev": 1633256,
        "var": 2.66752517734e+12
    },
    "spectral_strongpeak": {
        "dmean": 0.514708399773,
        "dmean2": 0.844011843204,
        "dvar": 0.632026672363,
        "dvar2": 1.16561484337,
        "max": 20.0498027802,
        "mean": 1.39539039135,
        "median": 1.14695715904,
        "min": 4.85068263334e-10,
        "stdev": 1.35674166679,
        "var": 1.84074783325
    },
    "zerocrossingrate": {
        "dmean": 0.00746232597157,
        "dmean2": 0.00891818013042,
        "dvar": 0.000179187467438,
        "dvar2": 0.000326962821418,
        "max": 0.5078125,
        "mean": 0.0526705123484,
        "median": 0.04833984375,
        "min": 0.01220703125,
        "stdev": 0.0244705304503,
        "var": 0.000598806887865
    },
    "barkbands": {
        "dmean": [0.000115256625577, 0.000656097894534, 0.000535764265805, 0.00129716435913, 0.00271245231852, 0.00194867548998, 0.00122656580061, 0.00119980727322, 0.000728289422113, 0.000411182059906, 0.000536268227734, 0.000458781956695, 0.000168502883753, 0.000218218861846, 0.000227316180826, 0.000369426066754, 0.000113344336569, 0.000129783205921, 0.00013987213606, 0.000129003732582, 9.7692325653e-05, 6.46442058496e-05, 4.47802776762e-05, 4.57610258309e-05, 6.43751991447e-05, 3.50069312844e-05, 2.15056752495e-06],
        "dmean2": [0.000185135155334, 0.00108687451575, 0.000973858812358, 0.00214349012822, 0.00428081350401, 0.00340374815278, 0.00175200332887, 0.00184592278674, 0.000999409938231, 0.000644578365609, 0.000819535343908, 0.000712265376933, 0.000265303475317, 0.000325665576383, 0.000366595573723, 0.000529440003447, 0.000169258550159, 0.00019763414457, 0.000206618948141, 0.000184137679753, 0.000137092167279, 9.11712486413e-05, 6.24426247668e-05, 6.02094478381e-05, 8.88965732884e-05, 4.96640022902e-05, 3.59552927875e-06],
        "dvar": [2.3083390488e-07, 2.99899966194e-06, 1.4103831063e-06, 4.9278401093e-06, 2.54079604929e-05, 9.03834097699e-06, 9.68661152001e-06, 3.87702812077e-06, 2.17645697376e-06, 3.64085303772e-06, 3.02652415485e-06, 3.46196020473e-06, 2.47433860068e-07, 1.82491788792e-07, 1.56416589903e-07, 4.97881728734e-07, 5.56266783747e-08, 4.87061306842e-08, 6.88364565349e-08, 1.2436279917e-07, 6.62846915134e-08, 2.24110028313e-08, 1.25740067247e-08, 2.05869099545e-08, 1.0204914247e-07, 5.14254629991e-08, 3.47888662322e-10],
        "dvar2": [5.64368633604e-07, 7.70870610722e-06, 4.39762561655e-06, 1.25225897136e-05, 5.75712547288e-05, 3.07853260892e-05, 2.28120570682e-05, 8.57073246152e-06, 5.29533417648e-06, 8.41413384478e-06, 8.17737964098e-06, 9.91117121885e-06, 7.03627051735e-07, 4.89379203827e-07, 4.2780362719e-07, 8.40412781145e-07, 1.0282717966e-07, 1.08514548458e-07, 1.41516252938e-07, 2.14104716179e-07, 1.3533109211e-07, 4.75084718232e-08, 2.55413130645e-08, 3.84452896185e-08, 1.99377566901e-07, 1.0652556881e-07, 7.37606697943e-10],
        "max": [0.00473808683455, 0.0177446920425, 0.0149191431701, 0.0257553774863, 0.07801771909, 0.0364246256649, 0.0740533322096, 0.0285895783454, 0.0273461043835, 0.0469226539135, 0.0291521344334, 0.052192799747, 0.014593269676, 0.0105523895472, 0.00483324890956, 0.0188236739486, 0.0055672340095, 0.00335471425205, 0.00420511560515, 0.016869161278, 0.00512137077749, 0.00296719255857, 0.00224677310325, 0.00354026653804, 0.00555224623531, 0.00608537904918, 0.000507925986312],
        "mean": [0.000102352052636, 0.00103294581641, 0.000580271414947, 0.00203538802452, 0.00525923352689, 0.00426403945312, 0.00298568163998, 0.00263900705613, 0.00190636632033, 0.000718888011761, 0.000943985942286, 0.00081667926861, 0.000343764899299, 0.00046084728092, 0.000396417628508, 0.000889992457815, 0.000251620542258, 0.00024379977549, 0.000264353875536, 0.000234060149523, 0.000168631653651, 0.000108865504444, 7.52618871047e-05, 6.96918650647e-05, 7.5216514233e-05, 3.61073216482e-05, 2.00138492801e-06],
        "median": [1.1677736893e-06, 0.000101058671135, 0.000166348443599, 0.000833738886286, 0.00280273263343, 0.00222445093095, 0.00151134561747, 0.00132234604098, 0.000974149326794, 0.000310230010655, 0.000213322156924, 0.00045202835463, 0.000242479363806, 0.000287813367322, 0.000199257672648, 0.00036265750532, 0.000118492796901, 0.000124798913021, 0.000118876094348, 9.50265457504e-05, 6.37865741737e-05, 4.83144794998e-05, 2.54566766671e-05, 1.47984628711e-05, 6.84835504217e-06, 2.09918789551e-06, 3.61586955933e-08],
        "min": [1.42919448756e-24, 4.3035429471e-23, 4.42849630568e-24, 5.79641819179e-24, 6.11843799751e-23, 1.49259046591e-23, 4.21146710224e-23, 3.21747806475e-23, 9.25974081335e-23, 6.71058728523e-23, 3.32214065867e-23, 1.16978971945e-22, 4.17558876164e-23, 1.42485558692e-22, 1.19120420069e-22, 1.33643500795e-22, 1.22277226842e-22, 9.41537549688e-23, 1.48447491735e-22, 3.35041722004e-22, 2.67195973353e-22, 5.83792006935e-22, 5.33311876221e-22, 8.32090230392e-22, 1.14782629199e-21, 1.5754821018e-21, 2.21449033314e-21],
        "stdev": [0.000457754184026, 0.00242131669074, 0.00116075936239, 0.00320487213321, 0.00694157602265, 0.00515563460067, 0.00470506120473, 0.00353626930155, 0.00269254040904, 0.00220057577826, 0.00193470879458, 0.00160772772506, 0.000457652902696, 0.000545732851606, 0.000541558139957, 0.00181431579404, 0.000488657446112, 0.000322828011122, 0.000417752686189, 0.000671859073918, 0.000359534809832, 0.000194997133804, 0.000153536748257, 0.000188370322576, 0.000369126384612, 0.000245444534812, 1.94693402591e-05],
        "var": [2.09538882245e-07, 5.86277428738e-06, 1.34736228574e-06, 1.02712056105e-05, 4.81854804093e-05, 2.65805701929e-05, 2.21376012632e-05, 1.25052010844e-05, 7.24977326172e-06, 4.84253405375e-06, 3.74309797735e-06, 2.58478826254e-06, 2.0944618484e-07, 2.97824328754e-07, 2.93285211228e-07, 3.29174190483e-06, 2.38786100226e-07, 1.04217932062e-07, 1.74517296614e-07, 4.51394612355e-07, 1.29265288251e-07, 3.80238844855e-08, 2.35735342358e-08, 3.54833780136e-08, 1.36254286076e-07, 6.02430247909e-08, 3.79055203892e-10]
    },
    "erbbands": {
        "dmean": [0.0255278144032, 0.13164305687, 0.494063645601, 2.31236410141, 7.626060009, 11.0626535416, 12.1214761734, 15.6436595917, 17.0374565125, 21.4872646332, 22.4577693939, 12.1419219971, 15.398182869, 14.4184112549, 22.684677124, 15.5566778183, 8.0564661026, 10.2077207565, 7.98999929428, 13.8968782425, 19.2908859253, 6.37007761002, 6.38445425034, 5.87011861801, 10.1342658997, 4.306661129, 3.68711495399, 3.78415608406, 2.42453122139, 1.86343729496, 1.17276322842, 1.03705382347, 0.770070195198, 0.73160892725, 0.442071676254, 0.202957227826, 0.051270429045, 0.00870436988771, 0.000260225962847, 1.45107433127e-05],
        "dmean2": [0.0434315539896, 0.216949775815, 0.89331060648, 3.92110085487, 12.4014186859, 17.1681480408, 21.2267875671, 26.4986152649, 24.1747989655, 31.8971672058, 34.4303855896, 17.7745513916, 21.4493541718, 22.3259162903, 34.9714126587, 24.6140613556, 12.4734764099, 15.2611408234, 12.6236591339, 20.907907486, 28.6613006592, 9.55607223511, 9.54460906982, 8.60899448395, 14.7538738251, 6.29796171188, 5.36018323898, 5.29233789444, 3.42628002167, 2.54870319366, 1.63947057724, 1.35621285439, 1.03450918198, 1.02768516541, 0.613842368126, 0.28351393342, 0.0733321458101, 0.01295921579, 0.000385737686884, 2.08916972042e-05],
        "dvar": [0.00972702540457, 0.0868108347058, 1.11919033527, 15.0773925781, 238.278884888, 437.119781494, 360.828674316, 471.709594727, 2379.34716797, 1439.42382812, 1840.65441895, 904.442138672, 1740.0378418, 4262.06835938, 5547.23974609, 5883.43701172, 766.514221191, 599.162841797, 142.994812012, 565.118530273, 1017.31280518, 118.511878967, 115.592483521, 130.742401123, 558.41809082, 83.2834091187, 109.830406189, 93.0094680786, 29.076839447, 21.731595993, 9.9169178009, 7.24025058746, 7.84289169312, 13.374171257, 5.20924186707, 1.57699608803, 0.116606041789, 0.00478028040379, 4.58068598164e-06, 3.14308734595e-09],
        "dvar2": [0.0267390478402, 0.219935655594, 3.3877620697, 40.5785446167, 592.21270752, 993.654968262, 1177.64099121, 1511.4609375, 5429.90429688, 3145.42626953, 4105.17724609, 2477.77661133, 4406.59033203, 10028.3623047, 15014.4853516, 17106.4042969, 2211.65649414, 1652.58483887, 374.605804443, 1136.89953613, 2023.84057617, 226.493270874, 249.492721558, 267.74710083, 1012.06231689, 169.288803101, 228.614959717, 186.368896484, 61.4755706787, 43.7581062317, 20.5045890808, 12.4524145126, 15.4023008347, 27.3976135254, 10.3488073349, 3.41388988495, 0.233683988452, 0.00973902642727, 9.92907735053e-06, 6.1676508345e-09],
        "max": [0.937465071678, 3.54959106445, 13.1251487732, 42.9662284851, 173.496063232, 382.99105835, 175.605133057, 312.209716797, 1182.40905762, 582.611938477, 768.163269043, 637.162719727, 1083.1505127, 1495.27160645, 1324.87841797, 2235.55224609, 822.007507324, 664.775695801, 162.107299805, 522.495239258, 655.930786133, 279.790222168, 146.241989136, 175.029708862, 1008.04455566, 284.785308838, 229.490447998, 170.159896851, 104.685447693, 104.685066223, 70.4334716797, 61.8552055359, 66.3512496948, 68.0531311035, 39.4443778992, 31.0628986359, 9.2045507431, 2.09069728851, 0.0658389031887, 0.00154359848239],
        "mean": [0.0297366846353, 0.233938962221, 0.642864227295, 3.64080929756, 11.3635396957, 21.5789318085, 25.4016036987, 37.0192527771, 40.0383834839, 54.7262496948, 47.2446746826, 30.5159473419, 42.8830795288, 24.913942337, 43.6214561462, 28.3088588715, 17.3318023682, 22.2001914978, 16.496307373, 31.5431251526, 45.4520225525, 15.7967996597, 13.2211198807, 11.6626777649, 18.6788272858, 8.32282352448, 6.23961830139, 6.27311658859, 4.15972995758, 3.12930250168, 1.94812059402, 1.70059335232, 1.0591686964, 0.870109736919, 0.496596455574, 0.206737682223, 0.0536125302315, 0.00901327840984, 0.000264393602265, 3.95993338316e-05],
        "median": [0.000909628579393, 0.033234834671, 0.236537784338, 1.6741412878, 4.65940380096, 8.69345378876, 13.8974304199, 23.3707752228, 16.816318512, 31.7801189423, 25.0540733337, 18.0176715851, 19.6624565125, 10.2642459869, 21.7310676575, 16.205657959, 12.3659210205, 14.0965585709, 10.9533500671, 16.2411003113, 23.6256999969, 9.46995162964, 6.79742336273, 5.64189338684, 8.33718109131, 3.79226350784, 2.2118473053, 2.26231884956, 1.87176692486, 1.29320526123, 0.640657663345, 0.417194485664, 0.193886548281, 0.0941977649927, 0.0366076827049, 0.0137471398339, 0.00306929461658, 0.000330727518303, 2.18486202357e-05, 2.91976502922e-05],
        "min": [8.00257206376e-22, 6.38467514514e-21, 6.38408909091e-21, 2.81836170516e-20, 6.05741066775e-20, 1.61542660916e-19, 2.53062570123e-19, 1.42984424433e-19, 5.39943230519e-19, 6.30590593427e-19, 9.11991130565e-19, 1.83613416471e-18, 9.45466302775e-19, 2.46472856453e-18, 2.07647273246e-18, 5.16930186998e-18, 2.34945681027e-18, 5.1687633754e-18, 5.03550002922e-18, 9.0113676317e-18, 6.4849814379e-18, 7.76686033804e-18, 4.48023808585e-18, 5.37900497656e-18, 1.27120645044e-17, 1.49094871725e-17, 1.29061409285e-17, 1.32448143138e-17, 2.17712018165e-17, 1.49856456915e-17, 1.38242659135e-17, 1.26566979973e-17, 1.78130350519e-17, 1.1658886568e-17, 8.8246150648e-18, 6.46489335673e-18, 2.80346005934e-18, 1.24585901017e-18, 2.43909480603e-19, 3.36225977666e-20],
        "stdev": [0.097701266408, 0.494704455137, 1.11675417423, 5.32736301422, 17.9984092712, 32.0528182983, 29.5426158905, 41.0916252136, 71.9414291382, 70.4100799561, 61.9880332947, 39.8793945312, 62.4970474243, 73.0671081543, 77.5800552368, 62.8462600708, 24.2395629883, 27.2534790039, 17.6761798859, 49.652381897, 68.9285888672, 23.5242042542, 17.1131248474, 18.5766220093, 42.0919914246, 15.5511302948, 14.0730113983, 13.5072717667, 7.05933618546, 6.15947341919, 4.2194776535, 3.86309599876, 3.47273659706, 4.09677314758, 2.62637162209, 1.33119237423, 0.372758775949, 0.0746773406863, 0.00221335585229, 6.6468375735e-05],
        "var": [0.00954553764313, 0.244732499123, 1.24713993073, 28.3807945251, 323.942718506, 1027.38305664, 872.766174316, 1688.52160645, 5175.56884766, 4957.57958984, 3842.51635742, 1590.3659668, 3905.88110352, 5338.80175781, 6018.66552734, 3949.65258789, 587.55645752, 742.75213623, 312.44732666, 2465.35913086, 4751.15087891, 553.388183594, 292.859039307, 345.090911865, 1771.73571777, 241.837661743, 198.049636841, 182.446395874, 49.8342285156, 37.9391136169, 17.8039913177, 14.9235105515, 12.0599002838, 16.7835483551, 6.89782762527, 1.77207314968, 0.138949096203, 0.00557670556009, 4.89894455313e-06, 4.41804504092e-09]
    },
    "gfcc": {
        "mean": [-3.89898753166, 99.826965332, -142.014877319, 18.4511642456, -76.2131729126, -3.8874566555, -49.6412734985, -1.59415376186, -25.2258014679, -3.00210499763, -19.0611438751, -2.75904250145, -9.86329555511],
        "cov": [[4960.43701172, -205.089599609, 328.351623535, 353.465118408, -54.1985282898, 252.698440552, -198.311203003, 118.122764587, -285.101623535, 67.4711914062, -2.24513268471, 42.134059906, -134.616424561], [-205.089599609, 950.765441895, -62.974193573, -42.4678573608, 183.012985229, -110.69959259, 33.1762123108, -128.694107056, 50.4260025024, -85.6297683716, 141.849853516, -65.2246704102, -25.1382846832], [328.351623535, -62.974193573, 514.441223145, 194.618606567, 103.428840637, 119.27230072, 12.3269710541, 48.7221107483, -77.4379730225, 53.2413253784, 4.7076010704, 43.3938522339, -33.6171112061], [353.465118408, -42.4678573608, 194.618606567, 252.779953003, 73.9446868896, 82.1245193481, 24.2355041504, 55.8472824097, -24.8858509064, 6.50134897232, 5.85319042206, 10.6528339386, 0.456017017365], [-54.1985282898, 183.012985229, 103.428840637, 73.9446868896, 209.60496521, 39.9855651855, 37.2994346619, 22.0347270966, 21.834936142, -2.59717202187, 28.9882392883, 9.1946554184, -9.52694320679], [252.698440552, -110.69959259, 119.27230072, 82.1245193481, 39.9855651855, 174.09538269, 74.1568908691, 83.9708786011, -7.0833325386, 26.3603363037, 5.08651018143, 18.5998954773, -16.5293979645], [-198.311203003, 33.1762123108, 12.3269710541, 24.2355041504, 37.2994346619, 74.1568908691, 189.515548706, 104.272735596, 20.4197444916, 1.81430709362, 35.6759033203, 20.184545517, -23.4565677643], [118.122764587, -128.694107056, 48.7221107483, 55.8472824097, 22.0347270966, 83.9708786011, 104.272735596, 157.878417969, 26.1335849762, 19.28465271, 4.12102603912, 19.943157196, -15.6920232773], [-285.101623535, 50.4260025024, -77.4379730225, -24.8858509064, 21.834936142, -7.0833325386, 20.4197444916, 26.1335849762, 111.470336914, 13.6216812134, 3.63344764709, -7.28827428818, 18.6641807556], [67.4711914062, -85.6297683716, 53.2413253784, 6.50134897232, -2.59717202187, 26.3603363037, 1.81430709362, 19.28465271, 13.6216812134, 87.2362670898, 18.6084976196, 27.0124893188, -4.06318759918], [-2.24513268471, 141.849853516, 4.7076010704, 5.85319042206, 28.9882392883, 5.08651018143, 35.6759033203, 4.12102603912, 3.63344764709, 18.6084976196, 108.755882263, 26.142156601, -9.1814699173], [42.134059906, -65.2246704102, 43.3938522339, 10.6528339386, 9.1946554184, 18.5998954773, 20.184545517, 19.943157196, -7.28827428818, 27.0124893188, 26.142156601, 86.8297729492, 18.9155979156], [-134.616424561, -25.1382846832, -33.6171112061, 0.456017017365, -9.52694320679, -16.5293979645, -23.4565677643, -15.6920232773, 18.6641807556, -4.06318759918, -9.1814699173, 18.9155979156, 82.4174880981]],
        "icov": [[0.00044056220213, -0.000553493970074, 0.000427989376476, -0.000592628552113, 0.000470897677587, -0.000841642788146, 0.00147873663809, -0.00130361830816, 0.00134114723187, -0.000656288350001, 0.000505239760969, -0.000663676881231, 0.000659444136545], [-0.000553493970074, 0.00403039623052, -0.00113979808521, 0.00117870699614, -0.00292766094208, 0.00246947281994, -0.00355749367736, 0.0048753595911, -0.00353069906123, 0.0037141754292, -0.0049936263822, 0.00335171236657, -0.000416427821619], [0.000427989376476, -0.00113979808521, 0.00450199842453, -0.00268659717403, -0.000561270629987, -0.00210553547367, 0.00231325160712, -0.00189197156578, 0.00404809741303, -0.00333051779307, 0.00211105612107, -0.00220103468746, 0.00167297432199], [-0.000592628552113, 0.00117870699614, -0.00268659717403, 0.00751562928781, -0.00208131410182, 4.21950244345e-05, -0.00143225491047, 0.000167246442288, -0.00119919329882, 0.00233261706308, -0.00200960226357, 0.00247946102172, -0.00276014208794], [0.000470897677587, -0.00292766094208, -0.000561270629987, -0.00208131410182, 0.00873757340014, -0.00235974369571, 0.00202837819234, -0.00255756103434, -0.000342414830811, -0.000679831602611, 0.00211077206768, -0.00291740451939, 0.00123457738664], [-0.000841642788146, 0.00246947281994, -0.00210553547367, 4.21950244345e-05, -0.00235974369571, 0.0119883464649, -0.0057237255387, 0.000956913747359, -0.00232969340868, 0.000508639437612, -0.00195457227528, 0.00256650825031, -0.00104990217369], [0.00147873663809, -0.00355749367736, 0.00231325160712, -0.00143225491047, 0.00202837819234, -0.0057237255387, 0.0160427391529, -0.0117753297091, 0.00492779165506, -0.00124431855511, 0.0010515996255, -0.00470831524581, 0.0037125737872], [-0.00130361830816, 0.0048753595911, -0.00189197156578, 0.000167246442288, -0.00255756103434, 0.000956913747359, -0.0117753297091, 0.0202956255525, -0.00909437332302, 0.00375807471573, -0.003475649748, 0.00241035898216, 0.000298683764413], [0.00134114723187, -0.00353069906123, 0.00404809741303, -0.00119919329882, -0.000342414830811, -0.00232969340868, 0.00492779165506, -0.00909437332302, 0.0188942216337, -0.0081028258428, 0.00410317163914, -0.000348511355696, -0.00220555998385], [-0.000656288350001, 0.0037141754292, -0.00333051779307, 0.00233261706308, -0.000679831602611, 0.000508639437612, -0.00124431855511, 0.00375807471573, -0.0081028258428, 0.0196769777685, -0.00714436685666, -0.00106395583134, 0.00132767076138], [0.000505239760969, -0.0049936263822, 0.00211105612107, -0.00200960226357, 0.00211077206768, -0.00195457227528, 0.0010515996255, -0.003475649748, 0.00410317163914, -0.00714436685666, 0.0180895961821, -0.00739119574428, 0.00209398963489], [-0.000663676881231, 0.00335171236657, -0.00220103468746, 0.00247946102172, -0.00291740451939, 0.00256650825031, -0.00470831524581, 0.00241035898216, -0.000348511355696, -0.00106395583134, -0.00739119574428, 0.0194929353893, -0.00694753229618], [0.000659444136545, -0.000416427821619, 0.00167297432199, -0.00276014208794, 0.00123457738664, -0.00104990217369, 0.0037125737872, 0.000298683764413, -0.00220555998385, 0.00132767076138, 0.00209398963489, -0.00694753229618, 0.0172194503248]]
    },
    "melbands": {
        "dmean": [0.000195244414499, 0.000213265171624, 0.000548088399228, 0.000616743986029, 0.000422999699367, 0.000358503864845, 0.000242460519075, 0.000245693227043, 0.000162660362548, 8.78901701071e-05, 8.03070870461e-05, 5.86810419918e-05, 8.44165333547e-05, 5.39393258805e-05, 3.00361061818e-05, 1.86774595932e-05, 1.88486683328e-05, 1.28417204905e-05, 2.1129488232e-05, 2.45902683673e-05, 2.17235738091e-05, 7.21826654626e-06, 5.56804479857e-06, 7.4006743489e-06, 4.60160617877e-06, 6.7150981522e-06, 7.47856893213e-06, 2.25998496717e-06, 2.51921960626e-06, 2.22552148443e-06, 2.26158613259e-06, 1.35347511332e-06, 1.36490359637e-06, 1.00004069736e-06, 7.02880129211e-07, 5.99574889293e-07, 7.11438076451e-07, 5.20247624536e-07, 5.70404608879e-07, 6.60762111693e-07],
        "dmean2": [0.00032238222775, 0.000379418372177, 0.000897308462299, 0.000972946290858, 0.000729897408746, 0.000609874492511, 0.00034798058914, 0.000371246511349, 0.000250662647886, 0.000123726189486, 0.000112296547741, 9.11315364647e-05, 0.000129368941998, 8.31918150652e-05, 4.6930013923e-05, 2.86738504656e-05, 2.82942910417e-05, 1.97353820113e-05, 3.41500235663e-05, 3.46922388417e-05, 3.30363945977e-05, 1.08724225356e-05, 8.39999029267e-06, 1.13383566713e-05, 6.81789879309e-06, 9.82365327218e-06, 1.08648509922e-05, 3.39416487805e-06, 3.82315238312e-06, 3.25812106894e-06, 3.15765419145e-06, 1.96481551029e-06, 1.93783398572e-06, 1.39547671552e-06, 1.01647174233e-06, 8.58300609252e-07, 9.43429313338e-07, 7.27896576791e-07, 7.98318126272e-07, 9.52910909291e-07],
        "dvar": [3.95674959464e-07, 1.89969512121e-07, 8.91328511443e-07, 1.43575221045e-06, 3.94572026607e-07, 2.56460140236e-07, 4.65984356879e-07, 1.62091595257e-07, 1.07970990371e-07, 4.18259631374e-08, 4.64298466341e-08, 7.80096129915e-08, 7.06585296939e-08, 4.55402613397e-08, 1.62995643649e-08, 2.22464580091e-09, 2.00144767426e-09, 4.39166092381e-10, 1.49575773989e-09, 3.83068954335e-09, 1.35189015538e-09, 1.77566697457e-10, 1.14687530306e-10, 1.83809925614e-10, 9.65264534969e-11, 1.64565333582e-10, 4.71439665084e-10, 2.53885315549e-11, 4.21120464889e-11, 6.13652254011e-11, 2.61601400264e-11, 1.16380004592e-11, 7.95213200844e-12, 6.7005567761e-12, 3.68147309512e-12, 2.70356176682e-12, 3.88354496131e-12, 3.39098671018e-12, 5.91730267216e-12, 1.22483342913e-11],
        "dvar2": [1.02927344869e-06, 5.53628751732e-07, 2.29467627832e-06, 3.28815895045e-06, 1.18165280583e-06, 8.32843397802e-07, 1.11544909487e-06, 3.57497015102e-07, 2.44918396675e-07, 1.08769889096e-07, 1.16406624784e-07, 1.76816641329e-07, 1.89354111058e-07, 1.28850132342e-07, 4.70759715654e-08, 6.17947693016e-09, 5.5706657065e-09, 1.01981278977e-09, 4.10839717802e-09, 5.64788349422e-09, 2.85423906732e-09, 3.62170876622e-10, 2.27946467257e-10, 4.21559870345e-10, 2.01316505133e-10, 3.22702586875e-10, 8.33221769359e-10, 5.56424663289e-11, 9.0992782753e-11, 1.37950151302e-10, 5.07780831271e-11, 2.61485312569e-11, 1.66486338604e-11, 1.39252654546e-11, 7.85007302218e-12, 5.71806664518e-12, 7.26423608766e-12, 6.94331744877e-12, 1.1873731165e-11, 2.55514498448e-11],
        "max": [0.00626540370286, 0.00491130026057, 0.0120994597673, 0.017878992483, 0.00753548042849, 0.00691700680181, 0.0167848281562, 0.00668676290661, 0.00660166330636, 0.00437502842396, 0.00554286967963, 0.00695432769135, 0.00457289908081, 0.00589341111481, 0.00369636109099, 0.00135997903999, 0.00121802301146, 0.000279152940493, 0.000388494401705, 0.0018172377022, 0.000789156125393, 0.00033360926318, 0.000260621571215, 0.000232140533626, 0.000155888541485, 0.000314220349537, 0.00103974714875, 8.50006617839e-05, 0.000103522004792, 0.000170744213392, 7.84075964475e-05, 6.89615771989e-05, 5.08415796503e-05, 5.77760038141e-05, 4.03232115787e-05, 3.05221255985e-05, 5.07031909365e-05, 4.31505904999e-05, 5.68779287278e-05, 6.92952380632e-05],
        "mean": [0.000287334085442, 0.000345259031747, 0.000886667403392, 0.00113865768071, 0.000951500900555, 0.000855791324284, 0.000572680612095, 0.000612655829173, 0.000334277487127, 0.000225444353418, 0.000218951958232, 9.67860687524e-05, 0.000153865388711, 9.88044048427e-05, 5.05506031914e-05, 3.96927680413e-05, 3.98337760998e-05, 2.48161832133e-05, 3.54258991138e-05, 5.96744175709e-05, 4.74359803775e-05, 1.55051748152e-05, 1.11441631816e-05, 1.33449402711e-05, 8.34452748677e-06, 1.22197070596e-05, 1.29285663206e-05, 3.73555576516e-06, 4.01856186727e-06, 3.39405960403e-06, 3.75028616872e-06, 2.12376698983e-06, 2.33491732615e-06, 1.52805523612e-06, 1.11349231702e-06, 9.12865914415e-07, 1.1412338381e-06, 6.80445054968e-07, 7.27315409677e-07, 7.42443091895e-07],
        "median": [1.67488578882e-05, 0.000119828953757, 0.000408113468438, 0.000547793169972, 0.000579924089834, 0.00053999805823, 0.000277405371889, 0.000361862679711, 0.000177326612175, 0.000110409113404, 0.000102220372355, 3.97083131247e-05, 5.29563913005e-05, 5.21658366779e-05, 2.18504374061e-05, 2.75634611171e-05, 2.47002190008e-05, 1.43755205499e-05, 1.54722256411e-05, 2.05459364224e-05, 2.53890957538e-05, 7.52183677832e-06, 4.63316609967e-06, 6.22447805654e-06, 3.56352938979e-06, 5.51581024411e-06, 5.09016263095e-06, 1.47175717302e-06, 1.48617959894e-06, 7.79139440965e-07, 1.37854601689e-06, 8.64507569531e-07, 1.10431574285e-06, 4.89800868309e-07, 3.45529372225e-07, 2.72790913414e-07, 2.3523658399e-07, 1.1151416146e-07, 9.65819992871e-08, 6.38107024997e-08],
        "min": [1.02068945478e-23, 4.92096639159e-24, 5.88156586575e-24, 1.04895694426e-23, 9.82561282877e-24, 2.700675367e-24, 8.56648432781e-24, 7.3054743936e-24, 8.93849693122e-24, 1.05050019285e-23, 4.63771247293e-24, 1.05034155292e-23, 4.84028722023e-24, 1.3086360703e-23, 7.70194168507e-24, 4.39007286314e-24, 1.14282752656e-23, 7.16998279996e-24, 1.22425635244e-23, 8.63468845282e-24, 7.828119198e-24, 8.07025216425e-24, 5.1499419468e-24, 3.98666399013e-24, 3.76764030967e-24, 7.7302207708e-24, 1.21846461456e-23, 8.32090167283e-24, 8.78434483287e-24, 6.56388242825e-24, 7.60938857936e-24, 1.38101918595e-23, 9.33133230708e-24, 7.04839014662e-24, 6.23399854706e-24, 7.89166746594e-24, 7.86039701966e-24, 1.28144939915e-23, 1.13665098233e-23, 8.72679111895e-24],
        "stdev": [0.000766812125221, 0.000580557971261, 0.00129201589152, 0.00158957939129, 0.00103478645906, 0.000937916105613, 0.000972159206867, 0.000778864778113, 0.000455104163848, 0.00032760258182, 0.000322404899634, 0.000323324085912, 0.000296746380627, 0.000190905106138, 0.000109593478555, 4.91486498504e-05, 4.97030523547e-05, 3.34581673087e-05, 5.18426895724e-05, 0.000158437571372, 6.5710155468e-05, 2.77982835541e-05, 1.95979046111e-05, 1.91107119463e-05, 1.55797752086e-05, 2.09115260077e-05, 3.94465896534e-05, 6.81600522512e-06, 8.41935980134e-06, 1.00087627288e-05, 7.39594406696e-06, 4.15322256231e-06, 3.8021275941e-06, 3.34555852533e-06, 2.53158941632e-06, 2.07573748412e-06, 2.78176935353e-06, 2.23374058805e-06, 2.90256730295e-06, 3.81055019716e-06],
        "var": [5.88000830248e-07, 3.37047566745e-07, 1.6693049929e-06, 2.52676250057e-06, 1.07078312794e-06, 8.796866382e-07, 9.45093518112e-07, 6.06630351285e-07, 2.07119796869e-07, 1.07323451459e-07, 1.03944920227e-07, 1.04538464996e-07, 8.80584067886e-08, 3.64447600987e-08, 1.20107301882e-08, 2.41558972824e-09, 2.47039344536e-09, 1.11944886694e-09, 2.68766453537e-09, 2.5102462331e-08, 4.3178247644e-09, 7.72744590538e-10, 3.84077880611e-10, 3.65219299248e-10, 2.42729392141e-10, 4.37291952649e-10, 1.55603330221e-09, 4.64579243131e-11, 7.08856168208e-11, 1.00175326367e-10, 5.46999910644e-11, 1.72492575778e-11, 1.44561749724e-11, 1.1192761995e-11, 6.40894542298e-12, 4.30868622031e-12, 7.73824060385e-12, 4.98959727702e-12, 8.42489706471e-12, 1.45202929541e-11]
    },
    "melbands128": {
