{
"lowlevel": {
    "average_loudness": 0.9781691432,
    "barkbands_crest": {
        "dmean": 2.48230934143,
        "dmean2": 4.01879167557,
        "dvar": 5.34866380692,
        "dvar2": 14.3682031631,
        "max": 22.2312278748,
        "mean": 10.5752449036,
        "median": 10.239074707,
        "min": 2.73775792122,
        "stdev": 3.46099638939,
        "var": 11.9784965515
    },
    "barkbands_flatness_db": {
        "dmean": 0.0253226291388,
        "dmean2": 0.0377589352429,
        "dvar": 0.000573113386054,
        "dvar2": 0.00119256286416,
        "max": 0.411337345839,
        "mean": 0.18855419755,
        "median": 0.182990714908,
        "min": 0.0399452522397,
        "stdev": 0.0605930797756,
        "var": 0.00367152132094
    },
    "barkbands_kurtosis": {
        "dmean": 3.70011138916,
        "dmean2": 5.71310710907,
        "dvar": 36.5814247131,
        "dvar2": 84.546836853,
        "max": 107.675941467,
        "mean": 5.97328615189,
        "median": 3.57005977631,
        "min": -1.75165057182,
        "stdev": 8.92443847656,
        "var": 79.6455993652
    },
    "barkbands_skewness": {
        "dmean": 0.602129817009,
        "dmean2": 0.893277406693,
        "dvar": 0.369086116552,
        "dvar2": 0.794748902321,
        "max": 7.91042089462,
        "mean": 1.97725117207,
        "median": 1.89671397209,
        "min": -1.98457467556,
        "stdev": 1.21210932732,
        "var": 1.46920895576
    },
    "barkbands_spread": {
        "dmean": 4.39061307907,
        "dmean2": 6.71338033676,
        "dvar": 21.9564876556,
        "dvar2": 47.5416984558,
        "max": 82.4560089111,
        "mean": 15.9437389374,
        "median": 14.2313747406,
        "min": 0.854702651501,
        "stdev": 9.12938499451,
        "var": 83.345664978
    },
    "dissonance": {
        "dmean": 0.0204260889441,
        "dmean2": 0.0334332287312,
        "dvar": 0.00038594059879,
        "dvar2": 0.000997882452793,
        "max": 0.499903976917,
        "mean": 0.452175587416,
        "median": 0.456099629402,
        "min": 0.31098523736,
        "stdev": 0.0286990907043,
        "var": 0.000823637819849
    },
    "dynamic_complexity": 2.30885839462,
    "erbbands_crest": {
        "dmean": 2.77139830589,
        "dmean2": 4.44209289551,
        "dvar": 6.42685508728,
        "dvar2": 15.5611352921,
        "max": 28.8848552704,
        "mean": 9.88949394226,
        "median": 9.10464572906,
        "min": 3.15809941292,
        "stdev": 3.96376991272,
        "var": 15.7114715576
    },
    "erbbands_flatness_db": {
        "dmean": 0.0183649566025,
        "dmean2": 0.0255540385842,
        "dvar": 0.000315403391141,
        "dvar2": 0.000606414570939,
        "max": 0.379178524017,
        "mean": 0.181139349937,
        "median": 0.181778907776,
        "min": 0.0552066639066,
        "stdev": 0.0478652045131,
        "var": 0.00229107798077
    },
    "erbbands_kurtosis": {
        "dmean": 0.856423914433,
        "dmean2": 1.33733654022,
        "dvar": 1.18782162666,
        "dvar2": 2.92040967941,
        "max": 10.5484189987,
        "mean": -0.101303309202,
        "median": -0.581825494766,
        "min": -1.7333265543,
        "stdev": 1.43146336079,
        "var": 2.049087286
    },
    "erbbands_skewness": {
        "dmean": 0.400431990623,
        "dmean2": 0.612674534321,
        "dvar": 0.133961349726,
        "dvar2": 0.3111153543,
        "max": 2.74108982086,
        "mean": -0.0663985833526,
        "median": -0.120855174959,
        "min": -2.45567274094,
        "stdev": 0.735431849957,
        "var": 0.540859997272
    },
    "erbbands_spread": {
        "dmean": 6.64934921265,
        "dmean2": 9.91940784454,
        "dvar": 40.2323646545,
        "dvar2": 89.3110046387,
        "max": 121.155570984,
        "mean": 35.8945541382,
        "median": 35.0553283691,
        "min": 8.04481697083,
        "stdev": 12.2061710358,
        "var": 148.990615845
    },
    "hfc": {
        "dmean": 4.64194393158,
        "dmean2": 6.78408002853,
        "dvar": 30.9728374481,
        "dvar2": 61.0286521912,
        "max": 66.1883239746,
        "mean": 17.9804153442,
        "median": 16.3506717682,
        "min": 1.20385232608e-16,
        "stdev": 11.027888298,
        "var": 121.614318848
    },
    "loudness_ebu128": {
        "integrated": -12.1783132553,
        "loudness_range": 1.58138751984,
        "momentary": {
            "dmean": 0.70809262991,
            "dmean2": 0.811028301716,
            "dvar": 0.377487391233,
            "dvar2": 0.419610589743,
            "max": -9.28295993805,
            "mean": -12.4526996613,
            "median": -12.0157222748,
            "min": -18.6109390259,
            "stdev": 1.67137110233,
            "var": 2.79348134995
        },
        "short_term": {
            "dmean": 0.0938785374165,
            "dmean2": 0.109484873712,
            "dvar": 0.00496385386214,
            "dvar2": 0.00878616329283,
            "max": -11.1736297607,
            "mean": -12.2291879654,
            "median": -12.148065567,
            "min": -13.5079774857,
            "stdev": 0.531045794487,
            "var": 0.282009631395
        }
    },
    "melbands_crest": {
        "dmean": 3.48679757118,
        "dmean2": 5.57795286179,
        "dvar": 10.8286437988,
        "dvar2": 25.0516853333,
        "max": 35.0296287537,
        "mean": 16.8474998474,
        "median": 16.5628814697,
        "min": 2.19675135612,
        "stdev": 5.65998792648,
        "var": 32.0354652405
    },
    "melbands_flatness_db": {
        "dmean": 0.0282147862017,
        "dmean2": 0.0419667176902,
        "dvar": 0.000845062313601,
        "dvar2": 0.00169892970007,
        "max": 0.545250833035,
        "mean": 0.264121323824,
        "median": 0.262522488832,
        "min": 0.00599014945328,
        "stdev": 0.0732986852527,
        "var": 0.00537269702181
    },
    "melbands_kurtosis": {
        "dmean": 8.17914009094,
        "dmean2": 12.3865118027,
        "dvar": 164.144042969,
        "dvar2": 348.594085693,
        "max": 182.41267395,
        "mean": 16.5157337189,
        "median": 11.1458482742,
        "min": -1.46142780781,
        "stdev": 19.6922492981,
        "var": 387.784698486
    },
    "melbands_skewness": {
        "dmean": 0.807938277721,
        "dmean2": 1.18852365017,
        "dvar": 0.726018130779,
        "dvar2": 1.52119851112,
        "max": 11.9468421936,
        "mean": 3.15634679794,
        "median": 2.96366977692,
        "min": -0.644710898399,
        "stdev": 1.62517118454,
        "var": 2.64118123055
    },
    "melbands_spread": {
        "dmean": 5.37175703049,
        "dmean2": 8.1600522995,
        "dvar": 48.5600967407,
        "dvar2": 103.929550171,
        "max": 131.779937744,
        "mean": 16.1212348938,
        "median": 12.413561821,
        "min": 0.745178997517,
        "stdev": 12.6666765213,
        "var": 160.44468689
    },
    "pitch_salience": {
        "dmean": 0.072042837739,
        "dmean2": 0.114945009351,
        "dvar": 0.00428243167698,
        "dvar2": 0.0111420080066,
        "max": 0.853613674641,
        "mean": 0.491293042898,
        "median": 0.48667216301,
        "min": 0.209098979831,
        "stdev": 0.106284745038,
        "var": 0.0112964473665
    },
    "silence_rate_20dB": {
        "dmean": 0,
        "dmean2": 0,
        "dvar": 0,
        "dvar2": 0,
        "max": 1,
        "mean": 1,
        "median": 1,
        "min": 1,
        "stdev": 0,
        "var": 0
    },
    "silence_rate_30dB": {
        "dmean": 0.0525773204863,
        "dmean2": 0.105208873749,
        "dvar": 0.049812246114,
        "dvar2": 0.113735064864,
        "max": 1,
        "mean": 0.93869137764,
        "median": 1,
        "min": 0,
        "stdev": 0.239897444844,
        "var": 0.0575507804751
    },
    "silence_rate_60dB": {
        "dmean": 0.0201030932367,
        "dmean2": 0.0402269214392,
        "dvar": 0.0196990389377,
        "dvar2": 0.0386083945632,
        "max": 1,
        "mean": 0.0453374534845,
        "median": 0,
        "min": 0,
        "stdev": 0.208040952682,
        "var": 0.0432810373604
    },
    "spectral_centroid": {
        "dmean": 193.540802002,
        "dmean2": 289.94720459,
        "dvar": 88246.4609375,
        "dvar2": 175863.5625,
        "max": 11065.1601562,
        "mean": 909.955688477,
        "median": 798.376647949,
        "min": 172.305938721,
        "stdev": 541.329406738,
        "var": 293037.5
    },
    "spectral_complexity": {
        "dmean": 3.29845356941,
        "dmean2": 4.88963365555,
        "dvar": 12.4990606308,
        "dvar2": 23.2430820465,
        "max": 40,
        "mean": 15.7820711136,
        "median": 15,
        "min": 0,
        "stdev": 7.22062349319,
        "var": 52.1374053955
    },
    "spectral_decrease": {
        "dmean": 4.08421563236e-09,
        "dmean2": 5.93131632698e-09,
        "dvar": 2.55761069028e-17,
        "dvar2": 5.30695688346e-17,
        "max": 4.66390688404e-29,
        "mean": -1.23486767478e-08,
        "median": -1.16526068794e-08,
        "min": -5.08569044655e-08,
        "stdev": 8.94504736948e-09,
        "var": 8.00138688665e-17
    },
    "spectral_energy": {
        "dmean": 0.0157042276114,
        "dmean2": 0.0227840878069,
        "dvar": 0.000376112118829,
        "dvar2": 0.000776076863986,
        "max": 0.194605693221,
        "mean": 0.0482376106083,
        "median": 0.0457362569869,
        "min": 1.07722204443e-20,
        "stdev": 0.0344585590065,
        "var": 0.00118739227764
    },
    "spectral_energyband_high": {
        "dmean": 9.31042377488e-05,
        "dmean2": 0.000148111212184,
        "dvar": 4.5728626219e-08,
        "dvar2": 1.22580587458e-07,
        "max": 0.0044615836814,
        "mean": 0.000216532993363,
        "median": 9.65031431406e-05,
        "min": 7.83749833764e-21,
        "stdev": 0.000375247123884,
        "var": 1.40810413995e-07
    },
    "spectral_energyband_low": {
        "dmean": 0.0123441554606,
        "dmean2": 0.0188943427056,
        "dvar": 0.000300204235828,
        "dvar2": 0.000663560640533,
        "max": 0.177472233772,
        "mean": 0.0281635075808,
        "median": 0.0217535961419,
        "min": 3.17733387992e-23,
        "stdev": 0.0270421933383,
        "var": 0.000731280189939
    },
    "spectral_energyband_middle_high": {
        "dmean": 0.00149679009337,
        "dmean2": 0.0023152071517,
        "dvar": 3.01758768728e-06,
        "dvar2": 6.2297808654e-06,
        "max": 0.0198615137488,
        "mean": 0.00479038758203,
        "median": 0.00432700384408,
        "min": 1.41411705692e-21,
        "stdev": 0.00332616060041,
        "var": 1.10633445729e-05
    },
    "spectral_energyband_middle_low": {
        "dmean": 0.00583815062419,
        "dmean2": 0.00846670847386,
        "dvar": 5.71812925045e-05,
        "dvar2": 0.000111014596769,
        "max": 0.0853931978345,
        "mean": 0.0169386491179,
        "median": 0.0140952290967,
        "min": 2.23101577003e-22,
        "stdev": 0.0133799770847,
        "var": 0.000179023787496
    },
    "spectral_entropy": {
        "dmean": 0.182093635201,
        "dmean2": 0.264280349016,
        "dvar": 0.0337623804808,
        "dvar2": 0.0673653930426,
        "max": 9.81469631195,
        "mean": 7.12235355377,
        "median": 7.17003774643,
        "min": 5.37307548523,
        "stdev": 0.461172133684,
        "var": 0.212679743767
    },
    "spectral_flux": {
        "dmean": 0.0370067320764,
        "dmean2": 0.0582213886082,
        "dvar": 0.0016630286118,
        "dvar2": 0.00376595975831,
        "max": 0.346441924572,
        "mean": 0.0942346155643,
        "median": 0.0802735537291,
        "min": 6.77938191695e-11,
        "stdev": 0.0533735118806,
        "var": 0.00284873158671
    },
    "spectral_kurtosis": {
        "dmean": 3.25798845291,
        "dmean2": 5.66754770279,
        "dvar": 30.4618530273,
        "dvar2": 86.2542037964,
        "max": 89.5234069824,
        "mean": 8.50958251953,
        "median": 7.01646327972,
        "min": -1.18597435951,
        "stdev": 6.96736478806,
        "var": 48.5441741943
    },
    "spectral_rms": {
        "dmean": 0.00114214350469,
        "dmean2": 0.00159053481184,
        "dvar": 1.66340123542e-06,
        "dvar2": 3.05335129269e-06,
        "max": 0.0137789407745,
        "mean": 0.00630848342553,
        "median": 0.00667987577617,
        "min": 3.24183345099e-12,
        "stdev": 0.00269520585425,
        "var": 7.26413509256e-06
    },
    "spectral_rolloff": {
        "dmean": 330.39050293,
        "dmean2": 549.992004395,
        "dvar": 356646.625,
        "dvar2": 709340.625,
        "max": 19056.8847656,
        "mean": 880.022216797,
        "median": 473.73046875,
        "min": 64.599609375,
        "stdev": 964.641174316,
        "var": 930532.625
    },
    "spectral_skewness": {
        "dmean": 0.316451996565,
        "dmean2": 0.539674401283,
        "dvar": 0.176154524088,
        "dvar2": 0.490959614515,
        "max": 7.06714010239,
        "mean": 2.0696516037,
        "median": 2.0135846138,
        "min": 0.00351772713475,
        "stdev": 0.558986246586,
        "var": 0.312465637922
    },
    "spectral_spread": {
        "dmean": 487053.3125,
        "dmean2": 715081,
        "dvar": 605961846784,
        "dvar2": 1.03568192307e+12,
        "max": 39829012,
        "mean": 3634578.5,
        "median": 3355282.75,
        "min": 703806.875,
        "stdev": 1756719.875,
        "var": 3.08606481203e+12
    },
    "spectral_strongpeak": {
        "dmean": 0.390729933977,
        "dmean2": 0.661707937717,
        "dvar": 0.259555548429,
        "dvar2": 0.659963607788,
        "max": 5.5491809845,
        "mean": 0.785147607327,
        "median": 0.636103630066,
        "min": 0,
        "stdev": 0.686909496784,
        "var": 0.471844673157
    },
    "zerocrossingrate": {
        "dmean": 0.00741608627141,
        "dmean2": 0.00907387211919,
        "dvar": 0.000158697657753,
        "dvar2": 0.000280292064417,
        "max": 0.515625,
        "mean": 0.0379015430808,
        "median": 0.0322265625,
        "min": 0.005859375,
        "stdev": 0.0266303084791,
        "var": 0.000709173327778
    },
    "barkbands": {
        "dmean": [0.00112729449756, 0.00619441643357, 0.007104258053, 0.00200112839229, 0.00282744737342, 0.00115843326785, 0.00188679550774, 0.00063643057365, 0.000325161381625, 0.000194898399059, 0.000110936511192, 0.000107330284663, 0.000461936317151, 0.000375961622922, 0.000487946497742, 0.000491800892632, 0.000397218362195, 8.18095068098e-05, 4.79340887978e-05, 3.3504464227e-05, 2.18810473598e-05, 9.23458264879e-06, 1.05216277007e-05, 1.13319247248e-05, 1.68856240634e-05, 3.0316043194e-05, 2.91761625704e-06],
        "dmean2": [0.00150854350068, 0.0105276340619, 0.0105084097013, 0.00309736677445, 0.00438845204189, 0.00170869135763, 0.00269698840566, 0.000978932366706, 0.000514876097441, 0.000318688340485, 0.000176516754436, 0.000169955586898, 0.000746567791793, 0.000598134356551, 0.000765386153944, 0.000798623426817, 0.000602920481469, 0.000131317225168, 7.81478884164e-05, 5.5248663557e-05, 3.5952514736e-05, 1.39777457662e-05, 1.63657950907e-05, 1.66473582794e-05, 2.53606103797e-05, 5.27423180756e-05, 5.20827961736e-06],
        "dvar": [8.11215159047e-06, 0.000132532528369, 0.000107167987153, 7.03116756995e-06, 2.36531595874e-05, 4.32016349805e-06, 9.59799035627e-06, 2.72798797596e-06, 1.93654841496e-07, 8.71789112011e-08, 6.83044589778e-08, 2.37499904188e-08, 3.13993126611e-07, 5.26307474047e-07, 3.16410677215e-07, 4.91545051773e-07, 4.37539966924e-07, 1.81182553405e-08, 6.71998812152e-09, 4.05614208887e-09, 6.80903067263e-09, 2.4604993043e-10, 2.91386414997e-10, 4.89716434071e-10, 1.63347835258e-09, 1.1551585466e-08, 3.22902427019e-10],
        "dvar2": [1.45790818351e-05, 0.00035170422052, 0.000215620646486, 1.5608544345e-05, 5.32856392965e-05, 8.937317034e-06, 1.6982683519e-05, 6.25869142823e-06, 4.76463554833e-07, 2.03380395192e-07, 1.67242859561e-07, 5.83412287369e-08, 7.9955344745e-07, 1.22694223137e-06, 7.76522597334e-07, 1.19826677292e-06, 9.07459991595e-07, 4.2533368827e-08, 1.61168998147e-08, 1.17879386252e-08, 1.90752356133e-08, 5.56757751013e-10, 7.32812865945e-10, 1.02904140764e-09, 4.08793177087e-09, 3.19881650057e-08, 8.97276919432e-10],
        "max": [0.0389331430197, 0.0971610024571, 0.115141123533, 0.0318325385451, 0.0678926333785, 0.0280326493084, 0.0390965826809, 0.0309184845537, 0.00587270781398, 0.00380565994419, 0.00380488950759, 0.00182572903577, 0.00716975983232, 0.00740390457213, 0.00646672816947, 0.00866634584963, 0.00922512635589, 0.00184110971168, 0.00137637543958, 0.00111659837421, 0.00252397265285, 0.00033809847082, 0.000392641552025, 0.000526263494976, 0.000733113847673, 0.00183311430737, 0.000343567779055],
        "mean": [0.00165927957278, 0.00868226867169, 0.0159934572875, 0.00421014474705, 0.00516398856416, 0.0023290195968, 0.0034448702354, 0.00120692304336, 0.000485419499455, 0.000300354935462, 0.00014936736261, 0.000204408061109, 0.000976969022304, 0.000551429227926, 0.000983671052381, 0.000657097552903, 0.000760386232287, 0.000141399505083, 9.21481987461e-05, 6.36421318632e-05, 4.54836808785e-05, 2.27246127906e-05, 2.58087056864e-05, 3.14191274811e-05, 2.85615315079e-05, 2.54347305599e-05, 1.98063025891e-06],
        "median": [6.19151978754e-05, 0.00476877158508, 0.00966573506594, 0.00311832106672, 0.00289323576726, 0.000898943399079, 0.00158872152679, 0.000130046362756, 0.000286178721581, 0.000196184701053, 4.47168131359e-05, 9.46399450186e-05, 0.00079238100443, 0.000174785032868, 0.000803333590738, 0.000366525287973, 0.000345023989212, 7.49295577407e-05, 5.28671844222e-05, 3.45353764715e-05, 1.88698559214e-05, 9.96583912638e-06, 1.30322123368e-05, 1.47103492054e-05, 8.87329952093e-06, 1.44539217217e-06, 7.72626762569e-09],
        "min": [4.347685079e-23, 4.51307481649e-24, 6.10416860814e-24, 5.89535002678e-24, 3.59146155824e-23, 2.17669048514e-23, 1.18255661278e-23, 3.07163440722e-23, 6.90030012878e-23, 3.65935092774e-23, 4.11230223775e-23, 6.84814948097e-23, 8.24055145647e-23, 8.32619650722e-23, 1.29845381661e-22, 1.57192172641e-22, 1.10508179442e-22, 8.88925197367e-23, 3.12731574401e-22, 1.93257050449e-22, 3.5383127805e-22, 4.73633450646e-22, 5.43173117163e-22, 6.92050481294e-22, 1.16345659264e-21, 1.72429171225e-21, 2.30294756574e-21],
        "stdev": [0.00424512056634, 0.0119597557932, 0.0179778393358, 0.00459488108754, 0.00640895264223, 0.00368692469783, 0.00536054372787, 0.00329595990479, 0.00059864600189, 0.000372031674488, 0.000343629915733, 0.000268207484623, 0.000900196144357, 0.000957284646574, 0.0009366144659, 0.000831395445857, 0.00114504038356, 0.00019460603653, 0.000121436758491, 9.72503694356e-05, 0.00011251912656, 3.85850435123e-05, 4.09502863477e-05, 5.75085068704e-05, 5.53306745132e-05, 8.92549142009e-05, 1.42819480971e-05],
        "var": [1.80210481631e-05, 0.000143035766087, 0.000323202722939, 2.11129317904e-05, 4.1074676119e-05, 1.35934133141e-05, 2.87354305328e-05, 1.0863352145e-05, 3.58377064913e-07, 1.38407557415e-07, 1.18081509015e-07, 7.19352613032e-08, 8.103531286e-07, 9.16393844363e-07, 8.77246691289e-07, 6.91218360771e-07, 1.31111744395e-06, 3.78715085958e-08, 1.47468854905e-08, 9.45763378724e-09, 1.26605534945e-08, 1.48880552331e-09, 1.67692604247e-09, 3.30722826902e-09, 3.06148351115e-09, 7.96643995216e-09, 2.03974032109e-10]
    },
    "erbbands": {
        "dmean": [0.186433821917, 1.4386125803, 7.50068473816, 6.76589441299, 8.08860111237, 10.0437402725, 10.2337846756, 8.25650119781, 28.5661888123, 17.5330066681, 9.86244297028, 8.71294307709, 4.59357261658, 5.39673995972, 5.18502855301, 6.07969141006, 23.2852840424, 19.823102951, 21.187953949, 31.379743576, 20.301738739, 17.4385604858, 6.39490795135, 2.74858355522, 2.170347929, 1.70177900791, 1.05507540703, 0.679493308067, 0.318444252014, 0.401745438576, 0.275950819254, 0.219462573528, 0.216283902526, 0.201609790325, 0.118056707084, 0.0934341177344, 0.0610735826194, 0.0144082531333, 0.000393508205889, 2.36611867876e-05],
        "dmean2": [0.315252572298, 2.43521213531, 11.3127279282, 10.1551618576, 12.7627019882, 15.6778278351, 15.2386274338, 12.5933980942, 40.128326416, 26.4916477203, 15.4949054718, 13.5859422684, 7.37030935287, 8.91221046448, 8.29361724854, 9.58621025085, 37.5143356323, 31.022819519, 34.2948646545, 49.3242530823, 32.2355270386, 26.9999885559, 9.68078708649, 4.42789745331, 3.40064930916, 2.81215643883, 1.75097429752, 1.11627173424, 0.485348016024, 0.625259757042, 0.435494631529, 0.336077034473, 0.321686118841, 0.30759871006, 0.1825376302, 0.159540966153, 0.106125317514, 0.0257446970791, 0.000699935771991, 3.58615106961e-05],
        "dvar": [0.243013888597, 5.53998327255, 127.301269531, 71.3596801758, 173.7109375, 307.953491211, 653.118835449, 206.092483521, 2158.1640625, 835.454833984, 623.925415039, 140.764541626, 73.5803909302, 63.7559585571, 129.257858276, 53.2493095398, 834.132019043, 1537.24645996, 748.30859375, 1836.17443848, 1267.06335449, 843.122680664, 121.13848877, 24.0800762177, 16.3476352692, 8.73709106445, 20.6564216614, 2.23130464554, 0.35731241107, 0.427734047174, 0.255277663469, 0.179666012526, 0.173394948244, 0.216290012002, 0.10931789875, 0.080047622323, 0.0507706105709, 0.00438614515588, 4.69765245725e-06, 2.14481121752e-09],
        "dvar2": [0.637336134911, 14.3866624832, 258.856842041, 150.677154541, 429.156494141, 678.946777344, 1256.97338867, 475.087615967, 3885.19165039, 1905.66687012, 1190.05224609, 336.397521973, 155.980209351, 161.48878479, 314.867584229, 132.550170898, 2102.09838867, 3533.38452148, 1931.99523926, 4547.57421875, 2939.82006836, 1744.17370605, 239.97819519, 61.3932266235, 34.6067695618, 24.6717739105, 58.9937858582, 6.34170246124, 0.813673377037, 1.02169883251, 0.647630929947, 0.37455996871, 0.386552900076, 0.550780951977, 0.280804157257, 0.218758448958, 0.14014211297, 0.0123028373346, 1.30468333737e-05, 5.64054891683e-09],
        "max": [3.61682271957, 22.2804718018, 118.302207947, 87.3997573853, 151.943695068, 264.454528809, 473.233917236, 195.950622559, 595.754089355, 474.730407715, 375.726654053, 164.931396484, 151.436782837, 118.956176758, 184.458877563, 93.3243560791, 383.156280518, 433.115386963, 308.143127441, 460.932006836, 537.156799316, 450.55758667, 185.194244385, 75.8084564209, 72.9603347778, 55.0557022095, 134.456863403, 40.629611969, 14.0741605759, 12.8712320328, 10.3753204346, 10.3649749756, 9.12280464172, 9.17231178284, 6.62265777588, 3.72278666496, 4.18283939362, 1.21432542801, 0.0473142415285, 0.000841437547933],
        "mean": [0.215621590614, 2.33649563789, 17.1992015839, 14.873254776, 15.5834970474, 17.5215167999, 20.6045532227, 16.8246688843, 52.0598068237, 33.1247634888, 19.23878479, 13.623591423, 7.52186107635, 8.15356445312, 8.25894355774, 13.729393959, 49.3404960632, 32.128993988, 40.191028595, 55.602645874, 34.5209999084, 33.6161231995, 13.0963249207, 5.81214809418, 4.07027673721, 3.3523979187, 2.06590151787, 1.50831568241, 0.811297893524, 0.903750360012, 0.702467739582, 0.545123398304, 0.576784610748, 0.381929367781, 0.162231341004, 0.090474627912, 0.0503196939826, 0.0102576948702, 0.000297121587209, 6.09139206063e-05],
        "median": [0.0676902905107, 1.46381866932, 9.46808624268, 12.0354852676, 11.4528827667, 9.37148857117, 8.03047275543, 8.93880462646, 22.2631187439, 13.0129537582, 5.92740774155, 7.8787984848, 3.98946619034, 5.231798172, 3.56749153137, 10.6324043274, 39.2834129333, 13.2184686661, 26.5492172241, 29.6348342896, 19.6393318176, 15.9979524612, 6.97967767715, 3.11953282356, 2.04421329498, 1.86175858974, 0.813744843006, 0.74870455265, 0.361218690872, 0.441040933132, 0.331516563892, 0.253177046776, 0.266628652811, 0.146638900042, 0.0282719098032, 0.00758358463645, 0.00281872577034, 0.000194540916709, 3.65846353816e-05, 5.56404738745e-05],
        "min": [2.02112891323e-22, 1.39766391755e-21, 8.12569404073e-21, 2.85496638597e-20, 1.05173617355e-19, 7.32964546913e-20, 1.61314333217e-19, 1.22995075018e-19, 1.82389964647e-19, 1.99040580465e-19, 7.97224163272e-19, 1.55440141116e-18, 1.18191567408e-18, 1.9004191264e-18, 1.40286295692e-18, 3.34218542151e-18, 3.3301751726e-18, 4.25790930798e-18, 6.22401546722e-18, 7.79446666381e-18, 1.13006387806e-17, 6.512795386e-18, 4.53119323876e-18, 1.03247344026e-17, 1.77084215199e-17, 1.02864169151e-17, 1.78923881425e-17, 1.43201077511e-17, 1.62837203744e-17, 1.63535195289e-17, 1.61128265142e-17, 1.22141274183e-17, 1.39388833679e-17, 1.2073213065e-17, 9.08036276659e-18, 6.32589061787e-18, 3.04506586779e-18, 1.26015486251e-18, 2.67141235848e-19, 3.38405857074e-20],
        "stdev": [0.483012676239, 2.74166321754, 19.3732757568, 14.5921201706, 16.6744728088, 23.3474407196, 42.8786659241, 22.3793048859, 79.6257629395, 54.4101104736, 44.400478363, 16.5940494537, 11.7534208298, 9.8002281189, 15.8512659073, 12.2336425781, 45.6782188416, 51.6288604736, 44.6220054626, 63.5736656189, 47.2225494385, 48.8742713928, 19.646112442, 8.42683696747, 6.0675573349, 4.84423303604, 5.75338125229, 2.78652358055, 1.47267520428, 1.37430799007, 1.1875756979, 0.999596357346, 1.05337607861, 0.702735841274, 0.37496009469, 0.250727295876, 0.187009334564, 0.0525050573051, 0.00172627030406, 5.19400418852e-05],
        "var": [0.233301252127, 7.51671743393, 375.323791504, 212.929962158, 278.038024902, 545.103027344, 1838.57995605, 500.833251953, 6340.26171875, 2960.45996094, 1971.40246582, 275.362457275, 138.14289856, 96.0444717407, 251.262634277, 149.662002563, 2086.49975586, 2665.53930664, 1991.12353516, 4041.61083984, 2229.96923828, 2388.69458008, 385.969726562, 71.0115814209, 36.8152542114, 23.4665927887, 33.1013946533, 7.76471376419, 2.16877222061, 1.88872241974, 1.41033613682, 0.999192893505, 1.10960125923, 0.493837654591, 0.140595078468, 0.062864176929, 0.0349724888802, 0.00275678094476, 2.98000918519e-06, 2.69776800899e-09]
    },
    "gfcc": {
        "mean": [-14.3095407486, 128.652679443, -113.910247803, 34.3479957581, -33.1392707825, 11.7808713913, -50.47996521, 1.75693297386, -13.341003418, 2.96612691879, -11.1879272461, -8.32387447357, -13.1479587555],
        "cov": [[7068.62060547, -1084.32543945, 288.071258545, 81.8042602539, -187.194274902, 402.070159912, -334.578918457, 270.347991943, -294.293762207, 210.911804199, -333.993499756, 202.002761841, -128.096725464], [-1084.32543945, 1866.8260498, -354.84564209, 64.8549423218, 333.517211914, -345.547210693, 279.419921875, -325.464477539, 296.021728516, -328.215423584, 186.834136963, -279.212524414, 105.005523682], [288.071258545, -354.84564209, 672.990600586, 36.3346481323, 62.5372924805, 104.229782104, 3.92301034927, 111.098312378, -138.469543457, 94.0157012939, -70.5546875, 90.3864364624, -73.4943847656], [81.8042602539, 64.8549423218, 36.3346481323, 271.066589355, 40.3644943237, 17.4198722839, 34.0985336304, -1.03536772728, 27.1463813782, -62.4519119263, 3.62610936165, -35.4764671326, 27.8448791504], [-187.194274902, 333.517211914, 62.5372924805, 40.3644943237, 326.188171387, -28.8496208191, 112.093215942, -45.1374130249, 56.9727363586, -32.1391906738, -23.4173812866, -46.5185012817, -8.72451972961], [402.070159912, -345.547210693, 104.229782104, 17.4198722839, -28.8496208191, 234.566390991, -50.5539970398, 84.1887130737, -63.4338569641, 57.6819076538, -23.2811527252, 24.5072059631, -6.38854694366], [-334.578918457, 279.419921875, 3.92301034927, 34.0985336304, 112.093215942, -50.5539970398, 147.401199341, -21.1317386627, 56.0007629395, -53.9490280151, 14.2178077698, -23.7946300507, 4.41973495483], [270.347991943, -325.464477539, 111.098312378, -1.03536772728, -45.1374130249, 84.1887130737, -21.1317386627, 152.054748535, -38.6553993225, 56.1189651489, -45.3840293884, 65.4746398926, -9.98782920837], [-294.293762207, 296.021728516, -138.469543457, 27.1463813782, 56.9727363586, -63.4338569641, 56.0007629395, -38.6553993225, 136.838516235, -28.8187236786, 31.2978897095, -65.8065261841, 20.0895652771], [210.911804199, -328.215423584, 94.0157012939, -62.4519119263, -32.1391906738, 57.6819076538, -53.9490280151, 56.1189651489, -28.8187236786, 154.215789795, -18.346244812, 36.440662384, -47.0651702881], [-333.993499756, 186.834136963, -70.5546875, 3.62610936165, -23.4173812866, -23.2811527252, 14.2178077698, -45.3840293884, 31.2978897095, -18.346244812, 109.041801453, -14.0400705338, 28.4250965118], [202.002761841, -279.212524414, 90.3864364624, -35.4764671326, -46.5185012817, 24.5072059631, -23.7946300507, 65.4746398926, -65.8065261841, 36.440662384, -14.0400705338, 131.453231812, 8.39302349091], [-128.096725464, 105.005523682, -73.4943847656, 27.8448791504, -8.72451972961, -6.38854694366, 4.41973495483, -9.98782920837, 20.0895652771, -47.0651702881, 28.4250965118, 8.39302349091, 84.0093841553]],
        "icov": [[0.000254725426203, -0.000503965537064, 0.000190024249605, -0.00042550242506, 0.000245716102654, -0.000552695884835, 0.000593337696046, -0.000133946232381, 0.00038036974729, -0.00061439408455, 0.00111361010931, -0.00089804379968, 0.00053969968576], [-0.000503965537064, 0.00498097157106, -0.0011463057017, 0.00251639750786, -0.0024637193419, 0.00331859430298, -0.00277936994098, 0.00172947905958, -0.0032505558338, 0.00595563091338, -0.00614769337699, 0.00621742801741, -0.0029099942185], [0.000190024249605, -0.0011463057017, 0.00297647784464, -0.00148481631186, -0.000286827125819, -0.000838955398649, -0.000161281699548, -0.00135983200744, 0.00346747483127, -0.00250072497874, 0.00153388106264, -0.00200738664716, 0.00202320236713], [-0.00042550242506, 0.00251639750786, -0.00148481631186, 0.00612780777737, -0.00128473294899, 0.00113811646588, -0.00162402994465, 0.000227171069128, -0.00278432667255, 0.00509962020442, -0.00352709251456, 0.00459418166429, -0.00280131329782], [0.000245716102654, -0.0024637193419, -0.000286827125819, -0.00128473294899, 0.00637081032619, -0.00236745830625, -0.00214541191235, 0.00152952363715, -5.25931172888e-05, -0.00344751495868, 0.00545028410852, -0.00276158121414, 0.000918241392355], [-0.000552695884835, 0.00331859430298, -0.000838955398649, 0.00113811646588, -0.00236745830625, 0.00920743029565, -0.00105545460247, -0.00267579825595, 0.00112507527228, 0.00221637939103, -0.00555285345763, 0.00696498621255, -0.00375454244204], [0.000593337696046, -0.00277936994098, -0.000161281699548, -0.00162402994465, -0.00214541191235, -0.00105545460247, 0.014860634692, -0.00290404027328, -0.00235035549849, 0.00131424248684, 0.00172649906017, -0.00521774496883, 0.00458121672273], [-0.000133946232381, 0.00172947905958, -0.00135983200744, 0.000227171069128, 0.00152952363715, -0.00267579825595, -0.00290404027328, 0.0142880445346, -0.0042033996433, -0.000251795339864, 0.00298226997256, -0.00333803659305, -0.00163551222067], [0.00038036974729, -0.0032505558338, 0.00346747483127, -0.00278432667255, -5.25931172888e-05, 0.00112507527228, -0.00235035549849, -0.0042033996433, 0.019045310095, -0.00773844495416, 0.0018340687966, 0.00278551946394, -0.00148533761967], [-0.00061439408455, 0.00595563091338, -0.00250072497874, 0.00509962020442, -0.00344751495868, 0.00221637939103, 0.00131424248684, -0.000251795339864, -0.00773844495416, 0.0198237914592, -0.00900311674923, 0.00489971041679, 0.00296583212912], [0.00111361010931, -0.00614769337699, 0.00153388106264, -0.00352709251456, 0.00545028410852, -0.00555285345763, 0.00172649906017, 0.00298226997256, 0.0018340687966, -0.00900311674923, 0.0219076871872, -0.00925198849291, 0.000329868402332], [-0.00089804379968, 0.00621742801741, -0.00200738664716, 0.00459418166429, -0.00276158121414, 0.00696498621255, -0.00521774496883, -0.00333803659305, 0.00278551946394, 0.00489971041679, -0.00925198849291, 0.0229026582092, -0.00937777291983], [0.00053969968576, -0.0029099942185, 0.00202320236713, -0.00280131329782, 0.000918241392355, -0.00375454244204, 0.00458121672273, -0.00163551222067, -0.00148533761967, 0.00296583212912, 0.000329868402332, -0.00937777291983, 0.0212785284966]]
    },
    "melbands": {
        "dmean": [0.00162362644915, 0.00286970869638, 0.00115018209908, 0.000661255500745, 0.000351941591362, 0.00019594153855, 0.000433993467595, 0.000179982089321, 7.79338588472e-05, 4.7710887884e-05, 2.27683467529e-05, 2.31595440709e-05, 1.64315624716e-05, 1.32505692818e-05, 4.24174904765e-05, 3.34854012181e-05, 4.31562039012e-05, 3.31469927914e-05, 3.21961961163e-05, 4.11154360336e-05, 2.51113233389e-05, 2.1190078769e-05, 1.47262926475e-05, 2.8508682135e-06, 2.33656783166e-06, 1.82515850611e-06, 1.28494275486e-06, 1.23206950775e-06, 6.92115690981e-07, 6.98970325175e-07, 3.49126338506e-07, 1.9573487009e-07, 2.1340143519e-07, 2.60912088379e-07, 1.94695999767e-07, 1.29228368451e-07, 1.62749913102e-07, 1.67453009681e-07, 1.62206518439e-07, 1.98494305437e-07],
        "dmean2": [0.00271474616602, 0.00443594995886, 0.00170582393184, 0.00102797732688, 0.000528607983142, 0.000295266741887, 0.000609877926763, 0.000275774247712, 0.000123212579638, 7.50183171476e-05, 3.67710053979e-05, 3.84286140616e-05, 2.62589492195e-05, 2.11411825148e-05, 6.85388804413e-05, 5.38349304406e-05, 6.78876313032e-05, 5.36680854566e-05, 5.10742538609e-05, 6.55171388644e-05, 3.97717194573e-05, 3.35464355885e-05, 2.23541574087e-05, 4.54223572888e-06, 3.85165913031e-06, 2.9298228128e-06, 2.03537615562e-06, 2.05940864362e-06, 1.14142983421e-06, 1.17109698294e-06, 5.77531466206e-07, 3.02155967802e-07, 3.33793764185e-07, 4.16418259874e-07, 3.14244687161e-07, 2.04147156069e-07, 2.58256648067e-07, 2.56710308122e-07, 2.55285272033e-07, 3.03920302258e-07],
        "dvar": [1.25804199342e-05, 1.80617971637e-05, 2.06886829801e-06, 1.46985462379e-06, 5.91110222103e-07, 1.16893112079e-07, 5.04102331433e-07, 1.15470783157e-07, 3.15877315415e-08, 4.26460644576e-09, 1.85941895214e-09, 1.24683086078e-09, 1.58953561424e-09, 3.41635914003e-10, 2.40014408348e-09, 1.58760338209e-09, 7.85570897222e-09, 1.84858262031e-09, 1.53335277808e-09, 3.01994940166e-09, 2.05545691578e-09, 1.22539833836e-09, 7.63424323758e-10, 2.7078016912e-11, 1.7374164607e-11, 9.3946274371e-12, 5.34542809322e-12, 5.32537035303e-12, 6.41557466874e-12, 8.88530395093e-12, 3.95006266194e-13, 1.70810522844e-13, 1.35768390345e-13, 1.70120943157e-13, 1.36676518085e-13, 6.16741832843e-14, 1.22028580817e-13, 1.30243309627e-13, 1.21137895179e-13, 2.12765677472e-13],
        "dvar2": [3.26928347931e-05, 3.8025824324e-05, 4.25080725108e-06, 3.35888512382e-06, 1.15875695883e-06, 2.60732264223e-07, 8.82895562881e-07, 2.7460862384e-07, 5.91094639901e-08, 1.02156940684e-08, 3.98881683239e-09, 3.18603876615e-09, 3.93537735732e-09, 8.42591774131e-10, 6.23243412434e-09, 3.93732246806e-09, 1.81112032038e-08, 4.83507456295e-09, 3.63269303527e-09, 7.41646388747e-09, 4.83298601139e-09, 2.74854627946e-09, 1.49138990047e-09, 6.01999977645e-11, 4.56059114085e-11, 2.29063139984e-11, 1.10771001746e-11, 1.54736362612e-11, 1.83952419269e-11, 2.5561329095e-11, 1.11663738152e-12, 3.90512058454e-13, 3.27005051726e-13, 4.29634545171e-13, 3.80262742952e-13, 1.40659944629e-13, 2.8128568268e-13, 2.86396232251e-13, 3.27142420141e-13, 5.31027207883e-13],
        "max": [0.0284279044718, 0.0418275296688, 0.0154753411189, 0.0184508338571, 0.0135463029146, 0.00447269761935, 0.00909381918609, 0.00588231207803, 0.00284421280958, 0.000896719750017, 0.000740209303331, 0.00052600709023, 0.000620482256636, 0.000230411213124, 0.000603228225373, 0.0005432201433, 0.000961322220974, 0.000458479567897, 0.000419278454501, 0.000608123780694, 0.000658748089336, 0.000436349597294, 0.000407574727433, 8.57219274621e-05, 6.30085996818e-05, 4.58069735032e-05, 3.64948937204e-05, 3.99963246309e-05, 6.93778783898e-05, 8.47432820592e-05, 1.45555532072e-05, 1.05136341517e-05, 7.69616690377e-06, 7.86833879829e-06, 6.04603292231e-06, 6.39377367406e-06, 7.15121359463e-06, 8.77200545801e-06, 7.88666511653e-06, 9.33772480494e-06],
        "mean": [0.00218750606291, 0.00658769067377, 0.00270214048214, 0.00124315300491, 0.000705738202669, 0.000391948211472, 0.000789182551671, 0.000342706451192, 0.000144496079884, 7.30615211069e-05, 3.53391951649e-05, 3.35338663717e-05, 2.41112320509e-05, 2.43337490247e-05, 9.20442907955e-05, 6.98076983099e-05, 6.23775558779e-05, 5.93827135162e-05, 6.27813133178e-05, 6.2547995185e-05, 4.02777404815e-05, 3.73900511477e-05, 2.57126685028e-05, 5.21719539393e-06, 4.48941364084e-06, 3.19103764923e-06, 2.31770832215e-06, 2.22925609705e-06, 1.23821610032e-06, 1.22041456052e-06, 7.39456368137e-07, 4.39151222054e-07, 4.56148995909e-07, 5.23232699834e-07, 4.36015227478e-07, 2.91380473527e-07, 3.5769733131e-07, 4.31677847246e-07, 3.47794269828e-07, 3.25964293779e-07],
        "median": [0.000959581171628, 0.00422099605203, 0.00235046679154, 0.000776120461524, 0.000339695165167, 0.000185211858479, 0.000342332146829, 0.00011627166532, 5.38324165973e-05, 4.16801667598e-05, 1.65682267834e-05, 2.07617558772e-05, 8.58668681758e-06, 1.23142763186e-05, 7.47125886846e-05, 5.64990696148e-05, 1.73915523192e-05, 3.63093240594e-05, 4.75064989587e-05, 3.60849626304e-05, 1.6222409613e-05, 1.67224825418e-05, 1.24587613755e-05, 2.40900590143e-06, 2.35538959714e-06, 1.73130467829e-06, 1.061181365e-06, 1.20841525586e-06, 4.72152265729e-07, 4.60764482568e-07, 3.90642185266e-07, 1.95628388155e-07, 1.78554344643e-07, 2.83805349e-07, 2.03643466534e-07, 1.22066794006e-07, 1.57055296768e-07, 1.94473230408e-07, 1.5511103868e-07, 1.13664981427e-07],
        "min": [4.05117387952e-24, 3.24032682922e-24, 7.4331799301e-24, 5.27622122278e-24, 5.38543073207e-24, 2.90577427198e-24, 2.68928855426e-24, 2.51591092958e-24, 5.38671302547e-24, 1.06454807007e-23, 5.85012502551e-24, 7.55603554976e-24, 4.60462449112e-24, 7.40492529906e-24, 7.55475680623e-24, 6.1259305195e-24, 7.78065895936e-24, 1.04742931511e-23, 1.08122719285e-23, 1.06033649947e-23, 1.37256764576e-23, 6.12469161345e-24, 6.16031736079e-24, 3.99661783703e-24, 7.64565645948e-24, 1.34688044142e-23, 7.88328187452e-24, 6.2930692405e-24, 9.48193058705e-24, 8.12595599935e-24, 7.52462863054e-24, 9.38859729791e-24, 8.93332910343e-24, 8.94010305202e-24, 9.26951716655e-24, 7.18051409305e-24, 7.5380337439e-24, 8.12502356576e-24, 9.05169531568e-24, 9.86058934359e-24],
        "stdev": [0.00366795365699, 0.00700055388734, 0.0025583319366, 0.00155456503853, 0.00124974176288, 0.000551648903638, 0.00123187154531, 0.000669599336106, 0.000309008348268, 9.05446941033e-05, 5.85985981161e-05, 4.25302023359e-05, 5.09098899784e-05, 3.17333615385e-05, 8.16393803689e-05, 6.26640976407e-05, 0.000115930175525, 7.00589735061e-05, 6.20034552412e-05, 7.24305573385e-05, 6.26354885753e-05, 5.4327021644e-05, 4.6991117415e-05, 8.7843664005e-06, 6.86445309839e-06, 4.24198469773e-06, 3.55484780812e-06, 3.53420432475e-06, 3.45853095496e-06, 3.47545869772e-06, 1.21025709632e-06, 8.83517145667e-07, 7.91337015471e-07, 7.4193292221e-07, 7.4171344977e-07, 5.59433885883e-07, 6.94212019425e-07, 8.6034413016e-07, 5.97590656071e-07, 6.34125058241e-07],
        "var": [1.34538840939e-05, 4.90077545692e-05, 6.54506175124e-06, 2.41667248702e-06, 1.56185444666e-06, 3.04316529309e-07, 1.51750737132e-06, 4.48363238092e-07, 9.54861576474e-08, 8.19834156118e-09, 3.43379569223e-09, 1.80881798428e-09, 2.59181698326e-09, 1.00700625616e-09, 6.66498811697e-09, 3.92678956018e-09, 1.34398057128e-08, 4.90825957655e-09, 3.84442833123e-09, 5.24618570807e-09, 3.92320442799e-09, 2.95142510431e-09, 2.2081649842e-09, 7.71651006981e-11, 4.7120713581e-11, 1.79944340678e-11, 1.26369427075e-11, 1.24906005677e-11, 1.19614361818e-11, 1.20788136437e-11, 1.46472233214e-12, 7.80602524893e-13, 6.26214303936e-13, 5.50464459171e-13, 5.50138819048e-13, 3.12966259896e-13, 4.81930359335e-13, 7.4019197889e-13, 3.57114619993e-13, 4.02114566688e-13]
    },
    "melbands128": {
