{
"lowlevel": {
    "average_loudness": 0.321207374334,
    "barkbands_crest": {
        "dmean": 1.85453140736,
        "dmean2": 2.8692305088,
        "dvar": 3.13952684402,
        "dvar2": 7.63384866714,
        "max": 23.4021339417,
        "mean": 9.30159950256,
        "median": 8.60936546326,
        "min": 2.99470877647,
        "stdev": 3.42979502678,
        "var": 11.7634935379
    },
    "barkbands_flatness_db": {
        "dmean": 0.0165631677955,
        "dmean2": 0.0251078624278,
        "dvar": 0.000245921721216,
        "dvar2": 0.000507486984134,
        "max": 0.371077895164,
        "mean": 0.175386965275,
        "median": 0.172823265195,
        "min": 0.0688985064626,
        "stdev": 0.040389854461,
        "var": 0.00163134024478
    },
    "barkbands_kurtosis": {
        "dmean": 0.660998284817,
        "dmean2": 0.997223675251,
        "dvar": 2.06014299393,
        "dvar2": 5.80281209946,
        "max": 39.8816871643,
        "mean": 0.588968932629,
        "median": 0.0748529434204,
        "min": -1.65495026112,
        "stdev": 2.16748523712,
        "var": 4.69799232483
    },
    "barkbands_skewness": {
        "dmean": 0.254996836185,
        "dmean2": 0.381169736385,
        "dvar": 0.0819389820099,
        "dvar2": 0.190829694271,
        "max": 5.48598861694,
        "mean": -0.180346012115,
        "median": -0.205783262849,
        "min": -2.2563457489,
        "stdev": 0.571951210499,
        "var": 0.327128171921
    },
    "barkbands_spread": {
        "dmean": 2.37390422821,
        "dmean2": 3.55085539818,
        "dvar": 7.63042545319,
        "dvar2": 16.5692901611,
        "max": 41.6656341553,
        "mean": 14.0313215256,
        "median": 13.0078115463,
        "min": 2.03240156174,
        "stdev": 5.58018922806,
        "var": 31.1385097504
    },
    "dissonance": {
        "dmean": 0.0218274500221,
        "dmean2": 0.0374885462224,
        "dvar": 0.000409714790294,
        "dvar2": 0.00118050538003,
        "max": 0.499217063189,
        "mean": 0.452705204487,
        "median": 0.456244051456,
        "min": 0.300743877888,
        "stdev": 0.0261871721596,
        "var": 0.000685767969117
    },
    "dynamic_complexity": 6.60368585587,
    "erbbands_crest": {
        "dmean": 2.74908781052,
        "dmean2": 4.28328561783,
        "dvar": 6.95811700821,
        "dvar2": 17.3163909912,
        "max": 32.4814147949,
        "mean": 13.0397014618,
        "median": 11.9944696426,
        "min": 3.08249497414,
        "stdev": 5.19616031647,
        "var": 27.000082016
    },
    "erbbands_flatness_db": {
        "dmean": 0.0151932025328,
        "dmean2": 0.0223873574287,
        "dvar": 0.000260015804088,
        "dvar2": 0.000522458110936,
        "max": 0.444521576166,
        "mean": 0.265641748905,
        "median": 0.265112221241,
        "min": 0.0879600793123,
        "stdev": 0.0381211489439,
        "var": 0.00145322200842
    },
    "erbbands_kurtosis": {
        "dmean": 0.773869693279,
        "dmean2": 1.16122031212,
        "dvar": 0.9148452878,
        "dvar2": 1.96001267433,
        "max": 18.0362606049,
        "mean": 1.20651459694,
        "median": 0.80478310585,
        "min": -1.14490962029,
        "stdev": 1.88826906681,
        "var": 3.56556010246
    },
    "erbbands_skewness": {
        "dmean": 0.247089341283,
        "dmean2": 0.37206608057,
        "dvar": 0.0640451535583,
        "dvar2": 0.158360973001,
        "max": 2.92234873772,
        "mean": -0.0108899613842,
        "median": -0.0510425157845,
        "min": -1.67419970036,
        "stdev": 0.542316198349,
        "var": 0.294106841087
    },
    "erbbands_spread": {
        "dmean": 2.73086094856,
        "dmean2": 4.15083026886,
        "dvar": 8.95817470551,
        "dvar2": 21.5935745239,
        "max": 55.6106872559,
        "mean": 14.7907962799,
        "median": 14.2984132767,
        "min": 2.12143039703,
        "stdev": 5.33158016205,
        "var": 28.4257450104
    },
    "hfc": {
        "dmean": 3.62869095802,
        "dmean2": 4.51016616821,
        "dvar": 49.5250205994,
        "dvar2": 71.0498809814,
        "max": 236.018386841,
        "mean": 16.855890274,
        "median": 7.15337848663,
        "min": 1.15589001188e-16,
        "stdev": 25.7980575562,
        "var": 665.539733887
    },
    "loudness_ebu128": {
        "integrated": -11.3832616806,
        "loudness_range": 11.9679584503,
        "momentary": {
            "dmean": 1.38251924515,
            "dmean2": 1.48553526402,
            "dvar": 4.02389097214,
            "dvar2": 5.60402107239,
            "max": -2.58839726448,
            "mean": -14.9843425751,
            "median": -14.3763370514,
            "min": -42.6185302734,
            "stdev": 5.78663492203,
            "var": 33.4851455688
        },
        "short_term": {
            "dmean": 0.182393953204,
            "dmean2": 0.145925864577,
            "dvar": 0.0413158610463,
            "dvar2": 0.0283448323607,
            "max": -7.11476659775,
            "mean": -13.5878639221,
            "median": -12.9259977341,
            "min": -23.1406040192,
            "stdev": 4.32809591293,
            "var": 18.732416153
        }
    },
    "melbands_crest": {
        "dmean": 1.81211173534,
        "dmean2": 2.79922747612,
        "dvar": 3.70668315887,
        "dvar2": 9.13977241516,
        "max": 30.2707576752,
        "mean": 9.79407978058,
        "median": 9.10657215118,
        "min": 1.99411821365,
        "stdev": 3.58005905151,
        "var": 12.8168230057
    },
    "melbands_flatness_db": {
        "dmean": 0.0132126491517,
        "dmean2": 0.0191471856087,
        "dvar": 0.000178052272531,
        "dvar2": 0.000380834564567,
        "max": 0.370797127485,
        "mean": 0.164703607559,
        "median": 0.160310566425,
        "min": 0.00599596975371,
        "stdev": 0.032784704119,
        "var": 0.00107483670581
    },
    "melbands_kurtosis": {
        "dmean": 0.721347868443,
        "dmean2": 1.13129913807,
        "dvar": 6.02622032166,
        "dvar2": 17.8530387878,
        "max": 64.3544464111,
        "mean": 0.58985131979,
        "median": 0.0282747745514,
        "min": -1.45853984356,
        "stdev": 3.30547761917,
        "var": 10.9261817932
    },
    "melbands_skewness": {
        "dmean": 0.273135215044,
        "dmean2": 0.400480389595,
        "dvar": 0.0987868234515,
        "dvar2": 0.225049868226,
        "max": 6.8369011879,
        "mean": 0.164665922523,
        "median": 0.131165906787,
        "min": -2.00711131096,
        "stdev": 0.646667838097,
        "var": 0.418179303408
    },
    "melbands_spread": {
        "dmean": 4.2312412262,
        "dmean2": 6.1815738678,
        "dvar": 25.9196071625,
        "dvar2": 56.590297699,
        "max": 140.494888306,
        "mean": 30.7934474945,
        "median": 29.8610515594,
        "min": 2.4583876133,
        "stdev": 10.3128471375,
        "var": 106.354812622
    },
    "pitch_salience": {
        "dmean": 0.0529990978539,
        "dmean2": 0.0783909931779,
        "dvar": 0.0025344742462,
        "dvar2": 0.00567058846354,
        "max": 0.983667552471,
        "mean": 0.615640997887,
        "median": 0.617823719978,
        "min": 0.260777622461,
        "stdev": 0.111756205559,
        "var": 0.0124894501641
    },
    "silence_rate_20dB": {
        "dmean": 0,
        "dmean2": 0,
        "dvar": 0,
        "dvar2": 0,
        "max": 1,
        "mean": 1,
        "median": 1,
        "min": 1,
        "stdev": 0,
        "var": 0
    },
    "silence_rate_30dB": {
        "dmean": 0.00103092787322,
        "dmean2": 0.00206291908398,
        "dvar": 0.00102987035643,
        "dvar2": 0.00205868226476,
        "max": 1,
        "mean": 0.997939229012,
        "median": 1,
        "min": 0,
        "stdev": 0.0453494228423,
        "var": 0.00205657002516
    },
    "silence_rate_60dB": {
        "dmean": 0.0608247406781,
        "dmean2": 0.121712222695,
        "dvar": 0.0571255162358,
        "dvar2": 0.112056873739,
        "max": 1,
        "mean": 0.45079857111,
        "median": 0,
        "min": 0,
        "stdev": 0.497575849295,
        "var": 0.247581720352
    },
    "spectral_centroid": {
        "dmean": 138.85635376,
        "dmean2": 196.365524292,
        "dvar": 56644.1914062,
        "dvar2": 118042.804688,
        "max": 11241.5292969,
        "mean": 2074.83789062,
        "median": 2089.03955078,
        "min": 415.056335449,
        "stdev": 420.788848877,
        "var": 177063.25
    },
    "spectral_complexity": {
        "dmean": 1.6185567379,
        "dmean2": 2.16451787949,
        "dvar": 2.7513988018,
        "dvar2": 4.12196826935,
        "max": 32,
        "mean": 11.2354459763,
        "median": 11,
        "min": 0,
        "stdev": 7.13768577576,
        "var": 50.9465560913
    },
    "spectral_decrease": {
        "dmean": 4.50556869591e-10,
        "dmean2": 5.42548617144e-10,
        "dvar": 7.64492781529e-19,
        "dvar2": 1.01556303545e-18,
        "max": 8.58794957389e-30,
        "mean": -2.22559104479e-09,
        "median": -9.82174452879e-10,
        "min": -2.53110208348e-08,
        "stdev": 3.2185709653e-09,
        "var": 1.03591988828e-17
    },
    "spectral_energy": {
        "dmean": 0.00202208291739,
        "dmean2": 0.00244661141187,
        "dvar": 1.54017179739e-05,
        "dvar2": 2.06657714443e-05,
        "max": 0.116937063634,
        "mean": 0.00992875732481,
        "median": 0.00438062986359,
        "min": 1.04518479001e-20,
        "stdev": 0.0144611094147,
        "var": 0.000209123681998
    },
    "spectral_energyband_high": {
        "dmean": 9.43159830058e-05,
        "dmean2": 0.000129486128571,
        "dvar": 2.73119766803e-08,
        "dvar2": 5.62958888395e-08,
        "max": 0.00438334979117,
        "mean": 0.000333272386342,
        "median": 0.000135174836032,
        "min": 7.20131082047e-21,
        "stdev": 0.000471752195153,
        "var": 2.2255012766e-07
    },
    "spectral_energyband_low": {
        "dmean": 8.13850601844e-06,
        "dmean2": 1.2559253264e-05,
        "dvar": 5.61063473459e-10,
        "dvar2": 1.12330955648e-09,
        "max": 0.000560590764508,
        "mean": 2.35276147578e-05,
        "median": 6.5522785917e-06,
        "min": 4.40040055122e-23,
        "stdev": 5.74491386942e-05,
        "var": 3.30040350605e-09
    },
    "spectral_energyband_middle_high": {
        "dmean": 0.00187303381972,
        "dmean2": 0.00231672613882,
        "dvar": 1.37655342769e-05,
        "dvar2": 1.95635238924e-05,
        "max": 0.112692050636,
        "mean": 0.00830938387662,
        "median": 0.00337232952006,
        "min": 1.62860038533e-21,
        "stdev": 0.0128848776221,
        "var": 0.00016602006508
    },
    "spectral_energyband_middle_low": {
        "dmean": 0.000255537714111,
        "dmean2": 0.000272687524557,
        "dvar": 2.04663876957e-07,
        "dvar2": 2.64565613861e-07,
        "max": 0.0116569017991,
        "mean": 0.00133078929503,
        "median": 0.000574936682824,
        "min": 2.47936382425e-22,
        "stdev": 0.00190499436576,
        "var": 3.62900345863e-06
    },
    "spectral_entropy": {
        "dmean": 0.127091035247,
        "dmean2": 0.184914708138,
        "dvar": 0.0209796242416,
        "dvar2": 0.03891216591,
        "max": 9.79630851746,
        "mean": 6.91035079956,
        "median": 6.92749595642,
        "min": 5.22903871536,
        "stdev": 0.385662078857,
        "var": 0.148735240102
    },
    "spectral_flux": {
        "dmean": 0.00800293684006,
        "dmean2": 0.0130743272603,
        "dvar": 0.000103579244751,
        "dvar2": 0.000259007327259,
        "max": 0.163456752896,
        "mean": 0.0248144306242,
        "median": 0.0200940985233,
        "min": 6.63974014659e-11,
        "stdev": 0.0185473486781,
        "var": 0.000344004161889
    },
    "spectral_kurtosis": {
        "dmean": 3.2921359539,
        "dmean2": 5.87977027893,
        "dvar": 9.03331851959,
        "dvar2": 27.6799125671,
        "max": 30.3257713318,
        "mean": 6.93026638031,
        "median": 6.05107402802,
        "min": -1.2257386446,
        "stdev": 3.99407672882,
        "var": 15.9526481628
    },
    "spectral_rms": {
        "dmean": 0.000318556820275,
        "dmean2": 0.000359119061613,
        "dvar": 1.58472929002e-07,
        "dvar2": 1.83466354997e-07,
        "max": 0.0106810554862,
        "mean": 0.00249062571675,
        "median": 0.00206731352955,
        "min": 3.19326249471e-12,
        "stdev": 0.00186638196465,
        "var": 3.48338153344e-06
    },
    "spectral_rolloff": {
        "dmean": 218.16242981,
        "dmean2": 373.949584961,
        "dvar": 217539.046875,
        "dvar2": 478632.5,
        "max": 19078.4179688,
        "mean": 2277.29370117,
        "median": 2196.38671875,
        "min": 107.666015625,
        "stdev": 698.19921875,
        "var": 487482.1875
    },
    "spectral_skewness": {
        "dmean": 0.329378992319,
        "dmean2": 0.578615248203,
        "dvar": 0.0832654237747,
        "dvar2": 0.247200652957,
        "max": 3.92484140396,
        "mean": 1.48677635193,
        "median": 1.42122709751,
        "min": -0.0252894628793,
        "stdev": 0.443732351065,
        "var": 0.196898400784
    },
    "spectral_spread": {
        "dmean": 230394.140625,
        "dmean2": 363277.65625,
        "dvar": 517100896256,
        "dvar2": 652253003776,
        "max": 41964484,
        "mean": 2689569.5,
        "median": 2606920,
        "min": 1613254.25,
        "stdev": 1466945.25,
        "var": 2.15192829952e+12
    },
    "spectral_strongpeak": {
        "dmean": 0.757258951664,
        "dmean2": 1.11693012714,
        "dvar": 1.11735391617,
        "dvar2": 2.34221601486,
        "max": 24.5321063995,
        "mean": 2.80320477486,
        "median": 1.8317053318,
        "min": 0,
        "stdev": 3.08175683022,
        "var": 9.49722576141
    },
    "zerocrossingrate": {
        "dmean": 0.00534894503653,
        "dmean2": 0.00657756906003,
        "dvar": 0.000118580857816,
        "dvar2": 0.000250808894634,
        "max": 0.5029296875,
        "mean": 0.0804511904716,
        "median": 0.0810546875,
        "min": 0.009765625,
        "stdev": 0.0182734765112,
        "var": 0.000333919917466
    },
    "barkbands": {
        "dmean": [2.32495744967e-06, 2.92165850624e-06, 1.91844924302e-06, 8.90360661288e-06, 3.38878380717e-05, 2.06425902434e-05, 1.82963158295e-05, 2.96429989248e-05, 0.000170518716914, 0.000170050960151, 0.000143517041579, 0.000394862930989, 0.000327703251969, 6.89421285642e-05, 0.00113357626833, 0.000203288829653, 0.000166139099747, 0.000110266882984, 9.64730061241e-05, 6.33871386526e-05, 7.0589929237e-05, 1.86787801795e-05, 2.50214884545e-06, 1.58371926773e-06, 8.18353782961e-07, 4.98207896271e-07, 2.07532764307e-08],
        "dmean2": [3.98866905016e-06, 5.07883441969e-06, 3.10201630782e-06, 1.13281712402e-05, 4.08792293456e-05, 2.31186440942e-05, 2.11064889299e-05, 3.70679954358e-05, 0.00018521065067, 0.000225556097575, 0.000168615515577, 0.000498692854308, 0.000422082666773, 8.65154361236e-05, 0.00162015436217, 0.000263571215328, 0.000227674536291, 0.000156807145686, 0.000135670881718, 9.4848954177e-05, 0.00010402018961, 2.60929846263e-05, 3.69301164937e-06, 2.32183265325e-06, 1.19852791158e-06, 6.97013888384e-07, 3.35708492116e-08],
        "dvar": [1.49820347101e-11, 1.34387978176e-11, 2.9146750985e-11, 1.87704385368e-09, 3.64373398121e-09, 2.13771556012e-09, 1.44320133622e-09, 4.77242867447e-09, 1.16921789584e-07, 2.65736247229e-07, 2.18079208025e-07, 2.31332933254e-06, 9.57083898356e-07, 2.04356584987e-08, 7.46796058593e-06, 2.77503744428e-07, 9.55625125698e-08, 8.4587448157e-08, 3.52435129969e-08, 1.90313986792e-08, 1.73543650561e-08, 2.04986405627e-09, 3.92273470651e-11, 1.19706432267e-11, 2.92665587945e-12, 2.16085591261e-12, 2.48603068876e-15],
        "dvar2": [3.72989833464e-11, 3.70333451405e-11, 6.08411446223e-11, 3.38859340587e-09, 4.96370633485e-09, 2.80588974277e-09, 1.99615346475e-09, 7.83084086464e-09, 1.70078067185e-07, 4.94338053159e-07, 2.9881834962e-07, 3.52790971192e-06, 2.03857189263e-06, 2.637405494e-08, 1.41248210639e-05, 4.4938920496e-07, 1.82609511512e-07, 2.1179866394e-07, 6.84360728087e-08, 3.71549582212e-08, 3.90311747367e-08, 3.68195607336e-09, 8.90285969946e-11, 2.51004945995e-11, 7.23334586672e-12, 4.44744848588e-12, 6.33986076866e-15],
        "max": [5.57281309739e-05, 4.85274285893e-05, 0.000286226393655, 0.00110957329161, 0.00189743353985, 0.00101764686406, 0.000965633487795, 0.00186304142699, 0.0083172833547, 0.0121687771752, 0.0227450653911, 0.0565272457898, 0.0324490815401, 0.00260184775107, 0.098712451756, 0.0161802470684, 0.00703592086211, 0.00999679882079, 0.0048897205852, 0.00306429388002, 0.00407990720123, 0.00119711656589, 0.00020990955818, 7.50111503294e-05, 3.8667320041e-05, 5.12472324772e-05, 7.61308001529e-07],
        "mean": [2.44956117967e-06, 3.94000562665e-06, 6.67755875838e-06, 3.20154067595e-05, 0.000185189943295, 6.53201059322e-05, 9.2813752417e-05, 0.000146643331391, 0.000681287143379, 0.000635896460153, 0.000503159943037, 0.00135033240076, 0.000812567712273, 0.000174370827153, 0.00324328220449, 0.000566883303691, 0.000390804576455, 0.000334017066052, 0.000281054322841, 0.000172162966919, 0.000186319695786, 4.61373347207e-05, 7.64424839872e-06, 4.29610417996e-06, 2.25857479563e-06, 1.22432538774e-06, 2.97458111476e-08],
        "median": [1.16498222269e-06, 2.59303078565e-06, 7.23718414974e-07, 7.19895069778e-07, 6.24270905973e-05, 1.26245540741e-05, 2.41895104409e-05, 8.34643833514e-06, 0.000103912629129, 5.35364233656e-05, 5.20509383932e-05, 0.000279926141957, 0.000152104330482, 5.87036411162e-05, 0.000709361862391, 0.000156239431817, 0.000127718260046, 7.5608586485e-05, 8.14670420368e-05, 6.5551364969e-05, 6.67255735607e-05, 1.16633373182e-05, 2.14840792978e-06, 1.39951077927e-06, 7.76497131483e-07, 2.56850654523e-07, 5.80561732022e-09],
        "min": [8.86988890943e-24, 1.75095345642e-23, 1.07785410251e-23, 3.23587083007e-23, 2.09779224616e-23, 1.76444487116e-23, 2.52925372293e-23, 1.5199282828e-23, 1.99845840766e-23, 4.78780067544e-23, 4.06564742609e-23, 5.67212510979e-23, 4.69135769662e-23, 1.00126807795e-22, 1.14677227285e-22, 2.13133151952e-22, 1.90091534652e-22, 2.47909119393e-22, 1.98507203763e-22, 2.4476796362e-22, 3.73317581292e-22, 4.9289023954e-22, 6.32762573422e-22, 7.06455409589e-22, 8.4395358769e-22, 1.49159334572e-21, 2.60703963648e-21],
        "stdev": [4.25009920946e-06, 4.3207219278e-06, 2.49242384598e-05, 0.000107146173832, 0.000343985680956, 0.000125533508253, 0.000157975839102, 0.000297672231682, 0.00134080415592, 0.00155204196926, 0.00137215596624, 0.00357615808025, 0.00214969902299, 0.000327649060637, 0.00817507132888, 0.00114393269178, 0.000637331861071, 0.000661772501189, 0.000507140881382, 0.000296652928228, 0.000322708161548, 9.6001138445e-05, 1.62169508258e-05, 7.301909136e-06, 4.15838439949e-06, 2.76650962405e-06, 7.00010716059e-08],
        "var": [1.80633442232e-11, 1.86686360815e-11, 6.2121763289e-10, 1.14803029305e-08, 1.18326141774e-07, 1.57586619309e-08, 2.49563676391e-08, 8.86087576646e-08, 1.79775565812e-06, 2.4088342343e-06, 1.88281205737e-06, 1.27889070427e-05, 4.62120624434e-06, 1.07353912426e-07, 6.68317952659e-05, 1.30858188641e-06, 4.06191873026e-07, 4.37942873077e-07, 2.57191857145e-07, 8.80029631389e-08, 1.04140553958e-07, 9.21621889916e-09, 2.62989519051e-10, 5.33178778905e-11, 1.72921590241e-11, 7.65357568988e-12, 4.90015039789e-15]
    },
    "erbbands": {
        "dmean": [0.000141046548379, 0.000536324572749, 0.00183963484596, 0.0159792937338, 0.0568556301296, 0.154576659203, 0.114565245807, 0.18067163229, 0.266547709703, 0.259888470173, 1.40282022953, 4.58873748779, 2.97698092461, 5.90479230881, 7.15110826492, 19.1997585297, 16.0668487549, 4.16938209534, 24.0921859741, 62.6782722473, 11.7285823822, 6.77830600739, 6.64296388626, 5.85828876495, 2.79842042923, 3.58512187004, 3.53260564804, 1.7456496954, 0.788801193237, 0.186404526234, 0.083973377943, 0.0451372936368, 0.0228717494756, 0.0119872335345, 0.0055327070877, 0.00344133190811, 0.000616784964222, 7.04496196704e-05, 2.7165699521e-06, 2.71717681244e-06],
        "dmean2": [0.000245261064265, 0.000936129887123, 0.00298215122893, 0.0210162214935, 0.0706423893571, 0.189005494118, 0.139339193702, 0.208546578884, 0.297927707434, 0.320197731256, 1.64715981483, 4.95024204254, 3.90553665161, 7.61989307404, 8.53718757629, 24.1526603699, 20.064863205, 5.25924968719, 34.3646812439, 88.5989151001, 15.0719347, 9.23584651947, 9.45416641235, 8.45394802094, 3.70667481422, 5.37699317932, 5.30983543396, 2.45453166962, 1.08362793922, 0.266743838787, 0.125828504562, 0.0687074512243, 0.0333008654416, 0.0183021742851, 0.00813057366759, 0.00486796535552, 0.000890668248758, 0.000106031926407, 3.63027379535e-06, 3.29272347699e-06],
        "dvar": [3.88193797107e-08, 4.20629760356e-07, 1.95149823412e-05, 0.0060069267638, 0.0117854075506, 0.106541514397, 0.0538434460759, 0.178155735135, 0.331189185381, 0.252155929804, 5.70353889465, 87.1089096069, 73.2199707031, 315.723968506, 278.989044189, 5849.56494141, 2113.17211914, 51.8531074524, 2676.71142578, 34593.5585938, 529.885375977, 145.45664978, 220.434539795, 135.151733398, 23.6087913513, 56.0347480774, 52.3693695068, 12.1776275635, 3.46841621399, 0.217223823071, 0.0492955185473, 0.00755311409011, 0.00301542156376, 0.000710491323844, 0.000126241342514, 0.000133683235617, 2.35748416344e-06, 2.21174953907e-08, 3.04755803926e-11, 2.7728064636e-11],
        "dvar2": [1.01874384484e-07, 1.20705055906e-06, 4.11146320403e-05, 0.0114273605868, 0.0180582851171, 0.149715080857, 0.0887671038508, 0.243219524622, 0.43828561902, 0.443279564381, 9.62880992889, 125.853218079, 133.087036133, 557.022766113, 371.644104004, 8857.79101562, 4199.54443359, 76.1347579956, 5489.78613281, 63776.15625, 889.183837891, 286.081756592, 544.811279297, 277.092987061, 38.907661438, 114.226318359, 121.97227478, 27.1653175354, 6.25614213943, 0.416564762592, 0.115596055984, 0.016839934513, 0.00644530169666, 0.00185862171929, 0.000277252867818, 0.000268762465566, 5.35621256859e-06, 5.07065465172e-08, 5.80363014591e-11, 3.72044756114e-11],
        "max": [0.00309152458794, 0.00676194019616, 0.201050579548, 1.91081523895, 2.56499791145, 11.3177862167, 5.03741407394, 8.25978088379, 14.5699987411, 21.1944465637, 71.9780578613, 223.083984375, 237.926742554, 449.737915039, 721.226318359, 2845.91845703, 1581.24133301, 172.04486084, 1372.10583496, 6960.14599609, 528.215942383, 184.768203735, 488.237762451, 294.321655273, 102.651771545, 182.460830688, 206.491592407, 71.5932540894, 46.7561798096, 11.8318576813, 6.34547281265, 1.83306217194, 1.21256375313, 0.575500607491, 0.232963934541, 0.427133798599, 0.0337091200054, 0.00280579598621, 0.000147622078657, 0.000161838484928],
        "mean": [0.000174205095391, 0.000752875290345, 0.00582120707259, 0.0590652860701, 0.258697301149, 0.902697086334, 0.407847106457, 0.588551938534, 1.37658298016, 1.22634768486, 6.63578128815, 18.2240753174, 10.2983474731, 24.886920929, 27.7700996399, 62.9416389465, 43.169090271, 13.4901838303, 75.151473999, 169.573379517, 37.899017334, 17.4995231628, 20.7737636566, 18.0080718994, 8.76330566406, 9.89730834961, 8.92853736877, 4.79576730728, 2.10353517532, 0.475024729967, 0.236559987068, 0.129660367966, 0.055162973702, 0.0306452400982, 0.0143742235377, 0.0079293763265, 0.0015599821927, 0.000165063902386, 1.10532200779e-05, 1.33975345307e-05],
        "median": [0.000100432203908, 0.00050059374189, 0.00116566440556, 0.00692864367738, 0.112727209926, 0.103791579604, 0.0697220936418, 0.161457464099, 0.382296293974, 0.44614559412, 1.69600141048, 3.39273691177, 2.40651321411, 3.79200315475, 8.93181228638, 12.9081916809, 10.5745353699, 6.4649720192, 17.6348667145, 26.6894245148, 13.127705574, 7.21172523499, 5.7291932106, 4.98861932755, 3.30647015572, 3.44867086411, 3.33860445023, 1.74076128006, 0.571316897869, 0.138679921627, 0.0676870942116, 0.0395103245974, 0.0164020396769, 0.00971814617515, 0.00487915752456, 0.00160346692428, 0.000395276845666, 4.70428822155e-05, 4.22844777859e-06, 5.85422321819e-06],
        "min": [4.44390212807e-22, 3.6993827283e-21, 1.29840755529e-20, 5.4016919946e-20, 1.28471333791e-19, 3.86267335109e-20, 1.00623102935e-19, 1.57859406594e-19, 3.61332524844e-19, 4.46490794755e-19, 3.43173222061e-19, 4.79644658996e-19, 6.04122519885e-19, 2.99447508794e-18, 1.37161300395e-18, 3.06024545921e-18, 3.05351407018e-18, 4.41154073597e-18, 5.18213971309e-18, 8.47132787954e-18, 6.64324507732e-18, 1.03977595615e-17, 1.04675148753e-17, 1.33446748661e-17, 1.14086404445e-17, 1.31348737386e-17, 1.42753738236e-17, 1.59760323476e-17, 1.89658634368e-17, 1.54504632931e-17, 1.85444827435e-17, 1.36378433916e-17, 1.13037498069e-17, 9.24431740863e-18, 6.15776409042e-18, 4.98887888913e-18, 2.92903786365e-18, 1.45935060396e-18, 2.84804566305e-19, 3.69541226136e-20],
        "stdev": [0.000230507313972, 0.000768872909248, 0.0169661957771, 0.180819690228, 0.333361446857, 2.04101204872, 0.721445977688, 1.06870484352, 2.27178049088, 2.27570652962, 10.4126615524, 36.5744743347, 22.154499054, 56.7236251831, 50.4260101318, 178.566452026, 106.926086426, 18.3486919403, 144.942123413, 560.880859375, 64.4856491089, 24.4104042053, 34.6237487793, 30.8033027649, 13.5921678543, 17.1555213928, 15.772069931, 7.83740377426, 4.21837472916, 0.955750405788, 0.500563502312, 0.205331891775, 0.106898121536, 0.0577234104276, 0.0248136967421, 0.0196651946753, 0.00320725701749, 0.000288894429104, 1.65340898093e-05, 1.96049822989e-05],
        "var": [5.31336219467e-08, 5.91165587593e-07, 0.000287851784378, 0.0326957590878, 0.1111298576, 4.16572999954, 0.520484268665, 1.14213013649, 5.16098690033, 5.17884016037, 108.42351532, 1337.69213867, 490.821868896, 3217.56958008, 2542.7824707, 31885.9765625, 11433.1875, 336.674530029, 21008.21875, 314587.3125, 4158.39941406, 595.867797852, 1198.80395508, 948.843444824, 184.747024536, 294.311920166, 248.75819397, 61.4248962402, 17.7946872711, 0.913458883762, 0.250563800335, 0.0421611852944, 0.0114272078499, 0.00333199230954, 0.000615719531197, 0.000386719882954, 1.02864969449e-05, 8.34599873656e-08, 2.73376127291e-10, 3.84355325345e-10]
    },
    "gfcc": {
        "mean": [-124.439422607, 66.709854126, -210.607467651, 10.0126018524, -54.3435745239, 2.63425564766, -29.4372806549, -3.5573887825, -25.9723930359, 3.04249429703, -21.6595783234, -4.91420698166, 0.232975706458],
        "cov": [[11273.7636719, -1794.39892578, -1895.11914062, -636.639160156, -885.789367676, -428.836669922, -290.930084229, 33.251750946, -404.427429199, -374.678375244, -556.901733398, -226.173080444, -359.622924805], [-1794.39892578, 790.805480957, 374.599090576, 188.208557129, 60.6944541931, 35.3690223694, 47.7336082458, -117.231864929, 56.6101951599, 10.1965770721, 122.601997375, -5.46355295181, 74.9831848145], [-1895.11914062, 374.599090576, 602.718444824, 132.128433228, 108.565238953, 112.372344971, 23.115486145, -13.6348228455, 19.6479625702, 50.5630493164, 49.1479606628, 37.8430328369, -0.635524392128], [-636.639160156, 188.208557129, 132.128433228, 168.636672974, 46.4341506958, 33.0675086975, 14.0870723724, -38.9527664185, 27.404624939, 32.3782997131, 51.088634491, 3.29125165939, 17.5887088776], [-885.789367676, 60.6944541931, 108.565238953, 46.4341506958, 223.568206787, 58.1887397766, 29.1308670044, 38.4064369202, 39.5580558777, 70.3878555298, 57.3736801147, 49.1336364746, 36.886505127], [-428.836669922, 35.3690223694, 112.372344971, 33.0675086975, 58.1887397766, 131.476837158, 60.9603462219, 14.6555309296, 24.9983119965, 17.4274559021, 17.7179889679, -8.91686153412, -25.7937736511], [-290.930084229, 47.7336082458, 23.115486145, 14.0870723724, 29.1308670044, 60.9603462219, 124.922698975, 25.5016212463, 26.5748825073, 3.03549909592, -3.01784777641, -24.7845020294, -29.1074638367], [33.251750946, -117.231864929, -13.6348228455, -38.9527664185, 38.4064369202, 14.6555309296, 25.5016212463, 148.223220825, 33.2544174194, -14.5148143768, -36.8577384949, -0.319906175137, 11.4553012848], [-404.427429199, 56.6101951599, 19.6479625702, 27.404624939, 39.5580558777, 24.9983119965, 26.5748825073, 33.2544174194, 102.465026855, 38.4486732483, 20.718536377, -2.65479159355, 21.4633159637], [-374.678375244, 10.1965770721, 50.5630493164, 32.3782997131, 70.3878555298, 17.4274559021, 3.03549909592, -14.5148143768, 38.4486732483, 164.661956787, 79.6743621826, 40.558719635, -0.427174150944], [-556.901733398, 122.601997375, 49.1479606628, 51.088634491, 57.3736801147, 17.7179889679, -3.01784777641, -36.8577384949, 20.718536377, 79.6743621826, 137.770141602, 49.1925354004, 24.3922042847], [-226.173080444, -5.46355295181, 37.8430328369, 3.29125165939, 49.1336364746, -8.91686153412, -24.7845020294, -0.319906175137, -2.65479159355, 40.558719635, 49.1925354004, 125.394332886, 60.7036743164], [-359.622924805, 74.9831848145, -0.635524392128, 17.5887088776, 36.886505127, -25.7937736511, -29.1074638367, 11.4553012848, 21.4633159637, -0.427174150944, 24.3922042847, 60.7036743164, 151.927627563]],
        "icov": [[0.000548480602447, -0.000120891803817, 0.00162243109662, -0.000102657686512, 0.00110188359395, -0.000676686235238, 0.00113720586523, -0.000565065944102, 0.00122245680541, -0.000503642426338, 0.00143650290556, -0.000676544965245, 0.00112026487477], [-0.000120891803817, 0.00415070680901, -0.00299499230459, -0.000968379492406, -0.000383213657187, 0.00270548299886, -0.0028241018299, 0.00314500648528, -0.00233040819876, 0.0024973906111, -0.00370410410687, 0.00250585516915, -0.00253125233576], [0.00162243109662, -0.00299499230459, 0.00892399810255, -0.00133010977879, 0.0029170026537, -0.0054811052978, 0.00561098754406, -0.00362900202163, 0.00525784725323, -0.00315783219412, 0.00685010896996, -0.00431524310261, 0.00509244063869], [-0.000102657686512, -0.000968379492406, -0.00133010977879, 0.00934514496475, -0.00103654619306, -0.000510921759997, -0.000249973440077, 0.00199679750949, -0.00157702516299, -0.00016374430561, -0.00148845103104, 0.00131841469556, -0.000951519177761], [0.00110188359395, -0.000383213657187, 0.0029170026537, -0.00103654619306, 0.00943167787045, -0.00347221666016, 0.00176040723454, -0.00344996340573, 0.00260723172687, -0.00302647682838, 0.00191337335855, -0.00270850746892, 0.00104571483098], [-0.000676686235238, 0.00270548299886, -0.0054811052978, -0.000510921759997, -0.00347221666016, 0.0154039273039, -0.00770190963522, 0.00235797488131, -0.00399576500058, 0.00294708204456, -0.00504414178431, 0.00285994727165, -0.000856038124766], [0.00113720586523, -0.0028241018299, 0.00561098754406, -0.000249973440077, 0.00176040723454, -0.00770190963522, 0.0155091434717, -0.00417993357405, 0.00213734456338, -0.00209689931944, 0.00529779540375, -0.00184705131687, 0.00526917586103], [-0.000565065944102, 0.00314500648528, -0.00362900202163, 0.00199679750949, -0.00344996340573, 0.00235797488131, -0.00417993357405, 0.0126705830917, -0.00634912541136, 0.00321526243351, -0.00102930585854, 0.00169375108089, -0.003259829944], [0.00122245680541, -0.00233040819876, 0.00525784725323, -0.00157702516299, 0.00260723172687, -0.00399576500058, 0.00213734456338, -0.00634912541136, 0.0180128179491, -0.00584624521434, 0.00404800241813, 5.6439992477e-05, 0.00059154862538], [-0.000503642426338, 0.0024973906111, -0.00315783219412, -0.00016374430561, -0.00302647682838, 0.00294708204456, -0.00209689931944, 0.00321526243351, -0.00584624521434, 0.012097293511, -0.00751414196566, -7.10442327545e-05, 0.000266715243924], [0.00143650290556, -0.00370410410687, 0.00685010896996, -0.00148845103104, 0.00191337335855, -0.00504414178431, 0.00529779540375, -0.00102930585854, 0.00404800241813, -0.00751414196566, 0.0196092966944, -0.0068758232519, 0.00420706812292], [-0.000676544965245, 0.00250585516915, -0.00431524310261, 0.00131841469556, -0.00270850746892, 0.00285994727165, -0.00184705131687, 0.00169375108089, 5.6439992477e-05, -7.10442327545e-05, -0.0068758232519, 0.0153275514022, -0.00737576792017], [0.00112026487477, -0.00253125233576, 0.00509244063869, -0.000951519177761, 0.00104571483098, -0.000856038124766, 0.00526917586103, -0.003259829944, 0.00059154862538, 0.000266715243924, 0.00420706812292, -0.00737576792017, 0.0136594120413]]
    },
    "melbands": {
        "dmean": [1.04866558104e-06, 9.13280246095e-07, 3.70582301912e-06, 7.89423938841e-06, 4.61117724626e-06, 4.07334619013e-06, 4.09919539379e-06, 3.07861637339e-06, 1.7047230358e-05, 2.59998651018e-05, 1.51530302901e-05, 2.46248655458e-05, 2.1902638764e-05, 4.76350360259e-05, 4.32805645687e-05, 2.34093186009e-05, 6.76598983773e-06, 3.47078785126e-05, 6.43730672891e-05, 5.83670807828e-05, 9.972083717e-06, 7.26745520296e-06, 7.56303552407e-06, 7.15449868949e-06, 4.75723390991e-06, 3.31765249939e-06, 1.80189715593e-06, 2.480016974e-06, 1.97216445486e-06, 2.10385178434e-06, 1.01835382793e-06, 5.49139713257e-07, 2.76720044212e-07, 5.65844544553e-08, 5.38265467753e-08, 4.73412704594e-08, 2.46986910923e-08, 2.09060875278e-08, 1.23231789217e-08, 1.0464628275e-08],
        "dmean2": [1.80414849638e-06, 1.47049968291e-06, 4.74939088235e-06, 9.4437828011e-06, 5.66811695535e-06, 4.59625925942e-06, 4.56652378489e-06, 3.93354230255e-06, 1.92521256395e-05, 2.8367536288e-05, 2.03046674869e-05, 3.20577419188e-05, 2.57685860561e-05, 5.99501872784e-05, 5.36435691174e-05, 2.98121940432e-05, 8.4016164692e-06, 4.96099382872e-05, 9.18539954e-05, 8.11234494904e-05, 1.24877533381e-05, 9.70652763499e-06, 1.1081959201e-05, 1.01610439742e-05, 6.94514574207e-06, 4.66086476081e-06, 2.64560003416e-06, 3.70887596546e-06, 2.94837991532e-06, 3.24052439282e-06, 1.40407132676e-06, 7.5790393339e-07, 4.05089622291e-07, 8.49614849585e-08, 8.14380669567e-08, 7.36908774002e-08, 3.69971218106e-08, 3.09073797666e-08, 1.87976496591e-08, 1.60988822273e-08],
        "dvar": [1.88239332975e-12, 4.67896815043e-12, 1.95691518545e-10, 2.16170178979e-10, 6.58288770716e-11, 8.89544063409e-11, 7.48514514259e-11, 3.23617244113e-11, 9.01665908604e-10, 2.80085155069e-09, 1.88601179119e-09, 6.18831030863e-09, 4.33967217717e-09, 3.2844198472e-08, 1.66649662958e-08, 3.68034469567e-09, 1.89294011022e-10, 6.37065822318e-09, 3.01149434279e-08, 2.57733230313e-08, 3.73800906894e-10, 1.85721105161e-10, 2.7364394084e-10, 5.0414977748e-10, 1.0684698265e-10, 3.47954304258e-11, 1.53016471022e-11, 2.42445161169e-11, 1.73284164795e-11, 1.66271284935e-11, 5.27588086066e-12, 2.03010850318e-12, 5.34761579636e-13, 1.97265248976e-14, 1.76079701357e-14, 1.47098367422e-14, 2.85566506727e-15, 3.11894323607e-15, 7.18298338832e-16, 6.01088831266e-16],
        "dvar2": [5.07588112167e-12, 9.67628841636e-12, 3.61940449833e-10, 2.78969986001e-10, 1.06990173665e-10, 1.16972695419e-10, 9.78786496297e-11, 5.90117121835e-11, 1.44671652436e-09, 4.03320221665e-09, 3.53602658265e-09, 1.11357465471e-08, 5.70058800164e-09, 4.94954299768e-08, 3.13467509727e-08, 6.88343027022e-09, 2.57322052555e-10, 1.3190039283e-08, 5.80313006537e-08, 4.49509265366e-08, 5.74774616791e-10, 3.25979604421e-10, 6.18239071049e-10, 1.28945343292e-09, 2.10771552989e-10, 6.52631629294e-11, 3.04443623089e-11, 4.93626077513e-11, 3.91232359009e-11, 4.24328697179e-11, 1.11304281764e-11, 3.58843944143e-12, 1.22625325692e-12, 3.9314370173e-14, 4.13971225463e-14, 3.67071214462e-14, 6.10981424349e-15, 6.77197928539e-15, 1.6923759579e-15, 1.54966022365e-15],
        "max": [2.06225377042e-05, 7.57797024562e-05, 0.000352392205968, 0.000385921419365, 0.000238170745433, 0.000200606111321, 0.000221268172027, 0.000216304761125, 0.000843802117743, 0.00120218715165, 0.00115490052849, 0.00199259747751, 0.00339550618082, 0.00677811307833, 0.00327435065992, 0.00194968143478, 0.000350473943399, 0.00209709326737, 0.00631155539304, 0.00595225393772, 0.000538616557606, 0.000305119669065, 0.000247543095611, 0.000802139635198, 0.000279325875454, 0.000112615816761, 9.36034484766e-05, 0.000106785031676, 0.000100547687907, 9.30238384171e-05, 5.93625300098e-05, 3.75198287657e-05, 1.18212456073e-05, 3.46818228536e-06, 2.9992988857e-06, 3.89880779039e-06, 1.00294744243e-06, 1.31095998768e-06, 6.28139332548e-07, 5.59131478894e-07],
        "mean": [1.41305486068e-06, 2.74126705335e-06, 1.4954513972e-05, 4.24770914833e-05, 2.10634061659e-05, 1.33779703901e-05, 2.10382859223e-05, 1.42513017636e-05, 7.61087576393e-05, 0.000102047917608, 4.93299739901e-05, 0.000102393445559, 8.42469671625e-05, 0.000156970854732, 0.000126179220388, 6.056309212e-05, 1.74010529008e-05, 0.00010186999134, 0.000181088646059, 0.000157798480359, 3.02597873088e-05, 1.82578551176e-05, 1.55893103511e-05, 2.23336646741e-05, 1.32324057631e-05, 9.3402377388e-06, 4.15940121457e-06, 6.98206486049e-06, 4.95802350997e-06, 4.75052547699e-06, 2.39463861362e-06, 1.35221466735e-06, 5.80771200021e-07, 1.36424759489e-07, 1.3216408945e-07, 1.19892973771e-07, 6.36554204902e-08, 4.28228652538e-08, 2.67233151163e-08, 2.50220164588e-08],
        "median": [9.22476374399e-07, 6.51796085549e-07, 3.62287073585e-06, 1.45690828504e-05, 4.2531651161e-06, 3.11279995913e-06, 6.28063298791e-06, 4.34070170741e-06, 1.878666626e-05, 1.72971886059e-05, 9.48519118538e-06, 1.27501671159e-05, 1.8480759536e-05, 3.55655392923e-05, 2.73432215181e-05, 1.20253953355e-05, 5.74970408707e-06, 1.60638173838e-05, 4.01555007556e-05, 2.349478018e-05, 9.47631360759e-06, 6.80502625983e-06, 4.91409855385e-06, 3.35593290401e-06, 3.00546639664e-06, 2.88822934635e-06, 1.39113990372e-06, 2.22213930101e-06, 2.09490667658e-06, 1.38674090522e-06, 8.3384310301e-07, 3.13599201718e-07, 1.35884661745e-07, 3.44196671165e-08, 3.35489787062e-08, 2.93013879826e-08, 1.78066290601e-08, 9.45790556983e-09, 8.07021560689e-09, 7.12859549168e-09],
        "min": [5.08219260011e-24, 6.72846918423e-24, 1.30209341573e-23, 4.8802497304e-24, 4.93493830151e-24, 3.55300032926e-24, 4.92172922008e-24, 4.845750082e-24, 2.81591137917e-24, 3.1063326908e-24, 2.61644513828e-24, 1.15798462111e-23, 4.94480182384e-24, 6.36285266504e-24, 1.00204512172e-23, 5.62275006908e-24, 7.97553363536e-24, 7.81752321832e-24, 9.53675957541e-24, 1.67245296111e-23, 5.78490989448e-24, 1.03030385484e-23, 1.06991650519e-23, 1.00227586353e-23, 1.11041946396e-23, 7.58540720784e-24, 4.21064092822e-24, 9.935619482e-24, 9.91901790425e-24, 7.72584732594e-24, 9.43340617505e-24, 1.1552215569e-23, 8.18254414752e-24, 8.45708430862e-24, 9.44756701716e-24, 9.6386251841e-24, 7.86157005582e-24, 8.26751472221e-24, 8.18236192065e-24, 7.48655978098e-24],
        "stdev": [1.62197409281e-06, 7.17232023817e-06, 3.44152540492e-05, 7.3428505857e-05, 4.31689040852e-05, 2.51320525422e-05, 3.44946674886e-05, 2.54261594819e-05, 0.000127071034512, 0.000200435941224, 0.0001069656646, 0.000248214375461, 0.000199850168428, 0.000419776362833, 0.00029898469802, 0.000143129000207, 3.190235293e-05, 0.000216547414311, 0.000513419043273, 0.00048763747327, 5.00736605318e-05, 2.80018302874e-05, 2.76399077848e-05, 5.12179576617e-05, 2.74624690064e-05, 1.53715427587e-05, 8.04289265943e-06, 1.19403603094e-05, 8.41579822008e-06, 8.4010162027e-06, 4.53446091342e-06, 2.9949430882e-06, 1.2734478787e-06, 3.01452274698e-07, 2.82168230115e-07, 2.51964735298e-07, 1.12035301925e-07, 9.96215945293e-08, 5.19776683916e-08, 5.12538633757e-08],
