{
"lowlevel": {
    "average_loudness": 0.971505284309,
    "barkbands_crest": {
        "dmean": 2.4507393837,
        "dmean2": 3.8901925087,
        "dvar": 5.6321015358,
        "dvar2": 13.4163427353,
        "max": 22.1004295349,
        "mean": 8.12505435944,
        "median": 7.19841575623,
        "min": 2.62913537025,
        "stdev": 3.4371919632,
        "var": 11.814289093
    },
    "barkbands_flatness_db": {
        "dmean": 0.0193295385689,
        "dmean2": 0.027852550149,
        "dvar": 0.00029708785587,
        "dvar2": 0.000589382543694,
        "max": 0.285972505808,
        "mean": 0.142143666744,
        "median": 0.136942192912,
        "min": 0.0454483218491,
        "stdev": 0.040011305362,
        "var": 0.00160090450663
    },
    "barkbands_kurtosis": {
        "dmean": 1.16865110397,
        "dmean2": 1.8076312542,
        "dvar": 3.87245845795,
        "dvar2": 9.13546848297,
        "max": 30.4066200256,
        "mean": 0.757230639458,
        "median": -0.231674313545,
        "min": -1.71963381767,
        "stdev": 2.74368453026,
        "var": 7.52780437469
    },
    "barkbands_skewness": {
        "dmean": 0.40844899416,
        "dmean2": 0.592013835907,
        "dvar": 0.173478379846,
        "dvar2": 0.376077651978,
        "max": 4.75964450836,
        "mean": 0.66015124321,
        "median": 0.602153420448,
        "min": -2.01673960686,
        "stdev": 0.84101331234,
        "var": 0.707303404808
    },
    "barkbands_spread": {
        "dmean": 3.99515175819,
        "dmean2": 6.02123498917,
        "dvar": 13.7395191193,
        "dvar2": 30.1913604736,
        "max": 57.6929206848,
        "mean": 22.7953662872,
        "median": 20.6174507141,
        "min": 3.09989452362,
        "stdev": 10.7592124939,
        "var": 115.760650635
    },
    "dissonance": {
        "dmean": 0.0214956570417,
        "dmean2": 0.0351925194263,
        "dvar": 0.000363363535143,
        "dvar2": 0.000953293580096,
        "max": 0.499990344048,
        "mean": 0.454567492008,
        "median": 0.462296307087,
        "min": 0.305285662413,
        "stdev": 0.0313312150538,
        "var": 0.000981645076536
    },
    "dynamic_complexity": 1.18659174442,
    "erbbands_crest": {
        "dmean": 2.69252967834,
        "dmean2": 4.30628871918,
        "dvar": 5.71087217331,
        "dvar2": 13.4160995483,
        "max": 28.9971370697,
        "mean": 9.22376251221,
        "median": 8.41415309906,
        "min": 2.29881286621,
        "stdev": 3.68121528625,
        "var": 13.5513467789
    },
    "erbbands_flatness_db": {
        "dmean": 0.0193233247846,
        "dmean2": 0.0252546928823,
        "dvar": 0.00031894230051,
        "dvar2": 0.000504664727487,
        "max": 0.339250922203,
        "mean": 0.19002006948,
        "median": 0.184163480997,
        "min": 0.0625194311142,
        "stdev": 0.0365041978657,
        "var": 0.0013325563632
    },
    "erbbands_kurtosis": {
        "dmean": 0.837489128113,
        "dmean2": 1.27344787121,
        "dvar": 1.22965741158,
        "dvar2": 2.80316472054,
        "max": 19.1156139374,
        "mean": 0.295729190111,
        "median": -0.149939894676,
        "min": -1.55290699005,
        "stdev": 1.58737540245,
        "var": 2.51976060867
    },
    "erbbands_skewness": {
        "dmean": 0.353860735893,
        "dmean2": 0.511063575745,
        "dvar": 0.09318369627,
        "dvar2": 0.198893859982,
        "max": 2.71205186844,
        "mean": -0.0276324190199,
        "median": -0.0334804728627,
        "min": -2.39795255661,
        "stdev": 0.689441561699,
        "var": 0.475329637527
    },
    "erbbands_spread": {
        "dmean": 5.77951955795,
        "dmean2": 8.42675876617,
        "dvar": 26.7447071075,
        "dvar2": 57.9224967957,
        "max": 69.9267425537,
        "mean": 27.7506752014,
        "median": 26.5780239105,
        "min": 3.65467953682,
        "stdev": 10.7057476044,
        "var": 114.613037109
    },
    "hfc": {
        "dmean": 5.21539306641,
        "dmean2": 7.32866811752,
        "dvar": 27.7918510437,
        "dvar2": 53.0713310242,
        "max": 88.7897949219,
        "mean": 24.0325679779,
        "median": 18.6849422455,
        "min": 1.12015885345e-16,
        "stdev": 16.1977825165,
        "var": 262.368164062
    },
    "loudness_ebu128": {
        "integrated": -8.4341468811,
        "loudness_range": 2.28851890564,
        "momentary": {
            "dmean": 0.337336599827,
            "dmean2": 0.426866859198,
            "dvar": 0.0696959793568,
            "dvar2": 0.116134002805,
            "max": -6.23617458344,
            "mean": -8.58133411407,
            "median": -8.58001708984,
            "min": -11.6893310547,
            "stdev": 1.13650047779,
            "var": 1.29163324833
        },
        "short_term": {
            "dmean": 0.0497138388455,
            "dmean2": 0.0552714318037,
            "dvar": 0.0015128190862,
            "dvar2": 0.00165058998391,
            "max": -7.02274370193,
            "mean": -8.44091320038,
            "median": -8.24128723145,
            "min": -9.87388420105,
            "stdev": 0.806753098965,
            "var": 0.650850534439
        }
    },
    "melbands_crest": {
        "dmean": 2.68650078773,
        "dmean2": 4.25277662277,
        "dvar": 7.11648607254,
        "dvar2": 16.7080440521,
        "max": 25.2089309692,
        "mean": 10.1270208359,
        "median": 9.10454750061,
        "min": 1.97976529598,
        "stdev": 3.80424237251,
        "var": 14.4722595215
    },
    "melbands_flatness_db": {
        "dmean": 0.0211909934878,
        "dmean2": 0.0292959306389,
        "dvar": 0.000370919151464,
        "dvar2": 0.000697315204889,
        "max": 0.404092848301,
        "mean": 0.192083224654,
        "median": 0.194000333548,
        "min": 0.00482090003788,
        "stdev": 0.0615072362125,
        "var": 0.00378314033151
    },
    "melbands_kurtosis": {
        "dmean": 2.27450227737,
        "dmean2": 3.49861526489,
        "dvar": 11.8873538971,
        "dvar2": 27.5432548523,
        "max": 42.3668365479,
        "mean": 3.15550541878,
        "median": 1.61324310303,
        "min": -1.78286325932,
        "stdev": 4.81730031967,
        "var": 23.2063808441
    },
    "melbands_skewness": {
        "dmean": 0.462453067303,
        "dmean2": 0.67476862669,
        "dvar": 0.218001261353,
        "dvar2": 0.487179040909,
        "max": 5.30756378174,
        "mean": 1.40718376637,
        "median": 1.30692005157,
        "min": -0.911474764347,
        "stdev": 0.82866871357,
        "var": 0.686691880226
    },
    "melbands_spread": {
        "dmean": 7.22615909576,
        "dmean2": 10.6270713806,
        "dvar": 63.559879303,
        "dvar2": 130.683059692,
        "max": 125.739578247,
        "mean": 33.5897941589,
        "median": 27.3606262207,
        "min": 3.15758013725,
        "stdev": 22.014787674,
        "var": 484.650909424
    },
    "pitch_salience": {
        "dmean": 0.0610185489058,
        "dmean2": 0.0976900085807,
        "dvar": 0.00255314679816,
        "dvar2": 0.00636976910755,
        "max": 0.903515279293,
        "mean": 0.560965836048,
        "median": 0.56108546257,
        "min": 0.294568657875,
        "stdev": 0.0876610428095,
        "var": 0.00768445897847
    },
    "silence_rate_20dB": {
        "dmean": 0,
        "dmean2": 0,
        "dvar": 0,
        "dvar2": 0,
        "max": 1,
        "mean": 1,
        "median": 1,
        "min": 1,
        "stdev": 0,
        "var": 0
    },
    "silence_rate_30dB": {
        "dmean": 0,
        "dmean2": 0,
        "dvar": 0,
        "dvar2": 0,
        "max": 1,
        "mean": 1,
        "median": 1,
        "min": 1,
        "stdev": 0,
        "var": 0
    },
    "silence_rate_60dB": {
        "dmean": 0.000515198335052,
        "dmean2": 0.00103092787322,
        "dvar": 0.000514905899763,
        "dvar2": 0.00102987512946,
        "max": 1,
        "mean": 0.00154479919001,
        "median": 0,
        "min": 0,
        "stdev": 0.0392735339701,
        "var": 0.00154241058044
    },
    "spectral_centroid": {
        "dmean": 212.644729614,
        "dmean2": 312.333251953,
        "dvar": 93409.9453125,
        "dvar2": 186281.53125,
        "max": 10871.7841797,
        "mean": 1434.40527344,
        "median": 1196.43188477,
        "min": 320.608917236,
        "stdev": 838.472595215,
        "var": 703036.25
    },
    "spectral_complexity": {
        "dmean": 3.00051522255,
        "dmean2": 4.57783508301,
        "dvar": 7.05872058868,
        "dvar2": 15.8295326233,
        "max": 48,
        "mean": 19.9881572723,
        "median": 19,
        "min": 0,
        "stdev": 5.89676189423,
        "var": 34.7718009949
    },
    "spectral_decrease": {
        "dmean": 1.50283419043e-09,
        "dmean2": 2.25169105583e-09,
        "dvar": 2.85844296146e-18,
        "dvar2": 6.8370936131e-18,
        "max": 8.82096738647e-29,
        "mean": -6.0866787166e-09,
        "median": -5.63476243443e-09,
        "min": -1.68705955872e-08,
        "stdev": 2.42333886291e-09,
        "var": 5.87257165395e-18
    },
    "spectral_energy": {
        "dmean": 0.00601210864261,
        "dmean2": 0.00895722769201,
        "dvar": 4.2850511818e-05,
        "dvar2": 0.000102371996036,
        "max": 0.0661123245955,
        "mean": 0.0251523815095,
        "median": 0.0239776335657,
        "min": 1.01813719567e-20,
        "stdev": 0.00962422601879,
        "var": 9.26257271203e-05
    },
    "spectral_energyband_high": {
        "dmean": 0.000314404343953,
        "dmean2": 0.000441950105596,
        "dvar": 3.46714358557e-07,
        "dvar2": 6.99160921158e-07,
        "max": 0.00867274869233,
        "mean": 0.00093217776157,
        "median": 0.000177136738785,
        "min": 7.17153635739e-21,
        "stdev": 0.0014833197929,
        "var": 2.2002377591e-06
    },
    "spectral_energyband_low": {
        "dmean": 0.00108624296263,
        "dmean2": 0.00176075042691,
        "dvar": 4.3950840336e-06,
        "dvar2": 1.04532682599e-05,
        "max": 0.0300322603434,
        "mean": 0.00405453890562,
        "median": 0.00324530852959,
        "min": 2.23100923826e-23,
        "stdev": 0.00279959873296,
        "var": 7.83775340096e-06
    },
    "spectral_energyband_middle_high": {
        "dmean": 0.00214958447032,
        "dmean2": 0.00308422720991,
        "dvar": 4.79586924484e-06,
        "dvar2": 9.69803841144e-06,
        "max": 0.0356508456171,
        "mean": 0.00767031870782,
        "median": 0.00651929341257,
        "min": 1.56275470831e-21,
        "stdev": 0.004746300634,
        "var": 2.25273706747e-05
    },
    "spectral_energyband_middle_low": {
        "dmean": 0.00507058436051,
        "dmean2": 0.00767872715369,
        "dvar": 4.13976704294e-05,
        "dvar2": 0.000101091827673,
        "max": 0.0572590380907,
        "mean": 0.0133747830987,
        "median": 0.0108416713774,
        "min": 3.17710208103e-22,
        "stdev": 0.0092086084187,
        "var": 8.47984774737e-05
    },
    "spectral_entropy": {
        "dmean": 0.179202318192,
        "dmean2": 0.24349334836,
        "dvar": 0.0275857783854,
        "dvar2": 0.0492702573538,
        "max": 9.80117225647,
        "mean": 7.2247209549,
        "median": 7.24877929688,
        "min": 5.87665176392,
        "stdev": 0.389590799809,
        "var": 0.151780992746
    },
    "spectral_flux": {
        "dmean": 0.0212134607136,
        "dmean2": 0.0332538560033,
        "dvar": 0.000447872822406,
        "dvar2": 0.00110662123188,
        "max": 0.206553801894,
        "mean": 0.0784890204668,
        "median": 0.073399707675,
        "min": 6.69940214415e-11,
        "stdev": 0.0303471367806,
        "var": 0.00092094874708
    },
    "spectral_kurtosis": {
        "dmean": 2.99260449409,
        "dmean2": 4.71077537537,
        "dvar": 14.0905590057,
        "dvar2": 33.1052627563,
        "max": 52.1981811523,
        "mean": 7.98263597488,
        "median": 6.00215101242,
        "min": -1.24597942829,
        "stdev": 6.57891893387,
        "var": 43.2821769714
    },
    "spectral_rms": {
        "dmean": 0.000576983322389,
        "dmean2": 0.000847740389872,
        "dvar": 3.39882035405e-07,
        "dvar2": 7.74141653892e-07,
        "max": 0.00803117826581,
        "mean": 0.00486383447424,
        "median": 0.00483661144972,
        "min": 3.15167336673e-12,
        "stdev": 0.000939133344218,
        "var": 8.81971459421e-07
    },
    "spectral_rolloff": {
        "dmean": 363.114318848,
        "dmean2": 592.207519531,
        "dvar": 341793.5,
        "dvar2": 665198.4375,
        "max": 19121.484375,
        "mean": 1821.70214844,
        "median": 1421.19140625,
        "min": 258.3984375,
        "stdev": 1316.73864746,
        "var": 1733800.75
    },
    "spectral_skewness": {
        "dmean": 0.29916203022,
        "dmean2": 0.466311514378,
        "dvar": 0.0823284313083,
        "dvar2": 0.199234485626,
        "max": 5.51217937469,
        "mean": 1.89935088158,
        "median": 1.85239672661,
        "min": 0.0154100721702,
        "stdev": 0.790805399418,
        "var": 0.625373184681
    },
    "spectral_spread": {
        "dmean": 475739.34375,
        "dmean2": 618541.75,
        "dvar": 802620506112,
        "dvar2": 995523756032,
        "max": 41926592,
        "mean": 3495818.75,
        "median": 3494476,
        "min": 1258634.625,
        "stdev": 1772524.375,
        "var": 3.14184250163e+12
    },
    "spectral_strongpeak": {
        "dmean": 1.09547793865,
        "dmean2": 1.83977663517,
        "dvar": 2.52711892128,
        "dvar2": 6.41152954102,
        "max": 15.2682800293,
        "mean": 1.66564321518,
        "median": 1.04373526573,
        "min": 0,
        "stdev": 1.839807868,
        "var": 3.38489317894
    },
    "zerocrossingrate": {
        "dmean": 0.00701177911833,
        "dmean2": 0.00840422604233,
        "dvar": 0.000125564532937,
        "dvar2": 0.000231011479627,
        "max": 0.5068359375,
        "mean": 0.0604221634567,
        "median": 0.051513671875,
        "min": 0.00634765625,
        "stdev": 0.0326582640409,
        "var": 0.00106656225398
    },
    "barkbands": {
        "dmean": [7.34684581403e-05, 0.000704190868419, 0.00032489845762, 0.000573550758418, 0.00347209582105, 0.00136947270948, 0.00079104892211, 0.000667523068842, 0.00090543780243, 0.000382017169613, 0.000582313048653, 0.000662411563098, 0.000600973842666, 0.000742598378565, 0.000594725715928, 0.000297497375868, 0.000363333849236, 0.000237811167608, 0.000342032843037, 0.000118910575111, 0.000159656163305, 0.000166031692061, 1.63090771821e-05, 2.06737331609e-05, 1.60385643539e-05, 5.17445732839e-06, 2.1328456512e-07],
        "dmean2": [0.000106058840174, 0.00116221152712, 0.000531958881766, 0.000903987966012, 0.00539146503434, 0.00210996158421, 0.00113386788871, 0.00102370907553, 0.00129643478431, 0.000525586656295, 0.000759816670325, 0.000947591790464, 0.00089166458929, 0.00108015350997, 0.000904386804905, 0.000463932519779, 0.000564039684832, 0.000371457397705, 0.000519237830304, 0.000180807706784, 0.000224757794058, 0.000253635516856, 2.4018694603e-05, 3.01739328279e-05, 2.34500403167e-05, 7.77960758569e-06, 3.677797622e-07],
        "dvar": [4.8647777362e-08, 2.18381683226e-06, 4.34746340261e-07, 1.17772447084e-06, 3.37097881129e-05, 3.88385387851e-06, 2.81626057586e-06, 1.54457984536e-06, 1.5328802192e-06, 4.79397897379e-07, 8.64386265675e-07, 9.29209875267e-07, 9.48192052874e-07, 1.77077470198e-06, 1.29158138407e-06, 2.88027422357e-07, 4.41553481778e-07, 2.06744672937e-07, 4.85480086354e-07, 8.80620731891e-08, 1.22212227893e-07, 1.88655221223e-07, 1.15558129732e-09, 1.03880304358e-09, 8.01329669287e-10, 1.46488668418e-10, 4.8223225543e-13],
        "dvar2": [9.19239866448e-08, 5.53801555725e-06, 1.18343461963e-06, 2.89496961159e-06, 8.07862670626e-05, 9.48059278016e-06, 6.3790043896e-06, 3.79292805519e-06, 3.64896618521e-06, 9.93737103272e-07, 1.09152290406e-06, 1.69796521732e-06, 1.99295800485e-06, 3.51594098902e-06, 2.74059880212e-06, 6.28746022358e-07, 9.41584687553e-07, 4.7272772008e-07, 1.12795862606e-06, 1.89741626855e-07, 2.41159511916e-07, 4.62878176677e-07, 2.54106979902e-09, 2.33732166954e-09, 1.79024939317e-09, 3.1603897277e-10, 1.2319001071e-12],
        "max": [0.00265901559032, 0.0242705047131, 0.0109222475439, 0.0157333221287, 0.0488873310387, 0.0257288943976, 0.0441257879138, 0.014367650263, 0.0154486149549, 0.0139064341784, 0.0214727874845, 0.0145506616682, 0.0140356905758, 0.0190498046577, 0.0159735586494, 0.00971899740398, 0.00826030224562, 0.00568660022691, 0.0108668962494, 0.00791521929204, 0.00720468256623, 0.0061799576506, 0.000674014037941, 0.000425241392804, 0.00037683112896, 0.000208742741961, 1.00704919532e-05],
        "mean": [0.000100640492747, 0.00262270332314, 0.0006604832015, 0.00119336764328, 0.00480210781097, 0.00255197309889, 0.00162601005286, 0.00109080667607, 0.00168914895039, 0.000635799078736, 0.00103035976645, 0.00109184451867, 0.000947549415287, 0.00106778426562, 0.000867556547746, 0.000445731449872, 0.000491850310937, 0.000409716652939, 0.000745350087527, 0.000228606091696, 0.000377381016733, 0.000366853259038, 2.58517120528e-05, 4.75878550787e-05, 2.86533722829e-05, 6.48524201097e-06, 1.88299338788e-07],
        "median": [1.05595408968e-05, 0.00244832923636, 0.000335437653121, 0.00043309078319, 0.00194427045062, 0.00150550005492, 0.000663767219521, 0.000536967185326, 0.00109893223271, 0.000280921696685, 0.000518394168466, 0.000592533790041, 0.000501695671119, 0.000475749809993, 0.00036824552808, 0.000247687799856, 0.000222384711378, 0.000144843070302, 0.000135151334689, 7.15405112715e-05, 4.79823575006e-05, 2.57341853285e-05, 9.32819239097e-06, 1.77646434167e-05, 1.29796499095e-05, 2.10614598473e-06, 2.7096401567e-08],
        "min": [3.51519535367e-24, 2.15047821498e-25, 1.35533119275e-23, 1.00787062284e-23, 3.99062706955e-23, 4.72173988552e-23, 1.65557244214e-23, 4.54371512068e-23, 7.91276334204e-23, 5.39737306066e-23, 6.12685482782e-23, 4.96128223256e-23, 4.12038332886e-23, 1.17378274402e-22, 1.9777305825e-22, 1.07643958024e-22, 9.65967183528e-23, 1.27839680722e-22, 2.46105770741e-22, 2.74775853802e-22, 3.30566671861e-22, 5.35801445507e-22, 6.04225549108e-22, 8.21650457794e-22, 1.10369774112e-21, 1.76379322157e-21, 2.13470436058e-21],
        "stdev": [0.000276757316897, 0.00153482018504, 0.000890356081072, 0.00194917491172, 0.00676227733493, 0.00305290939286, 0.00294217769988, 0.00164433731697, 0.00178178481292, 0.00104354450013, 0.00171403586864, 0.00144472171087, 0.00132906017825, 0.00180973054375, 0.00143650837708, 0.00066876685014, 0.000803505128715, 0.000748780556023, 0.00137720711064, 0.000534109189175, 0.000699831463862, 0.000841803324874, 4.8032412451e-05, 6.51781374472e-05, 4.12147237512e-05, 1.48786257341e-05, 6.88015177275e-07],
        "var": [7.65946168713e-08, 2.35567313212e-06, 7.9273394249e-07, 3.79928292205e-06, 4.5728393161e-05, 9.3202561402e-06, 8.65640959091e-06, 2.70384521173e-06, 3.17475723932e-06, 1.08898507278e-06, 2.93791890726e-06, 2.08722076422e-06, 1.76640094196e-06, 3.27512475451e-06, 2.06355616683e-06, 4.47249078661e-07, 6.45620502837e-07, 5.60672333449e-07, 1.89669947304e-06, 2.85272619749e-07, 4.89764090617e-07, 7.0863285373e-07, 2.30711250104e-09, 4.24818979994e-09, 1.69865355115e-09, 2.21373502862e-10, 4.73364891122e-13]
    },
    "erbbands": {
        "dmean": [0.0272048376501, 0.14504429698, 0.305155515671, 1.25067186356, 3.913022995, 18.9929084778, 9.89747238159, 11.7469110489, 8.17281341553, 15.4118833542, 15.3598337173, 20.6564884186, 15.059469223, 14.6745271683, 18.6056537628, 27.4788341522, 26.8973464966, 39.9899673462, 19.2438907623, 26.3199691772, 16.4307231903, 17.9020252228, 10.4881763458, 19.2510147095, 13.1393699646, 5.15250253677, 4.49385499954, 8.66555213928, 5.35001516342, 0.761179625988, 0.452440738678, 0.390731602907, 0.401523023844, 0.228868603706, 0.0967054218054, 0.0342353619635, 0.00774046964943, 0.00100685609505, 2.53723610513e-05, 7.47212925489e-06],
        "dmean2": [0.0443183593452, 0.244479328394, 0.511257231236, 1.96637022495, 6.23032808304, 29.2916049957, 15.6919870377, 18.0968399048, 12.211930275, 22.1558074951, 22.6352596283, 29.8512706757, 21.010099411, 19.3780574799, 24.8223571777, 39.0045547485, 39.7141227722, 58.5776939392, 28.9456806183, 40.2336387634, 25.7113456726, 27.771446228, 16.5880012512, 29.3664207458, 19.5797634125, 7.76682901382, 6.62048149109, 12.4594888687, 8.15852832794, 1.1363837719, 0.673347115517, 0.578592002392, 0.598089933395, 0.342772692442, 0.142697423697, 0.0519824996591, 0.0119027439505, 0.00164481147658, 4.01658580813e-05, 1.09305383376e-05],
        "dvar": [0.00468262843788, 0.0813450068235, 0.376904457808, 5.81257390976, 43.4135322571, 1053.12768555, 218.4793396, 351.055938721, 198.199813843, 863.399230957, 594.38458252, 969.609680176, 715.653869629, 514.556518555, 1681.48754883, 1684.36743164, 1583.94396973, 4392.33691406, 709.593994141, 2446.62939453, 601.449707031, 1261.2220459, 381.287841797, 1598.88244629, 770.666564941, 173.091964722, 100.801872253, 353.288391113, 184.2474823, 2.46036958694, 0.888687908649, 0.408948600292, 0.409908682108, 0.165659949183, 0.0303749144077, 0.00600511394441, 0.000350149173755, 7.897227988e-06, 4.90109330897e-09, 6.00891419955e-11],
        "dvar2": [0.0110939703882, 0.222729563713, 1.05215167999, 14.230837822, 113.280738831, 2502.50439453, 562.616638184, 806.198852539, 449.904144287, 2061.48291016, 1505.10925293, 2391.03442383, 1505.22314453, 692.528930664, 2174.86083984, 3041.96679688, 3304.66845703, 8700.31347656, 1474.80334473, 5219.29101562, 1311.6036377, 2717.44335938, 899.214416504, 3781.53955078, 1645.07019043, 361.319976807, 213.922119141, 745.56072998, 433.426849365, 5.91543054581, 1.98392558098, 0.93291759491, 0.944164097309, 0.381413161755, 0.0678549781442, 0.0131341284141, 0.000814327446278, 1.9408076696e-05, 1.2104311331e-08, 1.37858793825e-10],
        "max": [1.03309583664, 4.12018537521, 8.19243812561, 33.0668258667, 68.7882461548, 267.84664917, 209.257354736, 299.711639404, 336.108062744, 539.411804199, 282.855194092, 417.616546631, 523.484619141, 460.447723389, 1185.7689209, 563.634216309, 556.919067383, 951.151184082, 335.856689453, 626.926391602, 355.863342285, 493.229125977, 378.385345459, 672.327453613, 376.260223389, 356.067962646, 161.971420288, 348.364685059, 221.874923706, 30.5177249908, 15.6667671204, 8.4339466095, 9.25279331207, 6.22806501389, 1.83764338493, 1.31152522564, 0.286967486143, 0.0458034276962, 0.00125223095529, 8.1999838585e-05],
        "mean": [0.0679945498705, 0.604729652405, 0.819525420666, 2.8477370739, 6.02229595184, 24.6982898712, 18.2556667328, 19.8172988892, 17.0288524628, 30.8043346405, 27.9877338409, 38.2553482056, 26.5296726227, 28.5908432007, 32.7839775085, 47.228969574, 46.8085708618, 62.473991394, 33.4270744324, 41.2493209839, 27.0205535889, 25.986492157, 18.0817813873, 40.7304077148, 29.5613460541, 10.7142238617, 10.0789012909, 23.1790771484, 13.2634515762, 1.57225370407, 0.757962524891, 0.772280335426, 0.896908283234, 0.415841341019, 0.16342189908, 0.0426589809358, 0.00974602811038, 0.00108790176455, 4.24867757829e-05, 3.23366402881e-05],
        "median": [0.049346499145, 0.573571622372, 0.63220500946, 1.29971921444, 3.32986974716, 9.19804763794, 10.9945201874, 10.2767333984, 9.55052566528, 14.2361297607, 16.0538063049, 24.4315185547, 13.7089290619, 15.6233243942, 15.5330066681, 25.5166416168, 28.7074356079, 33.9672622681, 21.7039718628, 21.280506134, 17.5811042786, 12.3973274231, 9.60782814026, 8.82090187073, 5.03173542023, 3.30954027176, 2.11082553864, 1.83678412437, 1.0766351223, 0.378243625164, 0.285894662142, 0.305771142244, 0.306021988392, 0.173964649439, 0.073528431356, 0.0153657235205, 0.00329863606021, 0.000319263082929, 2.47925145231e-05, 3.0988099752e-05],
        "min": [1.53308001404e-23, 2.35606120445e-22, 1.02633823907e-20, 2.84894800077e-20, 6.18142765979e-20, 6.48853720301e-20, 1.13551890672e-19, 5.15837171216e-19, 1.79011151564e-19, 4.95287419861e-19, 1.20759384183e-18, 1.68284064001e-18, 1.74156488003e-18, 1.26819081876e-18, 2.69398828874e-18, 3.56852954086e-18, 3.39826309716e-18, 6.97673079949e-18, 4.62508113342e-18, 1.248095355e-17, 5.91819769577e-18, 5.18954504752e-18, 6.19514975897e-18, 1.25230677965e-17, 1.38775065664e-17, 1.28813428809e-17, 1.42480421218e-17, 1.29051052983e-17, 1.7981391122e-17, 1.91253686743e-17, 1.62906504936e-17, 1.63095664598e-17, 1.44165553562e-17, 1.03929387529e-17, 9.33381917808e-18, 5.92281501795e-18, 2.91114698098e-18, 1.44708062035e-18, 2.71047906483e-19, 3.04945625814e-20],
        "stdev": [0.0735091716051, 0.296871542931, 0.764213323593, 4.22886705399, 7.59414148331, 37.5309066772, 21.4430828094, 28.3149108887, 23.5233478546, 45.3557281494, 34.2464637756, 41.658531189, 40.174571991, 41.0439987183, 72.3725967407, 61.940246582, 55.7501106262, 90.8229446411, 36.1854667664, 61.8435058594, 31.1058979034, 43.0433654785, 25.4806842804, 78.1312561035, 55.5616493225, 24.208147049, 19.0897045135, 43.0224342346, 28.5634288788, 2.84066009521, 1.29969000816, 1.05573368073, 1.29337143898, 0.604867637157, 0.240528076887, 0.0907938852906, 0.0226724278182, 0.00306617538445, 7.66960074543e-05, 1.26979784909e-05],
        "var": [0.0054035987705, 0.0881327092648, 0.584022045135, 17.88331604, 57.6709861755, 1408.56884766, 459.805786133, 801.734130859, 553.347900391, 2057.14208984, 1172.82019043, 1735.43310547, 1613.99633789, 1684.60974121, 5237.79248047, 3836.59399414, 3108.07470703, 8248.80761719, 1309.38806152, 3824.61914062, 967.576904297, 1852.73144531, 649.265258789, 6104.49267578, 3087.09692383, 586.034362793, 364.4168396, 1850.92980957, 815.869506836, 8.06934928894, 1.68919408321, 1.11457371712, 1.67280972004, 0.36586484313, 0.0578537583351, 0.00824353005737, 0.000514039013069, 9.40143127082e-06, 5.88227777598e-09, 1.61238647434e-10]
    },
    "gfcc": {
        "mean": [5.41045761108, 117.416816711, -137.487945557, 24.9479293823, -50.772315979, 14.2440900803, -40.3922538757, 8.5937166214, -24.428899765, 6.9951171875, -10.2150840759, -3.00534939766, -2.51179409027],
        "cov": [[3703.25512695, -1005.29974365, -370.360351562, 655.802124023, -564.793701172, 46.8847808838, 5.48131752014, 32.5249900818, -186.707702637, 142.25769043, -132.143493652, 22.0814571381, 1.94374215603], [-1005.29974365, 1319.83654785, 210.091934204, -617.605895996, 374.779815674, -75.4847488403, -115.70111084, -63.9885482788, 100.835235596, -141.525360107, 109.952934265, -54.7930297852, 8.69685554504], [-370.360351562, 210.091934204, 454.786315918, -195.16027832, -18.6848812103, -4.27517414093, -122.971954346, -33.5107192993, -38.9639167786, -23.0790100098, -27.9410305023, 21.2517127991, -46.8392448425], [655.802124023, -617.605895996, -195.16027832, 519.007995605, -193.289260864, -4.56356668472, 93.3749313354, 5.06672239304, -44.5240974426, 44.6204528809, -40.8821144104, -25.3374919891, 24.1478309631], [-564.793701172, 374.779815674, -18.6848812103, -193.289260864, 357.084594727, 22.1169662476, -33.8510780334, -8.47854042053, 33.5378990173, -63.6721000671, 25.1198101044, 7.29333543777, -13.6417274475], [46.8847808838, -75.4847488403, -4.27517414093, -4.56356668472, 22.1169662476, 123.816940308, 18.0739040375, 14.1687021255, -5.93133068085, -2.16525697708, -4.16357660294, 6.55703258514, -10.1971549988], [5.48131752014, -115.70111084, -122.971954346, 93.3749313354, -33.8510780334, 18.0739040375, 154.643173218, 36.1283035278, 3.55416679382, 18.5698451996, 2.08313989639, -15.3014554977, 4.55835771561], [32.5249900818, -63.9885482788, -33.5107192993, 5.06672239304, -8.47854042053, 14.1687021255, 36.1283035278, 103.331787109, 33.9169960022, 2.84234166145, -10.4519414902, 4.61275672913, -5.82810878754], [-186.707702637, 100.835235596, -38.9639167786, -44.5240974426, 33.5378990173, -5.93133068085, 3.55416679382, 33.9169960022, 112.845108032, 20.082452774, 16.0667686462, -17.1048793793, -1.07739746571], [142.25769043, -141.525360107, -23.0790100098, 44.6204528809, -63.6721000671, -2.16525697708, 18.5698451996, 2.84234166145, 20.082452774, 108.191062927, 10.8831453323, -1.71712839603, -11.9741048813], [-132.143493652, 109.952934265, -27.9410305023, -40.8821144104, 25.1198101044, -4.16357660294, 2.08313989639, -10.4519414902, 16.0667686462, 10.8831453323, 83.9112091064, 9.88703918457, 2.5574593544], [22.0814571381, -54.7930297852, 21.2517127991, -25.3374919891, 7.29333543777, 6.55703258514, -15.3014554977, 4.61275672913, -17.1048793793, -1.71712839603, 9.88703918457, 82.005279541, 6.77836227417], [1.94374215603, 8.69685554504, -46.8392448425, 24.1478309631, -13.6417274475, -10.1971549988, 4.55835771561, -5.82810878754, -1.07739746571, -11.9741048813, 2.5574593544, 6.77836227417, 72.1330337524]],
        "icov": [[0.000845040427521, -0.00119040638674, 0.00158813898452, -0.00124858529307, 0.00168050313368, -0.00115284463391, 0.00176393601578, -0.00100715470035, 0.00198450754397, -0.00157023849897, 0.0020367372781, -0.0014692558907, 0.0013668226311], [-0.00119040638674, 0.00653771078214, -0.00364673277363, 0.00587160512805, -0.00447827391326, 0.0043444368057, -0.0035338117741, 0.00348386727273, -0.00520286522806, 0.00621378608048, -0.0072111915797, 0.00690983096138, -0.00425760867074], [0.00158813898452, -0.00364673277363, 0.00745063321665, -0.00188200979028, 0.00507221138105, -0.00304495450109, 0.00581740029156, -0.00198897230439, 0.00554308621213, -0.00366394524463, 0.00656382646412, -0.00455631501973, 0.00553543958813], [-0.00124858529307, 0.00587160512805, -0.00188200979028, 0.00886930897832, -0.00262203789316, 0.0040205125697, -0.00401044543833, 0.00364794651978, -0.00367380469106, 0.00526343332604, -0.00508039118722, 0.00672268169001, -0.0038775971625], [0.00168050313368, -0.00447827391326, 0.00507221138105, -0.00262203789316, 0.00876090116799, -0.0042287837714, 0.00448626186699, -0.00189923180733, 0.00392833398655, -0.00236786413006, 0.0057798428461, -0.00542819499969, 0.00525890477002], [-0.00115284463391, 0.0043444368057, -0.00304495450109, 0.0040205125697, -0.0042287837714, 0.0117631107569, -0.00411610305309, 0.00149557890836, -0.0031820666045, 0.00420325342566, -0.00476790592074, 0.00400302838534, -0.00212869374081], [0.00176393601578, -0.0035338117741, 0.00581740029156, -0.00401044543833, 0.00448626186699, -0.00411610305309, 0.0135990800336, -0.00557128759101, 0.00609166314825, -0.00487320823595, 0.00445504998788, -0.00248562614433, 0.00381329585798], [-0.00100715470035, 0.00348386727273, -0.00198897230439, 0.00364794651978, -0.00189923180733, 0.00149557890836, -0.00557128759101, 0.0152706783265, -0.00833703298122, 0.00504695018753, -0.00150554697029, 0.00100634782575, -0.000795428233687], [0.00198450754397, -0.00520286522806, 0.00554308621213, -0.00367380469106, 0.00392833398655, -0.0031820666045, 0.00609166314825, -0.00833703298122, 0.0187830589712, -0.00895870570093, 0.00520074460655, -0.00225434545428, 0.00345844496042], [-0.00157023849897, 0.00621378608048, -0.00366394524463, 0.00526343332604, -0.00236786413006, 0.00420325342566, -0.00487320823595, 0.00504695018753, -0.00895870570093, 0.0183814242482, -0.00888447929174, 0.00552435824648, -0.00127255299594], [0.0020367372781, -0.0072111915797, 0.00656382646412, -0.00508039118722, 0.0057798428461, -0.00476790592074, 0.00445504998788, -0.00150554697029, 0.00520074460655, -0.00888447929174, 0.0232104938477, -0.0102112460881, 0.00553285889328], [-0.0014692558907, 0.00690983096138, -0.00455631501973, 0.00672268169001, -0.00542819499969, 0.00400302838534, -0.00248562614433, 0.00100634782575, -0.00225434545428, 0.00552435824648, -0.0102112460881, 0.0215627308935, -0.00700580794364], [0.0013668226311, -0.00425760867074, 0.00553543958813, -0.0038775971625, 0.00525890477002, -0.00212869374081, 0.00381329585798, -0.000795428233687, 0.00345844496042, -0.00127255299594, 0.00553285889328, -0.00700580794364, 0.0199232492596]]
    },
    "melbands": {
        "dmean": [0.000210805621464, 0.000162388503668, 0.000243409958784, 0.00080473034177, 0.000436103611719, 0.00025504923542, 0.00014331220882, 0.000163439923199, 0.000140377916978, 0.000132179135107, 7.33065608074e-05, 5.542496001e-05, 6.23263040325e-05, 5.45493967365e-05, 9.08759320737e-05, 6.1222948716e-05, 8.55794860399e-05, 2.79458436125e-05, 5.55914048164e-05, 2.59523494606e-05, 1.95075044758e-05, 2.25045114348e-05, 1.03074635263e-05, 9.74545127974e-06, 1.74621964106e-05, 1.4040690985e-05, 6.1335049395e-06, 3.14072804031e-06, 2.87413604383e-06, 3.52024267158e-06, 6.57763530398e-06, 4.28222347182e-06, 8.26923951536e-07, 3.07381981202e-07, 2.62609233914e-07, 2.9037346394e-07, 2.42704601305e-07, 3.18032363111e-07, 2.65052477744e-07, 1.93342245325e-07],
        "dmean2": [0.0003444259346, 0.000271017284831, 0.000389476073906, 0.00123891350813, 0.000686645973474, 0.000393021880882, 0.000209075718885, 0.000237060739892, 0.000203081668587, 0.000190846156329, 0.000102733378299, 7.35002831789e-05, 8.28288466437e-05, 7.62918789405e-05, 0.000129278530949, 9.07053326955e-05, 0.000124880098156, 4.18798663304e-05, 8.43797970447e-05, 3.99374621338e-05, 3.05418034259e-05, 3.50816553691e-05, 1.62737178471e-05, 1.52808770508e-05, 2.69397096417e-05, 2.14696774492e-05, 9.27619385038e-06, 5.04219951836e-06, 4.43543740403e-06, 5.05697425979e-06, 9.70933433564e-06, 6.66452024234e-06, 1.31748709009e-06, 4.63268492013e-07, 3.94504098722e-07, 4.35669619492e-07, 3.71956588197e-07, 4.92826984555e-07, 4.06626497806e-07, 2.93268840323e-07],
        "dvar": [2.3793040782e-07, 9.28450987203e-08, 1.83573064305e-07, 1.90558375834e-06, 3.82210345151e-07, 1.46567757042e-07, 7.30658413772e-08, 9.633581044e-08, 4.77053312409e-08, 4.07881941555e-08, 1.77294037229e-08, 7.35724636769e-09, 1.22526966351e-08, 7.67826602299e-09, 2.65104169728e-08, 1.40796769799e-08, 2.31221957137e-08, 1.62190039177e-09, 1.48131151789e-08, 2.45006326338e-09, 1.10027276179e-09, 2.00448280196e-09, 3.75227710014e-10, 3.1098129627e-10, 1.33644240119e-09, 9.71000613248e-10, 2.25509791396e-10, 7.31930210884e-11, 3.86099138772e-11, 7.10295988693e-11, 2.18220774784e-10, 1.25431304232e-10, 6.82754547343e-12, 4.50946110965e-13, 3.23815383145e-13, 3.06323461605e-13, 1.48760086823e-13, 2.64703108608e-13, 2.1151796406e-13, 1.29591446623e-13],
        "dvar2": [5.8110538248e-07, 2.55219447354e-07, 4.68828005751e-07, 4.53948496215e-06, 9.70782252807e-07, 3.45488132325e-07, 1.64277111026e-07, 2.29837766597e-07, 1.15450433213e-07, 9.94956934619e-08, 3.7157715127e-08, 1.00711243789e-08, 1.59160968849e-08, 1.2604329136e-08, 4.87463331922e-08, 2.88837327389e-08, 4.53321078453e-08, 3.35188898859e-09, 3.17214521317e-08, 5.26851939853e-09, 2.34022934364e-09, 4.30342739222e-09, 8.82650230682e-10, 7.17005343986e-10, 3.19956816597e-09, 2.23296336976e-09, 4.35448621605e-10, 1.72823325095e-10, 8.86533901845e-11, 1.43806550001e-10, 5.00757713073e-10, 2.98164409829e-10, 1.89025028269e-11, 1.03802264093e-12, 7.45508201613e-13, 6.923717784e-13, 3.55242880468e-13, 6.30418081019e-13, 4.9399541532e-13, 3.07727015527e-13],
        "max": [0.00799541734159, 0.00407524453476, 0.00556872179732, 0.0122392559424, 0.00612640148029, 0.00579731073231, 0.00704327970743, 0.00478777242824, 0.00295516545884, 0.00283515849151, 0.0026164308656, 0.0016917566536, 0.00301998923533, 0.00175702874549, 0.00286685279571, 0.0019242791459, 0.00217441353016, 0.000481343449792, 0.001767566544, 0.000915983691812, 0.000564122747164, 0.000578183273319, 0.000290884578135, 0.000225708863582, 0.000606729881838, 0.00041768598021, 0.000439993309556, 0.000202496346901, 0.000115074304631, 0.000224662173423, 0.000256871251622, 0.000160870244144, 6.21734579909e-05, 1.39511384987e-05, 1.15275379358e-05, 7.43375494494e-06, 5.4370448197e-06, 6.95705830367e-06, 6.30787644695e-06, 5.60457556276e-06],
        "mean": [0.000701439043041, 0.000587893358897, 0.000527753727511, 0.0010884370422, 0.000751057115849, 0.000447243452072, 0.000301878666505, 0.000317956117215, 0.000248422729783, 0.000240679830313, 0.000122809055028, 0.000103512218629, 0.000109816530312, 9.26788634388e-05, 0.000149182931636, 9.13154290174e-05, 0.000124270358356, 4.5192457037e-05, 7.89451732999e-05, 3.89974447899e-05, 2.88767314487e-05, 3.04748027702e-05, 1.50390887939e-05, 1.76618395926e-05, 3.45697371813e-05, 2.919373037e-05, 1.15837920021e-05, 5.52759411221e-06, 5.45208422409e-06, 7.64354172134e-06, 1.63935983437e-05, 1.02056328615e-05, 1.39255348586e-06, 4.97239796005e-07, 3.87328128681e-07, 4.69858179031e-07, 4.64246483034e-07, 6.58117528474e-07, 5.17234298059e-07, 3.02847325884e-07],
        "median": [0.000609124312177, 0.000510957324877, 0.000284772540908, 0.000429812585935, 0.00047296154662, 0.00024703372037, 0.000152381879161, 0.000144899575389, 0.000130555985379, 0.00014992809156, 5.7891375036e-05, 5.41064691788e-05, 5.61018896406e-05, 4.93522129545e-05, 6.57542841509e-05, 3.91348585254e-05, 5.79884836043e-05, 2.71148091997e-05, 2.87727743853e-05, 2.05215656024e-05, 1.70641578734e-05, 1.34567435452e-05, 7.65990989748e-06, 6.67064887239e-06, 6.72014857628e-06, 3.45747776009e-06, 2.77118078884e-06, 1.91575259123e-06, 1.21639345707e-06, 1.08670678856e-06, 1.02507385691e-06, 6.19236004695e-07, 2.54349288298e-07, 1.50572830648e-07, 1.40208555877e-07, 1.5379039553e-07, 1.79864699135e-07, 2.17631395572e-07, 1.7377337258e-07, 1.24717132621e-07],
        "min": [2.16883451521e-25, 4.10283598577e-24, 4.94360748843e-24, 8.99974251418e-24, 3.88097556149e-24, 1.0793048966e-23, 2.80294408361e-24, 5.79539109489e-24, 9.81085324123e-24, 1.04426574623e-23, 8.78971303133e-24, 4.79341507739e-24, 9.08106539604e-24, 5.30306300395e-24, 1.4517479814e-23, 7.53821597077e-24, 1.20414047824e-23, 5.39419418787e-24, 1.63300691817e-23, 1.30202312822e-23, 5.69295435091e-24, 5.00451977766e-24, 5.51263731405e-24, 6.36251661029e-24, 9.54589458469e-24, 9.36403611363e-24, 9.74647903592e-24, 7.49614838528e-24, 8.72020334153e-24, 7.77385976721e-24, 6.95616362933e-24, 1.00138310965e-23, 1.11835840234e-23, 1.06142386534e-23, 9.38958337404e-24, 7.32384854181e-24, 1.0221542906e-23, 1.01474467789e-23, 8.22679845544e-24, 8.78365457958e-24],
        "stdev": [0.000508987985086, 0.00037791224895, 0.000687068386469, 0.00158349913545, 0.000807719305158, 0.000579571293201, 0.000469083228381, 0.000461540592369, 0.000325994566083, 0.000272299686912, 0.000199811154744, 0.00015421101125, 0.000200050490093, 0.000137544324389, 0.000243569578743, 0.000153555869474, 0.000206554628676, 5.54286525585e-05, 0.000152361753862, 6.0967860918e-05, 4.06878862123e-05, 5.38622589374e-05, 2.29355846386e-05, 2.92307959171e-05, 6.80064113112e-05, 5.89895207668e-05, 2.74352914857e-05, 1.29054969875e-05, 1.08234708023e-05, 1.57756112458e-05, 3.18758429785e-05, 2.30605910474e-05, 3.73545299226e-06, 9.52470827542e-07, 7.37951040719e-07, 7.75763055572e-07, 6.38496771899e-07, 9.57913471211e-07, 8.11055031136e-07, 4.69513850021e-07],
        "var": [2.59068769992e-07, 1.42817668802e-07, 4.72062964718e-07, 2.50746938946e-06, 6.5241044922e-07, 3.35902882398e-07, 2.20039069632e-07, 2.13019717421e-07, 1.06272466383e-07, 7.41471239962e-08, 3.99244974858e-08, 2.37810340309e-08, 4.00201969342e-08, 1.89184419241e-08, 5.93261404447e-08, 2.35794068715e-08, 4.26648156804e-08, 3.07233571917e-09, 2.32141044165e-08, 3.71708019919e-09, 1.65550417819e-09, 2.90114310353e-09, 5.26041044058e-10, 8.54439463627e-10, 4.62487204089e-09, 3.47976358839e-09, 7.52695183959e-10, 1.6655185564e-10, 1.17147527789e-10, 2.48869896913e-10, 1.0160694508e-09, 5.31790889102e-10, 1.39536091015e-11, 9.07200638396e-13, 5.44571711943e-13, 6.01808316722e-13, 4.07678095926e-13, 9.1759813723e-13, 6.57810232067e-13, 2.20443251869e-13]
    },
    "melbands128": {
