{
"lowlevel": {
    "average_loudness": 0.971132576466,
    "barkbands_crest": {
        "dmean": 2.95094537735,
        "dmean2": 4.8264708519,
        "dvar": 7.16340255737,
        "dvar2": 16.8186092377,
        "max": 24.232427597,
        "mean": 10.2872905731,
        "median": 9.54161453247,
        "min": 3.31613302231,
        "stdev": 3.89125823975,
        "var": 15.1418914795
    },
    "barkbands_flatness_db": {
        "dmean": 0.0253745242953,
        "dmean2": 0.0390129201114,
        "dvar": 0.00052781047998,
        "dvar2": 0.00131232955027,
        "max": 0.318625241518,
        "mean": 0.166207432747,
        "median": 0.16341021657,
        "min": 0.0506944432855,
        "stdev": 0.0392794795334,
        "var": 0.00154287740588
    },
    "barkbands_kurtosis": {
        "dmean": 3.03037834167,
        "dmean2": 4.95759868622,
        "dvar": 17.0402946472,
        "dvar2": 43.2022132874,
        "max": 44.0349159241,
        "mean": 4.24721765518,
        "median": 2.65146636963,
        "min": -1.62462615967,
        "stdev": 5.33032417297,
        "var": 28.4123535156
    },
    "barkbands_skewness": {
        "dmean": 0.570759952068,
        "dmean2": 0.906565368176,
        "dvar": 0.307612150908,
        "dvar2": 0.734617590904,
        "max": 5.93859481812,
        "mean": 1.78393018246,
        "median": 1.69040155411,
        "min": -1.67142677307,
        "stdev": 0.917168438435,
        "var": 0.841197967529
    },
    "barkbands_spread": {
        "dmean": 3.98652935028,
        "dmean2": 6.36729478836,
        "dvar": 14.128657341,
        "dvar2": 35.4245834351,
        "max": 40.3063430786,
        "mean": 14.6537485123,
        "median": 14.2776298523,
        "min": 2.23589015007,
        "stdev": 5.81133031845,
        "var": 33.7715606689
    },
    "dissonance": {
        "dmean": 0.0150590520352,
        "dmean2": 0.0249907243997,
        "dvar": 0.000181904761121,
        "dvar2": 0.00049701257376,
        "max": 0.499885231256,
        "mean": 0.466497689486,
        "median": 0.469664722681,
        "min": 0.378270953894,
        "stdev": 0.0182758066803,
        "var": 0.000334005104378
    },
    "dynamic_complexity": 1.39803624153,
    "erbbands_crest": {
        "dmean": 2.44032526016,
        "dmean2": 3.93335461617,
        "dvar": 5.10630464554,
        "dvar2": 12.3651247025,
        "max": 26.5466041565,
        "mean": 8.3133020401,
        "median": 7.52746200562,
        "min": 2.85649132729,
        "stdev": 3.3563337326,
        "var": 11.2649755478
    },
    "erbbands_flatness_db": {
        "dmean": 0.0165838114917,
        "dmean2": 0.0247593726963,
        "dvar": 0.000183473996003,
        "dvar2": 0.000411939516198,
        "max": 0.27090844512,
        "mean": 0.177608802915,
        "median": 0.177465081215,
        "min": 0.0883175358176,
        "stdev": 0.0274629555643,
        "var": 0.000754213891923
    },
    "erbbands_kurtosis": {
        "dmean": 0.498959183693,
        "dmean2": 0.80396515131,
        "dvar": 0.28518512845,
        "dvar2": 0.732930243015,
        "max": 5.56518650055,
        "mean": -0.34169960022,
        "median": -0.518273711205,
        "min": -1.54982423782,
        "stdev": 0.732537686825,
        "var": 0.536611497402
    },
    "erbbands_skewness": {
        "dmean": 0.287420928478,
        "dmean2": 0.46006628871,
        "dvar": 0.0646566003561,
        "dvar2": 0.163397714496,
        "max": 2.10533595085,
        "mean": 0.207351192832,
        "median": 0.185787051916,
        "min": -2.1581120491,
        "stdev": 0.40387865901,
        "var": 0.163117974997
    },
    "erbbands_spread": {
        "dmean": 6.1346578598,
        "dmean2": 9.39434242249,
        "dvar": 27.2105960846,
        "dvar2": 65.9660110474,
        "max": 78.797996521,
        "mean": 35.22681427,
        "median": 34.2878112793,
        "min": 10.7671937943,
        "stdev": 9.68228054047,
        "var": 93.7465515137
    },
    "hfc": {
        "dmean": 5.34262657166,
        "dmean2": 8.10034656525,
        "dvar": 44.9771766663,
        "dvar2": 101.785736084,
        "max": 105.332000732,
        "mean": 16.9283695221,
        "median": 14.983080864,
        "min": 1.15189135463e-16,
        "stdev": 8.88079166412,
        "var": 78.8684616089
    },
    "loudness_ebu128": {
        "integrated": -17.6049194336,
        "loudness_range": 1.99204826355,
        "momentary": {
            "dmean": 0.516718626022,
            "dmean2": 0.793206393719,
            "dvar": 0.19721648097,
            "dvar2": 0.368364572525,
            "max": -14.6974830627,
            "mean": -17.7880954742,
            "median": -17.4903106689,
            "min": -21.2922992706,
            "stdev": 1.29127025604,
            "var": 1.66737902164
        },
        "short_term": {
            "dmean": 0.0674298778176,
            "dmean2": 0.0925161242485,
            "dvar": 0.00583168212324,
            "dvar2": 0.00812374614179,
            "max": -16.6139755249,
            "mean": -17.6502857208,
            "median": -17.3278388977,
            "min": -19.807352066,
            "stdev": 0.77475464344,
            "var": 0.600244760513
        }
    },
    "melbands_crest": {
        "dmean": 3.2208275795,
        "dmean2": 5.2260351181,
        "dvar": 7.4429526329,
        "dvar2": 18.8453445435,
        "max": 27.4916801453,
        "mean": 13.1569004059,
        "median": 12.5912818909,
        "min": 2.06021928787,
        "stdev": 4.03299236298,
        "var": 16.2650260925
    },
    "melbands_flatness_db": {
        "dmean": 0.029727075249,
        "dmean2": 0.0457300357521,
        "dvar": 0.000781055539846,
        "dvar2": 0.00184697203804,
        "max": 0.409680336714,
        "mean": 0.23016756773,
        "median": 0.226352885365,
        "min": 0.00453345756978,
        "stdev": 0.0521868243814,
        "var": 0.00272346450947
    },
    "melbands_kurtosis": {
        "dmean": 6.47816991806,
        "dmean2": 10.5101575851,
        "dvar": 77.1369400024,
        "dvar2": 192.705993652,
        "max": 105.631271362,
        "mean": 11.774020195,
        "median": 8.32233047485,
        "min": -1.51804089546,
        "stdev": 11.7544250488,
        "var": 138.166519165
    },
    "melbands_skewness": {
        "dmean": 0.725175559521,
        "dmean2": 1.14884698391,
        "dvar": 0.51039236784,
        "dvar2": 1.21145963669,
        "max": 8.5285654068,
        "mean": 2.72589445114,
        "median": 2.5800538063,
        "min": -0.34332293272,
        "stdev": 1.19708430767,
        "var": 1.43301069736
    },
    "melbands_spread": {
        "dmean": 5.13795661926,
        "dmean2": 8.164021492,
        "dvar": 31.3937301636,
        "dvar2": 65.9309768677,
        "max": 133.18182373,
        "mean": 15.9818258286,
        "median": 14.4079284668,
        "min": 1.98057889938,
        "stdev": 8.9982624054,
        "var": 80.9687347412
    },
    "pitch_salience": {
        "dmean": 0.0740362927318,
        "dmean2": 0.120354495943,
        "dvar": 0.00419642124325,
        "dvar2": 0.0105810789391,
        "max": 0.974744856358,
        "mean": 0.566666007042,
        "median": 0.57593536377,
        "min": 0.200242966413,
        "stdev": 0.096306078136,
        "var": 0.00927486084402
    },
    "silence_rate_20dB": {
        "dmean": 0,
        "dmean2": 0,
        "dvar": 0,
        "dvar2": 0,
        "max": 1,
        "mean": 1,
        "median": 1,
        "min": 1,
        "stdev": 0,
        "var": 0
    },
    "silence_rate_30dB": {
        "dmean": 0.0597630105913,
        "dmean2": 0.119587630033,
        "dvar": 0.0561909303069,
        "dvar2": 0.128996089101,
        "max": 1,
        "mean": 0.947476804256,
        "median": 1,
        "min": 0,
        "stdev": 0.223081082106,
        "var": 0.0497651658952
    },
    "silence_rate_60dB": {
        "dmean": 0.000515198335052,
        "dmean2": 0.00103092787322,
        "dvar": 0.000514905899763,
        "dvar2": 0.00102987512946,
        "max": 1,
        "mean": 0.00154479919001,
        "median": 0,
        "min": 0,
        "stdev": 0.0392735339701,
        "var": 0.00154241058044
    },
    "spectral_centroid": {
        "dmean": 228.022354126,
        "dmean2": 362.002044678,
        "dvar": 89429.375,
        "dvar2": 153502.609375,
        "max": 11027.1552734,
        "mean": 928.401245117,
        "median": 856.917297363,
        "min": 269.142333984,
        "stdev": 429.830627441,
        "var": 184754.375
    },
    "spectral_complexity": {
        "dmean": 3.12055635452,
        "dmean2": 4.94175243378,
        "dvar": 9.44972801208,
        "dvar2": 19.7600154877,
        "max": 47,
        "mean": 20.360452652,
        "median": 20,
        "min": 0,
        "stdev": 4.76317310333,
        "var": 22.6878185272
    },
    "spectral_decrease": {
        "dmean": 4.67243888025e-09,
        "dmean2": 7.33441307688e-09,
        "dvar": 4.74793763759e-17,
        "dvar2": 1.10216264586e-16,
        "max": -1.1671328056e-28,
        "mean": -1.03149160324e-08,
        "median": -7.50291562213e-09,
        "min": -8.76600125821e-08,
        "stdev": 8.72738326052e-09,
        "var": 7.61672209378e-17
    },
    "spectral_energy": {
        "dmean": 0.0180240925401,
        "dmean2": 0.028227455914,
        "dvar": 0.00069578824332,
        "dvar2": 0.00161332683638,
        "max": 0.338625103235,
        "mean": 0.0404663160443,
        "median": 0.0299963317811,
        "min": 1.08885039438e-20,
        "stdev": 0.033489510417,
        "var": 0.00112154718954
    },
    "spectral_energyband_high": {
        "dmean": 0.000139490934089,
        "dmean2": 0.00021949269285,
        "dvar": 5.43621290205e-08,
        "dvar2": 1.37454506444e-07,
        "max": 0.00359079847112,
        "mean": 0.000253733160207,
        "median": 0.000159578834428,
        "min": 7.57189096607e-21,
        "stdev": 0.000278799299849,
        "var": 7.77290480869e-08
    },
    "spectral_energyband_low": {
        "dmean": 0.0107459658757,
        "dmean2": 0.0172285605222,
        "dvar": 0.000441214768216,
        "dvar2": 0.00102313398384,
        "max": 0.219376757741,
        "mean": 0.0158401615918,
        "median": 0.00649684807286,
        "min": 1.1736822747e-22,
        "stdev": 0.0254054442048,
        "var": 0.000645436579362
    },
    "spectral_energyband_middle_high": {
        "dmean": 0.00186207494698,
        "dmean2": 0.00287326122634,
        "dvar": 5.19424384038e-06,
        "dvar2": 1.23467680169e-05,
        "max": 0.0316758528352,
        "mean": 0.00547269452363,
        "median": 0.00480116996914,
        "min": 1.97301337099e-21,
        "stdev": 0.00310263270512,
        "var": 9.62633021118e-06
    },
    "spectral_energyband_middle_low": {
        "dmean": 0.0104261934757,
        "dmean2": 0.017197785899,
        "dvar": 0.000263305642875,
        "dvar2": 0.000698178133462,
        "max": 0.252000242472,
        "mean": 0.0216247644275,
        "median": 0.0171510539949,
        "min": 3.50500013111e-22,
        "stdev": 0.0180796459317,
        "var": 0.000326873589074
    },
    "spectral_entropy": {
        "dmean": 0.17532902956,
        "dmean2": 0.274561733007,
        "dvar": 0.0265451259911,
        "dvar2": 0.0672086626291,
        "max": 9.79760742188,
        "mean": 7.22468423843,
        "median": 7.21963739395,
        "min": 6.14715576172,
        "stdev": 0.276660472155,
        "var": 0.0765410214663
    },
    "spectral_flux": {
        "dmean": 0.0373615846038,
        "dmean2": 0.0598324947059,
        "dvar": 0.00188620598055,
        "dvar2": 0.00449844356626,
        "max": 0.513745903969,
        "mean": 0.101127773523,
        "median": 0.084750957787,
        "min": 1.04347995522e-10,
        "stdev": 0.0555710420012,
        "var": 0.0030881408602
    },
    "spectral_kurtosis": {
        "dmean": 2.31002950668,
        "dmean2": 3.88818621635,
        "dvar": 4.72927331924,
        "dvar2": 13.5993442535,
        "max": 25.1799869537,
        "mean": 5.72678899765,
        "median": 5.09415912628,
        "min": -1.19405341148,
        "stdev": 2.85471844673,
        "var": 8.14941692352
    },
    "spectral_rms": {
        "dmean": 0.00125810154714,
        "dmean2": 0.00191420852207,
        "dvar": 2.06925847124e-06,
        "dvar2": 4.51593905382e-06,
        "max": 0.0181759726256,
        "mean": 0.00588710280135,
        "median": 0.00540968682617,
        "min": 3.25928368496e-12,
        "stdev": 0.00219575036317,
        "var": 4.82132008983e-06
    },
    "spectral_rolloff": {
        "dmean": 300.743682861,
        "dmean2": 510.415985107,
        "dvar": 262119.484375,
        "dvar2": 397638.03125,
        "max": 18367.8222656,
        "mean": 905.936096191,
        "median": 904.39453125,
        "min": 86.1328125,
        "stdev": 674.554077148,
        "var": 455023.1875
    },
    "spectral_skewness": {
        "dmean": 0.260460227728,
        "dmean2": 0.426746487617,
        "dvar": 0.0520763546228,
        "dvar2": 0.138438686728,
        "max": 3.67978334427,
        "mean": 1.67384922504,
        "median": 1.64981245995,
        "min": -0.0343231298029,
        "stdev": 0.352991908789,
        "var": 0.124603286386
    },
    "spectral_spread": {
        "dmean": 400695.75,
        "dmean2": 602055,
        "dvar": 777207414784,
        "dvar2": 1.46154441933e+12,
        "max": 44640652,
        "mean": 3301617,
        "median": 3188668.5,
        "min": 1842828.125,
        "stdev": 1418860.625,
        "var": 2.01316564992e+12
    },
    "spectral_strongpeak": {
        "dmean": 0.493141382933,
        "dmean2": 0.846831858158,
        "dvar": 0.539017796516,
        "dvar2": 1.43580067158,
        "max": 11.0716161728,
        "mean": 0.801684319973,
        "median": 0.619677186012,
        "min": 0,
        "stdev": 0.744059383869,
        "var": 0.553624391556
    },
    "zerocrossingrate": {
        "dmean": 0.00652249157429,
        "dmean2": 0.00825774203986,
        "dvar": 0.000113258560305,
        "dvar2": 0.00019713533402,
        "max": 0.49365234375,
        "mean": 0.0389619283378,
        "median": 0.037109375,
        "min": 0.00439453125,
        "stdev": 0.0198819339275,
        "var": 0.000395291310269
    },
    "barkbands": {
        "dmean": [2.83440895146e-05, 0.00793574843556, 0.00243099196814, 0.00417161919177, 0.0061571453698, 0.00191895011812, 0.000780307222158, 0.000511848018505, 0.000237654778175, 0.00037118018372, 0.000309235212626, 0.000728559156414, 0.000621422426775, 0.000208321012906, 0.000144707533764, 0.000217956840061, 0.000308437942294, 8.08477780083e-05, 7.37432055757e-05, 0.000183610463864, 5.74909754505e-05, 3.38359313901e-05, 2.07019584195e-05, 1.26499335238e-05, 5.22266327607e-06, 2.2711751626e-06, 2.19275236191e-07],
        "dmean2": [4.94827072544e-05, 0.0126555860043, 0.00415459368378, 0.00721993949264, 0.01036898233, 0.00286004692316, 0.00115041341633, 0.000787302793469, 0.000387942767702, 0.000556904007681, 0.000504475377966, 0.00106256862637, 0.00101704255212, 0.00033545109909, 0.000241733097937, 0.000365999934729, 0.000517512264196, 0.000130305124912, 0.000119218319014, 0.000304600369418, 9.23317566048e-05, 5.47474955965e-05, 3.35943732352e-05, 2.01015245693e-05, 8.36857634567e-06, 3.72773092749e-06, 3.75648653517e-07],
        "dvar": [4.46862014059e-09, 0.000346082553733, 2.3314200007e-05, 9.46317304624e-05, 8.05888848845e-05, 7.56621739129e-06, 1.25081442093e-06, 8.58308510487e-07, 6.62272725549e-07, 4.32153484553e-07, 3.6529692693e-07, 1.14977990506e-06, 7.30911665414e-07, 8.62326672291e-08, 5.74253995467e-08, 7.46357997627e-08, 4.98759959555e-07, 1.46902365827e-08, 1.17928378174e-08, 3.12326932317e-07, 8.94931329043e-09, 4.75781236631e-09, 3.2360791824e-09, 7.06348368684e-10, 1.07773415192e-10, 2.91501406346e-11, 9.49405593205e-13],
        "dvar2": [1.2399383742e-08, 0.000796699605417, 6.16745164734e-05, 0.000266598857706, 0.000222076661885, 1.76283629116e-05, 2.60579918177e-06, 2.09149720831e-06, 1.40100223689e-06, 9.86385657598e-07, 1.0081197388e-06, 2.54559950008e-06, 2.01296552405e-06, 2.23352259354e-07, 1.51718992925e-07, 1.97022217208e-07, 1.20813217563e-06, 3.56676146396e-08, 2.79047416285e-08, 8.68830682066e-07, 2.3165476648e-08, 1.27092834035e-08, 9.08725095172e-09, 1.82285841976e-09, 2.78973483203e-10, 7.83379958125e-11, 2.46268543752e-12],
        "max": [0.000713197048753, 0.162570267916, 0.0682661235332, 0.209574326873, 0.0844608768821, 0.034233443439, 0.014865219593, 0.0167634226382, 0.0232269242406, 0.0122959595174, 0.0113946031779, 0.0205959193408, 0.0182855855674, 0.00510257855058, 0.00453986367211, 0.00390836130828, 0.0234582461417, 0.00159996002913, 0.00135825981852, 0.0128256846219, 0.000974383496214, 0.00127006368712, 0.00168700399809, 0.000529148266651, 0.000143494646181, 8.84244291228e-05, 3.05812973238e-05],
        "mean": [3.11020558001e-05, 0.00987080298364, 0.00327134644613, 0.00520674930885, 0.009482011199, 0.00399784278125, 0.0013998276554, 0.00093694543466, 0.000495266809594, 0.000721364223864, 0.000494302948937, 0.00148049741983, 0.000991506734863, 0.000339235179126, 0.000220062909648, 0.000353492971044, 0.000457638438093, 0.000142534976476, 0.000129863750772, 0.000247249961831, 9.24097475945e-05, 4.89860285597e-05, 2.79190317087e-05, 1.75183940883e-05, 6.9922084549e-06, 2.69229894911e-06, 1.98578248956e-07],
        "median": [5.1415404414e-06, 0.00213877554052, 0.00159105996136, 0.00232070521452, 0.00662768818438, 0.00234362832271, 0.000763239455409, 0.000529857701622, 0.00022645961144, 0.000453028769698, 0.000270903925411, 0.00105018727481, 0.00067781819962, 0.000241588859353, 0.00015811691992, 0.000249250035267, 0.000299502979033, 9.72944035311e-05, 9.26085194806e-05, 0.000116766212159, 5.51228149561e-05, 2.60945053014e-05, 1.38327959576e-05, 8.93178548722e-06, 3.26371241499e-06, 1.05551123397e-06, 4.35123688192e-08],
        "min": [1.6820745398e-23, 7.42214991915e-23, 1.00963640909e-23, 3.72662151475e-23, 4.84947508319e-23, 1.88059501535e-23, 5.34862713651e-23, 7.97362301424e-23, 9.95082651144e-23, 1.31098572406e-22, 5.32029377715e-23, 8.91019275971e-23, 1.11509641517e-22, 1.27123306667e-22, 2.04778660581e-22, 1.97849849126e-22, 2.05028559094e-22, 1.79294957111e-22, 5.42517744145e-22, 3.45002573991e-22, 3.94160346637e-22, 4.45577265453e-22, 7.09844457012e-22, 9.00997394546e-22, 1.16063133464e-21, 1.39942682604e-21, 2.62976125393e-21],
        "stdev": [6.55363910482e-05, 0.0213264990598, 0.00553889712319, 0.00927801430225, 0.00976894889027, 0.004478556104, 0.00170026812702, 0.00135729508474, 0.00100674608257, 0.000875905447174, 0.000764019729104, 0.00150246382691, 0.00108136585914, 0.000355902651791, 0.000248414842645, 0.000333288771799, 0.000736327958293, 0.000152292894199, 0.000131290915306, 0.000504028575961, 0.000109012667963, 7.13373156032e-05, 5.28290074726e-05, 2.92601016554e-05, 1.11403014671e-05, 5.41610961591e-06, 8.5449113385e-07],
        "var": [4.29501856303e-09, 0.000454819528386, 3.06793808704e-05, 8.60815416672e-05, 9.54323695623e-05, 2.0057466827e-05, 2.89091190098e-06, 1.84224995792e-06, 1.01353771242e-06, 7.6721039477e-07, 5.83726148307e-07, 2.25739745474e-06, 1.16935211736e-06, 1.26666691358e-07, 6.17099331635e-08, 1.11081412513e-07, 5.42178895557e-07, 2.31931256423e-08, 1.72373049168e-08, 2.54044778103e-07, 1.18837615304e-08, 5.08901276675e-09, 2.79090395239e-09, 8.56153536954e-10, 1.24106322441e-10, 2.93342433677e-11, 7.30155085699e-13]
    },
    "erbbands": {
        "dmean": [0.151726424694, 2.02440142632, 2.94756126404, 8.80167007446, 17.4118862152, 24.3596343994, 21.5904712677, 14.3596963882, 13.3531665802, 7.29823064804, 11.4419841766, 6.25304269791, 5.48732328415, 13.0060024261, 18.2384738922, 31.1403121948, 29.512014389, 15.413394928, 6.32377338409, 9.8614616394, 13.9901676178, 10.9738693237, 5.26959657669, 4.31903457642, 6.537358284, 6.48614692688, 2.79715323448, 1.76825273037, 1.25900292397, 0.760173857212, 0.615997850895, 0.341646671295, 0.194607570767, 0.0656074509025, 0.0374709554017, 0.0117653328925, 0.00438904948533, 0.000872782431543, 2.63647252723e-05, 2.0018660507e-05],
        "dmean2": [0.21839903295, 3.27828216553, 4.95734834671, 15.3684940338, 29.7673492432, 41.2767753601, 33.5876083374, 21.9054603577, 20.0954799652, 10.9336185455, 17.7608203888, 10.0528564453, 8.71088027954, 19.3918151855, 28.9342384338, 45.7366371155, 47.7628059387, 24.6892929077, 10.5168676376, 16.6398200989, 23.291015625, 18.1993160248, 8.38515758514, 7.00790214539, 10.7534351349, 10.6533718109, 4.39336109161, 2.89777541161, 2.042740345, 1.24494683743, 1.01744270325, 0.543834388256, 0.313202440739, 0.105620764196, 0.0609712526202, 0.0191052816808, 0.00740170525387, 0.00146626133937, 4.30137915828e-05, 3.10997165798e-05],
        "dvar": [0.114593982697, 22.5645713806, 30.7510261536, 409.894195557, 1196.70202637, 1366.33972168, 726.33770752, 668.468994141, 341.475311279, 221.720977783, 370.976470947, 254.966964722, 217.90385437, 558.658874512, 1113.6003418, 2526.39306641, 1867.32775879, 416.641357422, 91.0634841919, 178.225067139, 476.673980713, 521.64831543, 58.3941574097, 44.6245613098, 258.468139648, 321.318572998, 21.8923149109, 12.5711765289, 7.42746639252, 2.12138843536, 4.3281211853, 0.571556389332, 0.204557210207, 0.0154999867082, 0.00836929585785, 0.000695409777109, 0.000125645368826, 7.78977846494e-06, 9.09179220798e-09, 8.21648471483e-10],
        "dvar2": [0.223409846425, 53.0535964966, 78.2461166382, 1181.20935059, 3151.2734375, 3916.74023438, 1763.37316895, 1533.7277832, 753.370727539, 493.142608643, 864.148498535, 547.351074219, 577.35144043, 1269.46130371, 3006.05688477, 5307.08886719, 5119.89794922, 1044.06884766, 236.716400146, 463.112640381, 1149.45275879, 1293.13244629, 134.067337036, 108.381736755, 708.360839844, 884.762084961, 52.7164535522, 34.5173225403, 19.2287120819, 5.78753519058, 12.4827766418, 1.52653837204, 0.526905417442, 0.0403444319963, 0.022141892463, 0.00184952188283, 0.000339846534189, 2.02524515771e-05, 2.45405100685e-08, 1.8967738491e-09],
        "max": [3.05175852776, 44.012298584, 64.441986084, 474.733062744, 393.070526123, 319.950622559, 293.606079102, 348.048034668, 213.805999756, 283.350738525, 456.264038086, 384.441864014, 431.750427246, 461.265319824, 596.688842773, 1026.15942383, 983.167602539, 342.481506348, 181.661697388, 206.360839844, 654.473327637, 718.553222656, 129.983901978, 82.988609314, 371.039367676, 383.980224609, 71.7388534546, 51.2463378906, 48.242275238, 20.5997333527, 64.5715255737, 18.058971405, 9.06917572021, 1.95202183723, 1.70528888702, 0.488036692142, 0.187463060021, 0.0684660151601, 0.00285358703695, 0.000374471361283],
        "mean": [0.207202017307, 2.47201180458, 4.01876926422, 11.9461250305, 23.0745391846, 33.2405357361, 39.7405586243, 28.7015380859, 24.4036369324, 14.6954698563, 20.8570556641, 14.2063837051, 10.5551319122, 26.0960845947, 38.8331375122, 61.7641601562, 47.6470870972, 26.7636642456, 10.2744817734, 16.5205001831, 23.0080337524, 18.3659954071, 10.5333604813, 7.69816350937, 10.0631399155, 9.24554824829, 4.9671664238, 2.6045153141, 1.80602049828, 1.05863296986, 0.797043502331, 0.474605172873, 0.256132811308, 0.0874321237206, 0.0479899533093, 0.0146058788523, 0.00487317936495, 0.000954321993049, 4.23584715463e-05, 4.64379845653e-05],
        "median": [0.0350049883127, 0.598929047585, 1.7925080061, 6.09048557281, 13.2319335938, 20.2729644775, 27.0776557922, 12.387963295, 14.5163612366, 7.62353134155, 12.1300153732, 7.11390638351, 6.90660095215, 16.5887851715, 27.837348938, 40.7573013306, 31.9645290375, 19.5236206055, 7.45807361603, 11.6959381104, 16.8547668457, 12.8108406067, 7.33996200562, 5.39632320404, 5.80226612091, 4.83037185669, 3.02294802666, 1.53837418556, 0.942383408546, 0.569015324116, 0.388810157776, 0.236071139574, 0.123457983136, 0.0417213179171, 0.0199055708945, 0.0060668066144, 0.00170190166682, 0.00030433916254, 2.65132439381e-05, 3.50492264261e-05],
        "min": [3.08166763247e-21, 1.30309566603e-20, 1.50835803088e-20, 7.41073889596e-20, 8.87953507534e-20, 2.06008207108e-19, 2.65262320936e-19, 1.44210280252e-19, 7.57437861483e-19, 8.90220460626e-19, 2.06472077071e-18, 1.6590079122e-18, 3.00608642899e-18, 4.64117351864e-18, 2.05820775736e-18, 3.71326009186e-18, 5.17511488173e-18, 6.14950551918e-18, 8.58157616594e-18, 8.77214782573e-18, 1.30972982321e-17, 1.18391416312e-17, 1.2367853972e-17, 2.11451220457e-17, 2.25656393117e-17, 1.7205942385e-17, 2.13553218743e-17, 1.20839341529e-17, 1.64132618214e-17, 2.0142339261e-17, 1.7503244332e-17, 1.73343340509e-17, 1.77027123193e-17, 1.44050277672e-17, 7.08403018701e-18, 4.70924221125e-18, 2.50343834245e-18, 1.34823522548e-18, 4.0151659711e-19, 3.46109655075e-20],
        "stdev": [0.44414627552, 5.31191778183, 6.4066286087, 19.095500946, 34.0118980408, 39.1483840942, 40.4471817017, 41.5641136169, 28.3290672302, 23.3639240265, 27.2905063629, 22.6443347931, 15.5914802551, 31.2814426422, 42.4988899231, 71.1109085083, 54.1639099121, 26.0890102386, 10.6525249481, 15.705821991, 24.6606502533, 24.4503555298, 10.7512626648, 8.18348312378, 15.4291563034, 16.3632602692, 5.96061372757, 3.45227384567, 2.85225820541, 1.50351381302, 1.81631600857, 0.784488260746, 0.478243261576, 0.135493800044, 0.0917955413461, 0.0270774140954, 0.0109009118751, 0.00257992371917, 8.3536542661e-05, 3.68378168787e-05],
        "var": [0.197265908122, 28.2164726257, 41.0448913574, 364.638153076, 1156.8092041, 1532.59606934, 1635.97460938, 1727.57568359, 802.536010742, 545.87298584, 744.771728516, 512.765930176, 243.09425354, 978.528625488, 1806.15563965, 5056.76123047, 2933.72900391, 680.636413574, 113.476295471, 246.672836304, 608.147705078, 597.819885254, 115.589653015, 66.9693984985, 238.058853149, 267.756317139, 35.5289154053, 11.9181947708, 8.13537693024, 2.26055383682, 3.29900383949, 0.615421831608, 0.228716626763, 0.0183585714549, 0.00842642132193, 0.000733186374418, 0.000118829884741, 6.65600600769e-06, 6.97835433883e-09, 1.35702482584e-09]
    },
    "gfcc": {
        "mean": [1.39985609055, 131.148529053, -132.039154053, 33.3489990234, -51.6031341553, 7.06924200058, -37.7348823547, -9.72422885895, -31.8578586578, -6.75703191757, -8.00247859955, -0.897296786308, -7.32563972473],
        "cov": [[3141.94824219, -85.4564819336, -5.63536882401, 209.043518066, -94.7889099121, 69.3232727051, -76.8298416138, 44.9617347717, -98.1991577148, 61.0752754211, -68.207321167, 47.4818611145, -60.2409706116], [-85.4564819336, 788.837646484, 69.56980896, 154.654312134, 268.239074707, 21.0191001892, 163.136978149, 37.243927002, 171.138458252, -80.4896621704, 151.14654541, -50.1896858215, 136.076797485], [-5.63536882401, 69.56980896, 408.136474609, 166.334686279, 143.455078125, 127.748382568, 76.9338989258, 78.2782897949, 48.4935874939, 21.1041584015, 18.230966568, 43.328037262, 3.71111249924], [209.043518066, 154.654312134, 166.334686279, 249.411697388, 135.726638794, 93.470703125, 91.4057617188, 52.8309822083, 57.5517807007, -11.5867624283, 54.4119529724, 7.19509410858, 39.3413200378], [-94.7889099121, 268.239074707, 143.455078125, 135.726638794, 240.003143311, 78.0323181152, 114.636299133, 66.439201355, 81.0814208984, -8.62056827545, 56.7396354675, 3.90606093407, 48.0298919678], [69.3232727051, 21.0191001892, 127.748382568, 93.470703125, 78.0323181152, 153.486618042, 66.2122421265, 54.6991195679, 35.5888442993, 11.9331150055, 15.1026210785, 15.4349765778, 3.94131994247], [-76.8298416138, 163.136978149, 76.9338989258, 91.4057617188, 114.636299133, 66.2122421265, 133.181259155, 63.173324585, 57.662979126, 0.881944298744, 39.9338188171, -3.98283839226, 34.7565536499], [44.9617347717, 37.243927002, 78.2782897949, 52.8309822083, 66.439201355, 54.6991195679, 63.173324585, 115.721542358, 50.1473846436, 20.8432350159, 15.1382055283, 13.1348590851, 9.69902420044], [-98.1991577148, 171.138458252, 48.4935874939, 57.5517807007, 81.0814208984, 35.5888442993, 57.662979126, 50.1473846436, 112.368675232, 10.9823722839, 42.5471458435, 0.787713885307, 33.4353103638], [61.0752754211, -80.4896621704, 21.1041584015, -11.5867624283, -8.62056827545, 11.9331150055, 0.881944298744, 20.8432350159, 10.9823722839, 78.5722351074, 7.18870782852, 18.1734580994, -13.9589471817], [-68.207321167, 151.14654541, 18.230966568, 54.4119529724, 56.7396354675, 15.1026210785, 39.9338188171, 15.1382055283, 42.5471458435, 7.18870782852, 97.6080627441, 13.7496385574, 36.1793861389], [47.4818611145, -50.1896858215, 43.328037262, 7.19509410858, 3.90606093407, 15.4349765778, -3.98283839226, 13.1348590851, 0.787713885307, 18.1734580994, 13.7496385574, 74.0518569946, 13.7858467102], [-60.2409706116, 136.076797485, 3.71111249924, 39.3413200378, 48.0298919678, 3.94131994247, 34.7565536499, 9.69902420044, 33.4353103638, -13.9589471817, 36.1793861389, 13.7858467102, 89.8990020752]],
        "icov": [[0.000613756768871, -0.00115076999646, 0.000620446051471, -0.00152789254207, 0.000866803806275, -0.000571246899199, 0.00106193358079, -0.000931862916332, 0.00157961109653, -0.00159118580632, 0.00154746812768, -0.00114871223923, 0.000766911776736], [-0.00115076999646, 0.00790333095938, -0.00182807433885, 0.00392624596134, -0.00498694460839, 0.00296882214025, -0.0038950163871, 0.00359644927084, -0.00773691711947, 0.00777074834332, -0.00782702770084, 0.00602994952351, -0.00441539473832], [0.000620446051471, -0.00182807433885, 0.00532123958692, -0.00373264751397, -0.0004367584188, -0.00240283738822, 0.00181431113742, -0.00179525790736, 0.00218912982382, -0.00286978436634, 0.00343098747544, -0.00384628050961, 0.00237683393061], [-0.00152789254207, 0.00392624596134, -0.00373264751397, 0.0119872363284, -0.00400340650231, -0.000208091019886, -0.00423068879172, 0.00271171634085, -0.00481323944405, 0.00651257298887, -0.00716799451038, 0.00465929554775, -0.00359587441199], [0.000866803806275, -0.00498694460839, -0.0004367584188, -0.00400340650231, 0.0127061139792, -0.00204019504599, -0.00178518111352, -0.00275169126689, 0.00268708239309, -0.0034420392476, 0.00365021498874, -0.00332109257579, 0.00169388740323], [-0.000571246899199, 0.00296882214025, -0.00240283738822, -0.000208091019886, -0.00204019504599, 0.0122266886756, -0.00474232900888, 0.000154906476382, -0.00339048588648, 0.00249449722469, -0.00206143339165, 0.000882799737155, 2.69513147941e-05], [0.00106193358079, -0.0038950163871, 0.00181431113742, -0.00423068879172, -0.00178518111352, -0.00474232900888, 0.0198286827654, -0.00707630533725, 0.00367672787979, -0.00459694303572, 0.00242643197998, 0.00015307594731, -0.000438352464698], [-0.000931862916332, 0.00359644927084, -0.00179525790736, 0.00271171634085, -0.00275169126689, 0.000154906476382, -0.00707630533725, 0.0165560804307, -0.00786581356078, 0.0015647005057, -0.00195014744531, 0.000855475431308, -0.000945811392739], [0.00157961109653, -0.00773691711947, 0.00218912982382, -0.00481323944405, 0.00268708239309, -0.00339048588648, 0.00367672787979, -0.00786581356078, 0.0231528952718, -0.0101245883852, 0.00469447113574, -0.00381286721677, 0.00143803679384], [-0.00159118580632, 0.00777074834332, -0.00286978436634, 0.00651257298887, -0.0034420392476, 0.00249449722469, -0.00459694303572, 0.0015647005057, -0.0101245883852, 0.0240877941251, -0.0103805437684, 0.00277323764749, -0.000963970902376], [0.00154746812768, -0.00782702770084, 0.00343098747544, -0.00716799451038, 0.00365021498874, -0.00206143339165, 0.00242643197998, -0.00195014744531, 0.00469447113574, -0.0103805437684, 0.0236370209605, -0.00912481173873, 0.0018210071139], [-0.00114871223923, 0.00602994952351, -0.00384628050961, 0.00465929554775, -0.00332109257579, 0.000882799737155, 0.00015307594731, 0.000855475431308, -0.00381286721677, 0.00277323764749, -0.00912481173873, 0.0225404147059, -0.00812870822847], [0.000766911776736, -0.00441539473832, 0.00237683393061, -0.00359587441199, 0.00169388740323, 2.69513147941e-05, -0.000438352464698, -0.000945811392739, 0.00143803679384, -0.000963970902376, 0.0018210071139, -0.00812870822847, 0.0189909189939]]
    },
    "melbands": {
        "dmean": [0.00189572561067, 0.00192357250489, 0.00168365053833, 0.00143846252467, 0.000801982823759, 0.000319264101563, 0.000196968234377, 7.96703607193e-05, 8.9204258984e-05, 3.61326856364e-05, 2.79329105979e-05, 5.55868027732e-05, 4.87953584525e-05, 8.84045803105e-05, 6.66691630613e-05, 5.37588712177e-05, 2.71020944638e-05, 9.74864360614e-06, 1.06374827737e-05, 1.70707335201e-05, 1.95133870875e-05, 1.48783256009e-05, 8.4334942585e-06, 4.01037959818e-06, 3.78337881557e-06, 2.72490501629e-06, 9.8513728517e-06, 2.94933738587e-06, 1.94171593648e-06, 1.59101261943e-06, 1.00242721146e-06, 8.02353724794e-07, 5.75306216888e-07, 3.8306791339e-07, 3.62928801678e-07, 3.32017464189e-07, 1.7419068854e-07, 1.52345336346e-07, 8.58371294044e-08, 5.07163946395e-08],
        "dmean2": [0.00289982696995, 0.00318792741746, 0.00289298268035, 0.00246797339059, 0.00127183250152, 0.0004817416484, 0.000294620258501, 0.000120659351523, 0.000138737639645, 5.80209052714e-05, 4.44668403361e-05, 8.25820170576e-05, 7.82867136877e-05, 0.00012955807324, 0.000102423597127, 8.81788146216e-05, 4.33539207734e-05, 1.6263260477e-05, 1.77866404556e-05, 2.89464987873e-05, 3.28589121636e-05, 2.50316079473e-05, 1.36643839141e-05, 6.51547225061e-06, 6.16336592429e-06, 4.43480530521e-06, 1.64216271514e-05, 4.79306072521e-06, 3.01909062728e-06, 2.56323096437e-06, 1.67663642969e-06, 1.30882040139e-06, 9.46035186189e-07, 6.25288180345e-07, 6.01414399171e-07, 5.41604379123e-07, 2.80681689446e-07, 2.45300981305e-07, 1.38851916631e-07, 8.3385607752e-08],
        "dvar": [1.91594208445e-05, 1.4723035747e-05, 1.37364313559e-05, 4.74754187962e-06, 1.00002125691e-06, 2.84994655431e-07, 7.34929415103e-08, 2.99819298277e-08, 2.6258405228e-08, 1.0476072454e-08, 5.33854649376e-09, 1.07280815342e-08, 7.95389176744e-09, 1.46566678794e-08, 7.99534216611e-09, 5.00493202438e-09, 1.40545752814e-09, 1.99451302696e-10, 3.86448789635e-10, 4.85020024144e-10, 1.3730409032e-09, 1.2605618771e-09, 1.99378583088e-10, 3.91528233445e-11, 3.59150556517e-11, 1.58077821666e-11, 1.05789921268e-09, 4.10231154602e-11, 1.01338278047e-11, 8.0112739359e-12, 4.93633259269e-12, 3.48351729407e-12, 1.28115313497e-12, 5.75176570868e-13, 1.31618847765e-12, 8.80081055775e-13, 1.43231265607e-13, 1.3156503339e-13, 3.48085038712e-14, 9.51048847287e-15],
        "dvar2": [4.12096378568e-05, 3.60676312994e-05, 3.83734550269e-05, 1.31195265567e-05, 2.60486717707e-06, 6.60896375848e-07, 1.59186924975e-07, 6.79017020389e-08, 6.00269629558e-08, 2.32890577934e-08, 1.41973002243e-08, 2.4239550811e-08, 2.17518536516e-08, 3.34912897415e-08, 1.92950508904e-08, 1.38805731353e-08, 3.57080764957e-09, 5.15281206592e-10, 1.00878427833e-09, 1.28257393595e-09, 3.2662326177e-09, 3.16149595392e-09, 4.5057707565e-10, 9.65434746036e-11, 8.88996376514e-11, 3.70984111486e-11, 2.96722424409e-09, 1.09067817278e-10, 2.45845028363e-11, 2.10642284865e-11, 1.36638278816e-11, 9.181300685e-12, 3.44044497752e-12, 1.56285477181e-12, 3.76544758915e-12, 2.43295683079e-12, 3.73930758319e-13, 3.26247682298e-13, 8.89724491998e-14, 2.50820245378e-14],
        "max": [0.0360530354083, 0.0442384518683, 0.0769336894155, 0.021542109549, 0.0100902542472, 0.00673007406294, 0.00332507002167, 0.00345489825122, 0.00479471776634, 0.00271795946173, 0.00208993745036, 0.00203807954676, 0.00159583217464, 0.00197104155086, 0.00157187599689, 0.00153110863175, 0.000636419164948, 0.000259907741565, 0.000390823726775, 0.000307502661599, 0.00122059509158, 0.00117827148642, 0.000286484340904, 9.59757089731e-05, 7.74370346335e-05, 5.10709542141e-05, 0.000780108268373, 9.96908420348e-05, 4.38612296421e-05, 3.66451786249e-05, 2.9615845051e-05, 3.52062270395e-05, 1.48590952449e-05, 9.76385126705e-06, 3.42270468536e-05, 2.72465840681e-05, 7.48879756429e-06, 7.32534272174e-06, 3.77881451641e-06, 1.09429413442e-06],
        "mean": [0.00244758883491, 0.00261869700626, 0.00234771915711, 0.00206046737731, 0.00140493747313, 0.000648149580229, 0.000353741837898, 0.000159932300448, 0.000161351956194, 7.90626290836e-05, 5.1342361985e-05, 0.00010680223204, 9.42863989621e-05, 0.000186426666914, 0.000112925547, 9.03702020878e-05, 4.39371870016e-05, 1.44976511365e-05, 1.62204814842e-05, 2.66811130132e-05, 2.8732820283e-05, 2.14331685129e-05, 1.40820338856e-05, 6.86460180077e-06, 6.08723257756e-06, 4.5001070248e-06, 1.22669971461e-05, 4.33551531387e-06, 3.33597199642e-06, 2.29582497013e-06, 1.28797830712e-06, 1.10154144295e-06, 7.54097072786e-07, 5.07652202941e-07, 4.47472302767e-07, 4.27757868238e-07, 2.31114356097e-07, 1.9447526256e-07, 1.08801017973e-07, 6.31339176493e-08],
        "median": [0.000469859136501, 0.00105435866863, 0.00129673397169, 0.00133532239124, 0.000985578633845, 0.000313272204949, 0.00020407725242, 8.14098893898e-05, 9.55593204708e-05, 3.48593312083e-05, 3.22506093653e-05, 6.41707883915e-05, 6.24974636594e-05, 0.000136298214784, 7.65789372963e-05, 6.38761994196e-05, 3.10161703965e-05, 9.86170744e-06, 1.08558560896e-05, 1.91624603758e-05, 2.05567448575e-05, 1.41071413964e-05, 8.41561177367e-06, 4.52333870271e-06, 4.04218189942e-06, 3.09579172608e-06, 5.1289316616e-06, 2.48731612373e-06, 1.9720500859e-06, 1.19968478884e-06, 6.83003008817e-07, 5.45734053503e-07, 3.84960799238e-07, 2.44818011197e-07, 2.05976562029e-07, 1.92995656789e-07, 1.1419840007e-07, 8.94959484299e-08, 4.88234590534e-08, 2.85488148677e-08],
        "min": [2.49136852018e-23, 1.1188622478e-23, 1.30791647139e-23, 9.27668633445e-24, 9.97553821039e-24, 3.06357958518e-24, 1.16049154218e-23, 1.12844517231e-23, 1.80011447917e-23, 1.04225060104e-23, 1.54902399734e-23, 1.98875178976e-23, 6.55136517784e-24, 6.78277752438e-24, 1.49068820672e-23, 9.32551919107e-24, 1.17427980528e-23, 1.27660279552e-23, 1.62342888461e-23, 8.32278547267e-24, 1.63337531622e-23, 1.06738710158e-23, 1.22408406522e-23, 1.05980520165e-23, 1.80611723734e-23, 1.95595458209e-23, 1.17512522751e-23, 1.11416600106e-23, 1.54312931311e-23, 8.57268004136e-24, 5.78860058022e-24, 1.04806071938e-23, 8.0482468893e-24, 1.23871096635e-23, 9.60072988394e-24, 1.10900077651e-23, 9.78425048493e-24, 1.32653208991e-23, 1.11773291453e-23, 1.29025292908e-23],
        "stdev": [0.00530277052894, 0.00436196615919, 0.00356717105024, 0.00230716355145, 0.00135349482298, 0.000861008593347, 0.000414084614022, 0.000271189346677, 0.000218368732021, 0.000140887656016, 7.75296866777e-05, 0.000137947266921, 0.000112509595056, 0.000169727529283, 0.000119822121633, 9.08430738491e-05, 4.59603943455e-05, 1.652280298e-05, 2.03412273549e-05, 2.57983283518e-05, 3.92210058635e-05, 3.52930655936e-05, 2.10174057429e-05, 7.86654345575e-06, 7.22864660929e-06, 4.90893535243e-06, 2.88863466267e-05, 6.24468657406e-06, 4.07402194469e-06, 3.16512932841e-06, 2.02605815502e-06, 1.89556317309e-06, 1.16283194984e-06, 7.7352245853e-07, 1.01159139376e-06, 8.84495534592e-07, 4.01248513526e-07, 3.86045428513e-07, 2.02048497044e-07, 1.0159050845e-07],
        "var": [2.81193770206e-05, 1.90267492144e-05, 1.27247094497e-05, 5.32300418854e-06, 1.83194822512e-06, 7.41335782095e-07, 1.71466055576e-07, 7.35436671562e-08, 4.76849031372e-08, 1.98493310677e-08, 6.01085270446e-09, 1.90294500158e-08, 1.26584085436e-08, 2.88074346599e-08, 1.43573410938e-08, 8.25246360137e-09, 2.1123578442e-09, 2.73003036844e-10, 4.13765549601e-10, 6.65553723245e-10, 1.53828738636e-09, 1.2456004006e-09, 4.4173131819e-10, 6.18825060639e-11, 5.22533336045e-11, 2.40976457538e-11, 8.34420976759e-10, 3.89961084257e-11, 1.65976555416e-11, 1.00180436863e-11, 4.10491128935e-12, 3.593159624e-12, 1.35217813509e-12, 5.98336972416e-13, 1.02331706477e-12, 7.82332315249e-13, 1.61000363432e-13, 1.49031083156e-13, 4.08235965377e-14, 1.03206314412e-14]
    },
    "melbands128": {
