{
"lowlevel": {
    "average_loudness": 0.771647393703,
    "barkbands_crest": {
        "dmean": 2.69340491295,
        "dmean2": 4.20876979828,
        "dvar": 6.46669864655,
        "dvar2": 16.1110286713,
        "max": 25.8861541748,
        "mean": 12.9977149963,
        "median": 12.2835817337,
        "min": 3.5928645134,
        "stdev": 4.98145389557,
        "var": 24.8148841858
    },
    "barkbands_flatness_db": {
        "dmean": 0.0271563455462,
        "dmean2": 0.0429058894515,
        "dvar": 0.000653037219308,
        "dvar2": 0.00149424560368,
        "max": 0.552105367184,
        "mean": 0.376799374819,
        "median": 0.374785393476,
        "min": 0.06997795403,
        "stdev": 0.0537165626884,
        "var": 0.00288546923548
    },
    "barkbands_kurtosis": {
        "dmean": 6.75902462006,
        "dmean2": 10.1698923111,
        "dvar": 261.287414551,
        "dvar2": 528.620544434,
        "max": 396.035461426,
        "mean": 12.3775959015,
        "median": 2.67319703102,
        "min": -1.96367561817,
        "stdev": 26.7845973969,
        "var": 717.414611816
    },
    "barkbands_skewness": {
        "dmean": 0.746390402317,
        "dmean2": 1.10404622555,
        "dvar": 0.774441361427,
        "dvar2": 1.56730401516,
        "max": 15.4613437653,
        "mean": 2.26359510422,
        "median": 1.78481411934,
        "min": -2.25342988968,
        "stdev": 1.9343367815,
        "var": 3.74165868759
    },
    "barkbands_spread": {
        "dmean": 3.33078360558,
        "dmean2": 4.92120742798,
        "dvar": 15.9120044708,
        "dvar2": 33.0230903625,
        "max": 41.0211524963,
        "mean": 11.7125053406,
        "median": 10.0164089203,
        "min": 0.166949540377,
        "stdev": 8.75110912323,
        "var": 76.5819091797
    },
    "dissonance": {
        "dmean": 0.0284597575665,
        "dmean2": 0.0463106818497,
        "dvar": 0.000737342168577,
        "dvar2": 0.00178648461588,
        "max": 0.499997764826,
        "mean": 0.425767362118,
        "median": 0.437684595585,
        "min": 0.212132722139,
        "stdev": 0.0497719869018,
        "var": 0.00247725076042
    },
    "dynamic_complexity": 4.03455877304,
    "erbbands_crest": {
        "dmean": 3.01317286491,
        "dmean2": 4.77150249481,
        "dvar": 7.87882518768,
        "dvar2": 19.2513961792,
        "max": 29.4894542694,
        "mean": 12.8078536987,
        "median": 11.7011966705,
        "min": 3.4988591671,
        "stdev": 5.27122068405,
        "var": 27.7857666016
    },
    "erbbands_flatness_db": {
        "dmean": 0.0161397699267,
        "dmean2": 0.024756744504,
        "dvar": 0.000315598445013,
        "dvar2": 0.000659902114421,
        "max": 0.498096287251,
        "mean": 0.388167798519,
        "median": 0.387060523033,
        "min": 0.090064778924,
        "stdev": 0.0371389836073,
        "var": 0.00137930409983
    },
    "erbbands_kurtosis": {
        "dmean": 2.20922660828,
        "dmean2": 3.37394309044,
        "dvar": 22.4040374756,
        "dvar2": 46.0258789062,
        "max": 87.0111694336,
        "mean": 2.82860302925,
        "median": -0.397488355637,
        "min": -1.90528702736,
        "stdev": 8.75037765503,
        "var": 76.5691146851
    },
    "erbbands_skewness": {
        "dmean": 0.557538092136,
        "dmean2": 0.82431948185,
        "dvar": 0.404662400484,
        "dvar2": 0.833634138107,
        "max": 7.31796455383,
        "mean": 0.85408693552,
        "median": 0.644153356552,
        "min": -4.94327354431,
        "stdev": 1.44876623154,
        "var": 2.09892368317
    },
    "erbbands_spread": {
        "dmean": 5.92808294296,
        "dmean2": 9.27959251404,
        "dvar": 42.921295166,
        "dvar2": 98.2955093384,
        "max": 69.2526855469,
        "mean": 25.5923461914,
        "median": 26.4797668457,
        "min": 1.22778975964,
        "stdev": 13.2084197998,
        "var": 174.462341309
    },
    "hfc": {
        "dmean": 4.32681417465,
        "dmean2": 6.16703224182,
        "dvar": 75.8332901001,
        "dvar2": 150.583023071,
        "max": 127.126274109,
        "mean": 11.0447244644,
        "median": 5.52348423004,
        "min": 1.19999382631e-16,
        "stdev": 14.5936250687,
        "var": 212.973892212
    },
    "loudness_ebu128": {
        "integrated": -24.8114032745,
        "loudness_range": 4.22346115112,
        "momentary": {
            "dmean": 1.29834711552,
            "dmean2": 1.48064255714,
            "dvar": 1.95988488197,
            "dvar2": 3.54692792892,
            "max": -19.2304763794,
            "mean": -25.7715854645,
            "median": -25.4432945251,
            "min": -43.0075836182,
            "stdev": 3.13778662682,
            "var": 9.84570503235
        },
        "short_term": {
            "dmean": 0.140507563949,
            "dmean2": 0.147440508008,
            "dvar": 0.0199773423374,
            "dvar2": 0.0248588807881,
            "max": -21.8722038269,
            "mean": -24.9843273163,
            "median": -24.9561843872,
            "min": -27.4623470306,
            "stdev": 1.24344849586,
            "var": 1.54616427422
        }
    },
    "melbands_crest": {
        "dmean": 3.08250427246,
        "dmean2": 4.77041053772,
        "dvar": 7.67316055298,
        "dvar2": 17.686630249,
        "max": 33.4231681824,
        "mean": 15.5225820541,
        "median": 14.7409877777,
        "min": 1.69691538811,
        "stdev": 5.60615730286,
        "var": 31.4289989471
    },
    "melbands_flatness_db": {
        "dmean": 0.025589985773,
        "dmean2": 0.0388611778617,
        "dvar": 0.000649128109217,
        "dvar2": 0.00139057927299,
        "max": 0.608549177647,
        "mean": 0.432416319847,
        "median": 0.428616404533,
        "min": 0.00306982407346,
        "stdev": 0.0593316890299,
        "var": 0.00352024938911
    },
    "melbands_kurtosis": {
        "dmean": 6.67954492569,
        "dmean2": 10.3704776764,
        "dvar": 103.549682617,
        "dvar2": 231.700546265,
        "max": 131.115753174,
        "mean": 14.364402771,
        "median": 8.04874515533,
        "min": -1.94129049778,
        "stdev": 17.3662338257,
        "var": 301.58605957
    },
    "melbands_skewness": {
        "dmean": 0.70093780756,
        "dmean2": 1.05539619923,
        "dvar": 0.52391898632,
        "dvar2": 1.22756016254,
        "max": 9.40782642365,
        "mean": 2.67236876488,
        "median": 2.45623540878,
        "min": -1.36648821831,
        "stdev": 1.49878168106,
        "var": 2.24634647369
    },
    "melbands_spread": {
        "dmean": 5.47275495529,
        "dmean2": 8.17246818542,
        "dvar": 59.2514381409,
        "dvar2": 123.095077515,
        "max": 144.923034668,
        "mean": 16.1906757355,
        "median": 11.9599456787,
        "min": 0.451170712709,
        "stdev": 15.2456550598,
        "var": 232.429992676
    },
    "pitch_salience": {
        "dmean": 0.071430362761,
        "dmean2": 0.113133184612,
        "dvar": 0.00463664857671,
        "dvar2": 0.0116127002984,
        "max": 0.966353952885,
        "mean": 0.547107100487,
        "median": 0.559784591198,
        "min": 0.131880894303,
        "stdev": 0.123241305351,
        "var": 0.0151884201914
    },
    "silence_rate_20dB": {
        "dmean": 0,
        "dmean2": 0,
        "dvar": 0,
        "dvar2": 0,
        "max": 1,
        "mean": 1,
        "median": 1,
        "min": 1,
        "stdev": 0,
        "var": 0
    },
    "silence_rate_30dB": {
        "dmean": 0,
        "dmean2": 0,
        "dvar": 0,
        "dvar2": 0,
        "max": 1,
        "mean": 1,
        "median": 1,
        "min": 1,
        "stdev": 0,
        "var": 0
    },
    "silence_rate_60dB": {
        "dmean": 0.0752189606428,
        "dmean2": 0.150515466928,
        "dvar": 0.0695624947548,
        "dvar2": 0.147448509932,
        "max": 1,
        "mean": 0.207003086805,
        "median": 0,
        "min": 0,
        "stdev": 0.405155062675,
        "var": 0.164150625467
    },
    "spectral_centroid": {
        "dmean": 223.444915771,
        "dmean2": 323.085754395,
        "dvar": 106488.789062,
        "dvar2": 199769.71875,
        "max": 11501.2246094,
        "mean": 1089.62915039,
        "median": 937.847045898,
        "min": 244.377380371,
        "stdev": 709.827575684,
        "var": 503855.15625
    },
    "spectral_complexity": {
        "dmean": 2.43276667595,
        "dmean2": 3.58659791946,
        "dvar": 9.47056484222,
        "dvar2": 16.2765979767,
        "max": 38,
        "mean": 10.4665288925,
        "median": 9,
        "min": 0,
        "stdev": 6.55961179733,
        "var": 43.0285072327
    },
    "spectral_decrease": {
        "dmean": 1.25621624214e-09,
        "dmean2": 1.83608339643e-09,
        "dvar": 5.66082168894e-18,
        "dvar2": 1.27761130992e-17,
        "max": -1.90523853547e-29,
        "mean": -3.29506222307e-09,
        "median": -2.08309325345e-09,
        "min": -4.06318250157e-08,
        "stdev": 3.60570551194e-09,
        "var": 1.30011120161e-17
    },
    "spectral_energy": {
        "dmean": 0.00508241401985,
        "dmean2": 0.00742342835292,
        "dvar": 9.22391773202e-05,
        "dvar2": 0.000205735210329,
        "max": 0.159757092595,
        "mean": 0.0134381111711,
        "median": 0.00843762792647,
        "min": 1.1111648031e-20,
        "stdev": 0.0147178322077,
        "var": 0.0002166145714
    },
    "spectral_energyband_high": {
        "dmean": 7.59097318337e-09,
        "dmean2": 1.31117872115e-08,
        "dvar": 1.25050293035e-16,
        "dvar2": 3.69131188001e-16,
        "max": 1.96165487409e-07,
        "mean": 2.02711802899e-08,
        "median": 1.79133579081e-08,
        "min": 8.17377956839e-21,
        "stdev": 1.12503171223e-08,
        "var": 1.26569631914e-16
    },
    "spectral_energyband_low": {
        "dmean": 2.31548960983e-06,
        "dmean2": 3.75679815079e-06,
        "dvar": 2.02234860802e-11,
        "dvar2": 5.07671404915e-11,
        "max": 8.93569376785e-05,
        "mean": 4.07318430007e-06,
        "median": 9.08060485472e-07,
        "min": 1.01490672569e-22,
        "stdev": 8.06939897302e-06,
        "var": 6.51152048947e-11
    },
    "spectral_energyband_middle_high": {
        "dmean": 0.00141076347791,
        "dmean2": 0.00200631073676,
        "dvar": 9.22741492104e-06,
        "dvar2": 1.8752156393e-05,
        "max": 0.0552479177713,
        "mean": 0.00319607555866,
        "median": 0.00123059772886,
        "min": 1.52458161551e-21,
        "stdev": 0.00508719217032,
        "var": 2.58795244008e-05
    },
    "spectral_energyband_middle_low": {
        "dmean": 0.00432837661356,
        "dmean2": 0.00638169888407,
        "dvar": 7.01807439327e-05,
        "dvar2": 0.000166259691468,
        "max": 0.150519773364,
        "mean": 0.0103229461238,
        "median": 0.00629645166919,
        "min": 3.40609010024e-22,
        "stdev": 0.0119034564123,
        "var": 0.000141692275065
    },
    "spectral_entropy": {
        "dmean": 0.195063784719,
        "dmean2": 0.275507628918,
        "dvar": 0.0448572561145,
        "dvar2": 0.0810045599937,
        "max": 9.81185817719,
        "mean": 6.22043704987,
        "median": 6.29606056213,
        "min": 4.65356349945,
        "stdev": 0.485114663839,
        "var": 0.235336244106
    },
    "spectral_flux": {
        "dmean": 0.0187270641327,
        "dmean2": 0.0293423086405,
        "dvar": 0.000630675349385,
        "dvar2": 0.00142675079405,
        "max": 0.294592112303,
        "mean": 0.0509871579707,
        "median": 0.039997138083,
        "min": 6.90104431933e-11,
        "stdev": 0.0395146049559,
        "var": 0.00156140397303
    },
    "spectral_kurtosis": {
        "dmean": 14.6857643127,
        "dmean2": 25.3409233093,
        "dvar": 160.917007446,
        "dvar2": 437.645599365,
        "max": 126.533889771,
        "mean": 25.0511741638,
        "median": 20.4665756226,
        "min": -1.21514821053,
        "stdev": 20.6840209961,
        "var": 427.828735352
    },
    "spectral_rms": {
        "dmean": 0.000621879124083,
        "dmean2": 0.000867913942784,
        "dvar": 7.34014349746e-07,
        "dvar2": 1.40297800044e-06,
        "max": 0.0124844135717,
        "mean": 0.00316684367135,
        "median": 0.00286911684088,
        "min": 3.29251144578e-12,
        "stdev": 0.00175540533382,
        "var": 3.08144808514e-06
    },
    "spectral_rolloff": {
        "dmean": 349.412567139,
        "dmean2": 585.636901855,
        "dvar": 413120.65625,
        "dvar2": 858772.0625,
        "max": 18690.8203125,
        "mean": 1298.95703125,
        "median": 839.794921875,
        "min": 236.865234375,
        "stdev": 1108.40209961,
        "var": 1228555.125
    },
    "spectral_skewness": {
        "dmean": 1.13129508495,
        "dmean2": 1.93754446507,
        "dvar": 0.821297705173,
        "dvar2": 2.1914358139,
        "max": 8.58048057556,
        "mean": 2.38408446312,
        "median": 2.12410473824,
        "min": -0.641621828079,
        "stdev": 1.66475152969,
        "var": 2.77139759064
    },
    "spectral_spread": {
        "dmean": 261934.46875,
        "dmean2": 437370.9375,
        "dvar": 593139138560,
        "dvar2": 869050744832,
        "max": 41222016,
        "mean": 1527459.25,
        "median": 1447356.75,
        "min": 532632.875,
        "stdev": 1412830.125,
        "var": 1.99608880333e+12
    },
    "spectral_strongpeak": {
        "dmean": 0.571158647537,
        "dmean2": 0.896687030792,
        "dvar": 1.41898405552,
        "dvar2": 3.26547646523,
        "max": 16.5209083557,
        "mean": 1.25725769997,
        "median": 0.830674767494,
        "min": 3.13082426651e-09,
        "stdev": 1.64451909065,
        "var": 2.70444321632
    },
    "zerocrossingrate": {
        "dmean": 0.00661053834483,
        "dmean2": 0.0077815419063,
        "dvar": 0.000158182854648,
        "dvar2": 0.00029285097844,
        "max": 0.5068359375,
        "mean": 0.0425860695541,
        "median": 0.03759765625,
        "min": 0.009765625,
        "stdev": 0.0269043557346,
        "var": 0.00072384433588
    },
    "barkbands": {
        "dmean": [3.25329985174e-08, 7.65014291915e-08, 6.27149233878e-07, 8.77924412634e-06, 0.000698691932485, 0.00199121329933, 0.00158665282652, 0.000689514505211, 0.000725067977328, 0.000262770336121, 9.92472123471e-05, 0.000157448579557, 0.000185444849194, 0.00012246480037, 0.000211128877709, 0.000177118039574, 0.00022319368145, 0.000381647172617, 0.000313087366521, 5.01053705193e-07, 2.29094454518e-09, 1.45549872155e-09, 9.74030633927e-10, 1.31533739456e-09, 1.26139554357e-09, 8.94979146349e-10, 5.88914250699e-10],
        "dmean2": [5.74751837235e-08, 1.36637538617e-07, 1.08920153252e-06, 1.43922270581e-05, 0.000891105621122, 0.00315726129338, 0.0024688129779, 0.00101053249091, 0.00111255038064, 0.000405841099564, 0.000160724506713, 0.000237417392782, 0.000299387989799, 0.00018451201322, 0.000326250476064, 0.000265693932306, 0.000342811777955, 0.000589012634009, 0.000450560968602, 7.53046720092e-07, 3.93369736784e-09, 2.48216158738e-09, 1.70607517003e-09, 2.27537988451e-09, 2.19104290267e-09, 1.58715263154e-09, 1.0787647442e-09],
        "dvar": [1.32470044896e-15, 2.31223223348e-14, 1.01223033861e-12, 4.52793330608e-10, 1.20953575333e-06, 2.38380398514e-05, 2.58893142018e-05, 5.46144156033e-06, 7.69697180658e-06, 3.84916631901e-07, 1.45468519008e-07, 5.41874442206e-07, 5.35376784683e-07, 2.84684801954e-07, 5.59121986043e-07, 7.60174486913e-07, 3.78793686195e-07, 1.16600403999e-06, 9.26641405385e-07, 3.28939588241e-12, 1.04164033853e-17, 4.21859754937e-18, 1.83115329666e-18, 1.81398206112e-18, 2.03043434111e-18, 1.31952968008e-18, 1.11488312859e-18],
        "dvar2": [3.60184243677e-15, 6.72075513731e-14, 2.8051725439e-12, 1.25185173339e-09, 1.99262808565e-06, 6.1207494582e-05, 6.33509553154e-05, 1.22674518934e-05, 1.86163379112e-05, 9.11108941182e-07, 4.01297427288e-07, 1.3970177406e-06, 1.44260127399e-06, 6.90048466367e-07, 1.34962238008e-06, 1.14030831355e-06, 9.08695653834e-07, 2.66901270152e-06, 1.65235223903e-06, 6.57634884049e-12, 2.91095743254e-17, 1.18292717121e-17, 5.48569266402e-18, 5.34661671968e-18, 5.94728508842e-18, 3.98470644091e-18, 3.49111784323e-18],
        "max": [8.53886490404e-07, 3.45825583281e-06, 1.2125127796e-05, 0.000367757427739, 0.0196980684996, 0.121284663677, 0.0700802281499, 0.0529981479049, 0.0642967000604, 0.00828007888049, 0.0117823444307, 0.0211131311953, 0.0146577553824, 0.0124423708767, 0.0136999161914, 0.0354250818491, 0.01186423935, 0.0183344706893, 0.0188270509243, 5.74572841288e-05, 6.66098571855e-08, 4.7651354862e-08, 1.92218898576e-08, 1.66190545769e-08, 1.74095795558e-08, 1.48863481542e-08, 1.71321463682e-08],
        "mean": [3.62981680269e-08, 1.70190588733e-07, 9.33539240577e-07, 1.27284165501e-05, 0.00159172574058, 0.00339387403801, 0.00271760765463, 0.0012631994905, 0.00117530638818, 0.000431982218288, 0.000154574998305, 0.000236668653088, 0.000254013139056, 0.000171754145413, 0.000296649028314, 0.00026167507167, 0.000356120377546, 0.000589444069192, 0.000528923759703, 7.10825190708e-07, 5.51759082867e-09, 3.48211059986e-09, 2.06503036893e-09, 2.80668066566e-09, 1.44993961282e-09, 8.68076832639e-10, 4.76942985106e-10],
        "median": [2.72348650299e-08, 1.56340192348e-07, 2.77884282696e-07, 3.37424921781e-06, 0.000789429002907, 0.00144665199332, 0.000731701904442, 0.000160761512234, 0.000112634239485, 8.90975134098e-05, 1.2214394701e-05, 2.69123047474e-05, 3.10108662234e-05, 1.88300418813e-05, 3.15038996632e-05, 5.20737630723e-05, 8.6261657998e-05, 0.00011235808779, 6.78700089338e-05, 4.26914787965e-08, 4.82958739667e-09, 3.06902991909e-09, 1.78195369571e-09, 2.7326376717e-09, 1.09513020874e-09, 4.94145835361e-10, 1.44710937677e-10],
        "min": [2.5985285294e-24, 7.84001443159e-24, 3.79333800586e-23, 1.69532929627e-23, 2.74039234421e-23, 2.86518761506e-23, 5.0930261058e-23, 3.60306664879e-23, 4.30209964719e-23, 4.7379437196e-23, 4.66793641634e-23, 1.2114427112e-22, 3.78116430437e-23, 9.25556994797e-23, 4.73442035125e-23, 1.34056687205e-22, 1.27069033037e-22, 2.13270552589e-22, 2.32030144542e-22, 3.66376362632e-22, 4.19695054697e-22, 5.0089527184e-22, 5.6390685562e-22, 6.409555187e-22, 1.46819318167e-21, 1.61134480403e-21, 2.35150020003e-21],
        "stdev": [3.70232164926e-08, 1.22193327456e-07, 1.52038990109e-06, 3.12115844281e-05, 0.00214168615639, 0.00585226155818, 0.00610749283805, 0.0033328817226, 0.00376066169702, 0.000871783413459, 0.000533143989742, 0.000829193450045, 0.000772023457102, 0.000643321895041, 0.000873131211847, 0.00125735474285, 0.000805808755103, 0.00143836019561, 0.00158320961054, 2.72173338089e-06, 3.40824168887e-09, 2.13091033707e-09, 1.33106659028e-09, 1.48094780883e-09, 1.48257284227e-09, 1.11416176285e-09, 9.245215149e-10],
        "var": [1.37071847843e-15, 1.49312104971e-14, 2.31158560175e-12, 9.74162972511e-10, 4.58681961391e-06, 3.42489656759e-05, 3.73014663637e-05, 1.11080998977e-05, 1.4142577129e-05, 7.60006287237e-07, 2.84242531734e-07, 6.87561794166e-07, 5.96020242938e-07, 4.13863062931e-07, 7.62358126849e-07, 1.5809408751e-06, 6.49327716928e-07, 2.06887989407e-06, 2.50655284617e-06, 7.40783302755e-12, 1.16161114042e-17, 4.54077902129e-18, 1.77173836082e-18, 2.19320652846e-18, 2.19802237398e-18, 1.24135645931e-18, 8.54740047515e-19]
    },
    "erbbands": {
        "dmean": [4.60557839688e-06, 3.71312380594e-05, 0.00081956043141, 0.0295957345515, 1.07647979259, 2.59641170502, 10.8161878586, 16.3125934601, 23.6949806213, 13.9266519547, 16.9178390503, 18.0171890259, 9.14195346832, 5.70251083374, 4.06200551987, 7.5118098259, 7.8694486618, 5.50487518311, 12.2449760437, 8.59060764313, 8.88349914551, 11.7676868439, 19.0417995453, 25.4894943237, 4.00098991394, 0.142971560359, 0.00802439916879, 0.00110043364111, 0.000268826493993, 9.84410507954e-05, 5.02705042891e-05, 4.26446204074e-05, 2.47664611379e-05, 1.72712934727e-05, 1.2167359273e-05, 6.547549674e-06, 3.01115801449e-06, 1.14257250061e-06, 2.72430884252e-06, 5.9811814026e-06],
        "dmean2": [6.84704900777e-06, 5.24643655808e-05, 0.00116611388512, 0.0381506495178, 1.19680643082, 3.25805997849, 17.5831108093, 25.6640033722, 36.0982971191, 21.7160243988, 24.4782791138, 27.2916984558, 14.5204906464, 8.49235343933, 6.38812828064, 11.3604183197, 12.5510292053, 8.18456935883, 18.7109127045, 12.5235929489, 13.6254644394, 18.1026687622, 29.0396785736, 37.0270767212, 5.921687603, 0.208201691508, 0.0115785310045, 0.00159586733207, 0.000391656969441, 0.000146024191054, 7.74497748353e-05, 7.10084714228e-05, 4.05045575462e-05, 2.79638843494e-05, 1.9729248379e-05, 1.02552021417e-05, 4.508139682e-06, 1.71741339727e-06, 3.92992615161e-06, 8.70744861459e-06],
        "dvar": [4.49986888029e-11, 3.40129013843e-09, 1.21430355193e-06, 0.0024342990946, 3.77189159393, 18.122428894, 957.377624512, 1168.85266113, 4611.20605469, 2914.61328125, 3318.95727539, 4357.29101562, 554.170654297, 181.581100464, 152.900131226, 1346.13122559, 1019.95172119, 446.939483643, 2064.25, 1580.47741699, 822.482116699, 1168.05651855, 3274.46630859, 5224.95751953, 141.025344849, 0.163554877043, 0.000458179740235, 8.01130136097e-06, 4.22533418032e-07, 4.75116834764e-08, 8.38335179054e-09, 2.57498777856e-09, 1.11136910785e-09, 4.90228913019e-10, 2.33234515035e-10, 7.55729853696e-11, 2.13056672999e-11, 3.54668811681e-12, 2.60149887743e-11, 1.2664463922e-10],
        "dvar2": [1.00950865722e-10, 7.19998460852e-09, 2.51558844866e-06, 0.0047081625089, 5.08960103989, 29.3432807922, 2521.26196289, 2891.59545898, 11081.0957031, 7720.07177734, 7876.58984375, 10270.1650391, 1395.32324219, 408.83291626, 392.198425293, 3534.4831543, 2693.52685547, 1128.73974609, 5025.91943359, 2317.9074707, 1706.76196289, 2870.28417969, 7799.04589844, 9628.11425781, 297.425292969, 0.342907369137, 0.000927176617552, 1.59035316756e-05, 8.38242499412e-07, 9.46669018731e-08, 1.7001596575e-08, 5.916890089e-09, 2.56400056742e-09, 1.16174514453e-09, 5.47060785561e-10, 1.61942681487e-10, 4.25509939783e-11, 7.01722967927e-12, 5.53221322919e-11, 2.77646489133e-10],
        "max": [0.000106351428258, 0.000915361277293, 0.0166388936341, 0.816648542881, 39.069568634, 75.712310791, 881.458312988, 614.793823242, 980.748901367, 1081.0144043, 1156.16894531, 1109.76538086, 352.70223999, 233.682998657, 362.395568848, 1055.19140625, 597.047851562, 597.41015625, 877.636108398, 1583.33203125, 624.236328125, 679.769348145, 1258.95874023, 1444.0916748, 279.050262451, 8.07046604156, 0.447411596775, 0.0556493327022, 0.0116566186771, 0.00360743422061, 0.00150566012599, 0.000701740616933, 0.000491051294375, 0.00033434398938, 0.000252668542089, 0.00012350914767, 5.52746969333e-05, 2.71080261882e-05, 7.6622243796e-05, 0.00017948441382],
        "mean": [1.30415855892e-05, 0.000107548294181, 0.00186344643589, 0.0638681948185, 2.33788752556, 5.94210529327, 17.3147773743, 28.7778186798, 42.3989868164, 23.3047237396, 30.8848972321, 30.7862014771, 15.2419462204, 9.95552825928, 6.73119068146, 11.4502382278, 11.3269834518, 8.7351770401, 17.9217319489, 13.4569644928, 14.598072052, 19.2352371216, 30.1885242462, 46.2255744934, 6.92109155655, 0.25521838665, 0.0150070171803, 0.00220658187754, 0.000591102638282, 0.000230458826991, 0.000128382293042, 0.000114379407023, 5.65131012991e-05, 3.28765891027e-05, 2.44513139478e-05, 1.43679026223e-05, 7.24464280211e-06, 2.48204105446e-06, 7.33797014618e-06, 1.59301580425e-05],
        "median": [9.5999930636e-06, 7.50702965888e-05, 0.00112099584658, 0.0311362948269, 0.874833106995, 2.79540300369, 7.63655471802, 12.1141109467, 13.1121683121, 7.49853801727, 4.14155340195, 3.55774116516, 3.48006820679, 2.71643137932, 1.18500971794, 1.5514125824, 1.51099836826, 1.57144212723, 2.15584087372, 1.82317137718, 3.98322486877, 5.02756643295, 5.99303340912, 7.2939453125, 1.33116149902, 0.0522012896836, 0.00333176832646, 0.000594327109866, 0.000212620972889, 0.00010732084047, 7.86368836998e-05, 9.75449147518e-05, 4.4132459152e-05, 2.29628385569e-05, 1.81561917998e-05, 9.95899335976e-06, 4.48967102784e-06, 1.29277009364e-06, 4.42986765847e-06, 9.83490281214e-06],
        "min": [8.92016446643e-22, 1.14186588618e-21, 2.73919179636e-20, 7.32006503742e-20, 8.97018696189e-20, 1.01332481396e-19, 1.12571797969e-19, 2.44500888892e-19, 5.18618669423e-19, 9.43323594796e-19, 9.50948028694e-19, 1.03781367694e-18, 1.40030903678e-18, 1.32598789272e-18, 2.7541915277e-18, 4.27970882585e-18, 2.9284555285e-18, 4.69988679852e-18, 2.41156215104e-18, 5.15363506918e-18, 5.97181471589e-18, 8.51764833948e-18, 1.06103673128e-17, 1.0768859254e-17, 1.10589283338e-17, 1.91543745897e-17, 1.38338115777e-17, 1.52817796595e-17, 1.91524307152e-17, 1.73959159932e-17, 1.79852110421e-17, 1.4490015612e-17, 1.30967878617e-17, 1.68488385884e-17, 1.00844185823e-17, 5.14124597155e-18, 3.14234954566e-18, 1.33978309398e-18, 3.17632159492e-19, 3.41175167291e-20],
        "stdev": [1.04822747744e-05, 9.51358524617e-05, 0.00205128337257, 0.0891467034817, 3.77584052086, 8.26957988739, 32.6688079834, 46.8541564941, 88.814163208, 55.0302085876, 76.6160507202, 96.8305892944, 32.3119773865, 19.8182640076, 18.1452617645, 39.8730583191, 34.3689880371, 25.3909645081, 54.8535423279, 60.0867614746, 37.2024421692, 43.3507537842, 71.1555557251, 120.818901062, 17.3224506378, 0.593798995018, 0.0332001559436, 0.00452501233667, 0.001051231171, 0.000352888921043, 0.000147286918946, 7.40289542591e-05, 4.82298928546e-05, 3.30983275489e-05, 2.33092978306e-05, 1.46244583448e-05, 8.04532919574e-06, 3.28652595272e-06, 8.17072941572e-06, 1.75343266164e-05],
        "var": [1.09878085797e-10, 9.05083030744e-09, 4.20776314058e-06, 0.00794713478535, 14.2569723129, 68.3859558105, 1067.25109863, 2195.31201172, 7887.95507812, 3028.32373047, 5870.01904297, 9376.16308594, 1044.06384277, 392.76361084, 329.250518799, 1589.86071777, 1181.22729492, 644.70111084, 3008.91113281, 3610.41894531, 1384.02172852, 1879.28771973, 5063.11328125, 14597.2070312, 300.06729126, 0.352597236633, 0.00110225041863, 2.04757379834e-05, 1.10508699436e-06, 1.24530586731e-07, 2.16934363806e-08, 5.48028555869e-09, 2.32612262785e-09, 1.09549935789e-09, 5.43323386282e-10, 2.13874792876e-10, 6.47273207255e-11, 1.08012522537e-11, 6.67608190952e-11, 3.07452591164e-10]
    },
    "gfcc": {
        "mean": [-214.797012329, 194.211502075, -194.138977051, -44.6818237305, -30.8379383087, -89.3048782349, -61.7423667908, -6.45934581757, -26.8163452148, -30.3524494171, 8.55933570862, -11.5847082138, -7.55156946182],
        "cov": [[6268.50878906, 284.780151367, -2048.03491211, -706.355834961, 524.625, -880.228820801, 219.032958984, 227.732711792, -352.900177002, -79.1430511475, -60.9620780945, -153.438980103, -195.54989624], [284.780151367, 431.147186279, 210.439056396, -189.176086426, -6.19916772842, 34.9692878723, -70.5664520264, -127.295120239, -49.299949646, -99.1112594604, -9.854804039, -22.7554225922, -0.290854096413], [-2048.03491211, 210.439056396, 1344.96044922, 292.111328125, -268.477264404, 236.681381226, -247.126739502, -241.411987305, 64.1953659058, -62.8524894714, -6.31896448135, 71.0133209229, 93.2916259766], [-706.355834961, -189.176086426, 292.111328125, 574.180847168, 24.6597232819, -66.747795105, -133.096069336, -25.2373180389, 13.9342269897, -38.6027526855, -28.4176235199, 8.18583488464, 23.5009746552], [524.625, -6.19916772842, -268.477264404, 24.6597232819, 208.485687256, -94.9098358154, -34.9740409851, 4.35264015198, -37.3076286316, -15.5288000107, -24.3120002747, -20.2998638153, -19.7847633362], [-880.228820801, 34.9692878723, 236.681381226, -66.747795105, -94.9098358154, 328.498565674, 18.9310188293, -71.4476165771, 22.6517086029, 24.9458198547, 9.53394794464, -0.321136236191, 23.0098628998], [219.032958984, -70.5664520264, -247.126739502, -133.096069336, -34.9740409851, 18.9310188293, 198.503540039, 82.4514846802, -50.1036682129, 9.60049629211, 6.08519268036, -19.7214679718, -41.6296691895], [227.732711792, -127.295120239, -241.411987305, -25.2373180389, 4.35264015198, -71.4476165771, 82.4514846802, 155.354003906, 25.0990715027, 7.98926830292, -21.8071670532, -5.13203620911, -26.1683769226], [-352.900177002, -49.299949646, 64.1953659058, 13.9342269897, -37.3076286316, 22.6517086029, -50.1036682129, 25.0990715027, 137.44152832, 45.9524497986, -4.97310256958, 2.95516514778, 9.48672294617], [-79.1430511475, -99.1112594604, -62.8524894714, -38.6027526855, -15.5288000107, 24.9458198547, 9.60049629211, 7.98926830292, 45.9524497986, 122.906105042, 49.5092773438, -2.12218880653, -17.1665210724], [-60.9620780945, -9.854804039, -6.31896448135, -28.4176235199, -24.3120002747, 9.53394794464, 6.08519268036, -21.8071670532, -4.97310256958, 49.5092773438, 91.7780532837, 33.2800598145, -13.2942237854], [-153.438980103, -22.7554225922, 71.0133209229, 8.18583488464, -20.2998638153, -0.321136236191, -19.7214679718, -5.13203620911, 2.95516514778, -2.12218880653, 33.2800598145, 76.4946212769, 31.6262702942], [-195.54989624, -0.290854096413, 93.2916259766, 23.5009746552, -19.7847633362, 23.0098628998, -41.6296691895, -26.1683769226, 9.48672294617, -17.1665210724, -13.2942237854, 31.6262702942, 89.8650512695]],
        "icov": [[0.00137263420038, -0.000976607319899, 0.00223368173465, 0.000948133936618, 0.00168150954414, 0.00262807519175, 0.00217802193947, 0.000981805496849, 0.00301351305097, -0.0010055040475, 0.00262318365276, -0.000521070789546, 0.00147032807581], [-0.000976607319899, 0.0109980581328, -0.00286829238757, 0.00511313788593, -0.000761785137001, -0.000916433986276, 0.00340283010155, 0.00392088899389, -0.00144091853872, 0.0111226551235, -0.00576582131907, 0.00664826016873, 0.0014201257145], [0.00223368173465, -0.00286829238757, 0.00697525078431, -0.00013482850045, 0.00724752387032, 0.00321232969873, 0.00594597030431, 0.00416522240266, 0.00513413734734, -0.00222870591097, 0.00737864710391, -0.00420422526076, 0.00398921826854], [0.000948133936618, 0.00511313788593, -0.00013482850045, 0.00637867627665, 0.000398497766582, 0.0028701198753, 0.00528664281592, 0.00175334711093, 0.00294687692076, 0.00516577577218, -0.000762019772083, 0.00398831116036, 0.00202337652445], [0.00168150954414, -0.000761785137001, 0.00724752387032, 0.000398497766582, 0.015485198237, 0.00330854044296, 0.0100902030244, 0.00506977224723, 0.00738599803299, -0.00115729530808, 0.00914794392884, -0.00346758100204, 0.00631398195401], [0.00262807519175, -0.000916433986276, 0.00321232969873, 0.0028701198753, 0.00330854044296, 0.0099177043885, 0.00179733545519, 0.00481855263934, 0.00438847299665, -0.00200526649132, 0.00517500191927, 0.000144019402796, 0.00192373141181], [0.00217802193947, 0.00340283010155, 0.00594597030431, 0.00528664281592, 0.0100902030244, 0.00179733545519, 0.0219083055854, -0.00171351362951, 0.0128488875926, 0.00287861959077, 0.00390529027209, 0.0022642207332, 0.00758085213602], [0.000981805496849, 0.00392088899389, 0.00416522240266, 0.00175334711093, 0.00506977224723, 0.00481855263934, -0.00171351362951, 0.0202954337001, -0.00322954379953, 0.00372146209702, 0.00799781829119, -0.00443137390539, 0.00615964829922], [0.00301351305097, -0.00144091853872, 0.00513413734734, 0.00294687692076, 0.00738599803299, 0.00438847299665, 0.0128488875926, -0.00322954379953, 0.0208654683083, -0.00730515504256, 0.0090143000707, -0.000997203635052, 0.00405283924192], [-0.0010055040475, 0.0111226551235, -0.00222870591097, 0.00516577577218, -0.00115729530808, -0.00200526649132, 0.00287861959077, 0.00372146209702, -0.00730515504256, 0.0261358320713, -0.0157098807395, 0.0108714979142, 0.00110031757504], [0.00262318365276, -0.00576582131907, 0.00737864710391, -0.000762019772083, 0.00914794392884, 0.00517500191927, 0.00390529027209, 0.00799781829119, 0.0090143000707, -0.0157098807395, 0.0331511050463, -0.0188330579549, 0.0106353424489], [-0.000521070789546, 0.00664826016873, -0.00420422526076, 0.00398831116036, -0.00346758100204, 0.000144019402796, 0.0022642207332, -0.00443137390539, -0.000997203635052, 0.0108714979142, -0.0188330579549, 0.0294315535575, -0.00979456678033], [0.00147032807581, 0.0014201257145, 0.00398921826854, 0.00202337652445, 0.00631398195401, 0.00192373141181, 0.00758085213602, 0.00615964829922, 0.00405283924192, 0.00110031757504, 0.0106353424489, -0.00979456678033, 0.0206671059132]]
    },
    "melbands": {
        "dmean": [2.2531390087e-08, 2.36617950122e-07, 2.59502030531e-05, 0.000153292246978, 0.000313118041959, 0.000365280779079, 0.000350876740413, 0.000146764490637, 0.000140972493682, 0.000106509040052, 4.49792896688e-05, 2.49027216341e-05, 1.40344391184e-05, 1.83226547961e-05, 1.9827264623e-05, 1.49622437675e-05, 9.90460830508e-06, 2.07218090509e-05, 1.13079795483e-05, 1.26075419757e-05, 1.11357494461e-05, 1.21115772345e-05, 1.50810519699e-05, 1.93972809939e-05, 2.37341446336e-05, 4.87269062432e-06, 2.94136924595e-07, 1.15369069853e-09, 8.54686946217e-11, 6.37904173928e-11, 4.5658917619e-11, 3.31666534514e-11, 2.33156115942e-11, 1.95296903649e-11, 1.70421472073e-11, 1.80206388006e-11, 2.15366596085e-11, 1.58466451766e-11, 1.24736323701e-11, 1.20003156717e-11],
        "dmean2": [3.98927362255e-08, 3.94130950099e-07, 3.07121626975e-05, 0.000169322447618, 0.000504270312376, 0.000574703677557, 0.000535795814358, 0.000226787960855, 0.000205776887015, 0.000160443407367, 7.1803231549e-05, 3.72603353753e-05, 2.26293796004e-05, 2.78304978565e-05, 3.12654301524e-05, 2.42386649916e-05, 1.47375312736e-05, 3.15148863592e-05, 1.71728643181e-05, 1.82094372576e-05, 1.77265319508e-05, 1.87732621271e-05, 2.3456163035e-05, 2.96424823318e-05, 3.43550273101e-05, 7.56469080443e-06, 4.56656039205e-07, 1.76787373629e-09, 1.47218195967e-10, 1.08892395101e-10, 7.77573630484e-11, 5.6559167072e-11, 4.0553671532e-11, 3.43484962695e-11, 2.98388952436e-11, 3.10779145474e-11, 3.68906502568e-11, 2.72818538594e-11, 2.19029031023e-11, 2.10062956613e-11],
        "dvar": [1.85629006808e-15, 1.52042657978e-13, 2.14742890137e-09, 6.81923992829e-08, 7.11814436727e-07, 6.20862863343e-07, 1.06911227249e-06, 2.72634679277e-07, 2.39997575591e-07, 1.41781740126e-07, 1.3253708353e-08, 3.49690054691e-09, 2.87155277334e-09, 7.304087557e-09, 6.88025458828e-09, 3.54003248937e-09, 1.97735250396e-09, 5.99379657018e-09, 1.39259481724e-09, 6.91496682137e-09, 1.23871501945e-09, 1.34978417332e-09, 2.06923345125e-09, 3.11351477933e-09, 5.06822805946e-09, 3.04594321987e-10, 1.49830679547e-12, 3.42670752232e-17, 1.18367049574e-20, 6.18720879601e-21, 3.02484177841e-21, 2.04487731204e-21, 1.46364389025e-21, 8.01858000791e-22, 4.8026528437e-22, 3.62807126757e-22, 3.86718245478e-22, 2.89760954583e-22, 2.33140128634e-22, 2.0014805969e-22],
        "dvar2": [5.38573617534e-15, 3.99951827299e-13, 3.35309535693e-09, 8.61673044028e-08, 1.86187071449e-06, 1.55869133778e-06, 2.54330348071e-06, 7.00921702901e-07, 5.78838978527e-07, 3.29322148218e-07, 3.3211740913e-08, 7.76944553138e-09, 7.7573609758e-09, 1.837377539e-08, 1.83799375719e-08, 9.49843936837e-09, 5.01999641855e-09, 1.44572478433e-08, 2.85136692035e-09, 9.20160747597e-09, 2.81267720226e-09, 3.35454575229e-09, 5.03198016588e-09, 7.10563075046e-09, 9.2117513617e-09, 6.78350264849e-10, 3.59947792059e-12, 6.29233909689e-17, 3.39053125903e-20, 1.72677587941e-20, 8.15116215631e-21, 5.6851218772e-21, 4.08153815181e-21, 2.33136432978e-21, 1.44331667391e-21, 1.07979886552e-21, 1.14389062076e-21, 8.58802802447e-22, 6.67924060342e-22, 5.68575397566e-22],
        "max": [1.00180170648e-06, 5.77816717851e-06, 0.00089340575505, 0.00538033526391, 0.0234795380384, 0.0161093194038, 0.014839229174, 0.00964883808047, 0.00999414082617, 0.00656498363242, 0.00169090961572, 0.000976604293101, 0.00171166285872, 0.00243473402224, 0.00192328554112, 0.00147519237362, 0.00133166101296, 0.00153358734678, 0.000612649135292, 0.00366482581012, 0.000696161179803, 0.000755231187213, 0.000776306667831, 0.0010913987644, 0.00144714652561, 0.00049132067943, 2.90698226308e-05, 2.05661820019e-07, 1.99392902189e-09, 1.43622003179e-09, 1.13322617956e-09, 9.37756983177e-10, 9.77459668761e-10, 5.17706377767e-10, 3.21919546575e-10, 2.57004612036e-10, 2.20464979606e-10, 2.20321386135e-10, 1.61109334207e-10, 1.41906680851e-10],
        "mean": [5.21721901237e-08, 4.14996236486e-07, 5.48631942365e-05, 0.000350532209268, 0.000530224118847, 0.000647424370982, 0.000621571380179, 0.000252003548667, 0.000241718676989, 0.00018215556338, 7.06127539161e-05, 4.1827581299e-05, 2.17546476051e-05, 2.76196460618e-05, 2.85390706267e-05, 2.13910225284e-05, 1.48902499859e-05, 2.95768659271e-05, 1.66386034834e-05, 1.83461706911e-05, 1.76023495442e-05, 1.87220066437e-05, 2.28008757404e-05, 3.05085650325e-05, 4.17678602389e-05, 7.36037009119e-06, 3.81160845109e-07, 1.73778424983e-09, 1.8561509274e-10, 1.40272807259e-10, 1.01234062799e-10, 7.52161249951e-11, 5.02027690252e-11, 3.77526725159e-11, 3.44924609708e-11, 3.99477152746e-11, 4.62044361105e-11, 2.45296422063e-11, 1.37826920016e-11, 1.22295559096e-11],
        "median": [4.7982080531e-08, 1.19854348668e-07, 2.19583344006e-05, 0.000146086342284, 0.000251966819633, 0.000282064313069, 0.000179016467882, 6.76184572512e-05, 2.9151166018e-05, 1.7344544176e-05, 1.61255175044e-05, 9.84412690741e-06, 2.36729829339e-06, 3.61672800864e-06, 3.04803552353e-06, 2.79087953459e-06, 1.92608194993e-06, 2.93263906315e-06, 1.99490887098e-06, 2.6361090022e-06, 4.32426531916e-06, 4.52820404462e-06, 4.11103837905e-06, 5.81844687986e-06, 5.41500457985e-06, 1.18687830764e-06, 4.18492014376e-08, 2.9109123445e-10, 1.62938856851e-10, 1.21998938729e-10, 8.86775791686e-11, 6.59633320188e-11, 4.22026788516e-11, 3.1650501664e-11, 2.99186925234e-11, 3.75451857104e-11, 4.51853693351e-11, 2.22774923508e-11, 9.06878131618e-12, 7.77920176193e-12],
        "min": [1.04923604324e-23, 1.12181258759e-23, 1.18436562861e-23, 6.61709780163e-24, 4.25278937195e-24, 5.70108001266e-24, 9.07904354554e-24, 1.02314912308e-23, 9.04771393469e-24, 5.61821135786e-24, 7.15308855482e-24, 5.08459665371e-24, 7.35107844253e-24, 1.05332549818e-23, 1.01982872865e-23, 6.01109248765e-24, 8.65099815203e-24, 3.54208880522e-24, 4.08983792464e-24, 1.08304772605e-23, 4.80575798955e-24, 8.26545185094e-24, 9.92120304896e-24, 1.04460487753e-23, 8.22333614493e-24, 8.35767047962e-24, 1.01219744602e-23, 1.27058717892e-23, 6.66537845561e-24, 1.05318271435e-23, 7.93261486895e-24, 9.63072789758e-24, 1.18285732656e-23, 7.95625545255e-24, 9.03028010868e-24, 1.05600951852e-23, 8.8364664506e-24, 8.06346796046e-24, 1.2905642136e-23, 1.21935492297e-23],
        "stdev": [3.50869022725e-08, 6.55653536796e-07, 8.56026817928e-05, 0.000535250641406, 0.000923871004488, 0.00104701856617, 0.00133522506803, 0.00058677274501, 0.000619226775598, 0.000581193715334, 0.000153353845235, 8.56419355841e-05, 7.41542025935e-05, 9.55823124968e-05, 9.1890215117e-05, 6.42093436909e-05, 5.16261316079e-05, 9.46822328842e-05, 4.81235401821e-05, 0.000122649769764, 4.32290653407e-05, 4.41508564109e-05, 5.68087998545e-05, 7.3087940109e-05, 0.000117708630569, 2.35120696743e-05, 1.40227416523e-06, 9.20102127822e-09, 1.12357179116e-10, 8.70386679397e-11, 6.1742472246e-11, 4.75159842028e-11, 3.87360143961e-11, 2.85844802689e-11, 2.19749652502e-11, 2.03934456128e-11, 2.3430828458e-11, 1.81047850323e-11, 1.52515673701e-11, 1.44554897566e-11],
