{
"lowlevel": {
    "average_loudness": 0.864993393421,
    "barkbands_crest": {
        "dmean": 2.45265698433,
        "dmean2": 4.08322763443,
        "dvar": 5.07257318497,
        "dvar2": 13.7422971725,
        "max": 25.5509815216,
        "mean": 12.0364465714,
        "median": 11.2563266754,
        "min": 3.26740121841,
        "stdev": 4.40547847748,
        "var": 19.4082393646
    },
    "barkbands_flatness_db": {
        "dmean": 0.0278169866651,
        "dmean2": 0.0421134531498,
        "dvar": 0.000893599761184,
        "dvar2": 0.00192391336896,
        "max": 0.478236049414,
        "mean": 0.262014627457,
        "median": 0.273375928402,
        "min": 0.0265878867358,
        "stdev": 0.0847935602069,
        "var": 0.00718994811177
    },
    "barkbands_kurtosis": {
        "dmean": 5.75199270248,
        "dmean2": 9.39625358582,
        "dvar": 132.157440186,
        "dvar2": 353.204956055,
        "max": 223.172088623,
        "mean": 12.2398786545,
        "median": 7.26337766647,
        "min": -1.61972343922,
        "stdev": 16.855381012,
        "var": 284.103851318
    },
    "barkbands_skewness": {
        "dmean": 0.615666627884,
        "dmean2": 0.984496772289,
        "dvar": 0.560027599335,
        "dvar2": 1.34809994698,
        "max": 11.4676885605,
        "mean": 2.09425354004,
        "median": 1.86609232426,
        "min": -2.429946661,
        "stdev": 1.48916268349,
        "var": 2.21760559082
    },
    "barkbands_spread": {
        "dmean": 1.88222694397,
        "dmean2": 3.03507304192,
        "dvar": 13.5885772705,
        "dvar2": 35.2321968079,
        "max": 90.5857391357,
        "mean": 7.30431222916,
        "median": 5.07662630081,
        "min": 0.400414258242,
        "stdev": 8.78125095367,
        "var": 77.1103744507
    },
    "dissonance": {
        "dmean": 0.0301354117692,
        "dmean2": 0.0501726604998,
        "dvar": 0.000825847091619,
        "dvar2": 0.00196966296062,
        "max": 0.499999850988,
        "mean": 0.425137877464,
        "median": 0.435861647129,
        "min": 0,
        "stdev": 0.0528299063444,
        "var": 0.00279099890031
    },
    "dynamic_complexity": 5.82248449326,
    "erbbands_crest": {
        "dmean": 2.48749756813,
        "dmean2": 4.1066403389,
        "dvar": 5.90650415421,
        "dvar2": 14.0965919495,
        "max": 30.9097175598,
        "mean": 11.2178592682,
        "median": 10.1250572205,
        "min": 2.72866463661,
        "stdev": 4.93289279938,
        "var": 24.3334312439
    },
    "erbbands_flatness_db": {
        "dmean": 0.023106854409,
        "dmean2": 0.0327690206468,
        "dvar": 0.000747269485146,
        "dvar2": 0.00133769307286,
        "max": 0.435520231724,
        "mean": 0.22220377624,
        "median": 0.224307984114,
        "min": 0.0589089393616,
        "stdev": 0.0757633894682,
        "var": 0.00574009073898
    },
    "erbbands_kurtosis": {
        "dmean": 1.54897212982,
        "dmean2": 2.52624392509,
        "dvar": 4.98874521255,
        "dvar2": 13.1713438034,
        "max": 26.8705329895,
        "mean": 3.06603622437,
        "median": 2.03850698471,
        "min": -1.56992864609,
        "stdev": 3.73610782623,
        "var": 13.9585008621
    },
    "erbbands_skewness": {
        "dmean": 0.33448600769,
        "dmean2": 0.535031914711,
        "dvar": 0.139403089881,
        "dvar2": 0.346376389265,
        "max": 4.19027328491,
        "mean": 1.21980345249,
        "median": 1.2287260294,
        "min": -1.80027079582,
        "stdev": 0.883677005768,
        "var": 0.78088504076
    },
    "erbbands_spread": {
        "dmean": 5.55719709396,
        "dmean2": 8.75350666046,
        "dvar": 81.2510070801,
        "dvar2": 194.843994141,
        "max": 134.783340454,
        "mean": 22.1852302551,
        "median": 18.084487915,
        "min": 2.71548056602,
        "stdev": 14.3349933624,
        "var": 205.492034912
    },
    "hfc": {
        "dmean": 3.47185850143,
        "dmean2": 5.21641969681,
        "dvar": 56.019115448,
        "dvar2": 130.386047363,
        "max": 140.648895264,
        "mean": 8.69374370575,
        "median": 5.74458408356,
        "min": 1.13144014116e-16,
        "stdev": 10.4190921783,
        "var": 108.557472229
    },
    "loudness_ebu128": {
        "integrated": -20.2460441589,
        "loudness_range": 5.33069992065,
        "momentary": {
            "dmean": 1.51162970066,
            "dmean2": 1.84653568268,
            "dvar": 6.7808508873,
            "dvar2": 11.8041343689,
            "max": -15.5218353271,
            "mean": -23.3492164612,
            "median": -20.9538955688,
            "min": -64.3463516235,
            "stdev": 7.94265031815,
            "var": 63.0856971741
        },
        "short_term": {
            "dmean": 0.147720113397,
            "dmean2": 0.148136749864,
            "dvar": 0.0206732172519,
            "dvar2": 0.0219410676509,
            "max": -17.8918800354,
            "mean": -21.05717659,
            "median": -20.8373451233,
            "min": -25.5720729828,
            "stdev": 1.71307349205,
            "var": 2.93462061882
        }
    },
    "melbands_crest": {
        "dmean": 2.50906038284,
        "dmean2": 4.12994527817,
        "dvar": 4.96038675308,
        "dvar2": 12.9219436646,
        "max": 28.6396884918,
        "mean": 13.5566625595,
        "median": 13.1873979568,
        "min": 2.1078042984,
        "stdev": 4.09341287613,
        "var": 16.7560272217
    },
    "melbands_flatness_db": {
        "dmean": 0.029665697366,
        "dmean2": 0.0452996119857,
        "dvar": 0.00116146553773,
        "dvar2": 0.00246373238042,
        "max": 0.61639291048,
        "mean": 0.356340974569,
        "median": 0.367099046707,
        "min": 0.00580935226753,
        "stdev": 0.101739495993,
        "var": 0.0103509249166
    },
    "melbands_kurtosis": {
        "dmean": 7.86949014664,
        "dmean2": 12.8697195053,
        "dvar": 169.343963623,
        "dvar2": 445.84854126,
        "max": 230.466079712,
        "mean": 17.2331428528,
        "median": 10.4606513977,
        "min": -1.58432483673,
        "stdev": 19.4033946991,
        "var": 376.491760254
    },
    "melbands_skewness": {
        "dmean": 0.660511672497,
        "dmean2": 1.06180882454,
        "dvar": 0.625646591187,
        "dvar2": 1.54822087288,
        "max": 12.3431453705,
        "mean": 2.43279480934,
        "median": 2.24303174019,
        "min": -0.573949158192,
        "stdev": 1.38441646099,
        "var": 1.91660881042
    },
    "melbands_spread": {
        "dmean": 2.11044645309,
        "dmean2": 3.33629155159,
        "dvar": 30.8533229828,
        "dvar2": 60.6747665405,
        "max": 225.107803345,
        "mean": 8.71533966064,
        "median": 5.30392789841,
        "min": 0.447273522615,
        "stdev": 16.146692276,
        "var": 260.715667725
    },
    "pitch_salience": {
        "dmean": 0.0703434050083,
        "dmean2": 0.117551751435,
        "dvar": 0.0038665139582,
        "dvar2": 0.010151966475,
        "max": 0.970199644566,
        "mean": 0.546053946018,
        "median": 0.560790061951,
        "min": 0.11332051456,
        "stdev": 0.122183486819,
        "var": 0.0149288037792
    },
    "silence_rate_20dB": {
        "dmean": 0,
        "dmean2": 0,
        "dvar": 0,
        "dvar2": 0,
        "max": 1,
        "mean": 1,
        "median": 1,
        "min": 1,
        "stdev": 0,
        "var": 0
    },
    "silence_rate_30dB": {
        "dmean": 0.0340030901134,
        "dmean2": 0.0680412352085,
        "dvar": 0.0328465923667,
        "dvar2": 0.0819679051638,
        "max": 1,
        "mean": 0.966014444828,
        "median": 1,
        "min": 0,
        "stdev": 0.181193977594,
        "var": 0.0328312590718
    },
    "silence_rate_60dB": {
        "dmean": 0.0216383300722,
        "dmean2": 0.0432989709079,
        "dvar": 0.0211697816849,
        "dvar2": 0.0465784482658,
        "max": 1,
        "mean": 0.156024709344,
        "median": 0,
        "min": 0,
        "stdev": 0.362875044346,
        "var": 0.131678298116
    },
    "spectral_centroid": {
        "dmean": 81.3268737793,
        "dmean2": 128.251190186,
        "dvar": 59696.4648438,
        "dvar2": 98736.375,
        "max": 11688.4658203,
        "mean": 523.473693848,
        "median": 382.456665039,
        "min": 145.107925415,
        "stdev": 629.763427734,
        "var": 396601.9375
    },
    "spectral_complexity": {
        "dmean": 1.72797524929,
        "dmean2": 2.67886590958,
        "dvar": 5.68907499313,
        "dvar2": 11.4334745407,
        "max": 34,
        "mean": 9.02626132965,
        "median": 9,
        "min": 0,
        "stdev": 5.21601915359,
        "var": 27.2068576813
    },
    "spectral_decrease": {
        "dmean": 3.41307204721e-09,
        "dmean2": 5.49001155647e-09,
        "dvar": 4.90489515882e-17,
        "dvar2": 1.26402607605e-16,
        "max": -1.26727965807e-29,
        "mean": -7.88000331653e-09,
        "median": -5.09585440511e-09,
        "min": -1.09554655126e-07,
        "stdev": 9.17542397616e-09,
        "var": 8.41884111901e-17
    },
    "spectral_energy": {
        "dmean": 0.0131662152708,
        "dmean2": 0.0211432352662,
        "dvar": 0.000729095074348,
        "dvar2": 0.00187419075519,
        "max": 0.426242440939,
        "mean": 0.0305295009166,
        "median": 0.0197875332087,
        "min": 1.10433159654e-20,
        "stdev": 0.0354648083448,
        "var": 0.00125775265042
    },
    "spectral_energyband_high": {
        "dmean": 9.59342651186e-05,
        "dmean2": 0.000148084203829,
        "dvar": 1.2242415437e-07,
        "dvar2": 2.90190939722e-07,
        "max": 0.00411784695461,
        "mean": 0.000120671807963,
        "median": 6.23886444373e-06,
        "min": 7.32258567647e-21,
        "stdev": 0.000376946554752,
        "var": 1.42088694588e-07
    },
    "spectral_energyband_low": {
        "dmean": 0.00712144002318,
        "dmean2": 0.0119726769626,
        "dvar": 0.000238844397245,
        "dvar2": 0.000652690068819,
        "max": 0.179252445698,
        "mean": 0.0129142161459,
        "median": 0.00595464278013,
        "min": 3.20531950939e-23,
        "stdev": 0.0189848542213,
        "var": 0.000360424659448
    },
    "spectral_energyband_middle_high": {
        "dmean": 0.000380501704058,
        "dmean2": 0.000500374182593,
        "dvar": 9.01009059362e-07,
        "dvar2": 1.60560239237e-06,
        "max": 0.0225646197796,
        "mean": 0.00110639806371,
        "median": 0.000549422809854,
        "min": 1.64906856166e-21,
        "stdev": 0.00184973399155,
        "var": 3.42151588484e-06
    },
    "spectral_energyband_middle_low": {
        "dmean": 0.00875264592469,
        "dmean2": 0.0140749057755,
        "dvar": 0.000354852934834,
        "dvar2": 0.000939747784287,
        "max": 0.347318470478,
        "mean": 0.018124429509,
        "median": 0.0115195559338,
        "min": 2.72307792019e-22,
        "stdev": 0.0232916101813,
        "var": 0.000542499125004
    },
    "spectral_entropy": {
        "dmean": 0.238304048777,
        "dmean2": 0.362143397331,
        "dvar": 0.0867490693927,
        "dvar2": 0.17699663341,
        "max": 9.79901123047,
        "mean": 6.46074485779,
        "median": 6.32601642609,
        "min": 4.70786237717,
        "stdev": 0.725283145905,
        "var": 0.526035666466
    },
    "spectral_flux": {
        "dmean": 0.0293452851474,
        "dmean2": 0.0463531427085,
        "dvar": 0.00207471521571,
        "dvar2": 0.00481365574524,
        "max": 0.484396666288,
        "mean": 0.0685283243656,
        "median": 0.0525531843305,
        "min": 6.76333850036e-11,
        "stdev": 0.0619719661772,
        "var": 0.00384052470326
    },
    "spectral_kurtosis": {
        "dmean": 10.1986865997,
        "dmean2": 17.0842704773,
        "dvar": 196.615066528,
        "dvar2": 528.807678223,
        "max": 181.227798462,
        "mean": 23.5265769958,
        "median": 15.4841384888,
        "min": -1.22144818306,
        "stdev": 24.5661468506,
        "var": 603.495605469
    },
    "spectral_rms": {
        "dmean": 0.000973345478997,
        "dmean2": 0.0015003340086,
        "dvar": 2.24640461965e-06,
        "dvar2": 5.27921883986e-06,
        "max": 0.0203923098743,
        "mean": 0.0046474612318,
        "median": 0.00439373543486,
        "min": 3.28237198706e-12,
        "stdev": 0.00286111840978,
        "var": 8.18599892227e-06
    },
    "spectral_rolloff": {
        "dmean": 115.697372437,
        "dmean2": 192.565490723,
        "dvar": 274438.21875,
        "dvar2": 496983.96875,
        "max": 18927.6855469,
        "mean": 613.084228516,
        "median": 366.064453125,
        "min": 86.1328125,
        "stdev": 1239.66381836,
        "var": 1536766.5
    },
    "spectral_skewness": {
        "dmean": 0.713766396046,
        "dmean2": 1.16803050041,
        "dvar": 0.670062422752,
        "dvar2": 1.74880743027,
        "max": 11.5720643997,
        "mean": 3.38143730164,
        "median": 3.04833555222,
        "min": -0.0372975170612,
        "stdev": 1.61609649658,
        "var": 2.61176776886
    },
    "spectral_spread": {
        "dmean": 614500.1875,
        "dmean2": 921287.375,
        "dvar": 1.3128597504e+12,
        "dvar2": 2.1624609833e+12,
        "max": 42051616,
        "mean": 3163486,
        "median": 2537346,
        "min": 452309.03125,
        "stdev": 2315532,
        "var": 5.36168890368e+12
    },
    "spectral_strongpeak": {
        "dmean": 0.268214076757,
        "dmean2": 0.445851176977,
        "dvar": 0.161946937442,
        "dvar2": 0.416706830263,
        "max": 5.93779420853,
        "mean": 0.630310118198,
        "median": 0.417693138123,
        "min": 0,
        "stdev": 0.672579109669,
        "var": 0.452362656593
    },
    "zerocrossingrate": {
        "dmean": 0.00473212683573,
        "dmean2": 0.00590165937319,
        "dvar": 0.000157306203619,
        "dvar2": 0.000221029637032,
        "max": 0.5029296875,
        "mean": 0.0267025977373,
        "median": 0.01806640625,
        "min": 0.00048828125,
        "stdev": 0.0382335558534,
        "var": 0.00146180472802
    },
    "barkbands": {
        "dmean": [8.78065111465e-05, 0.00493330508471, 0.00201236992143, 0.00334418728016, 0.00507716555148, 0.00133168045431, 0.000549580552615, 0.000512813567184, 0.000258141604718, 8.46025432111e-05, 0.00014887881116, 6.42112354399e-05, 6.31237344351e-05, 4.24259596912e-05, 2.89447161776e-05, 1.92958596017e-05, 2.35065072047e-05, 1.74310025614e-05, 1.51773601829e-05, 2.03256549867e-05, 1.73572389031e-05, 9.92268178379e-06, 1.40551128425e-05, 1.46763104567e-05, 1.867251558e-05, 1.50037349158e-05, 2.60265869656e-06],
        "dmean2": [0.000150861073053, 0.00821622461081, 0.00338515802287, 0.0057806535624, 0.00833449140191, 0.00223132967949, 0.000857856764924, 0.000776311208028, 0.000367681786884, 0.000129722451675, 0.000197768385988, 0.000104534774437, 9.1214227723e-05, 6.17988844169e-05, 4.15008835262e-05, 3.05809589918e-05, 3.77622927772e-05, 2.82916989818e-05, 2.28532680921e-05, 3.38836107403e-05, 2.81851553154e-05, 1.54646768351e-05, 2.23388778977e-05, 2.32081438298e-05, 2.9582373827e-05, 2.48590458796e-05, 4.36828077e-06],
        "dvar": [1.03340639157e-07, 9.79016840574e-05, 2.51694127655e-05, 8.34193633636e-05, 0.000145316385897, 7.1689496508e-06, 1.17434547064e-06, 1.41727423397e-06, 2.37946005655e-06, 4.9352795628e-08, 2.47814682552e-07, 3.34407879166e-08, 1.79756156626e-08, 1.49631294022e-08, 7.01807278958e-09, 2.25798979514e-09, 4.27784874191e-09, 2.7079476439e-09, 1.88997928419e-09, 4.68599870018e-09, 3.94866228604e-09, 1.10100639716e-09, 2.83107803867e-09, 2.7621409604e-09, 5.18469667199e-09, 4.43276748641e-09, 3.24280685637e-10],
        "dvar2": [2.95752045076e-07, 0.000260834931396, 7.01024400769e-05, 0.000239945031353, 0.000384216342354, 2.01660332095e-05, 2.39043652073e-06, 2.73477348856e-06, 4.55926465293e-06, 9.22588441199e-08, 3.82118656717e-07, 8.0652590384e-08, 3.65542049963e-08, 2.62597552592e-08, 1.33294815186e-08, 5.87929971374e-09, 1.06803250688e-08, 7.00399116482e-09, 3.89470544704e-09, 1.24551480241e-08, 1.02850217232e-08, 2.46966469497e-09, 6.88753987177e-09, 6.66950006334e-09, 1.16156142482e-08, 1.01366310901e-08, 6.8958100341e-10],
        "max": [0.00406292686239, 0.112608321011, 0.064561329782, 0.144877165556, 0.291405618191, 0.0346645563841, 0.0174456760287, 0.0196940265596, 0.0547564513981, 0.00731273600832, 0.0147471139207, 0.00364271807484, 0.00270745251328, 0.00313299987465, 0.00182292517275, 0.000663903309032, 0.00113678339403, 0.000558137719054, 0.000656171585433, 0.000806864059996, 0.000997971277684, 0.000566478527617, 0.000701108248904, 0.000630825641565, 0.00133866688702, 0.00117124570534, 0.000495060347021],
        "mean": [0.000102357669675, 0.0083527462557, 0.00275731412694, 0.00400147540495, 0.00756082264706, 0.00315492879599, 0.00140273210127, 0.00113752356265, 0.00079203437781, 0.000202709721634, 0.000432256347267, 0.000120769211208, 0.000123266334413, 9.21280079638e-05, 5.47031486349e-05, 2.88520241156e-05, 3.43372776115e-05, 2.30731529882e-05, 2.22477356147e-05, 2.25537878578e-05, 1.95798002096e-05, 1.41624968819e-05, 1.62637043104e-05, 1.76980829565e-05, 2.18505574594e-05, 1.87322002603e-05, 2.40099734583e-06],
        "median": [1.61307616509e-05, 0.00320463534445, 0.000980014214292, 0.00106480391696, 0.00359477847815, 0.0015308263246, 0.000516844855156, 0.000308989314362, 8.66559857968e-05, 6.00271960138e-05, 0.000102808640804, 5.32402082172e-05, 4.27648628829e-05, 2.29140969168e-05, 1.52160719153e-05, 9.85087808658e-06, 1.10676310214e-05, 5.2333525673e-06, 5.11777443535e-06, 3.40098904417e-06, 1.4952249785e-06, 8.43851239551e-07, 5.68238760934e-07, 3.267015245e-07, 2.15586283048e-07, 5.77052077233e-08, 1.0509036974e-09],
        "min": [4.95619258088e-24, 1.76103194334e-23, 8.09933509924e-24, 1.63635626381e-23, 7.70481960742e-23, 1.83336102202e-23, 3.11307106177e-23, 2.68049034915e-23, 4.57387769071e-23, 2.88743980348e-23, 4.05725047507e-23, 8.1769080519e-23, 8.6822794846e-23, 1.27419022222e-22, 2.60459631337e-22, 7.62022153286e-23, 2.40241012741e-22, 2.93133164559e-22, 2.9199738156e-22, 2.91922736386e-22, 4.93464631254e-22, 5.60958964459e-22, 5.91116978026e-22, 7.38737112444e-22, 1.00946549133e-21, 1.57773725949e-21, 2.1768620971e-21],
        "stdev": [0.000301940192003, 0.013171730563, 0.00522887008265, 0.00960014015436, 0.0133558521047, 0.00438766693696, 0.00235594646074, 0.00210076197982, 0.00355986715294, 0.000483325304231, 0.00110639969353, 0.000235546467593, 0.000218205095734, 0.000234130566241, 0.000138283430715, 5.35461258551e-05, 7.54115390009e-05, 5.46230221516e-05, 5.44409667782e-05, 6.30473368801e-05, 6.0601709265e-05, 3.9571972593e-05, 5.38707063242e-05, 5.72501521674e-05, 7.98634282546e-05, 7.20851312508e-05, 1.82421026693e-05],
        "var": [9.11678768034e-08, 0.000173494496266, 2.73410805676e-05, 9.21626924537e-05, 0.000178378773853, 1.92516217794e-05, 5.55048382012e-06, 4.41320116806e-06, 1.26726536109e-05, 2.33603344668e-07, 1.22412041037e-06, 5.54821362186e-08, 4.76134651706e-08, 5.48171215087e-08, 1.91223090695e-08, 2.86718759845e-09, 5.68690028402e-09, 2.98367464069e-09, 2.96381896803e-09, 3.9749670222e-09, 3.67256736133e-09, 1.56594115452e-09, 2.90205304232e-09, 3.27757976315e-09, 6.37816732763e-09, 5.19626608408e-09, 3.32774335865e-10]
    },
    "erbbands": {
        "dmean": [0.0992776751518, 1.25837552547, 2.35222172737, 6.66201734543, 15.7732982635, 19.787946701, 10.3876438141, 10.5717144012, 7.96719646454, 13.3399658203, 7.83069849014, 6.19501781464, 3.16217136383, 3.12189507484, 5.21269083023, 2.73786592484, 3.0121717453, 2.28533959389, 1.36705541611, 1.36901593208, 1.32084882259, 1.13277125359, 0.977488100529, 0.86270070076, 0.850535094738, 0.894247531891, 0.766622364521, 0.6013199687, 0.372332841158, 0.345368653536, 0.429102152586, 0.317098408937, 0.243368193507, 0.212984710932, 0.136022865772, 0.0730222612619, 0.0253053177148, 0.00772839551792, 0.00026346751838, 1.88597023225e-05],
        "dmean2": [0.164539471269, 2.10260248184, 3.99994301796, 11.5398836136, 27.1676654816, 32.1709136963, 16.6985664368, 17.8500137329, 13.2415046692, 19.6004505157, 11.7168607712, 8.8321352005, 4.80481386185, 4.42357110977, 7.09024810791, 4.34549570084, 4.26675796509, 3.32066965103, 2.01042437553, 1.95466268063, 2.06855797768, 1.83535397053, 1.58449733257, 1.32847118378, 1.28659522533, 1.48840999603, 1.23857474327, 0.991412997246, 0.587432861328, 0.529669463634, 0.692032337189, 0.517650604248, 0.389464348555, 0.337596833706, 0.21726116538, 0.125174239278, 0.0404258221388, 0.0124546857551, 0.000433257169789, 2.98273553199e-05],
        "dvar": [0.035663202405, 6.64924192429, 29.4981365204, 358.608032227, 1173.50158691, 3107.54833984, 568.841064453, 505.048370361, 312.64956665, 866.885192871, 458.5262146, 1601.2355957, 76.9563064575, 59.3092384338, 267.176269531, 52.3759803772, 40.5521202087, 53.4023895264, 10.8982954025, 25.3221740723, 10.4042310715, 10.1477994919, 8.84209537506, 7.44081926346, 5.26615619659, 9.97772789001, 6.99409866333, 5.19942617416, 1.5054473877, 1.30075585842, 2.98947477341, 1.47327673435, 0.724382817745, 0.697677433491, 0.271717011929, 0.0767177790403, 0.0156351365149, 0.0019536211621, 2.84799352812e-06, 2.09779149607e-09],
        "dvar2": [0.0951315313578, 17.695520401, 81.2026672363, 1052.06115723, 3327.03735352, 8043.74462891, 1467.16882324, 1418.25146484, 834.536254883, 1748.42590332, 946.056335449, 3003.03173828, 149.682479858, 104.991447449, 455.49130249, 125.83618927, 77.4692382812, 95.6097869873, 24.052438736, 43.9669265747, 26.3447742462, 26.2584514618, 23.2511196136, 15.669757843, 11.7760028839, 26.799911499, 18.4344787598, 13.7715711594, 3.44155883789, 2.91368865967, 7.50816917419, 3.67014098167, 1.68614590168, 1.55523943901, 0.620868325233, 0.193430036306, 0.0330430530012, 0.00440792087466, 6.01935653322e-06, 4.78409090121e-09],
        "max": [1.84656178951, 29.0290298462, 65.2206420898, 295.069122314, 377.12588501, 1499.76953125, 445.38571167, 302.145080566, 276.776275635, 689.355773926, 497.952087402, 1516.11315918, 278.883544922, 170.958007812, 444.253417969, 117.671791077, 134.595169067, 194.529373169, 54.2916870117, 133.152053833, 42.9700393677, 40.3170967102, 35.1930160522, 45.9861106873, 29.6511421204, 38.9616851807, 48.8799285889, 31.245798111, 18.7700538635, 15.0014095306, 22.9442481995, 17.673160553, 10.7241840363, 17.0453224182, 8.74989128113, 4.38155460358, 2.40074515343, 1.03264987469, 0.0425860211253, 0.000714696769137],
        "mean": [0.150709316134, 2.13839197159, 3.68834114075, 8.64747905731, 19.5975799561, 28.5109653473, 22.4796829224, 24.640171051, 18.1646671295, 31.8393039703, 20.2595481873, 20.6644763947, 8.03955173492, 8.88735389709, 14.807305336, 5.78674221039, 6.34586715698, 4.92353439331, 2.7918946743, 2.77096962929, 2.10108852386, 1.67390871048, 1.34507870674, 1.21130311489, 1.1994946003, 0.99538564682, 0.87739020586, 0.659689426422, 0.507602632046, 0.463639110327, 0.475686848164, 0.360634714365, 0.299899429083, 0.252497464418, 0.152698487043, 0.0851298496127, 0.030819978565, 0.00819320324808, 0.000275957747363, 3.94853232137e-05],
        "median": [0.0630820468068, 0.790423452854, 1.56249666214, 2.60955142975, 6.68961906433, 12.2513389587, 9.79892063141, 12.9956130981, 7.26405906677, 9.68932056427, 6.29272937775, 2.50568246841, 3.0841383934, 3.20638680458, 3.954611063, 3.12365579605, 2.62733626366, 1.35704755783, 0.970279335976, 0.681676030159, 0.687385797501, 0.546695530415, 0.39113754034, 0.232804626226, 0.281070291996, 0.164517790079, 0.093747369945, 0.0472245365381, 0.0315830111504, 0.0208493862301, 0.0136350598186, 0.00857141800225, 0.00505336560309, 0.00308602117002, 0.00122893997468, 0.000447515019914, 6.9360852649e-05, 4.89829290018e-06, 1.34829533636e-05, 2.32434213103e-05],
        "min": [8.13032007254e-22, 3.00022588505e-21, 6.64346070004e-21, 3.10330927031e-20, 1.02875496356e-19, 1.45152012454e-19, 2.52731465234e-19, 1.54201497603e-19, 1.76324094118e-19, 9.67404890378e-19, 6.23236647589e-19, 1.13183588505e-18, 8.97222441114e-19, 8.21033109638e-19, 2.15216079249e-18, 3.41507492272e-18, 3.60244973624e-18, 4.79492943731e-18, 1.36598348154e-17, 9.07178903954e-18, 5.38591276186e-18, 1.3330215749e-17, 1.63226226786e-17, 1.21250185596e-17, 1.5686467848e-17, 1.42220355633e-17, 1.659695382e-17, 2.01021300114e-17, 2.17088969184e-17, 2.03374943285e-17, 1.83863026493e-17, 1.32134534153e-17, 1.42480719003e-17, 1.00560843376e-17, 8.05808333476e-18, 5.8705645002e-18, 2.96805204404e-18, 1.0677583389e-18, 2.89382132116e-19, 3.2435787458e-20],
        "stdev": [0.231702819467, 3.44891500473, 5.95156812668, 19.225276947, 35.0783615112, 61.5139083862, 35.9264221191, 35.4343109131, 29.7940387726, 57.9267883301, 42.3511161804, 95.7275009155, 19.4061183929, 16.3218803406, 34.9401512146, 9.80205059052, 10.8721666336, 13.7741031647, 4.79058790207, 9.13969898224, 3.91747736931, 3.34315919876, 2.98686528206, 3.40327501297, 2.61024045944, 2.85364580154, 2.58173203468, 2.10793566704, 1.41797745228, 1.34765231609, 1.67446517944, 1.23261451721, 0.963217258453, 0.938633739948, 0.560644507408, 0.297634541988, 0.135518297553, 0.0440230108798, 0.00172506866511, 5.54094658582e-05],
        "var": [0.0536861978471, 11.8950147629, 35.4211616516, 369.611297607, 1230.49133301, 3783.9609375, 1290.70788574, 1255.59033203, 887.684753418, 3355.51293945, 1793.6171875, 9163.75488281, 376.597412109, 266.403778076, 1220.81408691, 96.0801925659, 118.20400238, 189.725906372, 22.9497318268, 83.5340957642, 15.3466281891, 11.1767129898, 8.92136383057, 11.5822811127, 6.81335544586, 8.14329433441, 6.66533994675, 4.44339227676, 2.01065993309, 1.81616663933, 2.80383372307, 1.51933848858, 0.927787542343, 0.881033301353, 0.314322263002, 0.0885863229632, 0.0183652080595, 0.00193802535068, 2.97586188935e-06, 3.07020897594e-09]
    },
    "gfcc": {
        "mean": [-128.228363037, 164.929794312, -82.8034744263, 18.8317298889, -47.2407989502, 3.91802620888, -31.4423561096, -1.50536596775, -20.6962203979, -3.041918993, -4.46621274948, -4.64302778244, -4.26730203629],
        "cov": [[22122.796875, -1180.22106934, -871.307312012, -366.00390625, -914.852294922, -195.798309326, -439.561920166, 64.596031189, -448.519378662, 395.539245605, -362.864593506, 235.756835938, -270.405456543], [-1180.22106934, 3669.5078125, -342.295593262, -564.983703613, 626.251464844, -553.115844727, 291.21585083, -538.996276855, 352.803833008, -447.160308838, 523.11114502, -406.505401611, 361.253143311], [-871.307312012, -342.295593262, 1268.58325195, 197.961685181, -74.5864486694, 268.571777344, -38.3477554321, 70.8229370117, -94.40599823, 119.596832275, -135.813583374, 119.673347473, -70.067237854], [-366.00390625, -564.983703613, 197.961685181, 474.555480957, -24.5557518005, 136.2865448, -17.571313858, 67.8527145386, -41.1720466614, 78.2607040405, -37.4488945007, 37.6096496582, -33.6578941345], [-914.852294922, 626.251464844, -74.5864486694, -24.5557518005, 423.489257812, -71.5553131104, 90.21118927, -87.5271453857, 58.65650177, -79.4662857056, 113.851593018, -68.1628265381, 36.7378883362], [-195.798309326, -553.115844727, 268.571777344, 136.2865448, -71.5553131104, 243.735122681, -10.1469268799, 116.518424988, -42.4912452698, 98.0448074341, -87.2738800049, 75.7880783081, -51.3519020081], [-439.561920166, 291.21585083, -38.3477554321, -17.571313858, 90.21118927, -10.1469268799, 131.723999023, 3.22957634926, 71.6401367188, -36.0168571472, 46.5967445374, -53.530002594, 39.7207374573], [64.596031189, -538.996276855, 70.8229370117, 67.8527145386, -87.5271453857, 116.518424988, 3.22957634926, 191.628723145, -4.8215880394, 84.2876205444, -88.6767120361, 54.0021972656, -55.5022163391], [-448.519378662, 352.803833008, -94.40599823, -41.1720466614, 58.65650177, -42.4912452698, 71.6401367188, -4.8215880394, 134.517745972, -27.6895027161, 74.9812545776, -55.3787918091, 45.6153678894], [395.539245605, -447.160308838, 119.596832275, 78.2607040405, -79.4662857056, 98.0448074341, -36.0168571472, 84.2876205444, -27.6895027161, 157.630706787, -33.6961746216, 81.506652832, -52.360458374], [-362.864593506, 523.11114502, -135.813583374, -37.4488945007, 113.851593018, -87.2738800049, 46.5967445374, -88.6767120361, 74.9812545776, -33.6961746216, 163.096481323, -46.6855049133, 65.5218963623], [235.756835938, -406.505401611, 119.673347473, 37.6096496582, -68.1628265381, 75.7880783081, -53.530002594, 54.0021972656, -55.3787918091, 81.506652832, -46.6855049133, 121.117340088, -26.87550354], [-270.405456543, 361.253143311, -70.067237854, -33.6578941345, 36.7378883362, -51.3519020081, 39.7207374573, -55.5022163391, 45.6153678894, -52.360458374, 65.5218963623, -26.87550354, 100.581382751]],
        "icov": [[6.8193738116e-05, -0.000123104371596, 0.000113862552098, -3.15315846819e-05, 0.000151772008394, 6.01408792136e-05, 1.41408863783e-05, -1.08463900688e-05, 0.000240881170612, -0.000323821383063, 0.000269105396001, -0.000119617434393, 0.000172865344211], [-0.000123104371596, 0.002422809368, -0.00110374600627, 0.0015606675297, -0.00125751399901, 0.000996142975055, -0.000510552839842, 0.0017804778181, -0.00164961873088, 0.00142920168582, -0.00298498431221, 0.00312647060491, -0.00285541941412], [0.000113862552098, -0.00110374600627, 0.00168752693571, -0.000830809818581, 0.00057850027224, -0.0014406099217, -3.42539824487e-05, 0.000156170455739, 0.000783419818617, -0.00111042172648, 0.00221402896568, -0.0019164190162, 0.00143311801367], [-3.15315846819e-05, 0.0015606675297, -0.000830809818581, 0.00370331644081, -0.00093816377921, -0.000506793439854, 7.19936288078e-05, 0.000684615981299, -7.40807954571e-05, -6.25352695351e-05, -0.00238835415803, 0.00308197480626, -0.00221597356722], [0.000151772008394, -0.00125751399901, 0.00057850027224, -0.00093816377921, 0.00435280846432, -0.000402971723815, -0.00195876182988, -4.97592009197e-05, 0.00133960612584, 0.000412903958932, -0.000569025636651, -0.00207068165764, 0.00338889518753], [6.01408792136e-05, 0.000996142975055, -0.0014406099217, -0.000506793439854, -0.000402971723815, 0.00978742912412, -0.0020748609677, -0.00170613278169, 0.00022216438083, -0.00186248787213, 0.000697713927366, -0.000338924379321, -0.00118257838767], [1.41408863783e-05, -0.000510552839842, -3.42539824487e-05, 7.19936288078e-05, -0.00195876182988, -0.0020748609677, 0.0147339878604, -0.00379540608265, -0.00337765971199, 0.000306817441015, -0.000172955376911, 0.00407842872664, -0.003490898991], [-1.08463900688e-05, 0.0017804778181, 0.000156170455739, 0.000684615981299, -4.97592009197e-05, -0.00170613278169, -0.00379540608265, 0.014213248156, -0.00569704128429, -0.00229752692394, 0.00405915267766, -0.000621655664872, 0.000980195356533], [0.000240881170612, -0.00164961873088, 0.000783419818617, -7.40807954571e-05, 0.00133960612584, 0.00022216438083, -0.00337765971199, -0.00569704128429, 0.0172630473971, -0.00267506972887, -0.00368240335956, 0.00292832008563, -0.00113268336281], [-0.000323821383063, 0.00142920168582, -0.00111042172648, -6.25352695351e-05, 0.000412903958932, -0.00186248787213, 0.000306817441015, -0.00229752692394, -0.00267506972887, 0.0168272964656, -0.00730711314827, -0.0053726718761, 0.00400869268924], [0.000269105396001, -0.00298498431221, 0.00221402896568, -0.00238835415803, -0.000569025636651, 0.000697713927366, -0.000172955376911, 0.00405915267766, -0.00368240335956, -0.00730711314827, 0.020209306851, -0.0038917188067, -0.00127887981944], [-0.000119617434393, 0.00312647060491, -0.0019164190162, 0.00308197480626, -0.00207068165764, -0.000338924379321, 0.00407842872664, -0.000621655664872, 0.00292832008563, -0.0053726718761, -0.0038917188067, 0.0225497446954, -0.00878924876451], [0.000172865344211, -0.00285541941412, 0.00143311801367, -0.00221597356722, 0.00338889518753, -0.00118257838767, -0.003490898991, 0.000980195356533, -0.00113268336281, 0.00400869268924, -0.00127887981944, -0.00878924876451, 0.0220824368298]]
    },
    "melbands": {
        "dmean": [0.00117420416791, 0.00133252714295, 0.00139088334981, 0.00123721244745, 0.00046256755013, 0.000241346642724, 0.000116838084068, 0.000141683063703, 6.00001658313e-05, 3.53842297045e-05, 1.53170221893e-05, 1.20431150208e-05, 2.15602503886e-05, 7.00953296473e-06, 7.92391347204e-06, 5.71409191252e-06, 4.19368552684e-06, 2.28744261221e-06, 1.99655073629e-06, 1.40048587127e-06, 1.69747761447e-06, 1.26397856093e-06, 1.03416118691e-06, 9.32412888233e-07, 6.97220741586e-07, 5.74821967803e-07, 7.37168818432e-07, 5.95574078943e-07, 4.98784800129e-07, 4.55196072835e-07, 3.07772495489e-07, 2.14840682133e-07, 1.94785314989e-07, 1.99108782795e-07, 2.48845026363e-07, 2.50334920793e-07, 1.79096630859e-07, 1.71628329326e-07, 1.84037475037e-07, 1.80550216555e-07],
        "dmean2": [0.00194359838497, 0.00223491340876, 0.00240469537675, 0.00204414478503, 0.000741138181183, 0.000405747938203, 0.0001910290448, 0.000209797421121, 8.90184819582e-05, 5.06214491907e-05, 2.36170308199e-05, 1.72881373146e-05, 2.8412849133e-05, 1.12812631414e-05, 1.182858432e-05, 8.25024289952e-06, 6.15175667917e-06, 3.46222623193e-06, 2.92860545414e-06, 2.06072172659e-06, 2.68879239229e-06, 2.05908349926e-06, 1.68456699612e-06, 1.529234396e-06, 1.09059783426e-06, 8.71667680258e-07, 1.2124847899e-06, 1.0127994301e-06, 8.17942975573e-07, 7.48633567582e-07, 5.09721985509e-07, 3.49423885382e-07, 2.98597853998e-07, 3.07903150087e-07, 4.09489331332e-07, 4.22076880113e-07, 2.92660985224e-07, 2.80600175984e-07, 3.03719531303e-07, 2.87478059136e-07],
        "dvar": [5.17489206686e-06, 8.67932158144e-06, 1.31350225274e-05, 7.84756139183e-06, 1.48534081745e-06, 2.51691574249e-07, 6.32525711808e-08, 1.00592188801e-07, 4.30834532494e-08, 4.75934847088e-08, 1.80851866816e-09, 8.50259640472e-10, 5.39046363102e-09, 3.87024884363e-10, 4.3587461418e-10, 1.92398708077e-10, 1.59886798246e-10, 3.51958601152e-11, 3.77149457498e-11, 2.06475374992e-11, 1.86244197148e-11, 1.26667825534e-11, 8.69398563558e-12, 8.27254237334e-12, 5.62388590558e-12, 2.14925993669e-12, 5.44883192385e-12, 5.17147392617e-12, 2.92812909336e-12, 2.86865214742e-12, 1.45790118259e-12, 4.88778559727e-13, 4.26032988185e-13, 4.09661833536e-13, 1.01744524264e-12, 1.01702142801e-12, 4.36686494257e-13, 3.45251767713e-13, 4.84828485952e-13, 5.48308685781e-13],
        "dvar2": [1.38908990266e-05, 2.34857816395e-05, 3.82856451324e-05, 2.05799369724e-05, 3.84081567972e-06, 7.08911386482e-07, 1.65836809174e-07, 2.01681544354e-07, 8.75728289884e-08, 9.02665462377e-08, 3.47695072733e-09, 1.56435664422e-09, 8.36084268485e-09, 1.00991981444e-09, 9.27267262973e-10, 3.76356751319e-10, 2.88773477353e-10, 7.86502044048e-11, 7.5107559061e-11, 3.62829488676e-11, 4.70256437957e-11, 3.21645834966e-11, 2.32956796214e-11, 2.08295689724e-11, 1.19412483374e-11, 4.61604799523e-12, 1.39158250895e-11, 1.41188892175e-11, 7.85903547101e-12, 7.61018158213e-12, 3.87437304461e-12, 1.15461947729e-12, 9.32693917759e-13, 9.35967991479e-13, 2.59589658796e-12, 2.56781249909e-12, 1.06319510487e-12, 7.989115554e-13, 1.19396257204e-12, 1.1838208365e-12],
        "max": [0.0249096546322, 0.0308600906283, 0.0553897619247, 0.0619907528162, 0.0306411720812, 0.00686935801059, 0.00368008785881, 0.00726189697161, 0.00583838531747, 0.0082377968356, 0.00137808430009, 0.000562075816561, 0.00216648774222, 0.000462916737888, 0.00046245593694, 0.000280844426015, 0.000325961475028, 8.94490949577e-05, 0.000116425224405, 0.000119210380944, 7.1759975981e-05, 5.28679556737e-05, 4.70451377623e-05, 3.60514641216e-05, 4.42141172243e-05, 1.93709729501e-05, 3.03493870888e-05, 2.81246757368e-05, 3.39357829944e-05, 2.14038409467e-05, 1.90999071492e-05, 1.14525801109e-05, 8.37973129819e-06, 8.27656913316e-06, 1.44063851621e-05, 1.28694373416e-05, 9.94237143459e-06, 7.30974034013e-06, 9.37402455747e-06, 1.72642812686e-05],
        "mean": [0.00192930200137, 0.00235109915957, 0.00183857604861, 0.00174900970887, 0.00091848988086, 0.000572829623707, 0.000277313200058, 0.00033240756602, 0.000162960350281, 0.000113161542686, 3.61887505278e-05, 3.29892100126e-05, 6.24065069132e-05, 1.36042699523e-05, 1.66687004821e-05, 1.16809924293e-05, 8.75090518093e-06, 4.7439498303e-06, 3.64075208381e-06, 2.6629563763e-06, 2.55910026681e-06, 1.82279666205e-06, 1.34940637508e-06, 1.19879928207e-06, 9.39903600283e-07, 8.21192315925e-07, 9.00195459508e-07, 5.99449208494e-07, 5.54739415293e-07, 4.85334908262e-07, 3.37364269853e-07, 2.80406680986e-07, 2.73829641628e-07, 2.50482599995e-07, 2.70317087825e-07, 2.61074291075e-07, 2.11411403939e-07, 2.09579951616e-07, 2.1321605459e-07, 2.14065934756e-07],
        "median": [0.000762390438467, 0.00106777204201, 0.000627689936664, 0.000737070629839, 0.000430685642641, 0.000292496057227, 0.000107237094198, 0.000102128004073, 3.47921741195e-05, 1.27906969283e-05, 1.36722092066e-05, 1.12062907647e-05, 1.44955301948e-05, 5.80727555644e-06, 7.64374453865e-06, 3.57015164809e-06, 2.17022852667e-06, 1.45473995872e-06, 9.92128889266e-07, 6.93442530064e-07, 7.52149674099e-07, 5.49593437427e-07, 3.7482587345e-07, 2.56014857314e-07, 1.59134742717e-07, 1.94436196921e-07, 1.65932704022e-07, 8.63300329002e-08, 6.11762089875e-08, 3.21339399534e-08, 2.34045103298e-08, 2.02250607373e-08, 1.14923146555e-08, 1.10861986258e-08, 7.88760878834e-09, 6.59767795952e-09, 4.271362819e-09, 3.50907836122e-09, 3.20121218422e-09, 2.26810881188e-09],
        "min": [6.62736403745e-24, 3.45843838926e-24, 1.02202491741e-23, 1.37038881194e-23, 7.91426438657e-24, 3.87791478118e-24, 3.69486434129e-24, 9.85372467599e-24, 5.14357386714e-24, 6.87518153538e-24, 4.19735453842e-24, 3.09791081177e-24, 5.48580618251e-24, 9.57471640672e-24, 6.48829811505e-24, 9.01899229799e-24, 6.82075013292e-24, 2.55790625541e-23, 1.34178298002e-23, 7.77276956144e-24, 6.39196794333e-24, 1.28473421596e-23, 1.54549289816e-23, 1.34461956606e-23, 8.72605037856e-24, 1.10282115573e-23, 8.48414460425e-24, 8.83544172028e-24, 8.66645588147e-24, 1.20598238957e-23, 1.09422091525e-23, 1.32476456817e-23, 9.32467589876e-24, 1.12493560903e-23, 1.10474187426e-23, 8.88799247835e-24, 7.31283762129e-24, 1.00886766414e-23, 8.73577230035e-24, 8.44911602461e-24],
        "stdev": [0.00297500216402, 0.00357418763451, 0.00371968001127, 0.00310476403683, 0.00152776448522, 0.000805030926131, 0.000444026954938, 0.000589942268562, 0.000414722861024, 0.000518843182363, 9.20192687772e-05, 6.1350503529e-05, 0.000163207572768, 2.43351478275e-05, 3.17448757414e-05, 2.43961349042e-05, 2.3724640414e-05, 8.91812123882e-06, 9.61538171396e-06, 8.18822354631e-06, 5.23818243892e-06, 3.94855806007e-06, 2.83845110971e-06, 3.10652853841e-06, 2.93644984595e-06, 1.78194545697e-06, 2.29086094805e-06, 1.96666564989e-06, 1.6311971649e-06, 1.58261525485e-06, 1.10100268103e-06, 7.79990557476e-07, 7.96594974872e-07, 7.37769369152e-07, 9.56758867687e-07, 9.68768631537e-07, 7.04231069903e-07, 6.77607488342e-07, 7.28316933873e-07, 8.39733104385e-07],
        "var": [8.85063764144e-06, 1.27748180603e-05, 1.38360201163e-05, 9.63955972111e-06, 2.33406422012e-06, 6.48074831133e-07, 1.97159948812e-07, 3.48031903741e-07, 1.71995040432e-07, 2.69198238811e-07, 8.46754577566e-09, 3.76388431533e-09, 2.66367123913e-08, 5.9219945614e-10, 1.00773711598e-09, 5.95171412154e-10, 5.62858537556e-10, 7.95328941594e-11, 9.24555570991e-11, 6.70470068354e-11, 2.74385531657e-11, 1.55911100003e-11, 8.05680435562e-12, 9.65051996649e-12, 8.62273794033e-12, 3.17532979077e-12, 5.24804418672e-12, 3.86777415651e-12, 2.66080430258e-12, 2.50467094981e-12, 1.21220687568e-12, 6.08385249731e-13, 6.34563528026e-13, 5.44303642956e-13, 9.15387557421e-13, 9.38512613978e-13, 4.9594139559e-13, 4.59151922212e-13, 5.30445533418e-13, 7.05151648878e-13]
    },
    "melbands128": {
