{
"lowlevel": {
    "average_loudness": 0.311737388372,
    "barkbands_crest": {
        "dmean": 1.83679664135,
        "dmean2": 2.96726703644,
        "dvar": 3.27387499809,
        "dvar2": 7.86616373062,
        "max": 26.3018608093,
        "mean": 13.5732860565,
        "median": 12.6720180511,
        "min": 4.65945196152,
        "stdev": 4.8509926796,
        "var": 23.5321311951
    },
    "barkbands_flatness_db": {
        "dmean": 0.0204936321825,
        "dmean2": 0.0348934866488,
        "dvar": 0.000396663846914,
        "dvar2": 0.00101374043152,
        "max": 0.502357304096,
        "mean": 0.336029976606,
        "median": 0.338878303766,
        "min": 0.0703432187438,
        "stdev": 0.0487717650831,
        "var": 0.00237868516706
    },
    "barkbands_kurtosis": {
        "dmean": 1.8586537838,
        "dmean2": 2.80854034424,
        "dvar": 9.16118240356,
        "dvar2": 16.8083839417,
        "max": 68.125831604,
        "mean": 5.15238046646,
        "median": 3.46192908287,
        "min": -1.35139262676,
        "stdev": 6.72632360458,
        "var": 45.2434272766
    },
    "barkbands_skewness": {
        "dmean": 0.336802363396,
        "dmean2": 0.524482905865,
        "dvar": 0.126687854528,
        "dvar2": 0.268721967936,
        "max": 6.70134878159,
        "mean": 1.2232517004,
        "median": 1.16497695446,
        "min": -1.95391070843,
        "stdev": 0.890965104103,
        "var": 0.793818831444
    },
    "barkbands_spread": {
        "dmean": 0.745045542717,
        "dmean2": 1.19900846481,
        "dvar": 0.623651564121,
        "dvar2": 1.35688400269,
        "max": 27.0669345856,
        "mean": 4.65290784836,
        "median": 4.50787401199,
        "min": 0.620123207569,
        "stdev": 2.02909111977,
        "var": 4.11721038818
    },
    "dissonance": {
        "dmean": 0.0392368994653,
        "dmean2": 0.0666221678257,
        "dvar": 0.00133834767621,
        "dvar2": 0.00354974274524,
        "max": 0.5,
        "mean": 0.384184151888,
        "median": 0.391697943211,
        "min": 0.0750366151333,
        "stdev": 0.0587811991572,
        "var": 0.00345522956923
    },
    "dynamic_complexity": 8.79666519165,
    "erbbands_crest": {
        "dmean": 1.85838925838,
        "dmean2": 2.92386722565,
        "dvar": 4.52607154846,
        "dvar2": 9.63828086853,
        "max": 32.9929618835,
        "mean": 15.0876665115,
        "median": 13.9109983444,
        "min": 3.4005241394,
        "stdev": 6.10288286209,
        "var": 37.2451820374
    },
    "erbbands_flatness_db": {
        "dmean": 0.0125354090706,
        "dmean2": 0.0199243556708,
        "dvar": 0.000203565548873,
        "dvar2": 0.000413529371144,
        "max": 0.482361644506,
        "mean": 0.352462351322,
        "median": 0.358996152878,
        "min": 0.095068693161,
        "stdev": 0.0533399172127,
        "var": 0.00284514692612
    },
    "erbbands_kurtosis": {
        "dmean": 1.10199403763,
        "dmean2": 1.61016047001,
        "dvar": 4.19522762299,
        "dvar2": 6.77380180359,
        "max": 49.0720825195,
        "mean": 2.78280377388,
        "median": 1.2394888401,
        "min": -1.16862535477,
        "stdev": 4.90694379807,
        "var": 24.0780963898
    },
    "erbbands_skewness": {
        "dmean": 0.270033299923,
        "dmean2": 0.41295671463,
        "dvar": 0.0848103165627,
        "dvar2": 0.165802046657,
        "max": 5.81944465637,
        "mean": 0.943587839603,
        "median": 0.851456344128,
        "min": -1.30353176594,
        "stdev": 0.886014342308,
        "var": 0.785021364689
    },
    "erbbands_spread": {
        "dmean": 1.39633774757,
        "dmean2": 2.23806405067,
        "dvar": 2.24433994293,
        "dvar2": 5.05532932281,
        "max": 32.4668960571,
        "mean": 10.4326334,
        "median": 9.97079658508,
        "min": 1.36313664913,
        "stdev": 4.52466964722,
        "var": 20.4726333618
    },
    "hfc": {
        "dmean": 2.23317098618,
        "dmean2": 2.89141368866,
        "dvar": 28.4535732269,
        "dvar2": 54.865562439,
        "max": 91.0338745117,
        "mean": 7.45488548279,
        "median": 2.34508895874,
        "min": 1.15631114608e-16,
        "stdev": 11.3873710632,
        "var": 129.672225952
    },
    "loudness_ebu128": {
        "integrated": -20.7335624695,
        "loudness_range": 16.5068511963,
        "momentary": {
            "dmean": 0.97053694725,
            "dmean2": 0.814128994942,
            "dvar": 1.68269062042,
            "dvar2": 2.13068056107,
            "max": -14.7470006943,
            "mean": -27.4538555145,
            "median": -25.4137954712,
            "min": -54.5090866089,
            "stdev": 9.34190368652,
            "var": 87.2711639404
        },
        "short_term": {
            "dmean": 0.286323845387,
            "dmean2": 0.181886091828,
            "dvar": 0.26198977232,
            "dvar2": 0.184881865978,
            "max": -16.7862033844,
            "mean": -25.0084819794,
            "median": -23.1976470947,
            "min": -43.9225769043,
            "stdev": 6.50822019577,
            "var": 42.3569297791
        }
    },
    "melbands_crest": {
        "dmean": 2.17950105667,
        "dmean2": 3.52552890778,
        "dvar": 4.9042930603,
        "dvar2": 10.8162517548,
        "max": 32.4826278687,
        "mean": 16.6408729553,
        "median": 15.5330410004,
        "min": 2.2732489109,
        "stdev": 5.65450620651,
        "var": 31.9734401703
    },
    "melbands_flatness_db": {
        "dmean": 0.0160033088177,
        "dmean2": 0.0255213193595,
        "dvar": 0.000336248922395,
        "dvar2": 0.000733440450858,
        "max": 0.556486487389,
        "mean": 0.421236842871,
        "median": 0.427662968636,
        "min": 0.00553001696244,
        "stdev": 0.0488176159561,
        "var": 0.00238315947354
    },
    "melbands_kurtosis": {
        "dmean": 1.96003329754,
        "dmean2": 3.03379821777,
        "dvar": 9.72022342682,
        "dvar2": 19.703414917,
        "max": 89.0689544678,
        "mean": 5.34749031067,
        "median": 3.80045294762,
        "min": -1.44009077549,
        "stdev": 6.48088598251,
        "var": 42.0018844604
    },
    "melbands_skewness": {
        "dmean": 0.333507865667,
        "dmean2": 0.526510417461,
        "dvar": 0.126702979207,
        "dvar2": 0.271914809942,
        "max": 5.85544490814,
        "mean": 1.2687997818,
        "median": 1.25326538086,
        "min": -1.39106678963,
        "stdev": 0.927944898605,
        "var": 0.861081779003
    },
    "melbands_spread": {
        "dmean": 1.15207123756,
        "dmean2": 1.80034577847,
        "dvar": 10.2720832825,
        "dvar2": 11.6344184875,
        "max": 146.22996521,
        "mean": 7.07766675949,
        "median": 6.61146259308,
        "min": 1.10210633278,
        "stdev": 4.48021841049,
        "var": 20.0723552704
    },
    "pitch_salience": {
        "dmean": 0.0512602701783,
        "dmean2": 0.0843505337834,
        "dvar": 0.00240640924312,
        "dvar2": 0.00593918701634,
        "max": 0.973078548908,
        "mean": 0.501227378845,
        "median": 0.504364848137,
        "min": 0.107644312084,
        "stdev": 0.122927881777,
        "var": 0.0151112647727
    },
    "silence_rate_20dB": {
        "dmean": 0,
        "dmean2": 0,
        "dvar": 0,
        "dvar2": 0,
        "max": 1,
        "mean": 1,
        "median": 1,
        "min": 1,
        "stdev": 0,
        "var": 0
    },
    "silence_rate_30dB": {
        "dmean": 0.00206079334021,
        "dmean2": 0.00412371149287,
        "dvar": 0.00205658841878,
        "dvar2": 0.00410685641691,
        "max": 1,
        "mean": 0.99794024229,
        "median": 1,
        "min": 0,
        "stdev": 0.0453380122781,
        "var": 0.00205553532578
    },
    "silence_rate_60dB": {
        "dmean": 0.0298815052956,
        "dmean2": 0.0597938150167,
        "dvar": 0.0289884507656,
        "dvar2": 0.0624049864709,
        "max": 1,
        "mean": 0.398043245077,
        "median": 0,
        "min": 0,
        "stdev": 0.489498615265,
        "var": 0.239608898759
    },
    "spectral_centroid": {
        "dmean": 33.965637207,
        "dmean2": 49.0139389038,
        "dvar": 44235.8710938,
        "dvar2": 34778.0742188,
        "max": 11009.3916016,
        "mean": 493.635742188,
        "median": 463.636474609,
        "min": 270.000213623,
        "stdev": 274.458343506,
        "var": 75327.375
    },
    "spectral_complexity": {
        "dmean": 0.977846443653,
        "dmean2": 1.64020621777,
        "dvar": 1.50235176086,
        "dvar2": 3.23857760429,
        "max": 23,
        "mean": 7.65653944016,
        "median": 7,
        "min": 0,
        "stdev": 5.23669290543,
        "var": 27.422952652
    },
    "spectral_decrease": {
        "dmean": 1.03606956348e-09,
        "dmean2": 1.42478173704e-09,
        "dvar": 4.66047122874e-18,
        "dvar2": 9.73142421902e-18,
        "max": -4.45825247346e-29,
        "mean": -3.66583563505e-09,
        "median": -1.43344691672e-09,
        "min": -3.46497266435e-08,
        "stdev": 4.94598673129e-09,
        "var": 2.44627863184e-17
    },
    "spectral_energy": {
        "dmean": 0.00410939427093,
        "dmean2": 0.00563094113022,
        "dvar": 7.39881288609e-05,
        "dvar2": 0.000153869128553,
        "max": 0.138733640313,
        "mean": 0.0145118935034,
        "median": 0.00561968330294,
        "min": 1.06563456883e-20,
        "stdev": 0.0196597892791,
        "var": 0.00038650733768
    },
    "spectral_energyband_high": {
        "dmean": 2.1650605504e-06,
        "dmean2": 2.93128118756e-06,
        "dvar": 2.41291209235e-10,
        "dvar2": 5.35486877062e-10,
        "max": 0.000517820706591,
        "mean": 3.36350763064e-06,
        "median": 3.25192459627e-08,
        "min": 8.02692835247e-21,
        "stdev": 1.84514992725e-05,
        "var": 3.40457856352e-10
    },
    "spectral_energyband_low": {
        "dmean": 0.000489833590109,
        "dmean2": 0.000837349856738,
        "dvar": 8.19118952222e-07,
        "dvar2": 2.27300643019e-06,
        "max": 0.0136118177325,
        "mean": 0.00107853091322,
        "median": 0.00047857806203,
        "min": 1.38578160235e-22,
        "stdev": 0.00158849160653,
        "var": 2.5233055112e-06
    },
    "spectral_energyband_middle_high": {
        "dmean": 0.000618866295554,
        "dmean2": 0.000788980978541,
        "dvar": 9.15685996006e-06,
        "dvar2": 1.63933891599e-05,
        "max": 0.0759203955531,
        "mean": 0.00190979440231,
        "median": 0.000435436813859,
        "min": 1.43742634419e-21,
        "stdev": 0.0055583207868,
        "var": 3.08949274768e-05
    },
    "spectral_energyband_middle_low": {
        "dmean": 0.00358879612759,
        "dmean2": 0.00499343173578,
        "dvar": 5.97884354647e-05,
        "dvar2": 0.000125629609101,
        "max": 0.125078454614,
        "mean": 0.0118954591453,
        "median": 0.00422229059041,
        "min": 2.64241417895e-22,
        "stdev": 0.0170027222484,
        "var": 0.000289092538878
    },
    "spectral_entropy": {
        "dmean": 0.143313199282,
        "dmean2": 0.228564441204,
        "dvar": 0.0369532220066,
        "dvar2": 0.0805207118392,
        "max": 9.80081939697,
        "mean": 5.79565143585,
        "median": 5.81522464752,
        "min": 4.02771759033,
        "stdev": 0.398299515247,
        "var": 0.15864251554
    },
    "spectral_flux": {
        "dmean": 0.0134891625494,
        "dmean2": 0.0212037786841,
        "dvar": 0.000541032350156,
        "dvar2": 0.00127345172223,
        "max": 0.248166590929,
        "mean": 0.0287942867726,
        "median": 0.0187492482364,
        "min": 1.03229577664e-10,
        "stdev": 0.0317362807691,
        "var": 0.00100719148759
    },
    "spectral_kurtosis": {
        "dmean": 23.0571842194,
        "dmean2": 40.9696922302,
        "dvar": 502.136993408,
        "dvar2": 1422.50195312,
        "max": 226.620925903,
        "mean": 70.1946640015,
        "median": 64.6463012695,
        "min": -1.20463931561,
        "stdev": 39.5167922974,
        "var": 1561.57678223
    },
    "spectral_rms": {
        "dmean": 0.000409655243857,
        "dmean2": 0.000553347112145,
        "dvar": 4.20914858523e-07,
        "dvar2": 8.37039408452e-07,
        "max": 0.0116339977831,
        "mean": 0.00295130372979,
        "median": 0.00234149908647,
        "min": 3.22435025728e-12,
        "stdev": 0.00233404082246,
        "var": 5.44774638911e-06
    },
    "spectral_rolloff": {
        "dmean": 61.149105072,
        "dmean2": 100.328689575,
        "dvar": 164606.703125,
        "dvar2": 163238.21875,
        "max": 18776.953125,
        "mean": 603.572998047,
        "median": 581.396484375,
        "min": 258.3984375,
        "stdev": 446.509368896,
        "var": 199370.625
    },
    "spectral_skewness": {
        "dmean": 1.36973357201,
        "dmean2": 2.45067119598,
        "dvar": 1.47690498829,
        "dvar2": 4.32279491425,
        "max": 11.8176088333,
        "mean": 5.84302186966,
        "median": 5.75287342072,
        "min": 0.0173779949546,
        "stdev": 1.99096870422,
        "var": 3.96395635605
    },
    "spectral_spread": {
        "dmean": 304672.53125,
        "dmean2": 540636.5,
        "dvar": 798477320192,
        "dvar2": 1.56039551386e+12,
        "max": 44661636,
        "mean": 1318566.875,
        "median": 1138850.625,
        "min": 365272.375,
        "stdev": 1476868,
        "var": 2.18113900544e+12
    },
    "spectral_strongpeak": {
        "dmean": 0.278784632683,
        "dmean2": 0.409851491451,
        "dvar": 0.315115213394,
        "dvar2": 0.637963473797,
        "max": 9.75931549072,
        "mean": 1.12684035301,
        "median": 0.625164449215,
        "min": 0,
        "stdev": 1.3368768692,
        "var": 1.78723990917
    },
    "zerocrossingrate": {
        "dmean": 0.00198960141279,
        "dmean2": 0.00275526545011,
        "dvar": 8.73708486324e-05,
        "dvar2": 0.000149558356497,
        "max": 0.48583984375,
        "mean": 0.0231649484485,
        "median": 0.02197265625,
        "min": 0.0078125,
        "stdev": 0.0151442866772,
        "var": 0.000229349418078
    },
    "barkbands": {
        "dmean": [6.07049344126e-07, 2.17523211177e-05, 0.000370484718587, 0.000186205186765, 0.000701934681274, 0.000446741905762, 0.00153480144218, 0.000876247999258, 0.000541766406968, 0.000397992553189, 0.000141261669341, 8.40769644128e-05, 4.15382601204e-05, 2.59024000115e-05, 4.28267157986e-05, 2.99845123664e-05, 1.09395750769e-05, 6.75203864375e-06, 5.4235861171e-06, 1.91727372112e-06, 5.30920601705e-07, 2.64932992877e-07, 1.56966649456e-07, 3.58824472357e-08, 4.14002743199e-09, 1.47883472135e-09, 6.65988098003e-10],
        "dmean2": [1.06516756659e-06, 3.5647306504e-05, 0.000627687375527, 0.000308633316308, 0.00110887910705, 0.000647266453598, 0.0025262592826, 0.000976995332167, 0.00061429280322, 0.000495364423841, 0.000218178916839, 0.00011746151722, 5.78978433623e-05, 4.00156277465e-05, 5.88026159676e-05, 4.32241722592e-05, 1.70955881913e-05, 9.77151194093e-06, 7.25388872524e-06, 2.61092372966e-06, 8.24543974431e-07, 3.88098811754e-07, 2.25924409847e-07, 5.66994593498e-08, 6.7418923777e-09, 2.70081801368e-09, 1.24280619129e-09],
        "dvar": [9.16961710555e-13, 2.30537167134e-09, 4.88647799557e-07, 1.52598644831e-07, 4.16526609115e-06, 3.57290855391e-06, 2.94018445857e-05, 1.33464609462e-05, 1.12742454803e-05, 5.07003778694e-06, 2.0271700123e-06, 4.54089445157e-07, 2.49886866754e-08, 7.07102332242e-09, 2.05562091793e-08, 2.75761298241e-08, 1.73294978367e-09, 8.1614126568e-10, 6.73234967774e-10, 1.86357207443e-10, 6.88399814583e-12, 2.16330230639e-12, 2.62162925917e-12, 1.56552152969e-13, 2.50491867645e-15, 1.8737006715e-16, 1.69021878088e-18],
        "dvar2": [2.65941175331e-12, 5.61712898417e-09, 1.29807040139e-06, 3.97594050128e-07, 9.1285801318e-06, 5.85167845202e-06, 7.52034975449e-05, 1.99985497602e-05, 1.662581235e-05, 7.67073652241e-06, 4.61757190351e-06, 1.04914170151e-06, 5.05295361108e-08, 1.57459751904e-08, 3.74677497916e-08, 5.57303216908e-08, 3.71433395152e-09, 1.76529046936e-09, 1.21379739593e-09, 4.10954381636e-10, 1.62731321474e-11, 4.1525719495e-12, 4.4235843287e-12, 3.83485371279e-13, 6.16489213737e-15, 5.41355114914e-16, 5.60078492009e-18],
        "max": [1.240227175e-05, 0.000847407616675, 0.0126434685662, 0.00632270146161, 0.0516914650798, 0.0713656693697, 0.122069865465, 0.105530634522, 0.105491057038, 0.0697377175093, 0.058879584074, 0.0269717462361, 0.00356784509495, 0.00150905759074, 0.00417423574254, 0.00426356773823, 0.00138974469155, 0.000903537729755, 0.000983751378953, 0.000450878986157, 5.49823998881e-05, 2.89950003207e-05, 4.4497406634e-05, 1.20961121866e-05, 1.82713620234e-06, 4.47153780669e-07, 1.28304966651e-08],
        "mean": [6.1280348973e-07, 4.88440491608e-05, 0.000806118478067, 0.000413198256865, 0.00197700923309, 0.00143048760947, 0.0038492672611, 0.00260085216723, 0.00131367775612, 0.00124742719345, 0.000257406500168, 0.000187647921848, 0.000117357994895, 5.76897546125e-05, 9.32636321522e-05, 5.93980585109e-05, 2.47196912824e-05, 1.2221432371e-05, 1.05575009002e-05, 2.74032754533e-06, 7.46474995594e-07, 4.02882761819e-07, 2.09898701087e-07, 3.34882663822e-08, 4.80611817011e-09, 1.59530277877e-09, 5.36417688046e-10],
        "median": [2.84631056502e-07, 1.70887069544e-05, 0.00030049556517, 7.98094260972e-05, 0.000294863886666, 0.00023461546516, 0.000558930216357, 0.00010016647866, 9.07150460989e-05, 0.000135509326356, 3.64619700122e-05, 3.04073328152e-05, 1.11308363557e-05, 8.14726536191e-06, 1.19714813991e-05, 4.14967371398e-06, 1.75024979399e-06, 4.93481877584e-07, 3.13908770977e-07, 2.46047111574e-08, 6.33412344797e-09, 3.37232419767e-09, 2.98671554155e-09, 3.47339912388e-09, 2.13007389505e-09, 5.98740723667e-10, 7.95271695719e-11],
        "min": [1.45162460355e-23, 9.70296073523e-23, 2.32460821576e-23, 1.35173430257e-23, 5.47541917209e-23, 6.44846079711e-23, 4.05865149204e-23, 4.52435931397e-23, 3.99283146246e-23, 5.14218255316e-23, 6.45126661757e-23, 4.59152734906e-23, 6.70568814346e-23, 1.07585557073e-22, 2.74482851929e-22, 1.52137757806e-22, 1.11654122969e-22, 1.90859115246e-22, 2.44775738633e-22, 4.20781663263e-22, 5.01463302179e-22, 7.10505030201e-22, 6.66588424167e-22, 7.09123854663e-22, 1.23534517139e-21, 1.61581432583e-21, 2.4548026589e-21],
        "stdev": [9.37409367907e-07, 8.43582602101e-05, 0.00132692186162, 0.000734440458473, 0.00417617103085, 0.00448204902932, 0.00952764041722, 0.00798683427274, 0.00612722663209, 0.00486081372947, 0.00158958090469, 0.000828415388241, 0.000307726208121, 0.000138710849569, 0.000231403246289, 0.000235452462221, 6.20202918071e-05, 3.97845287807e-05, 3.72908507416e-05, 1.56867627084e-05, 3.21861398334e-06, 2.04112052415e-06, 2.08531105272e-06, 3.65619996501e-07, 4.55696103074e-08, 1.03172297372e-08, 1.1777050446e-09],
        "var": [8.7873631982e-13, 7.11631598094e-09, 1.7607216023e-06, 5.39402776667e-07, 1.74404049176e-05, 2.00887643587e-05, 9.07759240363e-05, 6.37895282125e-05, 3.75429044652e-05, 2.36275081988e-05, 2.52676727541e-06, 6.86272073835e-07, 9.46954159531e-08, 1.92406997002e-08, 5.35474633523e-08, 5.54378587481e-08, 3.8465164387e-09, 1.58280866192e-09, 1.39060751803e-09, 2.46074549626e-10, 1.03594754303e-11, 4.16617304891e-12, 4.34852241021e-12, 1.33677980794e-13, 2.07658936162e-15, 1.06445227583e-16, 1.38698905077e-18]
    },
    "erbbands": {
        "dmean": [0.000223217444727, 0.0105043258518, 0.267706096172, 0.687140405178, 1.06770038605, 2.11589050293, 5.56871366501, 3.40962791443, 19.1392841339, 15.3502016068, 20.9403896332, 16.6774044037, 7.58024978638, 12.6544733047, 6.02664136887, 3.82092380524, 2.12162065506, 1.50931715965, 2.17666482925, 1.72561359406, 1.12997281551, 0.441717922688, 0.373701184988, 0.304064035416, 0.214954406023, 0.0834762081504, 0.0468318834901, 0.0214563142508, 0.0112654054537, 0.00736985355616, 0.00253917300142, 0.00126191659365, 0.000427955528721, 7.67211313359e-05, 2.16242224269e-05, 1.00081415439e-05, 2.39257337853e-06, 5.43226690297e-07, 1.98817815544e-06, 4.65303037345e-06],
        "dmean2": [0.000330190872774, 0.0172286555171, 0.451054215431, 1.17809593678, 1.7667825222, 3.4084610939, 7.79341220856, 5.22952079773, 30.4406890869, 24.5439052582, 22.2190761566, 18.225769043, 9.31579971313, 16.0272655487, 9.08802127838, 5.38250780106, 2.98581075668, 2.27561283112, 2.92674970627, 2.63128590584, 1.60849773884, 0.686059296131, 0.561498105526, 0.42020636797, 0.277743190527, 0.110882736742, 0.0673008412123, 0.0319784283638, 0.0167561620474, 0.0107439355925, 0.00381617760286, 0.00202716956846, 0.000646906148177, 0.000120012875414, 3.39569742209e-05, 1.69118247868e-05, 3.83325777875e-06, 8.82732990704e-07, 2.70377358902e-06, 6.34943808109e-06],
        "dvar": [2.15908258383e-07, 0.00045586519991, 0.270858049393, 1.69945442677, 14.1132307053, 33.7789268494, 403.241882324, 211.647949219, 4610.90576172, 2838.18237305, 8438.97753906, 9656.88183594, 1072.56506348, 7303.43701172, 5500.12890625, 1122.90234375, 60.9822654724, 21.6823253632, 63.2031135559, 28.5694732666, 33.4884681702, 2.45542502403, 1.73636627197, 1.40022301674, 0.903205931187, 0.273427695036, 0.195959597826, 0.0165385548025, 0.00432427972555, 0.0039653009735, 0.000409041473176, 0.000169121689396, 2.57386436715e-05, 8.80255527136e-07, 5.22228269517e-08, 1.10823474841e-08, 2.6100796871e-11, 1.07572631358e-12, 1.77456382922e-11, 9.59190782357e-11],
        "dvar2": [4.26661642905e-07, 0.00107278849464, 0.682282209396, 4.99177026749, 29.8286380768, 77.5743713379, 691.794616699, 392.524139404, 11019.3564453, 7386.95166016, 11212.4462891, 14561.9042969, 1842.58300781, 11806.3974609, 12570.5761719, 2679.57861328, 132.36555481, 49.0983200073, 112.054069519, 64.1645889282, 67.4444961548, 5.38265609741, 4.00189971924, 2.65587115288, 1.68892025948, 0.540046572685, 0.451862543821, 0.0382555313408, 0.0084056854248, 0.00666453875601, 0.000799661851488, 0.000388289277907, 6.17751211394e-05, 2.13349926526e-06, 1.16869507849e-07, 3.00550553334e-08, 6.29519422701e-11, 2.65873499432e-12, 3.60276496136e-11, 1.9834547893e-10],
        "max": [0.0128874164075, 0.535204172134, 11.4279518127, 18.027513504, 101.859237671, 176.314712524, 556.733520508, 585.379394531, 1341.74963379, 1103.2467041, 2877.83911133, 3071.52856445, 751.483215332, 2633.7409668, 3131.17407227, 1388.13818359, 164.504013062, 78.0871124268, 242.403640747, 98.5061187744, 146.168380737, 46.0857925415, 31.4314136505, 36.9874610901, 25.5254135132, 18.4040203094, 16.7467079163, 3.35088729858, 1.48777115345, 1.49410045147, 0.58680254221, 0.31297981739, 0.1481757164, 0.0338529720902, 0.00860790442675, 0.00366538041271, 0.000151220738189, 1.52834963956e-05, 6.92737303325e-05, 0.000158858762006],
        "mean": [0.000562952714972, 0.0298606865108, 0.680864036083, 1.38440668583, 3.23183655739, 5.90095281601, 15.4239244461, 10.2804880142, 53.3697433472, 35.7884635925, 66.2501754761, 43.0797119141, 21.8220901489, 39.6397857666, 11.8397769928, 8.62203121185, 6.11026287079, 3.72956037521, 4.73781824112, 3.74691176414, 2.54805040359, 1.03610897064, 0.744729220867, 0.655609250069, 0.362337529659, 0.130832895637, 0.06944154948, 0.0303914751858, 0.0174426063895, 0.00969169009477, 0.00331736705266, 0.00134355353657, 0.000447097467259, 9.23537591007e-05, 3.50760928995e-05, 1.8155980797e-05, 6.39401832814e-06, 1.31200783926e-06, 7.07659091859e-06, 1.64053490153e-05],
        "median": [0.0002291148121, 0.011401893571, 0.254454284906, 0.527358531952, 0.342518031597, 1.01521134377, 1.90223860741, 2.71545314789, 8.23913288116, 6.39621162415, 4.19383144379, 4.02159118652, 3.32231092453, 5.40846681595, 2.43068695068, 1.74343144894, 0.955873429775, 0.623888134956, 0.810669183731, 0.421938836575, 0.255817711353, 0.0868945270777, 0.0382776372135, 0.0275106579065, 0.00776527589187, 0.00182229606435, 0.000613041804172, 0.000218233530177, 0.000135533933644, 9.94528381852e-05, 8.96202982403e-05, 8.39623098727e-05, 5.94941884628e-05, 3.65462619811e-05, 2.0624285753e-05, 1.22644278235e-05, 3.74536375602e-06, 4.15545571286e-07, 2.68493886324e-06, 6.31705825072e-06],
        "min": [2.05491010814e-21, 2.37831292839e-20, 3.70757020077e-20, 3.90130397817e-20, 6.16803831986e-20, 2.00404769316e-19, 4.74204550601e-19, 5.64723338623e-19, 3.89974894324e-19, 1.03186252602e-18, 7.49284807474e-19, 7.35895079802e-19, 1.22943016923e-18, 2.75327501158e-18, 2.03826732792e-18, 1.99745092777e-18, 3.18587413513e-18, 6.12173623884e-18, 9.0263048592e-18, 1.15338309214e-17, 8.95995752945e-18, 7.51543961804e-18, 1.04370051456e-17, 8.56024235077e-18, 1.54847366946e-17, 1.85325299836e-17, 2.35450922945e-17, 1.79824201347e-17, 2.28648652808e-17, 2.32742733619e-17, 1.93611449274e-17, 1.27796186907e-17, 1.3956053983e-17, 1.13640512735e-17, 9.82232061499e-18, 5.70806983194e-18, 2.84049686448e-18, 1.40950862936e-18, 3.25694714772e-19, 3.87149316438e-20],
        "stdev": [0.000873829878401, 0.050414647907, 1.14297091961, 2.01981377602, 9.28805923462, 12.8828125, 44.2721366882, 31.7098655701, 132.915359497, 84.758644104, 210.384750366, 178.18963623, 60.7413101196, 177.28767395, 80.9672851562, 40.6238250732, 14.5757064819, 8.03597831726, 12.4238872528, 8.66883563995, 8.37555503845, 2.38740992546, 1.90604698658, 1.85966408253, 1.35880565643, 0.67012745142, 0.484833687544, 0.153845384717, 0.0908436104655, 0.0810881108046, 0.0245410297066, 0.0132565973327, 0.00477409083396, 0.000873730401509, 0.000223351831664, 8.68176430231e-05, 8.00070574769e-06, 1.93855271391e-06, 9.66801053437e-06, 2.23320239456e-05],
        "var": [7.63578611895e-07, 0.00254163681529, 1.30638253689, 4.07964801788, 86.2680435181, 165.96685791, 1960.02197266, 1005.515625, 17666.4921875, 7184.02832031, 44261.7421875, 31751.546875, 3689.5065918, 31430.9179688, 6555.70117188, 1650.29528809, 212.451217651, 64.5769500732, 154.352981567, 75.1487121582, 70.1499252319, 5.6997256279, 3.63301515579, 3.45835065842, 1.84635281563, 0.449070781469, 0.235063716769, 0.0236684028059, 0.0082525620237, 0.00657528219745, 0.000602262094617, 0.000175737368409, 2.27919445024e-05, 7.6340478472e-07, 4.98860401876e-08, 7.537303226e-09, 6.40112893247e-11, 3.75798654348e-12, 9.34704258437e-11, 4.98719288089e-10]
    },
    "gfcc": {
        "mean": [-242.493652344, 222.26373291, -126.043518066, -38.3053703308, -42.6851348877, -21.3769855499, -32.3731880188, -11.8804769516, -11.117266655, -18.4305667877, -8.91551876068, -16.6223983765, -6.75987005234],
        "cov": [[13294.8066406, 1766.88366699, -3769.03125, 257.991027832, 1155.50744629, -1993.14562988, 1484.52490234, -590.707885742, 664.452209473, -285.638092041, 370.370147705, -317.419586182, -115.752182007], [1766.88366699, 1118.23327637, -277.149932861, -273.580505371, 503.674713135, -239.743728638, 125.178413391, -148.108169556, 124.335144043, -228.78503418, 126.455528259, -114.360191345, 18.5043735504], [-3769.03125, -277.149932861, 1439.28808594, -73.2896957397, -345.735870361, 672.305541992, -548.236328125, 130.896774292, -250.287704468, 46.0566558838, -148.384887695, 98.978805542, 66.0974349976], [257.991027832, -273.580505371, -73.2896957397, 355.81439209, -51.5447502136, -5.29632997513, 61.6370239258, 5.14994001389, -3.17762899399, 56.3417129517, -80.5325393677, 3.11918354034, -29.4880752563], [1155.50744629, 503.674713135, -345.735870361, -51.5447502136, 404.931182861, -191.801971436, 156.230377197, -44.6230735779, 100.442176819, -100.597595215, 67.9070587158, -67.9295349121, -8.54514122009], [-1993.14562988, -239.743728638, 672.305541992, -5.29632997513, -191.801971436, 512.81854248, -222.118438721, 111.95476532, -86.1905593872, 20.6779651642, -86.9556655884, 49.7546958923, 36.1366424561], [1484.52490234, 125.178413391, -548.236328125, 61.6370239258, 156.230377197, -222.118438721, 323.769317627, -30.5395030975, 122.762275696, -15.9063549042, 54.9274139404, -51.5709609985, -40.2157325745], [-590.707885742, -148.108169556, 130.896774292, 5.14994001389, -44.6230735779, 111.95476532, -30.5395030975, 136.428268433, 13.5186290741, 21.4939403534, -18.2002010345, -16.7040233612, -29.5768928528], [664.452209473, 124.335144043, -250.287704468, -3.17762899399, 100.442176819, -86.1905593872, 122.762275696, 13.5186290741, 153.929321289, -13.2292251587, 59.0197753906, -39.2198944092, -45.6949272156], [-285.638092041, -228.78503418, 46.0566558838, 56.3417129517, -100.597595215, 20.6779651642, -15.9063549042, 21.4939403534, -13.2292251587, 133.645385742, 3.78862690926, 31.6027088165, -26.7001800537], [370.370147705, 126.455528259, -148.384887695, -80.5325393677, 67.9070587158, -86.9556655884, 54.9274139404, -18.2002010345, 59.0197753906, 3.78862690926, 117.807296753, -5.45507240295, -14.9125528336], [-317.419586182, -114.360191345, 98.978805542, 3.11918354034, -67.9295349121, 49.7546958923, -51.5709609985, -16.7040233612, -39.2198944092, 31.6027088165, -5.45507240295, 92.9002075195, 48.2915725708], [-115.752182007, 18.5043735504, 66.0974349976, -29.4880752563, -8.54514122009, 36.1366424561, -40.2157325745, -29.5768928528, -45.6949272156, -26.7001800537, -14.9125528336, 48.2915725708, 103.517173767]],
        "icov": [[0.000725562451407, -0.00174854451325, 0.00176810740959, -0.0011014319025, 0.00132630695589, 0.000363910221495, -0.000149865780259, -0.000290898635285, 0.000200491631404, -0.000556012848392, 0.000463097181637, -0.000445677578682, -0.000258014391875], [-0.00174854451325, 0.00991781894118, -0.00649643968791, 0.00508859567344, -0.00813053175807, 0.00026050422457, -0.000600486469921, 0.00606251275167, -0.00312038697302, 0.00480726733804, -0.00213314499706, 0.00456190016121, 3.34062497132e-05], [0.00176810740959, -0.00649643968791, 0.00926422979683, -0.00336288590916, 0.00497123738751, -0.00286705675535, 0.00397490058094, -0.00312807201408, 0.00341973686591, -0.00292363320477, 0.00179754511919, -0.00265666865744, 0.000580506573897], [-0.0011014319025, 0.00508859567344, -0.00336288590916, 0.00708370609209, -0.00410556560382, -0.000261657085503, -0.00127079791855, 0.00326258968562, -0.00176082400139, 0.000459165836219, 0.00297719496302, 0.00146344141103, 0.00130217359401], [0.00132630695589, -0.00813053175807, 0.00497123738751, -0.00410556560382, 0.0111743891612, 0.000532329489943, -0.000394184928155, -0.00486348476261, 0.00143719057087, -0.00150945340283, 0.000514312647283, -0.00225496990606, -0.000842291163281], [0.000363910221495, 0.00026050422457, -0.00286705675535, -0.000261657085503, 0.000532329489943, 0.00691126240417, -0.00174625671934, -0.00150659272913, -0.00231170793995, 0.00113788165618, 0.00104203424416, -0.000289703544695, -0.00180277426261], [-0.000149865780259, -0.000600486469921, 0.00397490058094, -0.00127079791855, -0.000394184928155, -0.00174625671934, 0.0104057537392, -0.00105549336877, -0.00116329651792, -0.000926207110751, -0.000141269440064, 0.000398264761316, 0.000399222190026], [-0.000290898635285, 0.00606251275167, -0.00312807201408, 0.00326258968562, -0.00486348476261, -0.00150659272913, -0.00105549336877, 0.016226163134, -0.00495060440153, 0.0016849032836, 0.00026447448181, 0.00589661533013, 0.00140481838025], [0.000200491631404, -0.00312038697302, 0.00341973686591, -0.00176082400139, 0.00143719057087, -0.00231170793995, -0.00116329651792, -0.00495060440153, 0.0150268739089, -0.000452378793852, -0.00403432920575, -0.00176044204272, 0.00391265237704], [-0.000556012848392, 0.00480726733804, -0.00292363320477, 0.000459165836219, -0.00150945340283, 0.00113788165618, -0.000926207110751, 0.0016849032836, -0.000452378793852, 0.0153024382889, -0.00419545965269, -0.00283029978164, 0.00457951892167], [0.000463097181637, -0.00213314499706, 0.00179754511919, 0.00297719496302, 0.000514312647283, 0.00104203424416, -0.000141269440064, 0.00026447448181, -0.00403432920575, -0.00419545965269, 0.0163727533072, -0.00327307963744, 0.00132142100483], [-0.000445677578682, 0.00456190016121, -0.00265666865744, 0.00146344141103, -0.00225496990606, -0.000289703544695, 0.000398264761316, 0.00589661533013, -0.00176044204272, -0.00283029978164, -0.00327307963744, 0.0226462855935, -0.00998943112791], [-0.000258014391875, 3.34062497132e-05, 0.000580506573897, 0.00130217359401, -0.000842291163281, -0.00180277426261, 0.000399222190026, 0.00140481838025, 0.00391265237704, 0.00457951892167, 0.00132142100483, -0.00998943112791, 0.018241148442]]
    },
    "melbands": {
        "dmean": [3.51181461156e-06, 0.000101194702438, 0.000109982516733, 0.000106131323264, 0.000183010837645, 7.51663537812e-05, 0.000317150319461, 0.000158766197274, 0.000165562538314, 9.26491993596e-05, 3.5448349081e-05, 5.42917478015e-05, 1.74256711034e-05, 1.31821761897e-05, 5.51538687432e-06, 4.18860554419e-06, 3.00345732285e-06, 3.12909196509e-06, 2.48548235504e-06, 2.91067772196e-06, 1.01516047835e-06, 4.98719771258e-07, 5.05910520587e-07, 3.37152414431e-07, 2.55223625345e-07, 1.69321367594e-07, 9.73339311372e-08, 5.57785426736e-08, 4.33215099349e-08, 1.40616096544e-08, 1.04357464892e-08, 8.23280732476e-09, 3.44906370131e-09, 4.79927075858e-09, 1.29893851231e-09, 1.53940293846e-09, 4.13203249394e-10, 3.87203547003e-10, 9.81638104136e-11, 5.96854163315e-11],
        "dmean2": [5.52990059077e-06, 0.000171256397152, 0.000184098214959, 0.0001782389445, 0.000261369918007, 0.000113608446554, 0.000513743376359, 0.000246416049777, 0.000174600529135, 0.000103102902358, 4.37718408648e-05, 6.83970138198e-05, 2.65293238044e-05, 1.89699530893e-05, 7.76281376602e-06, 5.97394364377e-06, 4.63964170194e-06, 4.2016486077e-06, 3.47478066942e-06, 4.30921591033e-06, 1.46577701798e-06, 7.70886742885e-07, 8.2916244537e-07, 4.61481818093e-07, 3.5771961393e-07, 2.20108560711e-07, 1.27680749529e-07, 7.66643708516e-08, 6.31535428397e-08, 2.18035491883e-08, 1.55616408648e-08, 1.20835847994e-08, 5.41010214405e-09, 6.94255053446e-09, 2.03141103938e-09, 2.40529929307e-09, 6.76133482536e-10, 5.95449134444e-10, 1.48947701395e-10, 9.93304952179e-11],
        "dvar": [6.1656860173e-11, 3.69775570164e-08, 4.94116427774e-08, 8.20447922933e-08, 3.98828859716e-07, 1.05154292385e-07, 1.24948121538e-06, 2.99125503034e-07, 5.10073277837e-07, 3.40388822906e-07, 2.55497916157e-08, 1.3906038987e-07, 3.56716576277e-08, 1.49665275728e-08, 1.59949797851e-09, 3.2318842047e-10, 9.84263157089e-11, 1.25512655824e-10, 6.51630555071e-11, 2.18195114754e-10, 1.93935856957e-11, 4.42486542199e-12, 4.87215693137e-12, 3.10825475601e-12, 1.01630075883e-12, 1.14962715996e-12, 1.35550628339e-13, 1.89514473992e-13, 2.37908407167e-13, 4.58202091652e-15, 4.70940408388e-15, 2.40348436344e-15, 4.46435279356e-16, 2.31770914852e-15, 7.18773100799e-17, 4.05287742267e-16, 2.16193645433e-17, 2.59183925859e-17, 1.5576638115e-18, 7.84280699541e-19],
        "dvar2": [1.42206246778e-10, 9.5593058802e-08, 1.21736007941e-07, 2.0534162104e-07, 7.27338203887e-07, 1.90806886735e-07, 3.09595816361e-06, 7.49282207835e-07, 6.81497908772e-07, 5.14527982887e-07, 4.36918661251e-08, 2.18928931872e-07, 7.90457548305e-08, 3.44346773318e-08, 3.95680510579e-09, 6.34540198163e-10, 2.26030305583e-10, 2.19927048795e-10, 1.27901231273e-10, 4.45461362242e-10, 3.92194506038e-11, 9.00600340831e-12, 1.29541958757e-11, 6.29772883148e-12, 1.87894773525e-12, 2.0979303364e-12, 2.5724325556e-13, 3.83162089296e-13, 5.48909279575e-13, 1.09073110244e-14, 1.10124871055e-14, 4.69135762342e-15, 1.09931906362e-15, 3.6669144724e-15, 1.63802513593e-16, 8.62739690953e-16, 5.49207361798e-17, 6.37293759054e-17, 3.4282210974e-18, 2.01233418174e-18],
        "max": [0.000175806737388, 0.00389607995749, 0.00414773961529, 0.00654832320288, 0.0153181608766, 0.0131650324911, 0.0232286099344, 0.012403623201, 0.021892061457, 0.0177550856024, 0.00374089670368, 0.0116441613063, 0.00807715114206, 0.0043696789071, 0.00166098214686, 0.000496220134664, 0.000176950663445, 0.000338278885465, 0.000193500818568, 0.000374277646188, 0.00010221543198, 7.49681639718e-05, 6.48512141197e-05, 6.22865118203e-05, 3.38711579388e-05, 4.2509072955e-05, 8.11127665656e-06, 1.47952723637e-05, 1.86243887583e-05, 1.46714342009e-06, 1.81917096143e-06, 1.08896745132e-06, 4.29723570505e-07, 1.1728274103e-06, 2.21081393192e-07, 7.02927707152e-07, 1.39281468137e-07, 1.67845371379e-07, 4.81225868043e-08, 3.20794839581e-08],
        "mean": [7.79399670137e-06, 0.000246429175604, 0.000290578842396, 0.000303521257592, 0.000506938085891, 0.000229575773119, 0.000840849883389, 0.000377077900339, 0.000520969799254, 0.000227729280596, 0.000101296660432, 0.000168309023138, 3.38798163284e-05, 2.75726997643e-05, 1.36035332616e-05, 1.1648427062e-05, 6.52675498714e-06, 6.81191340846e-06, 5.58778538107e-06, 5.79538527745e-06, 2.3119494017e-06, 1.15104614906e-06, 8.97705604075e-07, 6.27579197499e-07, 5.48759487629e-07, 2.77673564142e-07, 1.52293978317e-07, 8.26787882602e-08, 5.83444865754e-08, 1.99865191064e-08, 1.41104452567e-08, 1.21734506919e-08, 4.08983957811e-09, 6.23118223686e-09, 1.6221564092e-09, 1.7278584119e-09, 3.73950481691e-10, 3.80117548548e-10, 1.05188198429e-10, 5.85018769539e-11],
        "median": [2.77541130345e-06, 9.86771192402e-05, 8.91614909051e-05, 5.07703807671e-05, 6.31450820947e-05, 5.17328444403e-05, 0.000119370859466, 6.26772743999e-05, 2.33349492191e-05, 1.77447673195e-05, 1.24371126731e-05, 2.08605961234e-05, 5.99908889853e-06, 5.13193299412e-06, 2.60501337834e-06, 1.29931186166e-06, 9.00565225948e-07, 1.09419465844e-06, 6.63061200612e-07, 3.95510824092e-07, 2.34387997011e-07, 7.88180614109e-08, 4.42155609903e-08, 2.14187316772e-08, 2.17527755808e-08, 4.26509139118e-09, 2.27054974822e-09, 6.02235483704e-10, 3.47748385643e-10, 1.4607109966e-10, 9.3214880259e-11, 7.36996019768e-11, 5.83041115387e-11, 5.13195735907e-11, 4.76339245825e-11, 4.84316614591e-11, 4.66313099245e-11, 4.12741230083e-11, 2.36699566197e-11, 2.23629448293e-11],
        "min": [2.45053203102e-23, 2.41425784001e-23, 7.05996983584e-24, 7.91386680067e-24, 1.5339553341e-23, 1.17021370063e-23, 7.47204237374e-24, 1.23362991326e-23, 5.47283573151e-24, 5.33581966417e-24, 6.51619184223e-24, 1.10139426412e-23, 7.49256459019e-24, 5.8532761304e-24, 5.00651441246e-24, 7.80354933624e-24, 1.13721478122e-23, 1.11025238323e-23, 2.25902374005e-23, 1.08442760154e-23, 9.80209925177e-24, 6.93120485915e-24, 1.08990150736e-23, 7.17546380553e-24, 6.51498370175e-24, 1.00110472063e-23, 1.09164670434e-23, 1.36941993297e-23, 1.62115444085e-23, 1.20836269846e-23, 9.56451012433e-24, 1.33684534184e-23, 1.41171833917e-23, 1.18411003768e-23, 1.11508746949e-23, 9.3718174376e-24, 7.61781045839e-24, 1.00084273993e-23, 9.06307305651e-24, 9.97615431076e-24],
        "stdev": [1.30766593429e-05, 0.000397985801101, 0.000507042452227, 0.000649663968943, 0.00133678666316, 0.000721764925402, 0.0020877122879, 0.000887848844286, 0.00163331825752, 0.00104349129833, 0.000298480968922, 0.000779671536293, 0.000213009057916, 0.000138569128467, 4.93591214763e-05, 3.53532959707e-05, 1.60182735272e-05, 1.77230685949e-05, 1.32636005219e-05, 2.10720572795e-05, 6.48524701319e-06, 3.1446520552e-06, 2.94299593406e-06, 2.51224059866e-06, 1.60422337103e-06, 1.45369983784e-06, 5.26738858753e-07, 5.42280986338e-07, 5.25022244346e-07, 8.50485122328e-08, 7.92529704086e-08, 6.8036911216e-08, 2.20582077048e-08, 6.30295460269e-08, 1.00272226078e-08, 2.24242313607e-08, 4.1356478242e-09, 4.64379601439e-09, 1.27861921051e-09, 7.70271957329e-10],
