{
"lowlevel": {
    "average_loudness": 0.981686294079,
    "barkbands_crest": {
        "dmean": 1.84202528,
        "dmean2": 2.84437680244,
        "dvar": 2.75364089012,
        "dvar2": 6.47423315048,
        "max": 21.4556312561,
        "mean": 9.46711826324,
        "median": 9.01857185364,
        "min": 4.01680231094,
        "stdev": 2.77793049812,
        "var": 7.71689844131
    },
    "barkbands_flatness_db": {
        "dmean": 0.0462924391031,
        "dmean2": 0.0726380646229,
        "dvar": 0.00255477451719,
        "dvar2": 0.00632799044251,
        "max": 0.446705818176,
        "mean": 0.270471721888,
        "median": 0.282635450363,
        "min": 0.0727690532804,
        "stdev": 0.0570634640753,
        "var": 0.00325623899698
    },
    "barkbands_kurtosis": {
        "dmean": 1.6191495657,
        "dmean2": 2.60992670059,
        "dvar": 3.38284373283,
        "dvar2": 8.35482501984,
        "max": 33.7345046997,
        "mean": 2.33071494102,
        "median": 1.7959086895,
        "min": -1.19802463055,
        "stdev": 2.62675905228,
        "var": 6.89986276627
    },
    "barkbands_skewness": {
        "dmean": 0.390295565128,
        "dmean2": 0.636333763599,
        "dvar": 0.14721852541,
        "dvar2": 0.381547003984,
        "max": 5.16812038422,
        "mean": 0.946421802044,
        "median": 0.886324644089,
        "min": -3.05318689346,
        "stdev": 0.601337492466,
        "var": 0.361606806517
    },
    "barkbands_spread": {
        "dmean": 4.10228157043,
        "dmean2": 6.68752145767,
        "dvar": 38.3185920715,
        "dvar2": 97.3033752441,
        "max": 43.624835968,
        "mean": 8.75322532654,
        "median": 6.95921611786,
        "min": 1.67503356934,
        "stdev": 6.14033651352,
        "var": 37.7037353516
    },
    "dissonance": {
        "dmean": 0.0398882739246,
        "dmean2": 0.0630413889885,
        "dvar": 0.0011474925559,
        "dvar2": 0.00264804367907,
        "max": 0.499999791384,
        "mean": 0.384934931993,
        "median": 0.386320084333,
        "min": 0.152882725,
        "stdev": 0.0509867593646,
        "var": 0.00259964959696
    },
    "dynamic_complexity": 1.02054047585,
    "erbbands_crest": {
        "dmean": 2.62625575066,
        "dmean2": 4.24995279312,
        "dvar": 6.14519453049,
        "dvar2": 16.0296096802,
        "max": 28.4259185791,
        "mean": 13.2900104523,
        "median": 12.8261547089,
        "min": 2.91264367104,
        "stdev": 3.82795071602,
        "var": 14.6532068253
    },
    "erbbands_flatness_db": {
        "dmean": 0.0378404967487,
        "dmean2": 0.0612364076078,
        "dvar": 0.00181142252404,
        "dvar2": 0.00442751729861,
        "max": 0.45319288969,
        "mean": 0.296052485704,
        "median": 0.300188750029,
        "min": 0.0971895679832,
        "stdev": 0.049547880888,
        "var": 0.00245499261655
    },
    "erbbands_kurtosis": {
        "dmean": 1.68816137314,
        "dmean2": 2.72238540649,
        "dvar": 2.95188713074,
        "dvar2": 7.00719070435,
        "max": 22.8854084015,
        "mean": 2.24425768852,
        "median": 1.87488007545,
        "min": -1.57046818733,
        "stdev": 2.52734565735,
        "var": 6.38747549057
    },
    "erbbands_skewness": {
        "dmean": 0.438866853714,
        "dmean2": 0.69547700882,
        "dvar": 0.157878175378,
        "dvar2": 0.416828483343,
        "max": 3.39796447754,
        "mean": 0.807606339455,
        "median": 0.7923579216,
        "min": -1.33706510067,
        "stdev": 0.576615989208,
        "var": 0.332485973835
    },
    "erbbands_spread": {
        "dmean": 5.58350610733,
        "dmean2": 9.3014831543,
        "dvar": 45.1572303772,
        "dvar2": 113.13924408,
        "max": 46.7360496521,
        "mean": 15.1039381027,
        "median": 13.2502307892,
        "min": 2.47206735611,
        "stdev": 7.71695995331,
        "var": 59.5514678955
    },
    "hfc": {
        "dmean": 10.9593248367,
        "dmean2": 17.8185443878,
        "dvar": 283.274383545,
        "dvar2": 751.605529785,
        "max": 105.410179138,
        "mean": 22.8255062103,
        "median": 17.1284751892,
        "min": 1.16242341523e-16,
        "stdev": 16.495923996,
        "var": 272.115478516
    },
    "loudness_ebu128": {
        "integrated": -15.6623077393,
        "loudness_range": 0.829235076904,
        "momentary": {
            "dmean": 0.419892072678,
            "dmean2": 0.522502839565,
            "dvar": 0.0670484900475,
            "dvar2": 0.157645002007,
            "max": -13.6086444855,
            "mean": -15.7307338715,
            "median": -15.7017049789,
            "min": -18.4805431366,
            "stdev": 0.775845468044,
            "var": 0.601936161518
        },
        "short_term": {
            "dmean": 0.029980847612,
            "dmean2": 0.0309006329626,
            "dvar": 0.00116939016152,
            "dvar2": 0.00108507554978,
            "max": -14.9307069778,
            "mean": -15.694524765,
            "median": -15.7296333313,
            "min": -16.2633094788,
            "stdev": 0.23725438118,
            "var": 0.0562896430492
        }
    },
    "melbands_crest": {
        "dmean": 2.19977474213,
        "dmean2": 3.36772751808,
        "dvar": 3.43168067932,
        "dvar2": 7.28175735474,
        "max": 26.7399845123,
        "mean": 11.4561023712,
        "median": 10.9499340057,
        "min": 2.30530548096,
        "stdev": 3.49824953079,
        "var": 12.2377490997
    },
    "melbands_flatness_db": {
        "dmean": 0.0555343814194,
        "dmean2": 0.0840358883142,
        "dvar": 0.00399145483971,
        "dvar2": 0.00997450947762,
        "max": 0.521865487099,
        "mean": 0.335807979107,
        "median": 0.350849360228,
        "min": 0.00612062308937,
        "stdev": 0.0724698454142,
        "var": 0.00525187887251
    },
    "melbands_kurtosis": {
        "dmean": 2.00453495979,
        "dmean2": 3.33375740051,
        "dvar": 5.77942895889,
        "dvar2": 14.5093259811,
        "max": 54.9986953735,
        "mean": 3.29939222336,
        "median": 2.49204969406,
        "min": -1.26273858547,
        "stdev": 3.45750570297,
        "var": 11.9543457031
    },
    "melbands_skewness": {
        "dmean": 0.404436767101,
        "dmean2": 0.657559335232,
        "dvar": 0.157956808805,
        "dvar2": 0.38466206193,
        "max": 5.87893342972,
        "mean": 1.13234078884,
        "median": 1.13337659836,
        "min": -0.867548704147,
        "stdev": 0.657067060471,
        "var": 0.43173712492
    },
    "melbands_spread": {
        "dmean": 5.34239244461,
        "dmean2": 8.59850120544,
        "dvar": 69.2315597534,
        "dvar2": 170.79901123,
        "max": 148.044464111,
        "mean": 12.1005887985,
        "median": 9.34959030151,
        "min": 2.37491822243,
        "stdev": 9.22159194946,
        "var": 85.0377655029
    },
    "pitch_salience": {
        "dmean": 0.0600603334606,
        "dmean2": 0.100636579096,
        "dvar": 0.00290134898387,
        "dvar2": 0.00780340470374,
        "max": 0.895674347878,
        "mean": 0.548189640045,
        "median": 0.544454336166,
        "min": 0.312395185232,
        "stdev": 0.0803341194987,
        "var": 0.00645357044414
    },
    "silence_rate_20dB": {
        "dmean": 0,
        "dmean2": 0,
        "dvar": 0,
        "dvar2": 0,
        "max": 1,
        "mean": 1,
        "median": 1,
        "min": 1,
        "stdev": 0,
        "var": 0
    },
    "silence_rate_30dB": {
        "dmean": 0.00309119001031,
        "dmean2": 0.00618556700647,
        "dvar": 0.00308161601424,
        "dvar2": 0.00820905063301,
        "max": 1,
        "mean": 0.99794024229,
        "median": 1,
        "min": 0,
        "stdev": 0.0453380346298,
        "var": 0.00205553742126
    },
    "silence_rate_60dB": {
        "dmean": 0.000515198335052,
        "dmean2": 0.00103092787322,
        "dvar": 0.000514905899763,
        "dvar2": 0.00102987512946,
        "max": 1,
        "mean": 0.00154479919001,
        "median": 0,
        "min": 0,
        "stdev": 0.0392735339701,
        "var": 0.00154241058044
    },
    "spectral_centroid": {
        "dmean": 226.691772461,
        "dmean2": 370.169433594,
        "dvar": 149393.4375,
        "dvar2": 356297.6875,
        "max": 11444.2558594,
        "mean": 673.321411133,
        "median": 550.09777832,
        "min": 319.645050049,
        "stdev": 487.548736572,
        "var": 237703.78125
    },
    "spectral_complexity": {
        "dmean": 3.31066465378,
        "dmean2": 5.52371120453,
        "dvar": 14.519276619,
        "dvar2": 37.9235305786,
        "max": 33,
        "mean": 12.2590112686,
        "median": 11,
        "min": 0,
        "stdev": 4.00017929077,
        "var": 16.0014343262
    },
    "spectral_decrease": {
        "dmean": 2.45804887555e-09,
        "dmean2": 3.78225850639e-09,
        "dvar": 5.97550600938e-18,
        "dvar2": 1.29710249757e-17,
        "max": -1.72672589449e-29,
        "mean": -1.05403543671e-08,
        "median": -9.51474365962e-09,
        "min": -2.97513516045e-08,
        "stdev": 4.52047865807e-09,
        "var": 2.04347277552e-17
    },
    "spectral_energy": {
        "dmean": 0.0100944684818,
        "dmean2": 0.0157187879086,
        "dvar": 0.000104547099909,
        "dvar2": 0.000235103172599,
        "max": 0.121849618852,
        "mean": 0.0418520309031,
        "median": 0.0379492715001,
        "min": 1.06086955614e-20,
        "stdev": 0.0179308131337,
        "var": 0.000321514031384
    },
    "spectral_energyband_high": {
        "dmean": 0.000509950798005,
        "dmean2": 0.000964982202277,
        "dvar": 1.39348321682e-06,
        "dvar2": 3.90785316995e-06,
        "max": 0.00708609260619,
        "mean": 0.000308096874505,
        "median": 2.42631867877e-05,
        "min": 7.59093793058e-21,
        "stdev": 0.000905006425455,
        "var": 8.19036642952e-07
    },
    "spectral_energyband_low": {
        "dmean": 0.003297672607,
        "dmean2": 0.0043480838649,
        "dvar": 2.20687143155e-05,
        "dvar2": 3.82327962143e-05,
        "max": 0.0451610386372,
        "mean": 0.00836697872728,
        "median": 0.00339847616851,
        "min": 4.87783810372e-23,
        "stdev": 0.0109241614118,
        "var": 0.000119337295473
    },
    "spectral_energyband_middle_high": {
        "dmean": 0.00436533475295,
        "dmean2": 0.00681262137368,
        "dvar": 4.92804574606e-05,
        "dvar2": 0.000121215714898,
        "max": 0.0436274297535,
        "mean": 0.00526231434196,
        "median": 0.00217570457608,
        "min": 1.59709956642e-21,
        "stdev": 0.00717232841998,
        "var": 5.14422936249e-05
    },
    "spectral_energyband_middle_low": {
        "dmean": 0.00632679881528,
        "dmean2": 0.00933137349784,
        "dvar": 4.0308041207e-05,
        "dvar2": 8.801635704e-05,
        "max": 0.0850161537528,
        "mean": 0.028933653608,
        "median": 0.0269554592669,
        "min": 2.90934098034e-22,
        "stdev": 0.0104277729988,
        "var": 0.000108738444396
    },
    "spectral_entropy": {
        "dmean": 0.411710262299,
        "dmean2": 0.679422020912,
        "dvar": 0.266740590334,
        "dvar2": 0.683234333992,
        "max": 9.80000782013,
        "mean": 6.34323740005,
        "median": 6.20239067078,
        "min": 5.2091627121,
        "stdev": 0.535673439503,
        "var": 0.286946028471
    },
    "spectral_flux": {
        "dmean": 0.0348915420473,
        "dmean2": 0.0547898858786,
        "dvar": 0.00123999023344,
        "dvar2": 0.00284647429362,
        "max": 0.255342721939,
        "mean": 0.078240595758,
        "median": 0.0652866065502,
        "min": 6.81642658984e-11,
        "stdev": 0.0415965206921,
        "var": 0.00173027068377
    },
    "spectral_kurtosis": {
        "dmean": 14.0951786041,
        "dmean2": 23.5190620422,
        "dvar": 216.544677734,
        "dvar2": 507.307128906,
        "max": 180.370056152,
        "mean": 22.8350696564,
        "median": 17.8176956177,
        "min": -1.2280985117,
        "stdev": 18.8436565399,
        "var": 355.083404541
    },
    "spectral_rms": {
        "dmean": 0.000766066892538,
        "dmean2": 0.00117039238103,
        "dvar": 5.51948176053e-07,
        "dvar2": 1.20026311379e-06,
        "max": 0.0109031042084,
        "mean": 0.0062455823645,
        "median": 0.00608470849693,
        "min": 3.21713337394e-12,
        "stdev": 0.00135052704718,
        "var": 1.82392329862e-06
    },
    "spectral_rolloff": {
        "dmean": 241.900985718,
        "dmean2": 436.392608643,
        "dvar": 229655.765625,
        "dvar2": 415336.625,
        "max": 18690.8203125,
        "mean": 830.655029297,
        "median": 645.99609375,
        "min": 279.931640625,
        "stdev": 741.478210449,
        "var": 549789.9375
    },
    "spectral_skewness": {
        "dmean": 1.06285226345,
        "dmean2": 1.73328971863,
        "dvar": 1.09476113319,
        "dvar2": 2.64890527725,
        "max": 10.9448108673,
        "mean": 3.27594542503,
        "median": 3.10340881348,
        "min": -0.0630570575595,
        "stdev": 1.33269011974,
        "var": 1.77606296539
    },
    "spectral_spread": {
        "dmean": 738448.3125,
        "dmean2": 1187969,
        "dvar": 1.19330373632e+12,
        "dvar2": 2.18471648461e+12,
        "max": 41499460,
        "mean": 2204334.25,
        "median": 1906622.5,
        "min": 449065.375,
        "stdev": 1586491.5,
        "var": 2.51695516877e+12
    },
    "spectral_strongpeak": {
        "dmean": 0.911048471928,
        "dmean2": 1.62167966366,
        "dvar": 1.79401230812,
        "dvar2": 4.62789011002,
        "max": 9.82565307617,
        "mean": 1.82855796814,
        "median": 1.60014891624,
        "min": 1.64564351035e-09,
        "stdev": 1.38541018963,
        "var": 1.91936147213
    },
    "zerocrossingrate": {
        "dmean": 0.00636778119951,
        "dmean2": 0.00800479203463,
        "dvar": 9.90372645902e-05,
        "dvar2": 0.00014282327902,
        "max": 0.51171875,
        "mean": 0.0305366870016,
        "median": 0.02734375,
        "min": 0.00634765625,
        "stdev": 0.0214446578175,
        "var": 0.000459873321233
    },
    "barkbands": {
        "dmean": [1.91380622709e-05, 0.00165234925225, 0.00179257732816, 0.000898711965419, 0.00253139086999, 0.00117427913938, 0.00165560096502, 0.0025300369598, 0.00166388344951, 0.000944938277826, 0.000299284030916, 0.000351997936377, 0.000732385902666, 0.000667331682052, 0.00112845550757, 0.000559341802727, 0.000104302103864, 4.60444498458e-05, 0.000118145835586, 0.000126429760712, 0.00018826208543, 0.000137756956974, 4.85395394207e-05, 3.09583374474e-05, 1.78251848411e-05, 5.96905874772e-06, 1.48457122151e-08],
        "dmean2": [3.37128367391e-05, 0.00210025231354, 0.00248628179543, 0.00133813079447, 0.00403554877266, 0.00177195423748, 0.00216766772792, 0.00347985932603, 0.00230003963225, 0.00129935226869, 0.000477930938359, 0.000566135917325, 0.00115803489462, 0.00108869106043, 0.00186973495875, 0.000993460183963, 0.000187920377357, 8.42021327117e-05, 0.000220372603508, 0.000238697844907, 0.000355144846253, 0.000261776556727, 9.3616268714e-05, 5.99991144554e-05, 3.45173430105e-05, 1.16397286547e-05, 2.76630167662e-08],
        "dvar": [1.32610078474e-09, 9.8875925687e-06, 7.30595729692e-06, 1.46327954553e-06, 6.68816210236e-06, 2.04067578125e-06, 4.86670251121e-06, 1.53456276166e-05, 5.68360155739e-06, 4.56215184386e-06, 1.87901844129e-06, 2.67168616119e-06, 6.06652019997e-06, 5.49706510355e-06, 9.25331460166e-06, 5.88502871324e-06, 4.85969110287e-07, 2.83171779358e-08, 2.27894489058e-07, 1.6648034773e-07, 3.20746920579e-07, 1.60972305707e-07, 3.30582849983e-08, 9.75581482265e-09, 4.0074441543e-09, 9.86333015263e-10, 3.65029399191e-15],
        "dvar2": [3.62035157409e-09, 1.40673073474e-05, 1.4027641555e-05, 3.27535690303e-06, 1.74075976247e-05, 4.8959459491e-06, 7.69490270613e-06, 2.79160231003e-05, 1.09193315438e-05, 9.73343139776e-06, 4.33999684901e-06, 6.22337665845e-06, 1.39188396133e-05, 1.23934178191e-05, 2.37039275817e-05, 1.60022027558e-05, 1.31444380713e-06, 8.08300981703e-08, 6.54653547372e-07, 4.7533109182e-07, 9.11050562991e-07, 4.59189237745e-07, 9.61468984428e-08, 2.81183005768e-08, 1.16033040953e-08, 2.90123858271e-09, 1.00446122028e-14],
        "max": [0.000307743059238, 0.0337098240852, 0.0317007936537, 0.0128418803215, 0.029782794416, 0.0154652427882, 0.0246655903757, 0.0669133961201, 0.0319738574326, 0.0184794981033, 0.0235565062612, 0.0249067991972, 0.0238329488784, 0.0247806403786, 0.0247083567083, 0.02250363864, 0.0153729617596, 0.0043635009788, 0.00567807303742, 0.00431277276948, 0.00512929959223, 0.00368926208466, 0.00163139158394, 0.000756251916755, 0.00046979446779, 0.000307965296088, 1.20511595014e-06],
        "mean": [1.91260623978e-05, 0.00339110987261, 0.00429715914652, 0.00161275325809, 0.00672886008397, 0.00287372223102, 0.00447504688054, 0.00693482533097, 0.00562351988629, 0.00157814577688, 0.0003754379577, 0.000411409622757, 0.000708866748028, 0.000611984054558, 0.0012087172363, 0.000461770716356, 9.20015081647e-05, 3.44233230862e-05, 7.72137354943e-05, 7.99513945822e-05, 0.00011683372577, 8.1280239101e-05, 2.7700809369e-05, 1.72015770659e-05, 9.84537200566e-06, 3.21884112964e-06, 9.00929464365e-09],
        "median": [8.05874969956e-06, 0.000484035816044, 0.00155743118376, 0.000955755705945, 0.00566084589809, 0.00181774422526, 0.00237101339735, 0.00541212037206, 0.00519325491041, 0.000317567843013, 6.10920833424e-05, 6.5256288508e-05, 9.55034629442e-05, 6.24829626759e-05, 0.000210305122891, 4.95201456943e-05, 1.57401482284e-05, 7.68101199355e-06, 7.97734355729e-06, 7.80412301538e-06, 5.74763362238e-06, 4.11987730331e-06, 7.34718014428e-07, 4.36554756789e-07, 1.2209662259e-07, 1.50843355584e-08, 8.09466049745e-10],
        "min": [8.59514995539e-24, 1.99569597454e-23, 4.34491491505e-24, 1.75890801424e-23, 2.80104470377e-23, 3.56503156247e-23, 2.2459537348e-23, 3.00637857097e-23, 1.95958555106e-23, 5.58394434454e-23, 5.64560549943e-23, 4.34537403209e-23, 5.24742290881e-23, 6.25010456239e-23, 1.46425584437e-22, 1.55268639454e-22, 1.68286459977e-22, 2.47574945291e-22, 2.8517629695e-22, 2.62641658467e-22, 3.83591049389e-22, 4.90649975544e-22, 5.16798808664e-22, 8.01985783635e-22, 1.359352894e-21, 1.70439595864e-21, 2.1473338091e-21],
        "stdev": [3.33318785124e-05, 0.00671286834404, 0.00618862640113, 0.00187051610555, 0.00469586765394, 0.00284516974352, 0.00481949793175, 0.00693581951782, 0.00472638104111, 0.00290631642565, 0.00152845762204, 0.00176457664929, 0.00244947033934, 0.00232227519155, 0.00288523104973, 0.00206469278783, 0.000641484686639, 0.000131546577904, 0.000362062564818, 0.000310609611915, 0.000433364359196, 0.000302808475681, 0.000134513174999, 7.30270039639e-05, 4.66066412628e-05, 2.27546443057e-05, 4.77081663064e-08],
        "var": [1.11101416955e-09, 4.50626030215e-05, 3.82990947401e-05, 3.49883066519e-06, 2.20511738007e-05, 8.09499124443e-06, 2.32275597227e-05, 4.81055903947e-05, 2.23386759899e-05, 8.44667465572e-06, 2.33618266066e-06, 3.11373059958e-06, 5.99990471528e-06, 5.39296206625e-06, 8.3245577116e-06, 4.26295673606e-06, 4.11502611541e-07, 1.73045009433e-08, 1.31089308297e-07, 9.64783239965e-08, 1.87804673146e-07, 9.16929678851e-08, 1.80937949068e-08, 5.33294297611e-09, 2.17217888121e-09, 5.17773823816e-10, 2.27606922059e-15]
    },
    "erbbands": {
        "dmean": [0.0159536395222, 0.478466182947, 1.97692763805, 2.19252991676, 5.94797706604, 9.58310604095, 7.69341516495, 11.1748571396, 23.2633533478, 33.1885681152, 49.6575431824, 39.0194473267, 26.1534080505, 21.8182468414, 12.2690734863, 13.9945402145, 34.1582145691, 40.5884284973, 60.613861084, 29.7696647644, 24.7925281525, 5.09873199463, 2.54325413704, 3.74510025978, 6.9755988121, 6.18262720108, 6.98870325089, 7.23126220703, 5.6114859581, 2.42073392868, 1.45621156693, 0.872098147869, 0.413715690374, 0.173449009657, 0.158420741558, 0.0475412718952, 0.0036612811964, 0.000199123984203, 1.25303004097e-05, 1.28999845401e-05],
        "dmean2": [0.0211795438081, 0.605481088161, 2.59381937981, 3.39839863777, 9.33760261536, 15.4022302628, 12.0890293121, 17.1363735199, 31.3067989349, 43.8783493042, 71.0049438477, 52.6655921936, 36.7297706604, 30.6995277405, 19.4074802399, 22.1936798096, 53.200756073, 65.6320419312, 98.9551696777, 50.9083175659, 44.0553207397, 9.13635349274, 4.60240507126, 6.93175792694, 12.9642314911, 11.6496639252, 13.1250066757, 13.6357460022, 10.6912279129, 4.60982942581, 2.79620957375, 1.68797147274, 0.802599549294, 0.33568406105, 0.307141780853, 0.0926554724574, 0.00712746195495, 0.00038500118535, 2.21786267502e-05, 2.06034819712e-05],
        "dvar": [0.00117078586482, 0.762212812901, 9.12040233612, 7.12146091461, 38.6549911499, 132.860229492, 104.666809082, 210.733276367, 948.313232422, 2379.50732422, 6383.04394531, 3462.66796875, 3942.51586914, 4232.04248047, 2327.3515625, 2592.2565918, 14229.4990234, 19388.2695312, 24197.6816406, 8013.25146484, 11403.296875, 519.796569824, 39.4207954407, 344.175598145, 736.764831543, 447.200927734, 509.642944336, 526.686401367, 263.888092041, 55.6854438782, 30.8387699127, 9.50400352478, 3.03428673744, 0.475493878126, 0.363017201424, 0.0501990430057, 0.000436558417277, 1.06759182472e-06, 8.39781744144e-10, 1.97945881908e-10],
        "dvar2": [0.00168435589876, 1.11674058437, 16.6548557281, 17.6884117126, 96.5348205566, 354.739746094, 287.872955322, 503.292358398, 1482.28613281, 4468.21240234, 10763.9335938, 6381.77587891, 8097.18652344, 9677.63476562, 5557.47167969, 6171.84765625, 32338.0078125, 44722.4453125, 59890.5976562, 21607.5898438, 31584.4296875, 1425.31237793, 110.973052979, 1002.47589111, 2099.07885742, 1285.71655273, 1458.10925293, 1503.60046387, 755.332214355, 160.001052856, 89.6598510742, 27.5755977631, 8.88028621674, 1.38185811043, 1.05543065071, 0.14734980464, 0.00127965270076, 3.11985013468e-06, 2.41957787139e-09, 4.88405871302e-10],
        "max": [0.487613350153, 9.26215171814, 31.6975269318, 22.4404220581, 75.4384613037, 145.867935181, 154.276123047, 184.424682617, 317.081939697, 548.93536377, 1852.45068359, 832.46661377, 586.629272461, 1236.82507324, 771.616638184, 999.758483887, 1184.35339355, 1300.45214844, 1084.62817383, 896.583862305, 1414.5201416, 454.693145752, 83.4180603027, 305.779937744, 256.552520752, 217.353042603, 198.313705444, 230.810745239, 153.42288208, 80.5564804077, 53.1024513245, 25.5613822937, 20.4607467651, 9.10095977783, 4.6246213913, 2.31513261795, 0.373048961163, 0.0257037151605, 0.000467011181172, 0.000147361482959],
        "mean": [0.0295700971037, 1.02976858616, 4.95810937881, 4.80535650253, 11.519446373, 24.7564239502, 22.8972434998, 27.319190979, 63.6247367859, 97.8390350342, 160.947662354, 133.22303772, 48.8541717529, 34.4897880554, 15.5059080124, 16.2548522949, 34.49036026, 37.98487854, 65.099319458, 28.8756065369, 21.5992088318, 4.48045778275, 2.00902366638, 2.57329440117, 4.54131221771, 3.87562274933, 4.31447553635, 4.4806728363, 3.31285476685, 1.42702925205, 0.837037682533, 0.488473951817, 0.226253688335, 0.0961656868458, 0.0866763442755, 0.025732640177, 0.00198857323267, 0.000111383254989, 2.49816748692e-05, 4.82360555907e-05],
        "median": [0.00436508283019, 0.184853613377, 1.59388196468, 3.14863634109, 9.29179477692, 18.4068756104, 15.0456428528, 16.9211025238, 36.4165725708, 76.84425354, 132.774658203, 91.8040924072, 15.298910141, 7.28762435913, 3.69735407829, 3.44470119476, 5.23418521881, 5.1573009491, 13.1368141174, 7.00182628632, 2.74535155296, 1.01106059551, 0.538693070412, 0.38676738739, 0.453262269497, 0.387377440929, 0.259204059839, 0.188347965479, 0.176027223468, 0.0800675004721, 0.0237309038639, 0.0120448926464, 0.00519532337785, 0.00198028539307, 0.000786938006058, 0.000214381550904, 2.80366002698e-05, 4.18782019551e-06, 1.96047167265e-05, 4.32906963397e-05],
        "min": [8.19026643314e-22, 3.07474504355e-21, 4.92729680472e-21, 4.21182758012e-20, 3.12793146446e-20, 8.18679716172e-20, 3.6653536165e-19, 2.92693801397e-19, 3.96559432946e-19, 6.33165813469e-19, 4.36740248189e-19, 4.63781919786e-19, 1.32676316774e-18, 2.01570328838e-18, 2.59403612622e-18, 2.31568509381e-18, 2.21409097777e-18, 2.70692394596e-18, 4.84869121405e-18, 6.30367957765e-18, 1.0958776614e-17, 1.01216582535e-17, 1.09869321876e-17, 1.2766516977e-17, 1.73208261915e-17, 1.35632457624e-17, 1.58559786622e-17, 1.48460142953e-17, 1.62640549825e-17, 2.04072124193e-17, 1.27276279076e-17, 1.23140210578e-17, 1.69601241593e-17, 1.26069662445e-17, 1.01735224779e-17, 6.05735718535e-18, 3.3513034334e-18, 1.15458169753e-18, 2.78374943102e-19, 3.31981280965e-20],
        "stdev": [0.0616062618792, 1.90209305286, 7.18081712723, 4.54324054718, 9.13153934479, 20.3095207214, 21.567445755, 27.8508872986, 65.362701416, 90.3632507324, 146.896392822, 122.698165894, 88.7074813843, 79.1966094971, 51.2419166565, 53.6948318481, 119.681678772, 135.166717529, 149.459106445, 80.7337188721, 92.8671264648, 20.352930069, 5.0387339592, 13.9093084335, 20.8312664032, 15.9449481964, 17.0952110291, 17.5259857178, 12.1992263794, 5.60630512238, 4.11837768555, 2.26930975914, 1.26722371578, 0.506346106529, 0.441912651062, 0.162585809827, 0.0152321280912, 0.00075574539369, 2.36421201407e-05, 2.13477669604e-05],
        "var": [0.00379533134401, 3.61795806885, 51.5641365051, 20.64103508, 83.3850097656, 412.476623535, 465.154693604, 775.671936035, 4272.28271484, 8165.51660156, 21578.5507812, 15054.8408203, 7869.01757812, 6272.10302734, 2625.73413086, 2883.13500977, 14323.7050781, 18270.0410156, 22338.0234375, 6517.93310547, 8624.30371094, 414.241790771, 25.388841629, 193.46887207, 433.941680908, 254.241363525, 292.246246338, 307.160186768, 148.821121216, 31.4306545258, 16.9610328674, 5.14976644516, 1.60585606098, 0.256386399269, 0.195286795497, 0.0264341440052, 0.000232017730013, 5.71151133499e-07, 5.58949830864e-10, 4.55727150461e-10]
    },
    "gfcc": {
        "mean": [-64.3613128662, 180.952468872, -131.440536499, 1.28437232971, -71.4146652222, -15.3545684814, -33.7155914307, -17.2883205414, -0.873645722866, -5.57603216171, -19.4231262207, -29.0074958801, -5.68059682846],
        "cov": [[5238.81689453, -1333.11669922, -330.713104248, 767.456787109, -483.029174805, 695.862182617, -207.187515259, 277.343383789, -151.544662476, 283.229614258, -201.28666687, 147.323104858, -31.5195770264], [-1333.11669922, 1683.71447754, 472.45098877, -188.784973145, 503.804748535, -234.429000854, 277.867614746, -133.376739502, 304.966491699, -57.7710227966, 213.229385376, -177.279464722, 49.1824035645], [-330.713104248, 472.45098877, 714.221252441, 207.268951416, 353.609313965, 263.145568848, 90.2191238403, 152.175201416, 234.77645874, 124.162498474, 36.3206176758, 7.94921875, 29.978761673], [767.456787109, -188.784973145, 207.268951416, 478.236816406, 79.3750228882, 289.959716797, 18.7256641388, 51.6283340454, 121.067520142, 186.249450684, 68.6512451172, 6.14101552963, 5.73205184937], [-483.029174805, 503.804748535, 353.609313965, 79.3750228882, 316.573028564, 57.7572212219, 87.8649139404, 23.2096195221, 165.141937256, 52.8260040283, 87.734085083, -14.7114887238, 5.89273881912], [695.862182617, -234.429000854, 263.145568848, 289.959716797, 57.7572212219, 376.595550537, 17.1218833923, 129.764434814, 82.699180603, 163.553848267, -35.4140892029, 42.8566665649, 16.3059940338], [-207.187515259, 277.867614746, 90.2191238403, 18.7256641388, 87.8649139404, 17.1218833923, 190.329574585, -15.5782222748, -25.5148639679, 57.9530487061, 97.2682876587, -22.3015975952, -8.58840179443], [277.343383789, -133.376739502, 152.175201416, 51.6283340454, 23.2096195221, 129.764434814, -15.5782222748, 206.02432251, 32.6654052734, -28.9036064148, -83.7386550903, 47.8516349792, 11.5713348389], [-151.544662476, 304.966491699, 234.77645874, 121.067520142, 165.141937256, 82.699180603, -25.5148639679, 32.6654052734, 362.422912598, 37.1076393127, -61.4859619141, -83.0307540894, 34.7554168701], [283.229614258, -57.7710227966, 124.162498474, 186.249450684, 52.8260040283, 163.553848267, 57.9530487061, -28.9036064148, 37.1076393127, 231.467773438, 69.6189498901, -20.1213588715, -30.2049427032], [-201.28666687, 213.229385376, 36.3206176758, 68.6512451172, 87.734085083, -35.4140892029, 97.2682876587, -83.7386550903, -61.4859619141, 69.6189498901, 217.754730225, -11.9861087799, -44.2578086853], [147.323104858, -177.279464722, 7.94921875, 6.14101552963, -14.7114887238, 42.8566665649, -22.3015975952, 47.8516349792, -83.0307540894, -20.1213588715, -11.9861087799, 123.663162231, -2.60289812088], [-31.5195770264, 49.1824035645, 29.978761673, 5.73205184937, 5.89273881912, 16.3059940338, -8.58840179443, 11.5713348389, 34.7554168701, -30.2049427032, -44.2578086853, -2.60289812088, 87.5705795288]],
        "icov": [[0.00125311792362, -0.00310746836476, 0.00281434878707, -0.00328453350812, 0.00266594043933, -0.00249822065234, 0.00332755828276, -0.00289341574535, 0.00234100385569, -0.00218373094685, 0.0023460353259, -0.00157894636504, 0.00189870642498], [-0.00310746836476, 0.0125157264993, -0.00921046920121, 0.0105241592973, -0.00974267162383, 0.00773651245981, -0.0125938626006, 0.00968468282372, -0.00859166309237, 0.00809659715742, -0.00842832587659, 0.0064423494041, -0.00684886332601], [0.00281434878707, -0.00921046920121, 0.0128549207002, -0.00781832728535, 0.00228010374121, -0.00844295136631, 0.00964633189142, -0.010188142769, 0.00601870613173, -0.0072323186323, 0.00599917350337, -0.00458509009331, 0.00402022665367], [-0.00328453350812, 0.0105241592973, -0.00781832728535, 0.0158444978297, -0.00760891195387, 0.0030530996155, -0.00960875488818, 0.00803294684738, -0.00985211972147, 0.00569652579725, -0.011953804642, 0.00490599591285, -0.00753440428525], [0.00266594043933, -0.00974267162383, 0.00228010374121, -0.00760891195387, 0.0202888064086, -0.00483004376292, 0.00757127441466, -0.00709216063842, 0.00197784043849, -0.00570236844942, 0.00198747846298, -0.00800826214254, 0.00537722418085], [-0.00249822065234, 0.00773651245981, -0.00844295136631, 0.0030530996155, -0.00483004376292, 0.016966836527, -0.00900891330093, 0.00295704719611, -0.00508631533012, -0.000419534131652, -0.00196135067381, 0.00144037103746, -0.00573678361252], [0.00332755828276, -0.0125938626006, 0.00964633189142, -0.00960875488818, 0.00757127441466, -0.00900891330093, 0.0214488711208, -0.0111746964976, 0.0106112854555, -0.00974383112043, 0.00543825654313, -0.003766001435, 0.00540986703709], [-0.00289341574535, 0.00968468282372, -0.010188142769, 0.00803294684738, -0.00709216063842, 0.00295704719611, -0.0111746964976, 0.0192742329091, -0.00600850535557, 0.0115627301857, -0.00288396631368, 0.003765799338, -0.00220754090697], [0.00234100385569, -0.00859166309237, 0.00601870613173, -0.00985211972147, 0.00197784043849, -0.00508631533012, 0.0106112854555, -0.00600850535557, 0.0140048144385, -0.0053169131279, 0.0107157044113, 0.000914327858482, 0.00495168380439], [-0.00218373094685, 0.00809659715742, -0.0072323186323, 0.00569652579725, -0.00570236844942, -0.000419534131652, -0.00974383112043, 0.0115627301857, -0.0053169131279, 0.0170059446245, -0.00614391313866, 0.00622365949675, -0.000196131004486], [0.0023460353259, -0.00842832587659, 0.00599917350337, -0.011953804642, 0.00198747846298, -0.00196135067381, 0.00543825654313, -0.00288396631368, 0.0107157044113, -0.00614391313866, 0.0197509396821, -0.00335847213864, 0.00896279327571], [-0.00157894636504, 0.0064423494041, -0.00458509009331, 0.00490599591285, -0.00800826214254, 0.00144037103746, -0.003766001435, 0.003765799338, 0.000914327858482, 0.00622365949675, -0.00335847213864, 0.016904996708, -0.00294537935406], [0.00189870642498, -0.00684886332601, 0.00402022665367, -0.00753440428525, 0.00537722418085, -0.00573678361252, 0.00540986703709, -0.00220754090697, 0.00495168380439, -0.000196131004486, 0.00896279327571, -0.00294537935406, 0.019004156813]]
    },
    "melbands": {
        "dmean": [0.000302705564536, 0.0008468189626, 0.000445251178462, 0.000548725423869, 0.000326072244206, 0.000244469265454, 0.000360502890544, 0.000415176065871, 0.000407839834224, 0.000220223257202, 0.000130399901536, 9.28435547394e-05, 4.08486594097e-05, 4.00983808504e-05, 6.13789670751e-05, 7.15847854735e-05, 7.30821775505e-05, 8.65265610628e-05, 6.5442538471e-05, 4.3476899009e-05, 2.38046177401e-05, 5.40886321687e-06, 2.5561239454e-06, 2.27719647228e-06, 2.96795269605e-06, 4.68994676339e-06, 4.38388678958e-06, 4.16756893173e-06, 4.34688308815e-06, 5.0128046496e-06, 3.82249254471e-06, 3.02366083815e-06, 2.55722534348e-06, 9.44040436934e-07, 9.17301690606e-07, 6.53992628941e-07, 4.56939346805e-07, 2.74783985788e-07, 1.92097246554e-07, 1.42416524795e-07],
        "dmean2": [0.000387190695619, 0.00110165239312, 0.000678470765706, 0.00088290811982, 0.000509369652718, 0.000370541441953, 0.000475306267617, 0.000562103639822, 0.000591623072978, 0.00029920891393, 0.000183229305549, 0.000130623273435, 6.55271142023e-05, 6.46609041723e-05, 9.63162237895e-05, 0.000114654387289, 0.000118580319395, 0.000141372947837, 0.000109564236482, 7.66549273976e-05, 4.27422673965e-05, 9.81955054158e-06, 4.63674177809e-06, 4.13782299802e-06, 5.51365428691e-06, 8.75468413142e-06, 8.16222927824e-06, 7.88072702562e-06, 8.19448177936e-06, 9.37455934036e-06, 7.22047525414e-06, 5.76420552534e-06, 4.8826946113e-06, 1.80353106316e-06, 1.76313596967e-06, 1.26475288198e-06, 8.8441669277e-07, 5.32149897481e-07, 3.72929605419e-07, 2.76361760143e-07],
        "dvar": [3.66754846937e-07, 1.57075521656e-06, 2.15262076608e-07, 3.11790898877e-07, 1.86573586802e-07, 9.62338262411e-08, 2.21912046072e-07, 4.15592410263e-07, 3.5457770764e-07, 1.20418121696e-07, 1.00048751506e-07, 7.65613563658e-08, 3.29262803689e-08, 4.1178473964e-08, 5.56870070056e-08, 5.00070562737e-08, 7.53066728976e-08, 5.34029069854e-08, 4.56166660001e-08, 3.8996031293e-08, 1.3821173539e-08, 1.10459696945e-09, 3.51745785276e-11, 5.96750635018e-11, 2.82416506847e-10, 3.81524423165e-10, 2.91392160401e-10, 2.71849348588e-10, 3.20829557365e-10, 2.61406590818e-10, 1.89775459236e-10, 8.0009311676e-11, 6.70641112088e-11, 1.09505980672e-11, 1.6934793845e-11, 7.44993997048e-12, 3.36475660702e-12, 1.35436648875e-12, 7.97085596312e-13, 5.53807162889e-13],
        "dvar2": [5.02945056269e-07, 2.84075235868e-06, 4.99328393744e-07, 7.93273045474e-07, 5.00601004205e-07, 2.25588806302e-07, 3.39091258184e-07, 7.91035859038e-07, 6.12589644788e-07, 2.28406136671e-07, 2.06624235943e-07, 1.74052047441e-07, 7.82790507969e-08, 9.19494809182e-08, 1.30802661147e-07, 1.18717679243e-07, 1.69733183952e-07, 1.31968832306e-07, 1.2293325824e-07, 1.0472766121e-07, 3.88437868537e-08, 3.01431235528e-09, 9.84985495944e-11, 1.70565173097e-10, 8.25211010635e-10, 1.09173881047e-09, 8.342175839e-10, 7.8666406722e-10, 9.28149113122e-10, 7.44523553919e-10, 5.48062206729e-10, 2.28571217509e-10, 1.93054974784e-10, 3.1752756674e-11, 4.95663406153e-11, 2.18228785737e-11, 9.78680938374e-12, 3.95088389088e-12, 2.32872813914e-12, 1.62496318484e-12],
        "max": [0.00727759487927, 0.0123935984448, 0.00519626261666, 0.00798186007887, 0.00620961980894, 0.00362620153464, 0.00472238659859, 0.00665102992207, 0.0139563502744, 0.00449936138466, 0.00284372153692, 0.00493247015402, 0.00355361867696, 0.00339931668714, 0.00326570309699, 0.00250290217809, 0.00294513790868, 0.00160820875317, 0.00263820425607, 0.00206388393417, 0.0017626445042, 0.000708001549356, 4.80236449221e-05, 0.000186634730198, 0.000292144715786, 0.00025238818489, 0.000215389722143, 0.00017490008031, 0.000189487211173, 0.000166490324773, 0.000165061530424, 9.08277506824e-05, 5.77988685109e-05, 4.93791849294e-05, 4.45478945039e-05, 3.10086870741e-05, 1.93127834791e-05, 1.25134829432e-05, 1.16000783237e-05, 1.08003414425e-05],
        "mean": [0.000597106118221, 0.00213353266008, 0.00104138231836, 0.00131914240774, 0.000964198901784, 0.000594246550463, 0.000988391111605, 0.00117488997057, 0.00142130709719, 0.00070773344487, 0.000222289745579, 0.000145327721839, 5.13307932124e-05, 4.62285061076e-05, 6.65497282171e-05, 6.68843786116e-05, 6.6958469688e-05, 9.17732177186e-05, 6.97358846082e-05, 3.50489572156e-05, 2.09789868677e-05, 4.63485639557e-06, 2.0310783384e-06, 1.73660828295e-06, 2.00666158889e-06, 3.03385240841e-06, 2.8672056942e-06, 2.56927432929e-06, 2.67995937975e-06, 3.0880205486e-06, 2.33270225181e-06, 1.77630386133e-06, 1.50679932176e-06, 5.50989682324e-07, 5.27488566604e-07, 3.67775612631e-07, 2.55582648379e-07, 1.50304359181e-07, 1.06007469469e-07, 7.84495028938e-08],
        "median": [9.10232338356e-05, 0.000724272336811, 0.000778835848905, 0.00114555982873, 0.000605848617852, 0.00036809197627, 0.000557782244869, 0.000897511490621, 0.00127186626196, 0.000478935224237, 4.51867017546e-05, 2.91567339445e-05, 9.90241187537e-06, 6.96265578881e-06, 9.07337926037e-06, 8.96328674571e-06, 5.28807231603e-06, 1.58588773047e-05, 1.27626317408e-05, 3.59163004759e-06, 2.19754747377e-06, 7.93651622644e-07, 6.10163965575e-07, 3.66889480574e-07, 2.66555389317e-07, 3.03015212921e-07, 2.6935782671e-07, 2.10695276337e-07, 1.18585852249e-07, 1.27403950501e-07, 6.96406203815e-08, 8.33672615386e-08, 5.25242711547e-08, 2.19278994962e-08, 1.09434328266e-08, 8.66079474804e-09, 5.51527801207e-09, 3.11180436974e-09, 1.98989602573e-09, 1.01560870824e-09],
        "min": [6.84701367904e-24, 3.20054792643e-24, 6.10819179875e-24, 3.79214154053e-24, 1.07966982365e-23, 7.2469133043e-24, 6.07631077413e-24, 7.15916120607e-24, 3.20040849527e-24, 3.02814493939e-24, 6.7461901556e-24, 8.04986957618e-24, 9.26198433376e-24, 5.3244154965e-24, 4.32611083765e-24, 6.18564295129e-24, 4.19318461968e-24, 6.55641428206e-24, 1.12921778268e-23, 4.79922898226e-24, 1.43336468241e-23, 1.0591045354e-23, 8.58872862762e-24, 1.11607772658e-23, 9.09402559185e-24, 1.28684102678e-23, 7.38138016762e-24, 8.90223141769e-24, 1.04433611262e-23, 8.66880432039e-24, 8.37131382898e-24, 7.46856113056e-24, 9.80416370076e-24, 1.20238873371e-23, 6.89449048376e-24, 7.51823017974e-24, 7.07786199003e-24, 1.13406675289e-23, 1.18809410079e-23, 9.91358186375e-24],
        "stdev": [0.00121648807544, 0.00298088719137, 0.000835823884699, 0.000893891614396, 0.00091573811369, 0.000600272032898, 0.00102421140764, 0.00114512839355, 0.00111076328903, 0.000682811718434, 0.000443886732683, 0.000341813225532, 0.000194335909327, 0.000221389112994, 0.000241847345023, 0.00021505150653, 0.000271036027698, 0.000221409543883, 0.000200917769689, 0.000166563477251, 0.000103189864603, 3.00939082081e-05, 4.75525166621e-06, 6.09777134741e-06, 1.25399737954e-05, 1.48893468577e-05, 1.31077495098e-05, 1.23434192574e-05, 1.34218380481e-05, 1.23893914861e-05, 1.03897391455e-05, 6.73604517942e-06, 6.12454823568e-06, 2.46134823101e-06, 3.03391243506e-06, 1.99443570637e-06, 1.3479223071e-06, 8.50888000059e-07, 6.52497192277e-07, 5.41125302789e-07],
        "var": [1.47984326304e-06, 8.88568865776e-06, 6.98601525073e-07, 7.99042254584e-07, 8.38576283968e-07, 3.60326481541e-07, 1.04900891529e-06, 1.3113191244e-06, 1.23379504657e-06, 4.66231853125e-07, 1.97035433303e-07, 1.16836275765e-07, 3.77664477469e-08, 4.90131384367e-08, 5.84901407308e-08, 4.62471483331e-08, 7.34605265507e-08, 4.90221871985e-08, 4.03679507599e-08, 2.77433915841e-08, 1.0648148141e-08, 9.05643282589e-10, 2.26124188818e-11, 3.71828158541e-11, 1.57250948374e-10, 2.21692650348e-10, 1.7181310541e-10, 1.52359999617e-10, 1.80145745543e-10, 1.5349702065e-10, 1.07946679373e-10, 4.53743050077e-11, 3.75100922545e-11, 6.05823464311e-12, 9.2046249095e-12, 3.9777734058e-12, 1.81689461653e-12, 7.24010424096e-13, 4.25752586398e-13, 2.92816606465e-13]
    },
    "melbands128": {
