{
"lowlevel": {
    "average_loudness": 0.982813775539,
    "barkbands_crest": {
        "dmean": 2.16831350327,
        "dmean2": 3.53000545502,
        "dvar": 4.4347615242,
        "dvar2": 10.9163408279,
        "max": 23.2912158966,
        "mean": 10.2973966599,
        "median": 9.34974002838,
        "min": 2.92684435844,
        "stdev": 4.33372068405,
        "var": 18.7811355591
    },
    "barkbands_flatness_db": {
        "dmean": 0.0177900418639,
        "dmean2": 0.0285667497665,
        "dvar": 0.00042873021448,
        "dvar2": 0.00107555114664,
        "max": 0.548223614693,
        "mean": 0.245899051428,
        "median": 0.24206212163,
        "min": 0.0706593990326,
        "stdev": 0.0457117296755,
        "var": 0.0020895623602
    },
    "barkbands_kurtosis": {
        "dmean": 2.04416656494,
        "dmean2": 3.33528590202,
        "dvar": 11.1154632568,
        "dvar2": 27.2486038208,
        "max": 75.8834991455,
        "mean": 4.30855894089,
        "median": 2.01966047287,
        "min": -1.89209592342,
        "stdev": 6.61403942108,
        "var": 43.7455177307
    },
    "barkbands_skewness": {
        "dmean": 0.400997906923,
        "dmean2": 0.637591719627,
        "dvar": 0.176863268018,
        "dvar2": 0.410940080881,
        "max": 6.46463918686,
        "mean": 1.48124420643,
        "median": 1.40442728996,
        "min": -2.38937950134,
        "stdev": 1.12652945518,
        "var": 1.26906871796
    },
    "barkbands_spread": {
        "dmean": 2.27257800102,
        "dmean2": 3.64124965668,
        "dvar": 7.51649427414,
        "dvar2": 16.5899982452,
        "max": 59.6821174622,
        "mean": 11.7872867584,
        "median": 10.7237377167,
        "min": 0.292953073978,
        "stdev": 7.47224569321,
        "var": 55.8344535828
    },
    "dissonance": {
        "dmean": 0.0205186028033,
        "dmean2": 0.0345775559545,
        "dvar": 0.00043965500663,
        "dvar2": 0.00122649804689,
        "max": 0.499999970198,
        "mean": 0.461358338594,
        "median": 0.465875148773,
        "min": 0.209409788251,
        "stdev": 0.0251951850951,
        "var": 0.000634797324892
    },
    "dynamic_complexity": 1.11309194565,
    "erbbands_crest": {
        "dmean": 1.7886505127,
        "dmean2": 2.99751448631,
        "dvar": 3.04997944832,
        "dvar2": 8.06546783447,
        "max": 29.5373401642,
        "mean": 8.98225212097,
        "median": 7.38663625717,
        "min": 2.65144753456,
        "stdev": 5.10109901428,
        "var": 26.0212135315
    },
    "erbbands_flatness_db": {
        "dmean": 0.0132745588198,
        "dmean2": 0.0207379665226,
        "dvar": 0.000420195487095,
        "dvar2": 0.00108241976704,
        "max": 0.641854226589,
        "mean": 0.265193670988,
        "median": 0.268733799458,
        "min": 0.0918546393514,
        "stdev": 0.040564160794,
        "var": 0.00164545117877
    },
    "erbbands_kurtosis": {
        "dmean": 0.545611202717,
        "dmean2": 0.872797369957,
        "dvar": 0.83248603344,
        "dvar2": 1.79899716377,
        "max": 21.0406551361,
        "mean": 0.0567727126181,
        "median": -0.620066761971,
        "min": -1.6510964632,
        "stdev": 2.09108114243,
        "var": 4.37262010574
    },
    "erbbands_skewness": {
        "dmean": 0.252326101065,
        "dmean2": 0.402320116758,
        "dvar": 0.0711108893156,
        "dvar2": 0.165204778314,
        "max": 2.77811813354,
        "mean": 0.258774578571,
        "median": 0.292174875736,
        "min": -4.5555267334,
        "stdev": 0.757329702377,
        "var": 0.573548316956
    },
    "erbbands_spread": {
        "dmean": 3.63854217529,
        "dmean2": 5.82791996002,
        "dvar": 15.2144756317,
        "dvar2": 35.2905349731,
        "max": 79.0320587158,
        "mean": 25.5941123962,
        "median": 23.9375152588,
        "min": 0.581068992615,
        "stdev": 10.2374248505,
        "var": 104.804862976
    },
    "hfc": {
        "dmean": 4.5702996254,
        "dmean2": 7.1196308136,
        "dvar": 32.4014587402,
        "dvar2": 66.7969512939,
        "max": 188.563964844,
        "mean": 22.4265613556,
        "median": 17.5217933655,
        "min": 1.18607654559e-16,
        "stdev": 18.6968288422,
        "var": 349.571411133
    },
    "loudness_ebu128": {
        "integrated": -7.08353900909,
        "loudness_range": 1.64127635956,
        "momentary": {
            "dmean": 0.245688959956,
            "dmean2": 0.227667361498,
            "dvar": 0.0588089339435,
            "dvar2": 0.0474526546896,
            "max": -2.97452116013,
            "mean": -7.18557786942,
            "median": -7.0799369812,
            "min": -10.685544014,
            "stdev": 0.918219804764,
            "var": 0.843127608299
        },
        "short_term": {
            "dmean": 0.0388524532318,
            "dmean2": 0.0285893492401,
            "dvar": 0.00145525217522,
            "dvar2": 0.000667982501909,
            "max": -5.67007017136,
            "mean": -7.07264900208,
            "median": -7.14127445221,
            "min": -8.31372833252,
            "stdev": 0.466095983982,
            "var": 0.217245474458
        }
    },
    "melbands_crest": {
        "dmean": 2.74711990356,
        "dmean2": 4.49912023544,
        "dvar": 6.84011459351,
        "dvar2": 17.1600761414,
        "max": 29.1826152802,
        "mean": 13.5375337601,
        "median": 12.6105690002,
        "min": 2.19561243057,
        "stdev": 5.35544347763,
        "var": 28.6807765961
    },
    "melbands_flatness_db": {
        "dmean": 0.0199782960117,
        "dmean2": 0.0306662488729,
        "dvar": 0.000534044927917,
        "dvar2": 0.00117816589773,
        "max": 0.557866275311,
        "mean": 0.323681563139,
        "median": 0.316526889801,
        "min": 0.0067509142682,
        "stdev": 0.0607460662723,
        "var": 0.00369008467533
    },
    "melbands_kurtosis": {
        "dmean": 3.6608171463,
        "dmean2": 6.01318597794,
        "dvar": 27.5460319519,
        "dvar2": 69.7850112915,
        "max": 101.567718506,
        "mean": 9.4157037735,
        "median": 5.78224563599,
        "min": -1.85901498795,
        "stdev": 10.8896207809,
        "var": 118.583847046
    },
    "melbands_skewness": {
        "dmean": 0.489626765251,
        "dmean2": 0.791119098663,
        "dvar": 0.245090276003,
        "dvar2": 0.577077448368,
        "max": 7.03194618225,
        "mean": 2.23756098747,
        "median": 2.09818029404,
        "min": -0.728722155094,
        "stdev": 1.30450820923,
        "var": 1.70174181461
    },
    "melbands_spread": {
        "dmean": 3.28665471077,
        "dmean2": 5.18707895279,
        "dvar": 28.0210399628,
        "dvar2": 58.264831543,
        "max": 131.063217163,
        "mean": 15.7509040833,
        "median": 12.5269365311,
        "min": 0.842967152596,
        "stdev": 15.5134496689,
        "var": 240.667114258
    },
    "pitch_salience": {
        "dmean": 0.0669187456369,
        "dmean2": 0.11136931926,
        "dvar": 0.00374382734299,
        "dvar2": 0.010217661038,
        "max": 0.895527541637,
        "mean": 0.619168519974,
        "median": 0.64614379406,
        "min": 0.143148541451,
        "stdev": 0.121218048036,
        "var": 0.0146938152611
    },
    "silence_rate_20dB": {
        "dmean": 0,
        "dmean2": 0,
        "dvar": 0,
        "dvar2": 0,
        "max": 1,
        "mean": 1,
        "median": 1,
        "min": 1,
        "stdev": 0,
        "var": 0
    },
    "silence_rate_30dB": {
        "dmean": 0,
        "dmean2": 0,
        "dvar": 0,
        "dvar2": 0,
        "max": 1,
        "mean": 1,
        "median": 1,
        "min": 1,
        "stdev": 0,
        "var": 0
    },
    "silence_rate_60dB": {
        "dmean": 0.000515198335052,
        "dmean2": 0.00103092787322,
        "dvar": 0.000514905899763,
        "dvar2": 0.00102987512946,
        "max": 1,
        "mean": 0.00205973233096,
        "median": 0,
        "min": 0,
        "stdev": 0.045338049531,
        "var": 0.00205553858541
    },
    "spectral_centroid": {
        "dmean": 111.697120667,
        "dmean2": 172.216064453,
        "dvar": 64003.9023438,
        "dvar2": 120347.25,
        "max": 11357.9580078,
        "mean": 785.067260742,
        "median": 644.002075195,
        "min": 192.086364746,
        "stdev": 625.900939941,
        "var": 391752
    },
    "spectral_complexity": {
        "dmean": 3.03348779678,
        "dmean2": 4.87989711761,
        "dvar": 6.78867721558,
        "dvar2": 14.6445608139,
        "max": 48,
        "mean": 23.1421222687,
        "median": 24,
        "min": 0,
        "stdev": 6.90433597565,
        "var": 47.6698532104
    },
    "spectral_decrease": {
        "dmean": 2.09910888671e-09,
        "dmean2": 3.52903706258e-09,
        "dvar": 3.61702217709e-18,
        "dvar2": 1.01901876857e-17,
        "max": 2.95945858233e-29,
        "mean": -1.07997504273e-08,
        "median": -1.06300959146e-08,
        "min": -2.24916174574e-08,
        "stdev": 2.74868017236e-09,
        "var": 7.55524272193e-18
    },
    "spectral_energy": {
        "dmean": 0.00819326099008,
        "dmean2": 0.0137636959553,
        "dvar": 5.3975978517e-05,
        "dvar2": 0.000151531334268,
        "max": 0.0871089175344,
        "mean": 0.04279486835,
        "median": 0.0423723086715,
        "min": 1.06463702455e-20,
        "stdev": 0.0106948809698,
        "var": 0.000114380469313
    },
    "spectral_energyband_high": {
        "dmean": 2.40616445808e-05,
        "dmean2": 3.51382004737e-05,
        "dvar": 1.18282761363e-08,
        "dvar2": 2.60681787267e-08,
        "max": 0.00387966446579,
        "mean": 5.13797458552e-05,
        "median": 4.76529567095e-06,
        "min": 8.04406730858e-21,
        "stdev": 0.000228540433454,
        "var": 5.22307281869e-08
    },
    "spectral_energyband_low": {
        "dmean": 0.00500997109339,
        "dmean2": 0.00832757726312,
        "dvar": 3.20677390846e-05,
        "dvar2": 9.35745993047e-05,
        "max": 0.0600248277187,
        "mean": 0.0123033104464,
        "median": 0.0098306518048,
        "min": 4.97801586562e-23,
        "stdev": 0.00967384316027,
        "var": 9.35832504183e-05
    },
    "spectral_energyband_middle_high": {
        "dmean": 0.0023808227852,
        "dmean2": 0.00358096789569,
        "dvar": 1.46203028635e-05,
        "dvar2": 3.01273012155e-05,
        "max": 0.060671236366,
        "mean": 0.00824756547809,
        "median": 0.00489588128403,
        "min": 1.35130302916e-21,
        "stdev": 0.00931419339031,
        "var": 8.67541966727e-05
    },
    "spectral_energyband_middle_low": {
        "dmean": 0.00652554444969,
        "dmean2": 0.0107488883659,
        "dvar": 3.76545867766e-05,
        "dvar2": 0.000100357603515,
        "max": 0.0710323378444,
        "mean": 0.0261231213808,
        "median": 0.0254091732204,
        "min": 3.88858216855e-22,
        "stdev": 0.0120611414313,
        "var": 0.000145471130963
    },
    "spectral_entropy": {
        "dmean": 0.120722003281,
        "dmean2": 0.189429745078,
        "dvar": 0.0244370158762,
        "dvar2": 0.0563319586217,
        "max": 9.79907798767,
        "mean": 6.83184862137,
        "median": 6.8818154335,
        "min": 5.17768001556,
        "stdev": 0.381079077721,
        "var": 0.14522126317
    },
    "spectral_flux": {
        "dmean": 0.0185614973307,
        "dmean2": 0.0299373976886,
        "dvar": 0.000313690979965,
        "dvar2": 0.000749135797378,
        "max": 0.218500182033,
        "mean": 0.0888969898224,
        "median": 0.0844384357333,
        "min": 6.81940753866e-11,
        "stdev": 0.0304760988802,
        "var": 0.000928792578634
    },
    "spectral_kurtosis": {
        "dmean": 10.4370861053,
        "dmean2": 17.9637966156,
        "dvar": 97.8933105469,
        "dvar2": 287.090911865,
        "max": 100.70716095,
        "mean": 20.3673973083,
        "median": 16.8957328796,
        "min": -1.22307741642,
        "stdev": 15.433590889,
        "var": 238.195739746
    },
    "spectral_rms": {
        "dmean": 0.000626546854619,
        "dmean2": 0.00105040182825,
        "dvar": 3.21530649217e-07,
        "dvar2": 8.81512278283e-07,
        "max": 0.00921869371086,
        "mean": 0.00640352722257,
        "median": 0.00642952881753,
        "min": 3.22284083101e-12,
        "stdev": 0.000863628287334,
        "var": 7.45853810713e-07
    },
    "spectral_rolloff": {
        "dmean": 182.049453735,
        "dmean2": 301.520050049,
        "dvar": 194384.921875,
        "dvar2": 357432.03125,
        "max": 18238.6230469,
        "mean": 872.036804199,
        "median": 689.0625,
        "min": 150.732421875,
        "stdev": 878.428100586,
        "var": 771635.875
    },
    "spectral_skewness": {
        "dmean": 0.720579147339,
        "dmean2": 1.22996997833,
        "dvar": 0.412085294724,
        "dvar2": 1.19055819511,
        "max": 7.59218168259,
        "mean": 2.56172680855,
        "median": 2.40458154678,
        "min": -0.237237155437,
        "stdev": 1.17921829224,
        "var": 1.39055585861
    },
    "spectral_spread": {
        "dmean": 230174.84375,
        "dmean2": 377636.65625,
        "dvar": 815951380480,
        "dvar2": 1.48024918016e+12,
        "max": 41099696,
        "mean": 1751515.5,
        "median": 1513756.25,
        "min": 766638.6875,
        "stdev": 1455801.125,
        "var": 2.11935677645e+12
    },
    "spectral_strongpeak": {
        "dmean": 0.532519996166,
        "dmean2": 0.904132246971,
        "dvar": 0.949778199196,
        "dvar2": 2.10990929604,
        "max": 23.8102607727,
        "mean": 1.56387746334,
        "median": 0.926581978798,
        "min": 0,
        "stdev": 2.69370770454,
        "var": 7.25606107712
    },
    "zerocrossingrate": {
        "dmean": 0.00400511361659,
        "dmean2": 0.00473909685388,
        "dvar": 7.46893783798e-05,
        "dvar2": 7.91881757323e-05,
        "max": 0.5185546875,
        "mean": 0.0292154103518,
        "median": 0.02294921875,
        "min": 0.005859375,
        "stdev": 0.0283718314022,
        "var": 0.000804960785899
    },
    "barkbands": {
        "dmean": [2.02148603421e-05, 0.00311349611729, 0.00155642640311, 0.0038202139549, 0.00364127126522, 0.00149199471343, 0.00106620881706, 0.000820114917587, 0.00098413368687, 0.000828906311654, 0.000844418187626, 0.000394108006731, 0.000352865958121, 0.000354376243195, 0.000286985217826, 0.000448567705462, 0.000156607697136, 5.36116240255e-05, 0.000223787559662, 1.39782850965e-05, 1.43677170854e-05, 2.48298056249e-06, 1.13552164294e-06, 7.09965036094e-07, 3.15780113169e-07, 2.06387738899e-07, 2.49902978311e-08],
        "dmean2": [3.56599557563e-05, 0.00510604539886, 0.00258992868476, 0.00617684237659, 0.0060080755502, 0.00250486051664, 0.00178791955113, 0.00135920499451, 0.0016013297718, 0.00136954453774, 0.00134917616379, 0.000645673193503, 0.00058425538009, 0.000579746731091, 0.000465759658255, 0.000749333237763, 0.000246743788011, 8.63836103235e-05, 0.000331433635438, 2.15669242607e-05, 2.13320763578e-05, 4.22196490035e-06, 1.93250298253e-06, 1.17550803225e-06, 5.01319448176e-07, 3.23662732171e-07, 3.67299790582e-08],
        "dvar": [8.92536322628e-10, 1.71357205545e-05, 4.38714050688e-06, 2.19676876441e-05, 2.18730547203e-05, 2.90964703709e-06, 2.27502187045e-06, 1.32499769734e-06, 1.85685826182e-06, 2.04629031941e-06, 2.83520512312e-06, 8.92488856152e-07, 7.08994832621e-07, 3.8310781747e-07, 2.27409685749e-07, 6.62471848045e-07, 1.06012350898e-07, 1.22657608514e-08, 1.08108974928e-06, 4.66885063943e-09, 6.23301010805e-09, 9.30910279417e-11, 4.18712807482e-11, 3.12417001991e-11, 7.99339327368e-12, 5.30943821894e-12, 9.04513145156e-14],
        "dvar2": [2.54683030221e-09, 4.86216886202e-05, 1.19766482385e-05, 5.91038842686e-05, 5.808122296e-05, 8.14623126644e-06, 6.09012795394e-06, 3.45391663359e-06, 4.7257881306e-06, 5.09849041919e-06, 6.86489556756e-06, 2.26251040658e-06, 1.86731460872e-06, 8.82192182416e-07, 5.58706517495e-07, 1.80355584689e-06, 2.17484313225e-07, 3.19042463559e-08, 2.13683665606e-06, 1.13369376109e-08, 1.52938959275e-08, 2.59080534804e-10, 1.08172887314e-10, 7.91730223049e-11, 1.94213846394e-11, 1.38570821484e-11, 1.99008845969e-13],
        "max": [0.000388740299968, 0.0424557030201, 0.0280022192746, 0.0576658919454, 0.0601159147918, 0.018254853785, 0.0235024690628, 0.0185438506305, 0.0203632414341, 0.0188578367233, 0.0341686718166, 0.0175571274012, 0.0131732653826, 0.0133109381422, 0.00670969393104, 0.0126089705154, 0.0106446929276, 0.00188891787548, 0.0548299662769, 0.00274322298355, 0.00274450005963, 0.000212379891309, 0.000144099292811, 0.000142948221765, 6.77533971611e-05, 5.02615730511e-05, 8.1222742665e-06],
        "mean": [2.45905557676e-05, 0.0050320290029, 0.00353416241705, 0.00767846265808, 0.00804586522281, 0.00316775683314, 0.00265245279297, 0.00195529777557, 0.00219043809921, 0.00160495040473, 0.00192754925229, 0.000702331832144, 0.000585192872677, 0.000704025151208, 0.000587221991736, 0.000880385749042, 0.000314771372359, 0.000107356616354, 0.00103717995808, 2.762166514e-05, 2.73067034868e-05, 4.07571496908e-06, 1.99908208742e-06, 1.14212582503e-06, 4.69973514328e-07, 2.4550473654e-07, 2.53963996499e-08],
        "median": [1.15744924187e-05, 0.00317672127858, 0.00156418746337, 0.0038269138895, 0.00474389037117, 0.00221620942466, 0.00128367054276, 0.00102418556344, 0.00124624720775, 0.000863903027494, 0.000643400358967, 0.000350862072082, 0.000314447795972, 0.000410684326198, 0.000369296292774, 0.000495302956551, 0.000180339091457, 6.20765058557e-05, 6.81170349708e-05, 2.06227150557e-06, 1.52468408032e-06, 7.97176426204e-07, 4.11048233673e-07, 2.58231068528e-07, 9.90915083321e-08, 2.16403570619e-08, 1.83945725318e-09],
        "min": [1.71224783833e-23, 9.51185760321e-24, 2.37943294426e-23, 4.57781978643e-24, 2.41892363672e-23, 8.36245823423e-23, 5.51572807108e-23, 3.2132242112e-23, 6.16052845997e-23, 5.57732611709e-23, 4.408130757e-23, 4.83855472391e-23, 1.23733173772e-22, 5.13428921095e-23, 1.02148853932e-22, 1.01278557338e-22, 1.47643775001e-22, 1.50985680096e-22, 2.04685713834e-22, 2.5020259679e-22, 5.49987966617e-22, 5.71157358242e-22, 3.97901011453e-22, 6.64393699532e-22, 1.13406320617e-21, 1.81812642662e-21, 2.53293023127e-21],
        "stdev": [3.54358380719e-05, 0.00560259260237, 0.00471671670675, 0.00930891185999, 0.00895001087338, 0.00288580846973, 0.00356885790825, 0.00236175465398, 0.00246296706609, 0.00213317666203, 0.0039774402976, 0.0011474598432, 0.000977471121587, 0.000929408182856, 0.000702099699993, 0.00111946358811, 0.000517293752637, 0.000153088767547, 0.00504381814972, 0.000128134910483, 0.000147046652273, 1.23107556647e-05, 7.66433004173e-06, 6.32358114672e-06, 3.06491665469e-06, 2.31073045143e-06, 2.98686870792e-07],
        "var": [1.25569865617e-09, 3.13890413963e-05, 2.22474172915e-05, 8.66558475536e-05, 8.01026981208e-05, 8.32789100969e-06, 1.27367466121e-05, 5.57788507649e-06, 6.06620687904e-06, 4.55044255432e-06, 1.5820032786e-05, 1.31666399739e-06, 9.55449763751e-07, 8.63799584749e-07, 4.92943968311e-07, 1.25319866129e-06, 2.67592810133e-07, 2.34361685614e-08, 2.54401002167e-05, 1.64185536278e-08, 2.16227178385e-08, 1.51554699346e-10, 5.87419488052e-11, 3.9987679834e-11, 9.39371410519e-12, 5.33947495593e-12, 8.92138535898e-14]
    },
    "erbbands": {
        "dmean": [0.0419901125133, 0.839274168015, 1.74259400368, 7.92576503754, 10.9509363174, 15.5921144485, 8.07072257996, 14.0375347137, 13.8052368164, 21.0287036896, 14.42507267, 26.1371078491, 19.1812171936, 39.980884552, 21.8328495026, 15.6182889938, 15.7319536209, 15.3690309525, 13.9816856384, 23.0875816345, 17.2002906799, 8.63089561462, 3.35249185562, 12.2678718567, 4.24125099182, 0.714697957039, 0.529387116432, 0.548244476318, 0.103136114776, 0.0545176565647, 0.0271054208279, 0.0160393137485, 0.0115568293259, 0.00483870645985, 0.00166107993573, 0.000873571436387, 0.000356638804078, 8.91801319085e-05, 6.37981156615e-06, 9.17960824154e-06],
        "dmean2": [0.0711904019117, 1.3735833168, 2.83123898506, 13.1719274521, 18.2127342224, 26.3904399872, 13.6194295883, 23.7829093933, 23.1568317413, 33.8733329773, 24.0261516571, 42.230381012, 31.8634662628, 65.0095596313, 34.6669464111, 25.5835704803, 25.9041900635, 24.5582180023, 22.9709892273, 37.8091316223, 28.7427272797, 13.6676778793, 5.31412935257, 18.2213592529, 6.47834444046, 1.09723353386, 0.795888900757, 0.828767001629, 0.169496044517, 0.0915869176388, 0.0457465089858, 0.0270957369357, 0.0191500280052, 0.00793899875134, 0.00249224575236, 0.00136875698809, 0.000560334825423, 0.000128996398416, 9.69077882473e-06, 1.53885503096e-05],
        "dvar": [0.00337287946604, 1.25273489952, 4.66439151764, 92.6712722778, 155.185501099, 482.503723145, 81.7505569458, 273.200317383, 361.50402832, 992.337463379, 448.016357422, 1428.61157227, 867.727966309, 6928.83544922, 1724.10656738, 1592.9375, 1452.78686523, 900.908935547, 634.665100098, 1673.36401367, 1032.82727051, 349.278533936, 41.652557373, 3163.89892578, 231.835861206, 9.13572883606, 7.1983704567, 9.09406471252, 0.156476810575, 0.05152714625, 0.0270052142441, 0.0129693979397, 0.0088524967432, 0.00216340390034, 0.000180881106644, 8.0133548181e-05, 1.64039902302e-05, 1.05635092496e-06, 1.21300447464e-09, 6.50993425833e-11],
        "dvar2": [0.00992257986218, 3.53579092026, 12.7415075302, 265.116821289, 413.4425354, 1363.609375, 226.514587402, 780.934265137, 998.444335938, 2508.1887207, 1239.78295898, 3653.65185547, 2289.81176758, 17503.4511719, 4003.55834961, 4240.65185547, 3853.47949219, 1952.24108887, 1501.51904297, 4176.78857422, 2738.18579102, 748.81427002, 104.130813599, 6240.26806641, 470.058685303, 22.2140827179, 16.2976493835, 21.675661087, 0.398664534092, 0.120393075049, 0.0682762563229, 0.034629277885, 0.0217305757105, 0.00559544656426, 0.000389985332731, 0.000208426979952, 4.15865106334e-05, 2.62103662863e-06, 1.93780813618e-09, 1.82932849424e-10],
        "max": [0.852949619293, 10.6622514725, 23.4945774078, 104.394325256, 158.398925781, 268.282989502, 102.956512451, 171.33795166, 239.147293091, 550.318786621, 357.634521484, 550.035095215, 500.282989502, 1699.7689209, 594.702087402, 771.387878418, 620.387390137, 725.39831543, 482.841522217, 730.103149414, 441.97833252, 523.255981445, 98.0818481445, 2974.86157227, 760.754638672, 123.942687988, 94.3718414307, 109.425033569, 9.27536773682, 4.64891195297, 3.80744051933, 2.26915454865, 2.49684858322, 1.33465206623, 0.302678108215, 0.20819683373, 0.0945671871305, 0.0267104804516, 0.00131774554029, 0.00010490675777],
        "mean": [0.0683223158121, 1.37258899212, 3.86467194557, 16.3299026489, 25.7084407806, 31.1259002686, 18.2938728333, 28.5249862671, 29.342666626, 57.9323577881, 33.6936416626, 56.6614570618, 41.4156570435, 89.8282318115, 47.0333900452, 28.9159889221, 27.3917675018, 32.0842170715, 30.2002811432, 48.1600379944, 37.7201156616, 17.9952297211, 8.14734172821, 56.4525413513, 16.7762088776, 1.68922054768, 1.07302546501, 1.03183472157, 0.178247958422, 0.110699079931, 0.0430568195879, 0.0251826625317, 0.0179295875132, 0.00692325877026, 0.0026536367368, 0.00115380855277, 0.000430768152, 9.88364699879e-05, 2.43250415224e-05, 4.89274789288e-05],
        "median": [0.0442510247231, 0.869136273861, 2.50004839897, 9.6782541275, 17.3924179077, 16.8802776337, 13.6319580078, 20.2581501007, 17.188621521, 23.0364341736, 21.5942649841, 29.3419685364, 27.5972118378, 31.5754737854, 22.1397323608, 14.8513088226, 15.0913715363, 18.5994720459, 19.6757850647, 28.8134918213, 21.1102638245, 10.5092725754, 4.70812129974, 4.00015687943, 2.10624575615, 0.214083224535, 0.0779722929001, 0.061050452292, 0.0331504717469, 0.0182569827884, 0.0111013380811, 0.00667280796915, 0.00376796256751, 0.00150174973533, 0.000576679944061, 0.000188706952031, 3.87554864574e-05, 8.06308707979e-06, 2.14014762605e-05, 4.82828327222e-05],
        "min": [4.04692990251e-22, 1.16296484831e-21, 1.77040093256e-20, 4.49960242276e-20, 4.9341475404e-20, 4.85906829823e-20, 2.21989814756e-19, 5.56802205378e-19, 9.75446636896e-19, 3.67891834457e-19, 1.89960828261e-18, 1.76650458229e-18, 1.70173416898e-18, 1.11542896439e-18, 1.78997976128e-18, 2.92509179854e-18, 5.83269286303e-18, 3.36422771688e-18, 4.62316372876e-18, 6.3771481053e-18, 6.87269960257e-18, 8.03706136667e-18, 7.03399899484e-18, 1.05114232766e-17, 1.28176607271e-17, 1.36298859141e-17, 2.15012530779e-17, 1.91320919983e-17, 1.88899613438e-17, 1.51843063505e-17, 1.0880057971e-17, 1.11090083296e-17, 1.30626956127e-17, 9.00831037215e-18, 9.32939045308e-18, 6.51052188008e-18, 3.48272444156e-18, 1.6349485369e-18, 3.51291999773e-19, 3.34334060508e-20],
        "stdev": [0.0763906911016, 1.51646029949, 3.74961209297, 16.6595973969, 23.7167778015, 37.320186615, 16.1560001373, 25.7791080475, 32.401725769, 81.0000839233, 34.2275924683, 68.3371276855, 44.4378967285, 187.033172607, 65.2710342407, 46.4116706848, 44.5153846741, 46.1859512329, 34.8814430237, 58.9774627686, 46.6035881042, 27.7744903564, 10.7767553329, 273.185180664, 70.4757156372, 6.07726430893, 5.17535066605, 5.6617898941, 0.618019461632, 0.359340339899, 0.173872694373, 0.123027905822, 0.106770664454, 0.046480294317, 0.0164467003196, 0.00926289334893, 0.00412225164473, 0.00103350845166, 3.87581603718e-05, 1.2531964785e-05],
        "var": [0.00583553733304, 2.29965186119, 14.0595912933, 277.542175293, 562.485534668, 1392.79638672, 261.016357422, 664.562438965, 1049.87194824, 6561.01318359, 1171.52807617, 4669.96337891, 1974.7265625, 34981.4101562, 4260.30810547, 2154.04321289, 1981.61938477, 2133.14208984, 1216.71508789, 3478.34106445, 2171.89428711, 771.422302246, 116.138458252, 74630.140625, 4966.82666016, 36.9331436157, 26.7842521667, 32.0558624268, 0.381948083639, 0.129125475883, 0.0302317161113, 0.0151358647272, 0.0113999741152, 0.00216041784734, 0.000270493968856, 8.58011990204e-05, 1.69929571712e-05, 1.06813968159e-06, 1.50219492401e-09, 1.57050136784e-10]
    },
    "gfcc": {
        "mean": [-51.517780304, 205.418258667, -145.651153564, 6.10003232956, -23.2102279663, -11.2423448563, -29.9261455536, -3.67760038376, -9.38267707825, -20.5285224915, -8.21205615997, -14.5187826157, -1.60012745857],
        "cov": [[3649.31030273, -359.943084717, -741.30291748, 202.984420776, -336.442352295, 9.7796049118, -77.1822052002, 84.1986312866, -122.116043091, 44.475189209, -66.7391738892, 14.245098114, -59.889213562], [-359.943084717, 849.629760742, 71.213684082, -330.188842773, 309.482666016, -46.0582313538, -38.5729560852, -5.97173595428, 174.062362671, -53.5756835938, 84.5226364136, -26.2436313629, 59.9224128723], [-741.30291748, 71.213684082, 805.39642334, 117.945831299, -68.5341796875, 144.538909912, -93.2014083862, -85.6775512695, 14.4874725342, 29.2302703857, -58.1795806885, -6.95959329605, 26.1596508026], [202.984420776, -330.188842773, 117.945831299, 487.444702148, -138.505889893, -39.6677093506, 151.545669556, -58.3216705322, -129.286697388, 34.8381958008, -29.5834159851, -28.5720939636, -4.50879955292], [-336.442352295, 309.482666016, -68.5341796875, -138.505889893, 278.039031982, -13.1910305023, 42.0511932373, 33.2099914551, 57.5854148865, -34.1271324158, 56.4604949951, 1.92739903927, -6.6051568985], [9.7796049118, -46.0582313538, 144.538909912, -39.6677093506, -13.1910305023, 182.340072632, -36.5151557922, 6.42305088043, 31.4368286133, 12.2454404831, -35.4608879089, 25.6563224792, 9.62872314453], [-77.1822052002, -38.5729560852, -93.2014083862, 151.545669556, 42.0511932373, -36.5151557922, 200.712341309, 8.59321403503, -33.4952545166, 0.843818366528, 8.00114345551, -8.47005462646, 5.41273927689], [84.1986312866, -5.97173595428, -85.6775512695, -58.3216705322, 33.2099914551, 6.42305088043, 8.59321403503, 92.3573226929, 48.3035507202, 20.4755516052, 30.4432582855, 8.07608795166, -29.3479919434], [-122.116043091, 174.062362671, 14.4874725342, -129.286697388, 57.5854148865, 31.4368286133, -33.4952545166, 48.3035507202, 129.904724121, 27.5876045227, 39.5999069214, 5.10437345505, -10.0533952713], [44.475189209, -53.5756835938, 29.2302703857, 34.8381958008, -34.1271324158, 12.2454404831, 0.843818366528, 20.4755516052, 27.5876045227, 63.1159362793, 8.63814163208, 7.3138051033, -6.1297955513], [-66.7391738892, 84.5226364136, -58.1795806885, -29.5834159851, 56.4604949951, -35.4608879089, 8.00114345551, 30.4432582855, 39.5999069214, 8.63814163208, 80.4541778564, 11.0245323181, -17.3260555267], [14.245098114, -26.2436313629, -6.95959329605, -28.5720939636, 1.92739903927, 25.6563224792, -8.47005462646, 8.07608795166, 5.10437345505, 7.3138051033, 11.0245323181, 50.3935279846, 22.6053199768], [-59.889213562, 59.9224128723, 26.1596508026, -4.50879955292, -6.6051568985, 9.62872314453, 5.41273927689, -29.3479919434, -10.0533952713, -6.1297955513, -17.3260555267, 22.6053199768, 88.5357666016]],
        "icov": [[0.00134696497116, -0.00349372322671, 0.00277765700594, -0.0031510211993, 0.00307605485432, -0.00250628427602, 0.00274491659366, -0.00306456768885, 0.0034047793597, -0.00147431506775, 0.00301628024317, -0.00383869209327, 0.00346788996831], [-0.00349372322671, 0.015383345075, -0.00859287008643, 0.010672965087, -0.0122123919427, 0.00882386229932, -0.00774725945666, 0.011367010884, -0.0150232026353, 0.0064452663064, -0.0111999101937, 0.0164696667343, -0.0149782132357], [0.00277765700594, -0.00859287008643, 0.0081301741302, -0.00834471173584, 0.00673446245492, -0.00711342692375, 0.00731876539066, -0.00531742209569, 0.00707141822204, -0.00405699433759, 0.00749732134864, -0.00886167772114, 0.00818537548184], [-0.0031510211993, 0.010672965087, -0.00834471173584, 0.014900601469, -0.00648356182501, 0.00676022609696, -0.0116561437026, 0.010106606409, -0.00496522104368, 8.53600213304e-05, -0.0111095970497, 0.0142219290137, -0.00965001247823], [0.00307605485432, -0.0122123919427, 0.00673446245492, -0.00648356182501, 0.0164020508528, -0.00754247466102, 0.00327387545258, -0.00939685758203, 0.0111297983676, -0.00174655008595, 0.00521819246933, -0.0121098794043, 0.0120112122968], [-0.00250628427602, 0.00882386229932, -0.00711342692375, 0.00676022609696, -0.00754247466102, 0.0147841665894, -0.00529259024188, 0.00550134107471, -0.0117775276303, 0.00431936979294, -0.000360828125849, 0.00298113119788, -0.00711487419903], [0.00274491659366, -0.00774725945666, 0.00731876539066, -0.0116561437026, 0.00327387545258, -0.00529259024188, 0.0157836675644, -0.00890839658678, 0.00661802385002, -0.00247604795732, 0.00791494082659, -0.00826131459326, 0.00548437098041], [-0.00306456768885, 0.011367010884, -0.00531742209569, 0.010106606409, -0.00939685758203, 0.00550134107471, -0.00890839658678, 0.02854411304, -0.015079151839, -0.000165001256391, -0.0104692317545, 0.00942096300423, -0.00515127973631], [0.0034047793597, -0.0150232026353, 0.00707141822204, -0.00496522104368, 0.0111297983676, -0.0117775276303, 0.00661802385002, -0.015079151839, 0.0343878641725, -0.0157313495874, 0.00259486935101, -0.00886615365744, 0.0124241439626], [-0.00147431506775, 0.0064452663064, -0.00405699433759, 8.53600213304e-05, -0.00174655008595, 0.00431936979294, -0.00247604795732, -0.000165001256391, -0.0157313495874, 0.0292207114398, -0.00428741425276, 0.0015701407101, -0.00566299445927], [0.00301628024317, -0.0111999101937, 0.00749732134864, -0.0111095970497, 0.00521819246933, -0.000360828125849, 0.00791494082659, -0.0104692317545, 0.00259486935101, -0.00428741425276, 0.0330615378916, -0.0228328481317, 0.0156114874408], [-0.00383869209327, 0.0164696667343, -0.00886167772114, 0.0142219290137, -0.0121098794043, 0.00298113119788, -0.00826131459326, 0.00942096300423, -0.00886615365744, 0.0015701407101, -0.0228328481317, 0.049752317369, -0.0260699857026], [0.00346788996831, -0.0149782132357, 0.00818537548184, -0.00965001247823, 0.0120112122968, -0.00711487419903, 0.00548437098041, -0.00515127973631, 0.0124241439626, -0.00566299445927, 0.0156114874408, -0.0260699857026, 0.0312253348529]]
    },
    "melbands": {
        "dmean": [0.00064617942553, 0.000953300390393, 0.00132008083165, 0.000936783791985, 0.00032255082624, 0.000303086213535, 0.000204103780561, 0.000223465482122, 0.000119316551718, 0.000156841255375, 9.62541089393e-05, 0.000159888077178, 9.3911687145e-05, 4.7197463573e-05, 3.80623387173e-05, 3.1734642107e-05, 3.10315517709e-05, 2.69855954684e-05, 2.29948273045e-05, 3.96085670218e-05, 1.6823554688e-05, 1.11384906631e-05, 3.91113871956e-06, 2.59094349531e-06, 1.15652046588e-05, 6.42228451397e-06, 7.47518015487e-07, 4.61263482521e-07, 3.36918503763e-07, 4.45682218242e-07, 2.64678021722e-07, 6.0409156788e-08, 3.57668454853e-08, 2.99482110222e-08, 1.79108941012e-08, 9.89605819512e-09, 1.09188507125e-08, 9.62926627324e-09, 5.85087311933e-09, 3.53520590579e-09],
        "dmean2": [0.00107721914537, 0.00156031781808, 0.00215636729263, 0.00154037203174, 0.000540043169167, 0.00050898140762, 0.000342477462254, 0.000359664612915, 0.000195239423192, 0.000255316524999, 0.000160393537953, 0.000260314991465, 0.00014990575437, 7.60913389968e-05, 6.31660077488e-05, 5.22400659975e-05, 4.99514935655e-05, 4.50932602689e-05, 3.71898713638e-05, 6.534554268e-05, 2.78857787634e-05, 1.78015452548e-05, 6.36934237264e-06, 4.20291826231e-06, 1.72419131559e-05, 9.74675822363e-06, 1.24033385873e-06, 7.18013779988e-07, 5.2029474773e-07, 6.93091749326e-07, 4.08766368309e-07, 1.01980170086e-07, 6.27787670737e-08, 5.03398425167e-08, 3.08262926296e-08, 1.65999853863e-08, 1.87636111093e-08, 1.57387969324e-08, 9.58562473841e-09, 5.94271876153e-09],
        "dvar": [7.43279315429e-07, 1.3873162743e-06, 2.37909921452e-06, 1.47696948716e-06, 1.24348716213e-07, 1.20685399452e-07, 7.67060015505e-08, 1.0452888688e-07, 2.89937958087e-08, 4.91287899251e-08, 2.23087592843e-08, 1.06952356305e-07, 3.26722648936e-08, 1.16201226419e-08, 1.15784244414e-08, 4.8589847701e-09, 3.47390827216e-09, 2.44015385675e-09, 1.37462297101e-09, 4.90635443384e-09, 9.84549108907e-10, 6.2773825027e-10, 4.97252551634e-11, 3.10126854752e-11, 2.90056911822e-09, 7.74744268739e-10, 1.12736122521e-11, 5.74850497065e-12, 3.09883368965e-12, 7.43146603283e-12, 1.83639908835e-12, 6.93540819392e-14, 1.71074075451e-14, 1.86354363473e-14, 1.32535041969e-14, 2.97750016883e-15, 6.78804368875e-15, 5.75970672727e-15, 2.73899517264e-15, 1.05035399476e-15],
        "dvar2": [2.14388546738e-06, 3.86305191569e-06, 6.60783234707e-06, 3.91173443859e-06, 3.4956983086e-07, 3.43667181824e-07, 2.11732555044e-07, 2.63118351995e-07, 7.89966705383e-08, 1.26117654986e-07, 5.93592233145e-08, 2.70502169997e-07, 7.91927092791e-08, 2.81193841545e-08, 3.24492610559e-08, 1.23225598614e-08, 7.44446060352e-09, 5.98710725441e-09, 3.40704686685e-09, 1.32555220134e-08, 2.51245979577e-09, 1.36487521285e-09, 1.30127908449e-10, 8.02968386227e-11, 5.7146491983e-09, 1.54523216445e-09, 3.06697375829e-11, 1.446638382e-11, 6.81406320258e-12, 1.94136547116e-11, 4.0221979393e-12, 1.91503212485e-13, 4.3461656935e-14, 4.45677430507e-14, 3.38795831667e-14, 7.54320617199e-15, 1.91138930719e-14, 1.39862952695e-14, 6.88042787824e-15, 2.74457479042e-15],
        "max": [0.0100578675047, 0.0129001913592, 0.0188399255276, 0.0162701494992, 0.00437623308972, 0.0036121532321, 0.00333308661357, 0.00516174919903, 0.0025647408329, 0.00301151792519, 0.00256801536307, 0.00642346637323, 0.00261485367082, 0.00189619371668, 0.00201099785045, 0.00112447876018, 0.00150765909348, 0.000959677970968, 0.000532366044354, 0.00111099821515, 0.000462286872789, 0.000750798906665, 0.000132540080813, 9.70396431512e-05, 0.00285010877997, 0.001454636571, 0.000113140886242, 9.84107900877e-05, 6.76779745845e-05, 9.20900492929e-05, 4.84511401737e-05, 6.21648132437e-06, 2.5288800316e-06, 2.84156112684e-06, 2.72333159046e-06, 1.49344407419e-06, 1.77214519681e-06, 2.03492527362e-06, 1.42005421822e-06, 9.10953190214e-07],
        "mean": [0.00104092247784, 0.00216146418825, 0.00308840675279, 0.00218451255932, 0.000753370695747, 0.000644949963316, 0.00044581037946, 0.000609230541158, 0.000275864033028, 0.000334656419, 0.00018995818391, 0.000348678033333, 0.000198823632672, 8.62677115947e-05, 6.3404928369e-05, 5.46149240108e-05, 6.19338461547e-05, 5.16453328601e-05, 4.71317543997e-05, 7.53989661462e-05, 3.57575263479e-05, 2.07282846532e-05, 7.7215681813e-06, 4.97619976159e-06, 5.32516423846e-05, 2.83896206383e-05, 1.32716888857e-06, 8.28482200177e-07, 6.42855923161e-07, 7.4334383271e-07, 5.08212394834e-07, 8.71763603527e-08, 5.74655381058e-08, 6.10008044077e-08, 2.47966003286e-08, 1.62760152023e-08, 1.4999159248e-08, 1.4362549372e-08, 8.41567437959e-09, 4.77648587349e-09],
        "median": [0.000687413383275, 0.00156168779358, 0.0020376467146, 0.00135801965371, 0.000576915335841, 0.000474851578474, 0.000263503374299, 0.000261449196842, 0.000163635006174, 0.000182291667443, 0.000122335157357, 0.00012534414418, 8.13994920463e-05, 4.26400292781e-05, 3.37920500897e-05, 3.02666339849e-05, 3.54332150891e-05, 3.20027611451e-05, 2.92166223517e-05, 4.27293416578e-05, 1.91521630768e-05, 1.15186630865e-05, 4.66774145025e-06, 2.75272986983e-06, 3.13959162668e-06, 2.40545523411e-06, 2.63709921455e-07, 5.80051136012e-08, 4.65941170091e-08, 3.71359831774e-08, 3.19800008697e-08, 1.7989545853e-08, 1.05505222336e-08, 8.79366091056e-09, 5.98564131593e-09, 4.98617769296e-09, 3.42240435991e-09, 2.82660805873e-09, 1.7237808958e-09, 9.60413970574e-10],
        "min": [3.48047403536e-24, 8.28479787578e-24, 7.76822256719e-24, 3.38864234295e-24, 6.98952613473e-24, 1.49432532881e-23, 1.2733509531e-23, 3.70569974026e-24, 1.46354634287e-23, 1.09671245353e-23, 8.95370932492e-24, 3.75483433617e-24, 5.36136298029e-24, 5.82987299392e-24, 1.49180349827e-23, 1.2205157318e-23, 5.13865729155e-24, 6.45915404333e-24, 8.98065681344e-24, 4.01256308251e-24, 8.84274262796e-24, 7.59370760229e-24, 9.20687529979e-24, 6.13562443673e-24, 8.19865978695e-24, 9.24739040702e-24, 5.37232104712e-24, 1.02193356731e-23, 1.12849550163e-23, 1.25097522907e-23, 1.06050145029e-23, 9.83155452911e-24, 1.0840143962e-23, 6.67777146043e-24, 5.24542014874e-24, 5.97457729964e-24, 5.24188329087e-24, 9.57661598378e-24, 8.41152522476e-24, 6.69696996828e-24],
        "stdev": [0.00115185813047, 0.00190270040184, 0.00296900467947, 0.00237359153107, 0.000641119258944, 0.000560230750125, 0.000498881272506, 0.000803554430604, 0.000295762380119, 0.000388594722608, 0.000215412001126, 0.000711222761311, 0.000314926059218, 0.00013884040527, 0.000112029920274, 8.63276291057e-05, 9.15511773201e-05, 6.40638681944e-05, 5.44853428437e-05, 9.6773270343e-05, 4.57220230601e-05, 3.59151963494e-05, 9.71251483861e-06, 7.54490929467e-06, 0.000261686538579, 0.000134247064125, 4.84243355459e-06, 4.13842917624e-06, 3.16349746754e-06, 4.33970490121e-06, 2.72001739177e-06, 3.13974908295e-07, 1.92371558683e-07, 2.2316447712e-07, 1.1331429306e-07, 6.40421404796e-08, 8.27566992712e-08, 8.75320012028e-08, 5.50756205087e-08, 3.19040900365e-08],
        "var": [1.32677712372e-06, 3.62026889889e-06, 8.81498908711e-06, 5.63393678021e-06, 4.11033937553e-07, 3.13858464551e-07, 2.48882543019e-07, 6.45699742563e-07, 8.74753851576e-08, 1.51005849602e-07, 4.64023273139e-08, 5.05837817855e-07, 9.91784148141e-08, 1.92766584917e-08, 1.25507035875e-08, 7.45245998246e-09, 8.38161806627e-09, 4.10417966279e-09, 2.96865265703e-09, 9.3650651678e-09, 2.090503326e-09, 1.28990129689e-09, 9.43329511727e-11, 5.69256586314e-11, 6.84798493467e-08, 1.80222752277e-08, 2.34491610157e-11, 1.71265952809e-11, 1.00077160101e-11, 1.88330392947e-11, 7.39849414372e-12, 9.85802490528e-14, 3.70068152554e-14, 4.9802386336e-14, 1.28401284017e-14, 4.10139621104e-15, 6.8486713425e-15, 7.66185177098e-15, 3.03332408697e-15, 1.01787102239e-15]
    },
    "melbands128": {
