{
"lowlevel": {
    "average_loudness": 0.958062708378,
    "barkbands_crest": {
        "dmean": 3.7703909874,
        "dmean2": 6.44380521774,
        "dvar": 9.29519081116,
        "dvar2": 25.7950229645,
        "max": 24.785358429,
        "mean": 13.7215461731,
        "median": 13.2983226776,
        "min": 3.7462682724,
        "stdev": 4.71361446381,
        "var": 22.2181606293
    },
    "barkbands_flatness_db": {
        "dmean": 0.0302166510373,
        "dmean2": 0.0498575381935,
        "dvar": 0.00060567696346,
        "dvar2": 0.00172387319617,
        "max": 0.269168972969,
        "mean": 0.146500691772,
        "median": 0.144455492496,
        "min": 0.0472875423729,
        "stdev": 0.0397377833724,
        "var": 0.00157909141853
    },
    "barkbands_kurtosis": {
        "dmean": 6.34145593643,
        "dmean2": 10.6729707718,
        "dvar": 51.8681297302,
        "dvar2": 143.549224854,
        "max": 69.9822769165,
        "mean": 9.07461547852,
        "median": 6.52501487732,
        "min": -1.82669067383,
        "stdev": 9.42476940155,
        "var": 88.8262786865
    },
    "barkbands_skewness": {
        "dmean": 0.904085040092,
        "dmean2": 1.48538887501,
        "dvar": 0.626187980175,
        "dvar2": 1.76077270508,
        "max": 7.89238071442,
        "mean": 2.75796127319,
        "median": 2.696205616,
        "min": -1.88684785366,
        "stdev": 1.377856493,
        "var": 1.89848852158
    },
    "barkbands_spread": {
        "dmean": 9.09543609619,
        "dmean2": 14.878194809,
        "dvar": 72.6397247314,
        "dvar2": 191.121582031,
        "max": 85.7562103271,
        "mean": 25.7575302124,
        "median": 21.6253948212,
        "min": 3.64002943039,
        "stdev": 14.9754390717,
        "var": 224.263763428
    },
    "dissonance": {
        "dmean": 0.0095753883943,
        "dmean2": 0.0165292359889,
        "dvar": 0.000143332523294,
        "dvar2": 0.000397405296098,
        "max": 0.499941974878,
        "mean": 0.481518805027,
        "median": 0.484779328108,
        "min": 0.369234055281,
        "stdev": 0.0142857581377,
        "var": 0.000204082884011
    },
    "dynamic_complexity": 1.9328237772,
    "erbbands_crest": {
        "dmean": 1.927287817,
        "dmean2": 3.15830540657,
        "dvar": 3.45925688744,
        "dvar2": 9.11836242676,
        "max": 27.0330123901,
        "mean": 7.64610338211,
        "median": 6.89608287811,
        "min": 2.864123106,
        "stdev": 3.14091491699,
        "var": 9.8653459549
    },
    "erbbands_flatness_db": {
        "dmean": 0.0103050442412,
        "dmean2": 0.0163758583367,
        "dvar": 8.31972647575e-05,
        "dvar2": 0.000214828338358,
        "max": 0.240925490856,
        "mean": 0.109651863575,
        "median": 0.103758692741,
        "min": 0.0727967247367,
        "stdev": 0.023599717766,
        "var": 0.000556946673896
    },
    "erbbands_kurtosis": {
        "dmean": 0.566957831383,
        "dmean2": 0.93753015995,
        "dvar": 0.574291706085,
        "dvar2": 1.51316761971,
        "max": 11.9015722275,
        "mean": -0.505764067173,
        "median": -0.971974134445,
        "min": -1.86588406563,
        "stdev": 1.3879648447,
        "var": 1.92644643784
    },
    "erbbands_skewness": {
        "dmean": 0.283783853054,
        "dmean2": 0.46531265974,
        "dvar": 0.0560450851917,
        "dvar2": 0.147380277514,
        "max": 2.73896193504,
        "mean": -0.28814175725,
        "median": -0.315706044436,
        "min": -2.04662156105,
        "stdev": 0.671898066998,
        "var": 0.451447039843
    },
    "erbbands_spread": {
        "dmean": 12.2386655807,
        "dmean2": 20.2658538818,
        "dvar": 111.060348511,
        "dvar2": 292.20111084,
        "max": 137.575134277,
        "mean": 77.697303772,
        "median": 80.322227478,
        "min": 7.34267425537,
        "stdev": 25.8527927399,
        "var": 668.366882324
    },
    "hfc": {
        "dmean": 4.26198101044,
        "dmean2": 6.71021223068,
        "dvar": 20.3001213074,
        "dvar2": 50.7275238037,
        "max": 116.387954712,
        "mean": 23.2480354309,
        "median": 20.8274002075,
        "min": 1.14192071805e-16,
        "stdev": 11.8352127075,
        "var": 140.072265625
    },
    "loudness_ebu128": {
        "integrated": -13.6333436966,
        "loudness_range": 3.31626033783,
        "momentary": {
            "dmean": 0.481182128191,
            "dmean2": 0.511211276054,
            "dvar": 0.123230628669,
            "dvar2": 0.155653625727,
            "max": -9.60230731964,
            "mean": -13.9117116928,
            "median": -14.0425243378,
            "min": -17.6247158051,
            "stdev": 1.53639256954,
            "var": 2.36050200462
        },
        "short_term": {
            "dmean": 0.0682398080826,
            "dmean2": 0.0679796934128,
            "dvar": 0.00316477101296,
            "dvar2": 0.00308651546948,
            "max": -11.8302202225,
            "mean": -13.8542499542,
            "median": -13.8082542419,
            "min": -15.9597530365,
            "stdev": 1.07440793514,
            "var": 1.15435230732
        }
    },
    "melbands_crest": {
        "dmean": 3.73159766197,
        "dmean2": 6.3390083313,
        "dvar": 8.67497444153,
        "dvar2": 23.7494735718,
        "max": 32.204334259,
        "mean": 17.705947876,
        "median": 17.4945373535,
        "min": 1.75045359135,
        "stdev": 4.68742847443,
        "var": 21.9719867706
    },
    "melbands_flatness_db": {
        "dmean": 0.0361191220582,
        "dmean2": 0.0591440759599,
        "dvar": 0.000818848318886,
        "dvar2": 0.00229660468176,
        "max": 0.360413491726,
        "mean": 0.225175306201,
        "median": 0.225587144494,
        "min": 0.0056328997016,
        "stdev": 0.0504234097898,
        "var": 0.00254252040759
    },
    "melbands_kurtosis": {
        "dmean": 27.5171337128,
        "dmean2": 46.4358329773,
        "dvar": 936.216674805,
        "dvar2": 2617.9675293,
        "max": 276.417022705,
        "mean": 51.8836860657,
        "median": 41.3653526306,
        "min": -1.22089672089,
        "stdev": 42.5149993896,
        "var": 1807.52514648
    },
    "melbands_skewness": {
        "dmean": 1.58916163445,
        "dmean2": 2.62394309044,
        "dvar": 1.99345850945,
        "dvar2": 5.65730428696,
        "max": 14.5498380661,
        "mean": 5.98087692261,
        "median": 5.95833301544,
        "min": -0.226792395115,
        "stdev": 2.62087440491,
        "var": 6.86898231506
    },
    "melbands_spread": {
        "dmean": 7.15848588943,
        "dmean2": 11.885602951,
        "dvar": 73.8327102661,
        "dvar2": 187.118743896,
        "max": 134.789276123,
        "mean": 16.0032482147,
        "median": 11.7812519073,
        "min": 1.76789295673,
        "stdev": 13.914188385,
        "var": 193.604644775
    },
    "pitch_salience": {
        "dmean": 0.0951988175511,
        "dmean2": 0.162236362696,
        "dvar": 0.00673280097544,
        "dvar2": 0.0184261128306,
        "max": 0.879935801029,
        "mean": 0.483437865973,
        "median": 0.503120958805,
        "min": 0.107518605888,
        "stdev": 0.118151172996,
        "var": 0.0139597002417
    },
    "silence_rate_20dB": {
        "dmean": 0,
        "dmean2": 0,
        "dvar": 0,
        "dvar2": 0,
        "max": 1,
        "mean": 1,
        "median": 1,
        "min": 1,
        "stdev": 0,
        "var": 0
    },
    "silence_rate_30dB": {
        "dmean": 0.0443298965693,
        "dmean2": 0.0887055173516,
        "dvar": 0.0423648506403,
        "dvar2": 0.0994026213884,
        "max": 1,
        "mean": 0.952086567879,
        "median": 1,
        "min": 0,
        "stdev": 0.21358422935,
        "var": 0.0456182211637
    },
    "silence_rate_60dB": {
        "dmean": 0.000515463936608,
        "dmean2": 0.00103145954199,
        "dvar": 0.000515170977451,
        "dvar2": 0.00103040458634,
        "max": 1,
        "mean": 0.00154559500515,
        "median": 0,
        "min": 0,
        "stdev": 0.0392836034298,
        "var": 0.00154320150614
    },
    "spectral_centroid": {
        "dmean": 324.084228516,
        "dmean2": 538.130310059,
        "dvar": 121792.6875,
        "dvar2": 288044.0625,
        "max": 11004.8789062,
        "mean": 1530.45117188,
        "median": 1425.12609863,
        "min": 359.873321533,
        "stdev": 672.205078125,
        "var": 451859.65625
    },
    "spectral_complexity": {
        "dmean": 2.86649489403,
        "dmean2": 4.70861291885,
        "dvar": 5.54766559601,
        "dvar2": 14.1249856949,
        "max": 42,
        "mean": 16.8933544159,
        "median": 16,
        "min": 0,
        "stdev": 6.23121213913,
        "var": 38.8280067444
    },
    "spectral_decrease": {
        "dmean": 6.03740302196e-09,
        "dmean2": 1.01340011938e-08,
        "dvar": 3.71730699029e-17,
        "dvar2": 1.02761977604e-16,
        "max": 5.70936996818e-29,
        "mean": -1.28804442667e-08,
        "median": -1.10665716591e-08,
        "min": -5.38817239715e-08,
        "stdev": 8.37609093196e-09,
        "var": 7.01588919881e-17
    },
    "spectral_energy": {
        "dmean": 0.0230327025056,
        "dmean2": 0.0386487692595,
        "dvar": 0.000537678948604,
        "dvar2": 0.00148655450903,
        "max": 0.206361934543,
        "mean": 0.0507223382592,
        "median": 0.0436801686883,
        "min": 1.06085024987e-20,
        "stdev": 0.0321341305971,
        "var": 0.00103260227479
    },
    "spectral_energyband_high": {
        "dmean": 0.000375152594643,
        "dmean2": 0.000546809460502,
        "dvar": 9.28028711655e-08,
        "dvar2": 2.07474442959e-07,
        "max": 0.0046808491461,
        "mean": 0.00166577589698,
        "median": 0.00161897588987,
        "min": 7.49374986316e-21,
        "stdev": 0.00060835131444,
        "var": 3.70091356672e-07
    },
    "spectral_energyband_low": {
        "dmean": 0.0207786560059,
        "dmean2": 0.0349062569439,
        "dvar": 0.00053048558766,
        "dvar2": 0.00145493261516,
        "max": 0.19603960216,
        "mean": 0.0344701930881,
        "median": 0.026623558253,
        "min": 4.41664856151e-23,
        "stdev": 0.0288179144263,
        "var": 0.00083047215594
    },
    "spectral_energyband_middle_high": {
        "dmean": 0.00112127023749,
        "dmean2": 0.0018041197909,
        "dvar": 9.12522136787e-06,
        "dvar2": 2.34523995459e-05,
        "max": 0.065737709403,
        "mean": 0.00375825399533,
        "median": 0.00185891718138,
        "min": 1.50498686598e-21,
        "stdev": 0.00659991335124,
        "var": 4.35588553955e-05
    },
    "spectral_energyband_middle_low": {
        "dmean": 0.00684171356261,
        "dmean2": 0.0115619106218,
        "dvar": 7.46087825974e-05,
        "dvar2": 0.000221257141675,
        "max": 0.100629031658,
        "mean": 0.0155858593062,
        "median": 0.0107291676104,
        "min": 1.82029136387e-22,
        "stdev": 0.0146254738793,
        "var": 0.000213904480916
    },
    "spectral_entropy": {
        "dmean": 0.114443011582,
        "dmean2": 0.185884445906,
        "dvar": 0.00987553969026,
        "dvar2": 0.0254419241101,
        "max": 9.80786895752,
        "mean": 7.8832654953,
        "median": 7.90129947662,
        "min": 7.11896133423,
        "stdev": 0.202897533774,
        "var": 0.0411674082279
    },
    "spectral_flux": {
        "dmean": 0.0356785878539,
        "dmean2": 0.0597822926939,
        "dvar": 0.00103419192601,
        "dvar2": 0.00282752583735,
        "max": 0.339807659388,
        "mean": 0.112408436835,
        "median": 0.105750530958,
        "min": 6.92014917592e-11,
        "stdev": 0.0463529825211,
        "var": 0.0021485988982
    },
    "spectral_kurtosis": {
        "dmean": 0.498391628265,
        "dmean2": 0.849993050098,
        "dvar": 0.259607791901,
        "dvar2": 0.761717379093,
        "max": 8.00797843933,
        "mean": 1.36217021942,
        "median": 1.20442199707,
        "min": -1.18630599976,
        "stdev": 0.838199615479,
        "var": 0.702578604221
    },
    "spectral_rms": {
        "dmean": 0.00156053889077,
        "dmean2": 0.00257689924911,
        "dvar": 1.80418226137e-06,
        "dvar2": 5.03466526425e-06,
        "max": 0.0141890347004,
        "mean": 0.00669237179682,
        "median": 0.00652800127864,
        "min": 3.21710410048e-12,
        "stdev": 0.00216736737639,
        "var": 4.6974810175e-06
    },
    "spectral_rolloff": {
        "dmean": 581.797729492,
        "dmean2": 1026.95446777,
        "dvar": 1185988.5,
        "dvar2": 2869017.5,
        "max": 18820.0195312,
        "mean": 927.821533203,
        "median": 279.931640625,
        "min": 86.1328125,
        "stdev": 1458.8717041,
        "var": 2128306.75
    },
    "spectral_skewness": {
        "dmean": 0.106603048742,
        "dmean2": 0.173822239041,
        "dvar": 0.0105750467628,
        "dvar2": 0.0281844567508,
        "max": 2.33244729042,
        "mean": 0.945243537426,
        "median": 0.91018652916,
        "min": 0.0038427808322,
        "stdev": 0.232083916664,
        "var": 0.0538629442453
    },
    "spectral_spread": {
        "dmean": 404743.09375,
        "dmean2": 586596.875,
        "dvar": 624720347136,
        "dvar2": 899855548416,
        "max": 41097488,
        "mean": 5980013,
        "median": 5971776,
        "min": 3350020.25,
        "stdev": 1447216,
        "var": 2.09443422208e+12
    },
    "spectral_strongpeak": {
        "dmean": 0.351237684488,
        "dmean2": 0.601109087467,
        "dvar": 0.344396591187,
        "dvar2": 0.901830911636,
        "max": 6.86268138885,
        "mean": 0.664563417435,
        "median": 0.494058221579,
        "min": 0,
        "stdev": 0.693936288357,
        "var": 0.481547564268
    },
    "zerocrossingrate": {
        "dmean": 0.0121081164107,
        "dmean2": 0.0163640957326,
        "dvar": 0.000188425954548,
        "dvar2": 0.000353462179191,
        "max": 0.49462890625,
        "mean": 0.0604331679642,
        "median": 0.0546875,
        "min": 0.01025390625,
        "stdev": 0.0291941519827,
        "var": 0.000852298515383
    },
    "barkbands": {
        "dmean": [0.000485383789055, 0.0181699190289, 0.00342840678059, 0.00522282160819, 0.00157762679737, 0.000496483291499, 0.000491878890898, 0.000269633688731, 0.000566530099604, 0.000370113615645, 0.000332499213982, 0.000431116786785, 0.000236827982008, 7.95494270278e-05, 6.09731214354e-05, 9.78067910182e-05, 0.000132736473461, 0.000216946922592, 0.000117008523375, 4.27958730143e-05, 4.69612969027e-05, 0.000305512541672, 7.04815611243e-05, 3.66064377886e-05, 2.64208265435e-05, 1.24079097077e-05, 8.69638313361e-07],
        "dmean2": [0.000790033256635, 0.0306681413203, 0.00564790796489, 0.00902501679957, 0.0026208977215, 0.000780758622568, 0.000818957283627, 0.000412828871049, 0.000916176242754, 0.000599168823101, 0.000537419633474, 0.000733448890969, 0.000379098026315, 0.000130202708533, 9.97880633804e-05, 0.000167651916854, 0.000227138632908, 0.000368626526324, 0.000197821922484, 7.17739603715e-05, 7.91093625594e-05, 0.000483482610434, 0.000110437933472, 5.53914615011e-05, 3.71460337192e-05, 1.76668254426e-05, 1.43950421716e-06],
        "dvar": [7.11113273155e-07, 0.00046533785644, 1.72304953594e-05, 5.20255271113e-05, 9.00659324543e-06, 9.57685642788e-07, 3.56989812644e-06, 1.17415993373e-06, 6.65196876071e-06, 2.17919500756e-06, 2.11656947613e-06, 4.29350802733e-06, 1.58405543971e-06, 2.20001101781e-08, 9.79473302465e-09, 2.55473917576e-08, 2.94447897176e-08, 1.10956257515e-07, 1.97631173648e-08, 1.97768712518e-09, 1.72592418135e-09, 6.7002531523e-08, 4.08993994228e-09, 1.15914344789e-09, 6.38881392234e-10, 1.16026757646e-10, 1.03652232197e-12],
        "dvar2": [1.85460135071e-06, 0.00128843076527, 4.6147932153e-05, 0.00015610473929, 2.48966080107e-05, 2.20645006266e-06, 1.01384866866e-05, 2.49817162512e-06, 1.6700125343e-05, 5.61925662623e-06, 5.05315119881e-06, 1.22050951177e-05, 3.45565013049e-06, 6.24022788998e-08, 2.45674183219e-08, 7.08703566943e-08, 7.88520608808e-08, 3.07074060402e-07, 5.19443297264e-08, 5.31501287426e-09, 4.79889461502e-09, 1.67929655959e-07, 9.7563148671e-09, 2.62046140342e-09, 1.27411281525e-09, 2.49325088353e-10, 2.67266070386e-12],
        "max": [0.0134612200782, 0.174287065864, 0.044093824923, 0.0927474871278, 0.0490879677236, 0.0255321394652, 0.0449053309858, 0.0300714224577, 0.066987849772, 0.0423137135804, 0.0557244643569, 0.0431548245251, 0.0418995469809, 0.00428175600246, 0.00230681989342, 0.0044402773492, 0.00379802053794, 0.00481699034572, 0.00226840819232, 0.000939882360399, 0.000653178081848, 0.00333771924488, 0.000945108651649, 0.00090277910931, 0.000358709774446, 0.000132606568513, 9.66233528743e-06],
        "mean": [0.000623251718935, 0.0239750519395, 0.00520167220384, 0.00911365635693, 0.00299565680325, 0.000982216442935, 0.000722194381524, 0.000423274264904, 0.00119687453844, 0.000609855051152, 0.000568728661165, 0.000699770578649, 0.000443723489298, 0.000142369128298, 0.000112863657705, 0.000177710709977, 0.000259882130194, 0.000458735536085, 0.000281572138192, 0.000117088551633, 0.000134769652504, 0.001012335415, 0.000239343935391, 0.000125632228446, 7.2239585279e-05, 3.09522765747e-05, 1.01674561392e-06],
        "median": [0.000183664262295, 0.0155432354659, 0.00331172579899, 0.00504247192293, 0.00157304038294, 0.000566264905501, 0.000280504464172, 0.000134776011691, 0.000193996020244, 0.00014828518033, 9.15503187571e-05, 9.98245814117e-05, 8.16701503936e-05, 8.62212691572e-05, 7.39783208701e-05, 0.000122203928186, 0.000197594010388, 0.000300032610539, 0.000222818664042, 9.54073329922e-05, 0.000124898229842, 0.000951613532379, 0.000216879547224, 0.000112935740617, 6.53591414448e-05, 2.83308963844e-05, 6.23488972451e-07],
        "min": [6.55337519542e-24, 1.76371580591e-23, 4.88605732438e-24, 1.35218805536e-23, 2.6989736757e-23, 2.92715106145e-23, 7.85586343603e-24, 1.50828974455e-23, 1.63866825735e-23, 4.36526973521e-23, 5.91017430091e-23, 7.48064805735e-23, 1.09499119059e-22, 1.0316612478e-22, 9.82431531035e-23, 9.91301609271e-23, 1.8170914916e-22, 1.33589441735e-22, 3.08845910639e-22, 2.79198952721e-22, 4.16059907916e-22, 4.97597959474e-22, 5.2830991748e-22, 7.40290499473e-22, 1.17807947374e-21, 1.57966182767e-21, 2.27457442254e-21],
        "stdev": [0.00114056118764, 0.0251160841435, 0.00578080164269, 0.0115759950131, 0.00441628135741, 0.00154822971672, 0.00224812561646, 0.00151426356751, 0.00527398101985, 0.00196331134066, 0.00210166885518, 0.00293324678205, 0.00230818614364, 0.000225928233704, 0.000151640095282, 0.000256623054156, 0.000226643474889, 0.000512676313519, 0.000218632281758, 8.06864263723e-05, 5.87016256759e-05, 0.00044747555512, 0.000118396870675, 6.32339942968e-05, 4.25005237048e-05, 1.80164988706e-05, 1.15557372737e-06],
        "var": [1.30087971684e-06, 0.000630817667115, 3.34176693286e-05, 0.000134003668791, 1.95035390789e-05, 2.39701535065e-06, 5.05406887896e-06, 2.29299416787e-06, 2.78148781945e-05, 3.85459179597e-06, 4.41701149612e-06, 8.60393720359e-06, 5.3277231018e-06, 5.10435675949e-08, 2.29947172414e-08, 6.58553958033e-08, 5.13672659963e-08, 2.62837005494e-07, 4.78000714565e-08, 6.51029896659e-09, 3.4458806919e-09, 2.00234367753e-07, 1.40178197938e-08, 3.99853838928e-09, 1.80629444735e-09, 3.2459421262e-10, 1.33535066685e-12]
    },
    "erbbands": {
        "dmean": [0.405938565731, 4.52041864395, 5.36465740204, 10.4013881683, 12.2962245941, 4.04243850708, 3.35244345665, 4.34657907486, 6.5602812767, 5.07914113998, 7.24093198776, 14.083029747, 9.6552772522, 14.2344846725, 9.48877620697, 18.6072788239, 11.6187086105, 4.84606075287, 3.29961133003, 2.89074540138, 5.568338871, 7.32991743088, 11.4723863602, 8.45352554321, 4.22157430649, 1.69249689579, 1.31844723225, 4.24546575546, 12.7790651321, 4.14791154861, 1.92844820023, 1.05027830601, 0.575880765915, 0.342461526394, 0.191171497107, 0.0774470195174, 0.0212322529405, 0.00327640445903, 7.61705887271e-05, 2.54495371337e-05],
        "dmean2": [0.691547453403, 7.58341932297, 8.65171813965, 17.7734889984, 21.263463974, 6.5494799614, 5.4243221283, 6.84684753418, 10.944067955, 8.34887981415, 11.139462471, 22.5245075226, 16.1218967438, 23.1180438995, 14.9264507294, 31.6234722137, 18.1296539307, 7.87404632568, 5.43572807312, 4.74685573578, 9.58525753021, 12.6089429855, 19.4282817841, 14.3348588943, 6.99318408966, 2.80549860001, 2.2394015789, 6.78549432755, 20.5558338165, 6.47796916962, 3.12142276764, 1.62058389187, 0.879664003849, 0.486513018608, 0.284206748009, 0.116758473217, 0.0305865928531, 0.00500211538747, 0.000115597940749, 4.23258461524e-05],
        "dvar": [0.295586377382, 28.7267837524, 40.5047912598, 191.897674561, 324.525848389, 86.0431518555, 42.4552536011, 76.2527618408, 549.156738281, 394.551391602, 1007.4352417, 4415.46972656, 1078.13879395, 3648.57250977, 1052.16564941, 8767.75878906, 3443.88671875, 271.646209717, 36.7919273376, 34.0190849304, 60.1293411255, 96.4518508911, 277.188781738, 103.005310059, 25.8866767883, 3.5958533287, 1.48570644855, 13.2729539871, 118.314277649, 12.8914346695, 3.17067527771, 1.08571434021, 0.280542969704, 0.113284692168, 0.0352532416582, 0.00514846248552, 0.000388878223021, 1.03854208646e-05, 6.06276540083e-09, 6.25769325246e-10],
        "dvar2": [0.843465864658, 77.545501709, 100.020759583, 561.784851074, 983.333679199, 227.817703247, 104.605827332, 174.897186279, 1632.86560059, 1030.05493164, 2217.45874023, 9940.11132812, 3105.85620117, 9654.86621094, 2736.92602539, 24928.1523438, 7914.04345703, 563.904724121, 97.2563247681, 80.9709396362, 167.390579224, 266.316986084, 760.37878418, 283.152374268, 68.6626434326, 9.39513969421, 4.0447473526, 33.3620834351, 302.933929443, 31.8155441284, 8.23858070374, 2.68287849426, 0.639934003353, 0.229024231434, 0.0764954090118, 0.0119754318148, 0.000857666891534, 2.42023543251e-05, 1.46594079098e-08, 1.73663150527e-09],
        "max": [5.30556154251, 46.9908905029, 70.854850769, 173.259613037, 277.581329346, 172.782836914, 177.207168579, 235.866104126, 494.847412109, 546.74407959, 798.456298828, 2054.73071289, 847.160827637, 1665.81799316, 890.659057617, 2091.47216797, 1942.85791016, 653.91973877, 152.596038818, 164.559967041, 164.455917358, 211.705978394, 268.691558838, 172.946014404, 113.802482605, 40.2588005066, 26.9154033661, 46.5721740723, 145.079467773, 41.5122413635, 29.4915599823, 28.6499195099, 8.3087015152, 5.39197301865, 2.10240936279, 0.773204624653, 0.191328004003, 0.0298798382282, 0.00103827414569, 0.000232217105804],
        "mean": [0.52304404974, 5.75017929077, 8.17140483856, 19.6457252502, 20.4529666901, 7.90715837479, 6.86379051208, 8.69243049622, 10.5109701157, 8.37114524841, 12.8065490723, 28.5612335205, 19.1206207275, 25.7271823883, 19.649394989, 30.5378952026, 22.3801403046, 9.64432048798, 6.64066362381, 6.27797222137, 10.8458566666, 15.4045591354, 24.6062488556, 19.8573207855, 11.1334285736, 5.14747667313, 4.35217142105, 13.2093992233, 40.4171867371, 13.9699478149, 6.13723278046, 3.42802929878, 1.80042529106, 0.922896504402, 0.46609389782, 0.18554289639, 0.0497659705579, 0.00610470352694, 0.000167605598108, 6.4931322413e-05],
        "median": [0.292241275311, 3.59252667427, 5.61440992355, 11.3235473633, 12.6648597717, 3.50390005112, 3.68676900864, 4.83912563324, 4.56008148193, 3.57158184052, 3.65101933479, 4.22179889679, 3.98907446861, 4.89273881912, 3.6432967186, 3.92831158638, 3.77147722244, 4.91719770432, 4.45674324036, 4.00514745712, 7.89206504822, 11.8418884277, 16.6639461517, 15.7858743668, 8.73070335388, 4.22168684006, 3.93043255806, 12.3396501541, 38.014831543, 12.9671144485, 5.5552277565, 3.09955835342, 1.6102244854, 0.80650562048, 0.416311383247, 0.167282149196, 0.0437692701817, 0.00474967993796, 0.000139451542054, 5.70204065298e-05],
        "min": [8.82928062195e-22, 3.48403627246e-21, 8.79131755548e-21, 1.72139096594e-20, 5.46080471224e-20, 1.25517588146e-19, 5.4959269303e-20, 3.2673626441e-19, 1.04015053972e-19, 4.19033387352e-19, 4.8258244264e-19, 4.12358634344e-19, 1.19879615563e-18, 2.39085347761e-18, 2.75039311433e-18, 3.01834131656e-18, 4.83632362312e-18, 3.56269460882e-18, 5.9077346882e-18, 4.81025833484e-18, 5.66965349635e-18, 9.37088183261e-18, 8.95336903587e-18, 1.79738670872e-17, 1.46553557816e-17, 1.39883719295e-17, 1.84012630379e-17, 1.69421726856e-17, 1.63722220825e-17, 1.50562654091e-17, 1.70799131468e-17, 1.60308016303e-17, 1.27383341063e-17, 9.61482649424e-18, 9.76834873439e-18, 5.69067629161e-18, 2.85752706572e-18, 1.29559603624e-18, 3.32057749935e-19, 3.08635142152e-20],
        "stdev": [0.629785597324, 6.2425494194, 8.2164440155, 23.579044342, 23.5944633484, 14.9574565887, 11.132311821, 14.1456193924, 27.9105758667, 23.0152225494, 44.7089424133, 130.622772217, 62.5778999329, 85.9530410767, 57.3801116943, 131.655105591, 105.656219482, 29.5763301849, 9.56716060638, 10.2851924896, 11.6229200363, 12.7743625641, 25.0573997498, 15.3684949875, 8.9139585495, 3.57348275185, 2.05053138733, 5.80857849121, 18.2805747986, 6.06124353409, 3.08333420753, 1.87024855614, 0.934553027153, 0.572637915611, 0.280481696129, 0.108267113566, 0.0306832790375, 0.00463371863589, 0.000108047963295, 3.53372925019e-05],
        "var": [0.39662989974, 38.9694252014, 67.5099487305, 555.971313477, 556.698730469, 223.725494385, 123.928367615, 200.098556519, 779.000244141, 529.700439453, 1998.8894043, 17062.3066406, 3915.9934082, 7387.92480469, 3292.47705078, 17333.0664062, 11163.2363281, 874.759338379, 91.5305633545, 105.785179138, 135.092269897, 163.184341431, 627.873291016, 236.190643311, 79.4586486816, 12.7697782516, 4.2046790123, 33.7395820618, 334.179412842, 36.7386741638, 9.50694942474, 3.49782967567, 0.873389363289, 0.327914208174, 0.0786699876189, 0.0117217674851, 0.000941463571507, 2.14713472815e-05, 1.16743619216e-08, 1.24872423513e-09]
    },
    "gfcc": {
        "mean": [34.1905097961, 70.1278152466, -87.2623672485, 68.6042785645, -55.9042282104, 28.6384315491, -31.0651988983, 12.5462589264, -19.8890323639, -2.15197587013, -22.089805603, 11.5396709442, -20.6891384125],
        "cov": [[2887.38452148, 336.234893799, -225.040206909, -120.386764526, -131.385818481, 91.787322998, 29.0220603943, 34.2936210632, -70.3232955933, -5.22175741196, -13.7642831802, 9.60481452942, -30.1085796356], [336.234893799, 341.710327148, -87.9397506714, -155.627334595, -42.177898407, 1.34008359909, 77.5127258301, -7.41353607178, -1.73641848564, -19.081533432, 44.7381896973, -25.3221282959, 26.8695392609], [-225.040206909, -87.9397506714, 266.336242676, 151.683639526, 70.3426361084, -3.22809910774, -34.4350318909, -6.21944570541, 23.391084671, 16.1333656311, -34.9976997375, -1.43758642673, -20.7591056824], [-120.386764526, -155.627334595, 151.683639526, 281.855133057, 113.038734436, -7.20212173462, -65.0829620361, 7.61917448044, 44.1782989502, 20.0063724518, -16.4072341919, 6.67218589783, -14.3485860825], [-131.385818481, -42.177898407, 70.3426361084, 113.038734436, 142.504058838, 34.9384002686, 9.65361499786, 12.9175138474, 38.2289619446, 27.1018562317, 4.7956571579, 1.91753733158, 1.61981904507], [91.787322998, 1.34008359909, -3.22809910774, -7.20212173462, 34.9384002686, 78.7831802368, 37.6372261047, 4.43216466904, 7.88404130936, 6.27194070816, -0.699512183666, -1.44721674919, 7.80217266083], [29.0220603943, 77.5127258301, -34.4350318909, -65.0829620361, 9.65361499786, 37.6372261047, 105.851196289, 47.8946609497, 5.64127063751, -7.96204710007, 28.3665828705, 7.31440401077, 13.4488601685], [34.2936210632, -7.41353607178, -6.21944570541, 7.61917448044, 12.9175138474, 4.43216466904, 47.8946609497, 75.7569274902, 28.3911781311, 3.34871292114, 15.9212579727, 13.0735054016, -0.0335378870368], [-70.3232955933, -1.73641848564, 23.391084671, 44.1782989502, 38.2289619446, 7.88404130936, 5.64127063751, 28.3911781311, 78.6103820801, 38.8594512939, 9.28328704834, -2.21231126785, 5.43420314789], [-5.22175741196, -19.081533432, 16.1333656311, 20.0063724518, 27.1018562317, 6.27194070816, -7.96204710007, 3.34871292114, 38.8594512939, 70.6187591553, 23.3964748383, 12.8226718903, 11.0112276077], [-13.7642831802, 44.7381896973, -34.9976997375, -16.4072341919, 4.7956571579, -0.699512183666, 28.3665828705, 15.9212579727, 9.28328704834, 23.3964748383, 67.3729934692, 27.6787433624, 15.706035614], [9.60481452942, -25.3221282959, -1.43758642673, 6.67218589783, 1.91753733158, -1.44721674919, 7.31440401077, 13.0735054016, -2.21231126785, 12.8226718903, 27.6787433624, 51.6872673035, 21.9658718109], [-30.1085796356, 26.8695392609, -20.7591056824, -14.3485860825, 1.61981904507, 7.80217266083, 13.4488601685, -0.0335378870368, 5.43420314789, 11.0112276077, 15.706035614, 21.9658718109, 51.4158096313]],
        "icov": [[0.000914281758014, -0.00248312903568, 0.00110846792813, -0.00153728609439, 0.00129792140797, -0.00268633058295, 0.00176125857979, -0.0025035769213, 0.00236833048984, -0.00248956354335, 0.00287512270734, -0.00270072440617, 0.00231440993957], [-0.00248312903568, 0.0133126573637, -0.00362489069812, 0.00682429084554, -0.00371593586169, 0.00960058812052, -0.0087394695729, 0.010631759651, -0.00941091496497, 0.0101307295263, -0.0134901842102, 0.0134330168366, -0.00981010310352], [0.00110846792813, -0.00362489069812, 0.00778859155253, -0.00539982691407, 0.00100682117045, -0.00199284637347, -0.000509091129061, -0.000939639809076, 0.00286294426769, -0.00548711465672, 0.00850700680166, -0.00627786898986, 0.00554032437503], [-0.00153728609439, 0.00682429084554, -0.00539982691407, 0.0137480190024, -0.0087791280821, 0.00497220782563, 0.00442213518545, 0.0011795796454, -0.00727839581668, 0.00924374721944, -0.00910558830947, 0.00578791508451, -0.00534553825855], [0.00129792140797, -0.00371593586169, 0.00100682117045, -0.0087791280821, 0.0165951456875, -0.00834105443209, -0.00236970442347, -0.00149322219659, 0.00176043109968, -0.00666806194931, 0.00358505710028, -0.00262421392836, 0.00328822527081], [-0.00268633058295, 0.00960058812052, -0.00199284637347, 0.00497220782563, -0.00834105443209, 0.0286626610905, -0.0176137369126, 0.0148041956127, -0.00862130802125, 0.00525825936347, -0.00412401463836, 0.00828884355724, -0.00797340460122], [0.00176125857979, -0.0087394695729, -0.000509091129061, 0.00442213518545, -0.00236970442347, -0.0176137369126, 0.0366629771888, -0.0259097069502, 0.00825245864689, 0.00130843755323, -0.00289923790842, -0.00298207160085, 0.000774929532781], [-0.0025035769213, 0.010631759651, -0.000939639809076, 0.0011795796454, -0.00149322219659, 0.0148041956127, -0.0259097069502, 0.0392062179744, -0.0196068771183, 0.010085247457, -0.00659413821995, 0.000165850724443, -0.000613121315837], [0.00236833048984, -0.00941091496497, 0.00286294426769, -0.00727839581668, 0.00176043109968, -0.00862130802125, 0.00825245864689, -0.0196068771183, 0.0334052070975, -0.0209227073938, 0.00949549861252, -0.000121503559058, 0.00261257053353], [-0.00248956354335, 0.0101307295263, -0.00548711465672, 0.00924374721944, -0.00666806194931, 0.00525825936347, 0.00130843755323, 0.010085247457, -0.0209227073938, 0.0355839803815, -0.0203586872667, 0.00694053526968, -0.00946688186377], [0.00287512270734, -0.0134901842102, 0.00850700680166, -0.00910558830947, 0.00358505710028, -0.00412401463836, -0.00289923790842, -0.00659413821995, 0.00949549861252, -0.0203586872667, 0.0428934469819, -0.0267604719847, 0.012580383569], [-0.00270072440617, 0.0134330168366, -0.00627786898986, 0.00578791508451, -0.00262421392836, 0.00828884355724, -0.00298207160085, 0.000165850724443, -0.000121503559058, 0.00694053526968, -0.0267604719847, 0.0491022318602, -0.0241924356669], [0.00231440993957, -0.00981010310352, 0.00554032437503, -0.00534553825855, 0.00328822527081, -0.00797340460122, 0.000774929532781, -0.000613121315837, 0.00261257053353, -0.00946688186377, 0.012580383569, -0.0241924356669, 0.0358234867454]]
    },
    "melbands": {
        "dmean": [0.00446425331756, 0.00380605575629, 0.0018446232425, 0.000497836852446, 0.000120866585348, 9.53608250711e-05, 0.00010370331438, 5.19201603311e-05, 6.89265580149e-05, 8.99034785107e-05, 5.03802766616e-05, 5.90901981923e-05, 3.8171558117e-05, 4.37530070485e-05, 4.06504150305e-05, 2.2296248062e-05, 8.41518703965e-06, 5.74318528379e-06, 4.25548932981e-06, 5.45476314073e-06, 6.92891217113e-06, 8.56636324897e-06, 9.02570627659e-06, 1.21007806229e-05, 7.271954928e-06, 4.44326178695e-06, 2.30796490541e-06, 1.17023296298e-06, 9.51125400661e-07, 1.36060680234e-06, 3.77310584554e-06, 8.73648059496e-06, 6.21849176241e-06, 1.81899895324e-06, 1.42680335102e-06, 9.30762212192e-07, 6.50628180665e-07, 4.68064030201e-07, 3.68085608216e-07, 3.12790547241e-07],
        "dmean2": [0.00764504959807, 0.00623590871692, 0.0031676327344, 0.00084535923088, 0.000193463274627, 0.000148919716594, 0.000173153457581, 8.45118775032e-05, 0.000103482845589, 0.000145193480421, 8.30041026347e-05, 9.60484831012e-05, 6.05483692198e-05, 7.22515833331e-05, 7.03798432369e-05, 3.46563865605e-05, 1.39870162457e-05, 9.50882804318e-06, 6.92343655828e-06, 9.11928418645e-06, 1.19504829854e-05, 1.48325852933e-05, 1.51350559463e-05, 2.06574422918e-05, 1.23558174892e-05, 7.48816000851e-06, 3.8488624341e-06, 1.96464316105e-06, 1.61222965289e-06, 2.30908244703e-06, 6.11113364357e-06, 1.42702765515e-05, 1.03788943306e-05, 2.86689601126e-06, 2.36696860156e-06, 1.48622621055e-06, 1.05047331544e-06, 7.39105246339e-07, 5.57177656901e-07, 4.62539105683e-07],
        "dvar": [3.00713163597e-05, 1.94543426915e-05, 5.87553176956e-06, 6.46296257401e-07, 4.36676579341e-08, 3.51223476969e-08, 1.43904486549e-07, 3.49216549012e-08, 8.13481122464e-08, 1.82002338533e-07, 2.93996844647e-08, 6.5450421971e-08, 2.11562376506e-08, 3.96276895742e-08, 3.85506062628e-08, 1.73284568916e-08, 3.856924502e-10, 1.21379725715e-10, 4.49505571654e-11, 1.35846250915e-10, 8.01119795502e-11, 1.42357348132e-10, 1.28620392115e-10, 3.60664581533e-10, 6.79853673358e-11, 3.71062625071e-11, 6.83807871438e-12, 2.00218812883e-12, 7.90596537889e-13, 1.64465359734e-12, 1.15951571261e-11, 5.8748041154e-11, 3.32266436587e-11, 2.92109132022e-12, 1.93471324031e-12, 9.31600716708e-13, 4.15247588918e-13, 1.90586736388e-13, 1.15424854462e-13, 9.9530911399e-14],
        "dvar2": [8.70398289408e-05, 4.84368101752e-05, 1.76207722689e-05, 1.81034022262e-06, 1.10842904633e-07, 8.10081814961e-08, 4.20688508029e-07, 8.64738893824e-08, 1.80211742418e-07, 4.40298066451e-07, 8.23280288387e-08, 1.73326739628e-07, 5.3062333194e-08, 1.07850311792e-07, 1.09816397753e-07, 3.3041636982e-08, 9.38550237528e-10, 3.35652561301e-10, 1.13690105941e-10, 3.37097100234e-10, 2.2478501005e-10, 4.0122763445e-10, 3.50346723854e-10, 1.00581087903e-09, 1.84220957933e-10, 9.8650310143e-11, 1.82550988215e-11, 5.39130285554e-12, 2.2101884125e-12, 4.51546959546e-12, 3.00162464328e-11, 1.51268081394e-10, 8.6573963276e-11, 7.42933665976e-12, 5.26269436016e-12, 2.29072121515e-12, 1.04979512496e-12, 4.7606412085e-13, 2.56661282939e-13, 2.05941641236e-13],
        "max": [0.0475652292371, 0.0459301620722, 0.0296885650605, 0.0120164044201, 0.00455443095416, 0.00566329155117, 0.00748237594962, 0.00481617823243, 0.00738655449823, 0.0119871012866, 0.0041992906481, 0.00631635123864, 0.00457017542794, 0.00551144499332, 0.00378551636823, 0.00499191787094, 0.000700256496202, 0.000280087755527, 0.000140544696478, 0.000350208138116, 0.000135681009851, 0.000217158929445, 0.000169230683241, 0.000294652651064, 0.000124507962028, 0.000104157610622, 5.80620799155e-05, 2.5473513233e-05, 1.51010472109e-05, 2.38197189901e-05, 4.50242514489e-05, 8.49205098348e-05, 7.75426524342e-05, 2.06066924875e-05, 2.05673532037e-05, 1.7711559849e-05, 1.66734971572e-05, 5.85883890381e-06, 4.7982543947e-06, 5.21300171386e-06],
        "mean": [0.00584009010345, 0.00572121795267, 0.00346594583243, 0.000896203448065, 0.000261766806943, 0.000190963488421, 0.000163232878549, 8.63763998495e-05, 0.000119852993521, 0.000181879178854, 9.27590881474e-05, 0.000103222766484, 7.09496162017e-05, 7.08677180228e-05, 6.93725742167e-05, 4.01240649808e-05, 1.51972271851e-05, 1.08189024104e-05, 8.08181994216e-06, 1.00762645161e-05, 1.24844209495e-05, 1.55165253091e-05, 1.8047669073e-05, 2.40052377194e-05, 1.56861078722e-05, 9.63790171227e-06, 5.44739850739e-06, 2.9138368518e-06, 2.37020526583e-06, 3.34625769938e-06, 9.71318513621e-06, 2.54029437201e-05, 1.64989978657e-05, 4.86837006974e-06, 3.66306335309e-06, 2.6202378649e-06, 1.83193571957e-06, 1.29536749682e-06, 9.53311939611e-07, 7.27744179585e-07],
        "median": [0.00380819384009, 0.00402637198567, 0.00214418699034, 0.000529934361111, 0.000136348011438, 0.000107955333078, 6.89391599735e-05, 3.70837151422e-05, 3.06566871586e-05, 2.56009661825e-05, 1.9592602257e-05, 1.94928888959e-05, 1.20985350804e-05, 1.10091341412e-05, 8.77084676176e-06, 7.98238306743e-06, 8.7927792265e-06, 7.17536477168e-06, 5.29268800165e-06, 6.18350577497e-06, 9.25046515476e-06, 1.12603438538e-05, 1.31338938445e-05, 1.49032921399e-05, 1.24546686493e-05, 6.9460661507e-06, 4.3764939619e-06, 2.34108892982e-06, 2.07171387956e-06, 3.00058422908e-06, 8.75086607266e-06, 2.35210427491e-05, 1.50948417286e-05, 4.33486093243e-06, 3.17094463753e-06, 2.257460892e-06, 1.60541321748e-06, 1.14227134418e-06, 8.33690876334e-07, 6.19152501713e-07],
        "min": [8.86299110968e-24, 5.91540010998e-24, 5.50365771037e-24, 6.28324200578e-24, 3.09981354428e-24, 8.57494407216e-24, 1.47542932939e-24, 3.74065495583e-24, 4.31604694465e-24, 2.14570146499e-24, 5.9118644354e-24, 1.02999730349e-23, 8.65422853744e-24, 7.47467322486e-24, 7.23727894607e-24, 9.47431097957e-24, 6.69721214858e-24, 8.26233979467e-24, 6.79917242058e-24, 6.96973282576e-24, 6.0783050145e-24, 9.24021098392e-24, 8.18768278746e-24, 6.53173437421e-24, 1.43998401426e-23, 1.04137220442e-23, 7.08888711005e-24, 1.07479813425e-23, 1.11956094191e-23, 9.60932057919e-24, 8.65762142819e-24, 9.36109445131e-24, 9.37628002374e-24, 7.81400095438e-24, 1.00275225663e-23, 9.53990476384e-24, 9.81242938532e-24, 6.82689141506e-24, 9.26589077297e-24, 6.65765629621e-24],
        "stdev": [0.00621477421373, 0.00555948447436, 0.00380805437453, 0.00114351836964, 0.000417039729655, 0.000304570945445, 0.000453974702395, 0.000224658782827, 0.00041526008863, 0.000851889082696, 0.000311961048283, 0.000354632997187, 0.000228202159633, 0.000279758591205, 0.000299232138786, 0.000231613114011, 3.27296147589e-05, 1.58328039106e-05, 1.0875442058e-05, 1.9250839614e-05, 1.24830021377e-05, 1.48003027789e-05, 1.57490921993e-05, 2.87896709779e-05, 1.20893409985e-05, 9.06073364604e-06, 4.3342392928e-06, 2.23659367293e-06, 1.42633325595e-06, 1.67798805251e-06, 5.14225439474e-06, 1.22188594105e-05, 8.30395765661e-06, 2.61676518676e-06, 2.07792299989e-06, 1.65615267633e-06, 1.05467597677e-06, 7.05726108663e-07, 5.75599642616e-07, 5.0334028856e-07],
        "var": [3.86234205507e-05, 3.09078677674e-05, 1.45012772919e-05, 1.30763430661e-06, 1.73922146018e-07, 9.27634644654e-08, 2.06093019983e-07, 5.04715700345e-08, 1.72440934421e-07, 7.25714983218e-07, 9.73196989662e-08, 1.25764557879e-07, 5.20762277745e-08, 7.82648683639e-08, 8.95398670764e-08, 5.36446371768e-08, 1.07122777315e-09, 2.50677700819e-10, 1.18275236827e-10, 3.70594804844e-10, 1.55825338743e-10, 2.19048959527e-10, 2.48033926731e-10, 8.28845159173e-10, 1.46152159819e-10, 8.20968987236e-11, 1.87856310369e-11, 5.00235139769e-12, 2.03442644675e-12, 2.81564398533e-12, 2.64427802571e-11, 1.49300530272e-10, 6.89557091982e-11, 6.84746009894e-12, 4.31776402826e-12, 2.74284154417e-12, 1.11234133883e-12, 4.98049301453e-13, 3.31314972202e-13, 2.53351430547e-13]
    },
    "melbands128": {
