{
"lowlevel": {
    "average_loudness": 0.962238609791,
    "barkbands_crest": {
        "dmean": 2.42275643349,
        "dmean2": 3.82699036598,
        "dvar": 4.78598833084,
        "dvar2": 11.2543115616,
        "max": 25.5371799469,
        "mean": 12.0437231064,
        "median": 11.4011011124,
        "min": 3.81469202042,
        "stdev": 4.15213108063,
        "var": 17.2401943207
    },
    "barkbands_flatness_db": {
        "dmean": 0.0227494686842,
        "dmean2": 0.0340405628085,
        "dvar": 0.000495117332321,
        "dvar2": 0.00102185783908,
        "max": 0.412235915661,
        "mean": 0.226113185287,
        "median": 0.225100263953,
        "min": 0.0521610490978,
        "stdev": 0.062949500978,
        "var": 0.00396263971925
    },
    "barkbands_kurtosis": {
        "dmean": 4.06053161621,
        "dmean2": 6.40030479431,
        "dvar": 35.5405845642,
        "dvar2": 83.3630981445,
        "max": 78.5214996338,
        "mean": 8.01292419434,
        "median": 4.61509799957,
        "min": -1.9359459877,
        "stdev": 10.2199192047,
        "var": 104.446754456
    },
    "barkbands_skewness": {
        "dmean": 0.565051615238,
        "dmean2": 0.866127610207,
        "dvar": 0.359033942223,
        "dvar2": 0.78467130661,
        "max": 7.92956447601,
        "mean": 1.96425962448,
        "median": 1.82382142544,
        "min": -2.48252677917,
        "stdev": 1.32111144066,
        "var": 1.74533545971
    },
    "barkbands_spread": {
        "dmean": 3.28809690475,
        "dmean2": 4.9072470665,
        "dvar": 35.4117355347,
        "dvar2": 63.1601638794,
        "max": 114.575584412,
        "mean": 12.1861848831,
        "median": 9.58323574066,
        "min": 0.723119318485,
        "stdev": 10.7831726074,
        "var": 116.276817322
    },
    "dissonance": {
        "dmean": 0.0378363989294,
        "dmean2": 0.0639962255955,
        "dvar": 0.00123412988614,
        "dvar2": 0.00334135559388,
        "max": 0.497712850571,
        "mean": 0.406235665083,
        "median": 0.41615319252,
        "min": 0.18726554513,
        "stdev": 0.0513707175851,
        "var": 0.00263895047829
    },
    "dynamic_complexity": 2.20658493042,
    "erbbands_crest": {
        "dmean": 2.95361065865,
        "dmean2": 4.69077539444,
        "dvar": 7.4530248642,
        "dvar2": 17.08502388,
        "max": 33.0410690308,
        "mean": 12.7004394531,
        "median": 11.4072446823,
        "min": 3.81862282753,
        "stdev": 5.6096944809,
        "var": 31.4686737061
    },
    "erbbands_flatness_db": {
        "dmean": 0.0187754351646,
        "dmean2": 0.0266769919544,
        "dvar": 0.000350999442162,
        "dvar2": 0.000646687461995,
        "max": 0.432258605957,
        "mean": 0.213256642222,
        "median": 0.210439994931,
        "min": 0.0641883090138,
        "stdev": 0.0603476390243,
        "var": 0.00364183750935
    },
    "erbbands_kurtosis": {
        "dmean": 1.87571954727,
        "dmean2": 2.92558526993,
        "dvar": 16.6737976074,
        "dvar2": 35.7621536255,
        "max": 91.7522354126,
        "mean": 2.52572917938,
        "median": 0.876007080078,
        "min": -1.82460486889,
        "stdev": 6.55255317688,
        "var": 42.9359550476
    },
    "erbbands_skewness": {
        "dmean": 0.452899515629,
        "dmean2": 0.675789356232,
        "dvar": 0.256921738386,
        "dvar2": 0.515634179115,
        "max": 6.33277988434,
        "mean": 0.765048503876,
        "median": 0.756402075291,
        "min": -5.27237224579,
        "stdev": 1.03024923801,
        "var": 1.06141352654
    },
    "erbbands_spread": {
        "dmean": 6.25854682922,
        "dmean2": 9.32638549805,
        "dvar": 82.3008346558,
        "dvar2": 159.657104492,
        "max": 159.405807495,
        "mean": 29.5457630157,
        "median": 24.3348751068,
        "min": 1.0874774456,
        "stdev": 19.3783493042,
        "var": 375.520446777
    },
    "hfc": {
        "dmean": 4.06652832031,
        "dmean2": 6.04400014877,
        "dvar": 39.1496238708,
        "dvar2": 72.8970336914,
        "max": 93.0476608276,
        "mean": 16.2139396667,
        "median": 14.1290788651,
        "min": 0.261749774218,
        "stdev": 11.7642364502,
        "var": 138.397262573
    },
    "loudness_ebu128": {
        "integrated": -17.9155750275,
        "loudness_range": 3.23736000061,
        "momentary": {
            "dmean": 0.510725319386,
            "dmean2": 0.595423221588,
            "dvar": 0.180069342256,
            "dvar2": 0.280754506588,
            "max": -14.5272445679,
            "mean": -18.2330036163,
            "median": -17.973033905,
            "min": -22.5806274414,
            "stdev": 1.71720325947,
            "var": 2.94878697395
        },
        "short_term": {
            "dmean": 0.0839069783688,
            "dmean2": 0.0843183100224,
            "dvar": 0.00525267794728,
            "dvar2": 0.0069159544073,
            "max": -16.3991756439,
            "mean": -18.0450057983,
            "median": -17.6291599274,
            "min": -20.7250537872,
            "stdev": 1.1460609436,
            "var": 1.31345570087
        }
    },
    "melbands_crest": {
        "dmean": 2.72472500801,
        "dmean2": 4.43230295181,
        "dvar": 6.35453748703,
        "dvar2": 15.4280815125,
        "max": 30.857252121,
        "mean": 14.9192276001,
        "median": 14.1816720963,
        "min": 4.73751211166,
        "stdev": 4.721139431,
        "var": 22.2891578674
    },
    "melbands_flatness_db": {
        "dmean": 0.0259942896664,
        "dmean2": 0.037810087204,
        "dvar": 0.000760413182434,
        "dvar2": 0.00153893895913,
        "max": 0.53824365139,
        "mean": 0.306588947773,
        "median": 0.304224133492,
        "min": 0.0937350168824,
        "stdev": 0.0791005343199,
        "var": 0.00625689420849
    },
    "melbands_kurtosis": {
        "dmean": 7.08097076416,
        "dmean2": 11.1434621811,
        "dvar": 125.054870605,
        "dvar2": 305.243896484,
        "max": 201.133895874,
        "mean": 16.079875946,
        "median": 9.93238735199,
        "min": -1.90574359894,
        "stdev": 20.7970943451,
        "var": 432.519134521
    },
    "melbands_skewness": {
        "dmean": 0.656913161278,
        "dmean2": 1.00245773792,
        "dvar": 0.471792012453,
        "dvar2": 1.0341835022,
        "max": 11.7627944946,
        "mean": 2.66904020309,
        "median": 2.47118186951,
        "min": -2.98526525497,
        "stdev": 1.60502743721,
        "var": 2.57611298561
    },
    "melbands_spread": {
        "dmean": 3.57558894157,
        "dmean2": 5.34292507172,
        "dvar": 48.0731124878,
        "dvar2": 82.4902420044,
        "max": 211.657226562,
        "mean": 12.3380556107,
        "median": 10.128780365,
        "min": 0.966375589371,
        "stdev": 10.8785791397,
        "var": 118.343475342
    },
    "pitch_salience": {
        "dmean": 0.0629478171468,
        "dmean2": 0.101499989629,
        "dvar": 0.00322123244405,
        "dvar2": 0.00810114294291,
        "max": 0.793712198734,
        "mean": 0.492057263851,
        "median": 0.485936641693,
        "min": 0.116413325071,
        "stdev": 0.112675823271,
        "var": 0.0126958414912
    },
    "silence_rate_20dB": {
        "dmean": 0,
        "dmean2": 0,
        "dvar": 0,
        "dvar2": 0,
        "max": 1,
        "mean": 1,
        "median": 1,
        "min": 1,
        "stdev": 0,
        "var": 0
    },
    "silence_rate_30dB": {
        "dmean": 0.00515995873138,
        "dmean2": 0.0103252455592,
        "dvar": 0.00513337692246,
        "dvar2": 0.0133163584396,
        "max": 1,
        "mean": 0.99432694912,
        "median": 1,
        "min": 0,
        "stdev": 0.0751060396433,
        "var": 0.00564091699198
    },
    "silence_rate_60dB": {
        "dmean": 0.00412796717137,
        "dmean2": 0.00826019607484,
        "dvar": 0.00411096215248,
        "dvar2": 0.0102571528405,
        "max": 1,
        "mean": 0.00309437862597,
        "median": 0,
        "min": 0,
        "stdev": 0.0555408783257,
        "var": 0.00308478903025
    },
    "spectral_centroid": {
        "dmean": 137.418411255,
        "dmean2": 204.232772827,
        "dvar": 41852.6523438,
        "dvar2": 77737.140625,
        "max": 4354.65087891,
        "mean": 726.179992676,
        "median": 597.890930176,
        "min": 189.931015015,
        "stdev": 438.046142578,
        "var": 191884.421875
    },
    "spectral_complexity": {
        "dmean": 1.61093914509,
        "dmean2": 2.521941185,
        "dvar": 2.28930687904,
        "dvar2": 4.84943628311,
        "max": 23,
        "mean": 11.4646720886,
        "median": 11,
        "min": 3,
        "stdev": 3.35753035545,
        "var": 11.2730102539
    },
    "spectral_decrease": {
        "dmean": 2.43934561439e-09,
        "dmean2": 3.64510266415e-09,
        "dvar": 8.33526742213e-18,
        "dvar2": 1.70324329797e-17,
        "max": -1.33701091865e-10,
        "mean": -8.93533691482e-09,
        "median": -8.13021028279e-09,
        "min": -3.69758161867e-08,
        "stdev": 5.2858517563e-09,
        "var": 2.79402287981e-17
    },
    "spectral_energy": {
        "dmean": 0.00946918595582,
        "dmean2": 0.0141608817503,
        "dvar": 0.000125081845908,
        "dvar2": 0.000255446095252,
        "max": 0.143280819058,
        "mean": 0.0351946800947,
        "median": 0.0321111157537,
        "min": 0.000528360076714,
        "stdev": 0.0205380041152,
        "var": 0.000421809614636
    },
    "spectral_energyband_high": {
        "dmean": 0.000160816620337,
        "dmean2": 0.000224321338465,
        "dvar": 2.17637065703e-07,
        "dvar2": 3.43245403656e-07,
        "max": 0.0100511955097,
        "mean": 0.000432793458458,
        "median": 0.000144545454532,
        "min": 4.57054369463e-07,
        "stdev": 0.000784974021371,
        "var": 6.16184195223e-07
    },
    "spectral_energyband_low": {
        "dmean": 0.00358091946691,
        "dmean2": 0.00565793737769,
        "dvar": 3.71966307284e-05,
        "dvar2": 8.86740017449e-05,
        "max": 0.0700330063701,
        "mean": 0.0106451772153,
        "median": 0.00835363008082,
        "min": 2.61654913629e-05,
        "stdev": 0.0100718801841,
        "var": 0.000101442761661
    },
    "spectral_energyband_middle_high": {
        "dmean": 0.00171873066574,
        "dmean2": 0.00258964626119,
        "dvar": 1.63997410709e-05,
        "dvar2": 3.29168506141e-05,
        "max": 0.0768839940429,
        "mean": 0.00443877512589,
        "median": 0.00257184985094,
        "min": 1.47958071466e-05,
        "stdev": 0.00641294242814,
        "var": 4.1125833377e-05
    },
    "spectral_energyband_middle_low": {
        "dmean": 0.00748050119728,
        "dmean2": 0.0110602723435,
        "dvar": 9.12197865546e-05,
        "dvar2": 0.000183301017387,
        "max": 0.128009408712,
        "mean": 0.021540351212,
        "median": 0.0169720966369,
        "min": 0.000361504411558,
        "stdev": 0.0185528583825,
        "var": 0.00034420855809
    },
    "spectral_entropy": {
        "dmean": 0.217257559299,
        "dmean2": 0.323792636395,
        "dvar": 0.0506796687841,
        "dvar2": 0.100813180208,
        "max": 8.69724941254,
        "mean": 6.58512067795,
        "median": 6.56483507156,
        "min": 4.99188566208,
        "stdev": 0.530097424984,
        "var": 0.281003266573
    },
    "spectral_flux": {
        "dmean": 0.026550013572,
        "dmean2": 0.0430146791041,
        "dvar": 0.000823357200716,
        "dvar2": 0.00203805882484,
        "max": 0.285686731339,
        "mean": 0.0754136070609,
        "median": 0.0670338049531,
        "min": 0.0116476519033,
        "stdev": 0.0390722937882,
        "var": 0.00152664422058
    },
    "spectral_kurtosis": {
        "dmean": 4.71656274796,
        "dmean2": 7.85099029541,
        "dvar": 42.6791267395,
        "dvar2": 111.797660828,
        "max": 82.7477645874,
        "mean": 10.5392341614,
        "median": 6.4334564209,
        "min": -1.09678435326,
        "stdev": 10.5016851425,
        "var": 110.285392761
    },
    "spectral_rms": {
        "dmean": 0.000787415774539,
        "dmean2": 0.00116162665654,
        "dvar": 7.16261467915e-07,
        "dvar2": 1.38862810672e-06,
        "max": 0.0118231195956,
        "mean": 0.00560102285817,
        "median": 0.00559713458642,
        "min": 0.000717964663636,
        "stdev": 0.00172185560223,
        "var": 2.964786745e-06
    },
    "spectral_rolloff": {
        "dmean": 226.231338501,
        "dmean2": 391.924224854,
        "dvar": 650844.375,
        "dvar2": 1364073.75,
        "max": 13285.9863281,
        "mean": 786.488220215,
        "median": 581.396484375,
        "min": 86.1328125,
        "stdev": 1121.43432617,
        "var": 1257614.875
    },
    "spectral_skewness": {
        "dmean": 0.447632461786,
        "dmean2": 0.711371302605,
        "dvar": 0.261961251497,
        "dvar2": 0.626397907734,
        "max": 7.26003646851,
        "mean": 2.34037542343,
        "median": 2.1110060215,
        "min": 0.193495169282,
        "stdev": 1.00016522408,
        "var": 1.00033056736
    },
    "spectral_spread": {
        "dmean": 499514.375,
        "dmean2": 713229.125,
        "dvar": 615892647936,
        "dvar2": 882780602368,
        "max": 19252748,
        "mean": 3981004.75,
        "median": 3567433,
        "min": 1093514.875,
        "stdev": 2077403,
        "var": 4.31560327168e+12
    },
    "spectral_strongpeak": {
        "dmean": 0.5333750844,
        "dmean2": 0.857351541519,
        "dvar": 0.692230463028,
        "dvar2": 1.48363339901,
        "max": 12.2094945908,
        "mean": 1.21807050705,
        "median": 0.797877967358,
        "min": 0.0394733846188,
        "stdev": 1.30081892014,
        "var": 1.6921299696
    },
    "zerocrossingrate": {
        "dmean": 0.00693344278261,
        "dmean2": 0.00783291831613,
        "dvar": 0.000151215892402,
        "dvar2": 0.000135095629958,
        "max": 0.38671875,
        "mean": 0.0351902469993,
        "median": 0.029296875,
        "min": 0.0029296875,
        "stdev": 0.0295057073236,
        "var": 0.000870586722158
    },
    "barkbands": {
        "dmean": [0.000159039045684, 0.00202381843701, 0.00127981812693, 0.00185796036385, 0.00435277214274, 0.00282506365329, 0.000552138430066, 0.000626385095529, 0.0005887587904, 0.00040218103095, 0.000734400004148, 0.000761499628425, 0.000102401631011, 0.000153173343278, 0.0001300634176, 6.85935810907e-05, 5.53248428332e-05, 3.46092419932e-05, 4.87598408654e-05, 4.06775543524e-05, 4.34805224359e-05, 4.67076606583e-05, 3.51024391421e-05, 3.13882774208e-05, 1.54986428242e-05, 2.57332230831e-05, 1.76403304408e-07],
        "dmean2": [0.000261562498054, 0.00324876466766, 0.00203930679709, 0.00310665275902, 0.00649250298738, 0.00431551225483, 0.00085474527441, 0.000974973721895, 0.000881748448592, 0.000653884722851, 0.00113020522986, 0.00109883688856, 0.000154016917804, 0.000220740927034, 0.000193918735022, 0.000107942287286, 8.25199967949e-05, 5.0386046496e-05, 7.26670696167e-05, 5.9679216065e-05, 6.59466531943e-05, 6.71460511512e-05, 5.15040228493e-05, 4.8610912927e-05, 2.24280483963e-05, 3.70735906472e-05, 3.0463576195e-07],
        "dvar": [1.18496295443e-07, 1.22551546156e-05, 5.63287267141e-06, 1.08065823952e-05, 6.32920127828e-05, 2.35439056269e-05, 2.66956340056e-06, 2.31602598433e-06, 3.26114377458e-06, 7.17419027296e-07, 4.93320658279e-06, 7.9006085798e-06, 9.18923319659e-08, 3.61945410532e-07, 2.56888853301e-07, 7.6029230911e-08, 2.58560657329e-08, 6.80783029949e-09, 8.30032043098e-09, 4.83505413484e-09, 1.3229684015e-08, 1.09305844376e-08, 8.59999271796e-09, 4.40341914043e-08, 4.19601908774e-09, 1.68220246621e-08, 5.62664064646e-13],
        "dvar2": [2.94542843449e-07, 2.96555299428e-05, 1.31367323775e-05, 2.89979288937e-05, 0.00011716424342, 5.27233314642e-05, 5.98276483288e-06, 5.31917021362e-06, 6.47021079203e-06, 1.80792778792e-06, 1.15485991046e-05, 1.55584475579e-05, 1.96528219476e-07, 7.07057097316e-07, 5.69134442685e-07, 1.67593213973e-07, 4.98823489181e-08, 1.39095233109e-08, 1.78314962795e-08, 9.82930359328e-09, 2.94867472661e-08, 2.05876578008e-08, 1.54800279262e-08, 7.97927697249e-08, 8.66740101912e-09, 3.03988656469e-08, 1.46088718379e-12],
        "max": [0.00418192800134, 0.0396580174565, 0.0329068079591, 0.0459025129676, 0.121333055198, 0.0854331403971, 0.0491430610418, 0.0230279769748, 0.0541602782905, 0.0118577303365, 0.0310566630214, 0.0616281740367, 0.00564190745354, 0.0134134320542, 0.00970390997827, 0.00835891719908, 0.00496959779412, 0.00203496427275, 0.00150440493599, 0.000819794426206, 0.0024329579901, 0.00238761142828, 0.0019311826909, 0.00533355772495, 0.00195282534696, 0.00321544520557, 1.32261229737e-05],
        "mean": [0.000211644626688, 0.00612722756341, 0.00248699705116, 0.00341993407346, 0.0080294162035, 0.00623105373234, 0.00144249829464, 0.00113835907541, 0.00119962589815, 0.000752568128519, 0.00131002289709, 0.00122897059191, 0.000218030734686, 0.000259449036093, 0.000214500105358, 0.00013576776837, 0.000134598929435, 7.43835480534e-05, 9.94883666863e-05, 8.96439159987e-05, 8.103185246e-05, 0.00010956760525, 6.78926007822e-05, 5.97095422563e-05, 2.79496780422e-05, 4.42024283984e-05, 1.71642071223e-07],
        "median": [4.95254862471e-05, 0.00417910143733, 0.00132286525331, 0.00134640117176, 0.00287075992674, 0.00269971857779, 0.000285756686935, 0.000409742351621, 0.000281901506241, 0.000283861911157, 0.000254410435446, 0.000232648046222, 3.93061018258e-05, 3.12984993798e-05, 2.49640179391e-05, 2.41646648647e-05, 1.12619700303e-05, 1.21563571156e-05, 3.13251039188e-05, 2.76479495369e-05, 2.03671770578e-05, 1.83163920155e-05, 5.94864695813e-06, 2.03074523597e-06, 1.10734981718e-06, 1.05386891391e-06, 1.03189357059e-09],
        "min": [5.7592359326e-08, 1.10771702566e-06, 3.15374927595e-06, 1.99485998564e-06, 2.18777749978e-05, 1.77205947693e-05, 2.2671640636e-06, 1.09766244805e-06, 5.59927821087e-06, 2.82469272861e-06, 2.04718685382e-06, 8.84729843165e-07, 9.28702590386e-08, 6.88668535531e-08, 1.60184328024e-07, 1.05386952498e-07, 3.47762565411e-08, 1.77837495841e-08, 1.51260067582e-07, 9.10455923986e-08, 4.12907041891e-08, 2.71402011975e-08, 1.88521624978e-08, 9.13393716218e-09, 3.07092196117e-09, 4.1612433499e-09, 3.87698120136e-13],
        "stdev": [0.000390180735849, 0.00659509561956, 0.00343420822173, 0.00541262095794, 0.0132936527953, 0.00934004597366, 0.00422041956335, 0.0021024630405, 0.00314996670932, 0.0012846008176, 0.00326318363659, 0.00389079842716, 0.000551303848624, 0.000928760506213, 0.000728041923139, 0.000459338334622, 0.000402653269703, 0.000174659799086, 0.000170251703821, 0.000133560286486, 0.000194006570382, 0.00019743287703, 0.000151431013364, 0.000294358993415, 9.0036293841e-05, 0.000186824472621, 8.30888893688e-07],
        "var": [1.52241000251e-07, 4.34952853539e-05, 1.17937861432e-05, 2.92964668915e-05, 0.000176721208845, 8.72364616953e-05, 1.78119425982e-05, 4.42035070591e-06, 9.92228979158e-06, 1.6501992377e-06, 1.06483676063e-05, 1.51383119373e-05, 3.0393596262e-07, 8.62596095885e-07, 5.30045042524e-07, 2.10991700555e-07, 1.62129666137e-07, 3.05060439132e-08, 2.89856405544e-08, 1.78383512406e-08, 3.76385500545e-08, 3.89797385481e-08, 2.29313510403e-08, 8.6647212072e-08, 8.10653411065e-09, 3.49033832947e-08, 6.90376358511e-13]
    },
    "erbbands": {
        "dmean": [0.067967183888, 0.442333102226, 1.20443868637, 4.24274396896, 9.1637802124, 14.4178800583, 23.0051784515, 22.3206348419, 8.46528911591, 7.45042228699, 15.7738695145, 15.7100324631, 7.83869743347, 13.484290123, 47.5944099426, 15.6360282898, 4.89597511292, 5.45620155334, 7.79680681229, 5.00661182404, 2.78754138947, 2.47830462456, 1.73725926876, 1.68632268906, 2.60223031044, 2.04126048088, 1.87242257595, 1.34623610973, 1.4727602005, 2.07001018524, 0.509459555149, 0.505755186081, 0.618280947208, 0.252687543631, 0.0820200890303, 0.114401362836, 0.0538116581738, 0.00232302024961, 5.44442227692e-05, 1.19293672469e-05],
        "dmean2": [0.109619215131, 0.700181007385, 1.90194499493, 7.0822725296, 13.599067688, 22.0030937195, 35.9458351135, 34.5073738098, 13.4719276428, 11.430929184, 24.3858623505, 23.3974189758, 12.008682251, 21.9813156128, 72.5143966675, 23.4172325134, 7.49486875534, 7.97107076645, 11.0430374146, 7.40113925934, 3.95364093781, 3.61558675766, 2.47049212456, 2.49436759949, 3.9143576622, 3.03667426109, 2.81518244743, 1.98731195927, 2.13940310478, 2.93264937401, 0.717902541161, 0.749479413033, 0.956470191479, 0.375310868025, 0.118159234524, 0.164368137717, 0.0791193991899, 0.00341556151398, 7.73574283812e-05, 1.78909995157e-05],
        "dvar": [0.0167894773185, 0.552323639393, 4.5292096138, 54.0622787476, 350.598236084, 755.48815918, 1525.11047363, 2163.68969727, 399.952514648, 685.643859863, 1543.13891602, 2683.02734375, 309.81930542, 636.922485352, 24721.6503906, 1776.44848633, 192.389251709, 485.121246338, 720.27935791, 459.096130371, 73.0119781494, 57.7651824951, 19.7445964813, 11.9265909195, 26.8328990936, 12.8147516251, 25.853603363, 10.9868841171, 10.1584243774, 26.3541069031, 3.4333357811, 12.2726278305, 14.5355806351, 1.6673078537, 0.136231318116, 0.398836940527, 0.0646789595485, 9.39762685448e-05, 5.01294508126e-08, 2.97073060596e-10],
        "dvar2": [0.0419408380985, 1.28713774681, 10.4185724258, 143.829193115, 626.581481934, 1487.45056152, 3620.1574707, 5128.29882812, 929.592407227, 1422.51074219, 3605.57739258, 5255.79638672, 626.492370605, 1702.97717285, 51014.703125, 3446.43945312, 424.860992432, 980.975524902, 1415.72814941, 1023.43005371, 145.310913086, 112.41318512, 37.1933364868, 26.3185939789, 57.0489196777, 28.579366684, 59.1616630554, 23.7679691315, 20.4281368256, 48.3824386597, 5.68710517883, 21.3962345123, 29.037405014, 3.76423406601, 0.240990206599, 0.698887586594, 0.12609089911, 0.000168539147126, 8.68468248427e-08, 5.85314796631e-10],
        "max": [1.49180364609, 10.2962255478, 28.7398986816, 89.5682373047, 347.865936279, 400.589538574, 667.411010742, 807.284667969, 524.876220703, 967.79473877, 631.769348145, 1633.53149414, 370.067687988, 400.20904541, 2820.90576172, 843.493774414, 265.292907715, 544.375366211, 731.958068848, 621.705322266, 352.033874512, 257.938110352, 95.973815918, 73.8967666626, 98.9076766968, 56.7885437012, 93.2903671265, 75.4998855591, 55.1496696472, 105.965904236, 48.2681808472, 93.2451629639, 108.041954041, 43.3270378113, 9.71954345703, 18.4158000946, 6.13046360016, 0.261776298285, 0.00569872930646, 0.000337756442605],
        "mean": [0.170247286558, 1.38865077496, 2.8475484848, 8.15616416931, 16.7071647644, 26.0963745117, 49.2479476929, 48.8177947998, 23.8258171082, 16.2013969421, 29.6871891022, 33.1249427795, 16.1291809082, 26.6779556274, 90.2963790894, 31.1265773773, 11.8443212509, 10.701089859, 16.0072650909, 8.67138385773, 6.73084926605, 6.30751132965, 4.28392791748, 4.35493183136, 5.85799646378, 4.61811876297, 3.65501642227, 2.62615156174, 3.48221302032, 4.56419706345, 1.07068407536, 0.892694830894, 1.13768362999, 0.445355832577, 0.151560977101, 0.193097293377, 0.0900387167931, 0.00407136743888, 0.000110249515274, 4.52078020317e-05],
        "median": [0.0920179784298, 0.787481188774, 1.92066931725, 4.26996946335, 5.13891267776, 8.93515777588, 22.9206733704, 15.4918899536, 7.82036876678, 5.22314596176, 11.7425165176, 8.36318302155, 7.22098112106, 13.1202573776, 17.8439903259, 10.7447891235, 3.37380647659, 2.09664535522, 1.32636618614, 1.7819968462, 1.16085803509, 0.577350854874, 0.715981066227, 1.20636677742, 1.95386695862, 1.67148661613, 0.904639184475, 0.855283200741, 0.664007663727, 0.489390492439, 0.125529557467, 0.0422907695174, 0.0379655919969, 0.0174466650933, 0.00435184082016, 0.00423497147858, 0.00217160023749, 0.000110303619294, 2.7383577617e-05, 4.1170296754e-05],
        "min": [3.60351223208e-05, 0.000402333476814, 0.00626147538424, 0.0449766106904, 0.0724267065525, 0.0907535254955, 0.230114609003, 0.111418828368, 0.0499606095254, 0.0546404197812, 0.171287283301, 0.258807331324, 0.275657355785, 0.122789114714, 0.171901673079, 0.104755587876, 0.0153944827616, 0.00888928491622, 0.0143939964473, 0.0191827043891, 0.00702670775354, 0.00168642331846, 0.00139079708606, 0.00721170147881, 0.00985252950341, 0.00633486919105, 0.00261235749349, 0.0017610512441, 0.00103296618909, 0.00108647102024, 0.000617962796241, 0.000192485385924, 0.000170554529177, 0.000106899104139, 6.31417933619e-05, 7.29144303477e-05, 1.39135017889e-05, 8.98695645901e-07, 5.86765395383e-07, 6.18179058165e-07],
        "stdev": [0.20062880218, 1.58721876144, 3.25729131699, 10.284989357, 32.7467765808, 43.8230209351, 69.463218689, 87.0141220093, 58.1821098328, 43.7946624756, 54.7641334534, 91.6040267944, 25.5340175629, 37.6834106445, 241.586990356, 65.0810012817, 27.2061538696, 31.3019065857, 52.6378631592, 27.6029415131, 19.5195198059, 18.5946998596, 10.3350887299, 8.0480632782, 9.64427471161, 6.54369592667, 9.00244235992, 5.20782232285, 6.09463167191, 9.00606155396, 2.90052747726, 5.32515668869, 4.96321296692, 1.51543807983, 0.60199379921, 0.918250739574, 0.357118666172, 0.0147835118696, 0.000346527114743, 3.01311938529e-05],
        "var": [0.0402519144118, 2.51926350594, 10.6099472046, 105.781013489, 1072.35144043, 1920.45703125, 4825.13867188, 7571.45703125, 3385.15795898, 1917.97253418, 2999.11035156, 8391.29785156, 651.986083984, 1420.03955078, 58364.2734375, 4235.53710938, 740.174804688, 979.809387207, 2770.74462891, 761.922363281, 381.011627197, 345.7628479, 106.814056396, 64.7713165283, 93.0120391846, 42.8199539185, 81.0439682007, 27.1214122772, 37.1445350647, 81.1091461182, 8.41306018829, 28.3572940826, 24.6334819794, 2.29655241966, 0.362396538258, 0.843184411526, 0.127533733845, 0.00021855221712, 1.20081040222e-07, 9.07888819679e-10]
    },
    "gfcc": {
        "mean": [-38.4737701416, 137.434295654, -95.6276397705, 21.9078025818, -62.2672271729, 4.13440847397, -18.6973457336, -6.1846241951, -32.6770095825, 1.14740347862, -15.3176088333, 6.35155582428, -6.26536273956],
        "cov": [[4128.55712891, -2364.98095703, -90.1038665771, 488.273834229, -554.333068848, 313.95791626, -1148.83203125, 373.598297119, 213.260452271, 17.1491470337, -291.652496338, 95.5549316406, -266.017700195], [-2364.98095703, 2362.23901367, -112.137397766, -244.745681763, 568.396484375, -210.324829102, 1042.6003418, -315.896911621, -46.8848838806, -13.6986999512, 329.465118408, -154.319641113, 306.295196533], [-90.1038665771, -112.137397766, 836.746948242, 47.4533119202, 47.2381210327, 112.903175354, -183.419921875, 139.054748535, -2.22264456749, 2.77836275101, -116.987991333, 19.750617981, -60.4453430176], [488.273834229, -244.745681763, 47.4533119202, 495.118286133, -29.7218437195, 27.1812515259, 24.0787353516, 115.177253723, 106.090522766, -5.38461065292, 36.4555244446, -13.3221263885, -21.2103672028], [-554.333068848, 568.396484375, 47.2381210327, -29.7218437195, 387.191009521, 27.4309329987, 230.398040771, -11.7332496643, 37.3529968262, 54.9302940369, 56.6294174194, 13.5862236023, 57.1357688904], [313.95791626, -210.324829102, 112.903175354, 27.1812515259, 27.4309329987, 322.055725098, -21.6718997955, 8.05954933167, 44.4234237671, 28.9085674286, 7.87087440491, 12.7168684006, -54.5041160583], [-1148.83203125, 1042.6003418, -183.419921875, 24.0787353516, 230.398040771, -21.6718997955, 814.446411133, -139.840240479, -32.5928115845, 27.5741672516, 252.702575684, -61.9653587341, 113.061233521], [373.598297119, -315.896911621, 139.054748535, 115.177253723, -11.7332496643, 8.05954933167, -139.840240479, 264.167205811, 79.3481063843, 21.8478126526, -43.7316017151, 53.3290405273, -41.4857177734], [213.260452271, -46.8848838806, -2.22264456749, 106.090522766, 37.3529968262, 44.4234237671, -32.5928115845, 79.3481063843, 151.092819214, 36.4348487854, 2.19455718994, 20.6249580383, -6.78602552414], [17.1491470337, -13.6986999512, 2.77836275101, -5.38461065292, 54.9302940369, 28.9085674286, 27.5741672516, 21.8478126526, 36.4348487854, 122.672027588, 20.8766536713, 11.6268157959, -2.54584407806], [-291.652496338, 329.465118408, -116.987991333, 36.4555244446, 56.6294174194, 7.87087440491, 252.702575684, -43.7316017151, 2.19455718994, 20.8766536713, 199.998382568, 11.7634210587, 47.918964386], [95.5549316406, -154.319641113, 19.750617981, -13.3221263885, 13.5862236023, 12.7168684006, -61.9653587341, 53.3290405273, 20.6249580383, 11.6268157959, 11.7634210587, 131.908874512, -10.8086471558], [-266.017700195, 306.295196533, -60.4453430176, -21.2103672028, 57.1357688904, -54.5041160583, 113.061233521, -41.4857177734, -6.78602552414, -2.54584407806, 47.918964386, -10.8086471558, 151.544754028]],
        "icov": [[0.000818990927655, 0.000263436930254, 0.000461296876892, -0.000593145145103, 0.000287747796392, -0.0006774259964, 0.00078851019498, -0.000351440452505, -0.000149187617353, -0.000182938747457, 3.02546905004e-05, 0.000167760954355, -3.78005897801e-05], [0.000263436930254, 0.00481710676104, -0.00149128760677, 0.00262296479195, -0.00388026540168, 0.00293998909183, -0.00323133659549, 0.00217023771256, -0.00390846049413, 0.00330548919737, -0.00323324790224, 0.00403359346092, -0.00278561236337], [0.000461296876892, -0.00149128760677, 0.00242349156179, -0.00151931087021, 0.00104751007166, -0.00208623008803, 0.00180166994687, -0.00181986903772, 0.00217164866626, -0.00123766076285, 0.00187715061475, -0.00123694923241, 0.000984924146906], [-0.000593145145103, 0.00262296479195, -0.00151931087021, 0.00493822991848, -0.00208782404661, 0.00240821833722, -0.0028912445996, 0.000621159328148, -0.0041284635663, 0.00291630229913, -0.00282185710967, 0.00313186342828, -0.00129729183391], [0.000287747796392, -0.00388026540168, 0.00104751007166, -0.00208782404661, 0.00727289309725, -0.00305171473883, 0.00185502727982, -0.00193963083439, 0.0019025427755, -0.00392798194662, 0.00339616462588, -0.00405642110854, 0.00137477403041], [-0.0006774259964, 0.00293998909183, -0.00208623008803, 0.00240821833722, -0.00305171473883, 0.00647855596617, -0.00285104545765, 0.00262218457647, -0.0037750932388, 0.00197286438197, -0.00293205189519, 0.00242638704367, -0.000336587138008], [0.00078851019498, -0.00323133659549, 0.00180166994687, -0.0028912445996, 0.00185502727982, -0.00285104545765, 0.00615667086095, -0.00158772652503, 0.00339479977265, -0.00264348485507, -0.000562087341677, -0.00140697800089, 0.00166143826209], [-0.000351440452505, 0.00217023771256, -0.00181986903772, 0.000621159328148, -0.00193963083439, 0.00262218457647, -0.00158772652503, 0.00744284223765, -0.00408528046682, 0.00103979033884, -0.00110913079698, -7.95285595814e-05, -0.000566255766898], [-0.000149187617353, -0.00390846049413, 0.00217164866626, -0.0041284635663, 0.0019025427755, -0.0037750932388, 0.00339479977265, -0.00408528046682, 0.0137575091794, -0.00483932578936, 0.00286346208304, -0.00364348338917, 0.00156941718888], [-0.000182938747457, 0.00330548919737, -0.00123766076285, 0.00291630229913, -0.00392798194662, 0.00197286438197, -0.00264348485507, 0.00103979033884, -0.00483932578936, 0.0121208624914, -0.00342239649035, 0.00291343848221, -0.0013632918708], [3.02546905004e-05, -0.00323324790224, 0.00187715061475, -0.00282185710967, 0.00339616462588, -0.00293205189519, -0.000562087341677, -0.00110913079698, 0.00286346208304, -0.00342239649035, 0.0121115706861, -0.00543225137517, 0.000576095306315], [0.000167760954355, 0.00403359346092, -0.00123694923241, 0.00313186342828, -0.00405642110854, 0.00242638704367, -0.00140697800089, -7.95285595814e-05, -0.00364348338917, 0.00291343848221, -0.00543225137517, 0.0128715448081, -0.00196158746257], [-3.78005897801e-05, -0.00278561236337, 0.000984924146906, -0.00129729183391, 0.00137477403041, -0.000336587138008, 0.00166143826209, -0.000566255766898, 0.00156941718888, -0.0013632918708, 0.000576095306315, -0.00196158746257, 0.0100651690736]]
    },
    "melbands": {
        "dmean": [0.00057271582773, 0.000589706876781, 0.000766548211686, 0.000923789688386, 0.000748360878788, 0.000491800426971, 0.00012291384337, 8.4559818788e-05, 0.000135012844112, 9.06003042473e-05, 3.98184274673e-05, 5.58619722142e-05, 0.00012446285109, 0.000102700054413, 1.3869882423e-05, 1.01510677268e-05, 1.1369656022e-05, 1.48333474499e-05, 7.26131975171e-06, 6.39820109427e-06, 3.49478500539e-06, 2.71149565378e-06, 2.50535231316e-06, 1.84423095106e-06, 1.43844863487e-06, 2.24711016017e-06, 1.59258161148e-06, 1.44283512782e-06, 1.10698840672e-06, 1.34956405873e-06, 7.78290598191e-07, 7.64328717651e-07, 1.19121057196e-06, 1.27160092234e-06, 2.91591334189e-07, 2.37459403252e-07, 3.70278485207e-07, 4.69881371146e-07, 3.94221217448e-07, 1.68551608226e-07],
        "dmean2": [0.000924558087718, 0.000920285412576, 0.00123724457808, 0.00136211910285, 0.00117257528473, 0.00075721857138, 0.000193827800103, 0.000130989807076, 0.000208673736779, 0.00013458536705, 6.11018040217e-05, 9.10153685254e-05, 0.000190032864339, 0.000150952066178, 2.14050378418e-05, 1.46538786794e-05, 1.63946351677e-05, 2.10005091503e-05, 1.07550467874e-05, 9.45011106523e-06, 4.93693823955e-06, 3.87131376556e-06, 3.73106263396e-06, 2.68390999736e-06, 2.15510385715e-06, 3.44785644302e-06, 2.31581088883e-06, 2.17248293666e-06, 1.69487634594e-06, 2.00897898139e-06, 1.18549041872e-06, 1.13845965188e-06, 1.68861447492e-06, 1.86606393981e-06, 4.30739333979e-07, 3.19751649158e-07, 5.56147313091e-07, 7.42335600989e-07, 5.93883669353e-07, 2.46507767088e-07],
        "dvar": [1.07146126993e-06, 9.57367319643e-07, 1.53242478973e-06, 4.14304668084e-06, 1.49435993535e-06, 9.25901019855e-07, 1.00176471562e-07, 7.04812208596e-08, 1.14704398868e-07, 9.34576860345e-08, 8.41102210103e-09, 1.27428272378e-08, 1.48083614704e-07, 1.22427834981e-07, 1.4298198181e-09, 9.68913393962e-10, 2.30349495034e-09, 2.90873258812e-09, 9.62324775422e-10, 7.34718452744e-10, 1.45426296005e-10, 7.67437433047e-11, 5.70345125295e-11, 2.97760219259e-11, 1.01773069139e-11, 2.3687727127e-11, 8.23710284009e-12, 7.07366630548e-12, 8.38250996393e-12, 2.14179490116e-11, 3.565789157e-12, 2.96569951756e-12, 8.45378541475e-12, 9.62732411153e-12, 9.38033938719e-13, 1.88232524186e-12, 7.16999246433e-12, 9.59072318091e-12, 4.76852324988e-12, 5.5093825552e-13],
        "dvar2": [2.64540221906e-06, 2.22520225179e-06, 3.85955536331e-06, 7.4216691246e-06, 3.51003086507e-06, 2.13732278098e-06, 2.29398182228e-07, 1.52272775722e-07, 2.72646246913e-07, 1.86339192965e-07, 1.72634404549e-08, 3.41491244171e-08, 3.10608356813e-07, 2.33370343494e-07, 3.049261732e-09, 2.02159866625e-09, 4.57092452777e-09, 5.76308289979e-09, 2.19675033719e-09, 1.47584033883e-09, 2.64444605103e-10, 1.29638300095e-10, 1.23816984443e-10, 5.28280440226e-11, 2.33692908774e-11, 5.31419977468e-11, 1.4857007985e-11, 1.62045134255e-11, 2.06305042494e-11, 4.58174297113e-11, 7.7883220706e-12, 6.37676543513e-12, 1.67806931545e-11, 1.89131783151e-11, 1.62390749719e-12, 3.25063955788e-12, 1.28867480922e-11, 1.94559333921e-11, 1.10170709361e-11, 1.23273581013e-12],
        "max": [0.0111358920112, 0.0120878815651, 0.0146946273744, 0.0317630246282, 0.0204939804971, 0.0170795358717, 0.00830378383398, 0.00848355237395, 0.00596331851557, 0.00932754669338, 0.00188043923117, 0.00182787200902, 0.00642287312075, 0.00742128165439, 0.000783875409979, 0.00071150570875, 0.00107801239938, 0.00135918497108, 0.0006624655216, 0.000870355346706, 0.000419484422309, 0.000380912533728, 0.000194575783098, 0.000126069338876, 6.09097260167e-05, 0.000103785932879, 4.75998094771e-05, 4.35907641076e-05, 5.95483325014e-05, 0.00011899992387, 3.65675259673e-05, 3.3860487747e-05, 6.70613371767e-05, 5.36175684829e-05, 2.31637077377e-05, 3.53357645508e-05, 6.90001106705e-05, 7.6823082054e-05, 7.40688992664e-05, 2.24776886171e-05],
        "mean": [0.00165084667969, 0.00165452808142, 0.00159324565902, 0.00165527081117, 0.00162461074069, 0.00108154816553, 0.000340005586622, 0.000172939136974, 0.000248701486271, 0.000191192579223, 7.69832986407e-05, 0.000103513142676, 0.000237115833443, 0.000189269136172, 2.73429195659e-05, 2.27707078011e-05, 1.92186307686e-05, 2.91378182737e-05, 1.11343260869e-05, 1.13696823973e-05, 7.36647507438e-06, 6.42274744678e-06, 5.75957619731e-06, 3.60050012205e-06, 3.25843802784e-06, 4.52860285804e-06, 3.59803607353e-06, 2.87864645543e-06, 2.15655336433e-06, 2.07987864087e-06, 1.38167138175e-06, 1.71028557361e-06, 2.56393400377e-06, 2.57897818301e-06, 5.49240837699e-07, 3.90539725004e-07, 5.93637082602e-07, 8.21220680791e-07, 6.80880930304e-07, 2.74645231002e-07],
        "median": [0.000991562148556, 0.00117191742174, 0.000859787862282, 0.000545644667, 0.000821596593596, 0.000389644730603, 9.24507185118e-05, 5.69168223592e-05, 9.60521865636e-05, 4.18303534389e-05, 3.02315092995e-05, 4.04918209824e-05, 4.7469187848e-05, 4.10777574871e-05, 8.74748729984e-06, 4.67217660116e-06, 3.05175353787e-06, 1.81618713668e-06, 1.7665033738e-06, 2.32334468819e-06, 9.45458623391e-07, 5.80929679472e-07, 4.16375200984e-07, 6.24471169886e-07, 6.68944892368e-07, 1.19385720154e-06, 1.07840151031e-06, 8.71515624112e-07, 4.36191470499e-07, 4.22095297381e-07, 3.55670920271e-07, 3.20113827001e-07, 3.05572626758e-07, 2.34020376411e-07, 6.38519992435e-08, 3.38696963809e-08, 1.8117969347e-08, 2.73931828332e-08, 2.15010640403e-08, 1.13369624799e-08],
        "min": [2.10956287106e-07, 3.14727594741e-06, 1.06808292912e-05, 7.96471158537e-06, 7.90028025222e-06, 2.29862916967e-06, 6.45147508749e-07, 2.59098015931e-07, 3.07732335614e-07, 6.63099854137e-07, 4.00967820724e-07, 2.52985699944e-07, 4.18145162939e-07, 1.51673845039e-07, 3.21621129729e-08, 8.51035242277e-09, 7.58481988328e-09, 9.2450846978e-09, 1.21821148724e-08, 8.64941007706e-09, 1.8414052505e-09, 1.38863975874e-09, 1.68988689708e-09, 8.242854177e-10, 8.42744707352e-10, 2.78525846831e-09, 5.23691445764e-09, 1.85530202312e-09, 1.68651903554e-09, 9.26601628759e-10, 7.47348849472e-10, 4.43861336574e-10, 5.67456470701e-10, 4.78493356049e-10, 3.5960867617e-10, 1.26880048135e-10, 7.326904361e-11, 8.53797726963e-11, 5.95857183039e-11, 1.54230066218e-11],
        "stdev": [0.0017853374593, 0.00166172639001, 0.00201797694899, 0.00329625722952, 0.00216641579755, 0.00182825874072, 0.000911523704417, 0.000420123396907, 0.000466641620733, 0.000542636727914, 0.000132518311148, 0.000169281614944, 0.000592625990976, 0.000533475656994, 5.61462838959e-05, 6.01419123996e-05, 6.66792911943e-05, 0.000102761929156, 3.66822496289e-05, 4.15657304984e-05, 2.33424088947e-05, 2.05970118259e-05, 1.90510036191e-05, 8.97828158486e-06, 6.86286193741e-06, 9.2585441962e-06, 5.67270853935e-06, 4.47492493549e-06, 5.90261151956e-06, 6.7096211751e-06, 2.81331926999e-06, 3.07894674734e-06, 5.06347214468e-06, 5.26419535163e-06, 1.4829815882e-06, 2.12367945096e-06, 3.88735088563e-06, 3.95981624024e-06, 2.48432638728e-06, 9.43277314036e-07],
        "var": [3.18742968375e-06, 2.7613345992e-06, 4.07223114962e-06, 1.08653111965e-05, 4.69335691378e-06, 3.34253013534e-06, 8.30875478641e-07, 1.76503675675e-07, 2.1775440473e-07, 2.94454622463e-07, 1.75611027942e-08, 2.86562649165e-08, 3.51205585503e-07, 2.84596296751e-07, 3.15240522575e-09, 3.61704954877e-09, 4.44612791028e-09, 1.05600141964e-08, 1.34558753029e-09, 1.72770997509e-09, 5.44868095087e-10, 4.24236895613e-10, 3.62940760779e-10, 8.06095468153e-11, 4.70988768819e-11, 8.57206458593e-11, 3.21796235492e-11, 2.00249521826e-11, 3.48408212003e-11, 4.50190162926e-11, 7.9147651974e-12, 9.47991251471e-12, 2.5638748069e-11, 2.77117547659e-11, 2.19923428427e-12, 4.51001475749e-12, 1.51114971231e-11, 1.56801446827e-11, 6.17187724539e-12, 8.89772088473e-13]
    },
    "melbands128": {
