{
"lowlevel": {
    "average_loudness": 0.954890847206,
    "barkbands_crest": {
        "dmean": 2.04890632629,
        "dmean2": 3.19326615334,
        "dvar": 4.00061845779,
        "dvar2": 9.56459999084,
        "max": 25.0007629395,
        "mean": 10.378156662,
        "median": 9.87949943542,
        "min": 3.00697350502,
        "stdev": 3.5909974575,
        "var": 12.8952627182
    },
    "barkbands_flatness_db": {
        "dmean": 0.0249044951051,
        "dmean2": 0.0377888046205,
        "dvar": 0.000617978803348,
        "dvar2": 0.00123011262622,
        "max": 0.532345414162,
        "mean": 0.261841207743,
        "median": 0.251689106226,
        "min": 0.0473334454,
        "stdev": 0.0684102550149,
        "var": 0.00467996299267
    },
    "barkbands_kurtosis": {
        "dmean": 2.61281323433,
        "dmean2": 4.08008813858,
        "dvar": 20.7958946228,
        "dvar2": 45.8335990906,
        "max": 103.353370667,
        "mean": 5.36952638626,
        "median": 1.65466594696,
        "min": -1.86485493183,
        "stdev": 8.74483585358,
        "var": 76.47215271
    },
    "barkbands_skewness": {
        "dmean": 0.457309007645,
        "dmean2": 0.693204879761,
        "dvar": 0.241705492139,
        "dvar2": 0.538451254368,
        "max": 9.39500427246,
        "mean": 1.75878357887,
        "median": 1.60775113106,
        "min": -2.01554393768,
        "stdev": 1.23307132721,
        "var": 1.52046477795
    },
    "barkbands_spread": {
        "dmean": 3.13167357445,
        "dmean2": 4.82547235489,
        "dvar": 14.6455574036,
        "dvar2": 30.4436759949,
        "max": 47.6335678101,
        "mean": 16.2636737823,
        "median": 16.6895961761,
        "min": 1.03053212166,
        "stdev": 9.97386264801,
        "var": 99.477935791
    },
    "dissonance": {
        "dmean": 0.0133915683255,
        "dmean2": 0.0215826835483,
        "dvar": 0.000191269355128,
        "dvar2": 0.000461621180875,
        "max": 0.5,
        "mean": 0.461699455976,
        "median": 0.468790888786,
        "min": 0.275383383036,
        "stdev": 0.0268076881766,
        "var": 0.000718652096111
    },
    "dynamic_complexity": 1.65039551258,
    "erbbands_crest": {
        "dmean": 2.25863838196,
        "dmean2": 3.58277010918,
        "dvar": 4.95546007156,
        "dvar2": 11.5700588226,
        "max": 27.0781002045,
        "mean": 10.0236597061,
        "median": 9.07833957672,
        "min": 3.4056186676,
        "stdev": 3.87724375725,
        "var": 15.0330200195
    },
    "erbbands_flatness_db": {
        "dmean": 0.0156452804804,
        "dmean2": 0.0228413362056,
        "dvar": 0.000229365628911,
        "dvar2": 0.000470529746963,
        "max": 0.383245736361,
        "mean": 0.275820702314,
        "median": 0.275718331337,
        "min": 0.0904194414616,
        "stdev": 0.0313512794673,
        "var": 0.000982902711257
    },
    "erbbands_kurtosis": {
        "dmean": 0.744487762451,
        "dmean2": 1.17101597786,
        "dvar": 1.16864454746,
        "dvar2": 2.87122893333,
        "max": 12.2122125626,
        "mean": -0.238357245922,
        "median": -0.843474388123,
        "min": -1.81782996655,
        "stdev": 1.71585154533,
        "var": 2.94414663315
    },
    "erbbands_skewness": {
        "dmean": 0.347850590944,
        "dmean2": 0.530700266361,
        "dvar": 0.134130850434,
        "dvar2": 0.283268600702,
        "max": 3.54063606262,
        "mean": 0.0349542088807,
        "median": -0.138183891773,
        "min": -2.53615641594,
        "stdev": 1.00246798992,
        "var": 1.00494205952
    },
    "erbbands_spread": {
        "dmean": 5.3958940506,
        "dmean2": 8.3293132782,
        "dvar": 31.1706180573,
        "dvar2": 73.8397674561,
        "max": 80.1457977295,
        "mean": 36.4514007568,
        "median": 36.9018974304,
        "min": 8.15430450439,
        "stdev": 10.8720235825,
        "var": 118.200904846
    },
    "hfc": {
        "dmean": 4.61476993561,
        "dmean2": 6.10559940338,
        "dvar": 37.7390632629,
        "dvar2": 65.8582382202,
        "max": 97.7602157593,
        "mean": 16.0568733215,
        "median": 11.8606138229,
        "min": 1.12746596845e-16,
        "stdev": 13.0564899445,
        "var": 170.471923828
    },
    "loudness_ebu128": {
        "integrated": -11.3543291092,
        "loudness_range": 3.00956058502,
        "momentary": {
            "dmean": 0.378229081631,
            "dmean2": 0.46523848176,
            "dvar": 0.096218906343,
            "dvar2": 0.169960856438,
            "max": -8.33308410645,
            "mean": -11.5606489182,
            "median": -11.6815061569,
            "min": -14.9274368286,
            "stdev": 1.32548236847,
            "var": 1.75690352917
        },
        "short_term": {
            "dmean": 0.0557419992983,
            "dmean2": 0.0652599185705,
            "dvar": 0.00198036618531,
            "dvar2": 0.00315912626684,
            "max": -9.41665172577,
            "mean": -11.5778245926,
            "median": -11.7394180298,
            "min": -13.3691673279,
            "stdev": 1.00153636932,
            "var": 1.00307512283
        }
    },
    "melbands_crest": {
        "dmean": 2.69474935532,
        "dmean2": 4.21437978745,
        "dvar": 7.02711200714,
        "dvar2": 17.3967971802,
        "max": 32.1574935913,
        "mean": 15.4167261124,
        "median": 15.0282382965,
        "min": 2.11843514442,
        "stdev": 4.64004802704,
        "var": 21.5300445557
    },
    "melbands_flatness_db": {
        "dmean": 0.0274626798928,
        "dmean2": 0.0395524017513,
        "dvar": 0.000929788220674,
        "dvar2": 0.00177413946949,
        "max": 0.650682449341,
        "mean": 0.322922438383,
        "median": 0.302650749683,
        "min": 0.00545875122771,
        "stdev": 0.0977285131812,
        "var": 0.00955086201429
    },
    "melbands_kurtosis": {
        "dmean": 5.72445106506,
        "dmean2": 8.79363918304,
        "dvar": 104.418357849,
        "dvar2": 229.554870605,
        "max": 220.956695557,
        "mean": 14.6973896027,
        "median": 9.10335159302,
        "min": -1.67257976532,
        "stdev": 18.2400550842,
        "var": 332.699615479
    },
    "melbands_skewness": {
        "dmean": 0.587692320347,
        "dmean2": 0.888135492802,
        "dvar": 0.435027092695,
        "dvar2": 1.01101267338,
        "max": 11.8997001648,
        "mean": 2.90781521797,
        "median": 2.69495296478,
        "min": -0.641483962536,
        "stdev": 1.4376270771,
        "var": 2.06677174568
    },
    "melbands_spread": {
        "dmean": 4.87748098373,
        "dmean2": 7.33978796005,
        "dvar": 44.5011177063,
        "dvar2": 94.9745178223,
        "max": 151.838897705,
        "mean": 19.5616378784,
        "median": 16.4124946594,
        "min": 0.896514773369,
        "stdev": 15.8773403168,
        "var": 252.089935303
    },
    "pitch_salience": {
        "dmean": 0.061471413821,
        "dmean2": 0.0971971526742,
        "dvar": 0.00366315757856,
        "dvar2": 0.00896024890244,
        "max": 0.97009408474,
        "mean": 0.534925043583,
        "median": 0.541554868221,
        "min": 0.187410578132,
        "stdev": 0.100804954767,
        "var": 0.0101616391912
    },
    "silence_rate_20dB": {
        "dmean": 0,
        "dmean2": 0,
        "dvar": 0,
        "dvar2": 0,
        "max": 1,
        "mean": 1,
        "median": 1,
        "min": 1,
        "stdev": 0,
        "var": 0
    },
    "silence_rate_30dB": {
        "dmean": 0,
        "dmean2": 0,
        "dvar": 0,
        "dvar2": 0,
        "max": 1,
        "mean": 1,
        "median": 1,
        "min": 1,
        "stdev": 0,
        "var": 0
    },
    "silence_rate_60dB": {
        "dmean": 0.00566718168557,
        "dmean2": 0.011340206489,
        "dvar": 0.00563522428274,
        "dvar2": 0.0143039980903,
        "max": 1,
        "mean": 0.00514933047816,
        "median": 0,
        "min": 0,
        "stdev": 0.0715746954083,
        "var": 0.00512293726206
    },
    "spectral_centroid": {
        "dmean": 173.124954224,
        "dmean2": 262.926879883,
        "dvar": 72316.5,
        "dvar2": 134016.46875,
        "max": 10682.0615234,
        "mean": 1054.88903809,
        "median": 1029.27770996,
        "min": 171.679733276,
        "stdev": 672.558776855,
        "var": 452335.28125
    },
    "spectral_complexity": {
        "dmean": 3.43276667595,
        "dmean2": 4.85721635818,
        "dvar": 11.3695821762,
        "dvar2": 19.8523368835,
        "max": 47,
        "mean": 17.992275238,
        "median": 17,
        "min": 0,
        "stdev": 9.29471588135,
        "var": 86.391746521
    },
    "spectral_decrease": {
        "dmean": 1.54077950398e-09,
        "dmean2": 1.99907401743e-09,
        "dvar": 2.16705355903e-18,
        "dvar2": 4.15314357468e-18,
        "max": 1.08314769518e-28,
        "mean": -6.38261354879e-09,
        "median": -6.05966787859e-09,
        "min": -2.08586214967e-08,
        "stdev": 2.97665692095e-09,
        "var": 8.86048657925e-18
    },
    "spectral_energy": {
        "dmean": 0.00615061353892,
        "dmean2": 0.00796216819435,
        "dvar": 3.43616229657e-05,
        "dvar2": 6.45621694275e-05,
        "max": 0.082788862288,
        "mean": 0.0255458205938,
        "median": 0.0242454893887,
        "min": 1.01684739168e-20,
        "stdev": 0.0119053954259,
        "var": 0.00014173843374
    },
    "spectral_energyband_high": {
        "dmean": 5.48815987713e-05,
        "dmean2": 7.65400764067e-05,
        "dvar": 1.07045030617e-08,
        "dvar2": 2.04040677687e-08,
        "max": 0.00134505692404,
        "mean": 0.00010657216626,
        "median": 3.69655317627e-05,
        "min": 7.1770600498e-21,
        "stdev": 0.000172338011907,
        "var": 2.97003914795e-08
    },
    "spectral_energyband_low": {
        "dmean": 0.00243834918365,
        "dmean2": 0.00379619281739,
        "dvar": 1.26021459437e-05,
        "dvar2": 3.24639622704e-05,
        "max": 0.0389366224408,
        "mean": 0.00622325204313,
        "median": 0.00307091511786,
        "min": 1.0813422561e-22,
        "stdev": 0.00711830612272,
        "var": 5.06702817802e-05
    },
    "spectral_energyband_middle_high": {
        "dmean": 0.00164095941,
        "dmean2": 0.00225908239372,
        "dvar": 5.63968569622e-06,
        "dvar2": 1.04572754935e-05,
        "max": 0.0378472432494,
        "mean": 0.00481508439407,
        "median": 0.00320890638977,
        "min": 1.20227925244e-21,
        "stdev": 0.00503798341379,
        "var": 2.53812759183e-05
    },
    "spectral_energyband_middle_low": {
        "dmean": 0.00461513875052,
        "dmean2": 0.00607227301225,
        "dvar": 2.23513707169e-05,
        "dvar2": 4.26316946687e-05,
        "max": 0.0670432597399,
        "mean": 0.0165965314955,
        "median": 0.0152070261538,
        "min": 3.58469855904e-22,
        "stdev": 0.00936478655785,
        "var": 8.76992198755e-05
    },
    "spectral_entropy": {
        "dmean": 0.172887966037,
        "dmean2": 0.255433440208,
        "dvar": 0.0399667285383,
        "dvar2": 0.0803898200393,
        "max": 9.80698394775,
        "mean": 6.83559846878,
        "median": 6.90350341797,
        "min": 4.81697130203,
        "stdev": 0.494593471289,
        "var": 0.244622707367
    },
    "spectral_flux": {
        "dmean": 0.0225120391697,
        "dmean2": 0.0346074588597,
        "dvar": 0.000474217085866,
        "dvar2": 0.001143256668,
        "max": 0.246517449617,
        "mean": 0.0633964240551,
        "median": 0.0572869777679,
        "min": 6.78827827283e-11,
        "stdev": 0.0313199535012,
        "var": 0.000980939599685
    },
    "spectral_kurtosis": {
        "dmean": 8.96966648102,
        "dmean2": 15.7079496384,
        "dvar": 106.134208679,
        "dvar2": 297.237182617,
        "max": 141.299331665,
        "mean": 12.9778327942,
        "median": 8.13995933533,
        "min": -1.21546876431,
        "stdev": 14.4375905991,
        "var": 208.444015503
    },
    "spectral_rms": {
        "dmean": 0.00061927374918,
        "dmean2": 0.000790980411693,
        "dvar": 3.20000395959e-07,
        "dvar2": 5.94752748384e-07,
        "max": 0.00898719206452,
        "mean": 0.00484858546406,
        "median": 0.00486355181783,
        "min": 3.14967648317e-12,
        "stdev": 0.00118911638856,
        "var": 1.41399766562e-06
    },
    "spectral_rolloff": {
        "dmean": 270.167572021,
        "dmean2": 448.148712158,
        "dvar": 295725.84375,
        "dvar2": 580897.375,
        "max": 18884.6191406,
        "mean": 1290.82727051,
        "median": 1130.49316406,
        "min": 86.1328125,
        "stdev": 1120.26086426,
        "var": 1254984.375
    },
    "spectral_skewness": {
        "dmean": 0.715706288815,
        "dmean2": 1.25533330441,
        "dvar": 0.524035990238,
        "dvar2": 1.48214614391,
        "max": 9.24292945862,
        "mean": 1.72517061234,
        "median": 1.33531236649,
        "min": -0.0123155293986,
        "stdev": 1.1908069849,
        "var": 1.41802120209
    },
    "spectral_spread": {
        "dmean": 239157.484375,
        "dmean2": 387638.28125,
        "dvar": 536409571328,
        "dvar2": 682893246464,
        "max": 40921272,
        "mean": 2030042.25,
        "median": 2019875.5,
        "min": 704586.625,
        "stdev": 1464351.25,
        "var": 2.14432468173e+12
    },
    "spectral_strongpeak": {
        "dmean": 0.399977236986,
        "dmean2": 0.66765922308,
        "dvar": 0.592687010765,
        "dvar2": 1.57374882698,
        "max": 9.31730937958,
        "mean": 0.912546992302,
        "median": 0.708503961563,
        "min": 4.09745171126e-09,
        "stdev": 0.873913705349,
        "var": 0.763725161552
    },
    "zerocrossingrate": {
        "dmean": 0.00535927014425,
        "dmean2": 0.00656838947907,
        "dvar": 0.000129115884192,
        "dvar2": 0.0002515714732,
        "max": 0.51953125,
        "mean": 0.0377791896462,
        "median": 0.0361328125,
        "min": 0.00341796875,
        "stdev": 0.0253245010972,
        "var": 0.00064133037813
    },
    "barkbands": {
        "dmean": [3.18012575917e-06, 0.000763722753618, 0.00130743696354, 0.00209458125755, 0.00201034359634, 0.00140766403638, 0.000782392104156, 0.000233390252106, 0.000211126898648, 7.48330785427e-05, 5.27975498699e-05, 8.35876198835e-05, 0.000169832230313, 0.000151204934809, 0.000450718798675, 0.00046461110469, 0.000421640026616, 0.000478496745927, 9.64855353232e-05, 3.56782766175e-05, 2.91802898573e-05, 8.75243677001e-06, 8.61889645876e-07, 8.03844173447e-08, 6.89687595923e-08, 2.06766923583e-08, 1.70794345333e-09],
        "dmean2": [5.49605738343e-06, 0.00113737175707, 0.0021190950647, 0.00311845913529, 0.00276221218519, 0.00187261844985, 0.00099069729913, 0.00034940437763, 0.000313496653689, 0.000106688297819, 7.88424003986e-05, 0.000124549304019, 0.000256475497736, 0.000223720067879, 0.00068820558954, 0.000712023465894, 0.00063674361445, 0.00071865064092, 0.000143806348206, 5.34301761945e-05, 4.18136405642e-05, 1.25749247673e-05, 1.32018567456e-06, 1.17665905464e-07, 1.03027375076e-07, 3.24554676467e-08, 3.04915293015e-09],
        "dvar": [3.9973427346e-11, 1.47880984969e-06, 4.67110112368e-06, 9.96685957944e-06, 6.61271951685e-06, 3.64540119335e-06, 2.57260171566e-06, 1.94969345557e-07, 1.37246331633e-07, 1.54156651888e-08, 8.33561752955e-09, 2.58142343057e-08, 9.88943114066e-08, 5.03757142667e-08, 7.95413370724e-07, 5.45785155737e-07, 6.67231518037e-07, 6.0076496311e-07, 3.72340416277e-08, 4.27173452167e-09, 3.36999939066e-09, 3.7289443755e-10, 5.62638607579e-12, 4.59107273411e-14, 4.49266715681e-14, 5.81193731989e-15, 1.9773985808e-17],
        "dvar2": [1.12652810691e-10, 3.15944726026e-06, 1.26876011564e-05, 2.33314785874e-05, 1.39179082908e-05, 6.67203721605e-06, 4.41788006356e-06, 3.84193015179e-07, 2.87988143555e-07, 2.96976896408e-08, 1.80637229619e-08, 5.71452680731e-08, 1.9948745944e-07, 1.13935300305e-07, 1.92437914848e-06, 1.26596478367e-06, 1.36193057187e-06, 1.23664062812e-06, 7.57907656634e-08, 9.65582103163e-09, 6.52232623466e-09, 7.16464221284e-10, 1.2634217457e-11, 1.01240257768e-13, 1.03764429503e-13, 1.31962481578e-14, 5.46622025337e-17],
        "max": [0.000106309482362, 0.0207078531384, 0.02260325104, 0.0381589382887, 0.0364963561296, 0.0283804349601, 0.0418812222779, 0.00924113020301, 0.00611404655501, 0.00212528393604, 0.00145820493344, 0.00276526203379, 0.00601764256135, 0.00301887630485, 0.011766904965, 0.0120221432298, 0.0172696728259, 0.00973560661077, 0.00279057375155, 0.000797662534751, 0.000808713433798, 0.000338978687068, 5.23867565789e-05, 2.73842374554e-06, 3.60282501788e-06, 1.47455205024e-06, 9.41348616834e-08],
        "mean": [3.37789992955e-06, 0.00164252193645, 0.00239798193797, 0.00435554143041, 0.00555445812643, 0.00364485988393, 0.00209137308411, 0.000461852323497, 0.000456319830846, 0.000161131974892, 0.000100503471913, 0.000170101964613, 0.000346544431522, 0.000318823440466, 0.000855445163324, 0.000906343921088, 0.000806354859378, 0.000966603576671, 0.000173360211193, 6.2601378886e-05, 5.33142083441e-05, 1.49897587107e-05, 1.22587334772e-06, 1.19725271475e-07, 9.99848452921e-08, 2.46476492549e-08, 1.46230672016e-09],
        "median": [1.62992853348e-06, 0.000714439433068, 0.000719910953194, 0.00234527001157, 0.00424562068656, 0.0021071927622, 0.000731816457119, 0.000157471979037, 0.000205562799238, 7.6135074778e-05, 4.9588859838e-05, 7.12510518497e-05, 0.000130178930704, 0.000179649912752, 0.000345606182236, 0.000456142646726, 0.000416888011387, 0.000458931492176, 6.93278198014e-05, 2.54930455412e-05, 1.47689752339e-05, 3.46678802998e-06, 2.13333535726e-07, 2.51147866948e-08, 2.16499476124e-08, 3.08352543499e-09, 4.63749372237e-10],
        "min": [2.34268851327e-24, 3.43625664613e-23, 1.58222936165e-23, 6.5053080072e-23, 4.25260398964e-23, 1.74639573365e-23, 3.88112434066e-23, 3.90598860531e-23, 6.20710217672e-23, 2.10393305499e-23, 2.96417230373e-23, 6.59137904285e-23, 5.11797998505e-23, 7.86594286959e-23, 7.12482635071e-23, 6.37647944832e-23, 7.96815336827e-23, 1.36476836732e-22, 2.20553341709e-22, 2.89622392743e-22, 4.28266249314e-22, 3.99690375178e-22, 5.96307051694e-22, 6.65773108022e-22, 1.08746563426e-21, 1.50237759179e-21, 2.31065048324e-21],
        "stdev": [5.69486519453e-06, 0.00235624611378, 0.00344610656612, 0.00517946854234, 0.00515793915838, 0.00423951912671, 0.00369204790331, 0.000783817435149, 0.000632192066405, 0.000244070412009, 0.000150384832523, 0.000270782824373, 0.000556436018087, 0.000380739686079, 0.00134382187389, 0.00119399523828, 0.0011602693703, 0.00130048615392, 0.000285709829768, 9.50537651079e-05, 9.34416457312e-05, 2.95996615023e-05, 2.94500341624e-06, 2.84586548105e-07, 2.62841894028e-07, 8.76204993006e-08, 4.0576431104e-09],
        "var": [3.24314915201e-11, 5.55189581064e-06, 1.18756506708e-05, 2.68268959189e-05, 2.66043371084e-05, 1.79735216079e-05, 1.36312182804e-05, 6.14369810137e-07, 3.99666816975e-07, 5.95703681938e-08, 2.2615598283e-08, 7.33233420647e-08, 3.09621071892e-07, 1.44962697846e-07, 1.80585720955e-06, 1.4256245322e-06, 1.34622496262e-06, 1.69126417404e-06, 8.16301053419e-08, 9.03521790718e-09, 8.73134098356e-09, 8.76139993888e-10, 8.6730457885e-12, 8.09894957089e-14, 6.90858638743e-14, 7.67735162688e-15, 1.64644692644e-17]
    },
    "erbbands": {
        "dmean": [0.0119682671502, 0.209075465798, 1.06372880936, 4.46519708633, 7.00729560852, 6.44468355179, 15.068813324, 8.19280052185, 12.2134628296, 4.66404438019, 5.61234903336, 5.6102437973, 2.31142139435, 2.58824539185, 2.47119355202, 3.65345215797, 6.84161376953, 7.86670160294, 12.2090969086, 34.068321228, 14.4994354248, 24.6530132294, 25.8174343109, 13.8276433945, 2.01529288292, 1.9778072834, 0.998134374619, 1.27342259884, 0.380567848682, 0.130643889308, 0.0113877654076, 0.00247137411498, 0.00118694303092, 0.000881148618646, 0.000408362539019, 0.000141211145092, 2.88264418487e-05, 4.14987880504e-06, 3.2603722957e-06, 7.15005535312e-06],
        "dmean2": [0.0182514041662, 0.310982257128, 1.69901275635, 6.78587150574, 9.58214092255, 9.32451438904, 20.209651947, 11.4578056335, 15.5324745178, 6.05330991745, 8.24811553955, 8.27997207642, 3.35826444626, 3.60574817657, 3.64977645874, 5.41278886795, 10.2769012451, 11.2018508911, 18.3432216644, 52.4944725037, 22.0001373291, 37.2605018616, 38.878162384, 20.0766639709, 2.86027359962, 2.99107670784, 1.44356715679, 1.89497923851, 0.546903431416, 0.187967285514, 0.0165608283132, 0.00355649041012, 0.00175217562355, 0.0013543330133, 0.000606318935752, 0.000216004511458, 4.51407722721e-05, 6.55070653011e-06, 4.18889749199e-06, 9.23239531403e-06],
        "dvar": [0.000378462311346, 0.111618205905, 2.86486625671, 44.4398536682, 124.217308044, 82.887878418, 654.844482422, 176.571258545, 551.676513672, 75.6415863037, 125.994827271, 104.454048157, 16.2180747986, 21.6376991272, 15.9569921494, 48.893119812, 158.06022644, 135.409240723, 487.32723999, 4210.43310547, 536.222412109, 2500.36157227, 1704.93334961, 696.635864258, 12.4018106461, 13.4995927811, 3.31174755096, 7.12083816528, 0.73253852129, 0.100743830204, 0.000794490973931, 3.82594953408e-05, 1.17806876005e-05, 7.91343427409e-06, 1.40283577821e-06, 1.92302096025e-07, 1.85072739356e-08, 2.71902139692e-10, 1.03482517694e-11, 4.68620420246e-11],
        "dvar2": [0.000711482542101, 0.248671293259, 7.60226249695, 112.133666992, 222.753646851, 190.92880249, 1208.33520508, 349.082366943, 1009.96118164, 125.589263916, 244.392684937, 219.731872559, 33.6513175964, 38.3946304321, 35.5800285339, 107.383651733, 334.030944824, 289.085327148, 1124.90332031, 9997.46582031, 1203.10852051, 5319.22753906, 3645.60351562, 1317.76477051, 25.7379760742, 31.0858268738, 6.39106607437, 14.8934326172, 1.38691449165, 0.196197763085, 0.00160964636598, 8.03840957815e-05, 2.68094245257e-05, 1.87960085896e-05, 3.15788361149e-06, 4.38013501025e-07, 4.10081035795e-08, 6.96807112011e-10, 1.8070647409e-11, 8.57297913215e-11],
        "max": [0.44146451354, 5.29305791855, 20.3455810547, 69.0440444946, 193.639801025, 135.159851074, 460.193878174, 244.682189941, 597.287353516, 223.932174683, 255.929611206, 175.593109131, 102.804588318, 84.0996627808, 71.7640991211, 139.444381714, 271.87890625, 158.42364502, 310.552276611, 1090.14343262, 459.025665283, 1016.65753174, 480.753265381, 511.713012695, 49.4091491699, 43.8864440918, 24.0980167389, 33.0118408203, 16.2470626831, 5.68633794785, 0.54802942276, 0.0881249457598, 0.0551371723413, 0.0514438860118, 0.0182145312428, 0.00649650301784, 0.00357001554221, 0.000350284419255, 5.11759935762e-05, 9.50719841057e-05],
        "mean": [0.0256982706487, 0.470090925694, 2.26075577736, 9.74389266968, 16.1173591614, 16.8561439514, 38.2247848511, 20.6444587708, 33.5987243652, 13.207239151, 11.9658203125, 11.9308462143, 5.33121061325, 5.85385990143, 5.5341463089, 8.04181480408, 14.5548372269, 18.1523284912, 25.4892349243, 67.7004165649, 33.0402641296, 47.3983459473, 52.9103546143, 28.5835323334, 4.25916862488, 3.46123886108, 1.88635087013, 2.1442990303, 0.674375236034, 0.22043941915, 0.0188740231097, 0.00394207425416, 0.00179651693907, 0.00129500066396, 0.000598485814407, 0.000199975213036, 3.98879237764e-05, 6.47882689009e-06, 1.34626052386e-05, 2.9654649552e-05],
        "median": [0.0130049362779, 0.212841421366, 0.866034150124, 4.91335630417, 8.52166938782, 10.8901309967, 18.0085639954, 11.2928504944, 15.0245552063, 6.19509315491, 4.55190896988, 5.24735927582, 2.71821832657, 2.7509636879, 3.24403953552, 3.51010417938, 6.00453138351, 10.2348442078, 12.5679512024, 29.3919448853, 19.3944168091, 24.7709159851, 26.7323169708, 12.6017065048, 2.14742493629, 1.35934591293, 0.644013822079, 0.531046569347, 0.159748509526, 0.0420314520597, 0.00401000771672, 0.000916402670555, 0.000411218381487, 0.000296459125821, 0.00014201682643, 4.48991704616e-05, 1.194205106e-05, 2.84588577415e-06, 1.24459766084e-05, 2.77798135357e-05],
        "min": [1.03299530625e-21, 8.39983332796e-21, 2.11270959578e-20, 1.34164559453e-19, 1.04176418815e-19, 1.45642129892e-19, 1.05384677658e-19, 1.85564916482e-19, 5.0256283524e-19, 7.47205947498e-19, 8.78864511587e-19, 1.16896295626e-18, 1.10084215128e-18, 9.41841390535e-19, 1.47969769607e-18, 2.91827893222e-18, 2.49057072084e-18, 3.43892895043e-18, 4.0089027146e-18, 3.53995996327e-18, 5.57255283219e-18, 5.22631694806e-18, 7.88400234767e-18, 9.09441325648e-18, 1.31006367331e-17, 1.41450846053e-17, 1.74454955447e-17, 1.66314422885e-17, 1.31901343666e-17, 1.75809496788e-17, 1.58679975965e-17, 1.25323876405e-17, 1.13475622552e-17, 9.80611449243e-18, 8.631808363e-18, 5.2356930403e-18, 2.75734825571e-18, 1.18571284668e-18, 3.55822933277e-19, 3.2349162907e-20],
        "stdev": [0.0371348597109, 0.64599353075, 2.96997213364, 11.6680335999, 20.3440952301, 18.7574462891, 52.7993736267, 27.2089080811, 52.4278945923, 20.6344108582, 20.4938240051, 16.7486839294, 8.17066478729, 9.19281291962, 6.7601647377, 12.4309158325, 21.7206497192, 20.9368534088, 33.3117179871, 104.601608276, 40.8955841064, 67.8331451416, 68.1494827271, 44.635723114, 5.80789327621, 5.29767179489, 3.01104235649, 3.96665644646, 1.32103407383, 0.473168820143, 0.0404126644135, 0.00863648299128, 0.00442876433954, 0.00340801221319, 0.00150943070184, 0.000535783939995, 0.000149771061842, 1.660538328e-05, 6.66341429678e-06, 1.39978201332e-05],
        "var": [0.00137899781112, 0.417307645082, 8.82073402405, 136.143005371, 413.882232666, 351.841766357, 2787.77392578, 740.324707031, 2748.68432617, 425.778900146, 419.996826172, 280.5184021, 66.7597579956, 84.5078048706, 45.6998291016, 154.527679443, 471.786651611, 438.351806641, 1109.67053223, 10941.4960938, 1672.44885254, 4601.33544922, 4644.35205078, 1992.34777832, 33.7316246033, 28.0653266907, 9.0663766861, 15.7343635559, 1.74513101578, 0.223888739944, 0.00163318344858, 7.45888391975e-05, 1.96139535547e-05, 1.16145465654e-05, 2.27838108913e-06, 2.87064409576e-07, 2.24313723152e-08, 2.75738765154e-10, 4.44010904432e-11, 1.95938959502e-10]
    },
    "gfcc": {
        "mean": [-90.9420471191, 195.271133423, -165.494232178, 37.4061813354, -14.6617546082, -41.1031188965, -29.2551555634, -21.5094490051, -7.10862779617, -10.5330247879, -13.7180662155, -6.26771736145, -1.38992381096],
        "cov": [[5530.97802734, -1295.27307129, -1626.75830078, 685.281311035, -943.419494629, -25.9682502747, -243.501678467, -86.8711547852, -37.5741882324, 100.947364807, -85.756111145, 104.677070618, -55.8641929626], [-1295.27307129, 1390.27697754, 938.873413086, -384.178710938, 608.751953125, -31.9141139984, 150.300750732, -53.9203681946, 19.5789985657, -96.1613769531, -0.350676268339, -73.8957977295, 2.45256280899], [-1626.75830078, 938.873413086, 1110.88977051, -237.080444336, 533.74786377, 130.808334351, 121.176757812, 35.6146812439, -19.3773097992, -65.2123413086, -23.4761238098, -76.0111312866, -13.1947975159], [685.281311035, -384.178710938, -237.080444336, 266.573486328, -153.65284729, 36.2802467346, -20.380109787, 23.1880168915, -7.33334636688, 8.82969093323, -22.0126018524, -1.46073973179, -23.6664199829], [-943.419494629, 608.751953125, 533.74786377, -153.65284729, 406.335754395, 45.3601951599, 72.61302948, -3.85400128365, -10.2536487579, -57.3896446228, -19.782251358, -46.3792037964, -3.60096764565], [-25.9682502747, -31.9141139984, 130.808334351, 36.2802467346, 45.3601951599, 192.147994995, 41.7646980286, 30.3208312988, -4.56789112091, 6.22645711899, -21.7294940948, 7.019323349, 27.1834259033], [-243.501678467, 150.300750732, 121.176757812, -20.380109787, 72.61302948, 41.7646980286, 99.071144104, 37.5854530334, 23.4364852905, -8.57955360413, 5.45464611053, -0.136481121182, 12.4275836945], [-86.8711547852, -53.9203681946, 35.6146812439, 23.1880168915, -3.85400128365, 30.3208312988, 37.5854530334, 107.187530518, 27.2757453918, 18.6990356445, 8.33766078949, -4.44263315201, -5.83902215958], [-37.5741882324, 19.5789985657, -19.3773097992, -7.33334636688, -10.2536487579, -4.56789112091, 23.4364852905, 27.2757453918, 76.0597457886, 43.3855743408, 31.2201004028, 18.0593757629, 9.50961112976], [100.947364807, -96.1613769531, -65.2123413086, 8.82969093323, -57.3896446228, 6.22645711899, -8.57955360413, 18.6990356445, 43.3855743408, 86.3258285522, 52.0269203186, 32.1424636841, 5.38242197037], [-85.756111145, -0.350676268339, -23.4761238098, -22.0126018524, -19.782251358, -21.7294940948, 5.45464611053, 8.33766078949, 31.2201004028, 52.0269203186, 95.556892395, 50.8400039673, 14.0297679901], [104.677070618, -73.8957977295, -76.0111312866, -1.46073973179, -46.3792037964, 7.019323349, -0.136481121182, -4.44263315201, 18.0593757629, 32.1424636841, 50.8400039673, 89.8491439819, 50.1549758911], [-55.8641929626, 2.45256280899, -13.1947975159, -23.6664199829, -3.60096764565, 27.1834259033, 12.4275836945, -5.83902215958, 9.50961112976, 5.38242197037, 14.0297679901, 50.1549758911, 87.6207351685]],
        "icov": [[0.00113911274821, -0.00295905466191, 0.00216240179725, -0.00275450618938, 0.00255966978148, -0.00196999893524, 0.00251224520616, -0.00130463531241, 0.00206182710826, -0.00203648628667, 0.00253974599764, -0.00260574533604, 0.00165005249437], [-0.00295905466191, 0.0127596659586, -0.00777470739558, 0.00950579717755, -0.0098029403016, 0.00774767529219, -0.0103568788618, 0.007194602862, -0.00842339918017, 0.00711633823812, -0.00740677025169, 0.00816360302269, -0.00471503101289], [0.00216240179725, -0.00777470739558, 0.0079676322639, -0.005182383582, 0.00301853357814, -0.00625151814893, 0.00602036109194, -0.00495962891728, 0.00605241861194, -0.00476998463273, 0.00449793739244, -0.00465427571908, 0.00385558302514], [-0.00275450618938, 0.00950579717755, -0.005182383582, 0.0138732604682, -0.00634614937007, 0.00371339754201, -0.00778789585456, 0.00375296617858, -0.00613611843437, 0.00658248085529, -0.00564680341631, 0.00647254940122, -0.00165284506511], [0.00255966978148, -0.0098029403016, 0.00301853357814, -0.00634614937007, 0.0156200248748, -0.00614141719416, 0.00642316555604, -0.00372059294023, 0.00520644662902, -0.0028553311713, 0.00560881942511, -0.00564518896863, 0.00397872272879], [-0.00196999893524, 0.00774767529219, -0.00625151814893, 0.00371339754201, -0.00614141719416, 0.01333952602, -0.009301552549, 0.00334246573038, -0.00223285518587, -0.000398720119847, -0.000502355105709, 0.00358217628673, -0.00596333295107], [0.00251224520616, -0.0103568788618, 0.00602036109194, -0.00778789585456, 0.00642316555604, -0.009301552549, 0.02559261024, -0.010165469721, 0.000221580761718, 0.000842782959808, 0.00306123122573, -0.00647140899673, 0.00267539266497], [-0.00130463531241, 0.007194602862, -0.00495962891728, 0.00375296617858, -0.00372059294023, 0.00334246573038, -0.010165469721, 0.0172304771841, -0.00748784933239, 0.002052587457, -0.00393383856863, 0.00568015314639, -0.00130110909231], [0.00206182710826, -0.00842339918017, 0.00605241861194, -0.00613611843437, 0.00520644662902, -0.00223285518587, 0.000221580761718, -0.00748784933239, 0.0292486641556, -0.0176063515246, 0.00581230316311, -0.00537543091923, 0.00123409018852], [-0.00203648628667, 0.00711633823812, -0.00476998463273, 0.00658248085529, -0.0028553311713, -0.000398720119847, 0.000842782959808, 0.002052587457, -0.0176063515246, 0.0326693989336, -0.0167405735701, 0.00451131910086, -0.000412195164245], [0.00253974599764, -0.00740677025169, 0.00449793739244, -0.00564680341631, 0.00560881942511, -0.000502355105709, 0.00306123122573, -0.00393383856863, 0.00581230316311, -0.0167405735701, 0.0297532957047, -0.0184333734214, 0.00685364380479], [-0.00260574533604, 0.00816360302269, -0.00465427571908, 0.00647254940122, -0.00564518896863, 0.00358217628673, -0.00647140899673, 0.00568015314639, -0.00537543091923, 0.00451131910086, -0.0184333734214, 0.0333582647145, -0.0167262200266], [0.00165005249437, -0.00471503101289, 0.00385558302514, -0.00165284506511, 0.00397872272879, -0.00596333295107, 0.00267539266497, -0.00130110909231, 0.00123409018852, -0.000412195164245, 0.00685364380479, -0.0167262200266, 0.022646645084]]
    },
    "melbands": {
        "dmean": [0.000163411546964, 0.000452294043498, 0.000812753860373, 0.000428291561548, 0.000449346756795, 0.000193433457753, 0.000186299148481, 4.53662942164e-05, 4.36154405179e-05, 3.42853600159e-05, 1.11530107461e-05, 1.09313577923e-05, 8.26586983749e-06, 1.01115274447e-05, 1.34210959004e-05, 1.46024594869e-05, 1.60633135238e-05, 1.6820302335e-05, 4.2109619244e-05, 4.25233556598e-05, 1.5848525436e-05, 2.5064280635e-05, 2.81373577309e-05, 2.52914105658e-05, 1.05946483018e-05, 1.79026301339e-06, 1.0590920283e-06, 1.46097136167e-06, 5.96444976964e-07, 7.5623330531e-07, 7.18159640201e-07, 2.19648470079e-07, 1.38224180546e-07, 4.82469353358e-08, 5.47166578713e-09, 2.06519557011e-09, 1.21835130873e-09, 8.91870743924e-10, 7.97497234917e-10, 7.47042427918e-10],
        "dmean2": [0.000243213275098, 0.000712555076461, 0.00119307893328, 0.000585871050134, 0.000617058482021, 0.000265509093879, 0.000235449770116, 6.10888600932e-05, 6.33359668427e-05, 5.10697973368e-05, 1.64018128999e-05, 1.52929969772e-05, 1.23399704535e-05, 1.52130778588e-05, 2.08766523428e-05, 2.0927431251e-05, 2.32736001635e-05, 2.56696748693e-05, 6.46662228974e-05, 6.54750474496e-05, 2.43598788074e-05, 3.85362145607e-05, 4.23202836828e-05, 3.8238169509e-05, 1.56460373546e-05, 2.6959708066e-06, 1.55916302447e-06, 2.24735072152e-06, 8.92304910849e-07, 1.12153611553e-06, 1.08983442715e-06, 3.2442088127e-07, 2.0315756899e-07, 7.128702606e-08, 8.54445669773e-09, 3.24560045506e-09, 1.80961434726e-09, 1.3821960243e-09, 1.24290611137e-09, 1.1563000557e-09],
        "dvar": [6.76153106838e-08, 4.74391839589e-07, 1.30412820454e-06, 3.46122988049e-07, 5.20531614256e-07, 8.08121853879e-08, 1.32050715251e-07, 5.82904702284e-09, 7.34391214507e-09, 4.18038226258e-09, 3.88409776564e-10, 4.02318761639e-10, 1.88600884909e-10, 3.88376497629e-10, 7.63094254452e-10, 7.51983475489e-10, 6.05449634872e-10, 9.53083612032e-10, 6.3579728149e-09, 5.65194513413e-09, 7.26866122847e-10, 2.39246467082e-09, 2.54302623404e-09, 1.87485627023e-09, 4.7756953947e-10, 1.0194115517e-11, 4.3221246894e-12, 7.31753026229e-12, 1.23159566313e-12, 2.31939532684e-12, 2.35073570852e-12, 2.34671006585e-13, 1.16722915513e-13, 1.55758855792e-14, 1.97208778348e-16, 3.65119937748e-17, 1.03018620315e-17, 6.77570978061e-18, 6.73272244495e-18, 5.73893483573e-18],
        "dvar2": [1.29272279992e-07, 1.25176427446e-06, 2.99268367598e-06, 6.57085536204e-07, 1.01270757114e-06, 1.556696958e-07, 2.33934102312e-07, 9.92779725095e-09, 1.39523921305e-08, 8.78252581771e-09, 8.20158330139e-10, 7.07914893372e-10, 4.18736323393e-10, 8.53142945179e-10, 1.81526882415e-09, 1.33151334403e-09, 1.31878952203e-09, 2.291431489e-09, 1.51587382646e-08, 1.32515163287e-08, 1.58002144701e-09, 5.21885379356e-09, 5.3084674434e-09, 3.84235621098e-09, 9.115004862e-10, 2.30819790364e-11, 9.81359524893e-12, 1.72864743353e-11, 2.55234700562e-12, 4.90031105971e-12, 5.05461080977e-12, 4.59261968733e-13, 2.43584124225e-13, 3.28011171013e-14, 4.59908661871e-16, 9.17208303445e-17, 2.3013317731e-17, 1.61429077644e-17, 1.64808573667e-17, 1.38368192064e-17],
        "max": [0.00535034108907, 0.00735137658194, 0.0130009045824, 0.0089002866298, 0.0129286395386, 0.00550252851099, 0.00943278241903, 0.00193657155614, 0.00201485306025, 0.00116818246897, 0.000498157169204, 0.000365722808056, 0.000227314027143, 0.000318351871101, 0.000601413717959, 0.000562243629247, 0.000352618953912, 0.000545672955923, 0.000995310023427, 0.00122071686201, 0.00045558589045, 0.000883364351466, 0.000784532167017, 0.000716726062819, 0.000436845875811, 4.1789982788e-05, 3.1078907341e-05, 3.04717359541e-05, 1.51318272401e-05, 1.8678007109e-05, 1.95796128537e-05, 9.36747164815e-06, 6.92074036124e-06, 2.31181797972e-06, 2.28435737881e-07, 9.69817719465e-08, 4.18754879661e-08, 3.45934658696e-08, 4.96713852272e-08, 4.52103847692e-08],
        "mean": [0.00036191905383, 0.00107478525024, 0.0018812995404, 0.00113402807619, 0.00117824075278, 0.000496779335663, 0.000513686682098, 0.000124831305584, 9.45664214669e-05, 7.14056805009e-05, 2.45382288995e-05, 2.37150034081e-05, 1.68109199876e-05, 2.06568111025e-05, 2.60187298409e-05, 3.17324374919e-05, 3.42874482158e-05, 3.18220445479e-05, 7.95999076217e-05, 8.02328358986e-05, 3.10585346597e-05, 4.52297317679e-05, 5.0872524298e-05, 4.97882865602e-05, 2.04037769436e-05, 3.25598989548e-06, 1.85967576272e-06, 2.38972370425e-06, 1.06024845081e-06, 1.30127432385e-06, 1.15329964956e-06, 3.667316264e-07, 2.26950092497e-07, 7.54084936716e-08, 7.19437887042e-09, 2.71739741819e-09, 1.76125058982e-09, 1.2079665046e-09, 1.12576870048e-09, 1.02002362112e-09],
        "median": [0.000164291253895, 0.000475830631331, 0.00123787694611, 0.000713571964297, 0.000653700961266, 0.00028138566995, 0.000222761329496, 6.59500001348e-05, 3.74271912733e-05, 3.02369626297e-05, 1.17346680781e-05, 1.02588928712e-05, 9.04135322344e-06, 9.05494471226e-06, 9.32299735723e-06, 1.32100030896e-05, 1.7866401322e-05, 1.5562538465e-05, 3.26632871293e-05, 3.5747201764e-05, 1.55969610205e-05, 2.24349932978e-05, 2.52300469583e-05, 2.15128166019e-05, 8.29436521599e-06, 1.50478547312e-06, 7.23153561921e-07, 8.99478322935e-07, 3.68712051113e-07, 3.34494245635e-07, 2.6975902756e-07, 8.44006819989e-08, 4.3341721323e-08, 1.29668613624e-08, 1.24432875115e-09, 5.57615731367e-10, 3.57595786316e-10, 2.26818688831e-10, 2.31001107132e-10, 2.09427586384e-10],
        "min": [9.34180522446e-24, 1.33829116611e-23, 2.17957534947e-23, 8.0243901578e-24, 4.2295341469e-24, 3.88465638648e-24, 7.73288869838e-24, 8.71122531557e-24, 6.4280461024e-24, 7.47229086492e-24, 5.50445800976e-24, 3.50652853334e-24, 4.58302942384e-24, 4.98921350951e-24, 5.64918479801e-24, 5.51361352942e-24, 6.51901083667e-24, 6.49629479804e-24, 4.65998122743e-24, 4.65795306604e-24, 7.24190403755e-24, 5.30050393917e-24, 5.15696517544e-24, 7.13259079306e-24, 6.83458123117e-24, 9.05823970575e-24, 7.56935941045e-24, 1.00011201807e-23, 1.14467117338e-23, 9.25392138645e-24, 9.20651242377e-24, 6.69771149753e-24, 8.963820944e-24, 9.97818404987e-24, 8.626668104e-24, 7.4657314865e-24, 7.8777109388e-24, 8.40534765501e-24, 6.51026907455e-24, 9.30315261782e-24],
        "stdev": [0.000520262576174, 0.00128719524946, 0.00199402612634, 0.00118257827125, 0.00148426613305, 0.000621375103947, 0.000828274874948, 0.000179791168193, 0.000161456628121, 0.000106940016849, 3.96669165639e-05, 3.98039555876e-05, 2.24319646804e-05, 3.34598626068e-05, 4.40493167844e-05, 5.46379560546e-05, 4.22849880124e-05, 4.31266889791e-05, 0.00012033386156, 0.000120581607916, 4.6220200602e-05, 6.50412766845e-05, 7.39530732972e-05, 7.38584494684e-05, 3.52201168425e-05, 4.68941152576e-06, 2.9248278679e-06, 3.73773173123e-06, 1.70653288478e-06, 2.30623140851e-06, 2.19485968955e-06, 7.24756148429e-07, 4.85729287902e-07, 1.71928220993e-07, 1.73047887131e-08, 6.79191725084e-09, 4.18714485306e-09, 3.1430871239e-09, 3.06959524465e-09, 2.82327983214e-09],
        "var": [2.70673126579e-07, 1.65687151821e-06, 3.97614030589e-06, 1.3984912357e-06, 2.20304605136e-06, 3.86107018358e-07, 6.86039300035e-07, 3.23248627865e-08, 2.60682408992e-08, 1.14361675685e-08, 1.57346435881e-09, 1.58435486952e-09, 5.03193042789e-10, 1.11956233173e-09, 1.94034233125e-09, 2.98530622445e-09, 1.78802028739e-09, 1.85991144708e-09, 1.44802374535e-08, 1.45399248197e-08, 2.13630690915e-09, 4.23036761177e-09, 5.46905720711e-09, 5.45507017335e-09, 1.24045651528e-09, 2.19905794963e-11, 8.55461795152e-12, 1.39706380145e-11, 2.91225463883e-12, 5.31870381071e-12, 4.81740905847e-12, 5.2527150381e-13, 2.35932963704e-13, 2.9559311948e-14, 2.99455740068e-16, 4.61301422264e-17, 1.75321824186e-17, 9.87899654902e-18, 9.42241518477e-18, 7.97090925155e-18]
    },
    "melbands128": {
