{
"lowlevel": {
    "average_loudness": 0.895740389824,
    "barkbands_crest": {
        "dmean": 2.50111079216,
        "dmean2": 3.99087285995,
        "dvar": 5.77721214294,
        "dvar2": 13.7721624374,
        "max": 25.1303977966,
        "mean": 12.5315656662,
        "median": 12.0590295792,
        "min": 2.67668771744,
        "stdev": 4.66116714478,
        "var": 21.7264785767
    },
    "barkbands_flatness_db": {
        "dmean": 0.0297127906233,
        "dmean2": 0.0408126674592,
        "dvar": 0.000962614722084,
        "dvar2": 0.00180047773756,
        "max": 0.484685510397,
        "mean": 0.223613470793,
        "median": 0.220995351672,
        "min": 0.0282095316797,
        "stdev": 0.0705599933863,
        "var": 0.00497871264815
    },
    "barkbands_kurtosis": {
        "dmean": 10.7781553268,
        "dmean2": 15.8162879944,
        "dvar": 424.179626465,
        "dvar2": 902.520690918,
        "max": 502.748504639,
        "mean": 18.9990463257,
        "median": 9.03044605255,
        "min": -1.66750359535,
        "stdev": 30.5698165894,
        "var": 934.51373291
    },
    "barkbands_skewness": {
        "dmean": 0.915868520737,
        "dmean2": 1.30924022198,
        "dvar": 1.14870882034,
        "dvar2": 2.36989784241,
        "max": 19.3055553436,
        "mean": 2.82952618599,
        "median": 2.49004197121,
        "min": -2.39679718018,
        "stdev": 2.13459134102,
        "var": 4.55648040771
    },
    "barkbands_spread": {
        "dmean": 3.87767672539,
        "dmean2": 5.68535470963,
        "dvar": 45.799243927,
        "dvar2": 95.2289505005,
        "max": 87.5649337769,
        "mean": 10.3505163193,
        "median": 6.95060110092,
        "min": 0.428112328053,
        "stdev": 10.4149827957,
        "var": 108.471862793
    },
    "dissonance": {
        "dmean": 0.028606088832,
        "dmean2": 0.0471266210079,
        "dvar": 0.000786013144534,
        "dvar2": 0.00211500003934,
        "max": 0.499520361423,
        "mean": 0.436551511288,
        "median": 0.445843368769,
        "min": 0.215754508972,
        "stdev": 0.042532492429,
        "var": 0.00180901295971
    },
    "dynamic_complexity": 2.80197358131,
    "erbbands_crest": {
        "dmean": 2.84875464439,
        "dmean2": 4.5193901062,
        "dvar": 7.18489170074,
        "dvar2": 17.0821228027,
        "max": 29.2310466766,
        "mean": 10.6954345703,
        "median": 9.6267118454,
        "min": 2.30115103722,
        "stdev": 4.38992834091,
        "var": 19.2714729309
    },
    "erbbands_flatness_db": {
        "dmean": 0.0218592900783,
        "dmean2": 0.0281018745154,
        "dvar": 0.000427454011515,
        "dvar2": 0.00075696624117,
        "max": 0.344449698925,
        "mean": 0.189500927925,
        "median": 0.192926496267,
        "min": 0.0570436306298,
        "stdev": 0.0464424006641,
        "var": 0.00215689651668
    },
    "erbbands_kurtosis": {
        "dmean": 1.73275184631,
        "dmean2": 2.65125393867,
        "dvar": 7.60900354385,
        "dvar2": 17.5273017883,
        "max": 31.5158042908,
        "mean": 1.91761744022,
        "median": 0.684195518494,
        "min": -1.85858798027,
        "stdev": 3.89298295975,
        "var": 15.1553163528
    },
    "erbbands_skewness": {
        "dmean": 0.476581513882,
        "dmean2": 0.693460643291,
        "dvar": 0.245702162385,
        "dvar2": 0.511068999767,
        "max": 5.00055837631,
        "mean": 0.753080189228,
        "median": 0.723756670952,
        "min": -1.84436631203,
        "stdev": 1.06053221226,
        "var": 1.12472856045
    },
    "erbbands_spread": {
        "dmean": 8.88300704956,
        "dmean2": 12.9771614075,
        "dvar": 154.699691772,
        "dvar2": 324.454315186,
        "max": 156.227111816,
        "mean": 32.4217376709,
        "median": 27.5633907318,
        "min": 2.01277780533,
        "stdev": 20.7207870483,
        "var": 429.350982666
    },
    "hfc": {
        "dmean": 5.08510255814,
        "dmean2": 7.05791902542,
        "dvar": 60.9157180786,
        "dvar2": 121.909286499,
        "max": 107.468307495,
        "mean": 12.7447805405,
        "median": 8.59311771393,
        "min": 0.188304200768,
        "stdev": 12.3673744202,
        "var": 152.951950073
    },
    "loudness_ebu128": {
        "integrated": -17.9617958069,
        "loudness_range": 3.2834148407,
        "momentary": {
            "dmean": 1.08691442013,
            "dmean2": 1.54414772987,
            "dvar": 0.95856654644,
            "dvar2": 1.51410531998,
            "max": -13.1899366379,
            "mean": -18.5134525299,
            "median": -18.4739379883,
            "min": -24.7534828186,
            "stdev": 2.22148823738,
            "var": 4.9350104332
        },
        "short_term": {
            "dmean": 0.116181835532,
            "dmean2": 0.148353248835,
            "dvar": 0.0125942388549,
            "dvar2": 0.0169059373438,
            "max": -15.6837511063,
            "mean": -18.0181732178,
            "median": -18.2047958374,
            "min": -20.5242271423,
            "stdev": 1.07607698441,
            "var": 1.15794157982
        }
    },
    "melbands_crest": {
        "dmean": 2.92664647102,
        "dmean2": 4.55561733246,
        "dvar": 8.82015037537,
        "dvar2": 19.6576137543,
        "max": 31.2605781555,
        "mean": 17.2575111389,
        "median": 16.869140625,
        "min": 3.38127493858,
        "stdev": 5.99437189102,
        "var": 35.9324951172
    },
    "melbands_flatness_db": {
        "dmean": 0.0349504761398,
        "dmean2": 0.0472205542028,
        "dvar": 0.00141389889177,
        "dvar2": 0.00256741046906,
        "max": 0.604650616646,
        "mean": 0.315059810877,
        "median": 0.312861800194,
        "min": 0.0253705400974,
        "stdev": 0.0911706909537,
        "var": 0.00831209495664
    },
    "melbands_kurtosis": {
        "dmean": 20.3874015808,
        "dmean2": 30.7327156067,
        "dvar": 1892.54272461,
        "dvar2": 4325.58398438,
        "max": 588.162597656,
        "mean": 35.9002723694,
        "median": 16.8974914551,
        "min": -1.64681601524,
        "stdev": 60.2903404236,
        "var": 3634.92529297
    },
    "melbands_skewness": {
        "dmean": 1.103110075,
        "dmean2": 1.58616256714,
        "dvar": 1.95450818539,
        "dvar2": 4.0895190239,
        "max": 19.6071338654,
        "mean": 3.68888068199,
        "median": 3.13744568825,
        "min": -1.66919505596,
        "stdev": 2.58174610138,
        "var": 6.66541242599
    },
    "melbands_spread": {
        "dmean": 4.05635595322,
        "dmean2": 6.05142116547,
        "dvar": 69.4033432007,
        "dvar2": 127.620620728,
        "max": 205.390090942,
        "mean": 11.0304365158,
        "median": 6.35540723801,
        "min": 0.367967516184,
        "stdev": 13.7440757751,
        "var": 188.899612427
    },
    "pitch_salience": {
        "dmean": 0.0797645896673,
        "dmean2": 0.125839039683,
        "dvar": 0.00569247687235,
        "dvar2": 0.0125903375447,
        "max": 0.80510866642,
        "mean": 0.4573122859,
        "median": 0.467933624983,
        "min": 0.0692818462849,
        "stdev": 0.151061832905,
        "var": 0.0228196792305
    },
    "silence_rate_20dB": {
        "dmean": 0.0030959751457,
        "dmean2": 0.00619514705613,
        "dvar": 0.00308635993861,
        "dvar2": 0.00822167098522,
        "max": 1,
        "mean": 0.997937083244,
        "median": 1,
        "min": 0,
        "stdev": 0.0453727208078,
        "var": 0.00205868389457
    },
    "silence_rate_30dB": {
        "dmean": 0.071207433939,
        "dmean2": 0.142488390207,
        "dvar": 0.0661380365491,
        "dvar2": 0.136642754078,
        "max": 1,
        "mean": 0.891180992126,
        "median": 1,
        "min": 0,
        "stdev": 0.311411201954,
        "var": 0.0969769284129
    },
    "silence_rate_60dB": {
        "dmean": 0.0159958712757,
        "dmean2": 0.0320082604885,
        "dvar": 0.0157398879528,
        "dvar2": 0.0382115207613,
        "max": 1,
        "mean": 0.0237235687673,
        "median": 0,
        "min": 0,
        "stdev": 0.152187108994,
        "var": 0.0231609158218
    },
    "spectral_centroid": {
        "dmean": 159.812850952,
        "dmean2": 230.474853516,
        "dvar": 62218.4882812,
        "dvar2": 112276.765625,
        "max": 4584.00292969,
        "mean": 642.618408203,
        "median": 471.819122314,
        "min": 118.894142151,
        "stdev": 467.805847168,
        "var": 218842.296875
    },
    "spectral_complexity": {
        "dmean": 2.39628481865,
        "dmean2": 3.45534324646,
        "dvar": 7.75003862381,
        "dvar2": 14.3109741211,
        "max": 38,
        "mean": 11.6714801788,
        "median": 11,
        "min": 1,
        "stdev": 6.0651268959,
        "var": 36.7857666016
    },
    "spectral_decrease": {
        "dmean": 5.22812459991e-09,
        "dmean2": 7.30793825454e-09,
        "dvar": 9.53001930563e-17,
        "dvar2": 1.99324494597e-16,
        "max": -6.83183301597e-11,
        "mean": -1.15284253255e-08,
        "median": -6.28799945446e-09,
        "min": -1.15247352994e-07,
        "stdev": 1.42574734241e-08,
        "var": 2.03275559189e-16
    },
    "spectral_energy": {
        "dmean": 0.0200993772596,
        "dmean2": 0.0280733630061,
        "dvar": 0.00139072421007,
        "dvar2": 0.00290558277629,
        "max": 0.441705882549,
        "mean": 0.0446668677032,
        "median": 0.024958409369,
        "min": 0.00027894275263,
        "stdev": 0.0545272156596,
        "var": 0.00297321728431
    },
    "spectral_energyband_high": {
        "dmean": 0.000173368141986,
        "dmean2": 0.000245802453719,
        "dvar": 2.37934841607e-07,
        "dvar2": 5.00626128996e-07,
        "max": 0.0061708567664,
        "mean": 0.000200557537028,
        "median": 4.19476964453e-05,
        "min": 2.65606018957e-07,
        "stdev": 0.00056210171897,
        "var": 3.15958317287e-07
    },
    "spectral_energyband_low": {
        "dmean": 0.0171894319355,
        "dmean2": 0.0243274290115,
        "dvar": 0.00127687468193,
        "dvar2": 0.00270242546685,
        "max": 0.428756833076,
        "mean": 0.0325351282954,
        "median": 0.0126871457323,
        "min": 1.5419036572e-05,
        "stdev": 0.0510615333915,
        "var": 0.00260728015564
    },
    "spectral_energyband_middle_high": {
        "dmean": 0.00127544964198,
        "dmean2": 0.00176935840864,
        "dvar": 7.0530973062e-06,
        "dvar2": 1.36018161356e-05,
        "max": 0.0648155212402,
        "mean": 0.00319779012352,
        "median": 0.00107455754187,
        "min": 1.25518236018e-05,
        "stdev": 0.00529706291854,
        "var": 2.80588774331e-05
    },
    "spectral_energyband_middle_low": {
        "dmean": 0.00627744616941,
        "dmean2": 0.00927845668048,
        "dvar": 0.000132905595819,
        "dvar2": 0.00028696883237,
        "max": 0.177743956447,
        "mean": 0.013663943857,
        "median": 0.00853251572698,
        "min": 0.00015320944658,
        "stdev": 0.0167539380491,
        "var": 0.000280694424873
    },
    "spectral_entropy": {
        "dmean": 0.254150867462,
        "dmean2": 0.346662223339,
        "dvar": 0.0721299797297,
        "dvar2": 0.13579249382,
        "max": 8.58047580719,
        "mean": 6.83687448502,
        "median": 6.84672260284,
        "min": 4.7734541893,
        "stdev": 0.573324978352,
        "var": 0.328701555729
    },
    "spectral_flux": {
        "dmean": 0.0382369533181,
        "dmean2": 0.0605694018304,
        "dvar": 0.0029691956006,
        "dvar2": 0.0067917406559,
        "max": 0.566539227962,
        "mean": 0.0874575600028,
        "median": 0.067210547626,
        "min": 0.00889283884317,
        "stdev": 0.0683207958937,
        "var": 0.00466773100197
    },
    "spectral_kurtosis": {
        "dmean": 3.87107992172,
        "dmean2": 6.02167463303,
        "dvar": 20.2990779877,
        "dvar2": 47.8276634216,
        "max": 63.7620315552,
        "mean": 10.6735715866,
        "median": 8.66678237915,
        "min": -0.863240480423,
        "stdev": 8.01387691498,
        "var": 64.2222290039
    },
    "spectral_rms": {
        "dmean": 0.00130808388349,
        "dmean2": 0.00175526167732,
        "dvar": 3.16121827382e-06,
        "dvar2": 5.96249856244e-06,
        "max": 0.0207589156926,
        "mean": 0.00576217379421,
        "median": 0.00493453815579,
        "min": 0.000521669688169,
        "stdev": 0.00322099495679,
        "var": 1.03748079709e-05
    },
    "spectral_rolloff": {
        "dmean": 278.69833374,
        "dmean2": 464.617248535,
        "dvar": 715265.25,
        "dvar2": 1672539.5,
        "max": 10465.1367188,
        "mean": 692.782714844,
        "median": 387.59765625,
        "min": 86.1328125,
        "stdev": 1014.04125977,
        "var": 1028279.6875
    },
    "spectral_skewness": {
        "dmean": 0.404384672642,
        "dmean2": 0.595559179783,
        "dvar": 0.159365072846,
        "dvar2": 0.330820590258,
        "max": 6.04154157639,
        "mean": 2.5182056427,
        "median": 2.41036844254,
        "min": 0.194567888975,
        "stdev": 0.870984971523,
        "var": 0.758614838123
    },
    "spectral_spread": {
        "dmean": 757418.6875,
        "dmean2": 979135.1875,
        "dvar": 891237498880,
        "dvar2": 1.39787855462e+12,
        "max": 11205257,
        "mean": 3974178.75,
        "median": 3444766,
        "min": 1065942.25,
        "stdev": 1807729.5,
        "var": 3.26788579328e+12
    },
    "spectral_strongpeak": {
        "dmean": 0.379615962505,
        "dmean2": 0.593047618866,
        "dvar": 0.382483482361,
        "dvar2": 0.854096293449,
        "max": 8.53280735016,
        "mean": 0.882152378559,
        "median": 0.59204941988,
        "min": 0.0209297481924,
        "stdev": 0.957329034805,
        "var": 0.916478931904
    },
    "zerocrossingrate": {
        "dmean": 0.00790219474584,
        "dmean2": 0.00867008045316,
        "dvar": 0.000168968414073,
        "dvar2": 0.00019258906832,
        "max": 0.3251953125,
        "mean": 0.0291543435305,
        "median": 0.02197265625,
        "min": 0.00244140625,
        "stdev": 0.0264139920473,
        "var": 0.000697698967997
    },
    "barkbands": {
        "dmean": [0.00039119538269, 0.00779481232166, 0.0080424034968, 0.00406013103202, 0.00147227174602, 0.000801025365945, 0.000867653405294, 0.000373978953576, 0.00073506985791, 0.000513151579071, 0.000243653965299, 0.000224441246246, 0.000269437237876, 0.000278384773992, 0.000144889650983, 0.000107464307803, 0.000113091249659, 4.48380196758e-05, 3.51341295755e-05, 2.99600815197e-05, 2.16657772398e-05, 2.61919722107e-05, 2.0787025278e-05, 3.16874939017e-05, 4.67088975711e-05, 2.52865484072e-05, 1.72751890659e-06],
        "dmean2": [0.00063758995384, 0.0113150430843, 0.0121520301327, 0.00632578227669, 0.00240717828274, 0.0012436164543, 0.00129893014673, 0.000580405525398, 0.00110736535862, 0.000754450680688, 0.000374793860829, 0.00034874965786, 0.000401190802222, 0.000408444640925, 0.000213738720049, 0.000155637244461, 0.000163571428857, 6.87608626322e-05, 5.22335431015e-05, 4.49626531918e-05, 3.12546071655e-05, 3.78564582206e-05, 3.04509994749e-05, 4.49386170658e-05, 7.14036505087e-05, 3.95013703383e-05, 2.86491513179e-06],
        "dvar": [2.29503439186e-06, 0.000351247639628, 0.000381686346373, 9.95148220682e-05, 6.8024050961e-06, 2.34604931393e-06, 3.1402616969e-06, 1.04384832866e-06, 7.59361319069e-06, 3.80263327315e-06, 8.09449090866e-07, 4.66164124191e-07, 6.2501260345e-07, 6.00780026616e-07, 1.76362917159e-07, 5.96371450001e-08, 4.95754015617e-08, 1.45350522729e-08, 8.15919509733e-09, 5.97004268243e-09, 4.84308237958e-09, 6.44837649943e-09, 4.64999505567e-09, 1.07786100045e-08, 2.42493261027e-08, 7.77710429389e-09, 5.51850926067e-11],
        "dvar2": [5.61609840588e-06, 0.000748993072193, 0.000832336663734, 0.000217580236495, 1.74550768861e-05, 5.28344980921e-06, 7.2832076512e-06, 2.57641045209e-06, 1.5325826098e-05, 7.72911789682e-06, 1.41886664551e-06, 1.04168373127e-06, 1.1868863794e-06, 1.31276544835e-06, 3.50745438027e-07, 1.19814444588e-07, 1.04086183228e-07, 3.31379226282e-08, 1.92424494116e-08, 1.23709620325e-08, 8.80922268465e-09, 1.3238843799e-08, 1.04293880199e-08, 2.08897592557e-08, 5.83853996261e-08, 1.91826341478e-08, 1.42247769119e-10],
        "max": [0.0227258931845, 0.280928850174, 0.243313446641, 0.160807237029, 0.0332642272115, 0.0341425463557, 0.0255463439971, 0.0178388394415, 0.0513569787145, 0.0570394992828, 0.029028987512, 0.0160912163556, 0.0232092961669, 0.0173138957471, 0.0102610811591, 0.00694294832647, 0.00340665667318, 0.00291734631173, 0.00185265624896, 0.00195763050579, 0.00147767842282, 0.00132371857762, 0.00123539089691, 0.00290556997061, 0.00156710599549, 0.000853830133565, 8.62391025294e-05],
        "mean": [0.000353627605364, 0.0141737535596, 0.0132578322664, 0.00644887471572, 0.00245111226104, 0.00150658446364, 0.00135535397567, 0.000593399628997, 0.00104300957173, 0.000797827378847, 0.000428008526796, 0.000339074264048, 0.00044911968871, 0.000432353990618, 0.000250138662523, 0.000216721484321, 0.000224470233661, 7.03622354195e-05, 4.99577072333e-05, 3.99835116696e-05, 2.52918598562e-05, 3.32779018208e-05, 2.39868004428e-05, 3.94784365199e-05, 4.13487905462e-05, 2.06804961635e-05, 1.30816147248e-06],
        "median": [1.68779042724e-05, 0.00182511017192, 0.00428060907871, 0.00191432842985, 0.00155875529163, 0.000661138386931, 0.000576125574298, 0.000259983178694, 0.000149559127749, 0.000108472042484, 9.58113087108e-05, 6.69686050969e-05, 7.08130683051e-05, 4.28777202615e-05, 2.43979575316e-05, 4.2325045797e-05, 3.8532733015e-05, 1.64382618095e-05, 1.34185511342e-05, 9.88932151813e-06, 3.22363302985e-06, 7.22455342839e-06, 4.64352206109e-06, 8.68437928148e-06, 3.65532173419e-06, 9.15150678793e-07, 2.06896295651e-08],
        "min": [5.03892536585e-08, 1.32719674184e-06, 1.6535656755e-07, 2.19733601625e-06, 2.52133304457e-05, 3.16079717777e-06, 4.60403362013e-06, 1.00195723007e-06, 7.46437251564e-07, 1.89158583908e-07, 7.43665680147e-07, 6.19067122898e-07, 2.36531406017e-07, 2.56162451251e-07, 1.61728721082e-07, 1.50121294951e-07, 1.29001094251e-07, 7.3025219649e-08, 2.6087345617e-08, 3.94330115228e-08, 2.28340155672e-08, 4.43590195687e-08, 2.17807389902e-08, 6.48599307596e-09, 5.93986149156e-09, 1.63714353185e-09, 1.20676385551e-12],
        "stdev": [0.00140968977939, 0.0297221783549, 0.0254651606083, 0.013953320682, 0.00293585262261, 0.00274252309464, 0.00237458758056, 0.00113190710545, 0.00370260258205, 0.00288091367111, 0.00141965085641, 0.000936128082685, 0.00128601910546, 0.00110331713222, 0.000658123521134, 0.000498656998388, 0.000420680822572, 0.000174669563421, 0.000104656239273, 9.9187673186e-05, 8.88024442247e-05, 9.78855023277e-05, 7.33428823878e-05, 0.000133040870423, 0.000148539038491, 8.05059025879e-05, 6.40845064481e-06],
        "var": [1.98722523237e-06, 0.000883407832589, 0.000648474378977, 0.000194695167011, 8.61923126649e-06, 7.52143250793e-06, 5.63866660741e-06, 1.28121382659e-06, 1.37092665682e-05, 8.29966393212e-06, 2.01540842681e-06, 8.76335775502e-07, 1.65384528827e-06, 1.2173087498e-06, 4.33126587041e-07, 2.48658778901e-07, 1.76972363874e-07, 3.0509458071e-08, 1.09529283421e-08, 9.83819514744e-09, 7.88587417588e-09, 9.5815710921e-09, 5.3791788801e-09, 1.76998735668e-08, 2.20638458615e-08, 6.48120002111e-09, 4.10682425567e-11]
    },
    "erbbands": {
        "dmean": [0.13100501895, 2.12957167625, 8.46966648102, 12.9056615829, 6.48124074936, 4.61525821686, 7.01515579224, 7.68464708328, 13.6750211716, 7.21171140671, 11.3636693954, 17.5172233582, 15.2652635574, 10.3252010345, 10.5980091095, 8.17380332947, 10.2307767868, 13.3847150803, 9.12298583984, 5.73529529572, 5.28232240677, 6.10399246216, 2.58854198456, 1.79648900032, 1.74689280987, 1.35136580467, 0.863727092743, 0.889204919338, 0.981561481953, 0.778626799583, 0.552282869816, 0.621530473232, 0.576291561127, 0.519272863865, 0.315465033054, 0.121793664992, 0.043027497828, 0.00845575891435, 0.000219394292799, 2.6510857424e-05],
        "dmean2": [0.201116248965, 3.06918978691, 12.5354661942, 19.7076892853, 10.4279232025, 7.78218173981, 10.8650341034, 11.8064193726, 20.762960434, 10.939450264, 17.1527042389, 26.5436019897, 21.9912185669, 15.2139015198, 15.8303766251, 12.3148231506, 15.0407714844, 18.7404384613, 13.1607141495, 8.26548957825, 7.37377500534, 8.73422431946, 3.71870541573, 2.70695137978, 2.53110170364, 2.01570916176, 1.26051950455, 1.2506364584, 1.46019971371, 1.14978170395, 0.805746197701, 0.89546340704, 0.853424489498, 0.790877938271, 0.49082505703, 0.188696950674, 0.0678944587708, 0.0136255947873, 0.000351229566149, 3.73792208848e-05],
        "dvar": [0.110912539065, 26.8414916992, 468.044158936, 865.007446289, 225.840332031, 105.267974854, 149.365356445, 282.379699707, 846.46862793, 257.000793457, 1313.32714844, 4543.64160156, 3508.09350586, 2103.36083984, 1833.85986328, 543.27154541, 822.041992188, 1188.88574219, 538.796936035, 214.20249939, 136.789520264, 151.730606079, 41.4351272583, 28.7507820129, 14.3877620697, 12.7491502762, 7.79658699036, 10.342335701, 9.68989086151, 5.1040391922, 3.13913393021, 4.48389625549, 3.24635267258, 2.62650513649, 1.31466007233, 0.184468135238, 0.0223995260894, 0.00107173458673, 7.27483154606e-07, 2.30534324963e-09],
        "dvar2": [0.275902688503, 56.502822876, 1020.76538086, 1769.83276367, 564.148986816, 280.659851074, 338.17288208, 634.751098633, 1983.43286133, 555.438049316, 3138.13476562, 8959.85742188, 7001.70458984, 4538.60693359, 3239.79223633, 1302.50146484, 1695.58679199, 2328.61572266, 1071.74072266, 436.677246094, 255.702728271, 316.429870605, 87.388053894, 69.3809509277, 31.2023525238, 26.7770080566, 15.0838603973, 18.7582683563, 19.936170578, 11.0518255234, 6.89641571045, 8.16468334198, 6.91820001602, 6.1709523201, 3.23634529114, 0.455238819122, 0.0552012361586, 0.00271628703922, 1.8470481109e-06, 4.93531793211e-09],
        "max": [4.80985784531, 81.5222167969, 263.425445557, 419.609191895, 279.353424072, 156.957946777, 158.874740601, 388.240631104, 458.352539062, 473.958129883, 589.907653809, 1514.49023438, 1821.48657227, 1146.93908691, 1719.70947266, 431.160522461, 764.045349121, 666.622375488, 388.106536865, 332.560241699, 281.342712402, 209.698287964, 151.093841553, 111.490036011, 67.2883987427, 93.5402832031, 77.9382324219, 80.9608306885, 45.9519805908, 35.0803909302, 30.3072452545, 62.9624443054, 40.3534736633, 20.4104862213, 13.9723491669, 4.46800756454, 1.32991921902, 0.317110598087, 0.0100120399147, 0.000504067749716],
        "mean": [0.223401173949, 3.84761095047, 14.1798610687, 22.3477172852, 10.0258579254, 7.29390144348, 11.9209833145, 14.4910926819, 21.650302887, 11.9093294144, 17.1045742035, 25.2601642609, 24.2885456085, 18.9225769043, 17.9112262726, 13.4181652069, 17.8845806122, 23.7007465363, 17.26795578, 12.0312480927, 11.6111679077, 12.7477931976, 4.7636141777, 2.62925052643, 2.60330319405, 1.80260944366, 1.02333557606, 1.0893996954, 1.21755313873, 0.973216593266, 0.627723634243, 0.754546701908, 0.691870033741, 0.488689273596, 0.267443537712, 0.102680966258, 0.0347525402904, 0.00646812515333, 0.000184361590073, 5.43556961929e-05],
        "median": [0.0229589622468, 0.70508658886, 4.38352823257, 7.29778814316, 4.84617185593, 4.34134101868, 6.52520132065, 5.90425300598, 9.46035194397, 4.82679462433, 6.98605871201, 3.57147312164, 3.5597820282, 3.36744046211, 4.17568540573, 2.71747779846, 3.513453722, 2.9551782608, 1.89329087734, 1.74951481819, 2.50682258606, 2.16943240166, 1.10184836388, 0.766810774803, 0.684821546078, 0.453874915838, 0.180083155632, 0.137097269297, 0.216805666685, 0.236514389515, 0.120544098318, 0.150670811534, 0.148313090205, 0.0578457266092, 0.0179105773568, 0.00566793838516, 0.00130623090081, 0.000142250923091, 1.93419127754e-05, 3.02258249576e-05],
        "min": [5.80890591664e-05, 0.000442346761702, 0.00304335844703, 0.0147800380364, 0.0617301873863, 0.0851368308067, 0.0359167158604, 0.0518263280392, 0.112784430385, 0.0518420636654, 0.0268890932202, 0.0340776927769, 0.0155379511416, 0.0205213073641, 0.0600926429033, 0.0374809466302, 0.0173976775259, 0.0124422796071, 0.0215193256736, 0.0194843448699, 0.00659897644073, 0.00889670010656, 0.00731770088896, 0.00136324961204, 0.00159333215561, 0.00136298115831, 0.00127897516359, 0.000894250406418, 0.00157853949349, 0.00103871559259, 0.000546572380699, 0.00023278190929, 0.000118332129205, 7.07760627847e-05, 3.63877370546e-05, 1.62876003742e-05, 1.6059908603e-06, 2.41944036361e-07, 2.7182835538e-07, 3.5317361835e-07],
        "stdev": [0.445674777031, 8.19518947601, 28.162815094, 44.4185333252, 17.2836322784, 10.6294746399, 15.8812875748, 30.6153450012, 35.9904174805, 27.0861167908, 39.4903030396, 93.2351989746, 88.8852920532, 69.1736373901, 67.597946167, 32.9025650024, 44.7988357544, 56.139591217, 39.4222717285, 27.5270366669, 23.7630252838, 24.11469841, 11.0329904556, 5.78724861145, 5.15664052963, 4.54978084564, 3.41589260101, 4.16198158264, 3.71264195442, 2.58721995354, 1.94441092014, 2.77580475807, 2.17216420174, 1.62567389011, 1.0519015789, 0.394367933273, 0.136143773794, 0.0288163851947, 0.000751270214096, 6.56732299831e-05],
        "var": [0.19862601161, 67.1611251831, 793.144104004, 1973.00610352, 298.723968506, 112.985725403, 252.215301514, 937.299377441, 1295.31005859, 733.657714844, 1559.48413086, 8692.80175781, 7900.59570312, 4784.9921875, 4569.48242188, 1082.57885742, 2006.93566895, 3151.65380859, 1554.11547852, 757.737731934, 564.681396484, 581.518676758, 121.726882935, 33.4922485352, 26.5909404755, 20.7005062103, 11.6683216095, 17.3220920563, 13.7837104797, 6.69370746613, 3.78073382378, 7.70509195328, 4.7182970047, 2.6428155899, 1.10649704933, 0.155526071787, 0.0185351260006, 0.000830384087749, 5.64406946069e-07, 4.31297353387e-09]
    },
    "gfcc": {
        "mean": [-52.6940536499, 132.298858643, -90.5563354492, 24.2740249634, -48.2719459534, 16.956609726, -44.7909545898, 5.41718006134, -20.7074279785, -6.73948669434, -12.4215726852, -6.83166980743, -12.2195959091],
        "cov": [[4016.33569336, -1185.30651855, -418.565093994, 116.596229553, 6.36695766449, 282.756317139, 12.6126670837, 285.480743408, 44.7988395691, 153.022689819, -214.864746094, -25.8607368469, -143.501205444], [-1185.30651855, 1392.18713379, -51.7985343933, -261.170806885, 283.390930176, -117.785247803, 170.821670532, -96.2185287476, 138.143829346, -154.882019043, 237.656555176, -67.301071167, 104.431411743], [-418.565093994, -51.7985343933, 1533.03479004, 330.756439209, 155.115982056, 175.45300293, 214.402252197, 51.5213050842, -79.0624008179, 294.443023682, 3.64859724045, 198.609634399, 1.75207293034], [116.596229553, -261.170806885, 330.756439209, 522.10168457, 49.965549469, -2.78697991371, 19.2739105225, 26.0105133057, 77.5202484131, 47.5220222473, -4.67274808884, 41.9948654175, 42.0448265076], [6.36695766449, 283.390930176, 155.115982056, 49.965549469, 349.966430664, 66.8628234863, 67.8683395386, 56.5814170837, 77.752784729, 21.5641613007, 42.5270996094, 0.628758013248, 23.9150562286], [282.756317139, -117.785247803, 175.45300293, -2.78697991371, 66.8628234863, 339.122711182, 127.836929321, 0.82646137476, -11.9835538864, 24.3438491821, -23.4904403687, -19.5676193237, -9.56300163269], [12.6126670837, 170.821670532, 214.402252197, 19.2739105225, 67.8683395386, 127.836929321, 280.723052979, 10.2477092743, -29.487077713, 17.397731781, 41.4790687561, 8.94011497498, 0.812843620777], [285.480743408, -96.2185287476, 51.5213050842, 26.0105133057, 56.5814170837, 0.82646137476, 10.2477092743, 168.16343689, 54.120765686, 47.0633773804, -7.81202411652, 23.7919654846, -2.07291126251], [44.7988395691, 138.143829346, -79.0624008179, 77.5202484131, 77.752784729, -11.9835538864, -29.487077713, 54.120765686, 196.637313843, -14.7708787918, 17.6486740112, -29.2941665649, 50.5890960693], [153.022689819, -154.882019043, 294.443023682, 47.5220222473, 21.5641613007, 24.3438491821, 17.397731781, 47.0633773804, -14.7708787918, 204.442932129, 9.48590183258, 57.3798446655, -12.8496189117], [-214.864746094, 237.656555176, 3.64859724045, -4.67274808884, 42.5270996094, -23.4904403687, 41.4790687561, -7.81202411652, 17.6486740112, 9.48590183258, 143.011444092, 20.6424827576, 22.2935848236], [-25.8607368469, -67.301071167, 198.609634399, 41.9948654175, 0.628758013248, -19.5676193237, 8.94011497498, 23.7919654846, -29.2941665649, 57.3798446655, 20.6424827576, 174.966964722, 29.5170593262], [-143.501205444, 104.431411743, 1.75207293034, 42.0448265076, 23.9150562286, -9.56300163269, 0.812843620777, -2.07291126251, 50.5890960693, -12.8496189117, 22.2935848236, 29.5170593262, 95.705871582]],
        "icov": [[0.000485610391479, 0.000418542214902, 0.000323639076669, 6.42674922346e-06, -0.000287243165076, -0.000192670486285, -0.000392066896893, -0.000342492392519, -0.000310890522087, -0.000315118435537, 0.000186142337043, -0.000133424633532, 0.000430926302215], [0.000418542214902, 0.00537505093962, -0.00144614954479, 0.00411609560251, -0.00335211795755, 0.00351789919659, -0.00337058585137, 0.00333748175763, -0.00431757001206, 0.00353761808947, -0.00501297600567, 0.00202503637411, -0.00242890720256], [0.000323639076669, -0.00144614954479, 0.00221158750355, -0.00211426964961, 0.000420446012868, -0.00168263865635, 0.000106756007881, -0.0011947612511, 0.00169303256553, -0.00301007111557, 0.00230060284957, -0.0017750300467, 0.00136411190033], [6.42674922346e-06, 0.00411609560251, -0.00211426964961, 0.00592708494514, -0.00242502335459, 0.00333024887368, -0.00250034080818, 0.00311190215871, -0.00458106538281, 0.00333022768609, -0.00389028992504, 0.00171509128995, -0.00277363695204], [-0.000287243165076, -0.00335211795755, 0.000420446012868, -0.00242502335459, 0.00584809109569, -0.00267279939726, 0.00178189284634, -0.00294108479284, 0.00135747052263, -0.00180752412416, 0.0020694709383, -0.000882785709109, 0.00130743696354], [-0.000192670486285, 0.00351789919659, -0.00168263865635, 0.00333024887368, -0.00267279939726, 0.00677292700857, -0.00380150461569, 0.00321702519432, -0.00306038674898, 0.00263942033052, -0.00257303775288, 0.00226262910292, -0.00223954021931], [-0.000392066896893, -0.00337058585137, 0.000106756007881, -0.00250034080818, 0.00178189284634, -0.00380150461569, 0.00747456308454, -0.00276088993996, 0.00392722385004, -0.00110967014916, 0.000976000621449, -0.000569470052142, 0.000961515819654], [-0.000342492392519, 0.00333748175763, -0.0011947612511, 0.00311190215871, -0.00294108479284, 0.00321702519432, -0.00276088993996, 0.0108311818913, -0.00558737432584, 0.00114590057638, -0.00243415567093, -5.98204205744e-05, -0.000493374303915], [-0.000310890522087, -0.00431757001206, 0.00169303256553, -0.00458106538281, 0.00135747052263, -0.00306038674898, 0.00392722385004, -0.00558737432584, 0.0123138716444, -0.00284571712837, 0.00310533936135, 0.000717864721082, -0.0024085950572], [-0.000315118435537, 0.00353761808947, -0.00301007111557, 0.00333022768609, -0.00180752412416, 0.00263942033052, -0.00110967014916, 0.00114590057638, -0.00284571712837, 0.0107792019844, -0.00513179972768, 0.000918401114177, -0.0011273031123], [0.000186142337043, -0.00501297600567, 0.00230060284957, -0.00389028992504, 0.0020694709383, -0.00257303775288, 0.000976000621449, -0.00243415567093, 0.00310533936135, -0.00513179972768, 0.0140957944095, -0.00339229940437, 0.00201314594597], [-0.000133424633532, 0.00202503637411, -0.0017750300467, 0.00171509128995, -0.000882785709109, 0.00226262910292, -0.000569470052142, -5.98204205744e-05, 0.000717864721082, 0.000918401114177, -0.00339229940437, 0.00944394990802, -0.00505906902254], [0.000430926302215, -0.00242890720256, 0.00136411190033, -0.00277363695204, 0.00130743696354, -0.00223954021931, 0.000961515819654, -0.000493374303915, -0.0024085950572, -0.0011273031123, 0.00201314594597, -0.00505906902254, 0.0165825057775]]
    },
    "melbands": {
        "dmean": [0.00165744475089, 0.00381518434733, 0.00192540511489, 0.00032357298187, 0.000250172510277, 0.000173713095137, 0.000192729828996, 7.26926882635e-05, 0.000110808134195, 0.000106459068775, 7.81479175203e-05, 4.51846353826e-05, 3.29934191541e-05, 2.68832172878e-05, 1.95027296286e-05, 3.06437796098e-05, 2.67933664873e-05, 1.79791259143e-05, 1.14622589535e-05, 7.55176415623e-06, 6.85539771439e-06, 7.37116715754e-06, 4.1811781557e-06, 1.40834367812e-06, 1.50070172822e-06, 1.42405906445e-06, 1.28255726395e-06, 8.36913386593e-07, 5.39683696843e-07, 5.61919250686e-07, 5.10157690314e-07, 5.98229291882e-07, 4.80352639443e-07, 4.31530907008e-07, 3.40787039477e-07, 3.19458109743e-07, 4.06037969469e-07, 3.96410797521e-07, 4.4942163413e-07, 4.41811835117e-07],
        "dmean2": [0.00242497958243, 0.00549928192049, 0.00293402164243, 0.000530806428287, 0.000391197070712, 0.000267038703896, 0.000291388452752, 0.000111444722279, 0.000168872196809, 0.000159619303304, 0.000115051021567, 6.71334782965e-05, 5.02036746184e-05, 4.11053697462e-05, 3.00057508866e-05, 4.44542747573e-05, 3.76667994715e-05, 2.67757841357e-05, 1.62436572282e-05, 1.10128294182e-05, 9.70093788055e-06, 1.07432115328e-05, 6.04117258263e-06, 2.13056432585e-06, 2.32213051277e-06, 2.13729163079e-06, 1.94699714484e-06, 1.27151395191e-06, 8.00744601293e-07, 8.21389903649e-07, 7.18325338767e-07, 8.92515117812e-07, 7.20754997019e-07, 6.47289368771e-07, 5.05390858052e-07, 4.81018957998e-07, 5.92683591094e-07, 5.86499709243e-07, 6.89402440912e-07, 6.76935144384e-07],
        "dvar": [1.48214621731e-05, 8.28455958981e-05, 1.826121661e-05, 3.57072849511e-07, 2.11511832049e-07, 1.25041509591e-07, 1.60807857696e-07, 2.54182612736e-08, 1.41456908409e-07, 1.77727997652e-07, 9.52269587629e-08, 3.91392411814e-08, 1.37158489011e-08, 9.20276033156e-09, 3.9504333138e-09, 8.77828387758e-09, 5.36663380402e-09, 2.27809393571e-09, 1.27628441149e-09, 3.80245585019e-10, 2.31293192932e-10, 2.22670756833e-10, 1.50526591192e-10, 1.04291549355e-11, 2.29156190551e-11, 1.1699241402e-11, 8.74564483333e-12, 5.85465660327e-12, 3.50476852401e-12, 3.8429949327e-12, 3.7544359982e-12, 4.00380683468e-12, 1.79598154924e-12, 1.78537089626e-12, 1.2053421412e-12, 1.11994929389e-12, 2.22667544125e-12, 1.83688437724e-12, 1.86904810205e-12, 2.05717474305e-12],
        "dvar2": [3.28739988618e-05, 0.00017811183352, 3.8573598431e-05, 9.26827908643e-07, 4.90486854687e-07, 2.82427947695e-07, 3.79723189781e-07, 5.51288898976e-08, 3.26569619347e-07, 3.47683368318e-07, 1.92382685782e-07, 8.34913365111e-08, 2.48949856285e-08, 2.18173745736e-08, 9.52382439579e-09, 1.60557203088e-08, 1.11389857338e-08, 4.78257078385e-09, 2.53758281055e-09, 7.6005923777e-10, 4.51956944092e-10, 4.65853078335e-10, 3.29356458773e-10, 2.35493152756e-11, 5.61953296396e-11, 2.68554883193e-11, 1.90648417192e-11, 1.29056878032e-11, 7.32877647458e-12, 7.45587012269e-12, 7.05782264229e-12, 8.41095509213e-12, 4.05470925932e-12, 4.02297639646e-12, 2.76376426085e-12, 2.5146772685e-12, 3.80923287704e-12, 3.87088928619e-12, 4.38122541718e-12, 4.90897687083e-12],
        "max": [0.0445997454226, 0.121380977333, 0.0560361966491, 0.00965596362948, 0.0055294954218, 0.00796666834503, 0.00595370633528, 0.00412782933563, 0.00612664408982, 0.00901411753148, 0.00956318434328, 0.00459276884794, 0.00419515650719, 0.00296980375424, 0.00154618348461, 0.00293973018415, 0.00155805109534, 0.00084411498392, 0.00102181581315, 0.00062388839433, 0.000358269142453, 0.000251066230703, 0.000302609492792, 5.56123050046e-05, 0.000102159239759, 5.52358287678e-05, 6.64560284349e-05, 6.08021109656e-05, 5.70388147025e-05, 4.20202086389e-05, 4.4321110181e-05, 3.22015002894e-05, 2.16125772567e-05, 2.42148089455e-05, 1.86543566087e-05, 1.84775872185e-05, 4.8683690693e-05, 3.60833910236e-05, 1.92687930394e-05, 1.61731550179e-05],
        "mean": [0.00301625835709, 0.00681840162724, 0.00336361932568, 0.000517747597769, 0.000425837555667, 0.000329089671141, 0.00030762568349, 0.000122447861941, 0.000154701410793, 0.000151796164573, 0.000120509794215, 7.90597405285e-05, 5.68156428926e-05, 4.15627400798e-05, 2.91504966299e-05, 5.12050646648e-05, 4.40925832663e-05, 3.05983267026e-05, 1.96910878003e-05, 1.45615231304e-05, 1.33366711452e-05, 1.46342272274e-05, 7.44547651266e-06, 2.29244506045e-06, 2.04370644497e-06, 1.97860731532e-06, 1.7843697151e-06, 1.04233879483e-06, 6.13313034137e-07, 6.15187275343e-07, 6.33047534393e-07, 7.17693581009e-07, 5.89156968545e-07, 5.2243041182e-07, 3.65083309362e-07, 3.51567649659e-07, 4.97852170156e-07, 4.94971061471e-07, 4.5471281851e-07, 3.97294371624e-07],
        "median": [0.000357663113391, 0.00225725863129, 0.0012688775314, 0.00032754521817, 0.000235374827753, 0.000142863864312, 0.000134209461976, 4.8616220738e-05, 5.0665672461e-05, 2.01024722628e-05, 1.6626656361e-05, 1.34277825055e-05, 1.31253382278e-05, 8.08625100035e-06, 6.22677771389e-06, 7.63495972933e-06, 4.22210541728e-06, 2.95052313959e-06, 2.03000604415e-06, 2.44948978434e-06, 2.84940574602e-06, 2.31640115089e-06, 1.27836437969e-06, 5.67341544411e-07, 5.63840274026e-07, 4.78238860069e-07, 4.24945227451e-07, 2.25265125664e-07, 9.74726006575e-08, 6.60710597344e-08, 6.95493014291e-08, 1.02903264576e-07, 1.43555055843e-07, 1.17911930886e-07, 6.37211599042e-08, 6.08578929473e-08, 9.69816795759e-08, 1.08780803032e-07, 6.74802436151e-08, 3.53415252619e-08],
        "min": [3.72352275235e-07, 1.38777443226e-06, 5.70671681999e-06, 5.53860445507e-06, 9.77053559836e-07, 6.66846688091e-07, 1.20794027225e-06, 4.07090709587e-07, 1.70712240788e-07, 9.30844947789e-08, 4.53088695451e-08, 5.50110783593e-08, 1.60987084996e-07, 9.06195580797e-08, 2.37742732168e-08, 2.31268124651e-08, 1.84382198398e-08, 3.20641966312e-08, 1.5786350005e-08, 7.49076267681e-09, 5.17669773714e-09, 8.41037905985e-09, 5.76077052727e-09, 3.06805136852e-09, 8.99837704349e-10, 8.41706038202e-10, 1.17806386868e-09, 5.37256183986e-10, 6.06095007516e-10, 6.26898422063e-10, 8.79565725809e-11, 5.33913246947e-10, 5.65866575819e-10, 5.15707754278e-10, 2.58027044175e-10, 1.26843327508e-10, 9.43800662623e-11, 8.06478980819e-11, 7.48856462951e-11, 5.18765065627e-11],
        "stdev": [0.00596285797656, 0.012536094524, 0.00621897634119, 0.000655360636301, 0.000580430380069, 0.00063275109278, 0.000505084113684, 0.000258409389062, 0.00042039580876, 0.000581834057812, 0.000459786853753, 0.000291780772386, 0.000189254293218, 0.000136148257297, 7.46477526263e-05, 0.000151146348799, 0.000110266293632, 7.474222366e-05, 5.37263440492e-05, 3.79409066227e-05, 2.72068209597e-05, 2.80922049569e-05, 2.01838884095e-05, 4.54472228739e-06, 4.92196022606e-06, 4.20767173637e-06, 3.90715467802e-06, 2.90480261356e-06, 2.18414083974e-06, 2.3434099603e-06, 2.54304040936e-06, 2.36922369368e-06, 1.50519883846e-06, 1.46531226619e-06, 1.1550250747e-06, 1.18072171063e-06, 1.99517626243e-06, 1.6796127511e-06, 1.42645592405e-06, 1.39861560911e-06],
        "var": [3.55556730938e-05, 0.000157153670443, 3.86756655644e-05, 4.2949753265e-07, 3.36899404374e-07, 4.00373977527e-07, 2.55109966929e-07, 6.6775413643e-08, 1.76732640966e-07, 3.3853089576e-07, 2.11403957451e-07, 8.51360155707e-08, 3.58171874382e-08, 1.85363493443e-08, 5.57228663212e-09, 2.28452172735e-08, 1.2158656304e-08, 5.58639978721e-09, 2.88652013403e-09, 1.43951250919e-09, 7.40211114625e-10, 7.89171950011e-10, 4.07389344481e-10, 2.06544989445e-11, 2.42256943672e-11, 1.77045010596e-11, 1.52658562874e-11, 8.43787886784e-12, 4.77047091066e-12, 5.49157073981e-12, 6.46705475629e-12, 5.61322082565e-12, 2.26562366958e-12, 2.14713988776e-12, 1.33408301767e-12, 1.39410379942e-12, 3.98072807356e-12, 2.8210988233e-12, 2.03477642721e-12, 1.95612558269e-12]
    },
    "melbands128": {
