{
"lowlevel": {
    "average_loudness": 0.922280132771,
    "barkbands_crest": {
        "dmean": 2.50303125381,
        "dmean2": 3.94226789474,
        "dvar": 7.08182191849,
        "dvar2": 14.7841186523,
        "max": 23.6678619385,
        "mean": 10.2496919632,
        "median": 9.3555393219,
        "min": 3.10443258286,
        "stdev": 4.26587677002,
        "var": 18.1977062225
    },
    "barkbands_flatness_db": {
        "dmean": 0.0226833093911,
        "dmean2": 0.0324551314116,
        "dvar": 0.000569853757042,
        "dvar2": 0.0011887087021,
        "max": 0.403044641018,
        "mean": 0.153690293431,
        "median": 0.149224847555,
        "min": 0.042525652796,
        "stdev": 0.0510190278292,
        "var": 0.00260294112377
    },
    "barkbands_kurtosis": {
        "dmean": 2.99790239334,
        "dmean2": 4.43015289307,
        "dvar": 112.592628479,
        "dvar2": 208.079772949,
        "max": 424.340698242,
        "mean": 4.8877620697,
        "median": 1.6076157093,
        "min": -1.86815977097,
        "stdev": 19.6389198303,
        "var": 385.687164307
    },
    "barkbands_skewness": {
        "dmean": 0.516627132893,
        "dmean2": 0.730760395527,
        "dvar": 0.386382937431,
        "dvar2": 0.738516509533,
        "max": 15.5138692856,
        "mean": 1.62276756763,
        "median": 1.50202775002,
        "min": -4.13541889191,
        "stdev": 1.4326236248,
        "var": 2.05241060257
    },
    "barkbands_spread": {
        "dmean": 5.2676076889,
        "dmean2": 7.90917634964,
        "dvar": 36.8259010315,
        "dvar2": 84.0816345215,
        "max": 78.7259597778,
        "mean": 22.3084468842,
        "median": 20.933216095,
        "min": 0.496186196804,
        "stdev": 11.7388648987,
        "var": 137.800949097
    },
    "dissonance": {
        "dmean": 0.0141022158787,
        "dmean2": 0.0229545552284,
        "dvar": 0.000215469000977,
        "dvar2": 0.000540241308045,
        "max": 0.499374061823,
        "mean": 0.465409219265,
        "median": 0.471561670303,
        "min": 0.308503121138,
        "stdev": 0.0249351579696,
        "var": 0.000621762068477
    },
    "dynamic_complexity": 3.15672659874,
    "erbbands_crest": {
        "dmean": 2.35053753853,
        "dmean2": 3.70856189728,
        "dvar": 4.62983369827,
        "dvar2": 11.1836233139,
        "max": 29.7549781799,
        "mean": 8.80657863617,
        "median": 8.04130268097,
        "min": 2.47611999512,
        "stdev": 3.86784434319,
        "var": 14.9602193832
    },
    "erbbands_flatness_db": {
        "dmean": 0.0198311340064,
        "dmean2": 0.0254275090992,
        "dvar": 0.000480655522551,
        "dvar2": 0.000741093535908,
        "max": 0.323207348585,
        "mean": 0.168392330408,
        "median": 0.167535185814,
        "min": 0.0648986548185,
        "stdev": 0.0515623986721,
        "var": 0.00265868101269
    },
    "erbbands_kurtosis": {
        "dmean": 0.746404886246,
        "dmean2": 1.1631526947,
        "dvar": 1.34442162514,
        "dvar2": 2.89600896835,
        "max": 22.4290275574,
        "mean": 0.0417732223868,
        "median": -0.455496430397,
        "min": -1.72156238556,
        "stdev": 1.88781106472,
        "var": 3.56383061409
    },
    "erbbands_skewness": {
        "dmean": 0.346575528383,
        "dmean2": 0.513549804688,
        "dvar": 0.115297146142,
        "dvar2": 0.235099807382,
        "max": 4.08652067184,
        "mean": -0.176978513598,
        "median": -0.197835758328,
        "min": -3.92465901375,
        "stdev": 0.839718878269,
        "var": 0.705127775669
    },
    "erbbands_spread": {
        "dmean": 7.3236913681,
        "dmean2": 10.6559553146,
        "dvar": 63.0754814148,
        "dvar2": 130.752243042,
        "max": 150.268081665,
        "mean": 39.3837089539,
        "median": 36.586265564,
        "min": 5.88461399078,
        "stdev": 17.5114517212,
        "var": 306.650909424
    },
    "hfc": {
        "dmean": 6.18232345581,
        "dmean2": 9.15755748749,
        "dvar": 99.1648483276,
        "dvar2": 235.430526733,
        "max": 102.911605835,
        "mean": 19.9136962891,
        "median": 14.6609115601,
        "min": 1.17973081297e-16,
        "stdev": 17.5699291229,
        "var": 308.702392578
    },
    "loudness_ebu128": {
        "integrated": -11.4823646545,
        "loudness_range": 6.41635513306,
        "momentary": {
            "dmean": 0.875970065594,
            "dmean2": 1.3159058094,
            "dvar": 1.46494710445,
            "dvar2": 3.52610468864,
            "max": -7.79960632324,
            "mean": -12.2361679077,
            "median": -11.8073501587,
            "min": -24.9029312134,
            "stdev": 2.76216745377,
            "var": 7.62956857681
        },
        "short_term": {
            "dmean": 0.110448516905,
            "dmean2": 0.127810776234,
            "dvar": 0.0102821020409,
            "dvar2": 0.0152340885252,
            "max": -8.70310401917,
            "mean": -12.1132488251,
            "median": -11.8705501556,
            "min": -16.3582763672,
            "stdev": 2.14618825912,
            "var": 4.60612440109
        }
    },
    "melbands_crest": {
        "dmean": 3.02166628838,
        "dmean2": 4.62706041336,
        "dvar": 9.70640563965,
        "dvar2": 19.8127250671,
        "max": 36.6487159729,
        "mean": 14.9240436554,
        "median": 13.9454421997,
        "min": 2.11711168289,
        "stdev": 5.90340566635,
        "var": 34.8501968384
    },
    "melbands_flatness_db": {
        "dmean": 0.0262607969344,
        "dmean2": 0.0375376604497,
        "dvar": 0.000831767800264,
        "dvar2": 0.00174886453897,
        "max": 0.514785885811,
        "mean": 0.223419830203,
        "median": 0.218700736761,
        "min": 0.00503905070946,
        "stdev": 0.0673065856099,
        "var": 0.00453017605469
    },
    "melbands_kurtosis": {
        "dmean": 8.42073726654,
        "dmean2": 12.3171014786,
        "dvar": 1073.97937012,
        "dvar2": 1828.31762695,
        "max": 1426.10498047,
        "mean": 17.7387714386,
        "median": 8.42585849762,
        "min": -1.82696056366,
        "stdev": 59.2100944519,
        "var": 3505.83544922
    },
    "melbands_skewness": {
        "dmean": 0.72418731451,
        "dmean2": 1.0291274786,
        "dvar": 0.927169382572,
        "dvar2": 1.66239404678,
        "max": 27.3391208649,
        "mean": 2.96670746803,
        "median": 2.66571569443,
        "min": -1.70208013058,
        "stdev": 2.11082029343,
        "var": 4.45556259155
    },
    "melbands_spread": {
        "dmean": 6.64374637604,
        "dmean2": 9.7607717514,
        "dvar": 88.2524414062,
        "dvar2": 176.466827393,
        "max": 165.211914062,
        "mean": 23.8487911224,
        "median": 18.7595024109,
        "min": 0.225074782968,
        "stdev": 19.2443237305,
        "var": 370.344024658
    },
    "pitch_salience": {
        "dmean": 0.0740114077926,
        "dmean2": 0.11322273314,
        "dvar": 0.00478523550555,
        "dvar2": 0.0111934915185,
        "max": 0.970377624035,
        "mean": 0.535119652748,
        "median": 0.53299844265,
        "min": 0.108984865248,
        "stdev": 0.122958034277,
        "var": 0.0151186790317
    },
    "silence_rate_20dB": {
        "dmean": 0,
        "dmean2": 0,
        "dvar": 0,
        "dvar2": 0,
        "max": 1,
        "mean": 1,
        "median": 1,
        "min": 1,
        "stdev": 0,
        "var": 0
    },
    "silence_rate_30dB": {
        "dmean": 0.0247295200825,
        "dmean2": 0.0494845360518,
        "dvar": 0.0241180174053,
        "dvar2": 0.0676546618342,
        "max": 1,
        "mean": 0.985581874847,
        "median": 1,
        "min": 0,
        "stdev": 0.119206808507,
        "var": 0.0142102632672
    },
    "silence_rate_60dB": {
        "dmean": 0.0376094803214,
        "dmean2": 0.0752577334642,
        "dvar": 0.0361946411431,
        "dvar2": 0.0778403282166,
        "max": 1,
        "mean": 0.0988671481609,
        "median": 0,
        "min": 0,
        "stdev": 0.298487186432,
        "var": 0.0890946015716
    },
    "spectral_centroid": {
        "dmean": 257.225708008,
        "dmean2": 379.113586426,
        "dvar": 122110.078125,
        "dvar2": 240657.25,
        "max": 11022.4609375,
        "mean": 1414.32922363,
        "median": 1322.73120117,
        "min": 277.867126465,
        "stdev": 719.202880859,
        "var": 517252.8125
    },
    "spectral_complexity": {
        "dmean": 4.52704811096,
        "dmean2": 6.79587650299,
        "dvar": 34.3875617981,
        "dvar2": 74.3492584229,
        "max": 54,
        "mean": 19.5025749207,
        "median": 19,
        "min": 0,
        "stdev": 10.3553190231,
        "var": 107.232627869
    },
    "spectral_decrease": {
        "dmean": 2.93025270715e-09,
        "dmean2": 4.25484136812e-09,
        "dvar": 2.44308885796e-17,
        "dvar2": 5.15488336744e-17,
        "max": 2.38921028602e-29,
        "mean": -8.52826786968e-09,
        "median": -7.53483764271e-09,
        "min": -3.87004917002e-08,
        "stdev": 7.31208782412e-09,
        "var": 5.34666254548e-17
    },
    "spectral_energy": {
        "dmean": 0.0114582395181,
        "dmean2": 0.0166349261999,
        "dvar": 0.000368846784113,
        "dvar2": 0.000778921705205,
        "max": 0.150479227304,
        "mean": 0.0339938737452,
        "median": 0.0296621918678,
        "min": 1.0693775611e-20,
        "stdev": 0.0286803599447,
        "var": 0.00082256301539
    },
    "spectral_energyband_high": {
        "dmean": 0.00044588255696,
        "dmean2": 0.000675560208037,
        "dvar": 1.04902392195e-06,
        "dvar2": 2.54869814853e-06,
        "max": 0.0150328213349,
        "mean": 0.000736660556868,
        "median": 0.000146533973748,
        "min": 7.76898613406e-21,
        "stdev": 0.00140039948747,
        "var": 1.96111886908e-06
    },
    "spectral_energyband_low": {
        "dmean": 0.00833674706519,
        "dmean2": 0.0120561160147,
        "dvar": 0.000262166809989,
        "dvar2": 0.000539390195627,
        "max": 0.133046463132,
        "mean": 0.0177588425577,
        "median": 0.0129860844463,
        "min": 5.32197815296e-23,
        "stdev": 0.021600920707,
        "var": 0.000466599769425
    },
    "spectral_energyband_middle_high": {
        "dmean": 0.00155136501417,
        "dmean2": 0.00229780049995,
        "dvar": 4.80676180814e-06,
        "dvar2": 1.04922301034e-05,
        "max": 0.0299892332405,
        "mean": 0.00502265943214,
        "median": 0.00336111243814,
        "min": 1.56617460335e-21,
        "stdev": 0.00504675460979,
        "var": 2.5469733373e-05
    },
    "spectral_energyband_middle_low": {
        "dmean": 0.00429658452049,
        "dmean2": 0.00679779192433,
        "dvar": 4.95821113873e-05,
        "dvar2": 0.000127078907099,
        "max": 0.0795226767659,
        "mean": 0.0116666639224,
        "median": 0.0087803658098,
        "min": 2.96726911921e-22,
        "stdev": 0.0108714317903,
        "var": 0.000118188028864
    },
    "spectral_entropy": {
        "dmean": 0.171521425247,
        "dmean2": 0.231058523059,
        "dvar": 0.0392398573458,
        "dvar2": 0.0737061724067,
        "max": 9.81935596466,
        "mean": 7.44320392609,
        "median": 7.4293627739,
        "min": 6.09856891632,
        "stdev": 0.431957542896,
        "var": 0.186587318778
    },
    "spectral_flux": {
        "dmean": 0.0280310511589,
        "dmean2": 0.0434266775846,
        "dvar": 0.00158983946312,
        "dvar2": 0.00320178014226,
        "max": 0.355276316404,
        "mean": 0.0825990214944,
        "median": 0.0682464689016,
        "min": 6.5265022553e-11,
        "stdev": 0.0571513324976,
        "var": 0.00326627492905
    },
    "spectral_kurtosis": {
        "dmean": 2.68783426285,
        "dmean2": 4.49798202515,
        "dvar": 12.4046325684,
        "dvar2": 36.2947311401,
        "max": 36.32396698,
        "mean": 6.63532161713,
        "median": 5.36198472977,
        "min": -1.2125749588,
        "stdev": 5.0269203186,
        "var": 25.2699260712
    },
    "spectral_rms": {
        "dmean": 0.00088492128998,
        "dmean2": 0.00125049322378,
        "dvar": 1.69845577602e-06,
        "dvar2": 3.21926017932e-06,
        "max": 0.0121164768934,
        "mean": 0.00518767070025,
        "median": 0.0053794728592,
        "min": 3.23000805789e-12,
        "stdev": 0.00250056316145,
        "var": 6.25281563771e-06
    },
    "spectral_rolloff": {
        "dmean": 396.46307373,
        "dmean2": 647.018188477,
        "dvar": 500985.15625,
        "dvar2": 1000675,
        "max": 19121.484375,
        "mean": 1340.31176758,
        "median": 893.627929688,
        "min": 64.599609375,
        "stdev": 1253.21166992,
        "var": 1570539.375
    },
    "spectral_skewness": {
        "dmean": 0.305352658033,
        "dmean2": 0.485900938511,
        "dvar": 0.113321334124,
        "dvar2": 0.29874676466,
        "max": 4.33559179306,
        "mean": 1.64216947556,
        "median": 1.62542319298,
        "min": -0.558619022369,
        "stdev": 0.61620092392,
        "var": 0.379703581333
    },
    "spectral_spread": {
        "dmean": 534030.6875,
        "dmean2": 703888.625,
        "dvar": 890734575616,
        "dvar2": 1.62864365568e+12,
        "max": 40369320,
        "mean": 3778917.5,
        "median": 3589154.5,
        "min": 1383775.125,
        "stdev": 1816324.25,
        "var": 3.2990340055e+12
    },
    "spectral_strongpeak": {
        "dmean": 0.400187343359,
        "dmean2": 0.694739103317,
        "dvar": 0.67481482029,
        "dvar2": 1.69904315472,
        "max": 7.44502735138,
        "mean": 0.692315578461,
        "median": 0.426307201385,
        "min": 0,
        "stdev": 0.910545051098,
        "var": 0.829092264175
    },
    "zerocrossingrate": {
        "dmean": 0.00877044722438,
        "dmean2": 0.0099209183827,
        "dvar": 0.000170777610037,
        "dvar2": 0.000285506190266,
        "max": 0.5048828125,
        "mean": 0.0528027638793,
        "median": 0.04833984375,
        "min": 0.00390625,
        "stdev": 0.0315331444144,
        "var": 0.000994339236058
    },
    "barkbands": {
        "dmean": [0.000337112491252, 0.00679502589628, 0.00219666515477, 0.00112215511035, 0.00202839076519, 0.00105924613308, 0.000706705090124, 0.000864995352458, 0.000454801484011, 0.000417175528128, 0.000144819292473, 0.000195258617168, 0.000231903468375, 0.000306215224555, 0.00027071434306, 0.00033808927401, 0.000403523183195, 0.000230097357417, 0.000223227500101, 0.00015320708917, 0.000149331870489, 0.000148949096911, 5.60369844607e-05, 3.4402244637e-05, 2.74284575426e-05, 1.6093663362e-05, 1.33891285259e-06],
        "dmean2": [0.000517739565112, 0.0100606475025, 0.00368046760559, 0.00188243272714, 0.00335260573775, 0.00166929455008, 0.0010763052851, 0.00130839273334, 0.000713821675163, 0.000644641579129, 0.000240775931161, 0.000307216600049, 0.000369603541913, 0.000491751707159, 0.000402949139243, 0.000517906795722, 0.00063535803929, 0.000361086509656, 0.000343249121215, 0.000256978004472, 0.000235703177168, 0.000242301277467, 8.94012337085e-05, 5.30622637598e-05, 3.6857327359e-05, 2.08827350434e-05, 2.10961911762e-06],
        "dvar": [5.42559234873e-07, 0.000214492887608, 1.56677142513e-05, 4.70702298117e-06, 1.94616768567e-05, 2.90715138362e-06, 2.87792931886e-06, 4.79453728985e-06, 1.34784875172e-06, 1.23289419207e-06, 7.81472451195e-08, 1.48871706074e-07, 4.22002983669e-07, 4.44200509264e-07, 3.66949706176e-07, 5.1630274811e-07, 4.88798718834e-07, 1.48489334606e-07, 2.39576593231e-07, 1.44584291206e-07, 1.7158018295e-07, 1.39878522987e-07, 1.44644571876e-08, 4.5394958903e-09, 3.00451508117e-09, 1.22035037631e-09, 1.48694910551e-11],
        "dvar2": [1.30079854443e-06, 0.000441424461314, 4.35860529251e-05, 1.26772083604e-05, 5.39895991096e-05, 7.25241761756e-06, 7.16199474482e-06, 1.03512529677e-05, 3.40322026204e-06, 2.9315442589e-06, 2.03711522317e-07, 3.44828066545e-07, 9.68575932347e-07, 1.12757459192e-06, 7.64500839523e-07, 1.22530082081e-06, 1.11797851332e-06, 3.53676142595e-07, 5.40767643997e-07, 3.95220268956e-07, 4.20155913616e-07, 3.32614320087e-07, 3.83730949238e-08, 1.13040998784e-08, 5.58913404447e-09, 2.12476747308e-09, 3.69814040502e-11],
        "max": [0.00705114332959, 0.123122029006, 0.0345320031047, 0.0254887975752, 0.0553473308682, 0.035371337086, 0.0349498875439, 0.0392553694546, 0.0278886631131, 0.0231696832925, 0.00426855310798, 0.00765795819461, 0.0137359499931, 0.0122424811125, 0.0126148061827, 0.0120858429, 0.0121500464156, 0.00786508247256, 0.0114056905732, 0.0066905640997, 0.00876218266785, 0.00663846451789, 0.00221478566527, 0.000986636267044, 0.00105219008401, 0.000686766172294, 5.71759119339e-05],
        "mean": [0.000476179469842, 0.0121443197131, 0.00423466134816, 0.00174663611688, 0.00330933975056, 0.00219995039515, 0.00131492386572, 0.00175919465255, 0.000820933433715, 0.000800764712039, 0.000221514215809, 0.000303526700009, 0.000429134379374, 0.000588803843129, 0.000498817942571, 0.000688689760864, 0.000813051883597, 0.00041648777551, 0.000384940241929, 0.000207706092624, 0.000203803865588, 0.000202345341677, 9.11703900783e-05, 5.99482846155e-05, 4.90414131491e-05, 2.65371872956e-05, 1.46350259911e-06],
        "median": [2.90814969048e-05, 0.0069168349728, 0.00196658493951, 0.000545884948224, 0.00194514996838, 0.00144615955651, 0.00050575833302, 0.000380810291972, 0.000321293831803, 0.000226316362387, 6.72237292747e-05, 0.000104861974251, 9.17402066989e-05, 0.000238463340793, 0.000206156764762, 0.000233207450947, 0.000419539865106, 0.000197375629796, 0.000124659389257, 4.44365068688e-05, 3.07830305246e-05, 2.80294825643e-05, 1.43197376019e-05, 1.02002886706e-05, 8.52205448609e-06, 3.4340359889e-06, 8.22589072413e-08],
        "min": [1.91485981986e-23, 2.48677072328e-23, 3.43221941379e-24, 1.79622807703e-23, 1.49983646886e-23, 2.0954452272e-23, 1.68649547408e-23, 3.52480786046e-23, 4.29483518488e-23, 2.7899558438e-23, 4.19993774234e-23, 1.02987873769e-22, 1.28442383075e-22, 5.10900558784e-23, 8.24412215647e-23, 1.41472396233e-22, 1.78821880382e-22, 1.00598527683e-22, 2.99731929233e-22, 3.85318137279e-22, 3.90579549216e-22, 4.38838500057e-22, 7.01463396807e-22, 7.9184171397e-22, 1.26138762819e-21, 1.52119685949e-21, 2.54836918581e-21],
        "stdev": [0.000855705642607, 0.0177495386451, 0.00517262378708, 0.00270793447271, 0.00451064156368, 0.00263986946084, 0.00238179508597, 0.00391084607691, 0.00166109355632, 0.00179598235991, 0.000410434149671, 0.00059952319134, 0.00123169878498, 0.00106082519051, 0.00101110781543, 0.00129391509108, 0.00111961248331, 0.000659657234792, 0.000782974704634, 0.000426889135269, 0.000532815582119, 0.000463696895167, 0.000185761949979, 0.000106556282844, 9.32341135922e-05, 5.86351161473e-05, 4.32120714322e-06],
        "var": [7.32232194878e-07, 0.000315046112519, 2.67560390057e-05, 7.33290971766e-06, 2.03458876058e-05, 6.96891129337e-06, 5.67294728171e-06, 1.52947177412e-05, 2.75923184745e-06, 3.22555274579e-06, 1.68456196548e-07, 3.59428042884e-07, 1.51708184148e-06, 1.12534996788e-06, 1.02233912003e-06, 1.67421637798e-06, 1.25353221847e-06, 4.35147654798e-07, 6.1304939436e-07, 1.82234330737e-07, 2.83892461539e-07, 2.15014807736e-07, 3.45075044095e-08, 1.13542411029e-08, 8.69260041725e-09, 3.43807671221e-09, 1.86728323776e-11]
    },
    "erbbands": {
        "dmean": [0.228456795216, 1.58398365974, 2.74997639656, 2.87261080742, 6.97170209885, 5.9416179657, 6.33097791672, 9.78172969818, 12.2814979553, 11.6659631729, 17.8660202026, 10.9389162064, 15.4609909058, 6.48712110519, 6.11433744431, 7.60284614563, 10.2016420364, 13.3543319702, 12.7384595871, 15.7091245651, 18.0758934021, 20.5453281403, 14.1153316498, 9.90800762177, 10.740524292, 6.82652282715, 6.59985637665, 5.44981575012, 6.38982152939, 2.71527218819, 1.37953662872, 0.864687263966, 0.512348771095, 0.328446745872, 0.193341866136, 0.0883760005236, 0.0266441237181, 0.00479447469115, 0.000139423311339, 1.51371314132e-05],
        "dmean2": [0.324660122395, 2.41530847549, 4.61066532135, 4.80136203766, 11.7002887726, 9.63499546051, 9.88580989838, 15.4900770187, 18.5637817383, 18.0239753723, 27.4356918335, 16.8985214233, 23.7007579803, 10.5274448395, 10.0655889511, 12.067691803, 16.4540882111, 21.1734867096, 19.5125255585, 23.5375957489, 27.9804363251, 31.6640110016, 21.6489925385, 15.5037460327, 16.5894794464, 11.2604341507, 10.6523542404, 8.62036418915, 10.6709022522, 4.26692199707, 2.16978812218, 1.37481200695, 0.757938563824, 0.460606426001, 0.262631565332, 0.123336702585, 0.035475499928, 0.00666874740273, 0.000206866476219, 2.13326457015e-05],
        "dvar": [0.256580501795, 12.3081226349, 26.376865387, 26.0360126495, 315.490844727, 135.839553833, 109.051521301, 257.241699219, 567.594177246, 908.777893066, 2266.49438477, 813.194702148, 1804.4230957, 162.723876953, 161.410354614, 215.767791748, 909.587585449, 697.349365234, 923.267150879, 874.266845703, 1651.66772461, 1212.34631348, 527.640258789, 423.527099609, 638.667358398, 274.993682861, 278.201171875, 275.264099121, 279.632049561, 35.0106315613, 7.7950963974, 3.31799292564, 0.877058684826, 0.412670105696, 0.160652309656, 0.0355410650373, 0.00350548396818, 0.000125328733702, 1.55675067504e-07, 6.06578898221e-10],
        "dvar2": [0.493330150843, 30.2375965118, 73.7294158936, 69.1010665894, 877.073364258, 368.663574219, 255.994522095, 659.822692871, 1263.85876465, 2045.77697754, 4876.54345703, 1871.01147461, 4288.18115234, 399.545318604, 418.603149414, 498.542572021, 2062.4765625, 1661.79174805, 2182.7746582, 1825.55102539, 3717.09667969, 2717.32568359, 1232.34399414, 964.133789062, 1466.19763184, 743.453918457, 720.161193848, 637.882385254, 674.136352539, 89.3262176514, 19.4444351196, 8.60744190216, 2.02497959137, 0.867576479912, 0.291772216558, 0.0667772889137, 0.00630862358958, 0.000240154142375, 3.71577243641e-07, 1.22468457597e-09],
        "max": [4.28642034531, 30.2926120758, 48.356212616, 58.4215278625, 214.588119507, 137.659942627, 156.245727539, 319.453582764, 415.55960083, 651.180786133, 887.133117676, 729.669799805, 893.866333008, 218.308959961, 286.01473999, 232.550033569, 701.253662109, 471.573272705, 703.236816406, 796.175720215, 842.694580078, 642.722106934, 504.731414795, 344.183532715, 557.194152832, 292.444152832, 285.732727051, 352.534454346, 294.091003418, 85.4153747559, 48.54529953, 23.0949745178, 13.9078083038, 12.611946106, 7.16773986816, 3.30050873756, 1.06097972393, 0.173045217991, 0.00617726426572, 0.000217950902879],
        "mean": [0.357541263103, 2.6368970871, 5.55647993088, 5.22218370438, 9.39194488525, 9.88447570801, 12.782585144, 18.4728088379, 23.5480937958, 22.4915943146, 36.5636711121, 22.2694416046, 29.6337032318, 12.0495796204, 11.162106514, 12.3268108368, 20.8665294647, 27.8458938599, 26.516242981, 32.2549743652, 40.0163803101, 43.2773208618, 27.961107254, 18.0010719299, 18.0040168762, 9.64650249481, 8.81649017334, 7.60632181168, 8.14650917053, 4.32274723053, 2.31124687195, 1.41991579533, 0.919495880604, 0.57983726263, 0.326569020748, 0.138799458742, 0.0428390614688, 0.00711465394124, 0.000198080233531, 4.53457178082e-05],
        "median": [0.0738342553377, 1.61657965183, 2.99238729477, 2.47780513763, 4.56229972839, 4.807513237, 6.98501157761, 10.9037971497, 10.6666069031, 6.59493637085, 10.3229351044, 9.47885322571, 8.36676311493, 4.4908862114, 3.33752989769, 4.730052948, 4.67797660828, 11.6081094742, 11.4276380539, 14.3106651306, 17.3353347778, 23.0992202759, 14.7131023407, 7.77425193787, 5.1636223793, 2.31958580017, 1.37910294533, 1.14257729053, 1.07935762405, 0.688733458519, 0.365439832211, 0.216732680798, 0.161700129509, 0.0990687832236, 0.054775249213, 0.0196564551443, 0.00518031930551, 0.000696497154422, 3.43069259543e-05, 3.74825976905e-05],
        "min": [1.03045944029e-21, 4.24508201789e-21, 6.44097835676e-21, 2.61117784175e-20, 6.64106219938e-20, 4.36964200877e-20, 1.53018202812e-19, 2.10744333102e-19, 2.88875690786e-19, 2.46527533091e-19, 7.14616840821e-19, 1.21515044692e-18, 2.54197648039e-18, 1.04478432796e-18, 2.96520985146e-18, 3.7930821938e-18, 5.60995463077e-18, 3.76099006757e-18, 3.17337295453e-18, 6.03889244613e-18, 8.07657661172e-18, 1.04268035271e-17, 6.84352122005e-18, 1.16714257989e-17, 1.61205391462e-17, 1.58688760623e-17, 1.55379624583e-17, 1.76087363299e-17, 1.80593562035e-17, 1.76200802848e-17, 1.72432962071e-17, 1.65999366333e-17, 1.29547179371e-17, 1.13488361133e-17, 9.71282671731e-18, 5.63233110711e-18, 2.85981794243e-18, 1.16755137255e-18, 3.10106625375e-19, 4.11858590739e-20],
        "stdev": [0.617651820183, 3.83242845535, 6.6078414917, 6.62704801559, 16.4353790283, 14.0309209824, 17.2432003021, 22.75922966, 38.5140228271, 46.81665802, 82.1702651978, 43.5104446411, 67.5542221069, 21.0257034302, 23.7351074219, 20.4018039703, 60.4081726074, 44.625377655, 61.8084373474, 51.6249313354, 73.1229476929, 58.3680725098, 40.789642334, 31.514131546, 39.625617981, 18.7418842316, 20.6360054016, 21.3840141296, 19.7827205658, 8.86641407013, 4.38674116135, 2.71717453003, 1.57179999352, 1.0652525425, 0.662063002586, 0.299609392881, 0.0970915779471, 0.017156329006, 0.000485316646518, 3.97791482101e-05],
        "var": [0.381493777037, 14.6875085831, 43.6635665894, 43.9177627563, 270.121704102, 196.866744995, 297.327941895, 517.982543945, 1483.33007812, 2191.79931641, 6751.95263672, 1893.15881348, 4563.57324219, 442.080230713, 563.355285645, 416.233581543, 3649.1472168, 1991.42419434, 3820.28271484, 2665.13354492, 5346.96533203, 3406.83178711, 1663.79492188, 993.140441895, 1570.1895752, 351.258239746, 425.844726562, 457.276092529, 391.356018066, 78.6132965088, 19.2434997559, 7.38303756714, 2.47055506706, 1.13476288319, 0.438327431679, 0.0897657945752, 0.0094267744571, 0.000294339610264, 2.35532240822e-07, 1.58238055992e-09]
    },
    "gfcc": {
        "mean": [-13.9365577698, 110.18396759, -120.645652771, 39.2791938782, -42.8644714355, 4.57370424271, -43.4781837463, 14.5120048523, -13.0017719269, 2.53201603889, -16.4278640747, 0.0387517660856, -10.7947845459],
        "cov": [[8344.62011719, -1229.609375, 588.189697266, 457.3878479, -494.465087891, 465.513061523, 97.7005081177, 236.513412476, -259.522521973, 327.217315674, -275.645874023, 278.610443115, -110.723716736], [-1229.609375, 1687.70959473, -285.907653809, -321.81149292, 454.124786377, -270.800079346, 74.6210861206, -95.2738571167, 165.514892578, -215.431640625, 182.61479187, -189.649490356, 109.89251709], [588.189697266, -285.907653809, 831.10736084, 158.76651001, 33.9911499023, 238.037185669, 21.4867401123, 88.6125946045, -39.3021011353, 114.73475647, -67.7542419434, 99.324798584, -46.8331222534], [457.3878479, -321.81149292, 158.76651001, 615.059448242, -72.2960128784, 128.120376587, 158.322265625, -40.7023506165, 38.2114639282, 43.3698348999, -1.67845976353, -9.75668334961, 29.0650234222], [-494.465087891, 454.124786377, 33.9911499023, -72.2960128784, 416.27746582, 2.59532594681, 11.5548582077, 53.5252838135, 49.596622467, -44.1302604675, 25.4230766296, -49.9561576843, 10.5245466232], [465.513061523, -270.800079346, 238.037185669, 128.120376587, 2.59532594681, 317.190765381, 102.694168091, 33.10572052, -40.142490387, 61.6805114746, -33.8077278137, 11.3002204895, -32.9076766968], [97.7005081177, 74.6210861206, 21.4867401123, 158.322265625, 11.5548582077, 102.694168091, 262.5050354, 11.4070472717, 32.9454154968, 8.94052505493, 36.9335098267, -25.9190807343, 16.6747894287], [236.513412476, -95.2738571167, 88.6125946045, -40.7023506165, 53.5252838135, 33.10572052, 11.4070472717, 160.28276062, 27.4003200531, 27.5526790619, -29.0377845764, 33.732673645, -14.1314058304], [-259.522521973, 165.514892578, -39.3021011353, 38.2114639282, 49.596622467, -40.142490387, 32.9454154968, 27.4003200531, 137.288208008, 3.54036474228, 26.1633243561, -30.5316295624, 23.2932491302], [327.217315674, -215.431640625, 114.73475647, 43.3698348999, -44.1302604675, 61.6805114746, 8.94052505493, 27.5526790619, 3.54036474228, 118.08480072, 1.38860750198, 31.4644985199, -31.0765571594], [-275.645874023, 182.61479187, -67.7542419434, -1.67845976353, 25.4230766296, -33.8077278137, 36.9335098267, -29.0377845764, 26.1633243561, 1.38860750198, 119.781089783, -2.11479377747, 15.119304657], [278.610443115, -189.649490356, 99.324798584, -9.75668334961, -49.9561576843, 11.3002204895, -25.9190807343, 33.732673645, -30.5316295624, 31.4644985199, -2.11479377747, 114.211036682, 6.77749872208], [-110.723716736, 109.89251709, -46.8331222534, 29.0650234222, 10.5245466232, -32.9076766968, 16.6747894287, -14.1314058304, 23.2932491302, -31.0765571594, 15.119304657, 6.77749872208, 89.203414917]],
        "icov": [[0.000213815001189, -0.000353886076482, 0.000161973657669, -0.000354276737198, 0.000373720977223, -0.000266521266894, 0.000123367572087, -0.000505732255988, 0.000568179006223, -0.000699317664839, 0.000652153859846, -0.000568205898162, 0.000196883964236], [-0.000353886076482, 0.00354989944026, -0.00120218622033, 0.00238868827, -0.00262650381774, 0.001961853588, -0.0017557872925, 0.00268225371838, -0.00277348817326, 0.00384898600169, -0.00368725741282, 0.0037241592072, -0.00202807364985], [0.000161973657669, -0.00120218622033, 0.0024428255856, -0.0012732433388, 0.000348502682755, -0.00172327179462, 0.000855953025166, -0.00114240974654, 0.00102494482417, -0.00229337671772, 0.00207300367765, -0.00289482716471, 0.00116359849926], [-0.000354276737198, 0.00238868827, -0.0012732433388, 0.00407101679593, -0.00143121276051, 0.000931394926738, -0.00232052546926, 0.00306908786297, -0.00296580046415, 0.0023047409486, -0.00214365799911, 0.00279858149588, -0.00221687112935], [0.000373720977223, -0.00262650381774, 0.000348502682755, -0.00143121276051, 0.00526993954554, -0.0018301847158, 0.00154615577776, -0.00359261664562, 0.00162224343512, -0.0015241879737, 0.00157249218319, -0.00097966962494, 0.00104706850834], [-0.000266521266894, 0.001961853588, -0.00172327179462, 0.000931394926738, -0.0018301847158, 0.00671669933945, -0.00307975499891, 0.00117831327952, 0.000433547218563, 0.000496497028507, -0.00103283196222, 0.00296312966384, -0.000490097329021], [0.000123367572087, -0.0017557872925, 0.000855953025166, -0.00232052546926, 0.00154615577776, -0.00307975499891, 0.00684968428686, -0.00263258605264, 0.000738672970328, -0.00114834250417, -0.000696693023201, -0.000348533067154, 5.72219250898e-05], [-0.000505732255988, 0.00268225371838, -0.00114240974654, 0.00306908786297, -0.00359261664562, 0.00117831327952, -0.00263258605264, 0.0120149105787, -0.00582883879542, 0.0021814845968, 0.000185960234376, -0.00104962813202, 5.24375282112e-05], [0.000568179006223, -0.00277348817326, 0.00102494482417, -0.00296580046415, 0.00162224343512, 0.000433547218563, 0.000738672970328, -0.00582883879542, 0.013621520251, -0.00585337262601, 0.00149126059841, 0.000782867486123, -0.00137482595164], [-0.000699317664839, 0.00384898600169, -0.00229337671772, 0.0023047409486, -0.0015241879737, 0.000496497028507, -0.00114834250417, 0.0021814845968, -0.00585337262601, 0.0178361982107, -0.00655005034059, 0.00194562901743, 0.00206308229826], [0.000652153859846, -0.00368725741282, 0.00207300367765, -0.00214365799911, 0.00157249218319, -0.00103283196222, -0.000696693023201, 0.000185960234376, 0.00149126059841, -0.00655005034059, 0.0156364440918, -0.0067440206185, 0.00192273955327], [-0.000568205898162, 0.0037241592072, -0.00289482716471, 0.00279858149588, -0.00097966962494, 0.00296312966384, -0.000348533067154, -0.00104962813202, 0.000782867486123, 0.00194562901743, -0.0067440206185, 0.0185203328729, -0.00640799663961], [0.000196883964236, -0.00202807364985, 0.00116359849926, -0.00221687112935, 0.00104706850834, -0.000490097329021, 5.72219250898e-05, 5.24375282112e-05, -0.00137482595164, 0.00206308229826, 0.00192273955327, -0.00640799663961, 0.0162183754146]]
    },
    "melbands": {
        "dmean": [0.00191165832803, 0.00152319495101, 0.000589739647694, 0.000467955629574, 0.000216710628592, 0.000222350106924, 0.000174871631316, 0.000140633783303, 0.000135439055157, 6.72573878546e-05, 7.72751445766e-05, 2.67406958301e-05, 1.96770251932e-05, 2.200219933e-05, 1.8803662897e-05, 2.5207620638e-05, 2.74043850368e-05, 2.31577068917e-05, 2.03152194445e-05, 2.4317212592e-05, 2.30051027756e-05, 2.38170396187e-05, 1.86254874279e-05, 1.00860715975e-05, 8.54111476656e-06, 9.00407940208e-06, 6.45316140435e-06, 4.53850407212e-06, 4.20700825998e-06, 4.02412115363e-06, 2.99223370348e-06, 4.29705369243e-06, 2.22032576858e-06, 1.40186443787e-06, 8.85602446488e-07, 6.29910289263e-07, 5.41376834917e-07, 4.24018253398e-07, 2.89367875439e-07, 3.0279156249e-07],
        "dmean2": [0.00278464891016, 0.00248339190148, 0.000983836362138, 0.000778059882578, 0.000340691767633, 0.000350157788489, 0.000266175688012, 0.000218143803068, 0.00021059611754, 0.000104552884295, 0.000118829462735, 4.33305758634e-05, 3.29985705321e-05, 3.46089036611e-05, 2.96526523016e-05, 4.0375845856e-05, 4.34628709627e-05, 3.58054203389e-05, 3.05212670355e-05, 3.77047908842e-05, 3.56566233677e-05, 3.71814458049e-05, 2.94298661174e-05, 1.56953447004e-05, 1.3599770682e-05, 1.3820958884e-05, 1.04807804746e-05, 7.56674126023e-06, 6.94741675034e-06, 6.47239176033e-06, 4.74670969197e-06, 7.26958842279e-06, 3.51154858436e-06, 2.28261592383e-06, 1.39511041652e-06, 1.03030708942e-06, 8.69608015819e-07, 6.53650545246e-07, 4.29072457564e-07, 4.43702248276e-07],
        "dvar": [1.72181680682e-05, 9.35947900871e-06, 1.27474584133e-06, 1.24611187857e-06, 1.15904207121e-07, 1.25777077642e-07, 1.19896157003e-07, 1.24970739535e-07, 1.23427810195e-07, 2.98581355196e-08, 4.5442817509e-08, 3.02205016567e-09, 1.53091528343e-09, 1.99659488942e-09, 2.24582819008e-09, 4.37444347412e-09, 3.13706460808e-09, 3.42307404644e-09, 1.78746972779e-09, 1.91148674666e-09, 2.56557042277e-09, 1.70678926548e-09, 1.23967291987e-09, 2.56180132663e-10, 3.49694884161e-10, 4.95436303094e-10, 2.3517099379e-10, 1.36861202926e-10, 1.25458379796e-10, 9.94167109747e-11, 9.45760483817e-11, 1.39205189043e-10, 2.54519270243e-11, 1.08357229439e-11, 3.27949169557e-12, 1.90087442314e-12, 1.28771494336e-12, 6.40548432438e-13, 2.63905650805e-13, 4.22802716232e-13],
        "dvar2": [3.2489788282e-05, 2.49977529165e-05, 3.47325976691e-06, 3.47922605215e-06, 2.80407135733e-07, 3.17625250545e-07, 2.80683735809e-07, 2.69014776677e-07, 2.62096847337e-07, 7.26169844256e-08, 1.08569246038e-07, 7.42179384616e-09, 4.03726341247e-09, 4.77353312434e-09, 4.79457584746e-09, 1.00980530604e-08, 7.5979684766e-09, 8.44072456374e-09, 3.94150312388e-09, 4.28410018571e-09, 5.61767699025e-09, 3.82544529387e-09, 2.99250935143e-09, 6.03329108895e-10, 8.15184308944e-10, 1.10981590584e-09, 6.32231766939e-10, 3.69411973233e-10, 3.34347022291e-10, 2.42677350437e-10, 2.16570122946e-10, 3.40289074696e-10, 6.28857035889e-11, 3.02618104187e-11, 8.24572701785e-12, 5.02564786661e-12, 3.42875662758e-12, 1.56227916888e-12, 5.85378750681e-13, 9.48435557521e-13],
        "max": [0.0318190008402, 0.0274370387197, 0.0121670868248, 0.0142403636128, 0.00516754901037, 0.00693616550416, 0.0055383797735, 0.00825925916433, 0.00661770207807, 0.00452203629538, 0.00446069426835, 0.00103258702438, 0.000635731266811, 0.000876655220054, 0.0011063690763, 0.00189427449368, 0.000977800111286, 0.00133510446176, 0.00103783700615, 0.000691898167133, 0.001126679359, 0.00058685685508, 0.000717690738384, 0.000247439165832, 0.00030919330311, 0.000578125298489, 0.000217010179767, 0.000201370101422, 0.000201449671295, 0.000183810218005, 0.000196277891519, 0.0002348668786, 8.26860050438e-05, 5.54654798179e-05, 3.27983361785e-05, 1.70668736246e-05, 1.56039222929e-05, 1.07019268398e-05, 6.02676936978e-06, 1.26923732751e-05],
        "mean": [0.00325991166756, 0.00304621714167, 0.00103512441274, 0.000700560340192, 0.000442615826614, 0.000434384128312, 0.000338713405654, 0.000274548860034, 0.000277566665318, 0.000128467785544, 0.000145410493133, 4.74134576507e-05, 3.27083143929e-05, 3.65413397958e-05, 3.17027406709e-05, 4.80469352624e-05, 5.31245132152e-05, 4.41860574938e-05, 3.71037458535e-05, 4.91616046929e-05, 4.66747151222e-05, 4.67311328975e-05, 3.5130087781e-05, 1.74909873749e-05, 1.39550438689e-05, 1.48416147567e-05, 9.29406724026e-06, 5.77015043746e-06, 5.33112461198e-06, 5.2249329201e-06, 4.08795403928e-06, 4.99235784446e-06, 3.3533781334e-06, 2.08188043871e-06, 1.41701127632e-06, 9.26350764985e-07, 8.50648973483e-07, 6.96217227869e-07, 4.97901055496e-07, 4.87288502882e-07],
        "median": [0.00144243845716, 0.00224936637096, 0.000600020284764, 0.000369306420907, 0.00025289983023, 0.000263666326646, 0.000152454682393, 6.8628025474e-05, 8.52251250762e-05, 5.21710244357e-05, 3.85318380722e-05, 1.60690451594e-05, 1.00151992228e-05, 1.19565702335e-05, 9.79765445663e-06, 1.13851529022e-05, 2.14903848246e-05, 1.6267555111e-05, 1.54668960022e-05, 1.79535181815e-05, 1.97033150471e-05, 2.29709185078e-05, 1.72526179085e-05, 8.21175126475e-06, 5.30311308466e-06, 4.25084635935e-06, 2.1631412892e-06, 1.19822993838e-06, 7.55605015001e-07, 7.74550017013e-07, 5.71527550619e-07, 6.05377181273e-07, 5.08370590069e-07, 3.12357286703e-07, 2.18557104859e-07, 1.38240480396e-07, 1.27119591298e-07, 1.2181763509e-07, 8.48035313084e-08, 7.99177115596e-08],
        "min": [8.66068220851e-24, 5.05831378051e-24, 6.91873927912e-24, 3.70357652113e-24, 5.19056986114e-24, 3.96942382948e-24, 4.04331011958e-24, 3.34104642023e-24, 4.84411832321e-24, 7.53496823043e-24, 1.23931144727e-23, 3.66982274072e-24, 7.74066450032e-24, 1.19304964612e-23, 8.6721759119e-24, 1.32364990771e-23, 6.29972052122e-24, 4.44557474984e-24, 5.92411820627e-24, 1.02777571341e-23, 9.33411225291e-24, 9.98569479454e-24, 7.94927797785e-24, 5.2791498689e-24, 9.27884229131e-24, 1.2675286863e-23, 9.21406813352e-24, 1.17371324538e-23, 1.07510279233e-23, 8.3733191134e-24, 1.05247999706e-23, 1.05103874819e-23, 8.4057192085e-24, 1.05808130392e-23, 1.02014537741e-23, 7.36682489506e-24, 1.14060278103e-23, 8.94758697543e-24, 9.22264778472e-24, 9.25659089175e-24],
        "stdev": [0.00513331685215, 0.00358264287934, 0.00127745629288, 0.00108057342004, 0.000556934508495, 0.000525793991983, 0.000542597495951, 0.00059096532641, 0.000607966037933, 0.000264302827418, 0.000337941106409, 8.9790977654e-05, 6.39900317765e-05, 7.31174295652e-05, 7.87193857832e-05, 0.000128296320327, 8.9974659204e-05, 0.000112181529403, 6.7072280217e-05, 8.46449911478e-05, 8.90148367034e-05, 6.71359302942e-05, 5.27421470906e-05, 2.48839314736e-05, 2.73745808954e-05, 3.40427759511e-05, 2.02641913347e-05, 1.2526122191e-05, 1.30992257255e-05, 1.26989825731e-05, 1.23762802104e-05, 1.31227452584e-05, 6.93597803547e-06, 4.64434515379e-06, 2.76716150438e-06, 1.80455515419e-06, 1.66804727542e-06, 1.22445248962e-06, 8.53969481796e-07, 9.72683096734e-07],
        "var": [2.63509409706e-05, 1.28353294713e-05, 1.63189451996e-06, 1.16763885671e-06, 3.10176034191e-07, 2.7645930345e-07, 2.94412046742e-07, 3.49240025344e-07, 3.69622711105e-07, 6.98559787793e-08, 1.14204198098e-07, 8.0624200649e-09, 4.09472455942e-09, 5.34615818282e-09, 6.19674134228e-09, 1.64599445185e-08, 8.09543987401e-09, 1.25846950638e-08, 4.49869030916e-09, 7.16477499552e-09, 7.92364129865e-09, 4.50723325329e-09, 2.78173395429e-09, 6.19210072106e-10, 7.4936767902e-10, 1.1589105231e-09, 4.10637440718e-10, 1.56903726123e-10, 1.71589714659e-10, 1.61264168685e-10, 1.53172322048e-10, 1.72206443549e-10, 4.81077885861e-11, 2.15699437478e-11, 7.65718304735e-12, 3.25641922282e-12, 2.78238174688e-12, 1.49928377005e-12, 7.29263871513e-13, 9.46112329106e-13]
    },
    "melbands128": {
