{
"lowlevel": {
    "average_loudness": 0.897182822227,
    "barkbands_crest": {
        "dmean": 1.9680608511,
        "dmean2": 3.15641593933,
        "dvar": 3.66617488861,
        "dvar2": 9.09784030914,
        "max": 24.5880451202,
        "mean": 10.322467804,
        "median": 9.55737495422,
        "min": 3.27606105804,
        "stdev": 4.01310873032,
        "var": 16.1050415039
    },
    "barkbands_flatness_db": {
        "dmean": 0.019013453275,
        "dmean2": 0.0283473934978,
        "dvar": 0.000354936870281,
        "dvar2": 0.000696137838531,
        "max": 0.444092750549,
        "mean": 0.215596631169,
        "median": 0.207200393081,
        "min": 0.0434851199389,
        "stdev": 0.0680577158928,
        "var": 0.00463185319677
    },
    "barkbands_kurtosis": {
        "dmean": 2.86588597298,
        "dmean2": 4.46126556396,
        "dvar": 39.5864982605,
        "dvar2": 100.492515564,
        "max": 188.440994263,
        "mean": 6.14995527267,
        "median": 0.583623409271,
        "min": -1.94152271748,
        "stdev": 12.7759485245,
        "var": 163.224868774
    },
    "barkbands_skewness": {
        "dmean": 0.480640232563,
        "dmean2": 0.711288928986,
        "dvar": 0.266124904156,
        "dvar2": 0.56864541769,
        "max": 11.889043808,
        "mean": 1.41146147251,
        "median": 0.895247101784,
        "min": -2.57595252991,
        "stdev": 1.68062806129,
        "var": 2.82451081276
    },
    "barkbands_spread": {
        "dmean": 3.56968784332,
        "dmean2": 5.26732635498,
        "dvar": 35.9561691284,
        "dvar2": 64.3803329468,
        "max": 103.388442993,
        "mean": 16.3352375031,
        "median": 14.2401723862,
        "min": 0.676431417465,
        "stdev": 13.0359611511,
        "var": 169.936294556
    },
    "dissonance": {
        "dmean": 0.0291348285973,
        "dmean2": 0.0489446148276,
        "dvar": 0.000766962359194,
        "dvar2": 0.00187521462794,
        "max": 0.5,
        "mean": 0.429509311914,
        "median": 0.438155084848,
        "min": 0.247413352132,
        "stdev": 0.044436223805,
        "var": 0.00197457801551
    },
    "dynamic_complexity": 3.54017925262,
    "erbbands_crest": {
        "dmean": 2.45906114578,
        "dmean2": 3.83923768997,
        "dvar": 5.18712997437,
        "dvar2": 12.0144681931,
        "max": 28.9815864563,
        "mean": 12.5745887756,
        "median": 11.9731464386,
        "min": 3.27109098434,
        "stdev": 4.65545129776,
        "var": 21.6732273102
    },
    "erbbands_flatness_db": {
        "dmean": 0.01657576859,
        "dmean2": 0.0237647648901,
        "dvar": 0.000261734385276,
        "dvar2": 0.000498438428622,
        "max": 0.367826640606,
        "mean": 0.226497009397,
        "median": 0.227686315775,
        "min": 0.0607238151133,
        "stdev": 0.0507953613997,
        "var": 0.002580168657
    },
    "erbbands_kurtosis": {
        "dmean": 1.19071042538,
        "dmean2": 1.7698559761,
        "dvar": 2.05416512489,
        "dvar2": 4.64393854141,
        "max": 23.8990821838,
        "mean": 1.68484377861,
        "median": 1.11411952972,
        "min": -1.73561298847,
        "stdev": 2.6501891613,
        "var": 7.02350282669
    },
    "erbbands_skewness": {
        "dmean": 0.360379248857,
        "dmean2": 0.52799397707,
        "dvar": 0.130341529846,
        "dvar2": 0.267609834671,
        "max": 4.54844713211,
        "mean": -0.0114463157952,
        "median": -0.0170067958534,
        "min": -3.64361190796,
        "stdev": 1.09964394569,
        "var": 1.20921671391
    },
    "erbbands_spread": {
        "dmean": 5.79508495331,
        "dmean2": 8.58425807953,
        "dvar": 58.4161643982,
        "dvar2": 124.527160645,
        "max": 122.604637146,
        "mean": 26.1856441498,
        "median": 21.8235569,
        "min": 3.74642038345,
        "stdev": 16.3698062897,
        "var": 267.970550537
    },
    "hfc": {
        "dmean": 5.51570987701,
        "dmean2": 7.17659664154,
        "dvar": 170.469329834,
        "dvar2": 279.150726318,
        "max": 339.961517334,
        "mean": 16.3351173401,
        "median": 8.27287864685,
        "min": 1.24329348883e-16,
        "stdev": 23.7996044159,
        "var": 566.421203613
    },
    "loudness_ebu128": {
        "integrated": -13.203502655,
        "loudness_range": 4.66637039185,
        "momentary": {
            "dmean": 0.686674058437,
            "dmean2": 0.749071538448,
            "dvar": 0.440468609333,
            "dvar2": 0.601753354073,
            "max": -8.64555740356,
            "mean": -14.2545757294,
            "median": -13.6034908295,
            "min": -22.9392204285,
            "stdev": 3.22416496277,
            "var": 10.39523983
        },
        "short_term": {
            "dmean": 0.151653811336,
            "dmean2": 0.126882523298,
            "dvar": 0.020936274901,
            "dvar2": 0.0207215677947,
            "max": -10.3399829865,
            "mean": -13.5884504318,
            "median": -13.2393169403,
            "min": -18.7767295837,
            "stdev": 1.77579581738,
            "var": 3.15345072746
        }
    },
    "melbands_crest": {
        "dmean": 2.48242926598,
        "dmean2": 3.95138573647,
        "dvar": 5.5649933815,
        "dvar2": 14.0955753326,
        "max": 29.2579593658,
        "mean": 14.0596704483,
        "median": 13.5334033966,
        "min": 1.92645800114,
        "stdev": 4.89978933334,
        "var": 24.0079345703
    },
    "melbands_flatness_db": {
        "dmean": 0.0227106865495,
        "dmean2": 0.0329902619123,
        "dvar": 0.000548386597075,
        "dvar2": 0.000997555325739,
        "max": 0.553614854813,
        "mean": 0.2762401402,
        "median": 0.267528235912,
        "min": 0.00565995788202,
        "stdev": 0.0878502577543,
        "var": 0.00771766807884
    },
    "melbands_kurtosis": {
        "dmean": 5.21527147293,
        "dmean2": 8.02417945862,
        "dvar": 111.001838684,
        "dvar2": 260.775085449,
        "max": 214.258163452,
        "mean": 12.519408226,
        "median": 2.57763719559,
        "min": -1.78074300289,
        "stdev": 22.27277565,
        "var": 496.076538086
    },
    "melbands_skewness": {
        "dmean": 0.573746800423,
        "dmean2": 0.845411896706,
        "dvar": 0.422423869371,
        "dvar2": 0.914034247398,
        "max": 10.6301765442,
        "mean": 2.18615889549,
        "median": 1.68128883839,
        "min": -1.38763010502,
        "stdev": 1.92383217812,
        "var": 3.70113015175
    },
    "melbands_spread": {
        "dmean": 5.62976408005,
        "dmean2": 8.2069272995,
        "dvar": 106.199745178,
        "dvar2": 196.408050537,
        "max": 186.528320312,
        "mean": 22.9776325226,
        "median": 20.4605522156,
        "min": 0.737340331078,
        "stdev": 19.7238254547,
        "var": 389.029327393
    },
    "pitch_salience": {
        "dmean": 0.0588245280087,
        "dmean2": 0.0911118611693,
        "dvar": 0.00303036323749,
        "dvar2": 0.00729073723778,
        "max": 0.940772473812,
        "mean": 0.482595950365,
        "median": 0.47201526165,
        "min": 0.140812546015,
        "stdev": 0.11968664825,
        "var": 0.0143248932436
    },
    "silence_rate_20dB": {
        "dmean": 0,
        "dmean2": 0,
        "dvar": 0,
        "dvar2": 0,
        "max": 1,
        "mean": 1,
        "median": 1,
        "min": 1,
        "stdev": 0,
        "var": 0
    },
    "silence_rate_30dB": {
        "dmean": 0,
        "dmean2": 0,
        "dvar": 0,
        "dvar2": 0,
        "max": 1,
        "mean": 1,
        "median": 1,
        "min": 1,
        "stdev": 0,
        "var": 0
    },
    "silence_rate_60dB": {
        "dmean": 0.0242268033326,
        "dmean2": 0.0484785959125,
        "dvar": 0.0236402004957,
        "dvar2": 0.0523169785738,
        "max": 1,
        "mean": 0.0422462634742,
        "median": 0,
        "min": 0,
        "stdev": 0.201151356101,
        "var": 0.0404618680477
    },
    "spectral_centroid": {
        "dmean": 173.261642456,
        "dmean2": 235.331741333,
        "dvar": 89922.3515625,
        "dvar2": 121038.304688,
        "max": 10785.7890625,
        "mean": 994.901184082,
        "median": 890.938598633,
        "min": 174.152648926,
        "stdev": 658.631286621,
        "var": 433795.15625
    },
    "spectral_complexity": {
        "dmean": 1.77371132374,
        "dmean2": 2.69210934639,
        "dvar": 6.45756816864,
        "dvar2": 10.7257757187,
        "max": 43,
        "mean": 11.0020608902,
        "median": 9,
        "min": 0,
        "stdev": 6.35672235489,
        "var": 40.4079208374
    },
    "spectral_decrease": {
        "dmean": 1.10141196163e-09,
        "dmean2": 1.56471491319e-09,
        "dvar": 2.31410724679e-18,
        "dvar2": 4.29460883022e-18,
        "max": 2.50033524011e-29,
        "mean": -4.11245260068e-09,
        "median": -3.22280713227e-09,
        "min": -2.36477859517e-08,
        "stdev": 3.21797077873e-09,
        "var": 1.03553359494e-17
    },
    "spectral_energy": {
        "dmean": 0.00455857347697,
        "dmean2": 0.00639468012378,
        "dvar": 4.05939244956e-05,
        "dvar2": 7.46344376239e-05,
        "max": 0.0948811322451,
        "mean": 0.0170029886067,
        "median": 0.0131204873323,
        "min": 1.11826684336e-20,
        "stdev": 0.0136864474043,
        "var": 0.000187318844837
    },
    "spectral_energyband_high": {
        "dmean": 0.000311417563353,
        "dmean2": 0.000407261890359,
        "dvar": 2.34472076954e-06,
        "dvar2": 3.23374320033e-06,
        "max": 0.0502905324101,
        "mean": 0.00051173887914,
        "median": 2.43342274189e-05,
        "min": 8.26763710293e-21,
        "stdev": 0.0023933108896,
        "var": 5.72793715037e-06
    },
    "spectral_energyband_low": {
        "dmean": 0.00161188142374,
        "dmean2": 0.00254303938709,
        "dvar": 6.47766501061e-06,
        "dvar2": 1.46114034578e-05,
        "max": 0.0404519625008,
        "mean": 0.00380720128305,
        "median": 0.00237519433722,
        "min": 3.82282531096e-23,
        "stdev": 0.00432436307892,
        "var": 1.87001169252e-05
    },
    "spectral_energyband_middle_high": {
        "dmean": 0.00203600060195,
        "dmean2": 0.00277705513872,
        "dvar": 1.21711946122e-05,
        "dvar2": 2.37516760535e-05,
        "max": 0.0506733432412,
        "mean": 0.00665492843837,
        "median": 0.00402366602793,
        "min": 1.47615015026e-21,
        "stdev": 0.0080415699631,
        "var": 6.46668413538e-05
    },
    "spectral_energyband_middle_low": {
        "dmean": 0.00268618389964,
        "dmean2": 0.00386418588459,
        "dvar": 1.83669999387e-05,
        "dvar2": 3.85306557291e-05,
        "max": 0.0776922479272,
        "mean": 0.00736803608015,
        "median": 0.00515713030472,
        "min": 3.7652742476e-22,
        "stdev": 0.00696625793353,
        "var": 4.85287491756e-05
    },
    "spectral_entropy": {
        "dmean": 0.18431147933,
        "dmean2": 0.268704742193,
        "dvar": 0.043085500598,
        "dvar2": 0.0746210515499,
        "max": 9.80306339264,
        "mean": 6.69406032562,
        "median": 6.67466926575,
        "min": 4.71816301346,
        "stdev": 0.660019636154,
        "var": 0.435625940561
    },
    "spectral_flux": {
        "dmean": 0.016122892499,
        "dmean2": 0.0248954035342,
        "dvar": 0.000294272904284,
        "dvar2": 0.00060944550205,
        "max": 0.27610039711,
        "mean": 0.0520067103207,
        "median": 0.0417098887265,
        "min": 1.05748139412e-10,
        "stdev": 0.0372062474489,
        "var": 0.00138430471998
    },
    "spectral_kurtosis": {
        "dmean": 4.28194856644,
        "dmean2": 7.22206354141,
        "dvar": 30.153137207,
        "dvar2": 80.3921966553,
        "max": 76.264289856,
        "mean": 11.8001127243,
        "median": 9.72514343262,
        "min": -1.26974582672,
        "stdev": 9.40864849091,
        "var": 88.5226593018
    },
    "spectral_rms": {
        "dmean": 0.000522054964676,
        "dmean2": 0.000727246922906,
        "dvar": 3.27363437691e-07,
        "dvar2": 5.76837692279e-07,
        "max": 0.00962117221206,
        "mean": 0.00378296733834,
        "median": 0.0035777753219,
        "min": 3.30301693115e-12,
        "stdev": 0.00150912278332,
        "var": 2.27745158554e-06
    },
    "spectral_rolloff": {
        "dmean": 323.308685303,
        "dmean2": 527.815795898,
        "dvar": 820956.3125,
        "dvar2": 1443163,
        "max": 18733.8867188,
        "mean": 1401.97192383,
        "median": 1162.79296875,
        "min": 129.19921875,
        "stdev": 1464.18896484,
        "var": 2143849.5
    },
    "spectral_skewness": {
        "dmean": 0.400348633528,
        "dmean2": 0.645465195179,
        "dvar": 0.183346480131,
        "dvar2": 0.465052634478,
        "max": 6.98575115204,
        "mean": 2.4260764122,
        "median": 2.40030503273,
        "min": -0.134446129203,
        "stdev": 0.926358580589,
        "var": 0.858140170574
    },
    "spectral_spread": {
        "dmean": 492976.9375,
        "dmean2": 723044.5625,
        "dvar": 1.18151826637e+12,
        "dvar2": 2.13963230413e+12,
        "max": 47434028,
        "mean": 3526467.5,
        "median": 3135257.25,
        "min": 1147500.375,
        "stdev": 2155224,
        "var": 4.6449908777e+12
    },
    "spectral_strongpeak": {
        "dmean": 0.614998579025,
        "dmean2": 1.0451015234,
        "dvar": 0.953052282333,
        "dvar2": 2.31789255142,
        "max": 11.1246547699,
        "mean": 1.29105722904,
        "median": 0.55540317297,
        "min": 0,
        "stdev": 1.41553711891,
        "var": 2.00374531746
    },
    "zerocrossingrate": {
        "dmean": 0.00775234587491,
        "dmean2": 0.00873492099345,
        "dvar": 0.00023825019889,
        "dvar2": 0.00027508547646,
        "max": 0.51171875,
        "mean": 0.0467031821609,
        "median": 0.0400390625,
        "min": 0.00537109375,
        "stdev": 0.0394356548786,
        "var": 0.00155517098028
    },
    "barkbands": {
        "dmean": [1.56653482009e-06, 8.13172009657e-05, 0.00100600428414, 0.00106783700176, 0.00100523442961, 0.000570653937757, 0.000726187659893, 0.000301875115838, 0.000225006588153, 0.000466107856482, 0.000677235191688, 0.000214868516196, 0.000388857821235, 0.000326145527652, 0.000244338589255, 0.00017424573889, 0.000221675465582, 0.000305013440084, 6.46755943308e-05, 3.93802110921e-05, 4.45950281573e-05, 0.000113392219646, 7.63665229897e-05, 4.87547840748e-05, 3.9766462578e-05, 1.43251945701e-05, 5.20749097177e-07],
        "dmean2": [2.65383755504e-06, 0.000127032093587, 0.00157035526354, 0.00173353927676, 0.00150776142254, 0.000817096966784, 0.00111426727381, 0.000442331278464, 0.000316955993185, 0.000706681516021, 0.00102348544169, 0.000306290603476, 0.000527135736775, 0.000458607857581, 0.000356076925527, 0.000246806215728, 0.000331970397383, 0.000421772623667, 9.22783292481e-05, 5.62241111766e-05, 6.32158553344e-05, 0.00014969430049, 0.000103767757537, 6.82150057401e-05, 5.73474062548e-05, 2.03248036996e-05, 8.78708362961e-07],
        "dvar": [4.61505347826e-11, 9.02400358882e-08, 3.24495363202e-06, 2.09265454032e-06, 2.66287042905e-06, 4.05293803851e-06, 4.66356368634e-06, 1.66780614563e-06, 7.19697595741e-07, 1.82878841315e-06, 2.26585848395e-06, 7.82096549301e-07, 7.23565563021e-07, 5.91768014147e-07, 3.01578893414e-07, 4.70618147119e-07, 5.15106194143e-07, 9.50290768742e-07, 6.00000120698e-08, 6.8788274632e-08, 1.00620908938e-07, 2.92555398573e-07, 1.84817082527e-07, 7.35453795642e-08, 4.05369426915e-08, 4.10761424874e-09, 7.12409254852e-12],
        "dvar2": [8.43496036906e-11, 2.06246241419e-07, 6.50572019367e-06, 5.67339748159e-06, 6.47648403174e-06, 8.53319124872e-06, 1.14440990728e-05, 3.75616332349e-06, 1.47539594764e-06, 4.33220338891e-06, 5.14456451128e-06, 1.73322098362e-06, 1.38407415307e-06, 1.21300104183e-06, 5.68059931538e-07, 9.58709051702e-07, 1.2447460449e-06, 2.02121191251e-06, 1.12438705457e-07, 1.54060955992e-07, 1.47130620576e-07, 4.20363960529e-07, 2.57458680153e-07, 1.46055995742e-07, 7.28870617195e-08, 8.79725181591e-09, 1.90908591019e-11],
        "max": [0.000210876925848, 0.00569058116525, 0.0333771258593, 0.0158424302936, 0.033195335418, 0.0447285175323, 0.0272476058453, 0.0265148486942, 0.0202608928084, 0.0205398797989, 0.0230243392289, 0.021158574149, 0.0137725546956, 0.0135979214683, 0.00982724316418, 0.020170301199, 0.0120882326737, 0.0162939690053, 0.00652786390856, 0.00891684368253, 0.00802155211568, 0.0202608350664, 0.0159920360893, 0.00643347902223, 0.00569251505658, 0.0013573563192, 4.64520235255e-05],
        "mean": [1.43647798723e-06, 0.000163078759215, 0.00239128200337, 0.00198677368462, 0.0022168958094, 0.000920820166357, 0.0011565197492, 0.000433976732893, 0.000431182153989, 0.00088555138791, 0.0017812725855, 0.000430690095527, 0.000887522823177, 0.000837276515085, 0.000667178363074, 0.000276284408756, 0.000379769160645, 0.000504027411807, 0.000107490319351, 5.93797412876e-05, 6.89115986461e-05, 0.000168275306351, 0.000108838241431, 6.38847850496e-05, 5.45511320524e-05, 1.96420933207e-05, 4.81725408008e-07],
        "median": [3.43338285802e-07, 5.52781239094e-05, 0.00111797568388, 0.0013417985756, 0.00144974770956, 0.000277237675618, 0.0003217990743, 3.94206654164e-05, 5.23502530996e-05, 5.74056721234e-05, 0.000127717139549, 1.20737022371e-05, 8.12644939288e-05, 3.48309877154e-05, 0.000128103842144, 5.66699236515e-05, 6.04700326221e-05, 5.37194209755e-05, 1.05993503894e-05, 5.83318615099e-06, 3.05902176478e-06, 3.8461330405e-06, 4.72125111628e-06, 1.85738588243e-06, 2.72426018455e-06, 1.02707451788e-06, 1.07083879541e-08],
        "min": [5.92331419923e-23, 6.50139162835e-24, 5.42115627032e-24, 1.74959645789e-23, 5.54240545363e-23, 4.30262281974e-23, 6.95878059649e-23, 9.25781031294e-23, 9.68121972868e-23, 8.01479271825e-23, 1.18367556465e-22, 1.24945974838e-22, 6.37663974485e-23, 1.95892779884e-22, 2.09606981571e-22, 1.04803471853e-22, 1.1877203385e-22, 1.87685963275e-22, 1.64215521187e-22, 2.71595318093e-22, 5.30025570042e-22, 5.68462710364e-22, 5.8667860676e-22, 9.85093147729e-22, 1.10503080245e-21, 1.94339461012e-21, 2.55802837739e-21],
        "stdev": [8.1583566498e-06, 0.000444331963081, 0.00355638307519, 0.00207537272945, 0.00238122884184, 0.00223762681708, 0.00258122524247, 0.00151273712981, 0.00138235383201, 0.00224390719086, 0.00266453716904, 0.00141782255378, 0.0016887091333, 0.00164232472889, 0.00116155750584, 0.000927022250835, 0.000918519217521, 0.00140518869739, 0.000394124537706, 0.000326703244355, 0.000485300581204, 0.000828289485071, 0.000641161226667, 0.000357663317118, 0.000284875684883, 9.07399444259e-05, 2.71802923635e-06],
        "var": [6.65587793214e-11, 1.97430892968e-07, 1.26478598759e-05, 4.30717227573e-06, 5.67025108467e-06, 5.00697342432e-06, 6.66272353556e-06, 2.28837370742e-06, 1.91090225599e-06, 5.0351191021e-06, 7.09975847712e-06, 2.01022089641e-06, 2.85173859993e-06, 2.69723068413e-06, 1.34921572226e-06, 8.59370288708e-07, 8.43677526063e-07, 1.97455528905e-06, 1.55334149099e-07, 1.06735001282e-07, 2.35516665725e-07, 6.86063458488e-07, 4.11087683005e-07, 1.27923044602e-07, 8.11541625012e-08, 8.23373724756e-09, 7.38768334702e-12]
    },
    "erbbands": {
        "dmean": [0.000907093693968, 0.032917574048, 0.708966612816, 2.87543559074, 3.19304084778, 3.95623064041, 2.63002681732, 5.00341510773, 10.2577438354, 8.41321563721, 6.51859998703, 3.86708188057, 10.6541175842, 20.104801178, 21.7736663818, 9.37430667877, 14.4399032593, 19.247297287, 10.6856508255, 12.0682191849, 10.2932882309, 12.5798377991, 16.6720485687, 7.29679107666, 2.07455277443, 1.87161493301, 1.67301607132, 2.05736017227, 4.035115242, 3.55235362053, 2.01435494423, 1.39855253696, 0.640667200089, 0.523342370987, 0.238754481077, 0.0891237780452, 0.0231133364141, 0.00289729726501, 6.44803367322e-05, 7.62268018661e-06],
        "dmean2": [0.00137295492459, 0.0509448349476, 1.10402357578, 4.60529470444, 5.095246315, 6.00891828537, 3.77512049675, 7.16585493088, 15.7930583954, 12.1562957764, 9.57605743408, 5.33946180344, 14.787402153, 29.0286006927, 32.1301040649, 13.0850467682, 18.8430366516, 27.7811012268, 14.9418125153, 17.8521194458, 13.969127655, 18.0390510559, 23.0579967499, 10.4355802536, 3.04688000679, 2.67300534248, 2.36377239227, 2.90580511093, 5.77604627609, 4.87502670288, 2.82318925858, 1.95222961903, 0.886450409889, 0.773691654205, 0.339452534914, 0.133693605661, 0.0324794799089, 0.00449985731393, 9.91747074295e-05, 1.06487404992e-05],
        "dvar": [1.33845614982e-05, 0.0073906397447, 1.59909081459, 17.3974552155, 22.2593669891, 55.192691803, 39.3007926941, 371.264984131, 1530.31213379, 642.295593262, 816.270324707, 178.90045166, 1201.69372559, 2679.6652832, 2659.74194336, 1085.77526855, 1100.89819336, 1904.45275879, 686.877075195, 969.800964355, 1601.49035645, 1532.71826172, 2986.79174805, 738.384399414, 93.5102996826, 143.800430298, 138.350814819, 151.705444336, 337.448638916, 409.757537842, 179.823974609, 77.1563034058, 10.4962787628, 7.17352485657, 1.53877961636, 0.198532387614, 0.0115988133475, 0.000213758190512, 9.76573844014e-08, 2.37827674221e-10],
        "dvar2": [2.93617576972e-05, 0.0169235225767, 3.09158039093, 43.9588775635, 51.9142227173, 140.6900177, 82.965637207, 772.445129395, 3797.54052734, 1348.90820312, 1895.84228516, 319.803741455, 2179.18432617, 6036.33837891, 5999.3125, 2563.28442383, 1870.4354248, 4447.22412109, 1354.01477051, 2134.11791992, 3063.40234375, 3585.7097168, 6200.80761719, 1586.35559082, 205.059829712, 310.155517578, 229.316177368, 234.547958374, 567.488098145, 683.874938965, 267.147735596, 159.225296021, 17.7556419373, 13.7529563904, 2.80323147774, 0.441959798336, 0.0229925122112, 0.000503097777255, 2.31127643247e-07, 4.59094762206e-10],
        "max": [0.0995155796409, 1.52318012714, 22.857465744, 47.5794525146, 71.0816802979, 131.985748291, 119.577033997, 449.97845459, 599.545043945, 571.450500488, 461.140167236, 294.036590576, 645.559143066, 1260.42431641, 836.243591309, 1014.53857422, 549.963317871, 712.276184082, 539.251525879, 643.480224609, 1309.43884277, 601.428771973, 1002.54632568, 687.859619141, 320.543701172, 393.573272705, 330.296844482, 342.437591553, 515.562866211, 839.799987793, 498.48324585, 226.424682617, 80.9331817627, 65.1161270142, 35.7788772583, 10.1233215332, 2.92976784706, 0.297272503376, 0.00637268368155, 0.000370646099327],
        "mean": [0.00198983517475, 0.0843801647425, 1.85716354847, 5.98234653473, 6.54602241516, 8.41719245911, 5.28023862839, 8.038813591, 14.940032959, 15.113574028, 9.62516117096, 8.17808818817, 20.7690143585, 46.0708656311, 59.1009635925, 22.9718723297, 35.9429588318, 54.2375450134, 26.5064163208, 32.7753753662, 18.0427722931, 22.0530662537, 27.9526100159, 12.7382917404, 3.8861913681, 2.95437550545, 2.49247288704, 3.18158864975, 6.04053974152, 5.01737356186, 2.86839652061, 1.75456738472, 0.870101511478, 0.712834358215, 0.316330045462, 0.117151997983, 0.030460152775, 0.00356626906432, 8.98104990483e-05, 2.44524544541e-05],
        "median": [0.000819712586235, 0.038823671639, 0.935878455639, 4.08186340332, 3.9549767971, 5.12906646729, 2.64165210724, 2.02800512314, 2.57914805412, 5.98446273804, 0.977270185947, 1.3495670557, 2.49294710159, 22.5538845062, 7.8950920105, 4.77245330811, 5.61250829697, 4.76865673065, 5.77675151825, 7.11913299561, 4.65723514557, 3.22654628754, 3.2193672657, 1.53492438793, 0.530503928661, 0.340318143368, 0.13957118988, 0.110018379986, 0.128519669175, 0.159328117967, 0.118853852153, 0.0460130572319, 0.029864968732, 0.0307084880769, 0.0168834254146, 0.00586394080892, 0.00155636807904, 0.000214471467189, 1.34414995046e-05, 1.62888500199e-05],
        "min": [3.08824882763e-22, 1.78911896353e-21, 5.2797088652e-21, 3.27526493314e-20, 1.4946675455e-19, 2.17671621766e-19, 1.4246339112e-19, 4.38795171625e-19, 6.97112975276e-19, 1.49393057928e-18, 2.41678496943e-18, 2.43492855578e-18, 1.68352730331e-18, 2.83890557577e-18, 5.60401754192e-18, 5.56162743066e-18, 3.12847503845e-18, 9.13123437426e-18, 1.2066320169e-17, 8.00873291224e-18, 5.59921741283e-18, 6.70899063318e-18, 1.01738508686e-17, 7.743933373e-18, 9.88857447334e-18, 1.40154736751e-17, 1.69847923395e-17, 2.55472713866e-17, 1.67594170554e-17, 1.65493495758e-17, 2.05942247209e-17, 2.29733698705e-17, 1.37986009806e-17, 1.16134181041e-17, 8.76915343191e-18, 6.66581345956e-18, 3.52346639545e-18, 1.29275332667e-18, 3.70715648122e-19, 3.90376904102e-20],
        "stdev": [0.00557630509138, 0.141369149089, 2.67175531387, 6.06302928925, 7.84801912308, 10.1963472366, 8.75827217102, 21.3178710938, 42.9475288391, 33.10313797, 33.7425918579, 24.3647422791, 62.5474395752, 88.0379257202, 90.5305023193, 59.9413948059, 70.0423812866, 97.8485336304, 53.5166854858, 63.185382843, 56.7864875793, 52.866607666, 78.2950057983, 39.5856704712, 14.00669384, 15.6259880066, 17.1831226349, 19.2267684937, 27.762922287, 29.1392059326, 18.3827838898, 10.7874612808, 4.63203287125, 3.70694327354, 1.71012580395, 0.58728069067, 0.144140943885, 0.0169705022126, 0.000375283969333, 2.72976667475e-05],
        "var": [3.10951800202e-05, 0.0199852380902, 7.13827610016, 36.7603225708, 61.5914077759, 103.965492249, 76.7073364258, 454.451629639, 1844.49023438, 1095.81762695, 1138.56237793, 593.640625, 3912.18237305, 7750.67626953, 8195.77148438, 3592.97094727, 4905.93554688, 9574.33496094, 2864.03564453, 3992.39282227, 3224.70507812, 2794.87817383, 6130.10839844, 1567.02539062, 196.187469482, 244.171508789, 295.259674072, 369.668609619, 770.779846191, 849.093322754, 337.926727295, 116.36932373, 21.4557304382, 13.7414283752, 2.92453026772, 0.344898641109, 0.0207766126841, 0.000287997914711, 1.40838054108e-07, 7.45162598292e-10]
    },
    "gfcc": {
        "mean": [-74.7639541626, 119.648208618, -123.312515259, 13.9673957825, -44.6814079285, 9.16510295868, -54.3943786621, -6.98890590668, -32.5410499573, -17.8369293213, -21.9918441772, -5.0630364418, -17.5480766296],
        "cov": [[8454.99316406, -2430.58032227, -1362.52722168, -68.4982528687, -968.434082031, 434.82244873, -267.393096924, 169.733108521, -334.696746826, 58.9719200134, -185.057067871, 697.802001953, -555.173828125], [-2430.58032227, 1973.49291992, -9.27529621124, -172.755401611, 657.441223145, -176.785903931, 219.528701782, -84.7092285156, 190.812011719, -160.291000366, 223.145874023, -366.370300293, 290.769256592], [-1362.52722168, -9.27529621124, 1243.71191406, 302.30090332, -144.46244812, -105.482086182, 8.29773521423, 55.9345970154, 15.1264209747, 115.982688904, -120.382522583, -17.1639556885, 27.7872829437], [-68.4982528687, -172.755401611, 302.30090332, 625.301391602, -38.0354270935, -157.315383911, 26.3344860077, -27.4206752777, 43.3736000061, 25.9304504395, -54.5759811401, -2.02806282043, 80.0725097656], [-968.434082031, 657.441223145, -144.46244812, -38.0354270935, 633.244934082, 57.8892478943, 34.874420166, -48.0803794861, 36.318321228, 2.41937732697, 107.602226257, -200.79234314, 136.787399292], [434.82244873, -176.785903931, -105.482086182, -157.315383911, 57.8892478943, 329.194946289, 18.2274398804, 20.2033424377, -57.1220283508, 6.55956983566, 38.6172065735, 5.97380828857, -44.5650482178], [-267.393096924, 219.528701782, 8.29773521423, 26.3344860077, 34.874420166, 18.2274398804, 229.552597046, 64.567855835, -17.5462303162, -53.0847511292, 37.1482200623, -16.4453029633, 65.8574981689], [169.733108521, -84.7092285156, 55.9345970154, -27.4206752777, -48.0803794861, 20.2033424377, 64.567855835, 180.135772705, 6.22842884064, -3.55412721634, -21.4431037903, 12.0327644348, -23.5966014862], [-334.696746826, 190.812011719, 15.1264209747, 43.3736000061, 36.318321228, -57.1220283508, -17.5462303162, 6.22842884064, 202.771942139, -0.627042353153, -37.1569290161, -82.8694076538, -9.18925762177], [58.9719200134, -160.291000366, 115.982688904, 25.9304504395, 2.41937732697, 6.55956983566, -53.0847511292, -3.55412721634, -0.627042353153, 129.988464355, -18.9906253815, 9.77659606934, -27.5664367676], [-185.057067871, 223.145874023, -120.382522583, -54.5759811401, 107.602226257, 38.6172065735, 37.1482200623, -21.4431037903, -37.1569290161, -18.9906253815, 150.039459229, -13.8626413345, 28.2257003784], [697.802001953, -366.370300293, -17.1639556885, -2.02806282043, -200.79234314, 5.97380828857, -16.4453029633, 12.0327644348, -82.8694076538, 9.77659606934, -13.8626413345, 216.287017822, -68.743598938], [-555.173828125, 290.769256592, 27.7872829437, 80.0725097656, 136.787399292, -44.5650482178, 65.8574981689, -23.5966014862, -9.18925762177, -27.5664367676, 28.2257003784, -68.743598938, 179.427734375]],
        "icov": [[0.000426710612373, -0.000271761615295, 0.000740257150028, -0.000625999295153, 0.000538163702004, -0.000715661328286, 0.000524784962181, -0.000631810631603, 0.000723142642528, -0.000535083585419, 0.000805891584605, -0.00063084095018, 0.000648052839097], [-0.000271761615295, 0.00314502883703, -0.00141527026426, 0.00226004095748, -0.00214436813258, 0.00262408843264, -0.00229089683853, 0.0018539247103, -0.00294075976126, 0.00278503773734, -0.00349706364796, 0.00169903063215, -0.00187738146633], [0.000740257150028, -0.00141527026426, 0.00269663939252, -0.00207722419873, 0.00181201426312, -0.00182783650234, 0.00136996130459, -0.00186293548904, 0.00228863931261, -0.00270923576318, 0.00286306487396, -0.00103405269329, 0.00136453635059], [-0.000625999295153, 0.00226004095748, -0.00207722419873, 0.00428469339386, -0.0018745418638, 0.003079775488, -0.00240155076608, 0.00234927120619, -0.00308266445063, 0.00195089483168, -0.00263905082829, 0.00126820220612, -0.00276252697222], [0.000538163702004, -0.00214436813258, 0.00181201426312, -0.0018745418638, 0.00477983988822, -0.00274033355527, 0.00197523529641, -0.00148943532258, 0.0022767148912, -0.00312397908419, 0.00140715786256, 0.000643175502773, 0.00011238494335], [-0.000715661328286, 0.00262408843264, -0.00182783650234, 0.003079775488, -0.00274033355527, 0.00672498391941, -0.00292462296784, 0.00192157074343, -0.00188039208297, 0.00226053781807, -0.00372417853214, 0.00227441149764, -0.000764306925703], [0.000524784962181, -0.00229089683853, 0.00136996130459, -0.00240155076608, 0.00197523529641, -0.00292462296784, 0.00854131113738, -0.00444292090833, 0.00267093000002, -8.41403889353e-05, 0.00145615811925, -0.00172126537655, -0.000520394591149], [-0.000631810631603, 0.0018539247103, -0.00186293548904, 0.00234927120619, -0.00148943532258, 0.00192157074343, -0.00444292090833, 0.00873114727437, -0.00268489238806, 0.00169338542037, -0.00149366864935, 0.00146246259101, -0.000409502041293], [0.000723142642528, -0.00294075976126, 0.00228863931261, -0.00308266445063, 0.0022767148912, -0.00188039208297, 0.00267093000002, -0.00268489238806, 0.0103791672736, -0.0026762553025, 0.00533216726035, 0.00113173853606, 0.00420342432335], [-0.000535083585419, 0.00278503773734, -0.00270923576318, 0.00195089483168, -0.00312397908419, 0.00226053781807, -8.41403889353e-05, 0.00169338542037, -0.0026762553025, 0.012647732161, -0.00317248166539, 0.00117073301226, -0.000669634900987], [0.000805891584605, -0.00349706364796, 0.00286306487396, -0.00263905082829, 0.00140715786256, -0.00372417853214, 0.00145615811925, -0.00149366864935, 0.00533216726035, -0.00317248166539, 0.0137211745605, -0.00278593064286, 0.00272618397139], [-0.00063084095018, 0.00169903063215, -0.00103405269329, 0.00126820220612, 0.000643175502773, 0.00227441149764, -0.00172126537655, 0.00146246259101, 0.00113173853606, 0.00117073301226, -0.00278593064286, 0.0100962407887, 0.000331838149577], [0.000648052839097, -0.00187738146633, 0.00136453635059, -0.00276252697222, 0.00011238494335, -0.000764306925703, -0.000520394591149, -0.000409502041293, 0.00420342432335, -0.000669634900987, 0.00272618397139, 0.000331838149577, 0.0113146249205]]
    },
    "melbands": {
        "dmean": [1.4098281099e-05, 0.000286044698441, 0.000464510754682, 0.000246853596764, 0.00010041702626, 0.000118977681268, 0.000154530440341, 8.5958505224e-05, 4.47711863671e-05, 2.97772257909e-05, 5.52164492547e-05, 8.1958824012e-05, 9.09389127628e-05, 2.99408893625e-05, 2.94443307212e-05, 3.66283820767e-05, 3.50985646946e-05, 1.77458332473e-05, 1.53469663928e-05, 1.38968534884e-05, 1.27602688735e-05, 1.35670588861e-05, 1.43172128446e-05, 1.51070807988e-05, 5.52773281015e-06, 1.76972571353e-06, 1.44089847254e-06, 1.21003745335e-06, 1.02475530639e-06, 1.02105207134e-06, 1.33950368308e-06, 2.26246902457e-06, 2.51285428021e-06, 1.776897534e-06, 1.18233094781e-06, 1.10262465114e-06, 7.8878383647e-07, 4.27092913924e-07, 4.82565781112e-07, 4.40884264208e-07],
        "dmean2": [2.20273304876e-05, 0.000446536345407, 0.000745415803976, 0.000382505560992, 0.000146034668433, 0.00017178201233, 0.000236119376495, 0.000123413818073, 6.62924794597e-05, 4.19260977651e-05, 7.74464569986e-05, 0.000120129705465, 0.000137542621815, 4.25977523264e-05, 3.91773937736e-05, 5.08753546455e-05, 5.09749370394e-05, 2.4518229111e-05, 2.20235815505e-05, 2.06453278224e-05, 1.75379936991e-05, 2.00622853299e-05, 2.01799648494e-05, 2.10879879887e-05, 8.16747797217e-06, 2.61345212493e-06, 2.11189808397e-06, 1.74484841864e-06, 1.49417701323e-06, 1.45390765738e-06, 1.90973560166e-06, 3.38389259014e-06, 3.3549060845e-06, 2.60193496615e-06, 1.66837605775e-06, 1.62844537499e-06, 1.13445150873e-06, 6.13430017893e-07, 7.14340728791e-07, 6.6622567374e-07],
        "dvar": [3.32515348589e-09, 2.35512018776e-07, 3.67743496099e-07, 1.69055269339e-07, 3.54496663135e-08, 2.16816857801e-07, 2.83816802948e-07, 6.51532658935e-08, 3.96524946211e-08, 1.20273613291e-08, 3.0986054611e-08, 4.62898519515e-08, 4.22852686199e-08, 1.48235104191e-08, 6.23336360306e-09, 5.94151794431e-09, 6.69837252332e-09, 2.0377033394e-09, 1.83094128747e-09, 1.50416601397e-09, 3.10595216213e-09, 2.04120564895e-09, 2.26520313618e-09, 2.22253704329e-09, 5.49403134098e-10, 5.91152959917e-11, 8.3300533138e-11, 5.92837723357e-11, 4.56355127298e-11, 5.964954225e-11, 5.85209103399e-11, 9.98440635724e-11, 1.94223484518e-10, 9.16382941751e-11, 4.87634412016e-11, 6.93677407182e-11, 2.26421884714e-11, 4.8866622554e-12, 6.51921355441e-12, 5.22526726748e-12],
        "dvar2": [7.33150296028e-09, 4.77806395338e-07, 9.42072404087e-07, 4.19066310542e-07, 7.4996563626e-08, 4.60116893919e-07, 6.97221707924e-07, 1.37856048354e-07, 9.18316942489e-08, 2.24377494362e-08, 5.70948230916e-08, 1.07935008486e-07, 9.64267314885e-08, 3.2671415795e-08, 1.0877152512e-08, 1.31429693795e-08, 1.51943790883e-08, 4.05894873268e-09, 3.38376371367e-09, 3.5164278156e-09, 5.71471536759e-09, 4.94229102088e-09, 4.91923612955e-09, 4.56389237513e-09, 1.23544252606e-09, 1.16080069168e-10, 2.0135818013e-10, 1.27179322629e-10, 7.73651906427e-11, 9.40303529484e-11, 1.01495978289e-10, 1.96710731037e-10, 2.96534102828e-10, 1.62092797518e-10, 6.87165185864e-11, 1.37066510919e-10, 4.90233721673e-11, 9.00617861538e-12, 1.21115886417e-11, 1.04080277383e-11],
        "max": [0.00125013152137, 0.0086707919836, 0.00817285105586, 0.00876697711647, 0.00318117509596, 0.0102028828114, 0.00797238852829, 0.00534597458318, 0.00320033915341, 0.00250371894799, 0.00314260274172, 0.00499997241423, 0.00335508794524, 0.00309884501621, 0.00138399575371, 0.00129670801107, 0.00140985730104, 0.000870242365636, 0.000983475823887, 0.00080346968025, 0.00197700131685, 0.000825619732495, 0.000788473815192, 0.000762976531405, 0.000559757580049, 0.000203576681088, 0.000310749892378, 0.000244729162659, 0.000211795704672, 0.00020408538694, 0.000220040747081, 0.000230145975365, 0.000571254175156, 0.000358649063855, 0.000251441146247, 0.000279329455225, 9.49700042838e-05, 4.9485686759e-05, 6.78426440572e-05, 5.72983008169e-05],
        "mean": [2.83815843432e-05, 0.000727863167413, 0.00101615244057, 0.00053323735483, 0.000219120440306, 0.000185289172805, 0.000235541563598, 0.000148636550875, 6.47151609883e-05, 5.99147861067e-05, 0.000104873361124, 0.000177428897587, 0.00024842552375, 6.3501909608e-05, 6.32446317468e-05, 9.73611240624e-05, 9.43189661484e-05, 3.90982640965e-05, 3.91014691559e-05, 3.25336914102e-05, 2.00567865249e-05, 2.3505092031e-05, 2.23580645979e-05, 2.54890364886e-05, 8.62383967615e-06, 3.25291671288e-06, 2.09622385228e-06, 1.83491715688e-06, 1.44337934671e-06, 1.57689578373e-06, 1.90749710782e-06, 3.32816466653e-06, 3.50431810148e-06, 2.489953431e-06, 1.68100473275e-06, 1.32654770368e-06, 9.62550075201e-07, 5.60696264529e-07, 6.32481089724e-07, 5.92611286265e-07],
        "median": [9.80681579676e-06, 0.000398862466682, 0.000738531001844, 0.000340485479683, 0.000123373538372, 4.79311565869e-05, 4.85950986331e-05, 5.42523775948e-05, 4.64712002213e-06, 8.75900605024e-06, 1.1091910892e-05, 8.41103174025e-05, 2.01100283448e-05, 3.36005814461e-06, 4.17178034695e-06, 7.43245391277e-06, 3.53956647814e-06, 2.60033675659e-06, 8.6554509835e-06, 6.3736492848e-06, 3.17211242873e-06, 2.94210394713e-06, 1.76647199623e-06, 2.9160653412e-06, 7.77775085226e-07, 3.82608646987e-07, 2.19045006133e-07, 1.67161104514e-07, 7.69928760747e-08, 5.28879233741e-08, 5.46444098859e-08, 6.48129443448e-08, 8.08216356063e-08, 8.87371101044e-08, 7.2855613098e-08, 3.12468202424e-08, 2.22399574312e-08, 1.6502101019e-08, 2.3736555832e-08, 2.43291911062e-08],
        "min": [5.6029891034e-24, 2.73578026893e-24, 9.16925846752e-24, 1.37668865513e-23, 5.60895249742e-24, 9.94990023097e-24, 1.10457021812e-23, 1.53080131043e-23, 2.07538622987e-23, 1.43213437494e-23, 9.19626433175e-24, 1.16280700671e-23, 1.72325292128e-23, 1.60014060628e-23, 1.02619475727e-23, 6.52772341094e-24, 1.84566094126e-23, 1.84583023081e-23, 1.45353648684e-23, 8.23177380117e-24, 6.07990758543e-24, 5.87955427044e-24, 1.06487473737e-23, 7.87508560971e-24, 5.81668126743e-24, 6.84107118984e-24, 6.99815390645e-24, 9.95217136152e-24, 9.45792949401e-24, 1.10522560376e-23, 1.72862948166e-23, 9.40080413156e-24, 1.01197790603e-23, 8.17236153096e-24, 1.13326203588e-23, 1.16034157972e-23, 1.53066736185e-23, 9.49160833264e-24, 9.0893594796e-24, 9.7255828994e-24],
        "stdev": [8.851349412e-05, 0.000968572974671, 0.000936664349865, 0.000585077155847, 0.000286967784632, 0.000504361814819, 0.000604232365731, 0.000326574867358, 0.000234467486735, 0.000190758190001, 0.000313731987262, 0.000359765661415, 0.000370867695892, 0.000195002314285, 0.000151972140884, 0.000165742472745, 0.000176489207661, 8.80046354723e-05, 7.53939966671e-05, 6.32119481452e-05, 7.92685896158e-05, 5.73680445086e-05, 6.93445545039e-05, 6.80443481542e-05, 3.16832592944e-05, 1.15464081318e-05, 1.05415374492e-05, 1.0188890883e-05, 9.62433205132e-06, 1.18381967695e-05, 1.13376318041e-05, 1.45403610077e-05, 1.99706555577e-05, 1.40726933751e-05, 1.01605874079e-05, 9.59118915489e-06, 5.86156193094e-06, 3.04150125885e-06, 3.44534964825e-06, 3.10823656946e-06],
        "var": [7.83463871556e-09, 9.38133609907e-07, 8.77340085026e-07, 3.42315303214e-07, 8.23505175163e-08, 2.54380836395e-07, 3.65096724408e-07, 1.06651143028e-07, 5.49750041046e-08, 3.63886876187e-08, 9.84277548355e-08, 1.29431327878e-07, 1.37542841117e-07, 3.80259024269e-08, 2.30955325975e-08, 2.74705680425e-08, 3.11484384952e-08, 7.74481545562e-09, 5.68425440051e-09, 3.99575084131e-09, 6.28350971255e-09, 3.29109250963e-09, 4.80866724217e-09, 4.63003324569e-09, 1.00382890889e-09, 1.33319535967e-10, 1.11124012769e-10, 1.03813492525e-10, 9.26277596291e-11, 1.40142911165e-10, 1.28541885469e-10, 2.1142208817e-10, 3.98827110226e-10, 1.98040708832e-10, 1.03237529636e-10, 9.19909079466e-11, 3.43579088791e-11, 9.25072952268e-12, 1.18704334556e-11, 9.66113473944e-12]
    },
    "melbands128": {
