{
"lowlevel": {
    "average_loudness": 0.982243418694,
    "barkbands_crest": {
        "dmean": 2.22456407547,
        "dmean2": 3.62781333923,
        "dvar": 4.51644468307,
        "dvar2": 10.7113895416,
        "max": 25.682510376,
        "mean": 7.73396062851,
        "median": 6.89915275574,
        "min": 2.61453819275,
        "stdev": 3.34251332283,
        "var": 11.1723957062
    },
    "barkbands_flatness_db": {
        "dmean": 0.0154377846047,
        "dmean2": 0.0224315002561,
        "dvar": 0.000225516967475,
        "dvar2": 0.000418971234467,
        "max": 0.278137564659,
        "mean": 0.0893477424979,
        "median": 0.0860946998,
        "min": 0.0274255201221,
        "stdev": 0.0306867286563,
        "var": 0.00094167527277
    },
    "barkbands_kurtosis": {
        "dmean": 1.1285661459,
        "dmean2": 1.74920868874,
        "dvar": 4.03825712204,
        "dvar2": 7.48373842239,
        "max": 52.4719200134,
        "mean": 0.781090199947,
        "median": -0.0150880813599,
        "min": -1.86275935173,
        "stdev": 3.16853499413,
        "var": 10.0396137238
    },
    "barkbands_skewness": {
        "dmean": 0.370301544666,
        "dmean2": 0.558617055416,
        "dvar": 0.134900003672,
        "dvar2": 0.261903762817,
        "max": 7.02214241028,
        "mean": 0.949262082577,
        "median": 0.910800337791,
        "min": -2.97045969963,
        "stdev": 0.786339521408,
        "var": 0.618329823017
    },
    "barkbands_spread": {
        "dmean": 5.6000418663,
        "dmean2": 8.34606552124,
        "dvar": 32.6203346252,
        "dvar2": 65.0903167725,
        "max": 87.9948120117,
        "mean": 31.6243572235,
        "median": 30.2076950073,
        "min": 3.13626599312,
        "stdev": 12.8884592056,
        "var": 166.112380981
    },
    "dissonance": {
        "dmean": 0.0134367877617,
        "dmean2": 0.0227341763675,
        "dvar": 0.000147420490975,
        "dvar2": 0.000395416107494,
        "max": 0.499939739704,
        "mean": 0.475135624409,
        "median": 0.478947103024,
        "min": 0.353263378143,
        "stdev": 0.0172131359577,
        "var": 0.000296292069834
    },
    "dynamic_complexity": 1.08480274677,
    "erbbands_crest": {
        "dmean": 2.43695521355,
        "dmean2": 3.98477292061,
        "dvar": 5.30192327499,
        "dvar2": 13.0944919586,
        "max": 27.4286079407,
        "mean": 7.87298202515,
        "median": 6.91060161591,
        "min": 2.56798481941,
        "stdev": 3.62510085106,
        "var": 13.1413555145
    },
    "erbbands_flatness_db": {
        "dmean": 0.0157230198383,
        "dmean2": 0.0221208389848,
        "dvar": 0.000278905296,
        "dvar2": 0.000446474208729,
        "max": 0.279628396034,
        "mean": 0.13732022047,
        "median": 0.133002787828,
        "min": 0.052069786936,
        "stdev": 0.0351106449962,
        "var": 0.0012327573495
    },
    "erbbands_kurtosis": {
        "dmean": 0.68230009079,
        "dmean2": 1.05881845951,
        "dvar": 1.14042472839,
        "dvar2": 2.35686516762,
        "max": 21.2915763855,
        "mean": 0.0683371424675,
        "median": -0.317535400391,
        "min": -1.6336414814,
        "stdev": 1.62811970711,
        "var": 2.65077376366
    },
    "erbbands_skewness": {
        "dmean": 0.314593344927,
        "dmean2": 0.475823819637,
        "dvar": 0.0954250618815,
        "dvar2": 0.202983990312,
        "max": 3.46532893181,
        "mean": -0.054055146873,
        "median": -0.0018210944254,
        "min": -4.23142385483,
        "stdev": 0.691271424294,
        "var": 0.477856189013
    },
    "erbbands_spread": {
        "dmean": 6.84765768051,
        "dmean2": 10.375711441,
        "dvar": 42.6267127991,
        "dvar2": 93.3539810181,
        "max": 112.226852417,
        "mean": 38.905090332,
        "median": 36.8580932617,
        "min": 8.8008890152,
        "stdev": 15.1034402847,
        "var": 228.11390686
    },
    "hfc": {
        "dmean": 8.04601383209,
        "dmean2": 11.1477060318,
        "dvar": 129.188949585,
        "dvar2": 207.062133789,
        "max": 269.072296143,
        "mean": 35.4515037537,
        "median": 30.9929790497,
        "min": 3.63257169724,
        "stdev": 24.7521877289,
        "var": 612.670837402
    },
    "loudness_ebu128": {
        "integrated": -16.860490799,
        "loudness_range": 1.38741111755,
        "momentary": {
            "dmean": 0.296965181828,
            "dmean2": 0.340370714664,
            "dvar": 0.0690542533994,
            "dvar2": 0.099680967629,
            "max": -14.6444301605,
            "mean": -16.9353675842,
            "median": -16.914434433,
            "min": -20.8307552338,
            "stdev": 0.815399348736,
            "var": 0.664876103401
        },
        "short_term": {
            "dmean": 0.0398604609072,
            "dmean2": 0.0415022671223,
            "dvar": 0.001091252896,
            "dvar2": 0.00141781114507,
            "max": -15.8809585571,
            "mean": -16.8631725311,
            "median": -16.836807251,
            "min": -17.8378391266,
            "stdev": 0.399643182755,
            "var": 0.159714668989
        }
    },
    "melbands_crest": {
        "dmean": 2.90903019905,
        "dmean2": 4.59053611755,
        "dvar": 7.64954566956,
        "dvar2": 17.4484386444,
        "max": 32.344669342,
        "mean": 11.5802021027,
        "median": 10.461766243,
        "min": 3.37959933281,
        "stdev": 4.50469446182,
        "var": 20.2922725677
    },
    "melbands_flatness_db": {
        "dmean": 0.0186204425991,
        "dmean2": 0.0274354219437,
        "dvar": 0.000298990489682,
        "dvar2": 0.000584313238505,
        "max": 0.334691315889,
        "mean": 0.150722175837,
        "median": 0.149094432592,
        "min": 0.032816618681,
        "stdev": 0.0398706831038,
        "var": 0.0015896713594
    },
    "melbands_kurtosis": {
        "dmean": 3.17045521736,
        "dmean2": 4.83320522308,
        "dvar": 29.9685745239,
        "dvar2": 60.2990684509,
        "max": 160.610031128,
        "mean": 6.17883968353,
        "median": 4.0041270256,
        "min": -1.77014625072,
        "stdev": 8.81150913239,
        "var": 77.6426849365
    },
    "melbands_skewness": {
        "dmean": 0.492681980133,
        "dmean2": 0.747829914093,
        "dvar": 0.2580537498,
        "dvar2": 0.557420492172,
        "max": 10.8073301315,
        "mean": 2.03838348389,
        "median": 1.8853303194,
        "min": -0.883736491203,
        "stdev": 1.0187472105,
        "var": 1.0378459692
    },
    "melbands_spread": {
        "dmean": 8.36620998383,
        "dmean2": 12.4638957977,
        "dvar": 118.710479736,
        "dvar2": 197.275009155,
        "max": 202.489395142,
        "mean": 35.719783783,
        "median": 31.1743106842,
        "min": 2.39154076576,
        "stdev": 24.2649116516,
        "var": 588.785949707
    },
    "pitch_salience": {
        "dmean": 0.0600011646748,
        "dmean2": 0.0972474738955,
        "dvar": 0.00294368178584,
        "dvar2": 0.00677138008177,
        "max": 0.816390216351,
        "mean": 0.587835788727,
        "median": 0.597980320454,
        "min": 0.150325939059,
        "stdev": 0.0925894826651,
        "var": 0.00857281219214
    },
    "silence_rate_20dB": {
        "dmean": 0,
        "dmean2": 0,
        "dvar": 0,
        "dvar2": 0,
        "max": 1,
        "mean": 1,
        "median": 1,
        "min": 1,
        "stdev": 0,
        "var": 0
    },
    "silence_rate_30dB": {
        "dmean": 0,
        "dmean2": 0,
        "dvar": 0,
        "dvar2": 0,
        "max": 1,
        "mean": 1,
        "median": 1,
        "min": 1,
        "stdev": 0,
        "var": 0
    },
    "silence_rate_60dB": {
        "dmean": 0,
        "dmean2": 0,
        "dvar": 0,
        "dvar2": 0,
        "max": 0,
        "mean": 0,
        "median": 0,
        "min": 0,
        "stdev": 0,
        "var": 0
    },
    "spectral_centroid": {
        "dmean": 260.768890381,
        "dmean2": 389.129638672,
        "dvar": 75033.203125,
        "dvar2": 139659.65625,
        "max": 4760.92285156,
        "mean": 1736.98291016,
        "median": 1645.11474609,
        "min": 424.05871582,
        "stdev": 659.65637207,
        "var": 435146.5
    },
    "spectral_complexity": {
        "dmean": 4.76883363724,
        "dmean2": 7.05162620544,
        "dvar": 19.5390262604,
        "dvar2": 38.2689323425,
        "max": 54,
        "mean": 30.8788032532,
        "median": 31,
        "min": 8,
        "stdev": 9.38458061218,
        "var": 88.070350647
    },
    "spectral_decrease": {
        "dmean": 1.9053365552e-09,
        "dmean2": 2.96853963633e-09,
        "dvar": 3.96769712597e-18,
        "dvar2": 8.88185513601e-18,
        "max": -1.26629950969e-09,
        "mean": -8.11102296439e-09,
        "median": -7.68895347392e-09,
        "min": -2.20096936232e-08,
        "stdev": 3.03386893385e-09,
        "var": 9.20436044914e-18
    },
    "spectral_energy": {
        "dmean": 0.00762544386089,
        "dmean2": 0.0118726398796,
        "dvar": 6.12778676441e-05,
        "dvar2": 0.000136612245115,
        "max": 0.0863949730992,
        "mean": 0.0338284298778,
        "median": 0.0325972810388,
        "min": 0.0052702804096,
        "stdev": 0.012077325955,
        "var": 0.000145861806232
    },
    "spectral_energyband_high": {
        "dmean": 0.000829008349683,
        "dmean2": 0.00109417783096,
        "dvar": 3.16977593684e-06,
        "dvar2": 4.50890001957e-06,
        "max": 0.0401377789676,
        "mean": 0.00225393776782,
        "median": 0.00117496971507,
        "min": 1.01422328953e-05,
        "stdev": 0.0038007250987,
        "var": 1.44455107147e-05
    },
    "spectral_energyband_low": {
        "dmean": 0.00414645345882,
        "dmean2": 0.00639005936682,
        "dvar": 4.33241657447e-05,
        "dvar2": 9.27397777559e-05,
        "max": 0.0650265142322,
        "mean": 0.00986827071756,
        "median": 0.00840424932539,
        "min": 4.95657513966e-06,
        "stdev": 0.00836172420532,
        "var": 6.99184311088e-05
    },
    "spectral_energyband_middle_high": {
        "dmean": 0.00214756163768,
        "dmean2": 0.00328337191604,
        "dvar": 4.5736633183e-06,
        "dvar2": 1.0212927009e-05,
        "max": 0.0271032452583,
        "mean": 0.00827691331506,
        "median": 0.00813435856253,
        "min": 0.000301761901937,
        "stdev": 0.00421772431582,
        "var": 1.77891997737e-05
    },
    "spectral_energyband_middle_low": {
        "dmean": 0.00488765072078,
        "dmean2": 0.00799257587641,
        "dvar": 2.59526404989e-05,
        "dvar2": 6.49155117571e-05,
        "max": 0.0590151809156,
        "mean": 0.0143116908148,
        "median": 0.0125050647184,
        "min": 0.00102107529528,
        "stdev": 0.00842908024788,
        "var": 7.10493914085e-05
    },
    "spectral_entropy": {
        "dmean": 0.107589736581,
        "dmean2": 0.148386329412,
        "dvar": 0.0119503252208,
        "dvar2": 0.0204882528633,
        "max": 8.48314285278,
        "mean": 7.85812854767,
        "median": 7.89864253998,
        "min": 6.65324401855,
        "stdev": 0.251337647438,
        "var": 0.0631706118584
    },
    "spectral_flux": {
        "dmean": 0.0218856874853,
        "dmean2": 0.0342618748546,
        "dvar": 0.000478113855934,
        "dvar2": 0.00109126127791,
        "max": 0.249218150973,
        "mean": 0.102222174406,
        "median": 0.0986822843552,
        "min": 0.0289289355278,
        "stdev": 0.0317435525358,
        "var": 0.00100765307434
    },
    "spectral_kurtosis": {
        "dmean": 0.945772349834,
        "dmean2": 1.51783955097,
        "dvar": 1.14497470856,
        "dvar2": 2.95154285431,
        "max": 18.5384082794,
        "mean": 3.62518882751,
        "median": 3.22164392471,
        "min": -0.648855209351,
        "stdev": 2.11769533157,
        "var": 4.48463344574
    },
    "spectral_rms": {
        "dmean": 0.000642988306936,
        "dmean2": 0.000991681823507,
        "dvar": 3.80946573841e-07,
        "dvar2": 8.18409716885e-07,
        "max": 0.00918083731085,
        "mean": 0.00565318763256,
        "median": 0.00563934631646,
        "min": 0.00226753973402,
        "stdev": 0.00102216051891,
        "var": 1.04481205199e-06
    },
    "spectral_rolloff": {
        "dmean": 484.142456055,
        "dmean2": 755.051818848,
        "dvar": 402013.875,
        "dvar2": 742713.5,
        "max": 7622.75390625,
        "mean": 2049.88354492,
        "median": 1765.72265625,
        "min": 193.798828125,
        "stdev": 1361.85253906,
        "var": 1854642.375
    },
    "spectral_skewness": {
        "dmean": 0.163590610027,
        "dmean2": 0.247385263443,
        "dvar": 0.0284980330616,
        "dvar2": 0.0594117566943,
        "max": 3.73986554146,
        "mean": 1.34989202023,
        "median": 1.37345802784,
        "min": -0.297841012478,
        "stdev": 0.442681282759,
        "var": 0.195966720581
    },
    "spectral_spread": {
        "dmean": 404241.8125,
        "dmean2": 541215.6875,
        "dvar": 163635757056,
        "dvar2": 252318105600,
        "max": 8917117,
        "mean": 4582230,
        "median": 4528103,
        "min": 1888330.625,
        "stdev": 1006898.6875,
        "var": 1.01384500019e+12
    },
    "spectral_strongpeak": {
        "dmean": 0.63475060463,
        "dmean2": 1.08386790752,
        "dvar": 0.946837186813,
        "dvar2": 2.50712275505,
        "max": 14.5042486191,
        "mean": 0.913872361183,
        "median": 0.496569514275,
        "min": 0,
        "stdev": 1.10788524151,
        "var": 1.22740972042
    },
    "zerocrossingrate": {
        "dmean": 0.0102264434099,
        "dmean2": 0.0110885472968,
        "dvar": 0.000116053051897,
        "dvar2": 0.000104104256025,
        "max": 0.2548828125,
        "mean": 0.07685405761,
        "median": 0.06982421875,
        "min": 0.01708984375,
        "stdev": 0.0335522182286,
        "var": 0.00112575141247
    },
    "barkbands": {
        "dmean": [0.000329980597598, 0.00312561541796, 0.00144272099715, 0.000981705845334, 0.00234238780104, 0.00165455113165, 0.00123042578343, 0.00138685014099, 0.000959031574894, 0.000529398967046, 0.000342335493769, 0.000636867771391, 0.000461314804852, 0.000499122019392, 0.000647272507194, 0.000386915373383, 0.000317786703818, 0.000355951517122, 0.000238865643041, 0.000315774523187, 0.0002623393666, 0.000334219163051, 0.000224936942686, 5.47393974557e-05, 3.98785305151e-05, 2.85175010504e-05, 3.99074497182e-06],
        "dmean2": [0.000566414615605, 0.00486074574292, 0.00243981508538, 0.00167708296794, 0.00393836107105, 0.00259630125947, 0.00195508007891, 0.00226121372543, 0.00155293184798, 0.000836779014207, 0.0005346754333, 0.00105764565524, 0.000744414282963, 0.000824081420433, 0.00105482980143, 0.00061771995388, 0.000514582847245, 0.000567772076465, 0.000377888558432, 0.000503999704961, 0.000410560634919, 0.000473107007565, 0.000293669581879, 7.61874180171e-05, 5.53839163331e-05, 3.8894246245e-05, 6.42857821731e-06],
        "dvar": [3.80534231681e-07, 3.1915922591e-05, 6.18258991381e-06, 1.29801776438e-06, 1.05946837721e-05, 1.08929652924e-05, 5.86493979426e-06, 5.04522449774e-06, 1.69876852851e-06, 4.77755634165e-07, 2.35879511479e-07, 1.18844297958e-06, 7.22859397229e-07, 5.32781882612e-07, 8.02102817943e-07, 2.80316754697e-07, 1.48384899035e-07, 3.12007728098e-07, 1.28060790416e-07, 3.73180142788e-07, 2.42923192673e-07, 8.99206440863e-07, 6.22503080194e-07, 1.55820405467e-08, 3.25257021316e-09, 2.01623295837e-09, 5.34178846989e-11],
        "dvar2": [1.01635328065e-06, 7.01568205841e-05, 1.76453759195e-05, 3.76505659005e-06, 2.6785683076e-05, 2.51316778304e-05, 1.42125809361e-05, 1.26924032884e-05, 4.08729601986e-06, 1.12193401947e-06, 5.56003328711e-07, 3.20079698213e-06, 1.79575920356e-06, 1.40970553275e-06, 1.86397994639e-06, 6.60310547573e-07, 3.56626344455e-07, 7.12530209057e-07, 2.91671568675e-07, 9.45606814184e-07, 5.60342243716e-07, 1.51492872646e-06, 9.29547354644e-07, 2.58837573597e-08, 6.36123420605e-09, 3.67415187164e-09, 1.38978994979e-10],
        "max": [0.0107466205955, 0.0602654889226, 0.0317569822073, 0.0118260383606, 0.0368020087481, 0.0580064356327, 0.0380708426237, 0.0405964143574, 0.015790335834, 0.00793043617159, 0.00744584249333, 0.0135699715465, 0.0148259997368, 0.0108991451561, 0.0133272921667, 0.00989111978561, 0.00664015347138, 0.00782791059464, 0.00637682434171, 0.00898193195462, 0.00829716119915, 0.023637438193, 0.0208968687803, 0.00376599072479, 0.000549487187527, 0.00042446111911, 9.09401205718e-05],
        "mean": [0.000421515083872, 0.0060652513057, 0.00258948421106, 0.0017343966756, 0.00393039593473, 0.00261483737268, 0.00203835498542, 0.00213464978151, 0.00168218673207, 0.000923113082536, 0.0005949625629, 0.00106429075822, 0.000808719312772, 0.000849264732096, 0.00120806845371, 0.000761767034419, 0.000638123310637, 0.000692249450367, 0.000494674080983, 0.000601335079409, 0.000546812370885, 0.000683858059347, 0.000441642885562, 0.000140811374877, 9.68159292825e-05, 6.5205305873e-05, 5.63125468034e-06],
        "median": [0.000237612359342, 0.0045454185456, 0.00218713562936, 0.00151735905092, 0.00210692826658, 0.000920633086935, 0.000884788576514, 0.000888155132998, 0.000996664864942, 0.000578772334848, 0.000344085099641, 0.000550281140022, 0.000439409457613, 0.000598696758971, 0.000808284094092, 0.000524017727003, 0.000463752599899, 0.000435584690422, 0.000331849558279, 0.000312903401209, 0.00028164559626, 0.000244058348471, 0.000144844845636, 8.72443561093e-05, 5.11075922986e-05, 2.50400808e-05, 1.52527945829e-06],
        "min": [2.26390408642e-08, 8.88895442586e-07, 3.21383708979e-07, 2.09967606679e-06, 5.24775859958e-05, 5.89567707721e-06, 1.0087618648e-05, 1.17645968203e-05, 2.22120834223e-05, 9.90733497019e-06, 9.35010120884e-06, 6.65445304548e-06, 1.13737678475e-05, 1.26249997265e-05, 9.01481780602e-06, 1.19017749967e-05, 1.40274123623e-05, 6.05990089753e-06, 1.22067967823e-05, 4.91153332405e-06, 2.92738423013e-06, 1.42161695749e-06, 8.81874825609e-07, 4.25014604843e-07, 3.21400733583e-07, 5.96802252062e-08, 4.79529818631e-11],
        "stdev": [0.000628977257293, 0.006636002101, 0.00243798876181, 0.00141304417048, 0.00466964114457, 0.00495534716174, 0.00347992987372, 0.00341351423413, 0.00199739611708, 0.000996427261271, 0.00073388684541, 0.00148987816647, 0.00124709773809, 0.000898319529369, 0.00136618933175, 0.000814504863229, 0.000629121321253, 0.000809582415968, 0.000555351492949, 0.000875505735166, 0.000741187483072, 0.00172291754279, 0.0013694614172, 0.00021911978547, 0.000103585793113, 8.11908757896e-05, 8.84809105628e-06],
        "var": [3.95612403281e-07, 4.40365220129e-05, 5.94378889218e-06, 1.99669398171e-06, 2.18055483856e-05, 2.45554674621e-05, 1.21099119497e-05, 1.16520786833e-05, 3.98959127779e-06, 9.92867398963e-07, 5.38589915777e-07, 2.21973709813e-06, 1.555252652e-06, 8.06977936918e-07, 1.86647332612e-06, 6.63418177282e-07, 3.95793648522e-07, 6.55423718854e-07, 3.08415252448e-07, 7.6651025438e-07, 5.49358844637e-07, 2.96844496006e-06, 1.87542468666e-06, 4.80134829672e-08, 1.07300159868e-08, 6.5919580905e-09, 7.8288715788e-11]
    },
    "erbbands": {
        "dmean": [0.130676373839, 0.627593398094, 1.59290313721, 2.28260135651, 4.46698379517, 9.46087360382, 13.6644163132, 12.8404569626, 16.6270847321, 21.7268829346, 30.8965358734, 22.1540431976, 12.2209739685, 19.116645813, 14.6233720779, 24.8277187347, 20.552230835, 22.8149166107, 31.7298755646, 27.6159648895, 17.1057758331, 16.4163360596, 19.9378242493, 11.8873586655, 14.2154455185, 13.9543533325, 12.4361763, 9.4522895813, 12.0827302933, 10.7266483307, 5.96459150314, 1.83014690876, 0.725628614426, 0.471529960632, 0.292290300131, 0.132088065147, 0.0521032251418, 0.0126606887206, 0.000378350930987, 1.53976379806e-05],
        "dmean2": [0.200253605843, 1.01083350182, 2.70987939835, 3.84738922119, 7.57695198059, 15.980260849, 22.3028411865, 20.4952278137, 27.0711078644, 34.241973877, 50.1462249756, 36.0676879883, 20.0258789062, 30.3299541473, 23.6812763214, 40.9379196167, 33.0736808777, 37.500919342, 51.2004013062, 44.2378005981, 26.8374538422, 25.8505821228, 31.2919769287, 18.6324062347, 22.6079158783, 22.6387901306, 20.1505680084, 14.3713169098, 17.1176700592, 15.1566028595, 8.11325550079, 2.54714274406, 1.00260865688, 0.659682333469, 0.418547034264, 0.187025666237, 0.0720820873976, 0.0182788670063, 0.000581577362027, 2.23348288273e-05],
        "dvar": [0.0634526386857, 1.30599164963, 8.03119754791, 8.10706329346, 40.0704116821, 179.862182617, 772.331970215, 913.812316895, 1254.39086914, 1606.56433105, 2167.6015625, 947.329101562, 282.366516113, 669.602600098, 454.469451904, 2160.59863281, 1497.63110352, 1157.3482666, 1619.99377441, 1291.05773926, 572.819152832, 395.694213867, 1035.40722656, 304.350646973, 618.619506836, 747.03894043, 462.725463867, 424.379638672, 1000.9831543, 1292.4888916, 558.82611084, 36.5367736816, 1.27835202217, 0.418624401093, 0.202169343829, 0.0409462228417, 0.00657221954316, 0.000441918789875, 5.28598491201e-07, 3.40327738213e-10],
        "dvar2": [0.138138622046, 3.2656211853, 22.8454761505, 23.5552768707, 107.56526947, 470.639190674, 1718.06323242, 2062.48071289, 3229.34716797, 3745.67504883, 5130.58691406, 2458.31835938, 746.104370117, 1587.17773438, 1189.18029785, 5838.18115234, 3828.36499023, 3006.55053711, 3946.92773438, 3025.16162109, 1285.46484375, 905.072387695, 2400.28710938, 660.338134766, 1484.79931641, 1859.67028809, 1105.85412598, 891.612487793, 1758.71557617, 2342.54345703, 1041.07507324, 62.5633125305, 2.02377223969, 0.866497993469, 0.416269958019, 0.0787416920066, 0.0126241426915, 0.000945204461459, 1.32351874527e-06, 6.87999157645e-10],
        "max": [2.67532420158, 10.5228147507, 35.0531921387, 29.9731693268, 76.4976348877, 184.604507446, 461.205505371, 463.930419922, 619.102294922, 1169.92126465, 546.344970703, 359.546112061, 178.286300659, 399.918670654, 319.886810303, 575.858947754, 737.760864258, 624.976257324, 522.569824219, 571.074768066, 634.366516113, 464.132659912, 500.501159668, 351.814025879, 432.037597656, 448.067810059, 385.607177734, 381.673095703, 761.336486816, 1007.57232666, 612.833618164, 176.704498291, 33.5818061829, 9.08109760284, 4.29702758789, 2.06869864464, 0.738060772419, 0.221033394337, 0.0105367302895, 0.000226562886382],
        "mean": [0.236800640821, 1.13388514519, 2.95473122597, 4.375644207, 7.03221607208, 15.6186819077, 22.0379619598, 19.9730205536, 26.6921482086, 35.8394012451, 49.7238502502, 38.8465538025, 21.9569377899, 36.0510864258, 28.7108612061, 43.7578659058, 39.4854164124, 42.7605628967, 59.4958534241, 55.4039573669, 37.0423583984, 36.4027633667, 39.8162498474, 26.0410232544, 29.2588253021, 27.5924892426, 24.7711734772, 20.1033649445, 24.3751716614, 20.4095191956, 11.1675624847, 4.29194068909, 1.90080988407, 1.13931000233, 0.656669914722, 0.304810017347, 0.109795212746, 0.0237327422947, 0.000626091146842, 5.94456942054e-05],
        "median": [0.170432060957, 0.88017821312, 2.53719782829, 4.01046848297, 5.080473423, 7.54919052124, 7.82402086258, 7.85345506668, 12.4165706635, 15.3822984695, 23.2055034637, 23.8412590027, 15.3516311646, 22.5603790283, 19.7604446411, 21.5742015839, 22.4817447662, 30.8189144135, 42.024269104, 38.9179763794, 27.1767311096, 26.8875656128, 25.1504878998, 19.293964386, 18.1371860504, 15.0399637222, 12.5737915039, 9.69785308838, 9.05336856842, 6.28107213974, 3.80478215218, 2.16222858429, 1.20701766014, 0.634068310261, 0.311699092388, 0.12982198596, 0.038588989526, 0.00725549040362, 0.000200607653824, 4.95217464049e-05],
        "min": [5.09083838551e-05, 0.000318268110277, 0.00181617867202, 0.017276192084, 0.0476324111223, 0.184341028333, 0.157434493303, 0.25271192193, 0.222732722759, 0.475793212652, 0.640766441822, 0.539884209633, 0.240583509207, 0.387762397528, 0.671472966671, 0.590175271034, 0.770563006401, 0.62952119112, 0.739500105381, 0.896811544895, 1.21244192123, 1.19459986687, 0.430147230625, 0.756460189819, 0.589628458023, 0.261507689953, 0.129777267575, 0.0914865061641, 0.0534575022757, 0.0377068445086, 0.0234597083181, 0.00996162276715, 0.0072518363595, 0.00424500321969, 0.0017035062192, 0.000493501662277, 4.88894147566e-05, 4.58663953395e-06, 3.41137388205e-06, 6.27661620456e-06],
        "stdev": [0.293740004301, 1.21093654633, 2.73042345047, 3.23939299583, 7.14612817764, 19.6834506989, 41.0293731689, 42.3145370483, 47.6518173218, 73.1205596924, 68.0408630371, 44.731048584, 21.2860965729, 38.835105896, 28.8081130981, 64.6847686768, 57.0705871582, 43.6947021484, 60.2122001648, 56.0606575012, 39.0041923523, 36.2436714172, 46.6900787354, 25.9368114471, 36.3458938599, 39.6832084656, 32.3720703125, 32.1715774536, 57.5319976807, 61.7658729553, 35.898349762, 10.001709938, 2.20940899849, 1.16787219048, 0.756812512875, 0.362505435944, 0.141412779689, 0.0328966937959, 0.000918618112337, 3.1383777241e-05],
        "var": [0.0862831920385, 1.46636724472, 7.45521259308, 10.4936666489, 51.067150116, 387.438232422, 1683.4095459, 1790.52001953, 2270.69555664, 5346.61621094, 4629.55908203, 2000.86682129, 453.097900391, 1508.16552734, 829.907348633, 4184.11962891, 3257.05200195, 1909.22692871, 3625.50927734, 3142.79711914, 1521.3269043, 1313.6036377, 2179.96337891, 672.718139648, 1321.02392578, 1574.75708008, 1047.95092773, 1035.01049805, 3309.93066406, 3815.02319336, 1288.69165039, 100.034194946, 4.88148784637, 1.36392533779, 0.572765171528, 0.131410181522, 0.0199975762516, 0.00108219240792, 8.4385919763e-07, 9.84941461724e-10]
    },
    "gfcc": {
        "mean": [58.5917396545, 79.1485366821, -121.778091431, 38.3220367432, -55.1815605164, 17.858581543, -35.8390617371, 10.4830513, -19.260509491, 8.9764957428, -19.1188144684, 3.23454713821, -13.4676551819],
        "cov": [[1102.55603027, -523.21081543, 244.835067749, 77.9811859131, -52.6280975342, 10.3203058243, 33.4317626953, 55.4096908569, -108.439659119, 98.477722168, -95.2757644653, 50.2177009583, -39.4905776978], [-523.21081543, 705.165649414, -202.895126343, -148.286514282, 181.730422974, 10.8014965057, 8.38993644714, 34.2298278809, 87.0261764526, -61.6578903198, 75.8977127075, -63.4604110718, 20.575006485], [244.835067749, -202.895126343, 494.778259277, 71.2704086304, 52.2197341919, 11.3465576172, -36.3766403198, 3.79741692543, -82.1374664307, 81.6123962402, -66.448425293, 61.1732063293, -12.0334978104], [77.9811859131, -148.286514282, 71.2704086304, 381.264801025, -86.0554733276, 10.205909729, 40.3987388611, -57.5456695557, 46.056678772, -36.3837356567, -5.66283321381, -17.6229305267, 12.6940917969], [-52.6280975342, 181.730422974, 52.2197341919, -86.0554733276, 257.095306396, 52.1702957153, 9.79093742371, 82.4188766479, -17.4122219086, 17.6128482819, -6.67956542969, 1.07079219818, -2.80166816711], [10.3203058243, 10.8014965057, 11.3465576172, 10.205909729, 52.1702957153, 144.294326782, 78.7510452271, 30.9889163971, 13.3874435425, -9.56000137329, -8.32781600952, -21.7805023193, -24.3642692566], [33.4317626953, 8.38993644714, -36.3766403198, 40.3987388611, 9.79093742371, 78.7510452271, 113.067123413, 43.3084487915, 20.1698150635, -5.07601833344, -3.58825945854, -28.601102829, -22.9003486633], [55.4096908569, 34.2298278809, 3.79741692543, -57.5456695557, 82.4188766479, 30.9889163971, 43.3084487915, 126.976089478, 38.4646263123, 27.7760429382, -12.9778051376, -20.9933815002, -26.5264530182], [-108.439659119, 87.0261764526, -82.1374664307, 46.056678772, -17.4122219086, 13.3874435425, 20.1698150635, 38.4646263123, 134.754867554, 1.54798352718, 7.93295288086, -43.7451705933, -14.372136116], [98.477722168, -61.6578903198, 81.6123962402, -36.3837356567, 17.6128482819, -9.56000137329, -5.07601833344, 27.7760429382, 1.54798352718, 84.1817703247, -1.55209422112, 12.010635376, -5.62666511536], [-95.2757644653, 75.8977127075, -66.448425293, -5.66283321381, -6.67956542969, -8.32781600952, -3.58825945854, -12.9778051376, 7.93295288086, -1.55209422112, 80.2954177856, 21.7002468109, 9.6943769455], [50.2177009583, -63.4604110718, 61.1732063293, -17.6229305267, 1.07079219818, -21.7805023193, -28.601102829, -20.9933815002, -43.7451705933, 12.010635376, 21.7002468109, 86.6035919189, 36.8352470398], [-39.4905776978, 20.575006485, -12.0334978104, 12.6940917969, -2.80166816711, -24.3642692566, -22.9003486633, -26.5264530182, -14.372136116, -5.62666511536, 9.6943769455, 36.8352470398, 81.9236755371]],
        "icov": [[0.00180534413084, 0.000538475636858, 0.000428784493124, -0.000838970416225, 0.000502310227603, -0.000294610421406, 0.000177606503712, -0.00161796552129, 0.00182413076982, -0.00186661968473, 0.00167561636772, -0.00116175762378, 0.000899200094864], [0.000538475636858, 0.00548233045265, -0.00174971960951, 0.00354221696034, -0.00481139263138, 0.00335226464085, -0.00394805567339, 0.00351702980697, -0.00494686653838, 0.00552322855219, -0.0059597347863, 0.00580940907821, -0.00345091335475], [0.000428784493124, -0.00174971960951, 0.00587668269873, -0.00408871704713, 0.00129669730086, -0.00347892590798, 0.00495149521157, -0.00284017063677, 0.00512573402375, -0.00749022793025, 0.00679768389091, -0.00623517110944, 0.00400095945224], [-0.000838970416225, 0.00354221696034, -0.00408871704713, 0.00797717552632, -0.0032868438866, 0.00433086417615, -0.00722724804655, 0.00670651672408, -0.00801840424538, 0.00831809081137, -0.00642830552533, 0.00639014784247, -0.00475169811398], [0.000502310227603, -0.00481139263138, 0.00129669730086, -0.0032868438866, 0.0110981222242, -0.00628953240812, 0.00651945406571, -0.00925091374665, 0.00757065135986, -0.0056154304184, 0.00524425040931, -0.00474767573178, 0.00194287963677], [-0.000294610421406, 0.00335226464085, -0.00347892590798, 0.00433086417615, -0.00628953240812, 0.0164882689714, -0.014014297165, 0.00647320877761, -0.00671036960557, 0.00755553180352, -0.00471512787044, 0.0044758641161, -0.00141172902659], [0.000177606503712, -0.00394805567339, 0.00495149521157, -0.00722724804655, 0.00651945406571, -0.014014297165, 0.0252282209694, -0.012124507688, 0.00918112229556, -0.00774863129482, 0.00518268672749, -0.00353213329799, 0.0041590151377], [-0.00161796552129, 0.00351702980697, -0.00284017063677, 0.00670651672408, -0.00925091374665, 0.00647320877761, -0.012124507688, 0.0222922228277, -0.0123959416524, 0.00410490017384, -0.00398129690439, 0.00471565686166, -0.00122379674576], [0.00182413076982, -0.00494686653838, 0.00512573402375, -0.00801840424538, 0.00757065135986, -0.00671036960557, 0.00918112229556, -0.0123959416524, 0.0209370497614, -0.0114101376384, 0.00688187591732, -0.00313392281532, 0.00441709719598], [-0.00186661968473, 0.00552322855219, -0.00749022793025, 0.00831809081137, -0.0056154304184, 0.00755553180352, -0.00774863129482, 0.00410490017384, -0.0114101376384, 0.0275380406529, -0.012349544093, 0.00856457185, -0.00595776224509], [0.00167561636772, -0.0059597347863, 0.00679768389091, -0.00642830552533, 0.00524425040931, -0.00471512787044, 0.00518268672749, -0.00398129690439, 0.00688187591732, -0.012349544093, 0.0275087654591, -0.0170644782484, 0.00801228918135], [-0.00116175762378, 0.00580940907821, -0.00623517110944, 0.00639014784247, -0.00474767573178, 0.0044758641161, -0.00353213329799, 0.00471565686166, -0.00313392281532, 0.00856457185, -0.0170644782484, 0.0308073721826, -0.0140108671039], [0.000899200094864, -0.00345091335475, 0.00400095945224, -0.00475169811398, 0.00194287963677, -0.00141172902659, 0.0041590151377, -0.00122379674576, 0.00441709719598, -0.00595776224509, 0.00801228918135, -0.0140108671039, 0.0209607835859]]
    },
    "melbands": {
        "dmean": [0.000974924652837, 0.000743463053368, 0.000428987812484, 0.000435774185462, 0.000487548357341, 0.000292275362881, 0.000256929430179, 0.00024653863511, 0.000259101390839, 0.000128442436107, 6.13216325291e-05, 8.06015668786e-05, 4.77852881886e-05, 6.97638679412e-05, 5.96612699155e-05, 4.39027971879e-05, 4.56596608274e-05, 5.07696786372e-05, 4.62819589302e-05, 3.46255146724e-05, 2.02140709007e-05, 1.88402627828e-05, 1.98678408196e-05, 1.81588402484e-05, 9.96459857561e-06, 9.82731762633e-06, 1.31949482238e-05, 9.08783840714e-06, 8.84914152266e-06, 6.29448641121e-06, 6.14027294432e-06, 7.18511000741e-06, 7.53560379962e-06, 5.83876635574e-06, 3.96705945604e-06, 2.04358775591e-06, 9.43455290781e-07, 5.81379936193e-07, 4.35119972053e-07, 4.35648672692e-07],
        "dmean2": [0.0015211654827, 0.00123446853831, 0.000729930179659, 0.000735331675969, 0.000798977620434, 0.000462398049422, 0.000413757108618, 0.000394304224756, 0.000419394578785, 0.000209241188713, 9.98598407023e-05, 0.000127817416796, 7.59702234063e-05, 0.000116536568385, 9.59522876656e-05, 7.14061970939e-05, 7.5167074101e-05, 8.21897192509e-05, 7.54204229452e-05, 5.55663864361e-05, 3.20557228406e-05, 3.03552969854e-05, 3.11958792736e-05, 2.91330870823e-05, 1.58098046086e-05, 1.60206382134e-05, 2.11282367673e-05, 1.47366099554e-05, 1.45242092913e-05, 1.00063625723e-05, 9.6467201729e-06, 1.05497592813e-05, 1.11820636448e-05, 8.24475228001e-06, 5.55838551008e-06, 3.01948784909e-06, 1.40162774187e-06, 8.3478681745e-07, 6.39393874735e-07, 6.37975006157e-07],
        "dvar": [3.40642145602e-06, 1.68592941918e-06, 2.68857888841e-07, 3.18283582601e-07, 7.27456097138e-07, 4.01974801889e-07, 2.79685338e-07, 1.96587166101e-07, 1.46216493135e-07, 3.10138297266e-08, 7.14437931038e-09, 1.20529364267e-08, 4.7544088666e-09, 1.33913449218e-08, 1.27876136347e-08, 6.89814738664e-09, 4.83717244038e-09, 4.16715106866e-09, 5.56521717598e-09, 1.97713578842e-09, 8.47598713438e-10, 5.18510234748e-10, 8.26576640467e-10, 8.90690299293e-10, 2.22411769557e-10, 2.58263493924e-10, 7.3769673703e-10, 3.33791772e-10, 2.22245166714e-10, 1.64000979463e-10, 1.72883485305e-10, 3.3499455987e-10, 5.38192435062e-10, 3.81347814438e-10, 2.52403209444e-10, 8.75334388306e-11, 5.23272874683e-12, 7.39554739063e-13, 3.70805897923e-13, 3.77924606757e-13],
        "dvar2": [7.42411020838e-06, 4.62724392492e-06, 7.80634422881e-07, 8.42480574192e-07, 1.64459845564e-06, 9.26984796479e-07, 7.13592157808e-07, 4.75503384223e-07, 3.3700658264e-07, 8.09062399298e-08, 1.88352178299e-08, 2.83136412094e-08, 1.15414682256e-08, 3.67589478856e-08, 3.03790592682e-08, 1.80067871725e-08, 1.24560575188e-08, 1.03649515637e-08, 1.33536506297e-08, 4.86371476427e-09, 1.77503289844e-09, 1.2496709223e-09, 1.93904958756e-09, 2.10343231721e-09, 4.74763006686e-10, 6.25022644751e-10, 1.8890464748e-09, 8.36444913332e-10, 5.36976629828e-10, 4.15204981508e-10, 3.49198503447e-10, 6.50097198296e-10, 1.01535591046e-09, 6.6191585546e-10, 4.64785432364e-10, 1.88280765978e-10, 9.4663816716e-12, 1.34911526395e-12, 7.38031489221e-13, 8.48566063336e-13],
        "max": [0.0200794301927, 0.0143489483744, 0.00465299189091, 0.00627687573433, 0.0142012620345, 0.0105231553316, 0.00903112441301, 0.012865931727, 0.00467436481267, 0.00221904367208, 0.000878329097759, 0.00164843141101, 0.00106979941484, 0.0014755326556, 0.00217153900303, 0.00171300151851, 0.00122326344717, 0.00072623277083, 0.00127023993991, 0.000718464085367, 0.000879584637005, 0.000486949749757, 0.000497059954796, 0.000467676552944, 0.000326114182826, 0.00026807381073, 0.000508837110829, 0.000339916383382, 0.000208873636439, 0.000249919394264, 0.000254588725511, 0.000391721376218, 0.000564590794966, 0.000590607407503, 0.000473753054393, 0.000287853879854, 6.44106257823e-05, 2.33429564105e-05, 1.30864982566e-05, 8.64123376232e-06],
        "mean": [0.00184926239308, 0.00145995046478, 0.000842926092446, 0.00077060359763, 0.000800294510555, 0.000456791342003, 0.000415029469877, 0.000401045224862, 0.000418118434027, 0.000221041671466, 0.000103449194285, 0.000147362981807, 9.02936735656e-05, 0.000115383787488, 0.000105013496068, 7.5922893302e-05, 7.88376200944e-05, 8.9815868705e-05, 8.56190381455e-05, 6.3593062805e-05, 3.85601051676e-05, 3.69342451449e-05, 3.76705429517e-05, 3.3143129258e-05, 1.92289844563e-05, 1.90673563338e-05, 2.33259670495e-05, 1.6675066945e-05, 1.62592550623e-05, 1.16227447506e-05, 1.20049171528e-05, 1.36847811518e-05, 1.34739248097e-05, 1.05476465251e-05, 6.95808375895e-06, 3.90635841541e-06, 2.13623889067e-06, 1.38620964663e-06, 1.01199645997e-06, 9.42924884839e-07],
        "median": [0.00136445532553, 0.00125927117188, 0.000771433871705, 0.000458018039353, 0.000310595787596, 0.000177248482942, 0.000188986668945, 0.000174931963556, 0.000200412236154, 0.00013817132276, 7.00611271895e-05, 8.93892502063e-05, 5.64816036785e-05, 6.62608654238e-05, 4.88054101879e-05, 4.49089347967e-05, 5.28013624717e-05, 6.28728957963e-05, 5.64589281566e-05, 4.28113198723e-05, 2.61648419837e-05, 2.66124588961e-05, 2.33420469158e-05, 2.07350349228e-05, 1.35015125124e-05, 1.20315680761e-05, 1.24994630823e-05, 8.50462311064e-06, 7.93436083768e-06, 5.70102019992e-06, 5.51876473764e-06, 5.17978332937e-06, 4.47203865406e-06, 2.99435350826e-06, 2.36637743001e-06, 1.4914711528e-06, 1.21491768823e-06, 9.01581756807e-07, 5.90621027641e-07, 4.9777094091e-07],
        "min": [2.97441545172e-07, 5.59368743325e-07, 5.33838374395e-06, 9.19056765269e-06, 7.82536153565e-06, 1.61987122738e-06, 2.80189215118e-06, 3.2687453313e-06, 2.95323707178e-06, 3.41916074831e-06, 1.0480267747e-06, 1.21826178656e-06, 1.76235221261e-06, 1.37373035614e-06, 1.34775439165e-06, 1.34045171762e-06, 1.0993971955e-06, 1.29443719743e-06, 7.43612645238e-07, 1.00592308172e-06, 9.93919911707e-07, 9.87792532214e-07, 4.70032631483e-07, 3.11800107511e-07, 5.30429701939e-07, 4.4052899284e-07, 2.28146049608e-07, 1.12773840044e-07, 6.63417765168e-08, 7.36928953415e-08, 4.32531166439e-08, 2.60127368534e-08, 3.35828218567e-08, 1.72090413031e-08, 1.25638663917e-08, 6.19071016672e-09, 6.02580696452e-09, 5.375619061e-09, 3.95500920902e-09, 3.57450735677e-09],
        "stdev": [0.0021551977843, 0.00128508242778, 0.000600428553298, 0.000800741661806, 0.0012749908492, 0.000910084985662, 0.000723709119484, 0.000801977934316, 0.000574406294618, 0.000254178710748, 0.000107246676635, 0.000164006080013, 0.000101938159787, 0.000147980783368, 0.000181132287253, 0.000104629791167, 8.87161804712e-05, 9.15240307222e-05, 0.000104853403172, 6.58724020468e-05, 4.74212320114e-05, 3.83681835956e-05, 4.58430658909e-05, 4.04570346291e-05, 2.12885170185e-05, 2.34733124671e-05, 3.59565783583e-05, 2.65176950052e-05, 2.15353775275e-05, 1.76965604624e-05, 2.02995179279e-05, 3.1419305742e-05, 3.86531901313e-05, 3.33300013153e-05, 2.30772475334e-05, 1.3251144992e-05, 3.83174074159e-06, 1.5941188849e-06, 1.07965468032e-06, 1.01674891084e-06],
        "var": [4.64487766294e-06, 1.6514369463e-06, 3.60514434306e-07, 6.41187170913e-07, 1.62560172612e-06, 8.28254712815e-07, 5.23754920323e-07, 6.43168618808e-07, 3.29942565713e-07, 6.46068230026e-08, 1.15018492508e-08, 2.68979931661e-08, 1.03913890825e-08, 2.1898314273e-08, 3.28089058144e-08, 1.09473932142e-08, 7.87056109175e-09, 8.37664781983e-09, 1.0994235744e-08, 4.3391730209e-09, 2.24877338972e-09, 1.47211742796e-09, 2.10158668246e-09, 1.63677160714e-09, 4.53200948991e-10, 5.50996415161e-10, 1.29287558437e-09, 7.03188174356e-10, 4.63772520387e-10, 3.13168269095e-10, 4.12070433331e-10, 9.87172787958e-10, 1.49406909067e-09, 1.1108889364e-09, 5.32559329969e-10, 1.75592831941e-10, 1.46822380642e-11, 2.54121506824e-12, 1.16565416174e-12, 1.03377842311e-12]
    },
    "melbands128": {
