{
"lowlevel": {
    "average_loudness": 0.983261883259,
    "barkbands_crest": {
        "dmean": 2.31318640709,
        "dmean2": 3.97503638268,
        "dvar": 4.23327684402,
        "dvar2": 11.9491415024,
        "max": 21.1770267487,
        "mean": 8.39951324463,
        "median": 8.07733535767,
        "min": 2.95088839531,
        "stdev": 2.78837776184,
        "var": 7.77505111694
    },
    "barkbands_flatness_db": {
        "dmean": 0.0232265628874,
        "dmean2": 0.0381865650415,
        "dvar": 0.00052969076205,
        "dvar2": 0.00141512497794,
        "max": 0.283956646919,
        "mean": 0.154802039266,
        "median": 0.152936175466,
        "min": 0.028557959944,
        "stdev": 0.0326001085341,
        "var": 0.00106276699807
    },
    "barkbands_kurtosis": {
        "dmean": 3.10134220123,
        "dmean2": 5.1587100029,
        "dvar": 18.3095417023,
        "dvar2": 47.6179084778,
        "max": 36.7329368591,
        "mean": 4.12138748169,
        "median": 2.75258493423,
        "min": -1.71176183224,
        "stdev": 5.25026702881,
        "var": 27.5653018951
    },
    "barkbands_skewness": {
        "dmean": 0.546903312206,
        "dmean2": 0.885268747807,
        "dvar": 0.300865620375,
        "dvar2": 0.742914676666,
        "max": 5.01128864288,
        "mean": 1.79894280434,
        "median": 1.79792821407,
        "min": -2.02475881577,
        "stdev": 0.909436821938,
        "var": 0.827075302601
    },
    "barkbands_spread": {
        "dmean": 4.81591033936,
        "dmean2": 7.64994096756,
        "dvar": 22.2054233551,
        "dvar2": 51.8938522339,
        "max": 63.6090087891,
        "mean": 18.1051464081,
        "median": 17.6319713593,
        "min": 2.49077510834,
        "stdev": 7.72490644455,
        "var": 59.6741790771
    },
    "dissonance": {
        "dmean": 0.0147729832679,
        "dmean2": 0.0253404658288,
        "dvar": 0.000161205636687,
        "dvar2": 0.000456982263131,
        "max": 0.500000178814,
        "mean": 0.473395973444,
        "median": 0.475894808769,
        "min": 0.329758673906,
        "stdev": 0.0161628127098,
        "var": 0.000261236535152
    },
    "dynamic_complexity": 1.90271520615,
    "erbbands_crest": {
        "dmean": 2.25812983513,
        "dmean2": 3.8336379528,
        "dvar": 4.36412811279,
        "dvar2": 11.8701324463,
        "max": 20.0845470428,
        "mean": 6.97747325897,
        "median": 6.24697160721,
        "min": 2.17953372002,
        "stdev": 2.84185957909,
        "var": 8.07616519928
    },
    "erbbands_flatness_db": {
        "dmean": 0.0144774587825,
        "dmean2": 0.0218468029052,
        "dvar": 0.000165076911799,
        "dvar2": 0.000388871558243,
        "max": 0.25552919507,
        "mean": 0.172339245677,
        "median": 0.171970680356,
        "min": 0.085648663342,
        "stdev": 0.0281269866973,
        "var": 0.000791127386037
    },
    "erbbands_kurtosis": {
        "dmean": 0.45218911767,
        "dmean2": 0.766244053841,
        "dvar": 0.24787440896,
        "dvar2": 0.64388102293,
        "max": 3.52427864075,
        "mean": -0.645243167877,
        "median": -0.787954807281,
        "min": -1.6611405611,
        "stdev": 0.643857896328,
        "var": 0.41455295682
    },
    "erbbands_skewness": {
        "dmean": 0.318519175053,
        "dmean2": 0.515314280987,
        "dvar": 0.0843790993094,
        "dvar2": 0.205634057522,
        "max": 2.06030774117,
        "mean": 0.0268535576761,
        "median": -0.0163124985993,
        "min": -1.9994456768,
        "stdev": 0.460972458124,
        "var": 0.212495595217
    },
    "erbbands_spread": {
        "dmean": 6.38894271851,
        "dmean2": 10.3526134491,
        "dvar": 30.0790977478,
        "dvar2": 74.3030471802,
        "max": 81.3063201904,
        "mean": 39.9585456848,
        "median": 40.126247406,
        "min": 12.7495574951,
        "stdev": 10.4056329727,
        "var": 108.277191162
    },
    "hfc": {
        "dmean": 4.21672105789,
        "dmean2": 6.41530227661,
        "dvar": 25.1477432251,
        "dvar2": 54.3185195923,
        "max": 53.1429405212,
        "mean": 16.1617584229,
        "median": 14.8099565506,
        "min": 1.15381306063e-16,
        "stdev": 9.31285953522,
        "var": 86.729347229
    },
    "loudness_ebu128": {
        "integrated": -11.9640827179,
        "loudness_range": 0.776585578918,
        "momentary": {
            "dmean": 0.589740335941,
            "dmean2": 0.911689460278,
            "dvar": 0.19104142487,
            "dvar2": 0.375046253204,
            "max": -10.0297660828,
            "mean": -12.0725107193,
            "median": -11.9400691986,
            "min": -16.2854881287,
            "stdev": 1.00172555447,
            "var": 1.00345408916
        },
        "short_term": {
            "dmean": 0.0614215023816,
            "dmean2": 0.0812195017934,
            "dvar": 0.00234104320407,
            "dvar2": 0.00440578814596,
            "max": -11.3797054291,
            "mean": -11.9844694138,
            "median": -11.9979858398,
            "min": -12.5352897644,
            "stdev": 0.244776129723,
            "var": 0.0599153526127
        }
    },
    "melbands_crest": {
        "dmean": 3.02469563484,
        "dmean2": 5.10933065414,
        "dvar": 6.99014759064,
        "dvar2": 20.0124740601,
        "max": 23.759853363,
        "mean": 12.7831907272,
        "median": 12.3973121643,
        "min": 1.87588429451,
        "stdev": 3.67606568336,
        "var": 13.513458252
    },
    "melbands_flatness_db": {
        "dmean": 0.0282313656062,
        "dmean2": 0.0461153909564,
        "dvar": 0.00080039317254,
        "dvar2": 0.00204612407833,
        "max": 0.397755146027,
        "mean": 0.234659656882,
        "median": 0.231848806143,
        "min": 0.00625410862267,
        "stdev": 0.0426131114364,
        "var": 0.00181587715633
    },
    "melbands_kurtosis": {
        "dmean": 7.11496162415,
        "dmean2": 11.8392057419,
        "dvar": 83.2858200073,
        "dvar2": 221.441604614,
        "max": 78.5930633545,
        "mean": 13.5118722916,
        "median": 10.8825683594,
        "min": -1.25252056122,
        "stdev": 11.8161315918,
        "var": 139.62097168
    },
    "melbands_skewness": {
        "dmean": 0.731123924255,
        "dmean2": 1.18301784992,
        "dvar": 0.507219672203,
        "dvar2": 1.29724001884,
        "max": 7.40148544312,
        "mean": 2.98769330978,
        "median": 2.96874213219,
        "min": -0.267595469952,
        "stdev": 1.21235990524,
        "var": 1.4698164463
    },
    "melbands_spread": {
        "dmean": 5.63252878189,
        "dmean2": 9.02390480042,
        "dvar": 40.1867332458,
        "dvar2": 91.3484191895,
        "max": 131.567840576,
        "mean": 17.6696491241,
        "median": 15.2453699112,
        "min": 1.96617901325,
        "stdev": 10.6437139511,
        "var": 113.288650513
    },
    "pitch_salience": {
        "dmean": 0.0738784000278,
        "dmean2": 0.126434832811,
        "dvar": 0.00368240778334,
        "dvar2": 0.0105995694175,
        "max": 0.944487333298,
        "mean": 0.605202019215,
        "median": 0.606364786625,
        "min": 0.322118937969,
        "stdev": 0.0805203840137,
        "var": 0.00648353202268
    },
    "silence_rate_20dB": {
        "dmean": 0,
        "dmean2": 0,
        "dvar": 0,
        "dvar2": 0,
        "max": 1,
        "mean": 1,
        "median": 1,
        "min": 1,
        "stdev": 0,
        "var": 0
    },
    "silence_rate_30dB": {
        "dmean": 0.0123711340129,
        "dmean2": 0.0247550290078,
        "dvar": 0.0122177591547,
        "dvar2": 0.0365190804005,
        "max": 1,
        "mean": 0.99381762743,
        "median": 1,
        "min": 0,
        "stdev": 0.0783842876554,
        "var": 0.00614409707487
    },
    "silence_rate_60dB": {
        "dmean": 0.000515463936608,
        "dmean2": 0.00103145954199,
        "dvar": 0.000515170977451,
        "dvar2": 0.00103040458634,
        "max": 1,
        "mean": 0.00154559500515,
        "median": 0,
        "min": 0,
        "stdev": 0.0392836034298,
        "var": 0.00154320150614
    },
    "spectral_centroid": {
        "dmean": 272.354064941,
        "dmean2": 431.960784912,
        "dvar": 111135.65625,
        "dvar2": 242989.078125,
        "max": 11774.2080078,
        "mean": 1162.64282227,
        "median": 1123.53381348,
        "min": 261.553161621,
        "stdev": 549.10345459,
        "var": 301514.59375
    },
    "spectral_complexity": {
        "dmean": 3.40257740021,
        "dmean2": 5.06601333618,
        "dvar": 8.41779136658,
        "dvar2": 17.0415077209,
        "max": 47,
        "mean": 24.1396179199,
        "median": 24,
        "min": 0,
        "stdev": 7.54533338547,
        "var": 56.9320526123
    },
    "spectral_decrease": {
        "dmean": 4.28190682911e-09,
        "dmean2": 7.1574004501e-09,
        "dvar": 4.19411440945e-17,
        "dvar2": 1.05999886776e-16,
        "max": 8.30640464616e-29,
        "mean": -9.10261288567e-09,
        "median": -7.16141501655e-09,
        "min": -4.77011710132e-08,
        "stdev": 6.61727694862e-09,
        "var": 4.37883542076e-17
    },
    "spectral_energy": {
        "dmean": 0.0164620056748,
        "dmean2": 0.0274733845145,
        "dvar": 0.000615699857008,
        "dvar2": 0.00155375071336,
        "max": 0.183146983385,
        "mean": 0.0358212701976,
        "median": 0.0284699015319,
        "min": 1.04550604951e-20,
        "stdev": 0.0255370773375,
        "var": 0.000652142334729
    },
    "spectral_energyband_high": {
        "dmean": 7.52448977437e-05,
        "dmean2": 0.000113184512884,
        "dvar": 1.04905968357e-08,
        "dvar2": 2.31050751864e-08,
        "max": 0.00191317603458,
        "mean": 0.000195374188479,
        "median": 0.00015780821559,
        "min": 7.50792825585e-21,
        "stdev": 0.000166252444615,
        "var": 2.76398743893e-08
    },
    "spectral_energyband_low": {
        "dmean": 0.00878754071891,
        "dmean2": 0.0148487370461,
        "dvar": 0.000178463000339,
        "dvar2": 0.000466709287139,
        "max": 0.120468966663,
        "mean": 0.0156321432441,
        "median": 0.0120702963322,
        "min": 4.15708113817e-23,
        "stdev": 0.0135630117729,
        "var": 0.000183955286047
    },
    "spectral_energyband_middle_high": {
        "dmean": 0.00145414588042,
        "dmean2": 0.00215071393177,
        "dvar": 2.87544412458e-06,
        "dvar2": 6.53384904581e-06,
        "max": 0.0198004320264,
        "mean": 0.0051077096723,
        "median": 0.00346562545747,
        "min": 1.19417476056e-21,
        "stdev": 0.00389625458047,
        "var": 1.51807989823e-05
    },
    "spectral_energyband_middle_low": {
        "dmean": 0.011328138411,
        "dmean2": 0.0190211329609,
        "dvar": 0.000359085446689,
        "dvar2": 0.000922016508412,
        "max": 0.158152207732,
        "mean": 0.0176720879972,
        "median": 0.0121318679303,
        "min": 2.50953567129e-22,
        "stdev": 0.0186558905989,
        "var": 0.000348042231053
    },
    "spectral_entropy": {
        "dmean": 0.136783719063,
        "dmean2": 0.22462284565,
        "dvar": 0.0199924893677,
        "dvar2": 0.0507385656238,
        "max": 9.78878879547,
        "mean": 7.42362785339,
        "median": 7.43871355057,
        "min": 6.47690200806,
        "stdev": 0.207153514028,
        "var": 0.0429125763476
    },
    "spectral_flux": {
        "dmean": 0.0322696566582,
        "dmean2": 0.0517046377063,
        "dvar": 0.00183114677202,
        "dvar2": 0.00397907570004,
        "max": 0.36642369628,
        "mean": 0.10501536727,
        "median": 0.091779358685,
        "min": 7.00937433096e-11,
        "stdev": 0.0553835146129,
        "var": 0.0030673337169
    },
    "spectral_kurtosis": {
        "dmean": 2.35337805748,
        "dmean2": 4.11022996902,
        "dvar": 3.70904374123,
        "dvar2": 11.1100873947,
        "max": 21.0563392639,
        "mean": 5.19753026962,
        "median": 4.87579584122,
        "min": -1.17786121368,
        "stdev": 2.54066324234,
        "var": 6.45496940613
    },
    "spectral_rms": {
        "dmean": 0.00120950688142,
        "dmean2": 0.0019715714734,
        "dvar": 2.36396726905e-06,
        "dvar2": 5.65475829717e-06,
        "max": 0.0133671229705,
        "mean": 0.00562714366242,
        "median": 0.00527024781331,
        "min": 3.19375320461e-12,
        "stdev": 0.00181187142152,
        "var": 3.28287796947e-06
    },
    "spectral_rolloff": {
        "dmean": 344.286987305,
        "dmean2": 590.326477051,
        "dvar": 318545.15625,
        "dvar2": 666662.8125,
        "max": 18906.1523438,
        "mean": 883.148681641,
        "median": 602.9296875,
        "min": 107.666015625,
        "stdev": 844.074401855,
        "var": 712461.625
    },
    "spectral_skewness": {
        "dmean": 0.280272394419,
        "dmean2": 0.460911333561,
        "dvar": 0.0491830706596,
        "dvar2": 0.12715691328,
        "max": 3.4600315094,
        "mean": 1.38560831547,
        "median": 1.36025393009,
        "min": -0.0771087780595,
        "stdev": 0.394953638315,
        "var": 0.155988365412
    },
    "spectral_spread": {
        "dmean": 308501.21875,
        "dmean2": 470038.75,
        "dvar": 491100078080,
        "dvar2": 615970045952,
        "max": 39865604,
        "mean": 2994272,
        "median": 2833458,
        "min": 1872134.25,
        "stdev": 1409302.75,
        "var": 1.98613414707e+12
    },
    "spectral_strongpeak": {
        "dmean": 0.345767021179,
        "dmean2": 0.602644741535,
        "dvar": 0.245386719704,
        "dvar2": 0.627905905247,
        "max": 4.43997764587,
        "mean": 0.464808046818,
        "median": 0.255756378174,
        "min": 0,
        "stdev": 0.541678786278,
        "var": 0.293415904045
    },
    "zerocrossingrate": {
        "dmean": 0.00647022994235,
        "dmean2": 0.00857224408537,
        "dvar": 0.000135732174385,
        "dvar2": 0.000281915592495,
        "max": 0.51611328125,
        "mean": 0.040748719126,
        "median": 0.0390625,
        "min": 0.01025390625,
        "stdev": 0.0196043923497,
        "var": 0.000384332233807
    },
    "barkbands": {
        "dmean": [0.000283750618109, 0.00458055967465, 0.00336578907445, 0.00602730643004, 0.00526177836582, 0.00159872905351, 0.000869894982316, 0.000784351024777, 0.000475314067444, 0.00043170893332, 0.00027498070267, 0.000523740309291, 0.000344130967278, 0.000249874952715, 0.000241010653554, 0.000192946376046, 0.000203122064704, 0.000192161460291, 0.000152838110807, 8.14714294393e-05, 3.64676125173e-05, 1.32153636514e-05, 7.32438138584e-06, 6.23064443062e-06, 6.01590045335e-06, 2.9727857509e-06, 8.93693936632e-07],
        "dmean2": [0.000495393760502, 0.00795401446521, 0.00563796702772, 0.0105915423483, 0.00914865359664, 0.00261726533063, 0.0014360564528, 0.00128318590578, 0.000786384800449, 0.00070245336974, 0.00045096068061, 0.000851096119732, 0.000544915441424, 0.000406284787459, 0.000391336623579, 0.000314416538458, 0.000330132257659, 0.000306069356157, 0.000242514681304, 0.000125524384202, 5.81761378271e-05, 1.9956352844e-05, 1.16804649224e-05, 9.94401489152e-06, 9.80719050858e-06, 4.9532632147e-06, 1.48639253439e-06],
        "dvar": [1.85889916793e-07, 5.80985361012e-05, 2.67313516815e-05, 0.000140856238431, 7.03522600816e-05, 6.47186743663e-06, 1.27179566789e-06, 1.29992963593e-06, 5.00657790781e-07, 6.96126505773e-07, 2.83674040702e-07, 9.05517254068e-07, 4.27914926604e-07, 1.55678307578e-07, 1.16788577031e-07, 7.93558854184e-08, 8.25592181286e-08, 7.13728312007e-08, 4.79110831009e-08, 1.50112420272e-08, 2.6918118845e-09, 3.95498744865e-10, 2.26173135776e-10, 1.50279982902e-10, 3.99708655063e-10, 1.09889146394e-10, 1.6989014362e-11],
        "dvar2": [5.00586907037e-07, 0.000167853635503, 7.05130150891e-05, 0.00038256746484, 0.000182702569873, 1.58349084813e-05, 3.25257860823e-06, 3.54011694981e-06, 1.27789803628e-06, 1.79411904355e-06, 7.007813565e-07, 2.3455356768e-06, 9.92071250039e-07, 3.98097512289e-07, 2.89539542564e-07, 1.8555418535e-07, 1.99129601697e-07, 1.75392884216e-07, 1.15352349894e-07, 3.45879378472e-08, 6.54536602696e-09, 8.83164208432e-10, 5.08616815331e-10, 3.56101398369e-10, 1.01704900057e-09, 2.89443496948e-10, 4.27486518406e-11],
        "max": [0.00411702180281, 0.0730426385999, 0.0432055741549, 0.104887738824, 0.062569104135, 0.0306386202574, 0.0118993939832, 0.0137575436383, 0.00682046124712, 0.0113177997991, 0.00828932970762, 0.0129644181579, 0.00835644360632, 0.00568988872692, 0.00690836412832, 0.00500847958028, 0.00618347804993, 0.00407956913114, 0.00422256765887, 0.0018788119778, 0.0010433178395, 0.00034289463656, 0.000267737079412, 0.000166528887348, 0.000468318845378, 0.000146953039803, 4.41762858827e-05],
        "mean": [0.000400735734729, 0.00750526506454, 0.00501856813207, 0.00596399232745, 0.00588854867965, 0.00241847313009, 0.00129836332053, 0.00115182518493, 0.000800633162726, 0.000714561261702, 0.000413557456341, 0.000867428258061, 0.000579438463319, 0.000430634594522, 0.000445890589617, 0.000398011849029, 0.000415862421505, 0.000443925877335, 0.000353224488208, 0.000173293199623, 8.0717720266e-05, 2.64309201157e-05, 1.26072945932e-05, 8.7384314611e-06, 6.92709136274e-06, 2.88300657303e-06, 7.58480666718e-07],
        "median": [0.00031241303077, 0.00579889118671, 0.00362595496699, 0.00243471981958, 0.00311875506304, 0.0013474158477, 0.000770192942582, 0.000654992531054, 0.000343398889527, 0.000289827992674, 0.000184412041563, 0.000364217034075, 0.000214265310206, 0.000235133018577, 0.000318149395753, 0.000279842381133, 0.000297910621157, 0.000275301048532, 0.000235933082877, 0.000108931148134, 6.05008826824e-05, 1.58443090186e-05, 6.9158209044e-06, 3.82092866857e-06, 1.43707393363e-06, 4.38451763785e-07, 1.46696406134e-08],
        "min": [2.99941146978e-24, 1.65733286414e-23, 7.18185831203e-24, 2.54479507162e-24, 1.77421491347e-23, 2.07955173099e-23, 1.71447384603e-23, 6.18473008145e-23, 3.5425897319e-23, 8.75666780578e-23, 2.23617012408e-23, 4.20828452181e-23, 5.76745484811e-23, 8.94562776049e-23, 1.36350353929e-22, 6.75675899846e-23, 1.16322122179e-22, 1.52526659921e-22, 2.35430374857e-22, 2.78024168439e-22, 4.52383279665e-22, 5.23434327945e-22, 7.8285061816e-22, 8.38712118157e-22, 1.07641522021e-21, 1.64228360056e-21, 2.02815255208e-21],
        "stdev": [0.000429200037615, 0.00713945366442, 0.00513087073341, 0.0105511983857, 0.00793867558241, 0.00312982243486, 0.00144844537135, 0.00142814253923, 0.00103808182757, 0.00128253258299, 0.0006835173117, 0.00138514651917, 0.000973613932729, 0.000570567033719, 0.00045627792133, 0.000398348027375, 0.000411247136071, 0.000465758086648, 0.000370331399608, 0.000192779494682, 7.76516535552e-05, 3.27497291437e-05, 2.06669919862e-05, 1.48114932017e-05, 2.03716554097e-05, 9.74776958174e-06, 3.78372760679e-06],
        "var": [1.84212666454e-07, 5.09718011017e-05, 2.63258352788e-05, 0.000111327790364, 6.30225767964e-05, 9.79578817351e-06, 2.09799395634e-06, 2.03959098144e-06, 1.0776138879e-06, 1.64488972132e-06, 4.6719594593e-07, 1.91863091459e-06, 9.47924036154e-07, 3.25546750446e-07, 2.08189547379e-07, 1.58681146445e-07, 1.69124206195e-07, 2.16930601482e-07, 1.37145335088e-07, 3.7163932376e-08, 6.02977889841e-09, 1.07254483073e-09, 4.271245857e-10, 2.19380333344e-10, 4.15004308696e-10, 9.50190134907e-11, 1.43165947847e-11]
    },
    "erbbands": {
        "dmean": [0.11752936244, 1.14132404327, 3.61992192268, 11.6157464981, 22.9596405029, 14.5114116669, 16.7695331573, 9.82403945923, 11.6740550995, 11.4121570587, 19.4733715057, 10.294336319, 8.97571468353, 17.7876300812, 8.73236560822, 24.0377044678, 15.7214136124, 13.9740009308, 12.2511510849, 9.63694572449, 9.26801300049, 10.4253911972, 10.5884828568, 8.52456188202, 6.47841024399, 3.68778038025, 2.10709404945, 0.879262983799, 0.553929209709, 0.253743261099, 0.20285178721, 0.105503343046, 0.129803419113, 0.11276088655, 0.0266975369304, 0.00784779060632, 0.00327814300545, 0.00390944397077, 8.29828350106e-05, 1.85610642802e-05],
        "dmean2": [0.206445232034, 1.95916509628, 6.14800596237, 20.2920227051, 40.1092643738, 24.8656482697, 27.8196125031, 15.7919816971, 19.2408390045, 18.8677349091, 31.6263580322, 16.821975708, 14.3089618683, 29.4767780304, 14.0378751755, 38.6599655151, 24.9534111023, 22.0628376007, 20.0804252625, 15.3900718689, 14.7347898483, 16.4285507202, 16.8682384491, 13.6595211029, 10.0575628281, 5.65180110931, 3.30070590973, 1.36432492733, 0.821127533913, 0.396352946758, 0.325536161661, 0.171320289373, 0.203639656305, 0.176899597049, 0.0445457994938, 0.0134591395035, 0.0055112792179, 0.00640949048102, 0.000134905611048, 3.03418928524e-05],
        "dvar": [0.0272172447294, 3.97219562531, 37.3276824951, 421.765167236, 1877.8581543, 475.160369873, 709.779663086, 199.154251099, 258.696136475, 314.16003418, 888.145324707, 221.34362793, 227.245773315, 1527.71740723, 247.1068573, 1812.21105957, 904.815795898, 467.288116455, 338.238250732, 173.48449707, 171.548843384, 207.324539185, 210.008804321, 144.414367676, 89.3691329956, 35.414691925, 8.04929161072, 1.48972892761, 0.780417263508, 0.181732565165, 0.196081385016, 0.0335664562881, 0.109686948359, 0.185189798474, 0.00503787444904, 0.000359016732546, 8.73000972206e-05, 0.000320817664033, 1.28138680111e-07, 7.84726839065e-10],
        "dvar2": [0.0828443020582, 11.3997621536, 101.147605896, 1130.69189453, 5041.97900391, 1211.92565918, 1821.31542969, 477.933441162, 674.891113281, 785.086914062, 2373.73291016, 576.555175781, 557.701293945, 4207.50683594, 628.832824707, 4762.88720703, 2196.16601562, 1130.38586426, 857.347961426, 380.806213379, 399.507995605, 508.183410645, 532.09942627, 338.534545898, 204.402023315, 80.4588317871, 19.7501335144, 3.50126719475, 1.6653727293, 0.431257247925, 0.456001013517, 0.0865911990404, 0.251198232174, 0.466518759727, 0.0135113103315, 0.000983704579994, 0.00022226931469, 0.00082672998542, 3.26394911099e-07, 1.94018046074e-09],
        "max": [1.57251727581, 19.7285766602, 53.2742156982, 181.157104492, 364.240783691, 167.687301636, 275.547912598, 170.371643066, 204.78918457, 264.39276123, 368.851409912, 199.252105713, 266.623321533, 534.269836426, 251.375228882, 614.721740723, 414.777069092, 328.340759277, 256.934295654, 234.941635132, 263.518798828, 279.3359375, 272.631439209, 177.496826172, 163.106552124, 101.699462891, 47.4490470886, 22.1816692352, 17.4888439178, 8.36287593842, 7.90072154999, 2.37658882141, 4.5207567215, 10.6140642166, 1.04596781731, 0.20966860652, 0.102198757231, 0.260187476873, 0.00522626517341, 0.000231352416449],
        "mean": [0.214562177658, 1.68369746208, 5.75622558594, 13.1429347992, 22.398859024, 16.6980609894, 23.5591812134, 15.3549728394, 18.0924987793, 17.4240207672, 29.1294937134, 17.8437347412, 17.4085006714, 29.1205234528, 16.3649082184, 39.1833114624, 28.6098995209, 26.2343292236, 22.0383319855, 21.9405879974, 21.805688858, 22.8775234222, 24.9569358826, 20.524055481, 14.9966497421, 8.06142711639, 4.5535569191, 2.02752232552, 1.15336990356, 0.472496926785, 0.337923079729, 0.152761891484, 0.175919383764, 0.130444079638, 0.0280270911753, 0.00716800894588, 0.00353708839975, 0.00350811937824, 8.90648807399e-05, 4.22420962423e-05],
        "median": [0.18140026927, 1.19781017303, 4.23538017273, 6.62394666672, 8.98662281036, 8.96061325073, 11.8443651199, 8.86265087128, 11.770731926, 10.2011184692, 15.7871303558, 9.2333316803, 7.81764411926, 10.0223522186, 9.02538013458, 16.8591098785, 11.4504804611, 14.5368127823, 14.8778772354, 16.748758316, 16.1951713562, 16.3163928986, 16.7238941193, 13.66102314, 9.61898708344, 5.20835351944, 3.46230125427, 1.53651535511, 0.670136868954, 0.305566996336, 0.180351614952, 0.082617521286, 0.0580087825656, 0.0225140098482, 0.00732116121799, 0.00175825553015, 0.000652479298878, 0.000116086892376, 2.05170272238e-05, 3.33987845806e-05],
        "min": [7.6363255287e-22, 3.34019045251e-21, 9.60702669159e-21, 8.53572440076e-21, 4.35526813004e-20, 7.88223378382e-20, 3.40598027868e-19, 1.95109585549e-19, 2.55599662309e-19, 4.59539413822e-19, 1.50023328195e-18, 8.52627376532e-19, 2.23089349755e-18, 1.11701301527e-18, 1.19824949265e-18, 1.70340383305e-18, 3.08796242038e-18, 3.47080146021e-18, 4.90976774894e-18, 9.85253504123e-18, 5.37480000392e-18, 5.40195923856e-18, 8.52082388586e-18, 1.39521960126e-17, 9.16250014706e-18, 1.25979723097e-17, 1.68522333376e-17, 1.78345119694e-17, 1.77485182729e-17, 2.51797169902e-17, 1.9757850823e-17, 1.81205427534e-17, 1.33625063986e-17, 9.9736557896e-18, 8.29758769086e-18, 4.63144711541e-18, 3.39456766777e-18, 1.13062913193e-18, 2.94411648734e-19, 3.15305287504e-20],
        "stdev": [0.167124167085, 1.83278894424, 5.88538646698, 18.8704013824, 38.6003265381, 22.002696991, 31.7916297913, 18.1820011139, 19.7461452484, 22.0218486786, 38.4532203674, 21.004732132, 26.6030750275, 56.632610321, 21.4595489502, 61.6616020203, 45.3271026611, 33.6221809387, 24.1293201447, 19.6719703674, 19.8908214569, 21.8038196564, 25.5668792725, 20.0073165894, 16.4706840515, 9.13546657562, 4.27345323563, 1.95604157448, 1.550314188, 0.584391772747, 0.588609278202, 0.208565995097, 0.399270117283, 0.437071353197, 0.0688241943717, 0.0168760512024, 0.00948836933821, 0.0164711717516, 0.000334170210408, 3.02740427287e-05],
        "var": [0.0279304888099, 3.35911512375, 34.6377754211, 356.092041016, 1489.98535156, 484.118682861, 1010.70770264, 330.585174561, 389.910217285, 484.961853027, 1478.65026855, 441.198760986, 707.723571777, 3207.25268555, 460.512207031, 3802.15307617, 2054.54638672, 1130.45117188, 582.224060059, 386.98638916, 395.644775391, 475.406555176, 653.665344238, 400.292755127, 271.283416748, 83.4567489624, 18.2624034882, 3.82609844208, 2.40347409248, 0.341513723135, 0.346460878849, 0.0434997752309, 0.159416630864, 0.191031366587, 0.00473676947877, 0.00028480112087, 9.00291561265e-05, 0.000271299475571, 1.11669720582e-07, 9.1651763956e-10]
    },
    "gfcc": {
        "mean": [-4.74403381348, 145.944519043, -134.247665405, 46.0392417908, -35.997303009, 0.893940746784, -27.5423374176, 3.38875818253, -18.9525032043, -3.53074741364, -7.00588464737, -7.73082351685, -6.99424695969],
        "cov": [[3328.45214844, -18.5596733093, -116.021957397, -35.1030349731, -92.711265564, -26.6728992462, -119.411582947, 59.0498924255, -199.450042725, -1.39195132256, -56.069606781, -14.8962783813, -85.6862411499], [-18.5596733093, 484.967132568, -250.362136841, 57.6199569702, 38.6054573059, -59.6237678528, 115.884643555, -89.0479278564, 99.4844589233, -78.6899261475, 68.5570602417, -44.1144981384, 56.5055961609], [-116.021957397, -250.362136841, 557.26776123, -59.2645606995, 60.9439506531, 38.9512214661, -181.98298645, 43.716129303, -85.6586151123, 71.242767334, -72.6939620972, 22.7558689117, -25.5631904602], [-35.1030349731, 57.6199569702, -59.2645606995, 182.061889648, -16.318529129, 11.9716968536, 26.3565540314, -46.156375885, 60.3016624451, -15.9466285706, 15.798614502, -15.5219087601, 20.3840847015], [-92.711265564, 38.6054573059, 60.9439506531, -16.318529129, 122.449249268, -22.3026351929, 3.0810110569, -3.79600405693, -4.63231039047, 14.0493659973, -2.08404064178, 0.0212580282241, -3.83248257637], [-26.6728992462, -59.6237678528, 38.9512214661, 11.9716968536, -22.3026351929, 119.459411621, 13.0266036987, 31.5250205994, -6.3214764595, -3.31455850601, -2.35541510582, 0.0488868802786, -5.56991052628], [-119.411582947, 115.884643555, -181.98298645, 26.3565540314, 3.0810110569, 13.0266036987, 167.532928467, -6.93445634842, 36.6022796631, -33.9292449951, 19.1019248962, -9.90492630005, 9.99998760223], [59.0498924255, -89.0479278564, 43.716129303, -46.156375885, -3.79600405693, 31.5250205994, -6.93445634842, 87.7671279907, -15.5789899826, 21.4425315857, -10.5304355621, 1.50340259075, -10.0658960342], [-199.450042725, 99.4844589233, -85.6586151123, 60.3016624451, -4.63231039047, -6.3214764595, 36.6022796631, -15.5789899826, 109.922386169, 1.19877576828, 23.5774784088, -7.17981243134, 11.9019269943], [-1.39195132256, -78.6899261475, 71.242767334, -15.9466285706, 14.0493659973, -3.31455850601, -33.9292449951, 21.4425315857, 1.19877576828, 86.9477233887, 3.30988645554, 4.71292257309, -10.9637842178], [-56.069606781, 68.5570602417, -72.6939620972, 15.798614502, -2.08404064178, -2.35541510582, 19.1019248962, -10.5304355621, 23.5774784088, 3.30988645554, 77.1306915283, 3.36973214149, 11.3938703537], [-14.8962783813, -44.1144981384, 22.7558689117, -15.5219087601, 0.0212580282241, 0.0488868802786, -9.90492630005, 1.50340259075, -7.17981243134, 4.71292257309, 3.36973214149, 68.5513076782, 1.25765120983], [-85.6862411499, 56.5055961609, -25.5631904602, 20.3840847015, -3.83248257637, -5.56991052628, 9.99998760223, -10.0658960342, 11.9019269943, -10.9637842178, 11.3938703537, 1.25765120983, 63.3000717163]],
        "icov": [[0.000489150814246, -0.000701156561263, 0.000453544955235, -0.000607372436207, 0.000407408631872, 2.93499779218e-05, 0.000763820891734, -0.000909255933948, 0.00158934807405, -0.000563543930184, 0.000646419590339, -0.000346343498677, 0.000922861800063], [-0.000701156561263, 0.00690631987527, -7.41956391721e-05, 0.00244625261985, -0.0029013780877, 0.00102613086347, -0.00240357918665, 0.00490682711825, -0.00599412154406, 0.00459324847907, -0.00389310996979, 0.00374264363199, -0.00430823396891], [0.000453544955235, -7.41956391721e-05, 0.00473109539598, -0.000579568266403, -0.00218895287253, -0.00195867265575, 0.0044542234391, -0.000784110452514, 0.0023906538263, -0.0018936105771, 0.0029767639935, -0.000760167022236, 0.000345999869751], [-0.000607372436207, 0.00244625261985, -0.000579568266403, 0.00950856041163, -0.000372260139557, -0.00178282696288, -0.00142323074397, 0.00639661261812, -0.00686296494678, 0.00185849284753, -0.00154712097719, 0.00273499987088, -0.00340283405967], [0.000407408631872, -0.0029013780877, -0.00218895287253, -0.000372260139557, 0.0113309407607, 0.00222993013449, -0.00181784899905, -0.00131650164258, 0.00247445888817, -0.00273584458046, 0.000596278172452, -0.00099957943894, 0.00231081875972], [2.93499779218e-05, 0.00102613086347, -0.00195867265575, -0.00178282696288, 0.00222993013449, 0.0115427067503, -0.00300088617951, -0.00391837861389, 0.000150554449647, 0.00220602168702, -0.00200402131304, 0.000508011318743, 0.000612923293374], [0.000763820891734, -0.00240357918665, 0.0044542234391, -0.00142323074397, -0.00181784899905, -0.00300088617951, 0.0123860901222, -0.00296825706027, 0.00217015598901, -0.000175990600837, 0.00271057290956, -0.00124981021509, 0.00173220864963], [-0.000909255933948, 0.00490682711825, -0.000784110452514, 0.00639661261812, -0.00131650164258, -0.00391837861389, -0.00296825706027, 0.020277807489, -0.00568420439959, -0.000336652068654, -0.00160341127776, 0.00336893205531, -0.00348636088893], [0.00158934807405, -0.00599412154406, 0.0023906538263, -0.00686296494678, 0.00247445888817, 0.000150554449647, 0.00217015598901, -0.00568420439959, 0.02051416412, -0.00643717125058, 0.00241016340442, -0.00302747986279, 0.0042481943965], [-0.000563543930184, 0.00459324847907, -0.0018936105771, 0.00185849284753, -0.00273584458046, 0.00220602168702, -0.000175990600837, -0.000336652068654, -0.00643717125058, 0.0181388836354, -0.00543614663184, 0.00222720392048, -0.000937216740567], [0.000646419590339, -0.00389310996979, 0.0029767639935, -0.00154712097719, 0.000596278172452, -0.00200402131304, 0.00271057290956, -0.00160341127776, 0.00241016340442, -0.00543614663184, 0.0186545755714, -0.00357608310878, 0.00054573174566], [-0.000346343498677, 0.00374264363199, -0.000760167022236, 0.00273499987088, -0.00099957943894, 0.000508011318743, -0.00124981021509, 0.00336893205531, -0.00302747986279, 0.00222720392048, -0.00357608310878, 0.0172990169376, -0.00302513246424], [0.000922861800063, -0.00430823396891, 0.000345999869751, -0.00340283405967, 0.00231081875972, 0.000612923293374, 0.00173220864963, -0.00348636088893, 0.0042481943965, -0.000937216740567, 0.00054573174566, -0.00302513246424, 0.0204948987812]]
    },
    "melbands": {
        "dmean": [0.00113994861022, 0.00168966013007, 0.00235994765535, 0.00127301900648, 0.000561405904591, 0.000238137232373, 0.000176352026756, 0.000119602947962, 0.000157390531967, 6.37481716694e-05, 4.60673763882e-05, 7.33456618036e-05, 3.04996319755e-05, 5.31890182174e-05, 5.24763199792e-05, 3.34124342771e-05, 2.63523561443e-05, 1.90203882084e-05, 1.5954092305e-05, 1.57712238433e-05, 1.18137086247e-05, 1.25480100905e-05, 1.11266108433e-05, 9.67278720054e-06, 7.61977798902e-06, 5.75241438128e-06, 4.30004320151e-06, 2.24007681027e-06, 1.49418519868e-06, 9.61091018326e-07, 4.71473526886e-07, 3.97819604814e-07, 1.93269372062e-07, 1.45399127405e-07, 1.39970040891e-07, 7.65009531278e-08, 6.54639364939e-08, 9.07395047989e-08, 7.85143399185e-08, 1.00871282882e-07],
        "dmean2": [0.00197808002122, 0.00285514281131, 0.00411067344248, 0.00222699274309, 0.000922460865695, 0.000384539162042, 0.000289652758511, 0.000197076966288, 0.000255951657891, 0.000105185012217, 7.29314488126e-05, 0.000121366319945, 4.96834145451e-05, 8.61947410158e-05, 8.38153937366e-05, 5.28478485649e-05, 4.23218334618e-05, 3.1102248613e-05, 2.56581370195e-05, 2.58966156252e-05, 1.89312213479e-05, 2.00703143491e-05, 1.8034272216e-05, 1.54145327542e-05, 1.24640382637e-05, 9.07935009309e-06, 6.6334641815e-06, 3.49843139702e-06, 2.35986954067e-06, 1.55290570092e-06, 7.30653596293e-07, 5.82456209486e-07, 3.13246999895e-07, 2.31011782148e-07, 2.25720157232e-07, 1.23463166801e-07, 1.0774294168e-07, 1.4392909975e-07, 1.23763982174e-07, 1.58807665684e-07],
        "dvar": [3.11447911372e-06, 8.11466816231e-06, 1.95584107132e-05, 4.41884822067e-06, 6.89397609221e-07, 1.17125502186e-07, 5.44247207301e-08, 3.39664865123e-08, 5.99599658813e-08, 8.85849082977e-09, 6.11735329059e-09, 2.57327723574e-08, 2.69883870807e-09, 9.87115278406e-09, 1.01169312927e-08, 3.36476091434e-09, 1.78880199542e-09, 9.29383681125e-10, 5.43115996621e-10, 5.18713016984e-10, 2.97215696499e-10, 3.47055245653e-10, 2.33938007854e-10, 2.01369879105e-10, 1.19605700344e-10, 7.38186595184e-11, 3.8665941976e-11, 1.42547267393e-11, 3.85847387027e-12, 2.28664288025e-12, 4.15596268337e-13, 4.65983425891e-13, 1.06274188126e-13, 6.91197248634e-14, 1.15117821959e-13, 1.92962169138e-14, 1.31939247464e-14, 4.06518826305e-14, 6.19892998694e-14, 1.54958795903e-13],
        "dvar2": [9.14137672225e-06, 2.20088859351e-05, 5.22906848346e-05, 1.15514294521e-05, 1.73147952864e-06, 2.82196907619e-07, 1.40925195069e-07, 8.63212363811e-08, 1.59489502494e-07, 2.31494219349e-08, 1.49667940263e-08, 7.06508416215e-08, 6.85692036484e-09, 2.45305002977e-08, 2.62798440787e-08, 7.68991359479e-09, 4.44248016152e-09, 2.37307173911e-09, 1.28971378022e-09, 1.22934085134e-09, 7.23618387433e-10, 8.54775028536e-10, 6.03564642709e-10, 5.1212756258e-10, 2.87685431033e-10, 1.65802344076e-10, 9.03562225041e-11, 3.27983612491e-11, 9.70383235571e-12, 5.67621514028e-12, 1.00445780166e-12, 9.51531279984e-13, 2.71752889289e-13, 1.60513529551e-13, 2.78849399083e-13, 4.88879160136e-14, 3.48323800359e-14, 9.47800865569e-14, 1.45908147218e-13, 3.89073349276e-13],
        "max": [0.0166705753654, 0.0272466298193, 0.0378019846976, 0.0147454524413, 0.00914033688605, 0.00365619827062, 0.00281188241206, 0.00284378137439, 0.00291659473442, 0.00115521997213, 0.00135287537705, 0.00214546150528, 0.000634310592432, 0.00154125131667, 0.00140305794775, 0.000930121459533, 0.000609788054135, 0.000526406278368, 0.000513804436196, 0.000358936464181, 0.000328858179273, 0.000383685197448, 0.000245351548074, 0.000215783482417, 0.000162609459949, 0.000174277520273, 0.00010276883404, 7.89519326645e-05, 2.41943580477e-05, 3.75321142201e-05, 1.13783944471e-05, 1.44938439917e-05, 5.36013931196e-06, 4.96777875014e-06, 6.44368219582e-06, 2.22282960749e-06, 1.3559628087e-06, 2.73877731161e-06, 4.98464532939e-06, 9.78569187282e-06],
        "mean": [0.0019571390003, 0.002759876661, 0.00262961676344, 0.00135502405465, 0.000800288689788, 0.000375966425054, 0.000274791353149, 0.000186111676157, 0.000232368358411, 0.000107627020043, 8.45724935061e-05, 0.000118334552099, 5.04961244587e-05, 8.81059386302e-05, 8.65809051902e-05, 5.83830478718e-05, 4.59590009996e-05, 3.24772336171e-05, 3.08215676341e-05, 3.09476636176e-05, 2.46174040512e-05, 2.43190388574e-05, 2.33898936131e-05, 2.06956374313e-05, 1.63327113114e-05, 1.21968450912e-05, 8.83738175617e-06, 4.30932504969e-06, 2.92860659101e-06, 1.94002336684e-06, 9.21641344576e-07, 7.81451888088e-07, 3.00700151001e-07, 2.47569289513e-07, 2.22656609594e-07, 1.12512694272e-07, 8.36471798493e-08, 1.21088703509e-07, 1.00682271409e-07, 1.12637799532e-07],
        "median": [0.00155661301687, 0.00205265055411, 0.00130941055249, 0.000668722845148, 0.000415467104176, 0.000223725874093, 0.000173019026988, 0.000110311360913, 0.000121534489153, 5.1354043535e-05, 3.64915140381e-05, 3.96882132918e-05, 2.53060607065e-05, 3.88446314901e-05, 3.30766270054e-05, 2.66867045866e-05, 2.41246725636e-05, 2.12861632463e-05, 2.23912938964e-05, 2.29997822316e-05, 1.73142980202e-05, 1.65487399499e-05, 1.5048163732e-05, 1.2588352547e-05, 1.04885730252e-05, 7.28472923583e-06, 5.51349694433e-06, 2.64293862529e-06, 2.15052727981e-06, 1.36654477956e-06, 6.40256189399e-07, 4.02328424798e-07, 1.84359294053e-07, 1.44061687024e-07, 1.12097268357e-07, 6.06867160968e-08, 4.11875085149e-08, 4.45097612101e-08, 2.05693169164e-08, 1.73657745961e-08],
        "min": [6.04040616446e-24, 5.90455721683e-24, 2.23151296539e-24, 3.49586471162e-24, 1.13115451509e-23, 4.93681894591e-24, 3.84756809102e-24, 6.11445456548e-24, 1.09243958844e-23, 5.33394533066e-24, 1.16438062644e-23, 4.68197664162e-24, 3.37901114016e-24, 4.89939538457e-24, 4.15967656944e-24, 7.60532121254e-24, 5.7959740631e-24, 7.62755920145e-24, 1.29996199245e-23, 6.46204364083e-24, 7.38992510895e-24, 6.01796662158e-24, 5.45527923763e-24, 7.5066244581e-24, 1.10505023999e-23, 7.36394713048e-24, 5.60229963897e-24, 8.33851930342e-24, 9.30629307309e-24, 1.03128906322e-23, 1.00763396457e-23, 8.83585429454e-24, 1.31794873106e-23, 1.43718245364e-23, 9.69950552446e-24, 1.22573751767e-23, 9.82884163645e-24, 9.05211735626e-24, 8.84222750179e-24, 7.93914032635e-24],
        "stdev": [0.00170753116254, 0.00274550868198, 0.0039953305386, 0.00195729895495, 0.000997966737486, 0.000440816540504, 0.000295600562822, 0.000228504533879, 0.000314180884743, 0.000136026443215, 0.000132962115458, 0.000233758022659, 7.0894115197e-05, 0.000140690681292, 0.000144635196193, 8.66926129675e-05, 6.282934919e-05, 3.9463309804e-05, 3.13959062623e-05, 3.06498550344e-05, 2.46622676059e-05, 2.58373493125e-05, 2.48823398579e-05, 2.26388292504e-05, 1.68361948454e-05, 1.47701312017e-05, 1.00780689536e-05, 5.31372779733e-06, 2.81382949652e-06, 2.14032206713e-06, 9.74552790467e-07, 1.2229048707e-06, 4.1090154923e-07, 3.55074320169e-07, 4.29285933023e-07, 1.6783225476e-07, 1.23788780115e-07, 2.41325693651e-07, 2.87751788619e-07, 3.95642899775e-07],
        "var": [2.91566266242e-06, 7.53781796448e-06, 1.59626670211e-05, 3.83101905754e-06, 9.95937625703e-07, 1.94319213165e-07, 8.7379689262e-08, 5.22143253079e-08, 9.87096200333e-08, 1.85031936439e-08, 1.76789232142e-08, 5.46428111647e-08, 5.02597607976e-09, 1.97938678781e-08, 2.09193391498e-08, 7.5156094681e-09, 3.94752674993e-09, 1.5573529133e-09, 9.85702852674e-10, 9.39413546952e-10, 6.08227412879e-10, 6.67568611501e-10, 6.19130802182e-10, 5.12516584728e-10, 2.83457451955e-10, 2.18156770426e-10, 1.01567476651e-10, 2.82357037057e-11, 7.91763703212e-12, 4.58097882544e-12, 9.49753188421e-13, 1.49549643502e-12, 1.68840093816e-13, 1.26077777775e-13, 1.84286424012e-13, 2.81676673089e-14, 1.53236628844e-14, 5.82380958779e-14, 8.28010958951e-14, 1.56533301403e-13]
    },
