{
"lowlevel": {
    "average_loudness": 0.921217620373,
    "barkbands_crest": {
        "dmean": 2.6365544796,
        "dmean2": 3.92636060715,
        "dvar": 9.05190467834,
        "dvar2": 20.3284053802,
        "max": 26.5351696014,
        "mean": 15.6275568008,
        "median": 14.9912967682,
        "min": 4.00984716415,
        "stdev": 6.14692497253,
        "var": 37.7846870422
    },
    "barkbands_flatness_db": {
        "dmean": 0.0268568713218,
        "dmean2": 0.0365905053914,
        "dvar": 0.000834727543406,
        "dvar2": 0.0016089604469,
        "max": 0.43524518609,
        "mean": 0.22977052629,
        "median": 0.229995921254,
        "min": 0.0451683215797,
        "stdev": 0.0720139145851,
        "var": 0.00518600363284
    },
    "barkbands_kurtosis": {
        "dmean": 9.78565120697,
        "dmean2": 14.1235923767,
        "dvar": 465.564697266,
        "dvar2": 939.624755859,
        "max": 371.807922363,
        "mean": 19.1388015747,
        "median": 7.23913860321,
        "min": -1.92325842381,
        "stdev": 35.7614822388,
        "var": 1278.88366699
    },
    "barkbands_skewness": {
        "dmean": 0.924603223801,
        "dmean2": 1.25146555901,
        "dvar": 1.46274733543,
        "dvar2": 2.58686113358,
        "max": 16.1312465668,
        "mean": 2.54808592796,
        "median": 2.14056777954,
        "min": -7.5834479332,
        "stdev": 2.69318604469,
        "var": 7.25325155258
    },
    "barkbands_spread": {
        "dmean": 5.51981115341,
        "dmean2": 8.23210716248,
        "dvar": 92.9990234375,
        "dvar2": 221.606185913,
        "max": 99.4371109009,
        "mean": 14.9581441879,
        "median": 10.1562604904,
        "min": 0.516387879848,
        "stdev": 14.8845214844,
        "var": 221.548980713
    },
    "dissonance": {
        "dmean": 0.0311152338982,
        "dmean2": 0.0499086007476,
        "dvar": 0.00114407297224,
        "dvar2": 0.00281661748886,
        "max": 0.499820947647,
        "mean": 0.411699175835,
        "median": 0.433562815189,
        "min": 0.13715903461,
        "stdev": 0.0725381076336,
        "var": 0.00526177696884
    },
    "dynamic_complexity": 7.38518238068,
    "erbbands_crest": {
        "dmean": 3.17281126976,
        "dmean2": 4.79885101318,
        "dvar": 9.45302391052,
        "dvar2": 21.4405250549,
        "max": 31.6217536926,
        "mean": 14.2534809113,
        "median": 13.3312997818,
        "min": 3.30217218399,
        "stdev": 6.14184570312,
        "var": 37.7222671509
    },
    "erbbands_flatness_db": {
        "dmean": 0.0217989515513,
        "dmean2": 0.0296400561929,
        "dvar": 0.000588583934586,
        "dvar2": 0.00113317964133,
        "max": 0.390706241131,
        "mean": 0.22226908803,
        "median": 0.232910960913,
        "min": 0.0575690604746,
        "stdev": 0.0719207078218,
        "var": 0.00517258793116
    },
    "erbbands_kurtosis": {
        "dmean": 3.277166605,
        "dmean2": 4.76473760605,
        "dvar": 43.4052238464,
        "dvar2": 91.0067520142,
        "max": 95.41796875,
        "mean": 5.43873691559,
        "median": 1.54623699188,
        "min": -1.86209785938,
        "stdev": 11.0525913239,
        "var": 122.159767151
    },
    "erbbands_skewness": {
        "dmean": 0.622321307659,
        "dmean2": 0.871185600758,
        "dvar": 0.630234479904,
        "dvar2": 1.1901986599,
        "max": 9.27668762207,
        "mean": 1.00714898109,
        "median": 0.856777369976,
        "min": -6.77039861679,
        "stdev": 1.76777207851,
        "var": 3.12501811981
    },
    "erbbands_spread": {
        "dmean": 9.47295761108,
        "dmean2": 14.0573635101,
        "dvar": 165.634124756,
        "dvar2": 382.541259766,
        "max": 118.727783203,
        "mean": 33.9106712341,
        "median": 26.0663204193,
        "min": 1.95581519604,
        "stdev": 24.8834457397,
        "var": 619.185913086
    },
    "hfc": {
        "dmean": 5.9154882431,
        "dmean2": 7.55116605759,
        "dvar": 219.96081543,
        "dvar2": 388.273529053,
        "max": 313.234802246,
        "mean": 15.363038063,
        "median": 5.18827724457,
        "min": 1.20518759411e-16,
        "stdev": 25.5385189056,
        "var": 652.215942383
    },
    "loudness_ebu128": {
        "integrated": -18.0631484985,
        "loudness_range": 3.99053764343,
        "momentary": {
            "dmean": 1.93824398518,
            "dmean2": 2.15849661827,
            "dvar": 5.14645338058,
            "dvar2": 7.49708366394,
            "max": -13.407579422,
            "mean": -21.0724830627,
            "median": -18.8575687408,
            "min": -39.5687103271,
            "stdev": 5.97223234177,
            "var": 35.6675605774
        },
        "short_term": {
            "dmean": 0.205498814583,
            "dmean2": 0.186468183994,
            "dvar": 0.0727648511529,
            "dvar2": 0.066857650876,
            "max": -16.5490455627,
            "mean": -19.0586357117,
            "median": -18.7219467163,
            "min": -28.6186847687,
            "stdev": 1.84044420719,
            "var": 3.38723468781
        }
    },
    "melbands_crest": {
        "dmean": 3.04177236557,
        "dmean2": 4.41801691055,
        "dvar": 11.02942276,
        "dvar2": 23.1725311279,
        "max": 32.3561058044,
        "mean": 19.2286052704,
        "median": 19.342880249,
        "min": 2.07354617119,
        "stdev": 6.65687513351,
        "var": 44.3139839172
    },
    "melbands_flatness_db": {
        "dmean": 0.02729700692,
        "dmean2": 0.0356271974742,
        "dvar": 0.00103164103348,
        "dvar2": 0.0017805894604,
        "max": 0.520347833633,
        "mean": 0.270023673773,
        "median": 0.265739023685,
        "min": 0.00539963552728,
        "stdev": 0.0833292603493,
        "var": 0.00694376509637
    },
    "melbands_kurtosis": {
        "dmean": 18.1141796112,
        "dmean2": 26.54662323,
        "dvar": 1060.41491699,
        "dvar2": 2056.62329102,
        "max": 489.696380615,
        "mean": 39.1558227539,
        "median": 15.1345500946,
        "min": -1.91427707672,
        "stdev": 59.3081970215,
        "var": 3517.4621582
    },
    "melbands_skewness": {
        "dmean": 1.10485076904,
        "dmean2": 1.52792990208,
        "dvar": 1.89816093445,
        "dvar2": 3.62685036659,
        "max": 16.5531024933,
        "mean": 3.68822741508,
        "median": 2.89777541161,
        "min": -3.81123900414,
        "stdev": 3.2142765522,
        "var": 10.33157444
    },
    "melbands_spread": {
        "dmean": 8.58400726318,
        "dmean2": 12.7479076385,
        "dvar": 488.509674072,
        "dvar2": 1028.60021973,
        "max": 253.937255859,
        "mean": 21.4903583527,
        "median": 10.3742866516,
        "min": 0.585742533207,
        "stdev": 36.0574035645,
        "var": 1300.13635254
    },
    "pitch_salience": {
        "dmean": 0.0744731724262,
        "dmean2": 0.103568434715,
        "dvar": 0.00782246608287,
        "dvar2": 0.0151815628633,
        "max": 0.971666157246,
        "mean": 0.471044838428,
        "median": 0.484300345182,
        "min": 0.0699370801449,
        "stdev": 0.210309535265,
        "var": 0.0442301034927
    },
    "silence_rate_20dB": {
        "dmean": 0,
        "dmean2": 0,
        "dvar": 0,
        "dvar2": 0,
        "max": 1,
        "mean": 1,
        "median": 1,
        "min": 1,
        "stdev": 0,
        "var": 0
    },
    "silence_rate_30dB": {
        "dmean": 0,
        "dmean2": 0,
        "dvar": 0,
        "dvar2": 0,
        "max": 1,
        "mean": 1,
        "median": 1,
        "min": 1,
        "stdev": 0,
        "var": 0
    },
    "silence_rate_60dB": {
        "dmean": 0.0644329860806,
        "dmean2": 0.128932446241,
        "dvar": 0.0602805651724,
        "dvar2": 0.118495889008,
        "max": 1,
        "mean": 0.361154049635,
        "median": 0,
        "min": 0,
        "stdev": 0.480333447456,
        "var": 0.230720221996
    },
    "spectral_centroid": {
        "dmean": 284.572875977,
        "dmean2": 387.048248291,
        "dvar": 259078.34375,
        "dvar2": 413578.96875,
        "max": 11043.7070312,
        "mean": 1278.75878906,
        "median": 979.756530762,
        "min": 220.619247437,
        "stdev": 1027.98278809,
        "var": 1056748.5
    },
    "spectral_complexity": {
        "dmean": 1.46391749382,
        "dmean2": 2.10881900787,
        "dvar": 5.75587177277,
        "dvar2": 9.79475688934,
        "max": 36,
        "mean": 5.25759935379,
        "median": 3,
        "min": 0,
        "stdev": 5.28748369217,
        "var": 27.9574813843
    },
    "spectral_decrease": {
        "dmean": 1.10913345175e-09,
        "dmean2": 1.4371982493e-09,
        "dvar": 4.81772281268e-18,
        "dvar2": 1.03965493962e-17,
        "max": 7.93069724188e-29,
        "mean": -3.62071683746e-09,
        "median": -2.06685091264e-09,
        "min": -3.07358405394e-08,
        "stdev": 4.10834344322e-09,
        "var": 1.68784863959e-17
    },
    "spectral_energy": {
        "dmean": 0.00465135462582,
        "dmean2": 0.00603176420555,
        "dvar": 8.1474565377e-05,
        "dvar2": 0.00017503334675,
        "max": 0.125418692827,
        "mean": 0.0150588862598,
        "median": 0.00875030830503,
        "min": 1.06320819929e-20,
        "stdev": 0.017067598179,
        "var": 0.000291302916594
    },
    "spectral_energyband_high": {
        "dmean": 0.000382427038858,
        "dmean2": 0.0005137968692,
        "dvar": 3.34321816808e-06,
        "dvar2": 5.53536392545e-06,
        "max": 0.048582598567,
        "mean": 0.00062716321554,
        "median": 8.88658687472e-05,
        "min": 7.91326210408e-21,
        "stdev": 0.00277559366077,
        "var": 7.7039203461e-06
    },
    "spectral_energyband_low": {
        "dmean": 0.000246325653279,
        "dmean2": 0.000416733499151,
        "dvar": 5.52685241928e-06,
        "dvar2": 1.51042268044e-05,
        "max": 0.0667433515191,
        "mean": 0.00026227592025,
        "median": 9.76194714895e-05,
        "min": 1.03800659248e-22,
        "stdev": 0.00189393979963,
        "var": 3.58700776815e-06
    },
    "spectral_energyband_middle_high": {
        "dmean": 0.00176459096838,
        "dmean2": 0.00224190810695,
        "dvar": 1.79798480531e-05,
        "dvar2": 3.18497441185e-05,
        "max": 0.0914570093155,
        "mean": 0.0047262548469,
        "median": 0.00041389715625,
        "min": 1.45820027038e-21,
        "stdev": 0.0087161893025,
        "var": 7.59719623602e-05
    },
    "spectral_energyband_middle_low": {
        "dmean": 0.00323918298818,
        "dmean2": 0.00431211479008,
        "dvar": 5.18586821272e-05,
        "dvar2": 0.000111924302473,
        "max": 0.103452712297,
        "mean": 0.00958408974111,
        "median": 0.00577588798478,
        "min": 3.39708673606e-22,
        "stdev": 0.0120510868728,
        "var": 0.000145228696056
    },
    "spectral_entropy": {
        "dmean": 0.235132813454,
        "dmean2": 0.324031382799,
        "dvar": 0.0745995044708,
        "dvar2": 0.126166269183,
        "max": 9.8052482605,
        "mean": 6.88818597794,
        "median": 6.87543916702,
        "min": 4.54408931732,
        "stdev": 0.817164480686,
        "var": 0.667757809162
    },
    "spectral_flux": {
        "dmean": 0.0199186597019,
        "dmean2": 0.0293048080057,
        "dvar": 0.00066827388946,
        "dvar2": 0.00124831998255,
        "max": 0.290282279253,
        "mean": 0.0464728213847,
        "median": 0.030169185251,
        "min": 1.03111984229e-10,
        "stdev": 0.0473175384104,
        "var": 0.00223894929513
    },
    "spectral_kurtosis": {
        "dmean": 1.6744402647,
        "dmean2": 2.76469612122,
        "dvar": 3.36500096321,
        "dvar2": 7.95007562637,
        "max": 24.3119564056,
        "mean": 4.48734140396,
        "median": 3.53846120834,
        "min": -1.21197581291,
        "stdev": 3.30741429329,
        "var": 10.9389886856
    },
    "spectral_rms": {
        "dmean": 0.000557884399313,
        "dmean2": 0.000664538529236,
        "dvar": 6.56137387978e-07,
        "dvar2": 1.16172600428e-06,
        "max": 0.0110616320744,
        "mean": 0.00312087638304,
        "median": 0.00292179500684,
        "min": 3.220677414e-12,
        "stdev": 0.00222525163554,
        "var": 4.95174526804e-06
    },
    "spectral_rolloff": {
        "dmean": 434.139221191,
        "dmean2": 698.136901855,
        "dvar": 1164151,
        "dvar2": 2134310.75,
        "max": 18841.5527344,
        "mean": 1360.45117188,
        "median": 753.662109375,
        "min": 64.599609375,
        "stdev": 1790.35095215,
        "var": 3205356.5
    },
    "spectral_skewness": {
        "dmean": 0.25452926755,
        "dmean2": 0.384653955698,
        "dvar": 0.0671387910843,
        "dvar2": 0.129790440202,
        "max": 3.89473080635,
        "mean": 1.53869831562,
        "median": 1.42367196083,
        "min": -0.445360839367,
        "stdev": 0.648091971874,
        "var": 0.420023173094
    },
    "spectral_spread": {
        "dmean": 545838.625,
        "dmean2": 797960.5,
        "dvar": 827067531264,
        "dvar2": 1.04012690227e+12,
        "max": 40366804,
        "mean": 4713946.5,
        "median": 4568235,
        "min": 1909365.375,
        "stdev": 1490357.75,
        "var": 2.22116629709e+12
    },
    "spectral_strongpeak": {
        "dmean": 0.566984832287,
        "dmean2": 0.875782608986,
        "dvar": 1.51172113419,
        "dvar2": 3.62697196007,
        "max": 21.6474018097,
        "mean": 1.47730600834,
        "median": 0.926926136017,
        "min": 0,
        "stdev": 1.82284939289,
        "var": 3.32277989388
    },
    "zerocrossingrate": {
        "dmean": 0.0118604525924,
        "dmean2": 0.0123022198677,
        "dvar": 0.000470788974781,
        "dvar2": 0.000434082350694,
        "max": 0.51123046875,
        "mean": 0.0538372211158,
        "median": 0.03955078125,
        "min": 0.00390625,
        "stdev": 0.0529772527516,
        "var": 0.00280658924021
    },
    "barkbands": {
        "dmean": [4.70434270028e-06, 2.00470603886e-05, 0.000122273151646, 0.000165501871379, 0.000733264896553, 0.00105692574289, 0.0002180091833, 0.00123358692508, 0.00079000974074, 0.000367100234143, 0.00047579704551, 0.000269566546194, 0.000165227596881, 0.000186113276868, 0.000162028009072, 0.000482403906062, 0.000194856125745, 0.000101274643384, 8.75489495229e-05, 0.000111902634671, 7.42426127545e-05, 0.000117713098007, 0.000110241082439, 4.48541650258e-05, 1.42659382618e-05, 8.78884020494e-06, 8.32956573049e-07],
        "dmean2": [7.70887891122e-06, 3.25543842337e-05, 0.000205870266655, 0.000289496296318, 0.00103383942042, 0.00125489244238, 0.000327500689309, 0.00170887506101, 0.00101853860542, 0.000419352465542, 0.000598486920353, 0.000301038031466, 0.000251583900535, 0.000244416180067, 0.000209970516153, 0.000707385770511, 0.000274972408079, 0.000137776369229, 0.000118056006613, 0.000156454334501, 0.000106961335405, 0.000153877248522, 0.000154754743562, 6.34916505078e-05, 2.10429025174e-05, 1.33392841235e-05, 1.45240699112e-06],
        "dvar": [2.08966111082e-09, 3.92505006275e-09, 1.46368267906e-06, 2.49537379204e-06, 5.95613209953e-06, 7.24607252778e-06, 2.09088443626e-06, 2.48212309089e-05, 8.63516197569e-06, 1.45854448874e-06, 3.28235205416e-06, 1.31339140808e-06, 1.24163989312e-06, 6.64849153509e-07, 5.97560301685e-07, 7.70284987084e-06, 7.13444364919e-07, 2.2954785095e-07, 1.12599693125e-07, 1.33152511239e-07, 1.6706277961e-07, 5.44763622656e-07, 3.02493191384e-07, 5.94034723633e-08, 5.42028066874e-09, 6.06053784935e-09, 4.73537216383e-11],
        "dvar2": [5.36631894477e-09, 9.47231715287e-09, 3.9800020204e-06, 6.99643396729e-06, 1.27825987875e-05, 1.23194395201e-05, 4.64258710053e-06, 5.25892428413e-05, 1.70340317709e-05, 2.2558897399e-06, 5.15352394359e-06, 1.7398468799e-06, 3.04916443383e-06, 1.33658943469e-06, 8.39139374875e-07, 1.72295658558e-05, 1.52070526838e-06, 4.91510149914e-07, 1.85538681308e-07, 2.64009827333e-07, 3.18917329878e-07, 8.93162052762e-07, 5.54361463401e-07, 1.28607183569e-07, 1.2343311262e-08, 1.47926488836e-08, 1.37692274249e-10],
        "max": [0.00147923710756, 0.00151507474948, 0.036190956831, 0.0362202264369, 0.0445485189557, 0.0602894201875, 0.0426743514836, 0.0899827331305, 0.0540134608746, 0.0375581495464, 0.0358241125941, 0.040746755898, 0.0226528067142, 0.0174581632018, 0.0264741126448, 0.0808360949159, 0.017204625532, 0.0144616756588, 0.0120579758659, 0.00833280570805, 0.014391685836, 0.020405901596, 0.0150672961026, 0.00644328352064, 0.00167942047119, 0.00276752351783, 0.000194930878934],
        "mean": [4.86249109599e-06, 9.60963589023e-05, 8.75953701325e-05, 0.000117506140668, 0.0012734917691, 0.00375857739709, 0.000273549550911, 0.00239944364876, 0.00164548133034, 0.000950339133851, 0.000989297055639, 0.000681451288983, 0.000197495886823, 0.000343414838426, 0.000255881925113, 0.000665290222969, 0.000306563510094, 0.000157519039931, 0.000145783051266, 0.000170229599462, 0.000109632972453, 0.000172085085069, 0.000165626304806, 6.30317736068e-05, 1.80423157872e-05, 9.92478180706e-06, 6.94763798492e-07],
        "median": [1.0842136362e-06, 8.2738493802e-05, 1.08213396288e-06, 2.20667607209e-06, 0.000220591857214, 0.000900797604118, 3.75932586394e-06, 1.91014187294e-05, 2.19790181291e-05, 1.5196131244e-05, 1.08762415039e-05, 3.25160226566e-06, 1.30968760459e-06, 2.96903317576e-06, 3.88741864299e-06, 1.35767159009e-05, 7.5931061474e-06, 6.83181360728e-06, 1.34721667564e-05, 2.17751185119e-05, 1.42142762343e-05, 6.46742591925e-06, 1.35462450999e-05, 9.26277971303e-06, 2.66237793767e-06, 8.41801636398e-07, 1.94764577799e-08],
        "min": [4.20689147233e-24, 7.45321147507e-23, 2.69311685679e-23, 5.03800416207e-24, 2.89667831131e-23, 7.36134073405e-23, 4.78774608627e-23, 2.81893954009e-23, 9.71629185344e-23, 1.16818019077e-22, 4.9841847579e-23, 4.80334880834e-23, 1.00129376326e-22, 4.83188096065e-23, 1.19961371038e-22, 1.04933873716e-22, 2.33952339822e-22, 2.33719619544e-22, 3.18331477086e-22, 2.15084579261e-22, 2.83926059701e-22, 4.22187552235e-22, 7.26392411154e-22, 9.66161192824e-22, 1.28624343625e-21, 1.42645145884e-21, 2.91339736623e-21],
        "stdev": [4.12967710872e-05, 8.00961424829e-05, 0.000977977993898, 0.00123870512471, 0.00314076989889, 0.00658386712894, 0.0017583683366, 0.00690377177671, 0.00494642788544, 0.00273485737853, 0.00345282512717, 0.00270474841818, 0.00117183569819, 0.00137180078309, 0.0012858081609, 0.00322574842721, 0.00117169285659, 0.000578125065658, 0.000532408477738, 0.000483598589199, 0.000640055746771, 0.00114191591274, 0.00071717024548, 0.000282852677628, 7.86007876741e-05, 7.3695780884e-05, 5.21637412021e-06],
        "var": [1.70542324707e-09, 6.41539221746e-09, 9.56440999289e-07, 1.53439032147e-06, 9.8644359241e-06, 4.33473069279e-05, 3.09185929837e-06, 4.76620662084e-05, 2.44671482506e-05, 7.47944432078e-06, 1.19220021588e-05, 7.31566342438e-06, 1.37319898386e-06, 1.88183730643e-06, 1.653302661e-06, 1.04054533949e-05, 1.37286406243e-06, 3.34228587917e-07, 2.83458803096e-07, 2.33867595512e-07, 4.09671343959e-07, 1.30397199882e-06, 5.14333123647e-07, 8.00056412231e-08, 6.17808426639e-09, 5.43106759565e-09, 2.72105601939e-11]
    },
    "erbbands": {
        "dmean": [0.000797602406237, 0.00520696304739, 0.0850146636367, 0.464301794767, 0.89962542057, 2.60491633415, 8.68809127808, 6.48152351379, 2.82815408707, 7.42394828796, 34.789226532, 15.2807025909, 5.85067558289, 21.9958171844, 9.29045391083, 12.6076345444, 6.02098321915, 10.0222377777, 5.15068912506, 15.1912822723, 22.776714325, 9.18997955322, 5.45245265961, 4.64530658722, 3.94737958908, 5.65421152115, 2.97470259666, 3.42997574806, 4.15366125107, 4.32539081573, 2.94618916512, 1.37330651283, 0.526283085346, 0.181589439511, 0.0902584716678, 0.0449198521674, 0.0139824859798, 0.00317535502836, 9.53728958848e-05, 7.70137285144e-06],
        "dmean2": [0.00127107952721, 0.00843579508364, 0.144441559911, 0.793910980225, 1.39958202839, 3.90025091171, 10.2739772797, 7.84305429459, 3.83378267288, 10.5195550919, 46.9851303101, 19.409702301, 6.94632434845, 24.7065677643, 11.4524583817, 14.2434825897, 8.80939006805, 13.1057977676, 6.65480709076, 21.0773735046, 31.9248847961, 12.1722192764, 7.27484035492, 6.18719577789, 5.33558320999, 8.09100151062, 4.25584697723, 5.01016187668, 5.71609401703, 5.7411198616, 4.10660886765, 1.95278513432, 0.773543179035, 0.278832376003, 0.132290050387, 0.0674377679825, 0.0217685326934, 0.00507435901091, 0.000158888098667, 1.0561216186e-05],
        "dvar": [1.02857175079e-05, 0.00058434100356, 0.669970273972, 20.5587291718, 19.9948692322, 96.8357009888, 344.790252686, 607.318725586, 480.886230469, 2302.03662109, 16623.203125, 2838.48193359, 927.328735352, 4432.25341797, 1298.07556152, 3184.75415039, 1178.41540527, 1596.45739746, 376.443267822, 4807.72216797, 16357.8115234, 1430.99707031, 789.987060547, 443.660827637, 137.463882446, 371.031738281, 264.977722168, 371.960327148, 705.216003418, 773.131530762, 191.826461792, 52.5778465271, 8.63903236389, 0.686411261559, 0.333755612373, 0.207451745868, 0.0100118136033, 0.000403522251872, 5.69200778955e-07, 4.19224266412e-10],
        "dvar2": [2.49562326644e-05, 0.001626041485, 1.83177649975, 56.6310920715, 54.0946960449, 221.077972412, 548.971252441, 1281.03540039, 964.205322266, 4905.52636719, 37745.3085938, 5716.59667969, 1410.77355957, 7016.33740234, 2206.63134766, 4154.72363281, 2830.68139648, 2846.87060547, 728.185546875, 9277.13085938, 35777.4648438, 2706.39038086, 1686.56262207, 797.279785156, 237.593276978, 781.476867676, 596.072998047, 684.900085449, 1132.10131836, 1503.74609375, 369.875549316, 104.557289124, 18.8436737061, 1.4240796566, 0.790553569794, 0.489084213972, 0.0254463609308, 0.00109069049358, 1.63166942002e-06, 1.05836839293e-09],
        "max": [0.106698967516, 0.682979464531, 24.2432479858, 119.102905273, 72.4319381714, 174.972930908, 447.607025146, 640.572937012, 738.153869629, 1369.40783691, 2506.23339844, 994.18572998, 1397.60217285, 1508.63769531, 799.856445312, 2105.79467773, 777.008422852, 1010.43652344, 400.656921387, 1676.45031738, 3190.18945312, 836.657287598, 932.420349121, 728.612915039, 280.696136475, 368.345062256, 466.160644531, 646.425842285, 869.335876465, 888.71661377, 337.838043213, 218.925292969, 74.1765670776, 17.0469894409, 16.5595283508, 16.6767024994, 3.10349774361, 0.448838829994, 0.0202902555466, 0.000383477978176],
        "mean": [0.0035273830872, 0.0198613218963, 0.06406699121, 0.341667383909, 1.08681225777, 4.41584539413, 30.5207862854, 19.764295578, 5.03404664993, 10.4659423828, 75.4214096069, 33.7410392761, 13.3063116074, 56.779750824, 19.7618808746, 32.1066665649, 10.0396528244, 20.6044216156, 9.54515743256, 23.2796707153, 35.6181297302, 16.8311367035, 9.49052524567, 7.67407274246, 7.20453119278, 8.31258106232, 4.33175611496, 5.1156668663, 6.15437078476, 6.01816654205, 4.40895462036, 1.98732125759, 0.742396533489, 0.243620619178, 0.110097013414, 0.047269962728, 0.0162341780961, 0.00339838862419, 9.95634472929e-05, 2.13967850868e-05],
        "median": [0.00298951752484, 0.0167237203568, 0.00598656991497, 0.00793731492013, 0.0535350181162, 1.19729626179, 11.5651788712, 3.1089925766, 0.517483651638, 0.508567988873, 1.13021016121, 0.917609155178, 0.390300273895, 1.43022692204, 0.577797174454, 0.214993074536, 0.102782472968, 0.157874390483, 0.156738296151, 0.459533840418, 0.737567186356, 0.436469733715, 0.416592925787, 0.588298499584, 0.862087607384, 1.08373248577, 0.584480941296, 0.51422649622, 0.249160006642, 0.289660602808, 0.392281144857, 0.288846850395, 0.107618644834, 0.0343475006521, 0.0166508760303, 0.00505536561832, 0.00132299365941, 0.000225540323299, 1.56792248163e-05, 1.22378451124e-05],
        "min": [1.59327456291e-21, 1.86075199678e-20, 3.18803486014e-20, 2.57218532316e-20, 1.0645529494e-19, 6.66767608936e-20, 3.43332686974e-19, 5.60257545592e-19, 5.69109463821e-19, 8.62020477677e-19, 6.31700411315e-19, 1.78351637877e-18, 4.27432967032e-18, 3.22142491029e-18, 1.5180784629e-18, 2.33131467148e-18, 3.91754102953e-18, 3.40908179239e-18, 3.62921688727e-18, 6.35415165709e-18, 8.51032530952e-18, 1.09774154747e-17, 1.32052874883e-17, 1.68348840514e-17, 1.32908295441e-17, 1.00581134117e-17, 9.33480269583e-18, 1.31768622537e-17, 1.51078483921e-17, 1.93123197645e-17, 2.08432639879e-17, 1.60954871542e-17, 1.79113769006e-17, 1.50246935795e-17, 9.23444831674e-18, 5.31488276266e-18, 2.71369214452e-18, 1.4322776029e-18, 4.02102318532e-19, 4.24875957889e-20],
        "stdev": [0.00359326833859, 0.0223575327545, 0.657669484615, 3.61882901192, 4.68124771118, 11.8294944763, 46.6003608704, 45.3309631348, 31.2163734436, 53.3804092407, 184.72328186, 93.0553131104, 56.9493598938, 142.094024658, 60.553478241, 130.830657959, 39.8576316833, 76.0809020996, 33.1969604492, 101.593948364, 168.211013794, 60.7584457397, 34.4053840637, 29.4083480835, 20.6737995148, 23.8892765045, 20.7916812897, 30.9787082672, 42.4603805542, 35.3301544189, 17.8506069183, 8.57553768158, 3.59594297409, 1.00922608376, 0.568057894707, 0.436534404755, 0.0948907732964, 0.0177918057889, 0.000596709433012, 2.77178369288e-05],
        "var": [1.29115769596e-05, 0.000499859277625, 0.43252915144, 13.0959234238, 21.9140796661, 139.936950684, 2171.59375, 2054.89624023, 974.461975098, 2849.46826172, 34122.6914062, 8659.29199219, 3243.22973633, 20190.7128906, 3666.72363281, 17116.6601562, 1588.63085938, 5788.30419922, 1102.03808594, 10321.3310547, 28294.9433594, 3691.58862305, 1183.73046875, 864.850891113, 427.405975342, 570.697509766, 432.294036865, 959.680358887, 1802.88391113, 1248.21984863, 318.644165039, 73.5398406982, 12.93080616, 1.01853740215, 0.322689801455, 0.190562292933, 0.00900425948203, 0.000316548364935, 3.5606211668e-07, 7.68278440866e-10]
    },
    "gfcc": {
        "mean": [-127.804664612, 69.9345169067, -115.35131073, 31.9877548218, -81.7191238403, 0.671027958393, -38.9416007996, 10.1066122055, -17.0840835571, -1.43161094189, -7.73397350311, 12.844493866, 10.3898477554],
        "cov": [[11969.9980469, -1789.48083496, -2722.68847656, -2045.62365723, -1107.88452148, -914.549926758, -798.623046875, -134.938598633, -100.715171814, -206.25177002, 67.4891967773, -61.3220291138, -189.809738159], [-1789.48083496, 1776.16711426, 113.163467407, -527.637451172, -55.5688095093, 68.0457458496, 182.011184692, -112.19821167, -162.816131592, -154.95715332, 193.84197998, -178.596389771, 63.7555465698], [-2722.68847656, 113.163467407, 1784.35424805, 973.940917969, 47.7840194702, 89.9861373901, 21.8392963409, -84.6090011597, -70.0073394775, -20.1464443207, -204.571212769, 136.132888794, -9.41516971588], [-2045.62365723, -527.637451172, 973.940917969, 1711.56994629, 483.143280029, 64.5673370361, -141.274642944, 31.6946811676, 165.949172974, 58.4948005676, -253.637252808, 72.0182342529, -11.0030946732], [-1107.88452148, -55.5688095093, 47.7840194702, 483.143280029, 615.882080078, 195.42250061, 10.5865564346, 30.588842392, 75.9327545166, 118.532463074, -190.630310059, -43.8165779114, -55.0985488892], [-914.549926758, 68.0457458496, 89.9861373901, 64.5673370361, 195.42250061, 502.278442383, 267.517974854, -14.9554166794, -34.7283058167, 89.9053955078, -67.689201355, -115.311195374, -71.9564819336], [-798.623046875, 182.011184692, 21.8392963409, -141.274642944, 10.5865564346, 267.517974854, 451.644470215, 61.5891227722, -108.380340576, 46.3331756592, 10.9909448624, -54.304271698, -66.2646560669], [-134.938598633, -112.19821167, -84.6090011597, 31.6946811676, 30.588842392, -14.9554166794, 61.5891227722, 198.656723022, 25.5925140381, 13.0145378113, -4.06564378738, 21.4510707855, 36.5265197754], [-100.715171814, -162.816131592, -70.0073394775, 165.949172974, 75.9327545166, -34.7283058167, -108.380340576, 25.5925140381, 202.728607178, 37.8899078369, -26.9860954285, 22.6767063141, 22.8535346985], [-206.25177002, -154.95715332, -20.1464443207, 58.4948005676, 118.532463074, 89.9053955078, 46.3331756592, 13.0145378113, 37.8899078369, 172.617218018, -49.764919281, -0.910706222057, -7.67997837067], [67.4891967773, 193.84197998, -204.571212769, -253.637252808, -190.630310059, -67.689201355, 10.9909448624, -4.06564378738, -26.9860954285, -49.764919281, 279.905426025, 40.7612075806, 53.8619995117], [-61.3220291138, -178.596389771, 136.132888794, 72.0182342529, -43.8165779114, -115.311195374, -54.304271698, 21.4510707855, 22.6767063141, -0.910706222057, 40.7612075806, 218.777954102, 58.2165222168], [-189.809738159, 63.7555465698, -9.41516971588, -11.0030946732, -55.0985488892, -71.9564819336, -66.2646560669, 36.5265197754, 22.8535346985, -7.67997837067, 53.8619995117, 58.2165222168, 168.993377686]],
        "icov": [[0.000607249909081, 0.000508830649778, 0.000936503580306, 0.000177846493898, 0.00106615829282, 0.000182451083674, 0.00101991719566, 0.000325845059706, 0.00103358679917, 0.000223784532864, 0.001064158394, -5.80617561354e-05, 0.000859857129399], [0.000508830649778, 0.00178129831329, 3.3482832805e-05, 0.000963442376815, -0.000354291551048, 0.00075506180292, 3.26620065607e-05, 0.00105451361742, 0.000623299740255, 0.00139910099097, -0.000331819726853, 0.00163255142979, -0.00052239804063], [0.000936503580306, 3.3482832805e-05, 0.00310399872251, -0.00102461234201, 0.00302665238269, -0.000401205645176, 0.00183773995377, 0.000685133913066, 0.00254102959298, -0.000139116236824, 0.00313236704096, -0.00185360840987, 0.00182418490294], [0.000177846493898, 0.000963442376815, -0.00102461234201, 0.00199274439365, -0.00146386236884, 0.000543238420505, 9.39230667427e-05, 0.000126872691908, -0.000777303008363, 0.000983048346825, -0.000505383010022, 0.00110666081309, -0.000397986208554], [0.00106615829282, -0.000354291551048, 0.00302665238269, -0.00146386236884, 0.00637283595279, -0.00140701048076, 0.00299892551266, -0.000412145978771, 0.00229483330622, -0.00173357035965, 0.00436099153012, -0.00193791917991, 0.00303669041023], [0.000182451083674, 0.00075506180292, -0.000401205645176, 0.000543238420505, -0.00140701048076, 0.00459307059646, -0.00252760876901, 0.00153464393225, -0.000326182809658, -0.000256509869359, -0.000409499014495, 0.0023523226846, -0.000540145789273], [0.00101991719566, 3.26620065607e-05, 0.00183773995377, 9.39230667427e-05, 0.00299892551266, -0.00252760876901, 0.00703586405143, -0.00225711078383, 0.00379062700085, -0.0011486801086, 0.00193367013708, -0.00136249966454, 0.00367821287364], [0.000325845059706, 0.00105451361742, 0.000685133913066, 0.000126872691908, -0.000412145978771, 0.00153464393225, -0.00225711078383, 0.00735640292987, -0.000509276753291, 0.00109555909876, 0.000589416886214, 0.000452938635135, -0.00216665561311], [0.00103358679917, 0.000623299740255, 0.00254102959298, -0.000777303008363, 0.00229483330622, -0.000326182809658, 0.00379062700085, -0.000509276753291, 0.00912769883871, -0.00130734965205, 0.00229985034093, -0.00104192853905, 0.00155460264068], [0.000223784532864, 0.00139910099097, -0.000139116236824, 0.000983048346825, -0.00173357035965, -0.000256509869359, -0.0011486801086, 0.00109555909876, -0.00130734965205, 0.00880376063287, 0.000183539304999, 0.000565694179386, -0.00125835754443], [0.001064158394, -0.000331819726853, 0.00313236704096, -0.000505383010022, 0.00436099153012, -0.000409499014495, 0.00193367013708, 0.000589416886214, 0.00229985034093, 0.000183539304999, 0.008605113253, -0.00285682291724, 0.00127917656209], [-5.80617561354e-05, 0.00163255142979, -0.00185360840987, 0.00110666081309, -0.00193791917991, 0.0023523226846, -0.00136249966454, 0.000452938635135, -0.00104192853905, 0.000565694179386, -0.00285682291724, 0.00854407064617, -0.00284092384391], [0.000859857129399, -0.00052239804063, 0.00182418490294, -0.000397986208554, 0.00303669041023, -0.000540145789273, 0.00367821287364, -0.00216665561311, 0.00155460264068, -0.00125835754443, 0.00127917656209, -0.00284092384391, 0.0101301865652]]
    },
    "melbands": {
        "dmean": [6.26518067293e-06, 3.70386442228e-05, 8.21113280836e-05, 0.000123237085063, 0.000249382399488, 0.00015602359781, 4.0666473069e-05, 0.0001032048458, 0.000300529733067, 7.71365084802e-05, 2.76277551166e-05, 8.79018043634e-05, 4.60843875771e-05, 2.85925289063e-05, 2.18632012547e-05, 1.92000352399e-05, 1.85010903806e-05, 8.5051096903e-06, 1.44404448292e-05, 3.13188138534e-05, 2.69567281066e-05, 1.13977321234e-05, 6.23026244284e-06, 4.64976483272e-06, 3.90465402234e-06, 2.98890154227e-06, 3.38612494488e-06, 4.0936320147e-06, 1.97392205337e-06, 1.72380430286e-06, 2.19678418034e-06, 2.56804378296e-06, 2.51709070653e-06, 2.48128048952e-06, 1.94078393179e-06, 1.19486526273e-06, 7.69333780681e-07, 4.39471790514e-07, 2.1648398274e-07, 1.3907269647e-07],
        "dmean2": [9.96519884211e-06, 6.26044202363e-05, 0.000139303418109, 0.000187947312952, 0.000300991872791, 0.000188933117897, 5.77446153329e-05, 0.00015132878616, 0.000405967934057, 9.72894631559e-05, 3.31364426529e-05, 9.80434269877e-05, 5.83448527323e-05, 3.11250223604e-05, 2.65726939688e-05, 2.83367226075e-05, 2.38299417106e-05, 1.12244479169e-05, 1.91643903236e-05, 4.53473949165e-05, 3.75080380763e-05, 1.54610588652e-05, 8.66413938638e-06, 6.30071508567e-06, 5.37845107829e-06, 4.05343689636e-06, 4.77410003441e-06, 5.99031045567e-06, 2.92007371172e-06, 2.58734826275e-06, 3.28354917656e-06, 3.79871426048e-06, 3.17250191983e-06, 3.56585474037e-06, 2.790337021e-06, 1.72240856955e-06, 1.14571685117e-06, 6.68939662773e-07, 3.34725257289e-07, 2.20280853114e-07],
        "dvar": [5.21155452127e-10, 1.2584371234e-07, 4.61697112542e-07, 2.56302655544e-07, 2.90167349704e-07, 2.62960156761e-07, 9.32679213861e-08, 3.95566132738e-07, 1.13284681902e-06, 7.7307554136e-08, 2.37087878219e-08, 6.73547830843e-08, 3.46454633871e-08, 1.38773392777e-08, 9.28572774228e-09, 1.65625646531e-08, 5.46923750733e-09, 1.8690586856e-09, 4.43128822525e-09, 3.96753314647e-08, 2.03250873909e-08, 2.58199794878e-09, 7.81347542222e-10, 4.89983720264e-10, 3.71798980492e-10, 1.0938579903e-10, 9.06036218273e-11, 2.30202468199e-10, 1.08475561866e-10, 1.00711453066e-10, 1.6000985259e-10, 3.06755176815e-10, 2.42530273642e-10, 2.27367152883e-10, 8.68466687454e-11, 2.97204622024e-11, 2.45277305411e-11, 5.99787884289e-12, 1.49979464611e-12, 3.3552864263e-13],
        "dvar2": [1.22804988401e-09, 3.4362705037e-07, 1.27576208797e-06, 6.43863813821e-07, 4.59564233779e-07, 5.17177397796e-07, 1.88216972674e-07, 7.78659114076e-07, 2.59495254795e-06, 1.49965572405e-07, 3.53634170835e-08, 1.04832118097e-07, 5.60935617955e-08, 1.61004880539e-08, 1.54619126391e-08, 3.95197155001e-08, 9.29509713643e-09, 3.89269771972e-09, 6.87608148198e-09, 8.77883081785e-08, 4.10582714494e-08, 5.40810729532e-09, 1.74583836277e-09, 9.08720321213e-10, 6.97961966001e-10, 1.66741828678e-10, 1.85795351326e-10, 5.0953291586e-10, 2.49243709005e-10, 1.93218371858e-10, 3.33209182468e-10, 6.148054843e-10, 4.52568565956e-10, 4.43019815277e-10, 1.84141757398e-10, 5.64545979409e-11, 5.91392004812e-11, 1.31480720408e-11, 3.49495649435e-12, 6.64087871066e-13],
        "max": [0.000730177154765, 0.0104490453377, 0.016988132149, 0.0105310613289, 0.0138040203601, 0.0128515269607, 0.00997291505337, 0.016406359151, 0.0191224478185, 0.005370718427, 0.00705806259066, 0.00570279080421, 0.00404931837693, 0.00394205097109, 0.00296163070016, 0.00292948563583, 0.00186756276526, 0.000973042566329, 0.00214383518323, 0.00646109040827, 0.00368297495879, 0.000951275345869, 0.000849964912049, 0.000509875244461, 0.000683515449055, 0.000297851220239, 0.000138987365062, 0.00032817592728, 0.000289271731162, 0.000331078568706, 0.000382352620363, 0.000589444651268, 0.000485356868012, 0.00048592913663, 0.000233477971051, 0.000169245016878, 0.000155164583703, 6.03381740802e-05, 3.22943233186e-05, 1.08372023533e-05],
        "mean": [2.99533221551e-05, 3.43135652656e-05, 7.04801132088e-05, 0.000176219022251, 0.000867688679136, 0.00051132356748, 6.18844278506e-05, 0.000151922387886, 0.000672429916449, 0.00016270877677, 6.04571469012e-05, 0.000228296645219, 9.20542661333e-05, 7.08620791556e-05, 4.84844567836e-05, 2.69573938567e-05, 3.82432990591e-05, 1.30132220875e-05, 2.17645811063e-05, 4.17997835029e-05, 4.16770599259e-05, 1.83476349775e-05, 1.02253416117e-05, 7.25455174688e-06, 6.04786100666e-06, 5.37842561243e-06, 5.46049614059e-06, 5.55437918592e-06, 2.7185099043e-06, 2.53718962995e-06, 3.02463831758e-06, 3.4885988498e-06, 3.37408823725e-06, 3.35925960826e-06, 2.7838727874e-06, 1.73570811057e-06, 1.00515273971e-06, 5.92998617321e-07, 2.67322121772e-07, 1.76754340941e-07],
        "median": [2.56533767242e-05, 9.27650671656e-06, 1.38135897032e-06, 1.6402300389e-05, 0.000374030991225, 9.33643532335e-05, 9.4913536941e-07, 2.09425661524e-06, 1.05113404061e-05, 3.75671447728e-06, 6.69568976264e-07, 5.55342421649e-06, 1.93485357158e-06, 3.84267536901e-07, 2.75216251566e-07, 1.33541902869e-07, 2.82252557327e-07, 1.56742132162e-07, 3.43340843756e-07, 7.9227106653e-07, 8.12205826151e-07, 4.45082520173e-07, 2.94380811283e-07, 3.16656411314e-07, 4.5522276082e-07, 5.40043174624e-07, 6.45408306355e-07, 6.60788714413e-07, 2.80815271481e-07, 2.75538667438e-07, 2.60061938206e-07, 1.18188523857e-07, 9.81637811037e-08, 1.64412128356e-07, 2.01762077268e-07, 2.21148795276e-07, 1.33328612151e-07, 7.6685559236e-08, 2.20502602843e-08, 2.45628015705e-08],
        "min": [1.86719857946e-23, 1.94362184624e-23, 7.08596280267e-24, 6.57420585649e-24, 9.66278404932e-24, 1.38178106782e-23, 8.1671021953e-24, 8.41866204937e-24, 5.63765638474e-24, 1.31840634927e-23, 2.09934582883e-23, 1.27755739611e-23, 6.18387235299e-24, 3.30579419853e-24, 1.08574594589e-23, 8.66819926407e-24, 5.58445008327e-24, 4.14863370005e-24, 1.05895149638e-23, 7.2824309777e-24, 1.13682855492e-23, 1.17676905587e-23, 1.18241106795e-23, 1.10425293827e-23, 1.43148498464e-23, 1.13193809062e-23, 7.6957806814e-24, 6.13693907343e-24, 5.39484460369e-24, 6.7693566338e-24, 7.87367354869e-24, 8.23852802824e-24, 9.00482830044e-24, 1.13465374429e-23, 1.20189364461e-23, 1.06154290445e-23, 9.64057603712e-24, 1.26764504329e-23, 1.19955404094e-23, 1.28868009821e-23],
        "stdev": [2.7638492611e-05, 0.000285725604044, 0.000549749122001, 0.00058321969118, 0.00129665085115, 0.00105561688542, 0.00042652231059, 0.000747022917494, 0.00157196645159, 0.000492622610182, 0.000298709055642, 0.000563776760828, 0.000328159716446, 0.000304608838633, 0.000183688403922, 0.000143784403917, 0.0001445152011, 5.94448683842e-05, 0.000108125954284, 0.000216906963033, 0.000205410964554, 7.37944137654e-05, 3.43159445038e-05, 2.8827074857e-05, 2.54716906056e-05, 1.86842280527e-05, 1.42019771374e-05, 1.75520690391e-05, 1.26045642901e-05, 1.56925070769e-05, 1.85091121239e-05, 2.53081252595e-05, 2.22003127419e-05, 1.86856705113e-05, 1.14204285637e-05, 6.82365134708e-06, 5.02908915223e-06, 2.9891491522e-06, 1.40414942962e-06, 6.89050011715e-07],
        "var": [7.63886232047e-10, 8.16391150238e-08, 3.02224094639e-07, 3.40145220434e-07, 1.68130350175e-06, 1.11432689209e-06, 1.81921279818e-07, 5.58043268484e-07, 2.47107846008e-06, 2.42677032247e-07, 8.9227100375e-08, 3.17844268238e-07, 1.07688798323e-07, 9.2786535788e-08, 3.37414292062e-08, 2.0673953216e-08, 2.08846451244e-08, 3.53369244976e-09, 1.16912213244e-08, 4.70486334336e-08, 4.21936654504e-08, 5.44561595817e-09, 1.17758414131e-09, 8.31000268597e-10, 6.48807008119e-10, 3.49100359731e-10, 2.01696159774e-10, 3.08075148725e-10, 1.58875038125e-10, 2.46254766578e-10, 3.42587236357e-10, 6.40501207627e-10, 4.92853868828e-10, 3.49154261059e-10, 1.30426183742e-10, 4.65622158885e-11, 2.52917374544e-11, 8.93501245214e-12, 1.97163574529e-12, 4.74789912247e-13]
    },
    "melbands128": {
