{
"lowlevel": {
    "average_loudness": 0.91427809,
    "barkbands_crest": {
        "dmean": 2.05086445808,
        "dmean2": 3.31833267212,
        "dvar": 4.17905282974,
        "dvar2": 10.444237709,
        "max": 24.0391674042,
        "mean": 9.68527603149,
        "median": 8.79736614227,
        "min": 3.5503308773,
        "stdev": 4.05043697357,
        "var": 16.4060401917
    },
    "barkbands_flatness_db": {
        "dmean": 0.0157468076795,
        "dmean2": 0.0246985256672,
        "dvar": 0.00022253440693,
        "dvar2": 0.000491988670547,
        "max": 0.520246624947,
        "mean": 0.23082973063,
        "median": 0.224228665233,
        "min": 0.046405095607,
        "stdev": 0.0498209968209,
        "var": 0.00248213182203
    },
    "barkbands_kurtosis": {
        "dmean": 1.36585688591,
        "dmean2": 2.05393218994,
        "dvar": 11.2843036652,
        "dvar2": 23.1839733124,
        "max": 106.343284607,
        "mean": 2.29739141464,
        "median": 0.403404474258,
        "min": -1.43895983696,
        "stdev": 8.42026805878,
        "var": 70.9009094238
    },
    "barkbands_skewness": {
        "dmean": 0.316068381071,
        "dmean2": 0.480872958899,
        "dvar": 0.116412378848,
        "dvar2": 0.24732016027,
        "max": 8.14253902435,
        "mean": 0.745491862297,
        "median": 0.596394598484,
        "min": -1.96450746059,
        "stdev": 1.01503932476,
        "var": 1.03030490875
    },
    "barkbands_spread": {
        "dmean": 1.82154130936,
        "dmean2": 2.83609747887,
        "dvar": 3.51760697365,
        "dvar2": 8.34525585175,
        "max": 36.8014183044,
        "mean": 10.2421112061,
        "median": 10.2099733353,
        "min": 0.360225200653,
        "stdev": 4.65447187424,
        "var": 21.6641101837
    },
    "dissonance": {
        "dmean": 0.0283254850656,
        "dmean2": 0.0480931028724,
        "dvar": 0.000720838899724,
        "dvar2": 0.0019662566483,
        "max": 0.498782157898,
        "mean": 0.434928655624,
        "median": 0.441595733166,
        "min": 0.244441971183,
        "stdev": 0.0385961532593,
        "var": 0.00148966314737
    },
    "dynamic_complexity": 3.36708498001,
    "erbbands_crest": {
        "dmean": 2.55592727661,
        "dmean2": 4.09049892426,
        "dvar": 6.5093626976,
        "dvar2": 15.8198308945,
        "max": 30.757101059,
        "mean": 11.4430780411,
        "median": 10.2951517105,
        "min": 3.79169011116,
        "stdev": 4.77897262573,
        "var": 22.8385772705
    },
    "erbbands_flatness_db": {
        "dmean": 0.013040650636,
        "dmean2": 0.0195172447711,
        "dvar": 0.000143599201692,
        "dvar2": 0.00030720885843,
        "max": 0.388798981905,
        "mean": 0.273038566113,
        "median": 0.271611869335,
        "min": 0.0958868339658,
        "stdev": 0.0377920009196,
        "var": 0.00142823543865
    },
    "erbbands_kurtosis": {
        "dmean": 0.824695289135,
        "dmean2": 1.30223500729,
        "dvar": 0.970888316631,
        "dvar2": 2.20775079727,
        "max": 18.9750080109,
        "mean": 0.984122753143,
        "median": 0.5085105896,
        "min": -1.69039809704,
        "stdev": 1.9805136919,
        "var": 3.92243432999
    },
    "erbbands_skewness": {
        "dmean": 0.311783879995,
        "dmean2": 0.481953799725,
        "dvar": 0.0834278464317,
        "dvar2": 0.216327443719,
        "max": 3.93891477585,
        "mean": 0.237994015217,
        "median": 0.177000209689,
        "min": -1.70446038246,
        "stdev": 0.661298274994,
        "var": 0.437315434217
    },
    "erbbands_spread": {
        "dmean": 2.50548601151,
        "dmean2": 3.84026169777,
        "dvar": 7.00801753998,
        "dvar2": 16.3174324036,
        "max": 55.694316864,
        "mean": 14.9180498123,
        "median": 13.9441776276,
        "min": 2.24428105354,
        "stdev": 6.62272167206,
        "var": 43.8604431152
    },
    "hfc": {
        "dmean": 2.6047399044,
        "dmean2": 3.65605592728,
        "dvar": 14.322804451,
        "dvar2": 27.7030773163,
        "max": 86.4364547729,
        "mean": 13.8486785889,
        "median": 8.57211780548,
        "min": 1.20797221493e-16,
        "stdev": 13.542930603,
        "var": 183.410980225
    },
    "loudness_ebu128": {
        "integrated": -10.2402772903,
        "loudness_range": 3.96390533447,
        "momentary": {
            "dmean": 0.848707318306,
            "dmean2": 0.676335513592,
            "dvar": 0.689118921757,
            "dvar2": 0.537001490593,
            "max": -4.23051643372,
            "mean": -11.2834444046,
            "median": -11.1359157562,
            "min": -31.8145446777,
            "stdev": 3.35967373848,
            "var": 11.2874078751
        },
        "short_term": {
            "dmean": 0.138739302754,
            "dmean2": 0.0909377336502,
            "dvar": 0.017694413662,
            "dvar2": 0.00747517682612,
            "max": -8.06223773956,
            "mean": -10.5036745071,
            "median": -10.3274745941,
            "min": -13.4372777939,
            "stdev": 1.34351575375,
            "var": 1.80503463745
        }
    },
    "melbands_crest": {
        "dmean": 2.79589223862,
        "dmean2": 4.33525753021,
        "dvar": 6.7264251709,
        "dvar2": 16.3912601471,
        "max": 31.7671642303,
        "mean": 13.4438314438,
        "median": 11.9767465591,
        "min": 1.77034282684,
        "stdev": 5.86841106415,
        "var": 34.4382476807
    },
    "melbands_flatness_db": {
        "dmean": 0.0171817746013,
        "dmean2": 0.0249322522432,
        "dvar": 0.000286635564407,
        "dvar2": 0.000559407635592,
        "max": 0.650301158428,
        "mean": 0.289515972137,
        "median": 0.280209898949,
        "min": 0.00482867984101,
        "stdev": 0.0673668906093,
        "var": 0.00453829811886
    },
    "melbands_kurtosis": {
        "dmean": 2.01453828812,
        "dmean2": 3.03526544571,
        "dvar": 30.7434215546,
        "dvar2": 58.2130813599,
        "max": 204.891433716,
        "mean": 4.37360906601,
        "median": 1.21244239807,
        "min": -1.5521389246,
        "stdev": 15.1380758286,
        "var": 229.161331177
    },
    "melbands_skewness": {
        "dmean": 0.353754192591,
        "dmean2": 0.531251728535,
        "dvar": 0.16213683784,
        "dvar2": 0.336298644543,
        "max": 11.4559249878,
        "mean": 1.13466775417,
        "median": 0.877839207649,
        "min": -1.46004402637,
        "stdev": 1.28842747211,
        "var": 1.66004538536
    },
    "melbands_spread": {
        "dmean": 2.83674120903,
        "dmean2": 4.46086072922,
        "dvar": 11.8276863098,
        "dvar2": 23.095708847,
        "max": 140.1690979,
        "mean": 15.6369524002,
        "median": 15.2854232788,
        "min": 0.319941014051,
        "stdev": 8.16251087189,
        "var": 66.6265869141
    },
    "pitch_salience": {
        "dmean": 0.0554223358631,
        "dmean2": 0.0886195003986,
        "dvar": 0.00271553127095,
        "dvar2": 0.00673244986683,
        "max": 0.924286842346,
        "mean": 0.560762524605,
        "median": 0.577886998653,
        "min": 0.0571747981012,
        "stdev": 0.115430541337,
        "var": 0.0133242104203
    },
    "silence_rate_20dB": {
        "dmean": 0,
        "dmean2": 0,
        "dvar": 0,
        "dvar2": 0,
        "max": 1,
        "mean": 1,
        "median": 1,
        "min": 1,
        "stdev": 0,
        "var": 0
    },
    "silence_rate_30dB": {
        "dmean": 0.00206185574643,
        "dmean2": 0.00412583816797,
        "dvar": 0.00205763592385,
        "dvar2": 0.00514025986195,
        "max": 1,
        "mean": 0.996908783913,
        "median": 1,
        "min": 0,
        "stdev": 0.0555123388767,
        "var": 0.00308161997236
    },
    "silence_rate_60dB": {
        "dmean": 0.00567010324448,
        "dmean2": 0.0113460542634,
        "dvar": 0.00563802616671,
        "dvar2": 0.0132799940184,
        "max": 1,
        "mean": 0.0257599167526,
        "median": 0,
        "min": 0,
        "stdev": 0.158418595791,
        "var": 0.0250964537263
    },
    "spectral_centroid": {
        "dmean": 78.1829147339,
        "dmean2": 122.752006531,
        "dvar": 46198.375,
        "dvar2": 80194.0234375,
        "max": 11003.6347656,
        "mean": 765.38482666,
        "median": 754.366455078,
        "min": 116.058776855,
        "stdev": 400.892700195,
        "var": 160714.953125
    },
    "spectral_complexity": {
        "dmean": 1.82886600494,
        "dmean2": 3.02423930168,
        "dvar": 2.83257246017,
        "dvar2": 6.72816228867,
        "max": 28,
        "mean": 15.3894901276,
        "median": 16,
        "min": 0,
        "stdev": 4.39331054688,
        "var": 19.3011779785
    },
    "spectral_decrease": {
        "dmean": 1.14160592091e-09,
        "dmean2": 1.61404589694e-09,
        "dvar": 2.16539630267e-18,
        "dvar2": 4.69469996249e-18,
        "max": 2.50114428115e-29,
        "mean": -5.68062530348e-09,
        "median": -3.95007182519e-09,
        "min": -3.09703374057e-08,
        "stdev": 4.82436179894e-09,
        "var": 2.32744669222e-17
    },
    "spectral_energy": {
        "dmean": 0.00452183838934,
        "dmean2": 0.00638871407136,
        "dvar": 3.42228122463e-05,
        "dvar2": 7.39991446608e-05,
        "max": 0.124252669513,
        "mean": 0.0226960871369,
        "median": 0.0157003011554,
        "min": 1.08839011361e-20,
        "stdev": 0.0192888621241,
        "var": 0.000372060167138
    },
    "spectral_energyband_high": {
        "dmean": 3.17942613037e-06,
        "dmean2": 4.71911744171e-06,
        "dvar": 2.95370394809e-11,
        "dvar2": 5.3258623206e-11,
        "max": 0.000107671119622,
        "mean": 9.90873468254e-06,
        "median": 6.88640466251e-06,
        "min": 7.99472081516e-21,
        "stdev": 1.10998707896e-05,
        "var": 1.23207138936e-10
    },
    "spectral_energyband_low": {
        "dmean": 0.00136589782778,
        "dmean2": 0.0016542871017,
        "dvar": 6.41836140858e-06,
        "dvar2": 7.47094190956e-06,
        "max": 0.0990071296692,
        "mean": 0.0043496270664,
        "median": 0.00163859315217,
        "min": 6.34545828208e-23,
        "stdev": 0.00894560106099,
        "var": 8.00237830845e-05
    },
    "spectral_energyband_middle_high": {
        "dmean": 0.00140304176603,
        "dmean2": 0.00203364854679,
        "dvar": 5.83211931371e-06,
        "dvar2": 1.31553651954e-05,
        "max": 0.0549583397806,
        "mean": 0.0056359777227,
        "median": 0.00388529081829,
        "min": 1.41000346916e-21,
        "stdev": 0.00603198027238,
        "var": 3.63847866538e-05
    },
    "spectral_energyband_middle_low": {
        "dmean": 0.00374992704019,
        "dmean2": 0.0058736782521,
        "dvar": 3.63969593309e-05,
        "dvar2": 9.5018898719e-05,
        "max": 0.11234395951,
        "mean": 0.0134887183085,
        "median": 0.00773545820266,
        "min": 3.12007715635e-22,
        "stdev": 0.0148107726127,
        "var": 0.000219358975301
    },
    "spectral_entropy": {
        "dmean": 0.115220747888,
        "dmean2": 0.174661576748,
        "dvar": 0.0145386410877,
        "dvar2": 0.0279178656638,
        "max": 9.81098079681,
        "mean": 6.73260545731,
        "median": 6.75258159637,
        "min": 4.6998128891,
        "stdev": 0.378296047449,
        "var": 0.143107891083
    },
    "spectral_flux": {
        "dmean": 0.016286438331,
        "dmean2": 0.0265960656106,
        "dvar": 0.000374765135348,
        "dvar2": 0.00100475200452,
        "max": 0.300602227449,
        "mean": 0.0591182820499,
        "median": 0.0491683520377,
        "min": 7.08390221482e-11,
        "stdev": 0.0381501987576,
        "var": 0.00145543774124
    },
    "spectral_kurtosis": {
        "dmean": 8.26944732666,
        "dmean2": 14.3645792007,
        "dvar": 54.6795501709,
        "dvar2": 147.732452393,
        "max": 105.964813232,
        "mean": 22.0542049408,
        "median": 19.7959766388,
        "min": -1.20120942593,
        "stdev": 12.8088502884,
        "var": 164.066650391
    },
    "spectral_rms": {
        "dmean": 0.000453458866104,
        "dmean2": 0.000635688717011,
        "dvar": 2.41206834062e-07,
        "dvar2": 4.43553886953e-07,
        "max": 0.0110100917518,
        "mean": 0.00433804513887,
        "median": 0.00391374109313,
        "min": 3.2585947829e-12,
        "stdev": 0.00182314356789,
        "var": 3.3238522974e-06
    },
    "spectral_rolloff": {
        "dmean": 144.793670654,
        "dmean2": 244.204971313,
        "dvar": 167116.046875,
        "dvar2": 329124.78125,
        "max": 18970.7519531,
        "mean": 1011.97869873,
        "median": 990.52734375,
        "min": 107.666015625,
        "stdev": 669.733459473,
        "var": 448542.9375
    },
    "spectral_skewness": {
        "dmean": 0.56694316864,
        "dmean2": 0.972582399845,
        "dvar": 0.234554797411,
        "dvar2": 0.622544109821,
        "max": 8.69870662689,
        "mean": 3.24703550339,
        "median": 3.11220192909,
        "min": -0.0101940538734,
        "stdev": 0.973584771156,
        "var": 0.947867333889
    },
    "spectral_spread": {
        "dmean": 236864.125,
        "dmean2": 361933.15625,
        "dvar": 481363591168,
        "dvar2": 534892216320,
        "max": 40886324,
        "mean": 1923017,
        "median": 1732295.75,
        "min": 875233.3125,
        "stdev": 1478610.375,
        "var": 2.18628869325e+12
    },
    "spectral_strongpeak": {
        "dmean": 0.511830210686,
        "dmean2": 0.830816268921,
        "dvar": 0.396556854248,
        "dvar2": 0.926885485649,
        "max": 9.16251850128,
        "mean": 1.36221885681,
        "median": 0.944600343704,
        "min": 0,
        "stdev": 1.34588015079,
        "var": 1.81139338017
    },
    "zerocrossingrate": {
        "dmean": 0.00335227721371,
        "dmean2": 0.00442147627473,
        "dvar": 0.000108021493361,
        "dvar2": 0.000217179316678,
        "max": 0.5048828125,
        "mean": 0.0346345119178,
        "median": 0.03466796875,
        "min": 0.00439453125,
        "stdev": 0.0184195563197,
        "var": 0.000339280086337
    },
    "barkbands": {
        "dmean": [1.52260054165e-06, 0.000350097281625, 0.00100683665369, 0.000304045330267, 0.000701771001332, 0.000441912241513, 0.00157441408373, 0.00096682907315, 0.00194728490897, 0.000865543202963, 0.00040066591464, 0.000501224305481, 0.000517628097441, 0.000232236532611, 7.49101964175e-05, 7.29622988729e-05, 3.37644160027e-05, 1.60538456839e-05, 1.19985488709e-05, 1.78719108135e-06, 7.26593668787e-07, 6.8477544346e-07, 1.26773704778e-06, 8.10293840914e-07, 1.61301542789e-07, 4.00298283409e-08, 2.7426509952e-09],
        "dmean2": [2.63786500909e-06, 0.000438891263912, 0.00119673938025, 0.000503905233927, 0.00115412136074, 0.00066276662983, 0.00253265188076, 0.00138335756492, 0.00301519781351, 0.00135979638435, 0.000607768655755, 0.00076508912025, 0.000809972349089, 0.000360126810847, 0.000119993870612, 0.000115407485282, 5.48513926333e-05, 2.58871805272e-05, 1.95678712771e-05, 2.96044117931e-06, 1.1877120869e-06, 1.11938186365e-06, 1.94667654796e-06, 1.20368827083e-06, 2.62164206788e-07, 6.60195880187e-08, 4.70105199213e-09],
        "dvar": [1.88695656322e-11, 5.10058157488e-07, 3.53358768734e-06, 2.50200315577e-07, 1.04626485609e-06, 8.95294590464e-07, 1.36528133226e-05, 6.73383465255e-06, 2.67459545285e-05, 3.47756963492e-06, 9.25689164433e-07, 1.89712329757e-06, 1.38780160341e-06, 2.25214435545e-07, 2.32853611948e-08, 1.18905978397e-08, 2.53539189643e-09, 6.19799100932e-10, 5.16754972146e-10, 6.63408781035e-12, 1.10301242966e-12, 8.72704198403e-13, 8.52060783041e-12, 4.23073121675e-12, 6.34915365183e-14, 2.16326370201e-15, 1.80766591675e-17],
        "dvar2": [4.96492291724e-11, 6.21736376161e-07, 4.21208915213e-06, 6.86180158027e-07, 2.83045142169e-06, 1.93848654817e-06, 3.69495937775e-05, 1.38003424581e-05, 6.67060594424e-05, 7.99494773673e-06, 2.11173869502e-06, 5.09726851305e-06, 3.47307741322e-06, 5.33833940608e-07, 5.45999867541e-08, 3.16706341152e-08, 6.59043841722e-09, 1.53570034467e-09, 1.32149646781e-09, 1.76212620884e-11, 2.85573734798e-12, 2.15924782394e-12, 1.70568715402e-11, 7.98327463164e-12, 1.58212730569e-13, 6.26931393559e-15, 4.97329604716e-17],
        "max": [9.74815702648e-05, 0.0310043394566, 0.0676986426115, 0.00683003198355, 0.0147652085871, 0.0179187152535, 0.0700096487999, 0.0589999556541, 0.101756289601, 0.0401646196842, 0.0246554464102, 0.023490132764, 0.0189502239227, 0.00925957318395, 0.00342548685148, 0.00222760555334, 0.000913764815778, 0.000428765953984, 0.000427805702202, 3.53834075213e-05, 1.53486234922e-05, 1.17289991977e-05, 7.17166039976e-05, 4.20186806878e-05, 4.8817237257e-06, 6.15030671725e-07, 4.95257097555e-08],
        "mean": [1.45958438225e-06, 0.00103233545087, 0.00308086746372, 0.000615598866716, 0.00134964438621, 0.00099579943344, 0.00320222298615, 0.00177963590249, 0.00455619813874, 0.00214252318256, 0.000938072800636, 0.00100331974681, 0.00103810068686, 0.000472966348752, 0.000155321133207, 0.000171630919795, 8.46289403853e-05, 3.58500619768e-05, 2.79409759969e-05, 3.88621037928e-06, 1.63829145094e-06, 1.61039235991e-06, 2.74259627986e-06, 1.73309842921e-06, 3.19423605788e-07, 7.19819865935e-08, 3.039270835e-09],
        "median": [3.93997368064e-07, 0.000219958004891, 0.00121252622921, 0.000311668438371, 0.00088601349853, 0.000331112212734, 0.00128328253049, 0.000508696015459, 0.000798504217528, 0.00111675355583, 0.000396995834308, 0.000297930266242, 0.000496110122185, 0.000251223566011, 8.66542904987e-05, 0.000106635183329, 4.69520455226e-05, 2.28631506616e-05, 1.52832835738e-05, 2.39726591644e-06, 9.91919364424e-07, 1.06629886432e-06, 1.45083629377e-06, 7.46028604226e-07, 2.0789161681e-07, 5.69816229756e-08, 1.24244026178e-09],
        "min": [6.16714968509e-24, 3.22567590728e-23, 1.20375622409e-23, 2.69674624805e-23, 1.79326637765e-23, 3.72126483366e-23, 4.58890896194e-23, 2.70644166412e-23, 5.24908929858e-23, 3.46990219482e-23, 5.22976441522e-23, 5.67201088273e-23, 1.0901864597e-22, 7.455856999e-23, 7.64033496159e-23, 1.03120711635e-22, 1.13243052915e-22, 1.74346754508e-22, 2.36441883865e-22, 3.76785615779e-22, 3.71151836251e-22, 6.55222667705e-22, 7.98800350678e-22, 7.21725080898e-22, 1.1831568602e-21, 1.64010023553e-21, 2.27323792809e-21],
        "stdev": [4.2909464355e-06, 0.00280808238313, 0.00628100708127, 0.000861928099766, 0.00147913245019, 0.00186455470975, 0.00602534878999, 0.00406826054677, 0.0112318964675, 0.00351000134833, 0.00194788188674, 0.00211322167888, 0.00173946598079, 0.000725534453522, 0.000268658361165, 0.000205722244573, 9.79930337053e-05, 4.07809202443e-05, 3.74409173673e-05, 4.35627998741e-06, 1.83224165085e-06, 1.6645544747e-06, 4.79649088447e-06, 3.69909457731e-06, 3.56567369408e-07, 6.61726318185e-08, 4.79870720937e-09],
        "var": [1.84122214003e-11, 7.88532724982e-06, 3.94510498154e-05, 7.42920008179e-07, 2.18783270611e-06, 3.47656418853e-06, 3.63048275176e-05, 1.65507444763e-05, 0.000126155500766, 1.23201098177e-05, 3.79424363928e-06, 4.4657053877e-06, 3.0257419894e-06, 5.26400242506e-07, 7.21773147916e-08, 4.23216413026e-08, 9.6026351315e-09, 1.66308344873e-09, 1.40182232489e-09, 1.89771739989e-11, 3.35710929542e-12, 2.77074153551e-12, 2.30063260109e-11, 1.36833001527e-11, 1.27140295904e-13, 4.37881728896e-15, 2.30275899053e-17]
    },
    "erbbands": {
        "dmean": [0.00170598051045, 0.123710460961, 1.11864519119, 0.766374349594, 1.96732509136, 2.59412765503, 2.29737496376, 4.17961406708, 17.15675354, 25.6751804352, 23.5599021912, 50.3772850037, 29.0239601135, 18.1350345612, 17.1005821228, 18.6707801819, 23.3926467896, 11.5292539597, 5.99921035767, 4.35664463043, 2.90186810493, 1.5483597517, 0.881414830685, 0.891782522202, 0.269896328449, 0.0840006023645, 0.0418256185949, 0.0238020103425, 0.0223968327045, 0.0326196588576, 0.0381982773542, 0.0230639111251, 0.0101967938244, 0.00284630828537, 0.000717148708645, 0.000250733573921, 7.15155911166e-05, 1.2693582903e-05, 2.24588802666e-06, 5.11542475579e-06],
        "dmean2": [0.0022771616932, 0.150745719671, 1.30613219738, 1.16869151592, 3.22098851204, 4.34203529358, 3.40325689316, 6.25382471085, 27.5361251831, 39.4397850037, 33.9979248047, 77.9385147095, 44.309967041, 28.3234405518, 26.1638813019, 28.2570667267, 36.3943252563, 17.2136211395, 9.32527637482, 6.82125616074, 4.71594238281, 2.53359293938, 1.41451859474, 1.43184649944, 0.430246353149, 0.139612823725, 0.0690327957273, 0.0387712270021, 0.0366477370262, 0.0518335774541, 0.0583042576909, 0.0338525474072, 0.0153511054814, 0.00441859709099, 0.00116342399269, 0.000423273944762, 0.000120975018945, 2.15451400436e-05, 3.13281952913e-06, 7.21809283277e-06],
        "dvar": [1.05638500827e-05, 0.0628028213978, 4.68760061264, 0.988734066486, 10.6128072739, 17.6769104004, 28.3969688416, 88.168838501, 1604.03942871, 3455.35717773, 4608.04785156, 21245.7988281, 2944.34057617, 2788.24487305, 1746.62573242, 2601.58618164, 2680.43457031, 602.349121094, 124.284881592, 52.6857719421, 25.5401515961, 6.14153575897, 1.61477410793, 3.36347460747, 0.186584249139, 0.0138517990708, 0.00406137248501, 0.00100414152257, 0.000795730913524, 0.00338235683739, 0.00850788410753, 0.00371311139315, 0.000587598187849, 2.15901527554e-05, 9.86486497823e-07, 9.40901330182e-08, 7.1226393672e-09, 2.7891089438e-10, 8.3513794838e-12, 4.40996787698e-11],
        "dvar2": [1.57032809511e-05, 0.0732538253069, 5.31855964661, 2.21273541451, 26.9631023407, 51.7877464294, 54.7795524597, 173.715652466, 4283.10498047, 8235.41308594, 9623.74902344, 48447.3867188, 6020.42773438, 6901.11523438, 4067.7512207, 6991.64550781, 6753.20410156, 1273.51757812, 289.268920898, 123.526512146, 74.1924057007, 15.9187288284, 4.16378879547, 8.62435340881, 0.465730845928, 0.03707722947, 0.0105733424425, 0.0026130892802, 0.00206384249032, 0.00769256427884, 0.0169504918158, 0.00687325652689, 0.00111516995821, 4.79258997075e-05, 2.50651737588e-06, 2.65903679519e-07, 1.97504608224e-08, 7.72466646204e-10, 1.77908798804e-11, 9.4827104502e-11],
        "max": [0.129342734814, 10.6962251663, 82.036605835, 20.6128559113, 60.2913246155, 72.629989624, 159.416748047, 184.553894043, 577.113037109, 1085.20715332, 1108.0168457, 3249.79541016, 1281.29296875, 1519.48632812, 847.214172363, 1094.34155273, 764.302307129, 576.372375488, 215.924530029, 176.486938477, 83.4325714111, 37.2359962463, 16.8156356812, 30.2227401733, 8.54822254181, 1.68166339397, 0.950813829899, 0.481281757355, 0.357563793659, 1.13283777237, 2.36492824554, 1.29297161102, 0.625215828419, 0.0834298506379, 0.0177969988436, 0.00412984192371, 0.00101767247543, 0.000215827909415, 6.49860448902e-05, 0.000142703109304],
        "mean": [0.00490246200934, 0.375644624233, 3.47608399391, 2.16268420219, 3.70050024986, 4.8443813324, 5.14142036438, 9.27788543701, 31.800535202, 55.330532074, 51.2098274231, 115.866539001, 74.3988418579, 47.3023796082, 43.9468307495, 40.550201416, 50.7721252441, 26.0601158142, 15.0844421387, 10.4605579376, 7.50108289719, 4.01701879501, 2.25930929184, 2.01325464249, 0.724549591541, 0.195906460285, 0.0959083884954, 0.0550688914955, 0.0523780025542, 0.0731933712959, 0.0806038603187, 0.0487889796495, 0.0218205470592, 0.0056927301921, 0.00145651993807, 0.000422882090788, 0.000117427371151, 1.96993369173e-05, 1.1748592442e-05, 2.59970183834e-05],
        "median": [0.00139979785308, 0.0931019559503, 1.22816729546, 1.45082759857, 2.20025873184, 3.11093878746, 1.84174764156, 3.57640147209, 12.7623538971, 22.9987831116, 11.2323236465, 20.3226413727, 35.3222923279, 24.8534412384, 20.8556976318, 13.7121047974, 25.9139041901, 13.1069345474, 9.25281238556, 6.61697101593, 5.038875103, 2.41456484795, 1.51259875298, 1.0800229311, 0.438592642546, 0.129327341914, 0.0597908124328, 0.0339955873787, 0.03622572124, 0.0433333143592, 0.041657179594, 0.0207122992724, 0.00979011133313, 0.00330589921214, 0.00107061280869, 0.00031711536576, 8.37428451632e-05, 1.30672333398e-05, 8.16496776679e-06, 1.78900154424e-05],
        "min": [6.64763315576e-22, 7.69465700899e-21, 1.62892348257e-20, 6.33919555953e-20, 3.88754693061e-20, 5.80150037327e-20, 2.29529514341e-19, 3.73144844937e-19, 8.64937375011e-19, 3.48326505579e-19, 8.76750237941e-19, 1.31357449666e-18, 8.96724891975e-19, 1.71750416056e-18, 1.73916874459e-18, 3.39303841762e-18, 5.68010699134e-18, 4.40810710925e-18, 4.57229832494e-18, 4.31717845324e-18, 6.62084378556e-18, 5.94374599617e-18, 9.13894204321e-18, 1.0446010661e-17, 1.45788498467e-17, 1.36760690621e-17, 1.23194333005e-17, 1.53811538295e-17, 2.28525981923e-17, 1.90227453388e-17, 2.2905860352e-17, 1.52387662676e-17, 1.33028046379e-17, 1.29265342393e-17, 8.27403620446e-18, 4.83116739277e-18, 3.26918983438e-18, 1.24730926458e-18, 2.99190658874e-19, 3.24649940422e-20],
        "stdev": [0.0119025353342, 0.962824642658, 7.47953605652, 2.42192220688, 4.68729066849, 5.64493083954, 10.8784646988, 17.6851654053, 57.6374664307, 105.360961914, 117.302932739, 309.966705322, 120.989860535, 80.3264694214, 82.4083709717, 82.8448791504, 79.8014068604, 41.2843856812, 20.0830287933, 13.4105758667, 9.42055416107, 4.76616573334, 2.33986186981, 2.77328586578, 0.895363271236, 0.206969812512, 0.105417706072, 0.0598238147795, 0.0519523620605, 0.0982918664813, 0.148165524006, 0.105767481029, 0.0453606843948, 0.00767878489569, 0.00137873191852, 0.000393299444113, 0.000117256400699, 2.26132997341e-05, 9.84416510619e-06, 2.20738929784e-05],
        "var": [0.000141670345329, 0.92703127861, 55.9434623718, 5.86570739746, 21.9706935883, 31.8652420044, 118.340995789, 312.765106201, 3322.07739258, 11100.9326172, 13759.9785156, 96079.359375, 14638.5458984, 6452.34228516, 6791.13916016, 6863.27441406, 6368.26416016, 1704.40063477, 403.328063965, 179.843536377, 88.7468338013, 22.716337204, 5.47495365143, 7.69111442566, 0.801675379276, 0.0428365021944, 0.0111128930002, 0.00357888871804, 0.0026990477927, 0.00966129079461, 0.0219530221075, 0.0111867599189, 0.00205759168603, 5.8963738411e-05, 1.90090167962e-06, 1.54684443032e-07, 1.37490632213e-08, 5.11361342159e-10, 9.69075791835e-11, 4.87256790471e-10]
    },
    "gfcc": {
        "mean": [-87.1181335449, 174.696655273, -145.5440979, -14.3561964035, -51.5564537048, 11.517999649, -34.3826713562, -1.58413529396, -10.4710912704, -21.0726585388, -6.82883167267, -17.1716346741, -15.6225118637],
        "cov": [[3827.80541992, 260.585479736, -966.192077637, -302.145568848, -320.633270264, -214.792282104, -48.2017250061, -47.6864776611, 47.8930664062, -47.5331802368, 15.8704910278, -105.127182007, 13.8674468994], [260.585479736, 407.522460938, 283.921447754, -53.4709854126, 151.424499512, -12.4467191696, 49.4545326233, -28.3924312592, 11.0265808105, 31.5292758942, 1.04511940479, 36.0182342529, 11.3149051666], [-966.192077637, 283.921447754, 866.135314941, 78.3152923584, 225.945617676, 145.476226807, 103.754310608, 16.7736568451, -8.09354782104, 75.0028381348, -9.72391796112, 81.1167678833, 4.50428104401], [-302.145568848, -53.4709854126, 78.3152923584, 355.069824219, 46.1277656555, 103.244514465, -55.2875823975, 20.1895961761, 11.4162521362, -82.1647872925, 54.983089447, -39.3685188293, 22.425611496], [-320.633270264, 151.424499512, 225.945617676, 46.1277656555, 272.001556396, 29.8870601654, 39.9045677185, 12.1331615448, -18.0086574554, 42.4790115356, -41.89012146, 42.6859741211, -17.2879047394], [-214.792282104, -12.4467191696, 145.476226807, 103.244514465, 29.8870601654, 197.445495605, 46.6253738403, 13.967839241, 4.17605066299, -21.5941123962, 13.3528203964, -21.1314964294, 4.4179186821], [-48.2017250061, 49.4545326233, 103.754310608, -55.2875823975, 39.9045677185, 46.6253738403, 153.064071655, 24.3730182648, -5.16847753525, 15.9161529541, -14.1787118912, 11.384349823, -16.1959133148], [-47.6864776611, -28.3924312592, 16.7736568451, 20.1895961761, 12.1331615448, 13.967839241, 24.3730182648, 74.8633956909, 2.36330676079, -3.82709956169, -7.45321655273, -8.22399044037, -3.62485790253], [47.8930664062, 11.0265808105, -8.09354782104, 11.4162521362, -18.0086574554, 4.17605066299, -5.16847753525, 2.36330676079, 85.648765564, 16.0227622986, 8.31675052643, -25.9138793945, 13.8655586243], [-47.5331802368, 31.5292758942, 75.0028381348, -82.1647872925, 42.4790115356, -21.5941123962, 15.9161529541, -3.82709956169, 16.0227622986, 103.948249817, -13.1366109848, 11.4350662231, -25.5067253113], [15.8704910278, 1.04511940479, -9.72391796112, 54.983089447, -41.89012146, 13.3528203964, -14.1787118912, -7.45321655273, 8.31675052643, -13.1366109848, 86.1635131836, -11.0946712494, 4.99912643433], [-105.127182007, 36.0182342529, 81.1167678833, -39.3685188293, 42.6859741211, -21.1314964294, 11.384349823, -8.22399044037, -25.9138793945, 11.4350662231, -11.0946712494, 89.7629318237, 5.52215433121], [13.8674468994, 11.3149051666, 4.50428104401, 22.425611496, -17.2879047394, 4.4179186821, -16.1959133148, -3.62485790253, 13.8655586243, -25.5067253113, 4.99912643433, 5.52215433121, 75.4750747681]],
        "icov": [[0.000771220715251, -0.00193551392294, 0.00138978427276, -0.000281679211184, 0.0012475772528, -0.000444107019575, -0.000101458863355, -0.000568483897951, 0.000317809550324, -0.000832594756503, 0.000646720116492, -0.000161406831467, 4.11153305322e-05], [-0.00193551392294, 0.00998310372233, -0.00520100537688, 0.00296561652794, -0.0063888146542, 0.00266369269229, -0.000184392323717, 0.00359635404311, -0.00243547209539, 0.00490338681266, -0.00419147824869, 0.00195936462842, -0.00095914042322], [0.00138978427276, -0.00520100537688, 0.00512375542894, -0.00190062844194, 0.00245694769546, -0.00250869826414, -0.000850678130519, -0.0017301584594, 0.00120139552746, -0.00422004144639, 0.00184140878264, -0.00242434511892, -0.000364168226952], [-0.000281679211184, 0.00296561652794, -0.00190062844194, 0.00763858109713, -0.00438661547378, -0.00135108910035, 0.00320234405808, -0.000544177368283, -0.00199266220443, 0.00674472376704, -0.00492992112413, 0.00281890830956, -4.79418158648e-05], [0.0012475772528, -0.0063888146542, 0.00245694769546, -0.00438661547378, 0.0104709835723, -0.00124423776288, -0.00112590438221, -0.00216738204472, 0.00254481099546, -0.006111364346, 0.00616279290989, -0.00325310137123, 0.00130785047077], [-0.000444107019575, 0.00266369269229, -0.00250869826414, -0.00135108910035, -0.00124423776288, 0.00868013687432, -0.00291670719162, 0.00149214093108, -0.000444326404249, 0.00207758345641, -0.000931703834794, 0.00274806027301, -0.000469487189548], [-0.000101458863355, -0.000184392323717, -0.000850678130519, 0.00320234405808, -0.00112590438221, -0.00291670719162, 0.00991857051849, -0.00319706578739, -0.00043107176316, 0.00180389301386, -0.000659938261379, -0.000118655538245, 0.0017744397046], [-0.000568483897951, 0.00359635404311, -0.0017301584594, -0.000544177368283, -0.00216738204472, 0.00149214093108, -0.00319706578739, 0.016400501132, -0.00118069443852, 0.00177431060001, 0.000463027245132, 0.00199709041044, -1.21769198813e-05], [0.000317809550324, -0.00243547209539, 0.00120139552746, -0.00199266220443, 0.00254481099546, -0.000444326404249, -0.00043107176316, -0.00118069443852, 0.0156554821879, -0.00639272481203, 0.000737525639124, 0.0036970579531, -0.00406903913245], [-0.000832594756503, 0.00490338681266, -0.00422004144639, 0.00674472376704, -0.006111364346, 0.00207758345641, 0.00180389301386, 0.00177431060001, -0.00639272481203, 0.020299565047, -0.00384128605947, 0.00195883610286, 0.00476229470223], [0.000646720116492, -0.00419147824869, 0.00184140878264, -0.00492992112413, 0.00616279290989, -0.000931703834794, -0.000659938261379, 0.000463027245132, 0.000737525639124, -0.00384128605947, 0.0170495696366, -0.00164852815215, 0.000768913654611], [-0.000161406831467, 0.00195936462842, -0.00242434511892, 0.00281890830956, -0.00325310137123, 0.00274806027301, -0.000118655538245, 0.00199709041044, 0.0036970579531, 0.00195883610286, -0.00164852815215, 0.0167784504592, -0.00292812404223], [4.11153305322e-05, -0.00095914042322, -0.000364168226952, -4.79418158648e-05, 0.00130785047077, -0.000469487189548, 0.0017744397046, -1.21769198813e-05, -0.00406903913245, 0.00476229470223, 0.000768913654611, -0.00292812404223, 0.0166491027921]]
    },
    "melbands": {
        "dmean": [4.96623724757e-05, 0.000405757135013, 0.000157995877089, 0.000171218503965, 7.93613580754e-05, 9.74184440565e-05, 0.000278740713838, 0.000259897875367, 0.000233809128986, 0.000304391054669, 0.000142377510201, 7.81707494752e-05, 5.80520099902e-05, 5.96933605266e-05, 5.55570550205e-05, 4.21273798565e-05, 2.20422571147e-05, 1.22917181216e-05, 5.81986614634e-06, 5.82331495025e-06, 3.36121411237e-06, 1.86176953321e-06, 1.39328915338e-06, 7.1537471058e-07, 8.32667694795e-07, 3.14955059366e-07, 9.25346554936e-08, 5.37131761291e-08, 3.36966401449e-08, 1.88016073821e-08, 1.37423041835e-08, 1.38663187599e-08, 1.50382284403e-08, 2.08109884881e-08, 2.50675320501e-08, 1.92990246006e-08, 1.38451099474e-08, 8.90076012894e-09, 3.89447452065e-09, 2.18762230553e-09],
        "dmean2": [6.36273034615e-05, 0.000477946712635, 0.000247286399826, 0.000285187503323, 0.000121238292195, 0.000146775506437, 0.000445730693173, 0.000393764668843, 0.000345732609276, 0.000464578333776, 0.000218890549149, 0.000121951205074, 8.84619003045e-05, 9.24305131775e-05, 8.59489591676e-05, 6.47494161967e-05, 3.31385344907e-05, 1.92465977307e-05, 9.18426940189e-06, 9.0537369033e-06, 5.5780724324e-06, 3.05690696223e-06, 2.30496880249e-06, 1.15551085855e-06, 1.35101026899e-06, 5.0773979865e-07, 1.50627073481e-07, 9.05626293957e-08, 5.620000465e-08, 3.10901135947e-08, 2.26760281663e-08, 2.29731984547e-08, 2.48288731797e-08, 3.35862786471e-08, 3.87256982037e-08, 2.89662214215e-08, 2.11085495749e-08, 1.36171331988e-08, 6.05048189328e-09, 3.56085383402e-09],
        "dvar": [1.00242312229e-08, 6.14983605374e-07, 4.78898094514e-08, 6.4853715287e-08, 2.27079031134e-08, 4.38047287332e-08, 4.34619522593e-07, 3.50745210653e-07, 4.4466298732e-07, 7.36688491543e-07, 7.49584287973e-08, 5.53156560557e-08, 1.96551983578e-08, 2.83552221703e-08, 1.89946494089e-08, 7.31502058926e-09, 2.33806374261e-09, 5.91520887827e-10, 1.44295977944e-10, 7.44394615393e-11, 3.69667768618e-11, 8.58714141461e-12, 4.99232990017e-12, 1.32788593489e-12, 3.1238887345e-12, 2.51065444476e-13, 2.11781005059e-14, 5.75223632019e-15, 2.90507715777e-15, 7.94318539996e-16, 3.46732354623e-16, 3.04030565016e-16, 5.22053245749e-16, 1.46768490441e-15, 3.1472235486e-15, 3.24817314701e-15, 1.25343776716e-15, 4.44654445524e-16, 7.91847096379e-17, 1.21910093745e-17],
        "dvar2": [1.29816069006e-08, 6.98042242675e-07, 1.21253265206e-07, 1.75126515956e-07, 4.7925350799e-08, 9.2865477086e-08, 1.17521756238e-06, 8.16391320768e-07, 1.01490661564e-06, 1.65775361438e-06, 1.52400588149e-07, 1.36457273925e-07, 4.59963835908e-08, 7.64019389976e-08, 4.58385436275e-08, 1.79558021784e-08, 5.07290875973e-09, 1.40665479265e-09, 3.19936882542e-10, 1.77022063674e-10, 1.06553862955e-10, 2.22359838875e-11, 1.37301186046e-11, 3.22887463294e-12, 8.12215312368e-12, 6.35577257057e-13, 5.42588841695e-14, 1.56092298782e-14, 7.66956315893e-15, 2.10749949969e-15, 9.2869412315e-16, 8.04823019092e-16, 1.30532001749e-15, 3.43851246169e-15, 6.53110767914e-15, 6.72788486774e-15, 2.50645244136e-15, 8.68146090498e-16, 1.81146982261e-16, 3.09596200137e-17],
        "max": [0.00428849598393, 0.0305986702442, 0.00366307306103, 0.00377511209808, 0.00422437302768, 0.00363758043386, 0.0114371487871, 0.00946017261595, 0.0119809508324, 0.0203673597425, 0.00620140181854, 0.00668294588104, 0.00362700875849, 0.00310987257399, 0.00256210821681, 0.00126903061755, 0.00113972427789, 0.000507184769958, 0.000247151241638, 0.000199185160454, 0.00011222907051, 4.27990598837e-05, 3.01657819364e-05, 2.05288652069e-05, 3.05231878883e-05, 9.57490829023e-06, 2.30136288337e-06, 1.05180788523e-06, 8.70599649261e-07, 4.22056359639e-07, 2.33373441461e-07, 2.34680740618e-07, 3.01395289171e-07, 7.15280634722e-07, 1.27548139517e-06, 1.50065466187e-06, 7.990524864e-07, 4.97753546824e-07, 2.61153502379e-07, 7.00447628788e-08],
        "mean": [0.000144761201227, 0.00126966810785, 0.000448870734544, 0.000332654133672, 0.00017751174164, 0.000214553336264, 0.000532435835339, 0.000551098142751, 0.000496526539791, 0.00069017597707, 0.000350177084329, 0.000190696373465, 0.000146591803059, 0.000120337608678, 0.000110682063678, 8.84422115632e-05, 4.48480350315e-05, 2.7391301046e-05, 1.28104056785e-05, 1.32847408167e-05, 7.95678533905e-06, 4.3445911615e-06, 2.89902891382e-06, 1.59557760071e-06, 1.70865655491e-06, 7.44902195038e-07, 2.0223613717e-07, 1.05245149484e-07, 6.77114400105e-08, 3.71161270607e-08, 2.92418746994e-08, 2.9155438952e-08, 3.19341886268e-08, 4.31541593571e-08, 4.9620712872e-08, 3.7666151087e-08, 2.70630984289e-08, 1.76147825215e-08, 7.43474659615e-09, 3.82387010944e-09],
        "median": [3.22462583426e-05, 0.000440915930085, 0.000304308574414, 0.000218419532757, 8.11914578662e-05, 8.00808775239e-05, 0.000206636555959, 0.000209958525375, 8.88208378456e-05, 0.000123591991724, 0.000159578557941, 9.58614691626e-05, 6.93204638083e-05, 3.4730113839e-05, 4.77935755043e-05, 4.52389685961e-05, 2.09008685488e-05, 1.51808189912e-05, 7.73012288846e-06, 7.88167380961e-06, 4.74473017675e-06, 2.4432004011e-06, 1.62256696967e-06, 1.02010244518e-06, 8.39114420614e-07, 4.20817030999e-07, 1.24153871184e-07, 6.21432008074e-08, 3.99715887056e-08, 2.18542677288e-08, 1.7162610888e-08, 1.95812432935e-08, 1.93807299098e-08, 2.41049260552e-08, 2.5503158696e-08, 1.61700022261e-08, 1.10628395333e-08, 7.35848360023e-09, 3.57811802409e-09, 2.39407360603e-09],
        "min": [7.67310803012e-24, 1.01680510368e-23, 1.1428443293e-23, 3.87457947728e-24, 6.97758830265e-24, 8.42122111414e-24, 1.26669004828e-23, 3.23513158852e-24, 7.75446798844e-24, 8.61078438967e-24, 3.94745484213e-24, 6.43231541762e-24, 6.39689714069e-24, 4.78282028101e-24, 1.627740325e-23, 9.53352682342e-24, 8.45415447922e-24, 7.08645268529e-24, 5.08757499806e-24, 5.92428189491e-24, 7.61726772208e-24, 6.45711523233e-24, 5.46526187796e-24, 8.52543200631e-24, 8.47772012104e-24, 8.49709217829e-24, 1.33497085056e-23, 8.4002468804e-24, 6.59795727505e-24, 1.01239844778e-23, 7.97548551484e-24, 1.23084949411e-23, 1.17830110263e-23, 9.22066774385e-24, 1.34771410962e-23, 1.09924879912e-23, 8.48623429679e-24, 1.01645366615e-23, 6.99575498044e-24, 1.21655998879e-23],
        "stdev": [0.000390554254409, 0.00277000386268, 0.000474327505799, 0.000361046200851, 0.000308470160235, 0.0003926033678, 0.000984149635769, 0.00102884636726, 0.00120046152733, 0.00183249486145, 0.000599606486503, 0.000348625879269, 0.000289616116788, 0.00025757192634, 0.000208854064113, 0.000134365429403, 7.72654893808e-05, 3.99914242735e-05, 2.12285103771e-05, 1.63982676895e-05, 1.05542094389e-05, 5.22228674527e-06, 3.62180730917e-06, 1.88877868368e-06, 2.54427322943e-06, 9.97595748231e-07, 2.46595305953e-07, 1.19248909414e-07, 8.13876184225e-08, 4.40418652659e-08, 3.30307479146e-08, 3.01611819964e-08, 3.70885722134e-08, 6.24147560302e-08, 8.84489708142e-08, 8.50576924449e-08, 6.0166129856e-08, 3.86376761696e-08, 1.35317348438e-08, 4.7526103053e-09],
