{
"lowlevel": {
    "average_loudness": 0.768311440945,
    "barkbands_crest": {
        "dmean": 2.47814273834,
        "dmean2": 4.13425683975,
        "dvar": 4.45704698563,
        "dvar2": 11.5343055725,
        "max": 23.4019298553,
        "mean": 9.5362329483,
        "median": 8.99326133728,
        "min": 3.11995649338,
        "stdev": 3.45628237724,
        "var": 11.9458875656
    },
    "barkbands_flatness_db": {
        "dmean": 0.0197680778801,
        "dmean2": 0.0317536741495,
        "dvar": 0.00030320652877,
        "dvar2": 0.000792213249952,
        "max": 0.382328420877,
        "mean": 0.187796697021,
        "median": 0.150648534298,
        "min": 0.0444808788598,
        "stdev": 0.0846506133676,
        "var": 0.00716572673991
    },
    "barkbands_kurtosis": {
        "dmean": 1.23925507069,
        "dmean2": 2.04779267311,
        "dvar": 2.93642783165,
        "dvar2": 7.38286352158,
        "max": 23.1521549225,
        "mean": 0.10332493484,
        "median": -0.641310453415,
        "min": -1.92175614834,
        "stdev": 2.20389032364,
        "var": 4.85713243484
    },
    "barkbands_skewness": {
        "dmean": 0.543656945229,
        "dmean2": 0.865818679333,
        "dvar": 0.259841322899,
        "dvar2": 0.645610511303,
        "max": 3.91202783585,
        "mean": 0.686859309673,
        "median": 0.666667342186,
        "min": -2.9132142067,
        "stdev": 0.920332491398,
        "var": 0.847011864185
    },
    "barkbands_spread": {
        "dmean": 4.80102109909,
        "dmean2": 7.68696308136,
        "dvar": 17.9654388428,
        "dvar2": 44.7392807007,
        "max": 70.053855896,
        "mean": 25.0388965607,
        "median": 25.0622577667,
        "min": 2.27926468849,
        "stdev": 8.54660987854,
        "var": 73.0445404053
    },
    "dissonance": {
        "dmean": 0.0143404463306,
        "dmean2": 0.0233440455049,
        "dvar": 0.000199995251023,
        "dvar2": 0.000521961250342,
        "max": 0.499999970198,
        "mean": 0.472079992294,
        "median": 0.478324830532,
        "min": 0.31128552556,
        "stdev": 0.0233705770224,
        "var": 0.000546183844563
    },
    "dynamic_complexity": 4.21947813034,
    "erbbands_crest": {
        "dmean": 3.69454860687,
        "dmean2": 6.09690904617,
        "dvar": 10.1116943359,
        "dvar2": 26.0037269592,
        "max": 32.022518158,
        "mean": 11.6345376968,
        "median": 10.6407880783,
        "min": 3.50196814537,
        "stdev": 4.83224773407,
        "var": 23.3506164551
    },
    "erbbands_flatness_db": {
        "dmean": 0.0185564253479,
        "dmean2": 0.0286782626063,
        "dvar": 0.000256277591689,
        "dvar2": 0.000594009645283,
        "max": 0.451759457588,
        "mean": 0.238307788968,
        "median": 0.204876989126,
        "min": 0.0905601158738,
        "stdev": 0.0921106114984,
        "var": 0.00848436448723
    },
    "erbbands_kurtosis": {
        "dmean": 1.39788627625,
        "dmean2": 2.29325127602,
        "dvar": 3.78188085556,
        "dvar2": 9.52583217621,
        "max": 24.3537807465,
        "mean": 0.770298361778,
        "median": 0.138068675995,
        "min": -1.84910237789,
        "stdev": 2.4902381897,
        "var": 6.20128583908
    },
    "erbbands_skewness": {
        "dmean": 0.494177043438,
        "dmean2": 0.772489905357,
        "dvar": 0.197749078274,
        "dvar2": 0.466207027435,
        "max": 3.13827872276,
        "mean": -0.649309158325,
        "median": -0.602231383324,
        "min": -4.57608175278,
        "stdev": 0.849999129772,
        "var": 0.72249853611
    },
    "erbbands_spread": {
        "dmean": 7.40253353119,
        "dmean2": 11.9025707245,
        "dvar": 41.9484062195,
        "dvar2": 102.033691406,
        "max": 66.6078338623,
        "mean": 29.9134902954,
        "median": 28.6424713135,
        "min": 3.15889978409,
        "stdev": 11.6040811539,
        "var": 134.654708862
    },
    "hfc": {
        "dmean": 5.51884508133,
        "dmean2": 8.35053062439,
        "dvar": 46.8943595886,
        "dvar2": 107.973487854,
        "max": 122.322052002,
        "mean": 20.2093048096,
        "median": 17.1470050812,
        "min": 0.375301986933,
        "stdev": 17.7294597626,
        "var": 314.333709717
    },
    "loudness_ebu128": {
        "integrated": -17.7301311493,
        "loudness_range": 10.5960798264,
        "momentary": {
            "dmean": 0.425008773804,
            "dmean2": 0.532190799713,
            "dvar": 0.248322367668,
            "dvar2": 0.399300783873,
            "max": -13.7866697311,
            "mean": -19.6985988617,
            "median": -16.6693744659,
            "min": -28.7094955444,
            "stdev": 4.56324720383,
            "var": 20.823223114
        },
        "short_term": {
            "dmean": 0.0868680924177,
            "dmean2": 0.0835231617093,
            "dvar": 0.00988258980215,
            "dvar2": 0.00784995034337,
            "max": -14.8412036896,
            "mean": -19.5493774414,
            "median": -16.792886734,
            "min": -26.5160579681,
            "stdev": 4.29089784622,
            "var": 18.4118041992
        }
    },
    "melbands_crest": {
        "dmean": 3.53650093079,
        "dmean2": 5.99930667877,
        "dvar": 10.4851760864,
        "dvar2": 29.0251941681,
        "max": 30.191160202,
        "mean": 14.1666212082,
        "median": 13.2758436203,
        "min": 4.09144687653,
        "stdev": 5.15756940842,
        "var": 26.600522995
    },
    "melbands_flatness_db": {
        "dmean": 0.0226103719324,
        "dmean2": 0.0359650850296,
        "dvar": 0.000455535249785,
        "dvar2": 0.00115955562796,
        "max": 0.43426284194,
        "mean": 0.225753545761,
        "median": 0.207078203559,
        "min": 0.0513387061656,
        "stdev": 0.0739158093929,
        "var": 0.00546354660764
    },
    "melbands_kurtosis": {
        "dmean": 3.2818582058,
        "dmean2": 5.39787244797,
        "dvar": 19.1013793945,
        "dvar2": 49.9939842224,
        "max": 39.8463783264,
        "mean": 4.06264305115,
        "median": 2.14440870285,
        "min": -1.88890099525,
        "stdev": 6.0035033226,
        "var": 36.042049408
    },
    "melbands_skewness": {
        "dmean": 0.681889176369,
        "dmean2": 1.09093689919,
        "dvar": 0.405890256166,
        "dvar2": 1.04611611366,
        "max": 5.74365663528,
        "mean": 1.78948616982,
        "median": 1.7190489769,
        "min": -1.68596327305,
        "stdev": 1.12501311302,
        "var": 1.2656545639
    },
    "melbands_spread": {
        "dmean": 9.23973178864,
        "dmean2": 14.8561086655,
        "dvar": 74.6034240723,
        "dvar2": 182.989517212,
        "max": 150.170394897,
        "mean": 34.3271064758,
        "median": 32.4972381592,
        "min": 2.80481219292,
        "stdev": 17.6596088409,
        "var": 311.861816406
    },
    "pitch_salience": {
        "dmean": 0.0723292529583,
        "dmean2": 0.117968842387,
        "dvar": 0.00390820764005,
        "dvar2": 0.0100703425705,
        "max": 0.790555894375,
        "mean": 0.520744144917,
        "median": 0.517126858234,
        "min": 0.168039694428,
        "stdev": 0.103367090225,
        "var": 0.0106847556308
    },
    "silence_rate_20dB": {
        "dmean": 0,
        "dmean2": 0,
        "dvar": 0,
        "dvar2": 0,
        "max": 1,
        "mean": 1,
        "median": 1,
        "min": 1,
        "stdev": 0,
        "var": 0
    },
    "silence_rate_30dB": {
        "dmean": 0,
        "dmean2": 0,
        "dvar": 0,
        "dvar2": 0,
        "max": 1,
        "mean": 1,
        "median": 1,
        "min": 1,
        "stdev": 0,
        "var": 0
    },
    "silence_rate_60dB": {
        "dmean": 0.061919502914,
        "dmean2": 0.12390293926,
        "dvar": 0.0580862313509,
        "dvar2": 0.126103624701,
        "max": 1,
        "mean": 0.228468284011,
        "median": 0,
        "min": 0,
        "stdev": 0.419844001532,
        "var": 0.176268979907
    },
    "spectral_centroid": {
        "dmean": 268.382171631,
        "dmean2": 426.23538208,
        "dvar": 53858.75,
        "dvar2": 135142.453125,
        "max": 3861.15332031,
        "mean": 1659.49865723,
        "median": 1661.33435059,
        "min": 437.443328857,
        "stdev": 490.368438721,
        "var": 240461.203125
    },
    "spectral_complexity": {
        "dmean": 3.25644993782,
        "dmean2": 4.98089838028,
        "dvar": 9.89245128632,
        "dvar2": 20.4266757965,
        "max": 51,
        "mean": 20.0092830658,
        "median": 21,
        "min": 1,
        "stdev": 12.0539894104,
        "var": 145.298660278
    },
    "spectral_decrease": {
        "dmean": 1.52228507577e-09,
        "dmean2": 2.45305975533e-09,
        "dvar": 4.57265277183e-18,
        "dvar2": 1.21384999492e-17,
        "max": -8.67533267446e-11,
        "mean": -5.67763036585e-09,
        "median": -5.13842657313e-09,
        "min": -2.82850081135e-08,
        "stdev": 5.00191310593e-09,
        "var": 2.50191347635e-17
    },
    "spectral_energy": {
        "dmean": 0.0060924552381,
        "dmean2": 0.00975135527551,
        "dvar": 6.97983850841e-05,
        "dvar2": 0.000183893513167,
        "max": 0.111185707152,
        "mean": 0.0232616979629,
        "median": 0.0213601421565,
        "min": 0.000372638984118,
        "stdev": 0.0202287919819,
        "var": 0.000409203988966
    },
    "spectral_energyband_high": {
        "dmean": 0.000136075861519,
        "dmean2": 0.000210068232263,
        "dvar": 1.40242946145e-07,
        "dvar2": 2.70594512131e-07,
        "max": 0.0137895131484,
        "mean": 0.00045179380686,
        "median": 0.000273488665698,
        "min": 9.03360088955e-08,
        "stdev": 0.000927808461711,
        "var": 8.60828492932e-07
    },
    "spectral_energyband_low": {
        "dmean": 0.00323282484896,
        "dmean2": 0.00561544066295,
        "dvar": 4.25681100751e-05,
        "dvar2": 0.000119396281661,
        "max": 0.0719984471798,
        "mean": 0.00837210472673,
        "median": 0.00405927514657,
        "min": 4.84060933559e-08,
        "stdev": 0.0104948040098,
        "var": 0.00011014091433
    },
    "spectral_energyband_middle_high": {
        "dmean": 0.00250812200829,
        "dmean2": 0.00381926563568,
        "dvar": 1.06156685433e-05,
        "dvar2": 2.47466468863e-05,
        "max": 0.0460315793753,
        "mean": 0.00742631079629,
        "median": 0.00511615304276,
        "min": 0.000111224333523,
        "stdev": 0.00742692826316,
        "var": 5.51592602278e-05
    },
    "spectral_energyband_middle_low": {
        "dmean": 0.00353511725552,
        "dmean2": 0.0056852796115,
        "dvar": 2.64197406068e-05,
        "dvar2": 7.06568971509e-05,
        "max": 0.0528187453747,
        "mean": 0.00836684647948,
        "median": 0.00622686790302,
        "min": 0.000157292801305,
        "stdev": 0.00828317180276,
        "var": 6.86109342496e-05
    },
    "spectral_entropy": {
        "dmean": 0.134184166789,
        "dmean2": 0.20756791532,
        "dvar": 0.017056632787,
        "dvar2": 0.0369173586369,
        "max": 8.15346431732,
        "mean": 7.26103878021,
        "median": 7.47348976135,
        "min": 5.9024682045,
        "stdev": 0.500409305096,
        "var": 0.25040948391
    },
    "spectral_flux": {
        "dmean": 0.0185974482447,
        "dmean2": 0.0272360984236,
        "dvar": 0.000353620474925,
        "dvar2": 0.000724974262994,
        "max": 0.259603083134,
        "mean": 0.0756692737341,
        "median": 0.0704885572195,
        "min": 0.00705892406404,
        "stdev": 0.0466986447573,
        "var": 0.00218076328747
    },
    "spectral_kurtosis": {
        "dmean": 4.11418390274,
        "dmean2": 7.22721147537,
        "dvar": 30.7772884369,
        "dvar2": 92.5646286011,
        "max": 46.361579895,
        "mean": 7.9751906395,
        "median": 5.57329463959,
        "min": -0.111308813095,
        "stdev": 6.64582872391,
        "var": 44.1670417786
    },
    "spectral_rms": {
        "dmean": 0.000582543027122,
        "dmean2": 0.000906836532522,
        "dvar": 3.51727067027e-07,
        "dvar2": 9.01299529232e-07,
        "max": 0.0104150781408,
        "mean": 0.0041800364852,
        "median": 0.00456499308348,
        "min": 0.000602951273322,
        "stdev": 0.00228510610759,
        "var": 5.22171012562e-06
    },
    "spectral_rolloff": {
        "dmean": 416.920379639,
        "dmean2": 726.726989746,
        "dvar": 228464.109375,
        "dvar2": 533280.75,
        "max": 6136.96289062,
        "mean": 1953.40686035,
        "median": 2110.25390625,
        "min": 193.798828125,
        "stdev": 803.082519531,
        "var": 644941.5
    },
    "spectral_skewness": {
        "dmean": 0.394861519337,
        "dmean2": 0.676273822784,
        "dvar": 0.228195741773,
        "dvar2": 0.666270136833,
        "max": 4.37339305878,
        "mean": 1.45629012585,
        "median": 1.44569718838,
        "min": -0.278837442398,
        "stdev": 0.522010564804,
        "var": 0.272495001554
    },
    "spectral_spread": {
        "dmean": 286509.125,
        "dmean2": 459974.09375,
        "dvar": 97635434496,
        "dvar2": 206148124672,
        "max": 7811670.5,
        "mean": 2899591.5,
        "median": 3036639,
        "min": 1012121.4375,
        "stdev": 1066003.375,
        "var": 1.13636317594e+12
    },
    "spectral_strongpeak": {
        "dmean": 0.713371574879,
        "dmean2": 1.26115071774,
        "dvar": 1.37430155277,
        "dvar2": 3.70459675789,
        "max": 12.5325946808,
        "mean": 0.990930259228,
        "median": 0.515107512474,
        "min": 0.0519260913134,
        "stdev": 1.21764051914,
        "var": 1.48264837265
    },
    "zerocrossingrate": {
        "dmean": 0.00744591094553,
        "dmean2": 0.00936153903604,
        "dvar": 4.08331070503e-05,
        "dvar2": 5.82565699005e-05,
        "max": 0.20361328125,
        "mean": 0.0631622895598,
        "median": 0.060546875,
        "min": 0.01708984375,
        "stdev": 0.0220865122974,
        "var": 0.000487814017106
    },
    "barkbands": {
        "dmean": [8.54245881783e-05, 0.0020735275466, 0.00167125614826, 0.00120665156282, 0.00130406441167, 0.00117914471775, 0.000408484833315, 0.000243740098085, 0.000979239819571, 0.000425363774411, 0.000482110015582, 0.000622928375378, 0.000431000313256, 0.000179583585123, 0.000421489850851, 0.00130185356829, 0.000240933062742, 0.000329042173689, 0.00018558636657, 0.000113986978249, 6.10933639109e-05, 2.11849819607e-05, 1.86875149666e-05, 1.63183485711e-05, 9.75430430117e-06, 1.20470422189e-05, 8.78948355876e-07],
        "dmean2": [0.000151880987687, 0.00357410521246, 0.00293452013284, 0.00212062336504, 0.00221340591088, 0.00194701435976, 0.000654721399769, 0.000377505697543, 0.00147411902435, 0.000651339883916, 0.000702086254023, 0.000932004128117, 0.000680122466292, 0.000281876622466, 0.00069511908805, 0.00210076151416, 0.000403594196541, 0.000529130338691, 0.000304624758428, 0.000182214032975, 9.82688361546e-05, 3.23726526403e-05, 2.93718658213e-05, 2.53197977145e-05, 1.50309915625e-05, 1.90014961845e-05, 1.56486544256e-06],
        "dvar": [7.62400418353e-08, 2.50151333603e-05, 1.07839778138e-05, 5.67162351217e-06, 5.31161504114e-06, 5.16287855135e-06, 1.07543132799e-06, 5.62928732961e-07, 7.18650017006e-06, 2.23743063543e-06, 2.03691161005e-06, 1.57618978847e-06, 1.27345265355e-06, 1.99388651367e-07, 5.40650830771e-07, 3.49593619831e-06, 1.40468699783e-07, 1.93927931491e-07, 7.64639835893e-08, 8.658690831e-08, 3.43632180488e-08, 4.06405309405e-09, 4.46773951168e-09, 3.10307068929e-09, 4.8195070157e-10, 1.26353916219e-09, 1.03813355481e-11],
        "dvar2": [2.13787643588e-07, 6.85430786689e-05, 3.21405423165e-05, 1.73021617229e-05, 1.46096026583e-05, 1.33547509904e-05, 2.5762203677e-06, 1.31288425109e-06, 1.69407212525e-05, 4.96283473694e-06, 4.01588613386e-06, 3.26576559928e-06, 3.15013289764e-06, 4.61223294224e-07, 1.32888681037e-06, 8.78226546774e-06, 3.63312437912e-07, 4.87942600103e-07, 2.10993562177e-07, 2.08027017834e-07, 7.31960483336e-08, 8.07462541275e-09, 9.16968456721e-09, 6.16230311223e-09, 1.07700059981e-09, 3.18791348874e-09, 2.85040654274e-11],
        "max": [0.00479060038924, 0.0523763746023, 0.0414978712797, 0.0296783205122, 0.0308987218887, 0.027685077861, 0.0211639087647, 0.0170089248568, 0.0331105142832, 0.0287847127765, 0.0277444981039, 0.026229808107, 0.0197824556381, 0.00945533718914, 0.00879119802266, 0.0227640196681, 0.0049222712405, 0.00489001860842, 0.00419782660902, 0.01312467549, 0.00528770405799, 0.00244789407589, 0.00209938595071, 0.00173110270407, 0.000327989313519, 0.000471116887638, 4.63251053588e-05],
        "mean": [6.51942682452e-05, 0.00304497312754, 0.00400106376037, 0.00205094972625, 0.00201064837165, 0.00179377663881, 0.000569246301893, 0.000336509430781, 0.00143668311648, 0.000578165112529, 0.000731042993721, 0.00100783538073, 0.000725715304725, 0.000256033061305, 0.000611704075709, 0.00208079209551, 0.000359452940756, 0.000561777327675, 0.000423550809501, 0.000281651620753, 0.000150028048665, 5.48699572391e-05, 4.64190234197e-05, 4.27772283729e-05, 2.61887707893e-05, 1.40243755595e-05, 6.62466902668e-07],
        "median": [1.95709321815e-06, 0.00063076306833, 0.000558862811886, 0.000219505236601, 0.00108945067041, 0.00100198632572, 0.000191289873328, 0.000107883308374, 0.000287110189674, 8.80029838299e-05, 8.53607270983e-05, 0.000335254706442, 0.000157076254254, 7.32713015168e-05, 0.000274341291515, 0.00124676118139, 0.000210219208384, 0.000370300054783, 0.000281951273791, 0.000184447286301, 6.87957290211e-05, 2.47191364906e-05, 2.14923529711e-05, 2.21709196921e-05, 1.06775487438e-05, 2.1411524358e-06, 1.19557208578e-08],
        "min": [6.39228808774e-11, 4.27715363127e-10, 1.54491697213e-09, 6.41026716153e-08, 1.0957673112e-05, 1.40648717206e-05, 4.44299132596e-07, 9.50173330239e-07, 6.27900419659e-07, 1.56310989041e-07, 8.05612501154e-08, 9.74081672211e-07, 7.3542366863e-07, 1.30243535068e-07, 2.4167788979e-06, 1.33298208311e-05, 9.17148895496e-07, 2.88748128696e-06, 9.09220943868e-07, 1.11990267726e-07, 3.01190432594e-08, 1.48114423504e-10, 2.35869407339e-10, 1.73187644781e-10, 1.45263193835e-11, 4.28221911056e-12, 8.78624972257e-14],
        "stdev": [0.000224952382268, 0.00534598296508, 0.00610474217683, 0.00345838209614, 0.00278382655233, 0.00274745048955, 0.00126783316955, 0.000910106347874, 0.00347327440977, 0.00188835780136, 0.00213764654472, 0.00190562708303, 0.00187416735571, 0.000598117476329, 0.000985288526863, 0.00245847692713, 0.000456018926343, 0.00061600911431, 0.00048299273476, 0.000521192268934, 0.000386811851058, 0.000138646471896, 0.000119599266327, 9.67291562119e-05, 3.96530303988e-05, 3.56203308911e-05, 2.64835989583e-06],
        "var": [5.06035711112e-08, 2.8579532227e-05, 3.72678769054e-05, 1.19604064821e-05, 7.74968975747e-06, 7.54848406359e-06, 1.60740091815e-06, 8.2829353687e-07, 1.20636350402e-05, 3.56589498551e-06, 4.56953239336e-06, 3.63141475646e-06, 3.51250332642e-06, 3.57744482926e-07, 9.70793394117e-07, 6.04410934102e-06, 2.07953263498e-07, 3.79467195444e-07, 2.3328199461e-07, 2.71641397376e-07, 1.49623403445e-07, 1.92228455376e-08, 1.43039846634e-08, 9.35652977319e-09, 1.57236290654e-09, 1.26880805862e-09, 7.01380967194e-12]
    },
    "erbbands": {
        "dmean": [0.0524655878544, 0.499308228493, 1.63054692745, 3.0447101593, 3.48789978027, 4.50426244736, 9.67363643646, 8.55276679993, 4.87387228012, 6.65405988693, 5.67910432816, 23.7997436523, 15.26491642, 14.8102731705, 20.974199295, 21.7623825073, 21.4485530853, 9.77542686462, 9.57851314545, 40.7780303955, 71.5481185913, 10.8441114426, 11.5543251038, 15.1566133499, 6.7872543335, 4.97797107697, 3.4145424366, 1.50178933144, 0.910639047623, 0.681341648102, 0.478082716465, 0.4061242342, 0.250194847584, 0.128268659115, 0.0679950416088, 0.0425187051296, 0.0257346443832, 0.00440128752962, 0.000100260862382, 8.86373800313e-06],
        "dmean2": [0.0906289666891, 0.867191314697, 2.89972162247, 5.33473873138, 5.97841644287, 7.63773775101, 16.2508716583, 14.1834745407, 8.02182674408, 10.3859682083, 8.79745101929, 35.3977394104, 23.3954334259, 22.4248123169, 29.7563076019, 33.4133338928, 33.8100242615, 15.2456378937, 15.4978208542, 66.5495834351, 116.453094482, 17.5051956177, 18.5606918335, 24.9935245514, 10.9954681396, 7.89301919937, 5.59153032303, 2.37005758286, 1.40834796429, 1.04526257515, 0.737792670727, 0.60963588953, 0.384858697653, 0.197922721505, 0.106066003442, 0.0635569021106, 0.0417955927551, 0.00768759427592, 0.00017379525525, 1.3856150872e-05],
        "dvar": [0.0244033560157, 1.33719861507, 10.9997787476, 32.9717025757, 53.6305923462, 74.0412216187, 331.729675293, 285.596496582, 150.394439697, 291.975341797, 249.558578491, 4536.953125, 2522.13598633, 3184.45141602, 3081.83666992, 1472.1114502, 3403.73510742, 622.870483398, 481.907623291, 3416.11669922, 11238.4589844, 205.598815918, 242.038619995, 383.554595947, 122.07661438, 226.404907227, 84.9900665283, 25.5457763672, 8.08052444458, 6.06904125214, 2.09041118622, 2.20088529587, 0.418327093124, 0.0791706889868, 0.0308159515262, 0.0134448558092, 0.00639208033681, 0.000207328426768, 1.17176547576e-07, 1.92037302726e-10],
        "dvar2": [0.0668106451631, 3.76738977432, 33.1299438477, 101.892486572, 149.583175659, 208.709823608, 840.816040039, 750.916381836, 379.806396484, 611.725280762, 600.810791016, 10289.0478516, 5417.19433594, 7544.24365234, 5781.23095703, 3371.46240234, 8642.14648438, 1422.30407715, 1169.95544434, 8572.41699219, 28468.2617188, 513.260498047, 606.749938965, 987.235656738, 313.206512451, 544.812744141, 205.387283325, 52.9905128479, 17.3674297333, 12.178850174, 3.8363006115, 4.35408401489, 0.843230962753, 0.169917911291, 0.0751355439425, 0.032002069056, 0.0163043141365, 0.000561108638067, 3.1599194017e-07, 4.68239336193e-10],
        "max": [1.94623792171, 11.5648641586, 41.7255744934, 79.4706115723, 105.751358032, 133.216552734, 243.368011475, 207.050033569, 147.64402771, 353.165496826, 367.191101074, 1017.72991943, 1127.5222168, 1407.71618652, 1167.9329834, 565.053833008, 1079.2388916, 556.721191406, 473.012878418, 616.30090332, 1319.49682617, 147.289245605, 169.824279785, 231.17539978, 206.991668701, 691.324035645, 220.925338745, 163.885940552, 108.974380493, 82.0450210571, 37.2908096313, 47.4500732422, 16.4934806824, 5.2467713356, 3.3553943634, 1.53580152988, 1.03102648258, 0.191548064351, 0.00529023492709, 0.0001819653844],
        "mean": [0.0583416223526, 0.825246632099, 3.87210702896, 6.74541759491, 5.5750002861, 6.66617774963, 14.4874286652, 12.7772397995, 6.7303647995, 10.3434476852, 9.29174900055, 35.988899231, 21.9894752502, 22.9545135498, 35.8634338379, 37.8395195007, 37.2611923218, 15.3574800491, 17.358089447, 64.7157211304, 111.774131775, 20.6195755005, 21.3911457062, 32.4956932068, 17.8672218323, 12.7978801727, 8.43316650391, 3.79634571075, 2.17175912857, 1.63441264629, 1.24412322044, 1.01277959347, 0.639261841774, 0.349328219891, 0.16153588891, 0.0699868649244, 0.0250060986727, 0.00352303357795, 9.53145208769e-05, 3.09267888952e-05],
        "median": [0.0119062457234, 0.264032244682, 0.730410993099, 2.1206548214, 1.85778033733, 3.44032120705, 7.97801208496, 6.49229669571, 3.01036572456, 3.26121544838, 3.8647339344, 6.80168485641, 5.15978479385, 4.40667963028, 7.42569637299, 16.405292511, 9.6076259613, 5.23648929596, 6.14376878738, 38.8861198425, 67.0236206055, 14.0523424149, 14.6502609253, 24.3305549622, 12.3480920792, 8.57888221741, 4.53684282303, 1.71011459827, 0.948671340942, 0.700579226017, 0.617332577705, 0.491276592016, 0.310160696507, 0.15242023766, 0.0633657947183, 0.0161638688296, 0.00261412095279, 0.000215163512621, 2.34400522459e-05, 2.83130812022e-05],
        "min": [2.44122105642e-07, 2.97050314657e-06, 5.05040916323e-05, 0.000473209249321, 0.00535116018727, 0.0475648343563, 0.0591979399323, 0.125429540873, 0.0351388454437, 0.0272859297693, 0.0308270826936, 0.0258050430566, 0.0141657888889, 0.0130560873076, 0.064061909914, 0.0596526153386, 0.0671121031046, 0.0249263457954, 0.0651905909181, 0.47798332572, 0.870590269566, 0.233375176787, 0.114430710673, 0.27792391181, 0.0419928058982, 0.0076795341447, 0.00420275097713, 0.00039927024045, 6.51483787806e-05, 1.74088054337e-05, 1.45907861224e-05, 8.80846164364e-06, 5.04284616909e-06, 2.68908593171e-06, 1.72549084709e-06, 1.13706687443e-06, 2.61918273736e-07, 6.81662939428e-08, 2.29045284073e-07, 4.74645133863e-07],
        "stdev": [0.140441372991, 1.31773388386, 5.83697366714, 9.3779258728, 9.1398191452, 9.97936630249, 21.8199501038, 20.2205944061, 12.9593992233, 25.4119625092, 19.3430480957, 93.9596405029, 63.6386032104, 67.4993972778, 86.4695129395, 57.2347145081, 93.879699707, 33.3157234192, 35.6488380432, 76.7575149536, 136.65020752, 21.3050785065, 22.3243236542, 32.9825172424, 21.2225589752, 25.4910297394, 17.9953231812, 10.3650588989, 5.61823320389, 4.3569021225, 2.96062731743, 2.6075334549, 1.21092021465, 0.546638131142, 0.256108164787, 0.140412017703, 0.0746728181839, 0.0121269077063, 0.000293144403258, 2.82773198705e-05],
        "var": [0.0197237804532, 1.73642253876, 34.0702629089, 87.9454879761, 83.5362930298, 99.5877456665, 476.110229492, 408.872467041, 167.946029663, 645.767883301, 374.153503418, 8828.4140625, 4049.87182617, 4556.16845703, 7476.9765625, 3275.81274414, 8813.39746094, 1109.93737793, 1270.83972168, 5891.71582031, 18673.28125, 453.90637207, 498.375457764, 1087.84655762, 450.396972656, 649.792602539, 323.831634521, 107.434440613, 31.5645465851, 18.9825954437, 8.76531410217, 6.7992310524, 1.46632790565, 0.298813223839, 0.0655913949013, 0.0197155326605, 0.00557602988556, 0.000147061888129, 8.59336353187e-08, 7.99606825197e-10]
    },
    "gfcc": {
        "mean": [-61.9498138428, 114.990058899, -170.038757324, 23.4817314148, -44.2179946899, -21.0598678589, -50.1090393066, -1.47693789005, -30.2449836731, -12.4624214172, -10.9313240051, -5.95426273346, 0.551165819168],
        "cov": [[15501.6953125, -3308.43896484, 4864.17822266, 2834.56030273, -16.1146640778, 5073.49365234, 1139.11669922, 2051.4543457, -246.674545288, 1141.36682129, -912.277893066, 454.853088379, -987.297729492], [-3308.43896484, 1306.65100098, -1049.89526367, -764.938598633, 207.084686279, -1128.3482666, -129.155822754, -413.610565186, 78.9051208496, -270.275695801, 228.844940186, -149.87727356, 240.041107178], [4864.17822266, -1049.89526367, 1983.75354004, 1053.38195801, 92.253074646, 1733.76196289, 336.072784424, 757.237060547, -93.2719421387, 434.092376709, -320.00491333, 227.89692688, -369.667602539], [2834.56030273, -764.938598633, 1053.38195801, 837.580749512, 10.2498731613, 1027.26782227, 183.083297729, 390.640594482, -42.4488563538, 239.614242554, -174.547409058, 122.438560486, -204.589370728], [-16.1146640778, 207.084686279, 92.253074646, 10.2498731613, 424.692657471, 12.098107338, 65.8598022461, 72.2728881836, -20.8360824585, 71.8402786255, -21.1147651672, 90.4480667114, -34.2868881226], [5073.49365234, -1128.3482666, 1733.76196289, 1027.26782227, 12.098107338, 1949.63598633, 397.385253906, 716.275268555, -91.7721481323, 355.553253174, -319.135345459, 178.592849731, -333.307617188], [1139.11669922, -129.155822754, 336.072784424, 183.083297729, 65.8598022461, 397.385253906, 216.267211914, 195.879898071, -24.0766277313, 93.4562301636, -81.3590011597, 32.0058479309, -75.2274017334], [2051.4543457, -413.610565186, 757.237060547, 390.640594482, 72.2728881836, 716.275268555, 195.879898071, 424.147338867, -18.739238739, 189.960327148, -146.737594604, 77.776473999, -156.023223877], [-246.674545288, 78.9051208496, -93.2719421387, -42.4488563538, -20.8360824585, -91.7721481323, -24.0766277313, -18.739238739, 91.2192611694, -4.85901880264, 11.6084899902, -31.2996768951, 7.09771299362], [1141.36682129, -270.275695801, 434.092376709, 239.614242554, 71.8402786255, 355.553253174, 93.4562301636, 189.960327148, -4.85901880264, 195.876449585, -62.1162643433, 68.8152313232, -104.924606323], [-912.277893066, 228.844940186, -320.00491333, -174.547409058, -21.1147651672, -319.135345459, -81.3590011597, -146.737594604, 11.6084899902, -62.1162643433, 130.966812134, -14.3342475891, 67.5964813232], [454.853088379, -149.87727356, 227.89692688, 122.438560486, 90.4480667114, 178.592849731, 32.0058479309, 77.776473999, -31.2996768951, 68.8152313232, -14.3342475891, 128.447418213, -35.2283172607], [-987.297729492, 240.041107178, -369.667602539, -204.589370728, -34.2868881226, -333.307617188, -75.2274017334, -156.023223877, 7.09771299362, -104.924606323, 67.5964813232, -35.2283172607, 142.131576538]],
        "icov": [[0.000686136540025, 0.00063956779195, -0.000631573959254, 0.00017536454834, -0.000134166533826, -0.000837800151203, -0.000952709990088, 3.65928690371e-06, -5.09700221301e-05, -0.000384571263567, -0.000322890031384, 0.00089241063688, -0.000108106461994], [0.00063956779195, 0.00656935479492, -0.00405908934772, 0.00304753612727, -0.00483445217833, 0.0012603730429, -0.00542846182361, 0.00203733192757, -0.00394908478484, 0.00433570472524, -0.00678832922131, 0.00648300675675, -0.00343661778606], [-0.000631573959254, -0.00405908934772, 0.00718163885176, -0.00308386748657, 0.0030269252602, -0.0021731921006, 0.00533054070547, -0.00386107363738, 0.00370650133118, -0.00433216663077, 0.00548224989325, -0.00559341022745, 0.00354763958603], [0.00017536454834, 0.00304753612727, -0.00308386748657, 0.00562273524702, -0.00206774100661, -0.000467812787974, -0.00206849956885, 0.00184111995623, -0.0023658585269, 0.00128675624728, -0.00302627775818, 0.00257157371379, -0.0013808386866], [-0.000134166533826, -0.00483445217833, 0.0030269252602, -0.00206774100661, 0.00707026943564, -0.000707739032805, 0.00262249074876, -0.00209200102836, 0.00337950419635, -0.00431602541357, 0.00604020012543, -0.00724754715338, 0.00324255344458], [-0.000837800151203, 0.0012603730429, -0.0021731921006, -0.000467812787974, -0.000707739032805, 0.00517391925678, -0.00250795320608, -6.39056452201e-05, -0.000914655916858, 0.00328587996773, -0.00110991322435, 0.000435094494605, -0.000601902254857], [-0.000952709990088, -0.00542846182361, 0.00533054070547, -0.00206849956885, 0.00262249074876, -0.00250795320608, 0.0147817982361, -0.00498791318387, 0.00479230424389, -0.00473418226466, 0.00652251206338, -0.00431558396667, 0.00263043283485], [3.65928690371e-06, 0.00203733192757, -0.00386107363738, 0.00184111995623, -0.00209200102836, -6.39056452201e-05, -0.00498791318387, 0.0112595753744, -0.00344811333343, -6.90084634698e-05, -0.000563857378438, 0.00237085088156, -0.000764804892242], [-5.09700221301e-05, -0.00394908478484, 0.00370650133118, -0.0023658585269, 0.00337950419635, -0.000914655916858, 0.00479230424389, -0.00344811333343, 0.0159552432597, -0.00531081110239, 0.00430823676288, -0.000933066417929, 0.00297421100549], [-0.000384571263567, 0.00433570472524, -0.00433216663077, 0.00128675624728, -0.00431602541357, 0.00328587996773, -0.00473418226466, -6.90084634698e-05, -0.00531081110239, 0.0170570444316, -0.00666473992169, 0.00170449796133, 0.00112316780724], [-0.000322890031384, -0.00678832922131, 0.00548224989325, -0.00302627775818, 0.00604020012543, -0.00110991322435, 0.00652251206338, -0.000563857378438, 0.00430823676288, -0.00666473992169, 0.0223263930529, -0.00977897550911, 0.00263455114327], [0.00089241063688, 0.00648300675675, -0.00559341022745, 0.00257157371379, -0.00724754715338, 0.000435094494605, -0.00431558396667, 0.00237085088156, -0.000933066417929, 0.00170449796133, -0.00977897550911, 0.0201847180724, -0.00504710106179], [-0.000108106461994, -0.00343661778606, 0.00354763958603, -0.0013808386866, 0.00324255344458, -0.000601902254857, 0.00263043283485, -0.000764804892242, 0.00297421100549, 0.00112316780724, 0.00263455114327, -0.00504710106179, 0.0174282249063]]
    },
    "melbands": {
        "dmean": [0.000522492278833, 0.000683258578647, 0.000495379208587, 0.000260992557742, 0.00030053537921, 0.000193552594283, 7.73400897742e-05, 6.83467587805e-05, 5.64587462577e-05, 0.000157276401296, 7.5457195635e-05, 6.0802558437e-05, 7.20368116163e-05, 7.39342940506e-05, 5.83686560276e-05, 3.84492814192e-05, 1.78103837243e-05, 1.49619654621e-05, 3.47887471435e-05, 8.32946461742e-05, 8.07142350823e-05, 1.30850721689e-05, 4.52344556834e-06, 1.97731569642e-05, 1.27414796225e-05, 6.73366912451e-06, 5.25199948243e-06, 3.31674777954e-06, 2.51778737947e-06, 1.82941562343e-06, 6.92844366768e-07, 5.8553382587e-07, 4.47922786861e-07, 4.22914922638e-07, 2.94932220868e-07, 2.9254104561e-07, 2.80823996945e-07, 1.91638832803e-07, 1.55686521452e-07, 1.15279391366e-07],
        "dmean2": [0.000895307050087, 0.00121327326633, 0.000874829420354, 0.000442855118308, 0.000504239753354, 0.000320105958963, 0.000125791731989, 0.000106606072222, 8.71927259141e-05, 0.000234618171817, 0.000117367417261, 9.30222959141e-05, 0.000103266516817, 0.000110312677862, 9.19615195016e-05, 6.1198574258e-05, 2.79441701423e-05, 2.3899219741e-05, 5.70974625589e-05, 0.000135277179652, 0.000132562636281, 2.17220131162e-05, 7.26609550838e-06, 3.22698979289e-05, 2.11022997973e-05, 1.12756824819e-05, 8.21392859507e-06, 5.45514467376e-06, 4.16935290559e-06, 2.90537764158e-06, 1.1089915688e-06, 9.2405906571e-07, 7.21600315501e-07, 6.88525574333e-07, 4.69043101248e-07, 4.84455938476e-07, 4.31969056081e-07, 3.02968402366e-07, 2.46607100962e-07, 1.80207877065e-07],
        "dvar": [1.90202479189e-06, 1.97383224076e-06, 8.43474310841e-07, 2.63176190174e-07, 2.86448141651e-07, 1.41607330306e-07, 3.78198450335e-08, 3.04592973066e-08, 1.85488531201e-08, 2.03981343816e-07, 6.48728288866e-08, 5.39940714361e-08, 4.23043786668e-08, 2.54815795131e-08, 1.54334252045e-08, 1.31776802803e-08, 2.30969865456e-09, 1.37507860654e-09, 3.40313888181e-09, 1.37498989972e-08, 1.34489503978e-08, 3.60087848428e-10, 7.00968311174e-11, 7.35340066615e-10, 2.78408490706e-10, 1.12056870727e-10, 1.18970541751e-10, 1.1344877815e-10, 3.34786955103e-11, 4.8449654011e-11, 4.2896467628e-12, 3.68018072613e-12, 2.20645680546e-12, 3.22400851675e-12, 7.08589057655e-13, 8.89112785132e-13, 1.48765093126e-12, 2.85914900696e-13, 1.26798433407e-13, 6.05996711687e-14],
        "dvar2": [5.1744304983e-06, 5.88234843235e-06, 2.57633655565e-06, 7.35052253731e-07, 7.24797757812e-07, 3.70568812968e-07, 9.44906233258e-08, 6.49672458053e-08, 4.36966658413e-08, 4.68802795695e-07, 1.41252073149e-07, 1.27498680058e-07, 8.13649450038e-08, 5.40384519354e-08, 3.84542353515e-08, 3.51320963432e-08, 5.24184740058e-09, 3.29688587541e-09, 8.74268746287e-09, 3.50321656128e-08, 3.42955246424e-08, 9.12399433783e-10, 1.79763939845e-10, 1.89985582821e-09, 7.30047355901e-10, 3.09253594954e-10, 2.53338100498e-10, 3.08527259296e-10, 8.69082930621e-11, 1.04697472914e-10, 8.93096620963e-12, 8.16271269327e-12, 5.15632632078e-12, 7.30745932515e-12, 1.37183959938e-12, 1.81135705393e-12, 3.01574997613e-12, 6.07431260239e-13, 2.9004655123e-13, 1.40490510935e-13],
        "max": [0.0162482690066, 0.0178131964058, 0.0113469082862, 0.00799117609859, 0.00717800250277, 0.00410098908469, 0.00305818230845, 0.00366442254744, 0.0026183470618, 0.00627537723631, 0.00558583950624, 0.00574994180351, 0.00460138171911, 0.00354534876533, 0.00229221163318, 0.00212722690776, 0.0010525995167, 0.0008125473978, 0.00071110756835, 0.00119208125398, 0.00131457077805, 0.000210395010072, 0.000122103112517, 0.00030238321051, 0.000189973827219, 0.000167413032614, 0.000424338504672, 0.000440273259301, 0.000118601150461, 0.000224947594688, 6.41873630229e-05, 7.04182893969e-05, 4.33123059338e-05, 6.08215304965e-05, 2.07003213291e-05, 2.31362500926e-05, 3.86931133107e-05, 1.33272769745e-05, 6.86704288455e-06, 4.3419809117e-06],
        "mean": [0.000698212359566, 0.00173185113817, 0.00111910060514, 0.000411638902733, 0.000470743805636, 0.000292753073154, 0.000106745843368, 0.000105239661934, 9.050474182e-05, 0.0002290551638, 0.000103464677522, 8.79711151356e-05, 0.000114827853395, 0.000117016053991, 9.50247485889e-05, 5.90018717048e-05, 2.48942433245e-05, 2.30418118008e-05, 5.05457792315e-05, 0.000129316045786, 0.000121827113617, 2.08092333196e-05, 7.44087446947e-06, 3.22618798236e-05, 2.61435707216e-05, 1.47445334733e-05, 1.18726475193e-05, 7.43915006751e-06, 5.46005276192e-06, 4.0453096517e-06, 1.52456254909e-06, 1.19014498523e-06, 1.06558934476e-06, 8.56112251313e-07, 6.9060814667e-07, 6.97000245964e-07, 6.00010650942e-07, 4.48283429932e-07, 3.75357814164e-07, 2.74716313697e-07],
        "median": [0.000160716954269, 0.000559942971449, 0.000409731845139, 0.000200043490622, 0.000268175208475, 0.000154121618834, 4.36168265878e-05, 3.30175207637e-05, 3.08493108605e-05, 4.00953940698e-05, 1.98896705115e-05, 1.38019813676e-05, 1.79058952199e-05, 3.67102111341e-05, 3.01884156215e-05, 1.34234087454e-05, 7.28190661903e-06, 5.11961843586e-06, 2.51258879871e-05, 7.46441146475e-05, 7.1786409535e-05, 1.3482187569e-05, 4.11077235185e-06, 2.10222879105e-05, 1.87829100469e-05, 9.16499629966e-06, 7.05248248778e-06, 4.61293348053e-06, 3.06508854919e-06, 1.32758520976e-06, 6.82939003127e-07, 4.92342451253e-07, 4.12617822576e-07, 3.47681435642e-07, 3.201527079e-07, 3.41778644497e-07, 2.57694182437e-07, 1.98751109792e-07, 1.82549555916e-07, 1.08292532275e-07],
        "min": [2.45114123443e-10, 8.85014461716e-09, 1.34591516598e-07, 2.03017907552e-06, 3.26981921717e-06, 2.63581955551e-06, 2.5439422302e-07, 1.85179217738e-07, 1.66727360806e-07, 8.43771488235e-08, 2.62712180898e-08, 2.43598812233e-08, 8.38761380351e-08, 1.82881692012e-07, 1.56883459113e-07, 8.57512532093e-08, 1.68239129295e-08, 5.92208149186e-09, 1.71588581566e-07, 1.04547314095e-06, 7.77253205797e-07, 5.87648898431e-08, 1.91657303361e-08, 1.44467435348e-07, 2.17895660626e-07, 2.6242162221e-08, 7.18720771786e-09, 2.638748553e-09, 2.84709056331e-09, 1.45829667786e-10, 1.19391831491e-11, 9.04784981746e-13, 1.88670390075e-12, 2.19244761235e-12, 3.80162134411e-12, 3.3019559309e-12, 1.86953252358e-12, 1.63419148005e-12, 4.65529253601e-13, 1.46628572457e-13],
        "stdev": [0.00135941524059, 0.00233654328622, 0.00147679436486, 0.000619016587734, 0.000654728792142, 0.000455199769931, 0.000213016668567, 0.000255951308645, 0.000181852286914, 0.000601671461482, 0.000321583705954, 0.000274016230833, 0.00031029235106, 0.000236652471358, 0.000192470179172, 0.000159496528795, 6.32862065686e-05, 5.57750136068e-05, 7.46745499782e-05, 0.000151396699948, 0.000149177387357, 2.47385451075e-05, 1.03605070763e-05, 3.63259132428e-05, 2.74184531008e-05, 1.74475153472e-05, 2.03023264476e-05, 1.58917973749e-05, 9.49223885982e-06, 1.36273401949e-05, 3.77008450414e-06, 3.08850235342e-06, 2.94150731861e-06, 2.49482195613e-06, 1.639450943e-06, 1.68924691479e-06, 1.84406678727e-06, 9.05283229713e-07, 6.42862687528e-07, 4.35319321923e-07],
        "var": [1.84800978786e-06, 5.45943476027e-06, 2.18092145587e-06, 3.83181543384e-07, 4.28669807206e-07, 2.07206838354e-07, 4.53761010988e-08, 6.5511073899e-08, 3.30702540907e-08, 3.6200856357e-07, 1.03416084585e-07, 7.50848982989e-08, 9.62813402339e-08, 5.60043922349e-08, 3.70447672537e-08, 2.54391423482e-08, 4.00514377219e-09, 3.11085202043e-09, 5.57628831999e-09, 2.29209593527e-08, 2.22538911743e-08, 6.11995620847e-10, 1.07340115962e-10, 1.3195718962e-09, 7.51771589425e-10, 3.04415798125e-10, 4.1218442548e-10, 2.52549203772e-10, 9.0102598993e-11, 1.85704396305e-10, 1.42135374651e-11, 9.53884627536e-12, 8.65246502918e-12, 6.22413665746e-12, 2.6877994188e-12, 2.85355528269e-12, 3.40058211624e-12, 8.1953768858e-13, 4.13272443611e-13, 1.89502900134e-13]
    },
    "melbands128": {
