{
"lowlevel": {
    "average_loudness": 0.915021955967,
    "barkbands_crest": {
        "dmean": 2.0323882103,
        "dmean2": 3.41586065292,
        "dvar": 4.02377033234,
        "dvar2": 11.747218132,
        "max": 24.23802948,
        "mean": 13.5107049942,
        "median": 13.0451440811,
        "min": 5.34664869308,
        "stdev": 3.6180331707,
        "var": 13.0901641846
    },
    "barkbands_flatness_db": {
        "dmean": 0.0322759598494,
        "dmean2": 0.0566880479455,
        "dvar": 0.000638550322037,
        "dvar2": 0.00192185060587,
        "max": 0.576406419277,
        "mean": 0.433178156614,
        "median": 0.432076692581,
        "min": 0.0330928564072,
        "stdev": 0.0429324842989,
        "var": 0.00184319820255
    },
    "barkbands_kurtosis": {
        "dmean": 1.94623827934,
        "dmean2": 3.15263724327,
        "dvar": 6.06553030014,
        "dvar2": 18.1589164734,
        "max": 37.0821990967,
        "mean": 5.70713281631,
        "median": 4.77467632294,
        "min": -1.75453865528,
        "stdev": 4.78202962875,
        "var": 22.8678092957
    },
    "barkbands_skewness": {
        "dmean": 0.319236576557,
        "dmean2": 0.492389112711,
        "dvar": 0.108003228903,
        "dvar2": 0.218542590737,
        "max": 4.2307510376,
        "mean": 1.30109703541,
        "median": 1.3858923912,
        "min": -1.8642553091,
        "stdev": 0.915326118469,
        "var": 0.837821900845
    },
    "barkbands_spread": {
        "dmean": 0.472825080156,
        "dmean2": 0.775729715824,
        "dvar": 0.742271482944,
        "dvar2": 1.73899126053,
        "max": 38.6708145142,
        "mean": 2.67779684067,
        "median": 2.5019197464,
        "min": 0.62223315239,
        "stdev": 1.4162260294,
        "var": 2.00569605827
    },
    "dissonance": {
        "dmean": 0.0457246340811,
        "dmean2": 0.079368494451,
        "dvar": 0.00171979272272,
        "dvar2": 0.00466256588697,
        "max": 0.500000119209,
        "mean": 0.354784190655,
        "median": 0.356405168772,
        "min": 0.103744789958,
        "stdev": 0.069344907999,
        "var": 0.00480871647596
    },
    "dynamic_complexity": 2.14078307152,
    "erbbands_crest": {
        "dmean": 2.40911388397,
        "dmean2": 4.02608776093,
        "dvar": 6.88561630249,
        "dvar2": 19.4203968048,
        "max": 30.6921672821,
        "mean": 14.7344884872,
        "median": 13.9953746796,
        "min": 3.61916470528,
        "stdev": 5.19379520416,
        "var": 26.9755077362
    },
    "erbbands_flatness_db": {
        "dmean": 0.0160916615278,
        "dmean2": 0.027140730992,
        "dvar": 0.00022347693448,
        "dvar2": 0.000582325097639,
        "max": 0.528995335102,
        "mean": 0.435434490442,
        "median": 0.436183691025,
        "min": 0.0984471738338,
        "stdev": 0.0305570568889,
        "var": 0.000933733710553
    },
    "erbbands_kurtosis": {
        "dmean": 1.12757050991,
        "dmean2": 1.84184873104,
        "dvar": 2.17199254036,
        "dvar2": 6.04279756546,
        "max": 25.4935932159,
        "mean": 2.31159448624,
        "median": 1.44603848457,
        "min": -1.82697093487,
        "stdev": 2.80201172829,
        "var": 7.85126924515
    },
    "erbbands_skewness": {
        "dmean": 0.30359262228,
        "dmean2": 0.480057060719,
        "dvar": 0.108417659998,
        "dvar2": 0.26426333189,
        "max": 3.23835134506,
        "mean": 0.893019139767,
        "median": 0.93357282877,
        "min": -2.71184515953,
        "stdev": 0.799300014973,
        "var": 0.638880550861
    },
    "erbbands_spread": {
        "dmean": 1.19693470001,
        "dmean2": 2.00475645065,
        "dvar": 1.81921446323,
        "dvar2": 5.08177900314,
        "max": 34.4820289612,
        "mean": 7.61881637573,
        "median": 7.3665304184,
        "min": 1.63329970837,
        "stdev": 2.69649291039,
        "var": 7.27107381821
    },
    "hfc": {
        "dmean": 2.57940721512,
        "dmean2": 4.08347415924,
        "dvar": 13.7503862381,
        "dvar2": 35.9623832703,
        "max": 63.227809906,
        "mean": 11.5656557083,
        "median": 9.97242164612,
        "min": 1.20191526761e-16,
        "stdev": 7.76672029495,
        "var": 60.3219413757
    },
    "loudness_ebu128": {
        "integrated": -14.9536018372,
        "loudness_range": 3.61435127258,
        "momentary": {
            "dmean": 0.513087153435,
            "dmean2": 0.399654775858,
            "dvar": 0.160204380751,
            "dvar2": 0.1556468606,
            "max": -11.3747320175,
            "mean": -15.5288143158,
            "median": -15.2800045013,
            "min": -24.6298809052,
            "stdev": 2.42782473564,
            "var": 5.89433240891
        },
        "short_term": {
            "dmean": 0.100952908397,
            "dmean2": 0.0555937886238,
            "dvar": 0.00545459566638,
            "dvar2": 0.00247887405567,
            "max": -13.0295696259,
            "mean": -15.0881509781,
            "median": -14.9133872986,
            "min": -19.2638301849,
            "stdev": 1.37634992599,
            "var": 1.89433920383
        }
    },
    "melbands_crest": {
        "dmean": 2.27950644493,
        "dmean2": 3.77974867821,
        "dvar": 4.87716960907,
        "dvar2": 13.387550354,
        "max": 30.015745163,
        "mean": 15.6155433655,
        "median": 15.0491809845,
        "min": 1.99794149399,
        "stdev": 4.22201251984,
        "var": 17.8253879547
    },
    "melbands_flatness_db": {
        "dmean": 0.0304705351591,
        "dmean2": 0.0522835478187,
        "dvar": 0.000630810041912,
        "dvar2": 0.00182392669376,
        "max": 0.729744672775,
        "mean": 0.548670351505,
        "median": 0.548946559429,
        "min": 0.00664086546749,
        "stdev": 0.0563080981374,
        "var": 0.0031706020236
    },
    "melbands_kurtosis": {
        "dmean": 1.52421498299,
        "dmean2": 2.43522787094,
        "dvar": 3.16248512268,
        "dvar2": 8.01229286194,
        "max": 28.8352622986,
        "mean": 4.76381492615,
        "median": 4.14911842346,
        "min": -1.7663424015,
        "stdev": 4.05724143982,
        "var": 16.4612083435
    },
    "melbands_skewness": {
        "dmean": 0.272534757853,
        "dmean2": 0.422544747591,
        "dvar": 0.0766938701272,
        "dvar2": 0.157830953598,
        "max": 3.61975240707,
        "mean": 1.21052598953,
        "median": 1.27397060394,
        "min": -1.557543993,
        "stdev": 0.825902998447,
        "var": 0.682115733624
    },
    "melbands_spread": {
        "dmean": 0.792234539986,
        "dmean2": 1.21971023083,
        "dvar": 4.76483201981,
        "dvar2": 2.90367484093,
        "max": 135.65045166,
        "mean": 4.76769542694,
        "median": 4.26658439636,
        "min": 1.28941273689,
        "stdev": 3.79998898506,
        "var": 14.439915657
    },
    "pitch_salience": {
        "dmean": 0.0523893870413,
        "dmean2": 0.0882824957371,
        "dvar": 0.00271750823595,
        "dvar2": 0.00727128703147,
        "max": 0.910242021084,
        "mean": 0.558104515076,
        "median": 0.560269415379,
        "min": 0.2270283252,
        "stdev": 0.0970481857657,
        "var": 0.00941834971309
    },
    "silence_rate_20dB": {
        "dmean": 0,
        "dmean2": 0,
        "dvar": 0,
        "dvar2": 0,
        "max": 1,
        "mean": 1,
        "median": 1,
        "min": 1,
        "stdev": 0,
        "var": 0
    },
    "silence_rate_30dB": {
        "dmean": 0,
        "dmean2": 0,
        "dvar": 0,
        "dvar2": 0,
        "max": 1,
        "mean": 1,
        "median": 1,
        "min": 1,
        "stdev": 0,
        "var": 0
    },
    "silence_rate_60dB": {
        "dmean": 0.00515198335052,
        "dmean2": 0.00979381427169,
        "dvar": 0.00512550910935,
        "dvar2": 0.0117595437914,
        "max": 1,
        "mean": 0.00514933047816,
        "median": 0,
        "min": 0,
        "stdev": 0.0715740472078,
        "var": 0.00512284459546
    },
    "spectral_centroid": {
        "dmean": 25.5993251801,
        "dmean2": 34.7875976562,
        "dvar": 29051.4277344,
        "dvar2": 10858.6357422,
        "max": 11132.1748047,
        "mean": 425.589294434,
        "median": 376.070251465,
        "min": 234.948562622,
        "stdev": 286.340637207,
        "var": 81990.9609375
    },
    "spectral_complexity": {
        "dmean": 1.12622356415,
        "dmean2": 1.90618550777,
        "dvar": 1.14069402218,
        "dvar2": 2.64172625542,
        "max": 17,
        "mean": 10.2044286728,
        "median": 10,
        "min": 0,
        "stdev": 2.36671519279,
        "var": 5.60134124756
    },
    "spectral_decrease": {
        "dmean": 1.64883184883e-09,
        "dmean2": 2.7035047534e-09,
        "dvar": 5.06981354898e-18,
        "dvar2": 1.63546395314e-17,
        "max": -2.67253925682e-29,
        "mean": -7.39409911077e-09,
        "median": -6.52000053947e-09,
        "min": -3.54670284253e-08,
        "stdev": 4.37672564857e-09,
        "var": 1.91557278571e-17
    },
    "spectral_energy": {
        "dmean": 0.00645290268585,
        "dmean2": 0.0105688143522,
        "dvar": 7.74102009018e-05,
        "dvar2": 0.000248568976531,
        "max": 0.13797262311,
        "mean": 0.0289560835809,
        "median": 0.0255873203278,
        "min": 1.10025894371e-20,
        "stdev": 0.0171077158302,
        "var": 0.000292673910735
    },
    "spectral_energyband_high": {
        "dmean": 5.9335356184e-08,
        "dmean2": 8.46405825428e-08,
        "dvar": 7.66453347729e-14,
        "dvar2": 1.40782676315e-13,
        "max": 9.05530669115e-06,
        "mean": 8.93931115797e-08,
        "median": 1.97615062092e-08,
        "min": 7.78082919554e-21,
        "stdev": 3.6732868125e-07,
        "var": 1.34930356276e-13
    },
    "spectral_energyband_low": {
        "dmean": 0.000531897007022,
        "dmean2": 0.000910933769774,
        "dvar": 7.14808095381e-07,
        "dvar2": 2.17577530748e-06,
        "max": 0.016194332391,
        "mean": 0.00134368252475,
        "median": 0.000674725975841,
        "min": 9.87351940491e-23,
        "stdev": 0.00188618316315,
        "var": 3.55768679583e-06
    },
    "spectral_energyband_middle_high": {
        "dmean": 0.000616181292571,
        "dmean2": 0.000764166878071,
        "dvar": 6.77018533679e-06,
        "dvar2": 1.05700955828e-05,
        "max": 0.0596026852727,
        "mean": 0.00228880043142,
        "median": 0.000747100624721,
        "min": 1.73270225692e-21,
        "stdev": 0.00589018547907,
        "var": 3.46942870237e-05
    },
    "spectral_energyband_middle_low": {
        "dmean": 0.00604336801916,
        "dmean2": 0.010053332895,
        "dvar": 7.23864068277e-05,
        "dvar2": 0.000241814792389,
        "max": 0.135999143124,
        "mean": 0.0260607469827,
        "median": 0.0229588262737,
        "min": 3.37922616786e-22,
        "stdev": 0.0158958993852,
        "var": 0.000252679601545
    },
    "spectral_entropy": {
        "dmean": 0.138438925147,
        "dmean2": 0.234149754047,
        "dvar": 0.0261978805065,
        "dvar2": 0.0637995228171,
        "max": 9.80519962311,
        "mean": 5.32091856003,
        "median": 5.31639766693,
        "min": 4.51741170883,
        "stdev": 0.267877906561,
        "var": 0.0717585682869
    },
    "spectral_flux": {
        "dmean": 0.0187577977777,
        "dmean2": 0.0288578681648,
        "dvar": 0.000430760177551,
        "dvar2": 0.00100829487201,
        "max": 0.225187838078,
        "mean": 0.0471536405385,
        "median": 0.0399948731065,
        "min": 1.04893226049e-10,
        "stdev": 0.0300711281598,
        "var": 0.000904272717889
    },
    "spectral_kurtosis": {
        "dmean": 51.4862098694,
        "dmean2": 89.2246246338,
        "dvar": 2458.28198242,
        "dvar2": 7006.14501953,
        "max": 533.45715332,
        "mean": 192.881896973,
        "median": 190.121353149,
        "min": -1.22438657284,
        "stdev": 80.4020080566,
        "var": 6464.48242188
    },
    "spectral_rms": {
        "dmean": 0.000560271320865,
        "dmean2": 0.000906134198885,
        "dvar": 3.89559801306e-07,
        "dvar2": 1.16856381283e-06,
        "max": 0.0116020450369,
        "mean": 0.00507973087952,
        "median": 0.00499632209539,
        "min": 3.27631411584e-12,
        "stdev": 0.00156401877757,
        "var": 2.44615489464e-06
    },
    "spectral_rolloff": {
        "dmean": 45.9727935791,
        "dmean2": 75.9541778564,
        "dvar": 142763.234375,
        "dvar2": 126431.351562,
        "max": 18604.6875,
        "mean": 539.563354492,
        "median": 495.263671875,
        "min": 236.865234375,
        "stdev": 442.894958496,
        "var": 196155.953125
    },
    "spectral_skewness": {
        "dmean": 2.13015556335,
        "dmean2": 3.77586174011,
        "dvar": 4.08429384232,
        "dvar2": 11.2515192032,
        "max": 17.5118179321,
        "mean": 10.0300636292,
        "median": 10.343038559,
        "min": -0.0108543252572,
        "stdev": 2.79034972191,
        "var": 7.78605222702
    },
    "spectral_spread": {
        "dmean": 310969.75,
        "dmean2": 540375.75,
        "dvar": 621463666688,
        "dvar2": 877641072640,
        "max": 47095736,
        "mean": 725389.8125,
        "median": 627660.625,
        "min": 127433.289062,
        "stdev": 1518507.25,
        "var": 2.30586423706e+12
    },
    "spectral_strongpeak": {
        "dmean": 0.374858319759,
        "dmean2": 0.617904424667,
        "dvar": 0.257876724005,
        "dvar2": 0.637949466705,
        "max": 8.15356349945,
        "mean": 1.51245820522,
        "median": 1.3189355135,
        "min": 0,
        "stdev": 1.00217187405,
        "var": 1.00434851646
    },
    "zerocrossingrate": {
        "dmean": 0.00171741168015,
        "dmean2": 0.00233921944164,
        "dvar": 8.55214166222e-05,
        "dvar2": 0.000145554295159,
        "max": 0.48779296875,
        "mean": 0.0205319505185,
        "median": 0.0185546875,
        "min": 0.0078125,
        "stdev": 0.0153525453061,
        "var": 0.000235700659687
    },
    "barkbands": {
        "dmean": [9.18908881431e-06, 0.000146070524352, 0.000167816368048, 0.000648395274766, 0.00180804298725, 0.00361570110545, 0.00123914377764, 0.000688190513756, 0.000437169306679, 0.000532321573701, 0.000103716636659, 5.87011963944e-05, 4.8570746003e-05, 4.07825882576e-06, 1.35046066134e-05, 3.38242944053e-06, 6.51168011245e-06, 1.3989430272e-06, 2.98612548022e-07, 6.26363600986e-08, 1.00800834346e-08, 2.60463228763e-09, 1.70235403552e-09, 1.82087023237e-09, 2.35922570369e-09, 1.21739762715e-09, 1.17650356124e-09],
        "dmean2": [1.62707583513e-05, 0.00022068915132, 0.000282590364804, 0.00110419956036, 0.00286786211655, 0.00646088831127, 0.0018402346177, 0.00103147258051, 0.000610563263763, 0.000656409654766, 0.000140357777127, 8.7253334641e-05, 6.17056211922e-05, 6.21521894573e-06, 1.81569048436e-05, 5.36347306479e-06, 8.94344339031e-06, 1.89074899026e-06, 4.22993338134e-07, 8.72036096666e-08, 1.55966777271e-08, 4.3256238591e-09, 2.96347990592e-09, 3.07052894222e-09, 3.80805609268e-09, 2.20367746273e-09, 2.17515405687e-09],
        "dvar": [1.41201980663e-10, 9.92746578277e-08, 5.97996248075e-08, 1.32678519549e-06, 9.25591575651e-06, 6.10970673733e-05, 8.31892066344e-06, 1.42790622704e-06, 2.01139368983e-06, 6.19647562417e-06, 8.3850648025e-07, 1.1116660481e-08, 2.07985895173e-08, 2.28254151691e-10, 2.10399941913e-09, 1.26836874337e-10, 2.02806424432e-10, 3.19774137725e-11, 1.71034725011e-12, 1.79803803682e-13, 1.43250402622e-15, 2.7936284801e-17, 1.04774716484e-17, 2.61260844028e-17, 1.21754289314e-16, 3.23048191761e-18, 2.26590246941e-18],
        "dvar2": [3.83051035335e-10, 1.87649831673e-07, 1.75110884015e-07, 3.99752343583e-06, 2.11456936086e-05, 0.000217645516386, 2.02676001209e-05, 3.08835251417e-06, 3.89257093047e-06, 1.01883579191e-05, 1.07959567686e-06, 2.61899746334e-08, 2.94689783686e-08, 4.45279368932e-10, 4.14072465205e-09, 3.06452113685e-10, 3.79374753834e-10, 5.30395796727e-11, 3.09678281282e-12, 3.63220629788e-13, 2.64643141216e-15, 6.39424046917e-17, 2.52591809229e-17, 5.38475388182e-17, 2.46398469755e-16, 8.63403761475e-18, 7.18374267395e-18],
        "max": [9.28075460251e-05, 0.00695717241615, 0.00261424668133, 0.0243237279356, 0.0526459403336, 0.107815213501, 0.0552909523249, 0.0147812860087, 0.0292070731521, 0.05805554986, 0.04863185063, 0.00225356477313, 0.00352697144262, 0.000610174261965, 0.00126245990396, 0.00029467526474, 0.000255726889009, 0.000207216260605, 4.52214262623e-05, 1.37552269734e-05, 9.5897837582e-07, 1.51839003593e-07, 5.76080161352e-08, 1.26198258954e-07, 2.59644281186e-07, 2.66744670796e-08, 1.19857404002e-08],
        "mean": [8.08287404652e-06, 0.00049479410518, 0.000283584493445, 0.00161954970099, 0.00736309122294, 0.00821253098547, 0.00493730790913, 0.00203336589038, 0.00152779335622, 0.00179084332194, 0.000257902429439, 0.00021492378437, 0.000135295864311, 1.06331135612e-05, 3.53861287294e-05, 9.20099591895e-06, 1.79958005901e-05, 3.12233078148e-06, 5.97422854298e-07, 9.07565009811e-08, 1.60390580817e-08, 4.38886393894e-09, 2.21694995695e-09, 2.15943263271e-09, 2.30057550787e-09, 1.00876018649e-09, 9.41152378253e-10],
        "median": [3.70084944734e-06, 6.432759983e-05, 0.00017156478134, 0.000646446715109, 0.00483333412558, 0.00479234196246, 0.00157947733533, 0.00123353023082, 0.000465071527287, 0.000247700780164, 6.38650089968e-05, 0.000150203792145, 5.25876312167e-05, 5.14209659741e-06, 9.21574064705e-06, 4.01460692956e-06, 7.30964256945e-06, 5.22441837347e-07, 5.26783239252e-08, 1.13070566243e-08, 4.28168300814e-09, 2.01896721563e-09, 9.96014937193e-10, 6.98371249719e-10, 5.23074694669e-10, 4.13432177382e-10, 3.86889076331e-10],
        "min": [1.56735381156e-23, 4.16663519037e-23, 3.77098642097e-23, 3.20244206035e-23, 5.87317230683e-23, 1.26818367751e-23, 3.50383457334e-23, 5.24566469562e-23, 6.60340822502e-23, 1.02744633242e-22, 4.53290804183e-23, 3.73451201707e-23, 1.18954178677e-22, 1.02149567063e-22, 1.74008869605e-22, 1.93268422668e-22, 2.48301530361e-22, 2.16616963657e-22, 3.70651130458e-22, 3.44432423194e-22, 3.1979449221e-22, 4.36810281871e-22, 9.26863247482e-22, 9.31216245066e-22, 1.08504518181e-21, 1.79784798082e-21, 2.43459469308e-21],
        "stdev": [1.1371452274e-05, 0.00100071914494, 0.000330917187966, 0.00282479915768, 0.00785598531365, 0.010744959116, 0.00768093299121, 0.00215774774551, 0.00314684701152, 0.00568637717515, 0.00183303654194, 0.000212409009691, 0.000281538697891, 2.74877966149e-05, 7.71986160544e-05, 1.70932762558e-05, 2.80011772702e-05, 1.01427685877e-05, 2.12648160414e-06, 5.23510152561e-07, 4.95607395123e-08, 8.06956634847e-09, 4.15358547556e-09, 6.60819976517e-09, 1.22854553197e-08, 1.82649984026e-09, 1.40106548585e-09],
        "var": [1.2930992388e-10, 1.00143881809e-06, 1.09506189006e-07, 7.97949087428e-06, 6.17165060248e-05, 0.000115454145998, 5.89967312408e-05, 4.65587527287e-06, 9.90264652501e-06, 3.23348867823e-05, 3.36002290169e-06, 4.51175878879e-08, 7.92640406644e-08, 7.55578932754e-10, 5.95962612593e-09, 2.92180085681e-10, 7.84065978809e-10, 1.02875763464e-10, 4.52192363415e-12, 2.74062890437e-13, 2.45626679803e-15, 6.51178945166e-17, 1.72522711167e-17, 4.36683038309e-17, 1.50932417059e-16, 3.3361015081e-18, 1.9629843796e-18]
    },
    "erbbands": {
        "dmean": [0.00189024489373, 0.040800653398, 0.161460056901, 1.27608585358, 3.78498768806, 7.56041002274, 15.3088312149, 35.8422431946, 17.7924900055, 10.7578830719, 16.8236923218, 12.6403617859, 7.87213420868, 18.39087677, 3.10379123688, 2.64207601547, 2.52108669281, 0.3643245399, 0.718495368958, 0.313142091036, 0.237792626023, 0.218754902482, 0.135548219085, 0.0210376959294, 0.0168371926993, 0.00353027414531, 0.000922351842746, 0.000305937603116, 0.000109246699139, 6.45204563625e-05, 4.64631048089e-05, 3.85888051824e-05, 3.36304256052e-05, 3.24989778164e-05, 1.36753824336e-05, 6.77574917063e-06, 2.92791037282e-06, 8.20421519165e-07, 3.02164971799e-06, 7.19057652532e-06],
        "dmean2": [0.0028186221607, 0.0619023218751, 0.272667586803, 2.1985039711, 6.04537820816, 12.1953029633, 24.1723709106, 65.6404571533, 25.9369697571, 17.0650997162, 24.810874939, 17.5104656219, 10.5014839172, 21.625951767, 4.60600805283, 3.89680194855, 3.21089601517, 0.524779498577, 0.955252230167, 0.45012819767, 0.361395329237, 0.306473225355, 0.175300762057, 0.02777871117, 0.0235202275217, 0.00483724148944, 0.00126839103177, 0.000476225366583, 0.000176698187715, 0.00010921494686, 7.99399349489e-05, 6.53960814816e-05, 5.45221228094e-05, 5.04335330334e-05, 2.25059975492e-05, 1.13744226837e-05, 4.9648069762e-06, 1.43863917401e-06, 4.93006973556e-06, 1.17596455311e-05],
        "dvar": [1.95603988686e-05, 0.00741052534431, 0.0652393251657, 5.06476926804, 38.5143852234, 191.617095947, 718.954589844, 6667.97949219, 1292.13366699, 508.762695312, 1047.5612793, 1520.40234375, 1258.14855957, 8712.65722656, 96.4684143066, 25.5276679993, 53.5205001831, 0.722622931004, 5.71334075928, 1.96299624443, 0.273473262787, 0.210579305887, 0.234351396561, 0.00551581569016, 0.00337667833082, 0.000390273024095, 1.25564183691e-05, 1.19728031223e-06, 5.93944591287e-08, 1.49340610989e-08, 8.32692670372e-09, 8.59888782401e-09, 1.27601573752e-08, 2.80161529531e-08, 1.98563254727e-09, 1.92411878097e-10, 1.10884175106e-11, 9.7981074209e-13, 1.67154293879e-11, 9.57782811395e-11],
        "dvar2": [3.30475413648e-05, 0.0147206317633, 0.193108916283, 16.0293731689, 85.9576873779, 463.532592773, 2034.76904297, 24132.8066406, 2709.38842773, 1371.2479248, 2322.02612305, 2901.56445312, 2446.67602539, 13300.4550781, 145.425094604, 59.5747032166, 75.2939300537, 1.35869240761, 10.5319833755, 4.43188476562, 0.603293895721, 0.399491101503, 0.375978678465, 0.0098345708102, 0.0061481478624, 0.000728297862224, 2.50139291893e-05, 2.20776564674e-06, 1.33165215743e-07, 3.4004198568e-08, 1.98893168601e-08, 1.94987368474e-08, 2.61198263019e-08, 5.7312927737e-08, 3.92897225865e-09, 4.35355251849e-10, 3.2784504278e-11, 2.86171802401e-12, 5.26912714849e-11, 3.05689112912e-10],
        "max": [0.111640974879, 1.83339703083, 3.03623580933, 42.5402946472, 158.126235962, 275.575531006, 417.386657715, 1075.85693359, 788.495239258, 477.611480713, 376.153869629, 788.04876709, 1051.87731934, 2177.35327148, 441.538360596, 114.5262146, 180.394317627, 31.3104801178, 74.8727874756, 34.0735321045, 9.16703891754, 7.98228597641, 14.9301118851, 1.78852307796, 1.11966884136, 0.596931278706, 0.0827307775617, 0.0223974790424, 0.00730759091675, 0.00231293565594, 0.00200823368505, 0.00237701460719, 0.00257708528079, 0.0041043558158, 0.000934646348469, 0.000317261088639, 4.61583513243e-05, 1.15833408927e-05, 6.36725599179e-05, 0.00015266763512],
        "mean": [0.0075297281146, 0.13577914238, 0.353835880756, 2.92915391922, 16.1170272827, 25.4775257111, 42.839466095, 74.9371490479, 75.3632965088, 37.7976989746, 53.1127815247, 47.370716095, 30.4233989716, 59.7565116882, 10.172665596, 9.67560386658, 7.58444166183, 1.10879087448, 1.94556450844, 0.834129095078, 0.731813073158, 0.631143391132, 0.333676218987, 0.0501284487545, 0.0295215733349, 0.00574690429494, 0.00144292344339, 0.00050462060608, 0.000203051851713, 0.000101663892565, 7.51970073907e-05, 6.07999099884e-05, 5.57138992008e-05, 4.96445318277e-05, 2.80843360088e-05, 1.83212196134e-05, 1.01128734968e-05, 2.0137156298e-06, 1.37164370244e-05, 3.23089188896e-05],
        "median": [0.000800015754066, 0.0227374807, 0.205693244934, 1.52032399178, 9.42347335815, 14.7516117096, 27.9367790222, 38.1159706116, 32.6981887817, 19.1605796814, 31.2027397156, 18.3895530701, 6.66141796112, 7.96149635315, 5.07265281677, 7.02912282944, 3.36346769333, 0.748008370399, 0.475884974003, 0.339920639992, 0.386343181133, 0.294936954975, 0.0585063286126, 0.00953055731952, 0.00212885532528, 0.000685075065121, 0.000300743762637, 0.000153716682689, 9.58648524829e-05, 5.45271905139e-05, 4.27232153015e-05, 3.38232857757e-05, 2.94061483146e-05, 2.46886629611e-05, 2.03440031328e-05, 1.51582071339e-05, 8.85089775693e-06, 1.62622654898e-06, 1.20679887914e-05, 2.84527432086e-05],
        "min": [2.28899596109e-21, 5.64465222729e-21, 3.85605493684e-20, 6.55297328026e-20, 2.14339919204e-19, 1.64826916914e-19, 1.46124272791e-19, 1.09794228869e-19, 4.58685039647e-19, 5.8219080822e-19, 1.28044115684e-18, 1.22978316856e-18, 4.40845411152e-18, 1.36159047006e-18, 1.68389353753e-18, 1.8893090568e-18, 5.09365620296e-18, 5.01088768369e-18, 8.86161568078e-18, 7.06437223975e-18, 1.32332974782e-17, 1.43525894794e-17, 1.29526706651e-17, 1.20668272307e-17, 2.02489198285e-17, 1.68424395192e-17, 1.42332984546e-17, 9.9777859024e-18, 1.56407909346e-17, 2.07371946179e-17, 2.56996016595e-17, 2.53792263365e-17, 1.2062606128e-17, 1.03298968368e-17, 8.89698509659e-18, 6.76941452256e-18, 3.34919681117e-18, 1.19812417478e-18, 3.62394521353e-19, 3.37870386874e-20],
        "stdev": [0.0160078871995, 0.264323949814, 0.419485092163, 4.64378023148, 19.1159915924, 30.5440120697, 49.5491256714, 103.066238403, 106.446563721, 54.8332557678, 56.5240249634, 88.7369384766, 84.9076843262, 213.042221069, 20.5578994751, 9.61654186249, 14.2188215256, 1.6334117651, 4.33186292648, 2.0901453495, 0.954551875591, 0.907597661018, 0.933700680733, 0.12306920439, 0.0872892737389, 0.0261876191944, 0.00454323692247, 0.00144255545456, 0.000363410275895, 0.000166273355717, 0.000118760537589, 0.000117928080726, 0.000143253040733, 0.000188202044228, 5.19679597346e-05, 1.72332838702e-05, 6.17477871856e-06, 1.47310902321e-06, 8.0662266555e-06, 1.90590326383e-05],
        "var": [0.000256252475083, 0.069867156446, 0.175967752934, 21.5646953583, 365.421112061, 932.936706543, 2455.1159668, 10622.6494141, 11330.8701172, 3006.68579102, 3194.96533203, 7874.24462891, 7209.31542969, 45386.9882812, 422.627258301, 92.4778823853, 202.17489624, 2.66803383827, 18.7650356293, 4.36870718002, 0.911169230938, 0.823733568192, 0.871796905994, 0.0151460291818, 0.00761941680685, 0.000685791426804, 2.06410022656e-05, 2.08096639653e-06, 1.32067029313e-07, 2.76468288263e-08, 1.41040645829e-08, 1.39070328586e-08, 2.05214334414e-08, 3.54200118124e-08, 2.70066902175e-09, 2.96986046866e-10, 3.81278932038e-11, 2.17005016387e-12, 6.50640166744e-11, 3.63246710489e-10]
    },
    "gfcc": {
        "mean": [-207.115982056, 268.398468018, -103.314865112, -78.9672393799, -26.3776550293, -38.6817970276, -41.4744529724, -15.8063764572, -13.4203100204, -24.5077533722, -5.11372900009, -7.13535785675, -2.45967531204],
        "cov": [[3402.19604492, 155.249832153, -656.499694824, 138.117858887, 80.1677856445, -178.813446045, -17.7588939667, 122.840301514, 16.1859321594, -1.32872283459, 79.6789321899, 64.8612365723, 25.9243011475], [155.249832153, 543.225402832, 542.655822754, -71.2658691406, 160.436645508, 245.069473267, -40.3018188477, -116.187042236, -6.56825733185, -66.0230636597, 3.197742939, 94.6971969604, 28.7133598328], [-656.499694824, 542.655822754, 1164.30004883, 8.27960014343, 106.917541504, 556.123168945, -59.095249176, -240.187744141, 1.49627780914, -92.2551269531, 2.18776416779, 165.461761475, 69.2254333496], [138.117858887, -71.2658691406, 8.27960014343, 226.403808594, 27.236371994, 50.6645317078, 55.7847747803, 25.4902515411, 35.4418945312, 51.7019577026, 29.0799331665, 6.68484592438, 14.12591362], [80.1677856445, 160.436645508, 106.917541504, 27.236371994, 163.845748901, 57.7632484436, -2.75659871101, 8.10942077637, 13.9120597839, -8.10024356842, 25.9003562927, 56.538028717, 10.1189107895], [-178.813446045, 245.069473267, 556.123168945, 50.6645317078, 57.7632484436, 367.019104004, 8.12945079803, -115.356201172, 4.12594366074, -49.2607421875, 18.07122612, 102.243377686, 48.0608329773], [-17.7588939667, -40.3018188477, -59.095249176, 55.7847747803, -2.75659871101, 8.12945079803, 99.7148742676, 43.9821357727, -7.99048614502, 18.8416805267, 1.31787991524, -22.5653591156, 4.24338006973], [122.840301514, -116.187042236, -240.187744141, 25.4902515411, 8.10942077637, -115.356201172, 43.9821357727, 124.009391785, 33.8204879761, 35.6489028931, 16.337266922, -31.0892753601, -12.6886835098], [16.1859321594, -6.56825733185, 1.49627780914, 35.4418945312, 13.9120597839, 4.12594366074, -7.99048614502, 33.8204879761, 74.647277832, 50.9917373657, 21.2302398682, 8.9392156601, -5.28468084335], [-1.32872283459, -66.0230636597, -92.2551269531, 51.7019577026, -8.10024356842, -49.2607421875, 18.8416805267, 35.6489028931, 50.9917373657, 99.3120803833, 35.9924621582, -31.0828475952, -15.8447580338], [79.6789321899, 3.197742939, 2.18776416779, 29.0799331665, 25.9003562927, 18.07122612, 1.31787991524, 16.337266922, 21.2302398682, 35.9924621582, 66.5890426636, 42.7424926758, 1.52241122723], [64.8612365723, 94.6971969604, 165.461761475, 6.68484592438, 56.538028717, 102.243377686, -22.5653591156, -31.0892753601, 8.9392156601, -31.0828475952, 42.7424926758, 118.037399292, 42.1934585571], [25.9243011475, 28.7133598328, 69.2254333496, 14.12591362, 10.1189107895, 48.0608329773, 4.24338006973, -12.6886835098, -5.28468084335, -15.8447580338, 1.52241122723, 42.1934585571, 61.0420722961]],
        "icov": [[0.000790274119936, -0.00222914828919, 0.00191443308722, -0.00161089166068, 0.00164522544947, -0.00138320401311, 0.00205689785071, -0.00165020732675, 0.0016074628802, -0.000787800992839, 0.000831320707221, -0.00159266567789, 0.000259766122326], [-0.00222914828919, 0.0130074033514, -0.00792264658958, 0.00767604028806, -0.0110498359427, 0.0057599185966, -0.00952641759068, 0.0105690369383, -0.0104059679434, 0.00774292089045, -0.00750795565546, 0.00933068990707, -0.00296080624685], [0.00191443308722, -0.00792264658958, 0.00984504073858, -0.00437447428703, 0.00535271409899, -0.00993303582072, 0.00807509571314, -0.00417716940865, 0.00594610674307, -0.00555490609258, 0.00650408072397, -0.00667234137654, 0.001787520363], [-0.00161089166068, 0.00767604028806, -0.00437447428703, 0.011266044341, -0.0073526785709, 0.00211177230813, -0.00911332946271, 0.00721710314974, -0.00838090386242, 0.00237432657741, -0.00513856019825, 0.00635768240318, -0.00325852143578], [0.00164522544947, -0.0110498359427, 0.00535271409899, -0.0073526785709, 0.0180839374661, -0.00528223719448, 0.00976124033332, -0.0146144088358, 0.0128541020676, -0.0100698526949, 0.00990664027631, -0.0144987693056, 0.00584864383563], [-0.00138320401311, 0.0057599185966, -0.00993303582072, 0.00211177230813, -0.00528223719448, 0.0210798550397, -0.0167929474264, 0.0172035358846, -0.0197462942451, 0.0195073690265, -0.0177687630057, 0.0107248807326, -0.00593996187672], [0.00205689785071, -0.00952641759068, 0.00807509571314, -0.00911332946271, 0.00976124033332, -0.0167929474264, 0.0348835214972, -0.0296948924661, 0.0331820175052, -0.0266473032534, 0.0225365236402, -0.0152227682993, 0.00548094697297], [-0.00165020732675, 0.0105690369383, -0.00417716940865, 0.00721710314974, -0.0146144088358, 0.0172035358846, -0.0296948924661, 0.0497729368508, -0.0461946502328, 0.0382637269795, -0.0362587198615, 0.0287352874875, -0.0129408044741], [0.0016074628802, -0.0104059679434, 0.00594610674307, -0.00838090386242, 0.0128541020676, -0.0197462942451, 0.0331820175052, -0.0461946502328, 0.0724609792233, -0.0595977716148, 0.0476064942777, -0.0402533486485, 0.0183554850519], [-0.000787800992839, 0.00774292089045, -0.00555490609258, 0.00237432657741, -0.0100698526949, 0.0195073690265, -0.0266473032534, 0.0382637269795, -0.0595977716148, 0.0740040913224, -0.061893966049, 0.0479969792068, -0.0190239772201], [0.000831320707221, -0.00750795565546, 0.00650408072397, -0.00513856019825, 0.00990664027631, -0.0177687630057, 0.0225365236402, -0.0362587198615, 0.0476064942777, -0.061893966049, 0.078873693943, -0.0550280734897, 0.024360800162], [-0.00159266567789, 0.00933068990707, -0.00667234137654, 0.00635768240318, -0.0144987693056, 0.0107248807326, -0.0152227682993, 0.0287352874875, -0.0402533486485, 0.0479969792068, -0.0550280734897, 0.0582760088146, -0.0265617072582], [0.000259766122326, -0.00296080624685, 0.001787520363, -0.00325852143578, 0.00584864383563, -0.00593996187672, 0.00548094697297, -0.0129408044741, 0.0183554850519, -0.0190239772201, 0.024360800162, -0.0265617072582, 0.0314311422408]]
    },
    "melbands": {
        "dmean": [2.91047290375e-05, 7.82735878602e-05, 0.000252845668001, 0.000437154405518, 0.000473528343718, 0.000738270813599, 0.000273314683, 0.000113144124043, 0.000128131156089, 7.74127111072e-05, 3.92582041968e-05, 7.95958985691e-05, 1.06197958303e-05, 7.02041370459e-06, 6.32330193184e-06, 3.71685746359e-06, 4.75862918847e-07, 1.03190154732e-06, 7.02230749994e-07, 2.9106777788e-07, 3.39885986023e-07, 2.63179686044e-07, 2.52937894629e-07, 5.86555159998e-08, 1.12022755516e-08, 1.23860788293e-08, 6.18993833967e-09, 2.17806084279e-09, 6.95861090971e-10, 4.22170270964e-10, 8.07654915169e-11, 6.26318372166e-11, 4.63304776488e-11, 3.33559777022e-11, 2.76237609176e-11, 2.41371592852e-11, 2.33685241297e-11, 2.29985804706e-11, 2.60046845169e-11, 2.68303729928e-11],
        "dmean2": [4.30918044003e-05, 0.00013105184189, 0.000428197381552, 0.000694092770573, 0.000763343879953, 0.00134792097379, 0.000398823991418, 0.000180674018338, 0.000191382641788, 0.000105702223664, 5.26499497937e-05, 9.38122248044e-05, 1.5293897377e-05, 1.06405123006e-05, 8.63861987455e-06, 4.87628358314e-06, 7.15862597644e-07, 1.37823292334e-06, 9.61624778029e-07, 4.3889261292e-07, 5.10038034918e-07, 3.77795714712e-07, 3.17165557817e-07, 7.80508102594e-08, 1.53666057656e-08, 1.75962497906e-08, 8.5449682885e-09, 3.01478353393e-09, 9.5868946115e-10, 6.50060505425e-10, 1.3352333128e-10, 1.0275464507e-10, 7.78037634319e-11, 5.72446742786e-11, 4.80712518403e-11, 4.18667843449e-11, 4.00021960001e-11, 3.77609610247e-11, 4.28863715374e-11, 4.15696539691e-11],
        "dvar": [4.33903002417e-09, 1.51243781943e-08, 1.63400088127e-07, 6.26227517841e-07, 6.55523024307e-07, 2.77718550024e-06, 3.56978006266e-07, 4.36212630461e-08, 6.61682264536e-08, 6.59689760596e-08, 3.23550004566e-08, 1.65710957845e-07, 3.9033829502e-09, 1.54960363985e-10, 1.93283319905e-10, 9.06923078303e-11, 3.1227540085e-12, 1.1225505768e-11, 9.06545932072e-12, 1.44154837806e-12, 5.39927965618e-13, 3.06828401662e-13, 8.19381726098e-13, 8.43644002314e-14, 2.25014789482e-15, 3.22932539338e-15, 7.838934173e-16, 1.77113689298e-16, 6.26208728209e-18, 3.65109746883e-18, 2.73779980649e-20, 1.81921848275e-20, 9.67931371451e-21, 4.63510898582e-21, 4.1332736947e-21, 1.91881284603e-21, 4.29756073087e-21, 5.40208353214e-21, 1.44374084631e-20, 2.12950653209e-20],
        "dvar2": [7.19933002102e-09, 4.2434649572e-08, 4.66032958002e-07, 1.4328988982e-06, 1.96155269805e-06, 1.00252846096e-05, 8.08926131413e-07, 1.18383830738e-07, 1.53563775029e-07, 1.21832385958e-07, 6.31263787909e-08, 2.56602675108e-07, 5.16084686097e-09, 3.73177683199e-10, 3.02893599091e-10, 1.31924055013e-10, 6.04972842655e-12, 2.05257252167e-11, 1.98428010134e-11, 3.22964311544e-12, 1.15057594528e-12, 6.08515137151e-13, 1.28243932401e-12, 1.37239015725e-13, 4.19111563488e-15, 5.74839460226e-15, 1.54190595466e-15, 3.1963468538e-16, 1.35233045194e-17, 6.57351209732e-18, 6.10914887636e-20, 4.22094692326e-20, 2.18339104821e-20, 1.05497484414e-20, 1.05428789649e-20, 4.40926807986e-21, 1.01319107566e-20, 1.17611342536e-20, 2.82956967934e-20, 4.36119248806e-20],
        "max": [0.00161602802109, 0.00189923797734, 0.00784050859511, 0.013821169734, 0.0120552489534, 0.0224149338901, 0.0121608721092, 0.00435962667689, 0.00297180959024, 0.00511358771473, 0.00523407617584, 0.00964999757707, 0.00326637062244, 0.000255098129855, 0.000312243326334, 0.000235086816247, 7.07128856448e-05, 0.000106177489215, 9.58767559496e-05, 3.40191618307e-05, 1.47819391714e-05, 1.2104792404e-05, 1.86294964806e-05, 9.82451365417e-06, 1.62922651725e-06, 1.92103652807e-06, 8.67400331117e-07, 4.66093212026e-07, 3.70712420761e-08, 4.59219897664e-08, 2.86782619874e-09, 3.70934727378e-09, 3.03195801798e-09, 1.1142780032e-09, 1.40560274531e-09, 1.10517084373e-09, 1.5320187341e-09, 1.80365966607e-09, 2.540850641e-09, 3.80678022438e-09],
        "mean": [0.000110714507173, 0.000202468654606, 0.000843886169605, 0.00174731516745, 0.00135959195904, 0.00158566143364, 0.00114477192983, 0.000376587704523, 0.000396205548896, 0.000283605186269, 0.000145001889905, 0.000255864579231, 3.10804898618e-05, 2.52425779763e-05, 2.19990906771e-05, 1.00641591416e-05, 1.25321355426e-06, 2.77485651168e-06, 1.80819120033e-06, 7.67336132412e-07, 9.83254494713e-07, 7.37646189464e-07, 6.12153428392e-07, 1.15974124526e-07, 2.61866137663e-08, 2.26117151669e-08, 9.84125936299e-09, 3.14324188899e-09, 1.00491637234e-09, 6.30071494978e-10, 1.32896776917e-10, 1.10195491621e-10, 6.72137831503e-11, 4.17798538821e-11, 3.44848420653e-11, 3.14122755585e-11, 2.58876756837e-11, 2.69772416212e-11, 2.84216625929e-11, 2.72539005253e-11],
        "median": [1.27565199364e-05, 0.000101369281765, 0.00048417178914, 0.00101359409746, 0.000925281376112, 0.000827334122732, 0.000448428443633, 0.000226323594688, 0.000234355422435, 8.19606211735e-05, 2.75757556665e-05, 3.1817391573e-05, 1.28881547425e-05, 1.8069460566e-05, 1.42183507705e-05, 4.57757778349e-06, 6.23356072538e-07, 6.88499881107e-07, 5.18886110967e-07, 3.13803809604e-07, 4.95538529321e-07, 3.77468381885e-07, 5.58028361297e-08, 1.32962885147e-08, 4.29298507854e-09, 1.45393186379e-09, 6.61299348614e-10, 3.19381410208e-10, 1.75958997373e-10, 1.01150664233e-10, 6.62725777034e-11, 4.70092402505e-11, 2.77092983975e-11, 1.92937367471e-11, 1.63097764461e-11, 1.22515348561e-11, 9.44366460032e-12, 8.02166579689e-12, 6.06657085678e-12, 4.96943371869e-12],
        "min": [1.52951799151e-23, 1.47544914952e-23, 1.74141549699e-23, 1.30427840266e-23, 5.61899469674e-24, 2.39278236405e-24, 6.95845684798e-24, 7.50277402802e-24, 1.04846643055e-23, 9.04317009587e-24, 2.15872338916e-23, 4.61743874767e-24, 6.64235476123e-24, 3.3537987512e-24, 8.75863427825e-24, 1.12034585851e-23, 9.67749788293e-24, 1.31537601899e-23, 1.31304099071e-23, 1.07176733065e-23, 1.62120335022e-23, 1.70698029852e-23, 1.0338163369e-23, 9.16870547603e-24, 9.61322622954e-24, 1.64079802402e-23, 1.32980160282e-23, 1.07902729644e-23, 8.73695795829e-24, 8.9138718492e-24, 4.54584330963e-24, 7.27531939664e-24, 1.10092796844e-23, 1.27417073735e-23, 1.4495820849e-23, 1.45094271219e-23, 1.7043103199e-23, 8.29572754362e-24, 7.34234969662e-24, 9.03216548625e-24],
        "stdev": [0.000229853656492, 0.000269306794507, 0.00108028051909, 0.00202204543166, 0.00148596649524, 0.00215110252611, 0.00167848228011, 0.000492734718136, 0.000423934368882, 0.000598964863457, 0.000424965604907, 0.000928210851271, 0.00012670403521, 2.41506895691e-05, 2.74038720818e-05, 1.85869776033e-05, 3.20461936099e-06, 6.14470081928e-06, 4.35444781033e-06, 1.93566643247e-06, 1.35802213208e-06, 1.00208819731e-06, 1.83439510693e-06, 4.91533398872e-07, 7.89446161775e-08, 9.13324029739e-08, 3.63550753946e-08, 1.76675811758e-08, 3.05827674296e-09, 2.50213494368e-09, 2.20880730373e-10, 2.07801650887e-10, 1.38010630701e-10, 8.2183530814e-11, 7.04209607294e-11, 6.93897578286e-11, 7.40151898104e-11, 9.20645434888e-11, 1.40254502456e-10, 1.6365747646e-10],
