{
"lowlevel": {
    "average_loudness": 0.981349825859,
    "barkbands_crest": {
        "dmean": 1.87553167343,
        "dmean2": 3.03786730766,
        "dvar": 3.32110261917,
        "dvar2": 8.57576370239,
        "max": 22.0315036774,
        "mean": 12.5064935684,
        "median": 12.7607717514,
        "min": 3.32692623138,
        "stdev": 2.83886432648,
        "var": 8.0591506958
    },
    "barkbands_flatness_db": {
        "dmean": 0.0357719548047,
        "dmean2": 0.0501012094319,
        "dvar": 0.00103674212005,
        "dvar2": 0.00224919198081,
        "max": 0.396713316441,
        "mean": 0.221279129386,
        "median": 0.225000709295,
        "min": 0.0517403371632,
        "stdev": 0.0528601706028,
        "var": 0.00279419776052
    },
    "barkbands_kurtosis": {
        "dmean": 7.7453327179,
        "dmean2": 11.6209096909,
        "dvar": 124.160682678,
        "dvar2": 274.45791626,
        "max": 130.606170654,
        "mean": 15.3046703339,
        "median": 10.644452095,
        "min": -1.27168416977,
        "stdev": 16.6253833771,
        "var": 276.40335083
    },
    "barkbands_skewness": {
        "dmean": 0.785041213036,
        "dmean2": 1.13921511173,
        "dvar": 0.664978444576,
        "dvar2": 1.34706616402,
        "max": 9.46955108643,
        "mean": 2.89768862724,
        "median": 2.67269182205,
        "min": -0.513294816017,
        "stdev": 1.46318209171,
        "var": 2.14090180397
    },
    "barkbands_spread": {
        "dmean": 3.12760448456,
        "dmean2": 5.00872564316,
        "dvar": 22.7506046295,
        "dvar2": 57.5107917786,
        "max": 56.8193206787,
        "mean": 8.1038608551,
        "median": 6.86006784439,
        "min": 0.631967961788,
        "stdev": 5.53840970993,
        "var": 30.6739826202
    },
    "dissonance": {
        "dmean": 0.0419577769935,
        "dmean2": 0.0688127502799,
        "dvar": 0.00130664359313,
        "dvar2": 0.00343776866794,
        "max": 0.499999940395,
        "mean": 0.408139050007,
        "median": 0.414591252804,
        "min": 0.175450146198,
        "stdev": 0.0518748164177,
        "var": 0.00269099650905
    },
    "dynamic_complexity": 1.82767391205,
    "erbbands_crest": {
        "dmean": 2.72845435143,
        "dmean2": 4.13064289093,
        "dvar": 6.22163391113,
        "dvar2": 12.6180524826,
        "max": 29.8539733887,
        "mean": 11.6743049622,
        "median": 10.634469986,
        "min": 3.15288186073,
        "stdev": 4.71313428879,
        "var": 22.213634491
    },
    "erbbands_flatness_db": {
        "dmean": 0.028452442959,
        "dmean2": 0.0386257022619,
        "dvar": 0.000685616396368,
        "dvar2": 0.00125265528914,
        "max": 0.31076079607,
        "mean": 0.175973504782,
        "median": 0.176128834486,
        "min": 0.0732896402478,
        "stdev": 0.0435441881418,
        "var": 0.00189609627705
    },
    "erbbands_kurtosis": {
        "dmean": 1.91653645039,
        "dmean2": 3.00667858124,
        "dvar": 9.03876304626,
        "dvar2": 22.4617805481,
        "max": 33.8992271423,
        "mean": 2.90480804443,
        "median": 2.21016168594,
        "min": -1.73986697197,
        "stdev": 3.40798091888,
        "var": 11.6143331528
    },
    "erbbands_skewness": {
        "dmean": 0.472471833229,
        "dmean2": 0.706261277199,
        "dvar": 0.274525374174,
        "dvar2": 0.596502006054,
        "max": 4.87102985382,
        "mean": 0.948427677155,
        "median": 0.917062163353,
        "min": -1.16659581661,
        "stdev": 0.780930697918,
        "var": 0.609852790833
    },
    "erbbands_spread": {
        "dmean": 10.0838861465,
        "dmean2": 14.4111089706,
        "dvar": 124.309089661,
        "dvar2": 247.208099365,
        "max": 138.644683838,
        "mean": 31.1002159119,
        "median": 26.3389415741,
        "min": 5.05278348923,
        "stdev": 18.2238235474,
        "var": 332.107757568
    },
    "hfc": {
        "dmean": 4.1890130043,
        "dmean2": 6.52399730682,
        "dvar": 59.8838729858,
        "dvar2": 138.762313843,
        "max": 75.0091629028,
        "mean": 9.4166841507,
        "median": 6.89548540115,
        "min": 0.919126272202,
        "stdev": 8.49602222443,
        "var": 72.1823883057
    },
    "loudness_ebu128": {
        "integrated": -18.6259536743,
        "loudness_range": 1.57300376892,
        "momentary": {
            "dmean": 0.62523573637,
            "dmean2": 0.998947441578,
            "dvar": 0.41797631979,
            "dvar2": 1.04481160641,
            "max": -16.9553871155,
            "mean": -18.748418808,
            "median": -18.4801864624,
            "min": -22.5925769806,
            "stdev": 1.07199335098,
            "var": 1.14916968346
        },
        "short_term": {
            "dmean": 0.0824905708432,
            "dmean2": 0.124602943659,
            "dvar": 0.00525310030207,
            "dvar2": 0.0123473880813,
            "max": -17.7441825867,
            "mean": -18.599023819,
            "median": -18.4461479187,
            "min": -20.5377044678,
            "stdev": 0.614337563515,
            "var": 0.377410650253
        }
    },
    "melbands_crest": {
        "dmean": 2.3784995079,
        "dmean2": 3.53680562973,
        "dvar": 6.41887569427,
        "dvar2": 14.1002225876,
        "max": 29.5475635529,
        "mean": 17.3238105774,
        "median": 16.9444179535,
        "min": 5.79319763184,
        "stdev": 3.9002404213,
        "var": 15.2118749619
    },
    "melbands_flatness_db": {
        "dmean": 0.0384640805423,
        "dmean2": 0.0549973100424,
        "dvar": 0.00135670881718,
        "dvar2": 0.00303188804537,
        "max": 0.511879622936,
        "mean": 0.323079615831,
        "median": 0.328215926886,
        "min": 0.101909734309,
        "stdev": 0.0598132610321,
        "var": 0.00357762607746
    },
    "melbands_kurtosis": {
        "dmean": 15.4208850861,
        "dmean2": 23.404001236,
        "dvar": 620.132507324,
        "dvar2": 1411.29040527,
        "max": 379.991668701,
        "mean": 28.6125354767,
        "median": 17.3794441223,
        "min": -1.34868693352,
        "stdev": 35.6216392517,
        "var": 1268.90112305
    },
    "melbands_skewness": {
        "dmean": 0.973819434643,
        "dmean2": 1.4154548645,
        "dvar": 1.18304359913,
        "dvar2": 2.39549732208,
        "max": 16.0286846161,
        "mean": 3.59415459633,
        "median": 3.19213652611,
        "min": -0.204261779785,
        "stdev": 1.86743986607,
        "var": 3.4873316288
    },
    "melbands_spread": {
        "dmean": 2.48224258423,
        "dmean2": 3.97208070755,
        "dvar": 16.692609787,
        "dvar2": 44.1594200134,
        "max": 50.785900116,
        "mean": 7.12357568741,
        "median": 6.15229463577,
        "min": 0.611927986145,
        "stdev": 4.71377182007,
        "var": 22.2196426392
    },
    "pitch_salience": {
        "dmean": 0.0769342631102,
        "dmean2": 0.119591109455,
        "dvar": 0.00707169342786,
        "dvar2": 0.0154173523188,
        "max": 0.850039422512,
        "mean": 0.464378327131,
        "median": 0.458875089884,
        "min": 0.159301653504,
        "stdev": 0.113337308168,
        "var": 0.0128453457728
    },
    "silence_rate_20dB": {
        "dmean": 0,
        "dmean2": 0,
        "dvar": 0,
        "dvar2": 0,
        "max": 1,
        "mean": 1,
        "median": 1,
        "min": 1,
        "stdev": 0,
        "var": 0
    },
    "silence_rate_30dB": {
        "dmean": 0.0257997941226,
        "dmean2": 0.0516262277961,
        "dvar": 0.0251337960362,
        "dvar2": 0.0572205968201,
        "max": 1,
        "mean": 0.977307915688,
        "median": 1,
        "min": 0,
        "stdev": 0.148920208216,
        "var": 0.0221772305667
    },
    "silence_rate_60dB": {
        "dmean": 0.00103199179284,
        "dmean2": 0.00206504901871,
        "dvar": 0.00103092729114,
        "dvar2": 0.00206078658812,
        "max": 1,
        "mean": 0.00103145954199,
        "median": 0,
        "min": 0,
        "stdev": 0.0320997871459,
        "var": 0.00103039632086
    },
    "spectral_centroid": {
        "dmean": 132.343444824,
        "dmean2": 218.363174438,
        "dvar": 48755.484375,
        "dvar2": 127728.304688,
        "max": 2600.66333008,
        "mean": 462.609466553,
        "median": 402.708465576,
        "min": 153.604187012,
        "stdev": 244.730148315,
        "var": 59892.8476562
    },
    "spectral_complexity": {
        "dmean": 1.99122810364,
        "dmean2": 3.36757874489,
        "dvar": 9.36982154846,
        "dvar2": 23.8711242676,
        "max": 36,
        "mean": 9.84682846069,
        "median": 9,
        "min": 4,
        "stdev": 3.27582335472,
        "var": 10.7310190201
    },
    "spectral_decrease": {
        "dmean": 3.19422155393e-09,
        "dmean2": 5.08481345918e-09,
        "dvar": 3.09244615289e-17,
        "dvar2": 7.29766992884e-17,
        "max": -6.38434916045e-10,
        "mean": -8.71331895524e-09,
        "median": -6.55782272929e-09,
        "min": -5.16433615871e-08,
        "stdev": 7.09647896002e-09,
        "var": 5.03600163155e-17
    },
    "spectral_energy": {
        "dmean": 0.0123459780589,
        "dmean2": 0.0196622852236,
        "dvar": 0.000464005832328,
        "dvar2": 0.00109465408605,
        "max": 0.198293998837,
        "mean": 0.0337402373552,
        "median": 0.0254331342876,
        "min": 0.0024929670617,
        "stdev": 0.0273867323995,
        "var": 0.000750033126678
    },
    "spectral_energyband_high": {
        "dmean": 0.000188345453353,
        "dmean2": 0.000283734261757,
        "dvar": 1.25602596768e-07,
        "dvar2": 2.56161740708e-07,
        "max": 0.00618485081941,
        "mean": 0.000220711663133,
        "median": 7.73499268689e-05,
        "min": 4.4913522288e-06,
        "stdev": 0.000414004345657,
        "var": 1.7139960562e-07
    },
    "spectral_energyband_low": {
        "dmean": 0.00835987646133,
        "dmean2": 0.0127110602334,
        "dvar": 0.000217731256271,
        "dvar2": 0.000468442012789,
        "max": 0.160736739635,
        "mean": 0.0211091414094,
        "median": 0.0161329880357,
        "min": 0.000484124815557,
        "stdev": 0.0185944084078,
        "var": 0.000345751992427
    },
    "spectral_energyband_middle_high": {
        "dmean": 0.000558505184017,
        "dmean2": 0.000814782979432,
        "dvar": 7.24870517388e-07,
        "dvar2": 1.62398657721e-06,
        "max": 0.0123444693163,
        "mean": 0.00120661011897,
        "median": 0.000697486742865,
        "min": 1.45055309986e-05,
        "stdev": 0.00134264188819,
        "var": 1.80268716576e-06
    },
    "spectral_energyband_middle_low": {
        "dmean": 0.00876651145518,
        "dmean2": 0.0147909829393,
        "dvar": 0.000509421050083,
        "dvar2": 0.00125420966651,
        "max": 0.165857210755,
        "mean": 0.0144341513515,
        "median": 0.00935643259436,
        "min": 0.00152281834744,
        "stdev": 0.0204760357738,
        "var": 0.000419268064434
    },
    "spectral_entropy": {
        "dmean": 0.372305423021,
        "dmean2": 0.528310716152,
        "dvar": 0.126526519656,
        "dvar2": 0.271536588669,
        "max": 8.23686313629,
        "mean": 6.72339630127,
        "median": 6.62604904175,
        "min": 5.14558553696,
        "stdev": 0.551483273506,
        "var": 0.30413377285
    },
    "spectral_flux": {
        "dmean": 0.0312379393727,
        "dmean2": 0.0465326309204,
        "dvar": 0.00242500938475,
        "dvar2": 0.00413283566013,
        "max": 0.499541372061,
        "mean": 0.0750086680055,
        "median": 0.0428957268596,
        "min": 0.0147310988978,
        "stdev": 0.0763918757439,
        "var": 0.00583571847528
    },
    "spectral_kurtosis": {
        "dmean": 3.13341736794,
        "dmean2": 4.69329452515,
        "dvar": 13.8229217529,
        "dvar2": 29.5709838867,
        "max": 59.6521110535,
        "mean": 7.12287998199,
        "median": 6.26229000092,
        "min": -0.46875,
        "stdev": 5.08960342407,
        "var": 25.9040622711
    },
    "spectral_rms": {
        "dmean": 0.000906625005882,
        "dmean2": 0.00140072009526,
        "dvar": 1.76600804025e-06,
        "dvar2": 3.81588961318e-06,
        "max": 0.0139089021832,
        "mean": 0.00540693476796,
        "median": 0.00498124631122,
        "min": 0.00155953934882,
        "stdev": 0.00191894022282,
        "var": 3.68233168047e-06
    },
    "spectral_rolloff": {
        "dmean": 144.720932007,
        "dmean2": 244.434783936,
        "dvar": 96791.671875,
        "dvar2": 258950.25,
        "max": 4694.23828125,
        "mean": 450.898162842,
        "median": 409.130859375,
        "min": 107.666015625,
        "stdev": 318.806427002,
        "var": 101637.546875
    },
    "spectral_skewness": {
        "dmean": 0.434098482132,
        "dmean2": 0.622799754143,
        "dvar": 0.182790532708,
        "dvar2": 0.368523478508,
        "max": 6.42520332336,
        "mean": 2.26748251915,
        "median": 2.30069923401,
        "min": 0.629826784134,
        "stdev": 0.686122059822,
        "var": 0.470763474703
    },
    "spectral_spread": {
        "dmean": 1018006.3125,
        "dmean2": 1412036.5,
        "dvar": 1.20029170893e+12,
        "dvar2": 2.30638249574e+12,
        "max": 17126232,
        "mean": 4822536,
        "median": 4618270,
        "min": 1501138.625,
        "stdev": 1591895.25,
        "var": 2.5341305815e+12
    },
    "spectral_strongpeak": {
        "dmean": 0.233765542507,
        "dmean2": 0.40832054615,
        "dvar": 0.0698154196143,
        "dvar2": 0.163499012589,
        "max": 2.74852514267,
        "mean": 0.572340846062,
        "median": 0.52634626627,
        "min": 0.0763365998864,
        "stdev": 0.315697312355,
        "var": 0.0996647998691
    },
    "zerocrossingrate": {
        "dmean": 0.00662278663367,
        "dmean2": 0.00846135709435,
        "dvar": 4.45353907708e-05,
        "dvar2": 6.3259525632e-05,
        "max": 0.09326171875,
        "mean": 0.0241050776094,
        "median": 0.021484375,
        "min": 0.00341796875,
        "stdev": 0.0123984571546,
        "var": 0.000153721746756
    },
    "barkbands": {
        "dmean": [8.98808575585e-05, 0.00352007290348, 0.00567616336048, 0.00349663500674, 0.0046280673705, 0.00173728319351, 0.000893832824659, 0.000417792820372, 0.00051078631077, 0.000174199376488, 0.000234627252212, 3.72191534552e-05, 7.80886766734e-05, 4.66248093289e-05, 8.26982941362e-05, 5.10335194122e-05, 3.46834676748e-05, 2.66780298261e-05, 3.14866920235e-05, 2.57697374764e-05, 3.68284199794e-05, 3.78813092539e-05, 3.12662123179e-05, 3.18956263072e-05, 2.93903121928e-05, 2.35384577536e-05, 2.98748932437e-06],
        "dmean2": [0.000160381532623, 0.00507040135562, 0.00925126019865, 0.0061701615341, 0.0085090463981, 0.00323382439092, 0.00164260959718, 0.000621655141003, 0.000667010142934, 0.000222055270569, 0.000319238955854, 6.14348755335e-05, 0.00011864528642, 7.18654482625e-05, 0.000148104460095, 9.24368287087e-05, 5.96961072006e-05, 4.51333362435e-05, 5.05145799252e-05, 4.16509865317e-05, 5.74975128984e-05, 5.85879279242e-05, 4.87346114824e-05, 4.90913080284e-05, 4.50336992799e-05, 3.82439102395e-05, 4.95497351949e-06],
        "dvar": [2.83912182653e-08, 5.06803771714e-05, 0.000123567457194, 8.86414709385e-05, 0.0001871130371, 3.99438067689e-05, 8.55733378557e-06, 3.11863033176e-07, 5.80873972922e-07, 1.2777937286e-07, 2.24685237527e-07, 1.02997494977e-08, 3.45060797713e-08, 7.17788939397e-09, 8.39360865257e-08, 1.76872010371e-08, 1.18057021936e-08, 8.77933459265e-09, 1.33342608066e-08, 4.3551540152e-09, 6.43797903876e-09, 6.28561425131e-09, 4.15113188268e-09, 5.85925041818e-09, 4.08574551969e-09, 2.03582972702e-09, 3.88019547048e-11],
        "dvar2": [8.13109863884e-08, 0.000105753650132, 0.000312553136609, 0.00024805823341, 0.000523992057424, 0.00011566640751, 2.49244058068e-05, 6.25198595117e-07, 1.01014381926e-06, 2.01117259735e-07, 4.192521601e-07, 2.76894347451e-08, 9.02890278098e-08, 1.66982871974e-08, 2.38392431129e-07, 5.01921739726e-08, 2.6280975618e-08, 1.93693523443e-08, 2.75141225359e-08, 9.55316270534e-09, 1.46676679691e-08, 1.33541311342e-08, 9.61615498341e-09, 1.3600796045e-08, 8.24337842431e-09, 4.86399054367e-09, 9.46124151247e-11],
        "max": [0.0015609198017, 0.0510103479028, 0.127817928791, 0.0827779322863, 0.117843724787, 0.0565593466163, 0.0272906720638, 0.0105950515717, 0.0133329788223, 0.00811153370887, 0.0082571990788, 0.00164837192278, 0.00468533486128, 0.00130961695686, 0.00610294006765, 0.000916237011552, 0.00341826933436, 0.00229600979947, 0.00360471871682, 0.00146969768684, 0.00144686491694, 0.00157086434774, 0.000951795838773, 0.00111921480857, 0.00144077313598, 0.000446520774858, 0.000113735026389],
        "mean": [8.80194202182e-05, 0.00467307446525, 0.0133118731901, 0.00486872950569, 0.00447649182752, 0.00146627461072, 0.000971985748038, 0.00109273951966, 0.00117281638086, 0.000470604136353, 0.000494740612339, 4.38596543972e-05, 0.000113729096483, 6.72264359309e-05, 6.73980612191e-05, 4.04980528401e-05, 3.19000828313e-05, 2.34738145082e-05, 3.10668619932e-05, 2.5479517717e-05, 4.24148965976e-05, 4.4436295866e-05, 3.50311493094e-05, 3.38319150615e-05, 3.01554391626e-05, 1.98386624106e-05, 2.55183340414e-06],
        "median": [3.97043550038e-05, 0.00210138689727, 0.0113099738955, 0.00341278058477, 0.00197520549409, 0.000511843885761, 0.000448712846264, 0.000623616739176, 0.000544454320334, 0.000119625015941, 0.00011319211626, 1.38417653943e-05, 3.87850413972e-05, 2.19197263505e-05, 1.52368738782e-05, 1.08833201011e-05, 8.79010531207e-06, 3.52086408384e-06, 6.23632695351e-06, 5.62810191695e-06, 1.64818757185e-05, 1.57381964527e-05, 1.23093368529e-05, 9.67124560702e-06, 6.80442781231e-06, 2.38813117903e-06, 2.6001245601e-07],
        "min": [5.85041632917e-08, 5.6858671087e-06, 0.000207593635423, 5.81359709031e-05, 0.000106762323412, 8.09393895906e-06, 9.13185613172e-06, 4.79231857753e-06, 1.75720651896e-06, 1.78514937943e-06, 1.98530614171e-07, 2.47016345156e-07, 1.47763017821e-07, 4.88242761776e-08, 3.00985512069e-08, 1.42097853484e-08, 4.51581030347e-07, 4.78057771147e-08, 2.05589387292e-07, 1.83449362368e-08, 1.7962021559e-07, 5.60573880648e-07, 5.26390692812e-07, 1.04308021776e-07, 2.01244798603e-08, 1.12138812125e-10, 3.80529104321e-13],
        "stdev": [0.000148940322106, 0.00836645532399, 0.011309559457, 0.00762553606182, 0.0107406377792, 0.00471072411165, 0.00222152168863, 0.00133521994576, 0.00157058727928, 0.000900337006897, 0.000930787355173, 0.000105162580439, 0.000200100563234, 0.000115248156362, 0.000236169144046, 0.000104996252048, 0.000125574428239, 0.000101463141618, 0.000137887196615, 7.58120295359e-05, 8.50058277138e-05, 8.89010043466e-05, 6.82799509377e-05, 7.87722674431e-05, 7.66918019508e-05, 4.47377133241e-05, 7.02954912413e-06],
        "var": [2.21832188174e-08, 6.99975789757e-05, 0.000127906125272, 5.81488020543e-05, 0.000115361297503, 2.21909194806e-05, 4.93515881317e-06, 1.78281243279e-06, 2.46674449045e-06, 8.10606707091e-07, 8.66365098773e-07, 1.10591678038e-08, 4.0040237792e-08, 1.32821380561e-08, 5.57758639275e-08, 1.10242126539e-08, 1.57689381552e-08, 1.02947694813e-08, 1.90128801592e-08, 5.7474633941e-09, 7.22599091674e-09, 7.90338816614e-09, 4.6621515537e-09, 6.20506979132e-09, 5.88163251436e-09, 2.00146299534e-09, 4.941455925e-11]
    },
    "erbbands": {
        "dmean": [0.0498207844794, 0.990889549255, 5.52920246124, 9.21845817566, 13.2774343491, 17.8455467224, 13.3054828644, 16.0283260345, 15.3966636658, 11.8636903763, 5.34059000015, 14.3284015656, 6.17125654221, 3.16366815567, 9.09912490845, 1.82518672943, 3.83604860306, 2.43105792999, 2.93524646759, 4.56930017471, 2.1880300045, 1.99533772469, 1.4912084341, 1.58535063267, 1.48207688332, 1.16245937347, 1.32865536213, 1.47870492935, 1.3262065649, 1.18873107433, 0.881409347057, 0.653015613556, 0.543160498142, 0.374668329954, 0.186685577035, 0.10336663574, 0.036955293268, 0.0119723649696, 0.000307458685711, 1.91809158423e-05],
        "dmean2": [0.0761466249824, 1.43282604218, 8.82995986938, 15.7619686127, 24.311290741, 33.0464553833, 24.9324550629, 30.1463985443, 28.3167133331, 19.5624256134, 8.03514003754, 18.6262264252, 8.01899242401, 4.11399793625, 12.6499986649, 2.82362222672, 5.80483198166, 3.71301531792, 5.17962932587, 8.12952804565, 3.88370943069, 3.41449856758, 2.50918865204, 2.65940237045, 2.37295627594, 1.88349568844, 2.1089155674, 2.32906770706, 2.06020951271, 1.84390628338, 1.36868071556, 1.00162398815, 0.848685085773, 0.580109655857, 0.288385123014, 0.163898944855, 0.0604460015893, 0.0198381729424, 0.000513097620569, 3.06856782117e-05],
        "dvar": [0.00831689033657, 4.04204797745, 127.51675415, 400.509216309, 1642.09387207, 3073.77441406, 2261.30615234, 3601.76196289, 2905.63378906, 424.819519043, 41.1261825562, 457.129058838, 130.292724609, 80.6202316284, 293.192565918, 14.7053976059, 87.6717910767, 18.5901203156, 109.738960266, 153.3125, 31.7019824982, 46.908870697, 22.3841953278, 38.7125320435, 24.2055702209, 8.47769546509, 10.3121995926, 12.426774025, 11.1390342712, 4.30511713028, 3.24689722061, 2.58387494087, 1.93619024754, 0.704252243042, 0.234163850546, 0.0486816167831, 0.00543542904779, 0.000631858711131, 4.13618948869e-07, 1.01399533214e-09],
        "dvar2": [0.0202144850045, 8.19192790985, 306.979278564, 1107.84936523, 4697.96337891, 8737.67871094, 6554.40820312, 10488.5068359, 8506.17675781, 1153.15380859, 99.0820465088, 783.294921875, 207.693603516, 112.841880798, 587.897888184, 37.950630188, 230.496612549, 43.6325416565, 311.059448242, 434.567230225, 88.2924194336, 102.513114929, 47.1618690491, 89.7439346313, 52.7331619263, 18.0700626373, 25.1495265961, 26.9442005157, 25.4225234985, 9.78566837311, 7.32684993744, 6.07867765427, 4.46623468399, 1.52597773075, 0.46656653285, 0.104005143046, 0.0136062074453, 0.00159391632769, 1.04209084384e-06, 2.41175834859e-09],
        "max": [0.836369156837, 14.7103805542, 119.694869995, 209.112365723, 359.120605469, 421.913299561, 419.693237305, 555.400939941, 490.103607178, 201.565963745, 89.2554473877, 378.342437744, 248.781158447, 321.320648193, 361.862426758, 54.3921089172, 247.303329468, 72.2559051514, 248.718994141, 172.241790771, 43.9043960571, 227.402786255, 124.251502991, 178.1144104, 106.717964172, 65.5062255859, 44.5681800842, 77.0701675415, 76.2841491699, 26.0512561798, 27.0661582947, 26.9491500854, 22.9534034729, 13.976682663, 12.1241788864, 3.47122240067, 0.594546496868, 0.219529822469, 0.00878916867077, 0.000243189933826],
        "mean": [0.0772687196732, 1.44222068787, 11.8814172745, 18.8804836273, 13.8236169815, 16.2440719604, 10.9703502655, 13.2545289993, 15.9542560577, 23.7653388977, 15.4783115387, 33.6943359375, 18.5754928589, 7.4105386734, 18.9945602417, 2.89518713951, 5.77927064896, 3.60515451431, 2.54649877548, 4.09151887894, 1.8510966301, 1.74057221413, 1.33703351021, 1.5276209116, 1.47705554962, 1.17469871044, 1.53707325459, 1.61402738094, 1.56546187401, 1.32366263866, 0.987599611282, 0.722408413887, 0.573314487934, 0.376589179039, 0.191109538078, 0.0955132097006, 0.0300589539111, 0.00958595611155, 0.000259162246948, 4.33234017692e-05],
        "median": [0.040077611804, 0.748092353344, 9.72775840759, 12.5774259567, 7.08374118805, 6.57836771011, 3.65698504448, 4.61845254898, 7.14511394501, 13.866519928, 12.1091966629, 15.9839277267, 6.50318479538, 2.37961506844, 5.17361593246, 1.65666902065, 2.06109881401, 1.42279589176, 0.612084627151, 1.26723074913, 0.573050200939, 0.355152398348, 0.229862004519, 0.303625702858, 0.304967582226, 0.257287859917, 0.615515768528, 0.514360547066, 0.60391074419, 0.457653284073, 0.315322399139, 0.220863983035, 0.170224577188, 0.0840456485748, 0.0399125479162, 0.014122614637, 0.00258726673201, 0.000900331360754, 3.81058889616e-05, 3.04927052639e-05],
        "min": [0.000307848997181, 0.00701490137726, 0.254742115736, 0.34051027894, 0.176404625177, 0.321666389704, 0.210451245308, 0.143777862191, 0.243060797453, 0.327134609222, 0.194988459349, 0.150701329112, 0.136576220393, 0.0451931320131, 0.0329890996218, 0.0163811054081, 0.00829700753093, 0.00630672788247, 0.00421058293432, 0.0012236913899, 0.0079565057531, 0.0205973107368, 0.00589970732108, 0.00826569832861, 0.00828126631677, 0.00582743436098, 0.0118541242555, 0.00511686922982, 0.0262653455138, 0.0191097799689, 0.00981658510864, 0.00598521064967, 0.00154230394401, 0.00029641808942, 3.40523256455e-05, 1.72544914676e-05, 7.69235703046e-06, 9.39498818298e-07, 1.80443396403e-06, 2.92514232569e-06],
        "stdev": [0.10972674191, 2.37626314163, 11.5307655334, 19.1317653656, 31.1387081146, 42.5649223328, 35.5147972107, 44.2882003784, 40.2024536133, 28.2257671356, 12.8256788254, 44.2102737427, 32.6351356506, 15.4071960449, 32.4192733765, 4.30936288834, 10.0483560562, 5.72061824799, 9.24782085419, 10.0039405823, 4.59472513199, 7.93886375427, 5.34854841232, 6.94934272766, 5.73088645935, 3.40875482559, 3.21177124977, 3.80587339401, 3.50650930405, 2.27684235573, 1.93911194801, 1.63941657543, 1.42686915398, 0.918798923492, 0.600355863571, 0.242614433169, 0.0718595981598, 0.0237399730831, 0.000634193478618, 3.7870813685e-05],
        "var": [0.012039957568, 5.64662694931, 132.958557129, 366.02444458, 969.619140625, 1811.77258301, 1261.30090332, 1961.44470215, 1616.23730469, 796.693908691, 164.498031616, 1954.54821777, 1065.05212402, 237.381698608, 1051.00927734, 18.570608139, 100.969459534, 32.7254753113, 85.5221939087, 100.078834534, 21.111497879, 63.0255584717, 28.606967926, 48.2933616638, 32.8430595398, 11.6196088791, 10.3154745102, 14.4846725464, 12.2956075668, 5.18401145935, 3.76015520096, 2.68768668175, 2.03595542908, 0.844191491604, 0.360427170992, 0.0588617660105, 0.00516380183399, 0.000563586305361, 4.02201379757e-07, 1.43419864873e-09]
    },
    "gfcc": {
        "mean": [-43.1429862976, 123.651435852, -63.3384895325, 27.9613418579, -71.1755599976, 20.5938453674, -27.9132461548, 3.72072005272, -18.27917099, -2.77076363564, -25.0809192657, -11.5250787735, -16.4909477234],
        "cov": [[2183.1418457, -1075.04504395, 47.1510887146, 50.4101486206, 136.46987915, -79.8259735107, -288.553527832, 87.0049819946, -249.917297363, 196.581268311, -153.296112061, 231.575820923, -144.510772705], [-1075.04504395, 986.039855957, -150.775970459, -135.327301025, -3.26961636543, 69.4590988159, 225.934341431, -128.265075684, 205.460861206, -128.160263062, 122.780403137, -162.599365234, 159.169235229], [47.1510887146, -150.775970459, 462.168548584, 36.0873260498, -32.8223190308, 24.9215393066, 12.2245368958, 52.3279037476, -30.638835907, 21.6267375946, -16.8052444458, 66.9886856079, -38.6235618591], [50.4101486206, -135.327301025, 36.0873260498, 260.105163574, -5.89088964462, -26.1948852539, -11.4515581131, 43.8075485229, -3.24458765984, -1.5170378685, 14.4448041916, -5.76157331467, 10.2710618973], [136.46987915, -3.26961636543, -32.8223190308, -5.89088964462, 168.906616211, 8.66401195526, 18.7400627136, -12.3357915878, 8.40938282013, 34.0341796875, -9.74220466614, 2.12539339066, -17.8694210052], [-79.8259735107, 69.4590988159, 24.9215393066, -26.1948852539, 8.66401195526, 186.644042969, 66.7166366577, 18.0800685883, 23.9417381287, -14.0839109421, -1.32889246941, -17.6329669952, 30.3119697571], [-288.553527832, 225.934341431, 12.2245368958, -11.4515581131, 18.7400627136, 66.7166366577, 202.26651001, 6.59459733963, 31.4533176422, -56.7662734985, 31.4247951508, -10.1150093079, 40.7860107422], [87.0049819946, -128.265075684, 52.3279037476, 43.8075485229, -12.3357915878, 18.0800685883, 6.59459733963, 149.75793457, -13.1314125061, -10.0887546539, -45.1053504944, 6.29152536392, 3.94693303108], [-249.917297363, 205.460861206, -30.638835907, -3.24458765984, 8.40938282013, 23.9417381287, 31.4533176422, -13.1314125061, 149.442398071, 7.65649175644, 19.5350761414, -68.5176239014, 12.7575178146], [196.581268311, -128.160263062, 21.6267375946, -1.5170378685, 34.0341796875, -14.0839109421, -56.7662734985, -10.0887546539, 7.65649175644, 115.817642212, 5.8018693924, 1.67726480961, -57.5597724915], [-153.296112061, 122.780403137, -16.8052444458, 14.4448041916, -9.74220466614, -1.32889246941, 31.4247951508, -45.1053504944, 19.5350761414, 5.8018693924, 100.494270325, 11.4940834045, 6.95410442352], [231.575820923, -162.599365234, 66.9886856079, -5.76157331467, 2.12539339066, -17.6329669952, -10.1150093079, 6.29152536392, -68.5176239014, 1.67726480961, 11.4940834045, 137.700057983, 5.59078598022], [-144.510772705, 159.169235229, -38.6235618591, 10.2710618973, -17.8694210052, 30.3119697571, 40.7860107422, 3.94693303108, 12.7575178146, -57.5597724915, 6.95410442352, 5.59078598022, 124.940261841]],
        "icov": [[0.0013102455996, 0.00111205084249, 0.000301697727991, 0.000206686876481, -0.000833105528727, -8.03772345535e-05, 0.000367136643035, 0.000166600962984, 0.000332030816935, -0.000908622692805, 0.000660377496388, -0.000865088019054, -0.000500271678902], [0.00111205084249, 0.00828265212476, -0.000544717768207, 0.00444532092661, -0.00199224264361, 0.00169508741237, -0.00327080488205, 0.00288155674934, -0.00429303850979, 0.00377893680707, -0.0066779111512, 0.00690773455426, -0.00727697089314], [0.000301697727991, -0.000544717768207, 0.00291103334166, -0.0009357718518, 0.000878758204635, -0.000771711813286, -0.000202560491743, -0.000665600586217, 0.000307651236653, -0.00136431434657, 0.00179735315032, -0.00275548966601, 0.00178311078344], [0.000206686876481, 0.00444532092661, -0.0009357718518, 0.00702603533864, -0.00134365307167, 0.00188600493129, -0.00140800874215, -0.000254078040598, -0.00220842543058, 0.00267341174185, -0.00606303429231, 0.00539559032768, -0.00491990428418], [-0.000833105528727, -0.00199224264361, 0.000878758204635, -0.00134365307167, 0.00800215359777, -0.000531322089955, -0.00163826392964, 0.000454256107332, 0.000154377965373, -0.00322006829083, 0.00322425691411, -0.00200864509679, 0.00216158758849], [-8.03772345535e-05, 0.00169508741237, -0.000771711813286, 0.00188600493129, -0.000531322089955, 0.00708767911419, -0.00278528314084, -0.000182415053132, -0.00129302067216, 0.000305909023155, -0.00163638324011, 0.00293385889381, -0.00329384021461], [0.000367136643035, -0.00327080488205, -0.000202560491743, -0.00140800874215, -0.00163826392964, -0.00278528314084, 0.00971924886107, -0.00237102573738, 0.00139068404678, 0.00182706455234, 0.000244722468778, -0.00341462250799, 0.00282710068859], [0.000166600962984, 0.00288155674934, -0.000665600586217, -0.000254078040598, 0.000454256107332, -0.000182415053132, -0.00237102573738, 0.0101119540632, -0.00175079959445, 0.0013176498469, 0.00221307761967, 0.00179929693695, -0.00251726387069], [0.000332030816935, -0.00429303850979, 0.000307651236653, -0.00220842543058, 0.000154377965373, -0.00129302067216, 0.00139068404678, -0.00175079959445, 0.0127445207909, -0.00486610271037, 0.00250954460353, 0.000239338784013, 0.00237345159985], [-0.000908622692805, 0.00377893680707, -0.00136431434657, 0.00267341174185, -0.00322006829083, 0.000305909023155, 0.00182706455234, 0.0013176498469, -0.00486610271037, 0.0179089605808, -0.00763729540631, 0.00487506901845, 0.00127491052262], [0.000660377496388, -0.0066779111512, 0.00179735315032, -0.00606303429231, 0.00322425691411, -0.00163638324011, 0.000244722468778, 0.00221307761967, 0.00250954460353, -0.00763729540631, 0.0222852565348, -0.0112497797236, 0.00652191461995], [-0.000865088019054, 0.00690773455426, -0.00275548966601, 0.00539559032768, -0.00200864509679, 0.00293385889381, -0.00341462250799, 0.00179929693695, 0.000239338784013, 0.00487506901845, -0.0112497797236, 0.0198811236769, -0.00907938182354], [-0.000500271678902, -0.00727697089314, 0.00178311078344, -0.00491990428418, 0.00216158758849, -0.00329384021461, 0.00282710068859, -0.00251726387069, 0.00237345159985, 0.00127491052262, 0.00652191461995, -0.00907938182354, 0.0183046478778]]
    },
    "melbands": {
        "dmean": [0.000697317358572, 0.00214431947097, 0.00161978893448, 0.00106498971581, 0.000560732209124, 0.00035116210347, 0.000222130212933, 0.000123902937048, 5.35688413947e-05, 7.88628531154e-05, 3.02762691717e-05, 1.14540625873e-05, 3.34989999828e-05, 8.35541595734e-06, 7.59516433391e-06, 5.66526659895e-06, 4.92496428706e-06, 4.14321357312e-06, 6.64700110065e-06, 5.0049507081e-06, 2.10631787922e-06, 2.08745268537e-06, 1.72122167896e-06, 1.22685423776e-06, 1.31707622586e-06, 1.19310720947e-06, 9.59664248512e-07, 7.47469243834e-07, 8.14421412088e-07, 9.54260485742e-07, 8.20128946089e-07, 6.96172719472e-07, 8.74656848282e-07, 5.88962734582e-07, 4.8485918569e-07, 5.47580611965e-07, 3.35366024729e-07, 3.87066137364e-07, 3.60901992735e-07, 3.0460151379e-07],
        "dmean2": [0.00102818745654, 0.00324750458822, 0.00278620235622, 0.00194894766901, 0.0010498885531, 0.000657543656416, 0.000408679043176, 0.000196388093173, 7.48042366467e-05, 0.00010328173812, 3.94542694266e-05, 1.51248650582e-05, 4.58376925963e-05, 1.2363046153e-05, 1.1680956959e-05, 8.71236170497e-06, 7.50434628571e-06, 7.22943559595e-06, 1.18687175927e-05, 9.03093314264e-06, 3.72141130356e-06, 3.63396884495e-06, 2.85313194581e-06, 2.08831897908e-06, 2.22728567678e-06, 1.91246272152e-06, 1.55872965024e-06, 1.22749690945e-06, 1.3090406128e-06, 1.53851317464e-06, 1.29952695715e-06, 1.09972154405e-06, 1.36517871852e-06, 9.40067934607e-07, 7.70969563746e-07, 8.4388778987e-07, 5.24606321051e-07, 6.05759396421e-07, 5.76520108098e-07, 4.72251770134e-07],
        "dvar": [1.90150785784e-06, 1.70892453752e-05, 1.47366117744e-05, 9.69221036939e-06, 3.80065398531e-06, 1.6988826701e-06, 5.99813745339e-07, 3.56997240658e-08, 4.40567227145e-09, 1.38178579689e-08, 3.30394045456e-09, 1.38003330985e-09, 4.51709247784e-09, 3.7695158106e-10, 2.31712093957e-10, 2.59130411573e-10, 7.75274636156e-11, 1.98546651342e-10, 5.51341305943e-10, 1.39718306369e-10, 3.01708276418e-11, 5.00624160182e-11, 4.1487348279e-11, 1.68613751433e-11, 2.97912770841e-11, 1.914855427e-11, 7.97356018017e-12, 3.55861607543e-12, 4.04758865313e-12, 4.57309494092e-12, 4.3924620885e-12, 4.52404867041e-12, 2.70078143877e-12, 1.29743438215e-12, 9.60358420392e-13, 1.80698338237e-12, 7.51058612004e-13, 1.04330292235e-12, 7.87695700766e-13, 5.04020761759e-13],
        "dvar2": [4.11820383306e-06, 3.82183898182e-05, 4.07886436733e-05, 2.70505843218e-05, 1.09863567559e-05, 4.94384630656e-06, 1.75493914867e-06, 9.02578847217e-08, 9.13292907967e-09, 2.42721487353e-08, 5.24560261894e-09, 1.92835369894e-09, 8.42558733893e-09, 8.62662608014e-10, 5.64566504657e-10, 7.12617687082e-10, 1.78071848933e-10, 5.62560942274e-10, 1.5410568377e-09, 3.98292399062e-10, 8.3086343361e-11, 1.15479820151e-10, 7.81949227591e-11, 4.18287314508e-11, 7.08215916467e-11, 4.00635392916e-11, 1.86944001945e-11, 7.98821685882e-12, 1.00639453368e-11, 1.11095568509e-11, 9.39490239077e-12, 1.07526305568e-11, 6.09034350729e-12, 3.09129848455e-12, 2.2457515448e-12, 4.07838736741e-12, 1.80188969214e-12, 2.43644167341e-12, 1.74204704481e-12, 1.11350414566e-12],
        "max": [0.0103583764285, 0.0426953546703, 0.0366458371282, 0.0274297147989, 0.0158109627664, 0.0119785126299, 0.00709164468572, 0.00250513572246, 0.00114592909813, 0.00206156889908, 0.00123112346046, 0.00125283806119, 0.00112397782505, 0.000438394024968, 0.000293912569759, 0.000442453019787, 0.000160469106049, 0.000330600421876, 0.00048349017743, 7.66958182794e-05, 4.67926111014e-05, 0.00021605429356, 0.000241970221396, 7.96214590082e-05, 0.000163903270732, 0.000110240755021, 6.94845439284e-05, 3.68477776647e-05, 2.45517476287e-05, 2.83416920865e-05, 4.77856810903e-05, 5.46657975065e-05, 2.40646713792e-05, 1.58707516675e-05, 1.48090803123e-05, 2.45053815888e-05, 1.35644104375e-05, 1.38702389449e-05, 1.7601354557e-05, 8.61794796947e-06],
        "mean": [0.000988902756944, 0.00475873751566, 0.00310048600659, 0.00105952494778, 0.000473993102787, 0.000296761776553, 0.0002300212509, 0.00027314919862, 0.000149644911289, 0.000184027798241, 8.45437680255e-05, 2.42515525315e-05, 7.11925895303e-05, 1.35681530082e-05, 1.08353442556e-05, 8.02278736955e-06, 7.25568679627e-06, 3.76104435418e-06, 5.25390441908e-06, 4.45498835688e-06, 1.76029675458e-06, 1.81208451977e-06, 1.50396135723e-06, 1.0707437923e-06, 1.25479004964e-06, 1.16434978281e-06, 9.52909999796e-07, 7.17490195257e-07, 8.71446616202e-07, 1.09531515591e-06, 8.57225074924e-07, 8.08349625459e-07, 9.79039555205e-07, 6.42038799015e-07, 5.11499763434e-07, 6.4737247385e-07, 3.42841104839e-07, 4.05157010164e-07, 3.68953720908e-07, 3.00052590774e-07],
        "median": [0.000435259717051, 0.00372285628691, 0.00220756977797, 0.000470647675684, 0.000162402517162, 0.000105850529508, 0.000102023412182, 0.000151535117766, 0.000109050699393, 9.07100402401e-05, 2.03668332688e-05, 6.48540299153e-06, 1.54589088197e-05, 4.04603724746e-06, 3.71145461031e-06, 2.77401682069e-06, 2.26362203648e-06, 8.5411869577e-07, 1.15982004445e-06, 1.5384098333e-06, 4.6165868639e-07, 3.79529524253e-07, 2.74997802308e-07, 1.79008651457e-07, 2.43147297851e-07, 2.17680934611e-07, 2.16512859197e-07, 1.42126935998e-07, 2.97126547366e-07, 5.00739474774e-07, 2.09597160961e-07, 2.89607754667e-07, 3.44300303823e-07, 2.075060479e-07, 1.45854585298e-07, 2.28463036933e-07, 8.13237690522e-08, 1.16564962127e-07, 9.46094331766e-08, 6.0746025099e-08],
        "min": [1.99139412871e-06, 0.000115410919534, 9.98372997856e-05, 3.70960297005e-05, 3.27335487782e-06, 2.41486964114e-06, 2.71742578661e-06, 2.03634272111e-06, 1.16305682241e-06, 3.14702788273e-07, 2.92506285859e-07, 1.09961597161e-07, 2.7283894255e-08, 3.02497724647e-08, 8.42068015316e-09, 1.11561506699e-08, 6.32392627153e-09, 2.27415308807e-09, 9.90793447286e-10, 7.21087578537e-10, 1.00175656659e-09, 2.49314187073e-08, 1.35111832833e-09, 1.25870736056e-09, 5.24576249106e-09, 7.7289916689e-09, 9.3381569144e-10, 1.52976048495e-10, 9.26154797298e-09, 2.46844189533e-09, 7.57372331517e-10, 1.16646425852e-08, 3.71276431821e-09, 1.00671453396e-08, 3.40446426605e-09, 6.85528211974e-09, 1.22738541553e-09, 9.97987872897e-11, 2.76883321826e-10, 1.81056463767e-13],
        "stdev": [0.00164905178826, 0.00464918790385, 0.00341200153343, 0.00245803594589, 0.00146262010094, 0.000964045641012, 0.000579085957725, 0.000327283079969, 0.000138452436659, 0.000240119348746, 0.000162965370691, 6.07615947956e-05, 0.000135555892484, 2.6387266189e-05, 1.81795785466e-05, 1.54484296218e-05, 1.22584842757e-05, 1.31242941279e-05, 1.89274924196e-05, 9.49593049882e-06, 4.55328745375e-06, 7.88466877566e-06, 7.75286025601e-06, 4.08437381338e-06, 5.95407163928e-06, 5.18846582054e-06, 3.20416347677e-06, 2.08494293474e-06, 1.97642043531e-06, 2.12865825233e-06, 2.26935753744e-06, 2.13669795812e-06, 1.76947617092e-06, 1.18812624805e-06, 1.03693810161e-06, 1.40031079354e-06, 8.66358220719e-07, 1.03104525806e-06, 9.49646505433e-07, 7.60954662837e-07],
        "var": [2.71937165053e-06, 2.16149492189e-05, 1.16417540994e-05, 6.04194110565e-06, 2.13925750359e-06, 9.29383986659e-07, 3.35340530455e-07, 1.0711421794e-07, 1.9169075216e-08, 5.76572993793e-08, 2.65577124736e-08, 3.69197139527e-09, 1.83754007566e-08, 6.96287805191e-10, 3.30497046397e-10, 2.38653985463e-10, 1.50270434984e-10, 1.7224709159e-10, 3.58249985233e-10, 9.01726956992e-11, 2.07324279272e-11, 6.21680068535e-11, 6.01068431139e-11, 1.66821088193e-11, 3.54509685496e-11, 2.69201761577e-11, 1.02666642549e-11, 4.34698717994e-12, 3.90623818014e-12, 4.53118619015e-12, 5.14998330439e-12, 4.56547820382e-12, 3.13104576988e-12, 1.41164402216e-12, 1.07524069943e-12, 1.96087026824e-12, 7.50576521508e-13, 1.06305426701e-12, 9.01828470842e-13, 5.79051997324e-13]
    },
    "melbands128": {
