{
"lowlevel": {
    "average_loudness": 0.968633651733,
    "barkbands_crest": {
        "dmean": 2.30301690102,
        "dmean2": 3.72233390808,
        "dvar": 4.5444316864,
        "dvar2": 11.1724748611,
        "max": 24.2017650604,
        "mean": 10.1745967865,
        "median": 9.92029953003,
        "min": 1.98539662361,
        "stdev": 3.51512360573,
        "var": 12.3560934067
    },
    "barkbands_flatness_db": {
        "dmean": 0.0296250488609,
        "dmean2": 0.0490963160992,
        "dvar": 0.000972298556007,
        "dvar2": 0.00246518640779,
        "max": 0.348767012358,
        "mean": 0.141005411744,
        "median": 0.137897670269,
        "min": 0.0265195611864,
        "stdev": 0.0463423915207,
        "var": 0.00214761728421
    },
    "barkbands_kurtosis": {
        "dmean": 1.85881078243,
        "dmean2": 3.16124296188,
        "dvar": 6.02138853073,
        "dvar2": 16.382648468,
        "max": 34.9172554016,
        "mean": 3.42549443245,
        "median": 2.7091012001,
        "min": -1.62025213242,
        "stdev": 3.55919837952,
        "var": 12.6678924561
    },
    "barkbands_skewness": {
        "dmean": 0.423879116774,
        "dmean2": 0.692692995071,
        "dvar": 0.194114625454,
        "dvar2": 0.497798532248,
        "max": 5.19135141373,
        "mean": 1.42486393452,
        "median": 1.45497763157,
        "min": -1.20483446121,
        "stdev": 0.802925884724,
        "var": 0.644689977169
    },
    "barkbands_spread": {
        "dmean": 4.74625635147,
        "dmean2": 8.06157684326,
        "dvar": 31.8411636353,
        "dvar2": 88.4891815186,
        "max": 74.0230331421,
        "mean": 17.1606693268,
        "median": 15.5688514709,
        "min": 3.02040266991,
        "stdev": 8.25912761688,
        "var": 68.2131881714
    },
    "dissonance": {
        "dmean": 0.028870543465,
        "dmean2": 0.0476923249662,
        "dvar": 0.000683205784298,
        "dvar2": 0.00175313092768,
        "max": 0.500000119209,
        "mean": 0.442082554102,
        "median": 0.44751906395,
        "min": 0.276635944843,
        "stdev": 0.0380695462227,
        "var": 0.00144929031376
    },
    "dynamic_complexity": 2.39226102829,
    "erbbands_crest": {
        "dmean": 2.3874733448,
        "dmean2": 3.79756975174,
        "dvar": 4.93661165237,
        "dvar2": 10.6697750092,
        "max": 26.3223571777,
        "mean": 9.79772281647,
        "median": 9.4055929184,
        "min": 2.25030946732,
        "stdev": 4.32429885864,
        "var": 18.6995601654
    },
    "erbbands_flatness_db": {
        "dmean": 0.0226675588638,
        "dmean2": 0.0333865173161,
        "dvar": 0.000599040475208,
        "dvar2": 0.0012122860644,
        "max": 0.342420190573,
        "mean": 0.163301110268,
        "median": 0.152624040842,
        "min": 0.0789462476969,
        "stdev": 0.0444014891982,
        "var": 0.00197149207816
    },
    "erbbands_kurtosis": {
        "dmean": 0.908344209194,
        "dmean2": 1.44517886639,
        "dvar": 0.891797482967,
        "dvar2": 1.97021520138,
        "max": 9.0904083252,
        "mean": 1.15347325802,
        "median": 0.737776756287,
        "min": -1.15650558472,
        "stdev": 1.55634939671,
        "var": 2.42222332954
    },
    "erbbands_skewness": {
        "dmean": 0.291317820549,
        "dmean2": 0.473042070866,
        "dvar": 0.0765901058912,
        "dvar2": 0.176441907883,
        "max": 2.7232966423,
        "mean": 0.705374956131,
        "median": 0.663659095764,
        "min": -1.16397130489,
        "stdev": 0.588097751141,
        "var": 0.345858991146
    },
    "erbbands_spread": {
        "dmean": 6.57926130295,
        "dmean2": 10.3664331436,
        "dvar": 42.5034713745,
        "dvar2": 96.0760726929,
        "max": 75.917755127,
        "mean": 29.8332023621,
        "median": 28.4282035828,
        "min": 7.69127225876,
        "stdev": 10.5043764114,
        "var": 110.341926575
    },
    "hfc": {
        "dmean": 6.80854225159,
        "dmean2": 10.2439184189,
        "dvar": 108.583892822,
        "dvar2": 252.486099243,
        "max": 80.9953536987,
        "mean": 16.2478237152,
        "median": 12.1650066376,
        "min": 0.119832493365,
        "stdev": 12.5836782455,
        "var": 158.348953247
    },
    "loudness_ebu128": {
        "integrated": -21.5848712921,
        "loudness_range": 1.87705039978,
        "momentary": {
            "dmean": 0.73516780138,
            "dmean2": 1.09686470032,
            "dvar": 0.721026420593,
            "dvar2": 1.321590662,
            "max": -19.0148410797,
            "mean": -21.8644981384,
            "median": -21.3292579651,
            "min": -32.6182785034,
            "stdev": 1.74927985668,
            "var": 3.05997991562
        },
        "short_term": {
            "dmean": 0.101984545588,
            "dmean2": 0.129803717136,
            "dvar": 0.00730341114104,
            "dvar2": 0.0147389117628,
            "max": -20.7692012787,
            "mean": -21.7109165192,
            "median": -21.4613494873,
            "min": -24.5801029205,
            "stdev": 0.767363250256,
            "var": 0.588846385479
        }
    },
    "melbands_crest": {
        "dmean": 3.12913370132,
        "dmean2": 5.00790929794,
        "dvar": 8.74560260773,
        "dvar2": 21.6077289581,
        "max": 28.2812824249,
        "mean": 13.8599901199,
        "median": 13.5571775436,
        "min": 1.97581732273,
        "stdev": 4.56173610687,
        "var": 20.8094348907
    },
    "melbands_flatness_db": {
        "dmean": 0.0309149120003,
        "dmean2": 0.051161903888,
        "dvar": 0.000973447458819,
        "dvar2": 0.00259419111535,
        "max": 0.36981767416,
        "mean": 0.192366346717,
        "median": 0.198936238885,
        "min": 0.0121633121744,
        "stdev": 0.0509577542543,
        "var": 0.00259669264778
    },
    "melbands_kurtosis": {
        "dmean": 3.46877145767,
        "dmean2": 5.59978675842,
        "dvar": 19.7989597321,
        "dvar2": 50.3813285828,
        "max": 86.0144424438,
        "mean": 7.46869945526,
        "median": 5.95985221863,
        "min": -1.23154592514,
        "stdev": 6.78564977646,
        "var": 46.0450439453
    },
    "melbands_skewness": {
        "dmean": 0.556533455849,
        "dmean2": 0.847483992577,
        "dvar": 0.302846848965,
        "dvar2": 0.710135102272,
        "max": 7.37568092346,
        "mean": 1.95356810093,
        "median": 1.89281582832,
        "min": -0.427387326956,
        "stdev": 0.970304191113,
        "var": 0.941490232944
    },
    "melbands_spread": {
        "dmean": 6.00801944733,
        "dmean2": 10.2652721405,
        "dvar": 81.3418426514,
        "dvar2": 237.04045105,
        "max": 130.982788086,
        "mean": 20.7930183411,
        "median": 17.1968708038,
        "min": 2.31940078735,
        "stdev": 14.992480278,
        "var": 224.774459839
    },
    "pitch_salience": {
        "dmean": 0.0741910859942,
        "dmean2": 0.114458851516,
        "dvar": 0.00466707907617,
        "dvar2": 0.010991929099,
        "max": 0.877319335938,
        "mean": 0.58475536108,
        "median": 0.591137766838,
        "min": 0.223086237907,
        "stdev": 0.120077125728,
        "var": 0.0144185153767
    },
    "silence_rate_20dB": {
        "dmean": 0,
        "dmean2": 0,
        "dvar": 0,
        "dvar2": 0,
        "max": 1,
        "mean": 1,
        "median": 1,
        "min": 1,
        "stdev": 0,
        "var": 0
    },
    "silence_rate_30dB": {
        "dmean": 0.0732714161277,
        "dmean2": 0.146618485451,
        "dvar": 0.067903675139,
        "dvar2": 0.171583145857,
        "max": 1,
        "mean": 0.949974238873,
        "median": 1,
        "min": 0,
        "stdev": 0.217997863889,
        "var": 0.0475230664015
    },
    "silence_rate_60dB": {
        "dmean": 0.0113519094884,
        "dmean2": 0.0227155387402,
        "dvar": 0.0112231299281,
        "dvar2": 0.0232320614159,
        "max": 1,
        "mean": 0.0448684878647,
        "median": 0,
        "min": 0,
        "stdev": 0.207015872002,
        "var": 0.0428555682302
    },
    "spectral_centroid": {
        "dmean": 233.402496338,
        "dmean2": 396.693237305,
        "dvar": 79628.84375,
        "dvar2": 218820.234375,
        "max": 3656.40429688,
        "mean": 1147.29870605,
        "median": 1008.612854,
        "min": 303.787963867,
        "stdev": 543.9453125,
        "var": 295876.53125
    },
    "spectral_complexity": {
        "dmean": 4.86945295334,
        "dmean2": 7.44346904755,
        "dvar": 32.356098175,
        "dvar2": 66.7094039917,
        "max": 45,
        "mean": 15.7178955078,
        "median": 14,
        "min": 0,
        "stdev": 8.92049407959,
        "var": 79.5752182007
    },
    "spectral_decrease": {
        "dmean": 4.97522467668e-09,
        "dmean2": 7.85585552165e-09,
        "dvar": 7.30951912568e-17,
        "dvar2": 1.66942689721e-16,
        "max": -4.43796145666e-11,
        "mean": -8.52388737371e-09,
        "median": -5.26874233131e-09,
        "min": -6.52419629432e-08,
        "stdev": 9.6679348971e-09,
        "var": 9.34689673813e-17
    },
    "spectral_energy": {
        "dmean": 0.0192937459797,
        "dmean2": 0.0303628183901,
        "dvar": 0.00109117641114,
        "dvar2": 0.00248371250927,
        "max": 0.253584712744,
        "mean": 0.0336449071765,
        "median": 0.0206942856312,
        "min": 0.000178368296474,
        "stdev": 0.0374866239727,
        "var": 0.00140524702147
    },
    "spectral_energyband_high": {
        "dmean": 0.000321745319525,
        "dmean2": 0.000526636198629,
        "dvar": 2.4888007033e-07,
        "dvar2": 6.19568140792e-07,
        "max": 0.00361150247045,
        "mean": 0.000498240988236,
        "median": 0.000268714531558,
        "min": 1.86134798241e-06,
        "stdev": 0.000559053441975,
        "var": 3.12540748837e-07
    },
    "spectral_energyband_low": {
        "dmean": 0.0097495354712,
        "dmean2": 0.0150825185701,
        "dvar": 0.000250461569522,
        "dvar2": 0.000598365848418,
        "max": 0.140878543258,
        "mean": 0.0134921083227,
        "median": 0.0051801726222,
        "min": 1.19447093994e-07,
        "stdev": 0.0187160633504,
        "var": 0.000350290996721
    },
    "spectral_energyband_middle_high": {
        "dmean": 0.00184488634113,
        "dmean2": 0.00291134114377,
        "dvar": 8.1980442701e-06,
        "dvar2": 1.99211990548e-05,
        "max": 0.0290186163038,
        "mean": 0.00467822281644,
        "median": 0.00365504296497,
        "min": 4.97410146636e-05,
        "stdev": 0.00376008148305,
        "var": 1.41382124639e-05
    },
    "spectral_energyband_middle_low": {
        "dmean": 0.00900931190699,
        "dmean2": 0.0152707723901,
        "dvar": 0.000264226138825,
        "dvar2": 0.00066964153666,
        "max": 0.138243332505,
        "mean": 0.0138461906463,
        "median": 0.0093647884205,
        "min": 3.1891035178e-05,
        "stdev": 0.0157570056617,
        "var": 0.000248283235123
    },
    "spectral_entropy": {
        "dmean": 0.305597037077,
        "dmean2": 0.494963973761,
        "dvar": 0.0826223790646,
        "dvar2": 0.20644672215,
        "max": 8.51628303528,
        "mean": 7.43166065216,
        "median": 7.46177625656,
        "min": 6.01704740524,
        "stdev": 0.449574261904,
        "var": 0.202117025852
    },
    "spectral_flux": {
        "dmean": 0.0484848320484,
        "dmean2": 0.0768525451422,
        "dvar": 0.00359304738231,
        "dvar2": 0.00721590733156,
        "max": 0.39768114686,
        "mean": 0.0964179635048,
        "median": 0.067528642714,
        "min": 0.00248862081207,
        "stdev": 0.0782562941313,
        "var": 0.00612404756248
    },
    "spectral_kurtosis": {
        "dmean": 1.26608288288,
        "dmean2": 2.12559628487,
        "dvar": 1.25537192822,
        "dvar2": 3.29129600525,
        "max": 14.3240604401,
        "mean": 4.06280660629,
        "median": 3.88618183136,
        "min": 1.23378896713,
        "stdev": 1.53362345695,
        "var": 2.35200095177
    },
    "spectral_rms": {
        "dmean": 0.00137900665868,
        "dmean2": 0.00207005441189,
        "dvar": 3.66814538211e-06,
        "dvar2": 7.75946045906e-06,
        "max": 0.0157289449126,
        "mean": 0.00508716190234,
        "median": 0.0044932779856,
        "min": 0.000417154486058,
        "stdev": 0.00263534463011,
        "var": 6.94504160492e-06
    },
    "spectral_rolloff": {
        "dmean": 368.231445312,
        "dmean2": 656.557189941,
        "dvar": 531983.5625,
        "dvar2": 1621610.25,
        "max": 8484.08203125,
        "mean": 1174.47265625,
        "median": 882.861328125,
        "min": 21.533203125,
        "stdev": 1084.80895996,
        "var": 1176810.375
    },
    "spectral_skewness": {
        "dmean": 0.212969884276,
        "dmean2": 0.347154408693,
        "dvar": 0.0329969339073,
        "dvar2": 0.0863024145365,
        "max": 3.08006691933,
        "mean": 1.63338708878,
        "median": 1.64355885983,
        "min": 0.782326102257,
        "stdev": 0.283185392618,
        "var": 0.0801939591765
    },
    "spectral_spread": {
        "dmean": 470168.46875,
        "dmean2": 761484.9375,
        "dvar": 189769220096,
        "dvar2": 512882769920,
        "max": 9720365,
        "mean": 4658936.5,
        "median": 4593461.5,
        "min": 2344409.5,
        "stdev": 559238.8125,
        "var": 312748015616
    },
    "spectral_strongpeak": {
        "dmean": 0.48822876811,
        "dmean2": 0.855590343475,
        "dvar": 0.484916776419,
        "dvar2": 1.11319458485,
        "max": 6.75350284576,
        "mean": 0.936587512493,
        "median": 0.625578284264,
        "min": 0,
        "stdev": 0.964580833912,
        "var": 0.930416166782
    },
    "zerocrossingrate": {
        "dmean": 0.00915590301156,
        "dmean2": 0.0122309792787,
        "dvar": 0.000102582293039,
        "dvar2": 0.000184576041647,
        "max": 0.20263671875,
        "mean": 0.0440319404006,
        "median": 0.037109375,
        "min": 0.0048828125,
        "stdev": 0.0289649683982,
        "var": 0.000838969426695
    },
    "barkbands": {
        "dmean": [0.00419747876003, 0.00420189090073, 0.00338473916054, 0.00388289941475, 0.00340813095681, 0.00121570937335, 0.00142099824734, 0.000754055043217, 0.000927455141209, 0.000485985859996, 0.000485020544147, 0.000377239193767, 0.000383583072107, 0.00026328250533, 0.000246677314863, 0.000176424684469, 0.000130679967697, 0.000112768408144, 8.95223784028e-05, 7.87206736277e-05, 9.20301463339e-05, 6.87702849973e-05, 5.61077940802e-05, 5.05661555508e-05, 3.4520522604e-05, 9.68304630078e-06, 2.04005075943e-07],
        "dmean2": [0.00699678761885, 0.00642008939758, 0.00521109206602, 0.00697994371876, 0.00615654652938, 0.00194304739125, 0.0024862694554, 0.0012784153223, 0.00148588372394, 0.000786344520748, 0.000791494792793, 0.000602487649303, 0.000621988263447, 0.000439066730905, 0.00039546348853, 0.000291657808702, 0.000214863350266, 0.000188895734027, 0.000148879858898, 0.000132581655635, 0.000155794186867, 0.000111930057756, 9.3789290986e-05, 8.47991177579e-05, 5.93712102273e-05, 1.67128036992e-05, 3.59275418305e-07],
        "dvar": [0.000152354041347, 5.53782847419e-05, 5.12063888891e-05, 9.20751917874e-05, 4.3158626795e-05, 3.99430655307e-06, 7.1993763413e-06, 1.83313022717e-06, 1.7747278207e-06, 7.29763939944e-07, 7.53885501581e-07, 4.38956789139e-07, 3.87234905475e-07, 1.96133186137e-07, 1.8707666527e-07, 7.8741017262e-08, 4.72400323304e-08, 2.66727671061e-08, 1.84233481804e-08, 1.2060136001e-08, 1.91180742348e-08, 1.05037276654e-08, 8.90833540268e-09, 6.44850928211e-09, 3.18817394707e-09, 2.62978444576e-10, 1.39180848921e-13],
        "dvar2": [0.000350663729478, 0.000130317959702, 0.000119774937048, 0.00024800063693, 0.000119711257867, 8.81500454852e-06, 1.99146725208e-05, 4.77992762171e-06, 4.59986131318e-06, 1.8336188532e-06, 1.81702807822e-06, 1.02292483461e-06, 9.3319545158e-07, 5.06214234974e-07, 4.67021806116e-07, 1.90306380432e-07, 1.08208524807e-07, 6.73359608072e-08, 4.57311806201e-08, 3.0989628641e-08, 4.91950089554e-08, 2.4819227562e-08, 2.31618493274e-08, 1.60285633655e-08, 8.03199107224e-09, 6.62723931288e-10, 3.6558706366e-13],
        "max": [0.151863619685, 0.131208345294, 0.0870849937201, 0.0741544440389, 0.0488378442824, 0.0335182845592, 0.0288787297904, 0.0167944002897, 0.0177735127509, 0.0118364412338, 0.0120510011911, 0.010425824672, 0.00891929678619, 0.00596906198189, 0.0065154125914, 0.00323825702071, 0.00274816714227, 0.00138604606036, 0.00174370536115, 0.000950172019657, 0.00125848292373, 0.000756358669605, 0.00100989581551, 0.000510115351062, 0.00038269822835, 9.78677853709e-05, 4.86242333864e-06],
        "mean": [0.00391797488555, 0.00614477973431, 0.00460955966264, 0.00285216071643, 0.00353914964944, 0.0018938469002, 0.0020244482439, 0.00107530201785, 0.00233120378107, 0.000800024659839, 0.000916480727028, 0.00066038715886, 0.000701608194504, 0.000412530469475, 0.000410262204241, 0.000286307942588, 0.000190333841601, 0.000172012645635, 0.000145142956171, 0.000124607919133, 0.000135463269544, 0.00010566846322, 7.93987346697e-05, 6.4011393988e-05, 3.99669952458e-05, 1.20499189507e-05, 1.99393582534e-07],
        "median": [0.000147565151565, 0.00162743264809, 0.000846313603688, 0.000313277065288, 0.00176420435309, 0.000897602294572, 0.000843995425384, 0.00042608359945, 0.00162636907771, 0.000264270987827, 0.000339755468303, 0.000278128485661, 0.000278558174614, 0.000213322753552, 0.000197333632968, 0.000150380059495, 9.97597380774e-05, 0.000105779254227, 7.88179968367e-05, 8.14286031527e-05, 7.15698188287e-05, 5.80215237278e-05, 4.31842963735e-05, 3.18364000123e-05, 1.81457799044e-05, 6.20307582722e-06, 8.81373196648e-08],
        "min": [8.0954034587e-09, 2.04340899757e-08, 3.05608138795e-09, 3.70786423787e-09, 1.66439306781e-08, 1.74824663191e-07, 1.54980881462e-07, 2.08548513569e-07, 1.6490682242e-07, 1.2345266498e-07, 1.6464812802e-07, 1.0663754324e-07, 6.94724803907e-07, 2.82927629769e-07, 1.60865880616e-07, 4.66095485763e-07, 4.10060351896e-07, 4.0619710262e-07, 6.17870796304e-07, 6.03762430273e-07, 4.35291241274e-07, 3.01024243754e-07, 3.16741278539e-07, 1.68533077272e-07, 1.43746149206e-07, 2.1725915289e-08, 3.24655992194e-13],
        "stdev": [0.0123265041038, 0.00967206340283, 0.00922510121018, 0.00786570552737, 0.00574950268492, 0.00272793602198, 0.00278816442005, 0.00167128932662, 0.0022777330596, 0.0013146053534, 0.00141764699947, 0.00101349037141, 0.00110901275184, 0.0005700038746, 0.000667655374855, 0.000370761670638, 0.000271629280178, 0.000188255537068, 0.000181633804459, 0.00012268628052, 0.000157751492225, 0.00012452158262, 9.64770151768e-05, 8.1899255747e-05, 5.52289602638e-05, 1.56851965585e-05, 3.4563069562e-07],
        "var": [0.00015194270236, 9.3548806035e-05, 8.51024888107e-05, 6.18693229626e-05, 3.3056781831e-05, 7.44163480704e-06, 7.77386139816e-06, 2.7932080684e-06, 5.18806746186e-06, 1.72818715782e-06, 2.00972294806e-06, 1.02716273886e-06, 1.22990934415e-06, 3.24904391391e-07, 4.45763703283e-07, 1.37464212457e-07, 7.37824663588e-08, 3.54401485936e-08, 3.29908402819e-08, 1.50519223752e-08, 2.48855336338e-08, 1.55056234519e-08, 9.30781496322e-09, 6.70748834253e-09, 3.05023806213e-09, 2.46025394501e-10, 1.19460580208e-13]
    },
    "erbbands": {
        "dmean": [0.140197634697, 0.921633303165, 3.35527896881, 8.65030860901, 14.3771781921, 10.0564775467, 8.4931640625, 11.4500341415, 19.6004505157, 16.4340000153, 17.9690971375, 19.5436191559, 14.6661891937, 16.6314678192, 19.0894908905, 13.0880012512, 17.8532943726, 12.7676782608, 12.838051796, 11.2161817551, 9.57235908508, 7.25977087021, 6.231361866, 5.32964944839, 3.77597856522, 3.67021346092, 3.87046790123, 3.31249165535, 2.59716057777, 1.90541088581, 1.46313714981, 1.16713213921, 0.805362582207, 0.487048745155, 0.198969051242, 0.0647544786334, 0.0131731582806, 0.00136182585265, 3.62415157724e-05, 2.25230051001e-05],
        "dmean2": [0.229875490069, 1.38994693756, 4.94250774384, 14.9960412979, 26.0297679901, 17.9081478119, 13.8886861801, 18.4458751678, 34.0843353271, 28.4258708954, 30.1659393311, 31.8395957947, 23.38372612, 26.9577007294, 30.7326831818, 21.0060138702, 28.8291149139, 21.2439460754, 20.6671009064, 17.9366397858, 15.9823274612, 11.9512481689, 10.4062051773, 8.98504638672, 6.23212480545, 6.17121696472, 6.60392141342, 5.53137159348, 4.24125528336, 3.14723372459, 2.43594813347, 1.97036778927, 1.35538804531, 0.843936622143, 0.337748765945, 0.110910899937, 0.0226111039519, 0.00232349010184, 5.78028520977e-05, 3.4683773265e-05],
        "dvar": [0.0815092772245, 2.77384614944, 41.9656715393, 393.167663574, 1119.68444824, 343.620361328, 176.70072937, 389.229400635, 1355.03271484, 938.674560547, 900.509521484, 956.255187988, 585.604370117, 841.833312988, 934.379577637, 430.490539551, 902.022399902, 535.804199219, 461.365020752, 497.691711426, 244.959991455, 143.560394287, 86.7857666016, 67.6420822144, 26.1139850616, 26.1353397369, 35.444103241, 24.535326004, 15.3049955368, 8.61073493958, 5.89073514938, 3.63019609451, 1.69240295887, 0.682382285595, 0.102786995471, 0.0115811433643, 0.000470671395306, 5.17870876138e-06, 3.32276295367e-09, 1.42290523808e-09],
        "dvar2": [0.210794374347, 5.98303604126, 93.17943573, 1055.28649902, 3030.62573242, 955.631896973, 442.167358398, 876.588867188, 3742.30151367, 2529.07006836, 2348.25830078, 2568.91625977, 1469.08691406, 2144.01611328, 2260.78564453, 1019.36895752, 2187.24194336, 1373.88012695, 1128.95666504, 1175.63781738, 600.249206543, 346.116149902, 213.044219971, 172.653091431, 62.8642692566, 67.1128463745, 93.1442642212, 60.7043609619, 37.0276374817, 21.3581047058, 15.064825058, 9.21574401855, 4.20422506332, 1.76931297779, 0.255850672722, 0.0289775151759, 0.00118502404075, 1.33709700094e-05, 7.85643905488e-09, 3.17136938932e-09],
        "max": [2.89443874359, 31.5012607574, 81.6553115845, 141.624740601, 335.103637695, 206.797073364, 180.490325928, 411.0987854, 414.194915771, 344.364898682, 303.34475708, 468.849182129, 322.298217773, 496.737365723, 361.145294189, 247.523452759, 441.952026367, 277.975158691, 242.074966431, 484.164672852, 182.59538269, 127.240615845, 85.8586349487, 104.896842957, 47.6267280579, 45.042842865, 58.5032310486, 47.7571640015, 31.7382946014, 28.4842720032, 24.9688835144, 14.5343894958, 9.90888977051, 6.53336429596, 2.16093230247, 0.797507405281, 0.149491488934, 0.0156504865736, 0.000450497958809, 0.000297072227113],
        "mean": [0.182314515114, 1.40487921238, 4.97405290604, 7.74984407425, 11.1268844604, 11.4510126114, 12.7492704391, 17.3297538757, 28.1240386963, 24.3832778931, 32.3627128601, 46.4372253418, 32.0429534912, 30.9413414001, 37.3524246216, 25.1505489349, 35.3662452698, 21.1868667603, 21.0453777313, 20.0998382568, 15.9464693069, 10.9306592941, 9.83415126801, 8.71563339233, 6.57424688339, 5.90140295029, 5.71753168106, 4.86964654922, 3.95244479179, 2.86308884621, 2.11362671852, 1.52718961239, 0.980789721012, 0.546541452408, 0.232784107327, 0.078122600913, 0.01708701998, 0.00177427520975, 5.73042416363e-05, 4.07216357416e-05],
        "median": [0.0327254198492, 0.420294672251, 1.01133358479, 1.51903414726, 2.54824137688, 6.05619287491, 6.2597694397, 8.68891525269, 11.4844484329, 9.72418117523, 15.7434749603, 32.6583328247, 14.6204681396, 14.6829519272, 20.9095191956, 14.4676656723, 14.5505361557, 12.7137327194, 11.5644350052, 9.9144744873, 8.66408348083, 6.17645311356, 5.93589687347, 5.04020500183, 4.24102592468, 3.66575026512, 3.11403656006, 2.47407913208, 2.15251541138, 1.60209977627, 1.18139100075, 0.782144665718, 0.472616434097, 0.245764836669, 0.107671655715, 0.0387647077441, 0.00938376691192, 0.000984607380815, 3.35873592121e-05, 2.5063254725e-05],
        "min": [9.11373547297e-07, 5.64132142244e-06, 8.80382958712e-06, 2.79975847661e-05, 5.33008715138e-05, 0.000173732667463, 0.00247894367203, 0.00552918063477, 0.00967220868915, 0.0128873651847, 0.0136498594657, 0.0146929072216, 0.0148346880451, 0.0257273409516, 0.0180026441813, 0.0772219076753, 0.0522225424647, 0.0601763539016, 0.0964254438877, 0.0609312132001, 0.0171276349574, 0.0218338556588, 0.0174040310085, 0.0315836817026, 0.0386079400778, 0.0277210269123, 0.0237927678972, 0.0146653279662, 0.0121646784246, 0.010698675178, 0.00754150981084, 0.00573176611215, 0.00271350005642, 0.00177184271161, 0.000826676492579, 0.000256557279499, 1.56229471031e-05, 4.37695632627e-07, 1.21722777635e-07, 2.116062916e-07],
        "stdev": [0.30858489871, 2.34786486626, 8.92804908752, 17.4020385742, 27.509563446, 17.3590679169, 17.2761440277, 25.7051563263, 39.7294845581, 37.3651695251, 41.7842941284, 49.4888648987, 40.6597251892, 42.3910598755, 45.941204071, 30.6743392944, 55.2311897278, 27.2656764984, 27.9988994598, 40.6714553833, 20.5882873535, 14.2956428528, 11.1194067001, 10.3262214661, 6.40041875839, 5.85931539536, 6.6341137886, 5.8019156456, 4.67235803604, 3.27850937843, 2.5348098278, 1.92037034035, 1.30732691288, 0.778754532337, 0.320520550013, 0.104733511806, 0.0214151348919, 0.00222526071593, 6.26200126135e-05, 4.35979745816e-05],
        "var": [0.0952246338129, 5.51246976852, 79.7100524902, 302.830932617, 756.776062012, 301.337249756, 298.465179443, 660.755065918, 1578.43200684, 1396.15576172, 1745.92736816, 2449.14770508, 1653.21337891, 1797.0020752, 2110.59423828, 940.915100098, 3050.48413086, 743.417114258, 783.938354492, 1654.1673584, 423.877563477, 204.36541748, 123.641212463, 106.630859375, 40.9653587341, 34.331577301, 44.01146698, 33.6622238159, 21.8309307098, 10.748623848, 6.42526054382, 3.68782234192, 1.70910358429, 0.60645866394, 0.102733425796, 0.0109691089019, 0.000458608032204, 4.95178483106e-06, 3.92126642268e-09, 1.90078330853e-09]
    },
    "gfcc": {
        "mean": [1.69245195389, 83.9171676636, -129.141723633, 21.8549060822, -71.5017242432, 18.7944602966, -39.4952468872, 9.02134227753, -24.4596347809, 5.48529052734, -15.4041004181, 1.97285532951, -8.7757768631],
        "cov": [[3563.82788086, 1149.21154785, 1085.83618164, 705.705505371, 492.223968506, 334.675170898, 234.569641113, 163.043670654, 39.7167282104, -65.2104110718, -184.600799561, -180.199920654, -152.74180603], [1149.21154785, 1384.80102539, 926.480957031, 379.760437012, 298.454772949, 171.157211304, 287.134155273, 113.937950134, 69.2244644165, -117.477928162, -97.9060745239, -157.029067993, -17.1151752472], [1085.83618164, 926.480957031, 863.149597168, 457.943206787, 266.09475708, 182.033798218, 214.715805054, 126.163490295, 42.319278717, -61.8210258484, -100.741500854, -136.663101196, -67.1619873047], [705.705505371, 379.760437012, 457.943206787, 413.846801758, 245.732208252, 157.751495361, 117.611091614, 99.2983551025, 55.5522994995, 7.68652200699, -19.5031890869, -39.7218704224, -33.6718635559], [492.223968506, 298.454772949, 266.09475708, 245.732208252, 259.290771484, 162.092529297, 111.810142517, 65.0751190186, 57.1503105164, 8.00385189056, 7.37645673752, -11.6518239975, -2.53374862671], [334.675170898, 171.157211304, 182.033798218, 157.751495361, 162.092529297, 166.680603027, 113.165054321, 56.9539299011, 25.6215000153, -5.68748760223, -17.4064559937, -4.58070802689, 16.1587486267], [234.569641113, 287.134155273, 214.715805054, 117.611091614, 111.810142517, 113.165054321, 169.492828369, 85.2747192383, 35.6685256958, -19.74152565, -42.3304367065, -39.3746566772, 12.8540821075], [163.043670654, 113.937950134, 126.163490295, 99.2983551025, 65.0751190186, 56.9539299011, 85.2747192383, 110.047660828, 70.5795516968, 26.8131465912, -6.72619867325, -26.1628341675, -10.2649002075], [39.7167282104, 69.2244644165, 42.319278717, 55.5522994995, 57.1503105164, 25.6215000153, 35.6685256958, 70.5795516968, 111.441955566, 74.691986084, 61.8268661499, 19.9944057465, 13.3118095398], [-65.2104110718, -117.477928162, -61.8210258484, 7.68652200699, 8.00385189056, -5.68748760223, -19.74152565, 26.8131465912, 74.691986084, 117.74319458, 102.415786743, 58.3750839233, 3.8684566021], [-184.600799561, -97.9060745239, -100.741500854, -19.5031890869, 7.37645673752, -17.4064559937, -42.3304367065, -6.72619867325, 61.8268661499, 102.415786743, 168.338745117, 117.710403442, 41.3222618103], [-180.199920654, -157.029067993, -136.663101196, -39.7218704224, -11.6518239975, -4.58070802689, -39.3746566772, -26.1628341675, 19.9944057465, 58.3750839233, 117.710403442, 148.559387207, 86.5028839111], [-152.74180603, -17.1151752472, -67.1619873047, -33.6718635559, -2.53374862671, 16.1587486267, 12.8540821075, -10.2649002075, 13.3118095398, 3.8684566021, 41.3222618103, 86.5028839111, 127.432067871]],
        "icov": [[0.000627021654509, -0.000759904505685, 0.000201079543331, -0.000364216422895, -0.000277494080365, -0.000794214662164, 0.00127845234238, -0.00078660575673, 0.000886028399691, -0.00138812826481, 0.0016693797661, -0.00112489692401, 0.000733957975172], [-0.000759904505685, 0.00861283857375, -0.00940380711108, 0.00523154484108, -0.00412119645625, 0.00616303086281, -0.0075409617275, 0.00676581077278, -0.00855427235365, 0.0100984033197, -0.00715044466779, 0.00467473827302, -0.00315325707197], [0.000201079543331, -0.00940380711108, 0.0152752157301, -0.0106755122542, 0.00646332325414, -0.00584372878075, 0.00397558044642, -0.00526366429403, 0.00784895475954, -0.00789239536971, 0.00497761275619, -0.00188906805124, 0.00334026152268], [-0.000364216422895, 0.00523154484108, -0.0106755122542, 0.0152742257342, -0.0103883650154, 0.00333734019659, 0.000700161268469, -0.00272212689742, -0.0010152105242, 0.00210567540489, -0.00138807250187, -0.00037240164238, -0.00149899173994], [-0.000277494080365, -0.00412119645625, 0.00646332325414, -0.0103883650154, 0.0219942834228, -0.0154563132674, 0.000497435976285, 0.00503497291356, -0.00625796802342, 0.00250402232632, -0.00307641504332, 0.00107325904537, 0.00337472953834], [-0.000794214662164, 0.00616303086281, -0.00584372878075, 0.00333734019659, -0.0154563132674, 0.0287895426154, -0.0141824707389, 0.00196170969866, 0.000661884783767, 0.00249087065458, 2.60071337834e-05, -0.00155095185619, -0.00379194924608], [0.00127845234238, -0.0075409617275, 0.00397558044642, 0.000700161268469, 0.000497435976285, -0.0141824707389, 0.02858508192, -0.0191965270787, 0.0107124829665, -0.00862872041762, 0.00707362685353, -0.00116347754374, -0.00218264525756], [-0.00078660575673, 0.00676581077278, -0.00526366429403, -0.00272212689742, 0.00503497291356, 0.00196170969866, -0.0191965270787, 0.0398236997426, -0.0291279945523, 0.00919641926885, -0.000853479490615, 0.00225885305554, 0.00297501729801], [0.000886028399691, -0.00855427235365, 0.00784895475954, -0.0010152105242, -0.00625796802342, 0.000661884783767, 0.0107124829665, -0.0291279945523, 0.0481547117233, -0.0277027282864, -3.89574561268e-05, 0.0049657872878, -0.007401261013], [-0.00138812826481, 0.0100984033197, -0.00789239536971, 0.00210567540489, 0.00250402232632, 0.00249087065458, -0.00862872041762, 0.00919641926885, -0.0277027282864, 0.0452230907977, -0.0223895404488, 0.0032712907996, 0.00399502133951], [0.0016693797661, -0.00715044466779, 0.00497761275619, -0.00138807250187, -0.00307641504332, 2.60071337834e-05, 0.00707362685353, -0.000853479490615, -3.89574561268e-05, -0.0223895404488, 0.0383013226092, -0.0264233965427, 0.00865091290325], [-0.00112489692401, 0.00467473827302, -0.00188906805124, -0.00037240164238, 0.00107325904537, -0.00155095185619, -0.00116347754374, 0.00225885305554, 0.0049657872878, 0.0032712907996, -0.0264233965427, 0.0391990803182, -0.0199558641762], [0.000733957975172, -0.00315325707197, 0.00334026152268, -0.00149899173994, 0.00337472953834, -0.00379194924608, -0.00218264525756, 0.00297501729801, -0.007401261013, 0.00399502133951, 0.00865091290325, -0.0199558641762, 0.0220686551183]]
    },
    "melbands": {
        "dmean": [0.00130757351872, 0.00155232253019, 0.00162586744409, 0.000862066633999, 0.000308992544888, 0.000252792029642, 0.000294382538414, 0.000172445405042, 0.000153753775521, 0.000120421842439, 7.48301317799e-05, 6.97460709489e-05, 7.2511844337e-05, 4.2993840907e-05, 4.02717851102e-05, 3.38990066666e-05, 2.36376727116e-05, 2.20999827434e-05, 1.62058167916e-05, 1.29020181703e-05, 1.11574463517e-05, 7.55402288632e-06, 6.94006257618e-06, 5.8612686189e-06, 4.45987143394e-06, 3.14653516398e-06, 2.61551508629e-06, 2.54493647844e-06, 2.49457775681e-06, 2.48743663178e-06, 1.85035241884e-06, 1.6337831994e-06, 1.24448013139e-06, 1.05463425371e-06, 8.4387448851e-07, 8.92635000582e-07, 6.88744876243e-07, 6.08203151842e-07, 4.80551420878e-07, 3.93611799154e-07],
        "dmean2": [0.00208571413532, 0.00229524984024, 0.00282615656033, 0.00154964195099, 0.000514927029144, 0.000405885017244, 0.000512393831741, 0.000293975899694, 0.000256200844888, 0.000195319909835, 0.000119583783089, 0.000112830581202, 0.000117526178656, 6.87469582772e-05, 6.45014588372e-05, 5.56447848794e-05, 3.97747098759e-05, 3.5744466004e-05, 2.58482759818e-05, 2.09987210837e-05, 1.8668217308e-05, 1.24856032926e-05, 1.1637008356e-05, 9.87350267678e-06, 7.53931954023e-06, 5.21881156601e-06, 4.38965389549e-06, 4.29922465628e-06, 4.25669941251e-06, 4.28923704021e-06, 3.05868275063e-06, 2.69949873655e-06, 2.04565230888e-06, 1.7632738718e-06, 1.39393887366e-06, 1.53297412453e-06, 1.15806199119e-06, 1.01893704141e-06, 8.20408047275e-07, 6.87149508849e-07],
        "dvar": [5.89073442825e-06, 7.21827791494e-06, 1.35717018566e-05, 3.06896572511e-06, 2.2528867305e-07, 1.73538111881e-07, 3.07489671059e-07, 9.55256922452e-08, 6.09102812632e-08, 3.41197576859e-08, 1.51878989385e-08, 1.5387694674e-08, 1.59663890997e-08, 7.13627379412e-09, 4.27800683767e-09, 3.05656455701e-09, 1.83687787203e-09, 1.39506850516e-09, 7.33270000275e-10, 5.78170733512e-10, 3.30866806175e-10, 1.60710500463e-10, 1.21358520455e-10, 7.70292232777e-11, 4.92473006819e-11, 2.06022195831e-11, 1.22958830617e-11, 1.34087220494e-11, 1.53992651963e-11, 1.50115805203e-11, 7.61298229318e-12, 6.22860096833e-12, 3.48792739482e-12, 2.70013178483e-12, 1.9210564129e-12, 2.41477996453e-12, 1.24312192484e-12, 9.77746095893e-13, 6.4413291324e-13, 4.50189283638e-13],
        "dvar2": [1.44666537381e-05, 1.61499992828e-05, 3.58360885002e-05, 8.37728930492e-06, 5.84904398693e-07, 3.9006116026e-07, 8.5062299604e-07, 2.54659994425e-07, 1.59051424475e-07, 9.08272070888e-08, 3.80632378949e-08, 3.93168697599e-08, 3.827073769e-08, 1.69252363236e-08, 9.7713659386e-09, 7.51496109785e-09, 4.78574113671e-09, 3.43552231108e-09, 1.81351977879e-09, 1.33794064716e-09, 8.09900480014e-10, 3.8646877365e-10, 2.95246549431e-10, 1.9380516636e-10, 1.2767396862e-10, 5.0590882178e-11, 3.0997267253e-11, 3.51157401768e-11, 4.09622960551e-11, 3.98904867471e-11, 1.82587816394e-11, 1.54276556807e-11, 8.45005142247e-12, 6.8667862195e-12, 4.87013164172e-12, 6.41559808751e-12, 3.14349588026e-12, 2.45261992139e-12, 1.62748753276e-12, 1.18387916657e-12],
        "max": [0.0328995808959, 0.0295224078, 0.028854586184, 0.0140120331198, 0.00596474576741, 0.00806010700762, 0.0060815019533, 0.00340925646015, 0.00307953590527, 0.00279437354766, 0.00159560795873, 0.0021121292375, 0.00168382911943, 0.00147711916361, 0.000904198386706, 0.000694794929586, 0.000525610987097, 0.000553672434762, 0.000424828118412, 0.000495032814797, 0.000200276524993, 0.000166707046446, 0.000163965858519, 8.36527324282e-05, 9.17162324185e-05, 4.74330809084e-05, 2.96439193335e-05, 3.58528814104e-05, 4.82602918055e-05, 3.93677801185e-05, 2.37532130996e-05, 2.0227918867e-05, 1.4694975107e-05, 1.53808232426e-05, 1.52808297571e-05, 1.41715045174e-05, 9.41231610341e-06, 8.1201287685e-06, 6.73288286634e-06, 4.84752308694e-06],
        "mean": [0.00180906779133, 0.00232903030701, 0.00147110992111, 0.000811106874608, 0.000466754892841, 0.00039306038525, 0.000417046190705, 0.000251819117693, 0.000302627100609, 0.000289202434942, 0.000156684647663, 0.000124023645185, 0.000139099254739, 7.13761910447e-05, 8.40158099891e-05, 6.02973159403e-05, 3.69640765712e-05, 3.48647263309e-05, 2.72861016128e-05, 2.23233637371e-05, 1.75216882781e-05, 1.04581595224e-05, 1.04672835732e-05, 8.62662182044e-06, 6.86257544658e-06, 5.18076694789e-06, 4.26056612923e-06, 3.77640526494e-06, 3.54096641786e-06, 3.35773893312e-06, 2.66807387561e-06, 2.38188249568e-06, 1.80307279152e-06, 1.50213793404e-06, 1.21656921692e-06, 1.11713336537e-06, 8.80110917478e-07, 7.23134178315e-07, 5.63420428534e-07, 4.23321552034e-07],
        "median": [0.000496970256791, 0.00061479199212, 0.000338933779858, 0.000348448869772, 0.000259812397417, 0.000215068561374, 0.00020204653265, 9.03718391783e-05, 0.000151215979713, 0.000212756538531, 6.15649842075e-05, 5.37194719072e-05, 6.30028662272e-05, 3.21595071e-05, 3.43973551935e-05, 2.66164661298e-05, 2.00044487428e-05, 1.69387130882e-05, 1.29699928948e-05, 9.90936950984e-06, 9.19176000025e-06, 5.47502986592e-06, 5.41715235158e-06, 5.37064852324e-06, 3.77129254048e-06, 3.02384637507e-06, 2.86510748992e-06, 2.32325874094e-06, 1.94530593944e-06, 1.72199042936e-06, 1.34936601626e-06, 1.25685812691e-06, 1.00242107237e-06, 8.23848267828e-07, 6.74762134167e-07, 5.57974431104e-07, 4.44035521241e-07, 3.42840877465e-07, 2.65572509761e-07, 1.83642129059e-07],
        "min": [4.41826175646e-09, 1.91853510856e-09, 5.39192823723e-09, 2.6701161282e-09, 2.48552698423e-08, 3.86768519434e-08, 2.88851325081e-08, 5.35073461094e-08, 3.80619482598e-08, 3.01501721367e-08, 4.04588114122e-08, 1.7584792289e-08, 2.5568430928e-08, 2.44914772907e-08, 4.68209329085e-08, 3.30559544182e-08, 2.80201355451e-08, 2.61649013567e-08, 1.29976660546e-08, 1.28942536648e-08, 1.69644582826e-08, 2.03844319202e-08, 2.00828189634e-08, 1.3959074785e-08, 1.02468762364e-08, 1.978292552e-08, 3.02400380292e-08, 1.56773207749e-08, 1.54347130632e-08, 8.45095282642e-09, 1.02329167362e-08, 5.49749801237e-09, 6.67646871122e-09, 4.85638107506e-09, 3.73904551765e-09, 3.7132934505e-09, 2.95795499206e-09, 1.83683557253e-09, 1.35344679908e-09, 1.58365898173e-09],
        "stdev": [0.00283561646938, 0.0036573742982, 0.00323082436807, 0.00149949430488, 0.000594057200942, 0.000548760872334, 0.000579266925342, 0.000381824793294, 0.000381661957363, 0.000290952477371, 0.000211744714761, 0.000184199932846, 0.00020539171237, 0.000122065212054, 0.00012604771473, 8.36559484014e-05, 4.97700784763e-05, 4.94888263347e-05, 4.34846733697e-05, 4.11166765844e-05, 2.36103551288e-05, 1.45505691762e-05, 1.5025841094e-05, 9.86633040156e-06, 8.95858647709e-06, 5.87462045587e-06, 4.12985309595e-06, 4.00263752454e-06, 4.20651622335e-06, 4.16910279455e-06, 3.30768443746e-06, 2.93113635053e-06, 2.14917486119e-06, 1.77137542323e-06, 1.47072125856e-06, 1.48384299337e-06, 1.12992552204e-06, 9.92200398287e-07, 7.78584819727e-07, 6.2231197262e-07],
        "var": [8.04072078608e-06, 1.33763869599e-05, 1.0438226127e-05, 2.2484832698e-06, 3.52903981593e-07, 3.01138499026e-07, 3.35550197406e-07, 1.45790167494e-07, 1.45665850937e-07, 8.46533509957e-08, 4.48358221661e-08, 3.39296128971e-08, 4.21857535571e-08, 1.48999159677e-08, 1.58880251178e-08, 6.99831748108e-09, 2.47706055667e-09, 2.44914399872e-09, 1.89091675651e-09, 1.69058123056e-09, 5.57448864846e-10, 2.11719072829e-10, 2.25775897977e-10, 9.73444796992e-11, 8.025626691e-11, 3.45111647593e-11, 1.70556849893e-11, 1.60211063166e-11, 1.76947779346e-11, 1.73814174859e-11, 1.09407769303e-11, 8.59156062266e-12, 4.61895278969e-12, 3.13777107595e-12, 2.16302106434e-12, 2.20179018247e-12, 1.27673175851e-12, 9.84461644149e-13, 6.0619429398e-13, 3.87272218417e-13]
    },
    "melbands128": {
