{
"lowlevel": {
    "average_loudness": 0.978005647659,
    "barkbands_crest": {
        "dmean": 1.65303397179,
        "dmean2": 2.78695726395,
        "dvar": 3.21316385269,
        "dvar2": 8.64959907532,
        "max": 23.3032150269,
        "mean": 11.6878843307,
        "median": 11.3398647308,
        "min": 4.50178050995,
        "stdev": 3.1631231308,
        "var": 10.0053482056
    },
    "barkbands_flatness_db": {
        "dmean": 0.0138861984015,
        "dmean2": 0.0231071002781,
        "dvar": 0.000251589604886,
        "dvar2": 0.000706577673554,
        "max": 0.264393478632,
        "mean": 0.14780510962,
        "median": 0.148093402386,
        "min": 0.0545113012195,
        "stdev": 0.0225805267692,
        "var": 0.000509880192112
    },
    "barkbands_kurtosis": {
        "dmean": 1.76244235039,
        "dmean2": 2.87624335289,
        "dvar": 6.47228431702,
        "dvar2": 16.1376628876,
        "max": 58.469619751,
        "mean": 7.791888237,
        "median": 7.37540340424,
        "min": 0.291070461273,
        "stdev": 4.27043104172,
        "var": 18.2365818024
    },
    "barkbands_skewness": {
        "dmean": 0.275754719973,
        "dmean2": 0.44670188427,
        "dvar": 0.110609591007,
        "dvar2": 0.242187991738,
        "max": 6.36067199707,
        "mean": 2.36075329781,
        "median": 2.36583662033,
        "min": 0.524066984653,
        "stdev": 0.638237059116,
        "var": 0.40734654665
    },
    "barkbands_spread": {
        "dmean": 1.61986422539,
        "dmean2": 2.58743715286,
        "dvar": 4.2601108551,
        "dvar2": 9.38997173309,
        "max": 29.2427272797,
        "mean": 13.0142316818,
        "median": 12.3973741531,
        "min": 2.60760450363,
        "stdev": 3.67261219025,
        "var": 13.4880809784
    },
    "dissonance": {
        "dmean": 0.0196807663888,
        "dmean2": 0.0336957126856,
        "dvar": 0.000317304686178,
        "dvar2": 0.000862874323502,
        "max": 0.498404473066,
        "mean": 0.437442243099,
        "median": 0.437834441662,
        "min": 0.330258846283,
        "stdev": 0.0284063462168,
        "var": 0.000806920521427
    },
    "dynamic_complexity": 1.83221054077,
    "erbbands_crest": {
        "dmean": 1.43467319012,
        "dmean2": 2.39240288734,
        "dvar": 1.90050458908,
        "dvar2": 5.10629320145,
        "max": 16.3510150909,
        "mean": 8.59212303162,
        "median": 8.55121326447,
        "min": 3.1628279686,
        "stdev": 2.27821445465,
        "var": 5.19026136398
    },
    "erbbands_flatness_db": {
        "dmean": 0.00858540367335,
        "dmean2": 0.0138996364549,
        "dvar": 0.0001367576333,
        "dvar2": 0.000319574959576,
        "max": 0.245563164353,
        "mean": 0.128031626344,
        "median": 0.123898543417,
        "min": 0.0799611359835,
        "stdev": 0.0215167626739,
        "var": 0.000462971045636
    },
    "erbbands_kurtosis": {
        "dmean": 0.32731577754,
        "dmean2": 0.538139343262,
        "dvar": 0.0765685737133,
        "dvar2": 0.213746145368,
        "max": 2.95081281662,
        "mean": 0.341592907906,
        "median": 0.294026613235,
        "min": -0.922708034515,
        "stdev": 0.457324266434,
        "var": 0.209145486355
    },
    "erbbands_skewness": {
        "dmean": 0.136651784182,
        "dmean2": 0.219413608313,
        "dvar": 0.0128763299435,
        "dvar2": 0.0333173163235,
        "max": 1.81670355797,
        "mean": 0.871038019657,
        "median": 0.88705188036,
        "min": 0.0503478460014,
        "stdev": 0.214867562056,
        "var": 0.0461680665612
    },
    "erbbands_spread": {
        "dmean": 3.34489822388,
        "dmean2": 5.60924434662,
        "dvar": 10.4623126984,
        "dvar2": 27.0748596191,
        "max": 60.0918731689,
        "mean": 39.3683433533,
        "median": 39.2548103333,
        "min": 23.9425945282,
        "stdev": 5.45019388199,
        "var": 29.7046146393
    },
    "hfc": {
        "dmean": 2.47468209267,
        "dmean2": 3.84975337982,
        "dvar": 9.6508140564,
        "dvar2": 16.379365921,
        "max": 52.7013435364,
        "mean": 20.2653064728,
        "median": 20.6555709839,
        "min": 0.372257828712,
        "stdev": 9.00894832611,
        "var": 81.1611557007
    },
    "loudness_ebu128": {
        "integrated": -16.1765651703,
        "loudness_range": 1.03206539154,
        "momentary": {
            "dmean": 0.59899109602,
            "dmean2": 0.46800199151,
            "dvar": 0.202686369419,
            "dvar2": 0.197824805975,
            "max": -14.0615139008,
            "mean": -16.5210475922,
            "median": -15.9836330414,
            "min": -25.6277370453,
            "stdev": 1.95200562477,
            "var": 3.81032586098
        },
        "short_term": {
            "dmean": 0.0565793327987,
            "dmean2": 0.0319649912417,
            "dvar": 0.00320704700425,
            "dvar2": 0.000991734443232,
            "max": -15.0960693359,
            "mean": -16.1173057556,
            "median": -15.9993648529,
            "min": -20.8725967407,
            "stdev": 0.642399966717,
            "var": 0.412677705288
        }
    },
    "melbands_crest": {
        "dmean": 2.04982829094,
        "dmean2": 3.45687532425,
        "dvar": 5.24036407471,
        "dvar2": 15.0031909943,
        "max": 28.2227191925,
        "mean": 16.7743263245,
        "median": 16.4053497314,
        "min": 6.24082040787,
        "stdev": 3.62575888634,
        "var": 13.1461267471
    },
    "melbands_flatness_db": {
        "dmean": 0.0129910847172,
        "dmean2": 0.0217736698687,
        "dvar": 0.000255657796515,
        "dvar2": 0.000630196009297,
        "max": 0.362970352173,
        "mean": 0.229388430715,
        "median": 0.232647120953,
        "min": 0.117070049047,
        "stdev": 0.0274956542999,
        "var": 0.000756011053454
    },
    "melbands_kurtosis": {
        "dmean": 3.68743753433,
        "dmean2": 6.07433080673,
        "dvar": 24.1826229095,
        "dvar2": 60.6909408569,
        "max": 108.548088074,
        "mean": 16.566444397,
        "median": 15.4539775848,
        "min": 1.7661485672,
        "stdev": 8.40952110291,
        "var": 70.7200469971
    },
    "melbands_skewness": {
        "dmean": 0.379950493574,
        "dmean2": 0.620713174343,
        "dvar": 0.178663447499,
        "dvar2": 0.415368378162,
        "max": 8.01380348206,
        "mean": 3.08282709122,
        "median": 3.02459383011,
        "min": 0.979413568974,
        "stdev": 0.815410077572,
        "var": 0.664893627167
    },
    "melbands_spread": {
        "dmean": 1.70539426804,
        "dmean2": 2.70398044586,
        "dvar": 6.24435424805,
        "dvar2": 12.0680828094,
        "max": 33.6727218628,
        "mean": 11.2109804153,
        "median": 10.1369876862,
        "min": 1.76935517788,
        "stdev": 4.58626556396,
        "var": 21.03383255
    },
    "pitch_salience": {
        "dmean": 0.0451879389584,
        "dmean2": 0.0779057666659,
        "dvar": 0.00266720121726,
        "dvar2": 0.00818966142833,
        "max": 0.81951880455,
        "mean": 0.475291371346,
        "median": 0.476790785789,
        "min": 0.280308455229,
        "stdev": 0.0721903145313,
        "var": 0.00521144131199
    },
    "silence_rate_20dB": {
        "dmean": 0,
        "dmean2": 0,
        "dvar": 0,
        "dvar2": 0,
        "max": 1,
        "mean": 1,
        "median": 1,
        "min": 1,
        "stdev": 0,
        "var": 0
    },
    "silence_rate_30dB": {
        "dmean": 0.0030959751457,
        "dmean2": 0.00619514705613,
        "dvar": 0.00308636738919,
        "dvar2": 0.00822171662003,
        "max": 1,
        "mean": 0.997937083244,
        "median": 1,
        "min": 0,
        "stdev": 0.0453726835549,
        "var": 0.00205868040211
    },
    "silence_rate_60dB": {
        "dmean": 0.00567595474422,
        "dmean2": 0.0108415074646,
        "dvar": 0.00564374402165,
        "dvar2": 0.0107239848003,
        "max": 1,
        "mean": 0.0144404331222,
        "median": 0,
        "min": 0,
        "stdev": 0.119297504425,
        "var": 0.0142318950966
    },
    "spectral_centroid": {
        "dmean": 88.3812332153,
        "dmean2": 135.614944458,
        "dvar": 13968.5380859,
        "dvar2": 25369.0351562,
        "max": 1853.3157959,
        "mean": 792.756713867,
        "median": 737.705627441,
        "min": 437.754974365,
        "stdev": 227.525512695,
        "var": 51767.859375
    },
    "spectral_complexity": {
        "dmean": 1.90247678757,
        "dmean2": 3.09137845039,
        "dvar": 3.39244127274,
        "dvar2": 7.62257242203,
        "max": 32,
        "mean": 18.0087680817,
        "median": 19,
        "min": 2,
        "stdev": 4.83042478561,
        "var": 23.3330020905
    },
    "spectral_decrease": {
        "dmean": 2.07197170532e-09,
        "dmean2": 3.31014460286e-09,
        "dvar": 5.12162483383e-18,
        "dvar2": 1.16123758565e-17,
        "max": -1.03724924483e-10,
        "mean": -1.33697817262e-08,
        "median": -1.42600447006e-08,
        "min": -3.58366989417e-08,
        "stdev": 6.31300256515e-09,
        "var": 3.98539986642e-17
    },
    "spectral_energy": {
        "dmean": 0.00799024105072,
        "dmean2": 0.0127514209598,
        "dvar": 7.57746020099e-05,
        "dvar2": 0.000171051171492,
        "max": 0.138799250126,
        "mean": 0.0522987022996,
        "median": 0.0558294728398,
        "min": 0.000449557002867,
        "stdev": 0.0244658235461,
        "var": 0.000598576560151
    },
    "spectral_energyband_high": {
        "dmean": 9.02971878531e-05,
        "dmean2": 0.000142741919262,
        "dvar": 1.72514837971e-08,
        "dvar2": 3.30047669195e-08,
        "max": 0.00151824287605,
        "mean": 0.000552832556423,
        "median": 0.000531586410943,
        "min": 8.06064872449e-06,
        "stdev": 0.000286967231659,
        "var": 8.2350197772e-08
    },
    "spectral_energyband_low": {
        "dmean": 0.00546511821449,
        "dmean2": 0.00905753206462,
        "dvar": 4.65095617983e-05,
        "dvar2": 0.000109388907731,
        "max": 0.0791317895055,
        "mean": 0.024994622916,
        "median": 0.0300762169063,
        "min": 4.24687186751e-07,
        "stdev": 0.0163722597063,
        "var": 0.000268050906016
    },
    "spectral_energyband_middle_high": {
        "dmean": 0.000622608582489,
        "dmean2": 0.000918182078749,
        "dvar": 6.58995077174e-07,
        "dvar2": 1.13241469535e-06,
        "max": 0.0115487007424,
        "mean": 0.00371651817113,
        "median": 0.00353413354605,
        "min": 5.20054054505e-05,
        "stdev": 0.00189884915017,
        "var": 3.60562808055e-06
    },
    "spectral_energyband_middle_low": {
        "dmean": 0.00459810066968,
        "dmean2": 0.00732491351664,
        "dvar": 2.33082955674e-05,
        "dvar2": 5.70015945414e-05,
        "max": 0.0637667402625,
        "mean": 0.0242109354585,
        "median": 0.0252585932612,
        "min": 0.000228098462685,
        "stdev": 0.0118697006255,
        "var": 0.000140889795148
    },
    "spectral_entropy": {
        "dmean": 0.166195780039,
        "dmean2": 0.28346785903,
        "dvar": 0.0437479838729,
        "dvar2": 0.114915877581,
        "max": 8.20020294189,
        "mean": 7.13855266571,
        "median": 7.17694473267,
        "min": 5.76040315628,
        "stdev": 0.288798570633,
        "var": 0.0834046155214
    },
    "spectral_flux": {
        "dmean": 0.0258635170758,
        "dmean2": 0.0418272875249,
        "dvar": 0.000928064924665,
        "dvar2": 0.00225826678798,
        "max": 0.234364897013,
        "mean": 0.056254606694,
        "median": 0.0474618189037,
        "min": 0.00800341740251,
        "stdev": 0.0338986106217,
        "var": 0.00114911585115
    },
    "spectral_kurtosis": {
        "dmean": 0.731205701828,
        "dmean2": 1.24901461601,
        "dvar": 0.35983735323,
        "dvar2": 1.05897343159,
        "max": 9.588139534,
        "mean": 4.63977384567,
        "median": 4.52505302429,
        "min": 1.77461862564,
        "stdev": 0.765559792519,
        "var": 0.586081802845
    },
    "spectral_rms": {
        "dmean": 0.00056283880258,
        "dmean2": 0.000885754707269,
        "dvar": 3.60590206583e-07,
        "dvar2": 7.24312315015e-07,
        "max": 0.0116367479786,
        "mean": 0.00688306940719,
        "median": 0.0073802289553,
        "min": 0.00066226295894,
        "stdev": 0.0019095930038,
        "var": 3.64654556506e-06
    },
    "spectral_rolloff": {
        "dmean": 93.4546432495,
        "dmean2": 157.324264526,
        "dvar": 30912.4628906,
        "dvar2": 55853.578125,
        "max": 2627.05078125,
        "mean": 590.058898926,
        "median": 538.330078125,
        "min": 86.1328125,
        "stdev": 303.710662842,
        "var": 92240.171875
    },
    "spectral_skewness": {
        "dmean": 0.103083461523,
        "dmean2": 0.173958897591,
        "dvar": 0.00780142238364,
        "dvar2": 0.0214100368321,
        "max": 2.71471571922,
        "mean": 1.80382442474,
        "median": 1.80038022995,
        "min": 1.22524082661,
        "stdev": 0.117329739034,
        "var": 0.0137662673369
    },
    "spectral_spread": {
        "dmean": 196365.515625,
        "dmean2": 333430.09375,
        "dvar": 44300513280,
        "dvar2": 94905778176,
        "max": 10896221,
        "mean": 5076361.5,
        "median": 5069457,
        "min": 4497470.5,
        "stdev": 250225.4375,
        "var": 62612766720
    },
    "spectral_strongpeak": {
        "dmean": 0.218403339386,
        "dmean2": 0.392687469721,
        "dvar": 0.118501901627,
        "dvar2": 0.261340022087,
        "max": 3.22544717789,
        "mean": 0.778849124908,
        "median": 0.626189827919,
        "min": 0,
        "stdev": 0.549021720886,
        "var": 0.301424831152
    },
    "zerocrossingrate": {
        "dmean": 0.0042315190658,
        "dmean2": 0.00551629252732,
        "dvar": 1.32777668114e-05,
        "dvar2": 2.22565613512e-05,
        "max": 0.06005859375,
        "mean": 0.0236429851502,
        "median": 0.0224609375,
        "min": 0.005859375,
        "stdev": 0.00848221126944,
        "var": 7.19479066902e-05
    },
    "barkbands": {
        "dmean": [0.00040669212467, 0.00370380561799, 0.0017461667303, 0.00123411579989, 0.00207263464108, 0.00136712298263, 0.000454715598607, 0.00125821866095, 0.000459327828139, 0.000284912326606, 0.000285145477392, 8.32169316709e-05, 7.56071021897e-05, 0.000183271040441, 9.50653047767e-05, 8.23630471132e-05, 6.51296068099e-05, 4.17083865614e-05, 5.27943921043e-05, 4.08658706874e-05, 3.71175156033e-05, 2.46443796641e-05, 1.92102961591e-05, 1.41135351441e-05, 1.08452923087e-05, 9.57553584158e-06, 2.43333647632e-06],
        "dmean2": [0.000659219862428, 0.00622552866116, 0.00285655003972, 0.00210715457797, 0.00326611869968, 0.002095696982, 0.000746947771404, 0.00201972271316, 0.000764097203501, 0.000471629929962, 0.000434231798863, 0.000133211477078, 0.000114615213533, 0.000270598044153, 0.000146880338434, 0.000125770704472, 9.52722402872e-05, 6.56351112411e-05, 8.14211744e-05, 6.60498262732e-05, 5.73966935917e-05, 4.0836250264e-05, 3.20509752783e-05, 2.41334419115e-05, 1.79476646736e-05, 1.53157725435e-05, 4.14387159253e-06],
        "dvar": [7.02706188349e-07, 3.16946097882e-05, 9.33798946789e-06, 1.03920738184e-05, 8.02702834335e-06, 4.71112161904e-06, 6.70232736866e-07, 4.11730161431e-06, 8.22391314159e-07, 1.91113912251e-07, 2.04052227559e-07, 1.46176510896e-08, 1.08652713493e-08, 5.68907019272e-08, 1.27640111813e-08, 1.41227785022e-08, 7.48059925115e-09, 2.12090434104e-09, 3.38886985141e-09, 3.0192337519e-09, 1.82806048077e-09, 7.52486351008e-10, 4.60134153002e-10, 2.43239511866e-10, 1.31434474415e-10, 1.48682136047e-10, 6.01226186892e-12],
        "dvar2": [1.81801601684e-06, 7.91642378317e-05, 1.98698871827e-05, 3.1449526432e-05, 1.89708844118e-05, 9.64674472925e-06, 1.74519755092e-06, 9.03669842955e-06, 1.82696157935e-06, 5.75018930249e-07, 3.76953437353e-07, 3.36432250947e-08, 2.3616928857e-08, 9.95308795382e-08, 3.24117941375e-08, 2.61609027774e-08, 1.26122516875e-08, 4.83518203254e-09, 6.69485089588e-09, 6.27644869411e-09, 3.77628284198e-09, 1.98564475973e-09, 1.25052856959e-09, 6.75564437724e-10, 3.36788319455e-10, 2.82876472246e-10, 1.64235239991e-11],
        "max": [0.0126247797161, 0.0712358877063, 0.0518174469471, 0.032787758857, 0.037589546293, 0.0575773343444, 0.0145577285439, 0.0304029230028, 0.0167640186846, 0.00713886925951, 0.00564017426223, 0.00326680345461, 0.00149577204138, 0.00390213099308, 0.00174748129211, 0.00265589216724, 0.00149691046681, 0.000621288025286, 0.000775577791501, 0.000703275378328, 0.000514851824846, 0.000367732020095, 0.000279857660644, 0.000206648066523, 0.000160743831657, 0.000162782089319, 2.37116400967e-05],
        "mean": [0.000353797659045, 0.0153554547578, 0.00834355968982, 0.00262704468332, 0.0083312112838, 0.00629632500932, 0.00127828877885, 0.00360948429443, 0.00156789098401, 0.000862437998876, 0.000797396409325, 0.000278631079709, 0.000268113799393, 0.000542049994692, 0.000358746096026, 0.000252021942288, 0.00024579843739, 0.000140832737088, 0.000189800892258, 0.000130178814288, 0.000134990405058, 9.55954819801e-05, 7.60131806601e-05, 5.60265580134e-05, 5.39406973985e-05, 4.78262263641e-05, 5.261514616e-06],
        "median": [5.4878051742e-05, 0.0118586216122, 0.00370701029897, 0.000194964639377, 0.00552924815565, 0.00368406111374, 0.000808336655609, 0.00161318969913, 0.000526696909219, 0.000532151898369, 0.000331767485477, 0.000225428157137, 0.000202646129765, 0.000398282601964, 0.000299155508401, 0.000174662578502, 0.000190552964341, 0.000120219345263, 0.000165227887919, 9.52761183726e-05, 0.000122595884022, 8.82844105945e-05, 7.09004234523e-05, 5.5072196119e-05, 5.1639683079e-05, 4.5918583055e-05, 4.59447392132e-06],
        "min": [6.00283698304e-08, 6.40239647964e-08, 2.7816762227e-08, 5.50000134325e-09, 6.22002573891e-08, 6.46361684176e-08, 9.37580807658e-07, 8.82511415057e-08, 1.51147594352e-06, 1.16169744047e-07, 2.01047654969e-07, 2.15624822886e-07, 4.6747768323e-08, 5.39761686014e-06, 2.28077442443e-06, 3.34068403163e-07, 2.19521803047e-06, 5.25202835888e-07, 1.89145453078e-06, 1.38882990086e-06, 1.53325504471e-06, 1.51097697199e-06, 1.08245490082e-06, 1.16312958198e-06, 1.07522032522e-06, 6.28137854619e-07, 7.12142833592e-09],
        "stdev": [0.0008031334728, 0.0143271321431, 0.0102267405018, 0.00549945328385, 0.00773052778095, 0.00731154391542, 0.00173710833769, 0.00403972854838, 0.00244570313953, 0.000982342171483, 0.000930222042371, 0.000251516816206, 0.000234911611187, 0.000484683579998, 0.000273898534942, 0.000230705991271, 0.000188134144992, 0.000100221863249, 0.000125439793919, 9.99855183181e-05, 8.09309713077e-05, 5.31905934622e-05, 4.02743826271e-05, 2.81077172986e-05, 2.69149277301e-05, 2.61875629803e-05, 3.63617300536e-06],
        "var": [6.45023419565e-07, 0.000205266711419, 0.000104586222733, 3.02439875668e-05, 5.97610633122e-05, 5.34586761205e-05, 3.01754539578e-06, 1.63194054039e-05, 5.98146380071e-06, 9.64996161201e-07, 8.6531309762e-07, 6.32607068951e-08, 5.51834666851e-08, 2.34918161368e-07, 7.50204023348e-08, 5.32252570906e-08, 3.5394457143e-08, 1.00444212947e-08, 1.57351429664e-08, 9.9971035894e-09, 6.549821574e-09, 2.82923906525e-09, 1.62202584697e-09, 7.90043808152e-10, 7.24413307118e-10, 6.85788481558e-10, 1.32217535531e-11]
    },
    "erbbands": {
        "dmean": [0.0950329303741, 0.889507770538, 2.12660217285, 2.71087265015, 4.09958553314, 7.57695817947, 13.2795391083, 10.3421449661, 4.13597536087, 22.3161087036, 15.9184455872, 12.1654930115, 9.57388210297, 5.55827617645, 12.3252019882, 3.11001253128, 3.25408911705, 8.74613189697, 5.2870926857, 4.67589378357, 3.67141389847, 2.8710796833, 2.46595954895, 2.12435221672, 2.53628396988, 1.90888237953, 1.79885649681, 1.20629930496, 1.03110766411, 0.644728899002, 0.545029938221, 0.333192259073, 0.252496093512, 0.15040487051, 0.0878956243396, 0.0503067858517, 0.016574434936, 0.00457006786019, 0.000242806781898, 1.02435787994e-05],
        "dmean2": [0.167124941945, 1.47154688835, 3.47688674927, 4.65661144257, 6.64267969131, 12.3329000473, 20.4775733948, 16.0326786041, 6.39719581604, 35.7421836853, 26.3505096436, 20.178817749, 16.6261577606, 8.47877693176, 18.9359035492, 4.7562789917, 4.99577617645, 12.9374704361, 7.57859802246, 7.37095117569, 5.68871974945, 4.26122665405, 3.74614953995, 3.3564248085, 3.79422450066, 3.05112028122, 2.7605547905, 1.92977821827, 1.66757762432, 1.09341335297, 0.921269714832, 0.561068296432, 0.437652379274, 0.252592235804, 0.144298091531, 0.0811437368393, 0.0268271192908, 0.0074526113458, 0.000414022302721, 1.63361364685e-05],
        "dvar": [0.0354745052755, 1.64497196674, 11.4932146072, 33.6087799072, 63.5450897217, 164.692428589, 324.906860352, 356.170440674, 66.2572250366, 1717.6114502, 561.527038574, 636.189453125, 310.597717285, 54.9330368042, 460.164001465, 25.4449157715, 22.5741252899, 147.223892212, 32.1738090515, 48.3098106384, 18.583990097, 14.5528154373, 6.47736549377, 6.23116207123, 10.9911775589, 7.13322353363, 4.32460403442, 1.84775996208, 1.56985342503, 0.561506927013, 0.369934886694, 0.127038538456, 0.0805639699101, 0.0257322788239, 0.00963551923633, 0.00419705314562, 0.000342599349096, 2.23452170758e-05, 6.77640699109e-08, 1.09097467171e-10],
        "dvar2": [0.104451373219, 3.79700160027, 23.6364440918, 102.078422546, 161.909957886, 411.281738281, 694.265319824, 767.106201172, 118.975395203, 3921.59326172, 1580.06933594, 1436.42321777, 979.330749512, 126.975868225, 840.64831543, 50.0006103516, 49.2085952759, 260.079589844, 62.8934593201, 140.742752075, 38.7511482239, 24.6793270111, 13.9829120636, 15.756234169, 19.7715244293, 14.0526227951, 8.89619350433, 4.02389001846, 3.84671330452, 1.52113509178, 1.00045776367, 0.349110126495, 0.228131651878, 0.0694014951587, 0.0233716778457, 0.00829134788364, 0.000734549481422, 4.91563696414e-05, 1.86799113067e-07, 2.35485103639e-10],
        "max": [2.34987878799, 15.7775726318, 53.100566864, 61.6900482178, 84.8870544434, 186.612503052, 375.882720947, 477.169891357, 272.881896973, 591.313354492, 400.099029541, 460.598022461, 271.169372559, 150.360153198, 230.083374023, 168.524200439, 71.8744430542, 205.593597412, 108.190963745, 105.913124084, 86.7291946411, 65.3776016235, 34.9472084045, 30.5109596252, 39.8931007385, 35.0638694763, 23.4855155945, 18.0301189423, 15.7717885971, 10.7107162476, 8.89534568787, 4.85428476334, 3.58354353905, 2.0259244442, 1.36627328396, 0.778503835201, 0.240846514702, 0.0666279345751, 0.00267666229047, 0.000174750079168],
        "mean": [0.25930467248, 4.0819029808, 11.0575113297, 7.59775114059, 11.2106132507, 32.331905365, 58.1663856506, 47.2119789124, 15.6395349503, 62.1423721313, 53.8989524841, 44.1493644714, 29.5402870178, 19.5966796875, 34.3677597046, 13.0266571045, 12.6455307007, 26.6836929321, 21.0944728851, 17.2565460205, 12.4872207642, 11.7448062897, 9.60821151733, 7.93963527679, 8.68197536469, 6.7522521019, 6.28911018372, 4.44769716263, 3.79113793373, 2.5038254261, 2.03768563271, 1.28217124939, 0.975087881088, 0.650517880917, 0.395204275846, 0.212752252817, 0.0786148384213, 0.0185344945639, 0.000588924100157, 7.19305826351e-05],
        "median": [0.0794103220105, 3.3240916729, 6.23923301697, 2.06319713593, 3.08071494102, 20.6373577118, 39.5726890564, 21.023639679, 8.77515506744, 28.8280544281, 33.6761665344, 15.4280509949, 19.7771682739, 12.1002626419, 15.4428119659, 10.9359960556, 9.65898227692, 18.5477905273, 17.3907279968, 12.5075836182, 10.0083847046, 9.60472583771, 8.63977718353, 6.3111872673, 6.97454118729, 5.00221538544, 5.52479076385, 3.92416858673, 3.57837581635, 2.30468392372, 1.87322735786, 1.27045559883, 0.94783115387, 0.616176426411, 0.390013694763, 0.194068074226, 0.0768367797136, 0.0178172904998, 0.000532043515705, 7.50499093556e-05],
        "min": [9.26464690565e-06, 2.13103921851e-05, 3.57521930709e-05, 2.23246825044e-05, 5.61281558475e-05, 0.000156052701641, 0.000611428811681, 0.00250454922207, 0.0678512975574, 0.0355866998434, 0.0126363532618, 0.171006143093, 0.073385246098, 0.0840218812227, 0.093142144382, 0.179092720151, 0.0699610710144, 0.258881419897, 0.211967751384, 0.121166363358, 0.141039028764, 0.144498348236, 0.132360741496, 0.0935735851526, 0.0944749712944, 0.0766527876258, 0.063777923584, 0.0655626431108, 0.0543319620192, 0.0312793031335, 0.0296336393803, 0.0230128206313, 0.0199926942587, 0.0103711849079, 0.00831344164908, 0.00326094450429, 0.000967081577983, 0.000255507446127, 6.77642810842e-06, 9.34988690915e-07],
        "stdev": [0.379266560078, 3.462018013, 11.0407972336, 11.0174350739, 16.5079917908, 34.4182548523, 57.4589157104, 61.5780334473, 26.6053161621, 76.5324630737, 59.2074165344, 67.3499908447, 34.6933250427, 21.2543983459, 39.8987808228, 11.5504150391, 10.3306903839, 24.6362991333, 15.383357048, 15.6041040421, 8.74476242065, 8.31016635895, 5.98264980316, 5.68900537491, 6.23658370972, 5.15761947632, 3.9679517746, 2.58093214035, 2.15907526016, 1.42736172676, 1.13792145252, 0.659170866013, 0.520875036716, 0.331312388182, 0.205140694976, 0.129278331995, 0.0403961054981, 0.00972369220108, 0.000366308784578, 3.1651055906e-05],
        "var": [0.143843129277, 11.9855680466, 121.899200439, 121.383880615, 272.513763428, 1184.61621094, 3301.52709961, 3791.85424805, 707.842834473, 5857.21826172, 3505.51806641, 4536.02099609, 1203.62683105, 451.749450684, 1591.91259766, 133.412094116, 106.72315979, 606.947265625, 236.647674561, 243.488067627, 76.4708633423, 69.0588684082, 35.792098999, 32.364780426, 38.8949737549, 26.6010398865, 15.7446403503, 6.66121101379, 4.66160583496, 2.03736162186, 1.29486525059, 0.434506267309, 0.271310776472, 0.109767898917, 0.0420827046037, 0.0167128872126, 0.00163184525445, 9.45501960814e-05, 1.34182116085e-07, 1.00178931817e-09]
    },
    "gfcc": {
        "mean": [42.7666893005, 86.2652435303, -94.7555847168, 22.9806594849, -56.9398574829, 10.6350154877, -38.7317237854, 10.1398267746, -23.7599639893, 11.157078743, -20.0624084473, 4.74957847595, -11.8381757736],
        "cov": [[1460.14990234, 268.210632324, 246.279495239, 191.092010498, 137.852462769, 71.4204330444, 76.2662811279, 57.5823440552, 52.9089393616, 1.6507627964, -29.346282959, -19.4642162323, 11.0211839676], [268.210632324, 377.700531006, 323.032440186, 219.568222046, 174.397293091, 117.10949707, 69.7303848267, 10.7399272919, 15.7137470245, -27.0623092651, 30.2404327393, -15.5597648621, -18.6052150726], [246.279495239, 323.032440186, 302.407196045, 207.433288574, 162.874450684, 108.744819641, 71.9086685181, 22.8821716309, 29.6449775696, -14.3271255493, 30.4942512512, -12.5016260147, -13.8745174408], [191.092010498, 219.568222046, 207.433288574, 166.708786011, 137.682067871, 92.4428100586, 69.916229248, 34.7904052734, 33.5438079834, 10.8445272446, 26.3237800598, -5.70332145691, -17.4910564423], [137.852462769, 174.397293091, 162.874450684, 137.682067871, 147.972564697, 96.6667327881, 84.8374023438, 45.8209266663, 42.5924224854, 36.428894043, 31.6238384247, -0.698875844479, -25.5822658539], [71.4204330444, 117.10949707, 108.744819641, 92.4428100586, 96.6667327881, 87.1090545654, 72.4184494019, 46.1328582764, 38.3107910156, 25.376411438, 24.449514389, 0.854540288448, -13.3833599091], [76.2662811279, 69.7303848267, 71.9086685181, 69.916229248, 84.8374023438, 72.4184494019, 93.336730957, 72.6179428101, 59.5501937866, 58.8686599731, 33.1127166748, 15.2961063385, -4.63274621964], [57.5823440552, 10.7399272919, 22.8821716309, 34.7904052734, 45.8209266663, 46.1328582764, 72.6179428101, 86.0609130859, 73.1791992188, 66.048500061, 29.6094055176, 20.7468891144, 13.336974144], [52.9089393616, 15.7137470245, 29.6449775696, 33.5438079834, 42.5924224854, 38.3107910156, 59.5501937866, 73.1791992188, 82.3449401855, 74.567817688, 35.7052307129, 17.2289047241, 13.6987829208], [1.6507627964, -27.0623092651, -14.3271255493, 10.8445272446, 36.428894043, 25.376411438, 58.8686599731, 66.048500061, 74.567817688, 112.950218201, 52.1466598511, 25.4126777649, 0.265657752752], [-29.346282959, 30.2404327393, 30.4942512512, 26.3237800598, 31.6238384247, 24.449514389, 33.1127166748, 29.6094055176, 35.7052307129, 52.1466598511, 53.1921844482, 27.7378921509, 5.64126443863], [-19.4642162323, -15.5597648621, -12.5016260147, -5.70332145691, -0.698875844479, 0.854540288448, 15.2961063385, 20.7468891144, 17.2289047241, 25.4126777649, 27.7378921509, 48.3211975098, 37.6895713806], [11.0211839676, -18.6052150726, -13.8745174408, -17.4910564423, -25.5822658539, -13.3833599091, -4.63274621964, 13.336974144, 13.6987829208, 0.265657752752, 5.64126443863, 37.6895713806, 67.1610641479]],
        "icov": [[0.000987394363619, -0.000906970410142, 0.000162009906489, -0.00122902181465, 0.000310468079988, 0.00145668012556, -0.000512785918545, -0.000378916825866, -0.000364020437701, -0.000903993844986, 0.00268714665435, -0.000568244664464, -8.04809242254e-05], [-0.000906970410142, 0.0374709814787, -0.0394176542759, 0.00618469016626, -0.00425867503509, -0.00953725166619, 0.00412176921964, 7.305721374e-05, 0.0125145316124, -0.00127657561097, -0.00659427326173, 0.00350852753036, -0.00321865733713], [0.000162009906489, -0.0394176542759, 0.0837879925966, -0.0515134111047, 0.000746827106923, 0.0185665134341, -0.0221384428442, 0.0241512581706, -0.0336488299072, 0.026868455112, -0.0200767442584, 0.016756799072, -0.0103517156094], [-0.00122902181465, 0.00618469016626, -0.0515134111047, 0.0887880846858, -0.0319263376296, -0.0146924573928, 0.0258960537612, -0.02877327241, 0.019450020045, -0.011867296882, 0.00973647274077, -0.00941515900195, 0.00735337566584], [0.000310468079988, -0.00425867503509, 0.000746827106923, -0.0319263376296, 0.0644039064646, -0.024223068729, -0.0176867544651, 0.0181601792574, -0.00334789673798, -0.0168034788221, 0.0177466236055, -0.0169274397194, 0.0142456581816], [0.00145668012556, -0.00953725166619, 0.0185665134341, -0.0146924573928, -0.024223068729, 0.0805265903473, -0.0443856343627, 0.00285649904981, -0.0138468695804, 0.0267201755196, -0.0192994158715, 0.0177201852202, -0.00528546515852], [-0.000512785918545, 0.00412176921964, -0.0221384428442, 0.0258960537612, -0.0176867544651, -0.0443856343627, 0.105041921139, -0.0690931528807, 0.0314221382141, -0.0260715633631, 0.0152670722455, -0.0209738928825, 0.0129630090669], [-0.000378916825866, 7.305721374e-05, 0.0241512581706, -0.02877327241, 0.0181601792574, 0.00285649904981, -0.0690931528807, 0.117304973304, -0.0771346837282, 0.017001228407, 0.00468442589045, -0.00651289662346, -0.00406860699877], [-0.000364020437701, 0.0125145316124, -0.0336488299072, 0.019450020045, -0.00334789673798, -0.0138468695804, 0.0314221382141, -0.0771346837282, 0.111084453762, -0.0464885272086, -0.00615078210831, 0.0259100664407, -0.0214063860476], [-0.000903993844986, -0.00127657561097, 0.026868455112, -0.011867296882, -0.0168034788221, 0.0267201755196, -0.0260715633631, 0.017001228407, -0.0464885272086, 0.063940435648, -0.0411964841187, 0.00858793687075, 0.00387439923361], [0.00268714665435, -0.00659427326173, -0.0200767442584, 0.00973647274077, 0.0177466236055, -0.0192994158715, 0.0152670722455, 0.00468442589045, -0.00615078210831, -0.0411964841187, 0.0897626876831, -0.0596979483962, 0.0265365112573], [-0.000568244664464, 0.00350852753036, 0.016756799072, -0.00941515900195, -0.0169274397194, 0.0177201852202, -0.0209738928825, -0.00651289662346, 0.0259100664407, 0.00858793687075, -0.0596979483962, 0.0982140228152, -0.0564155764878], [-8.04809242254e-05, -0.00321865733713, -0.0103517156094, 0.00735337566584, 0.0142456581816, -0.00528546515852, 0.0129630090669, -0.00406860699877, -0.0214063860476, 0.00387439923361, 0.0265365112573, -0.0564155764878, 0.0536442399025]]
    },
    "melbands": {
        "dmean": [0.000941564678214, 0.00106465932913, 0.00052293256158, 0.000352769508027, 0.000479006877868, 0.000230887235375, 6.77993812133e-05, 0.000270412943792, 0.000120694989164, 7.01112294337e-05, 4.70886770927e-05, 2.24834238907e-05, 3.9747748815e-05, 1.53119635797e-05, 9.25225504034e-06, 7.07644358044e-06, 1.91331400856e-05, 9.56179337663e-06, 6.19506317889e-06, 7.42344036553e-06, 4.50778725281e-06, 2.81328220808e-06, 3.65555501958e-06, 2.66563279183e-06, 1.92795255316e-06, 1.59781973252e-06, 1.90408627532e-06, 1.53330563535e-06, 1.24532368773e-06, 1.14512852178e-06, 6.97105576819e-07, 7.00497082562e-07, 5.07306197051e-07, 3.88571152143e-07, 3.52516565272e-07, 3.33201683134e-07, 2.13934583826e-07, 2.09211989954e-07, 1.65721431244e-07, 1.42178990359e-07],
        "dmean2": [0.00159834872466, 0.00173663685564, 0.000878691382241, 0.000567765557207, 0.000738244270906, 0.000354757532477, 0.000106592888187, 0.000431295164162, 0.000201866496354, 0.00011710725812, 8.18506305222e-05, 3.42909224855e-05, 6.04074884905e-05, 2.41225752688e-05, 1.36207727337e-05, 1.09095135485e-05, 2.81421835098e-05, 1.36647813633e-05, 9.72972247837e-06, 1.1255071513e-05, 7.03645036992e-06, 4.2387018766e-06, 5.37327014172e-06, 4.20186734118e-06, 3.09966981149e-06, 2.42670012085e-06, 2.87656735054e-06, 2.45040337177e-06, 1.91570825336e-06, 1.77642721155e-06, 1.1353707805e-06, 1.13327553208e-06, 8.5265406824e-07, 6.54815664802e-07, 6.019189982e-07, 5.5073189742e-07, 3.70937925709e-07, 3.63795749081e-07, 2.84307844822e-07, 2.41614117158e-07],
        "dvar": [2.49171989708e-06, 2.11755241253e-06, 1.09619270461e-06, 2.34793901654e-07, 3.9804982066e-07, 1.65485843695e-07, 1.594660759e-08, 2.44123441462e-07, 3.29553344613e-08, 1.98889438252e-08, 7.42146388788e-09, 1.06161712754e-09, 3.90107057768e-09, 7.28843818631e-10, 1.47725567889e-10, 7.02989333412e-11, 7.56705753613e-10, 1.11391833257e-10, 5.37661234978e-11, 1.36708602771e-10, 2.53398361322e-11, 1.04895640785e-11, 2.83772536719e-11, 1.0637334763e-11, 5.53040252482e-12, 3.19623255814e-12, 5.72266452975e-12, 5.02254184423e-12, 2.02428135018e-12, 1.98242464111e-12, 7.29851725931e-13, 6.2843708102e-13, 3.4574909125e-13, 2.07080798906e-13, 1.625763055e-13, 1.22069997339e-13, 5.69082134931e-14, 5.49876713173e-14, 3.30469802727e-14, 2.23351949457e-14],
        "dvar2": [6.69127939545e-06, 4.41685824626e-06, 3.20768754136e-06, 5.73054080633e-07, 8.91684010185e-07, 3.4694917872e-07, 3.08548031569e-08, 5.40704434115e-07, 9.75988569962e-08, 4.52121149408e-08, 2.33154455742e-08, 2.43631470553e-09, 7.36632710385e-09, 1.35059285977e-09, 3.08595093923e-10, 1.65770369653e-10, 1.29714805563e-09, 2.14322670722e-10, 1.48885445639e-10, 2.74116063181e-10, 5.35298992632e-11, 1.98396386125e-11, 4.62468223439e-11, 2.50851926037e-11, 1.44418947287e-11, 6.28090678426e-12, 1.07410981151e-11, 1.02726004786e-11, 4.23821828327e-12, 4.20064850959e-12, 1.68494450163e-12, 1.59388181906e-12, 9.20129966143e-13, 5.60820758323e-13, 4.57531473645e-13, 3.32164525919e-13, 1.66989021894e-13, 1.54734162766e-13, 9.29265074178e-14, 6.30401357201e-14],
        "max": [0.0202166270465, 0.0182663239539, 0.0111202625558, 0.00801310501993, 0.0103567577899, 0.0106892464682, 0.00366935995407, 0.00723857106641, 0.0030401267577, 0.0025067247916, 0.00135188468266, 0.000663747196086, 0.000838279142044, 0.000350312911905, 0.000198642592295, 9.48759334278e-05, 0.000466348486952, 0.000204720679903, 9.2310619948e-05, 0.00024385288998, 8.29412019812e-05, 5.35334074812e-05, 8.17131440272e-05, 4.63017458969e-05, 2.7255351597e-05, 2.68020721705e-05, 2.98743925669e-05, 3.02031985484e-05, 1.8461541913e-05, 1.77702077053e-05, 1.1045643987e-05, 8.76979538589e-06, 8.25290408102e-06, 7.52947244109e-06, 5.04293439008e-06, 4.10730535805e-06, 2.86687804874e-06, 2.99530643133e-06, 2.1120515612e-06, 1.75672153091e-06],
        "mean": [0.00340520357713, 0.0055587394163, 0.00150851602666, 0.00137018889654, 0.00214117369615, 0.00105862005148, 0.000220932080992, 0.00074141100049, 0.000415624788729, 0.000243610920734, 0.000138634626637, 7.35396315577e-05, 0.000114226728329, 4.67623358418e-05, 3.3974814869e-05, 2.28498502111e-05, 5.55461301701e-05, 3.50531590811e-05, 2.24589730351e-05, 2.30896803259e-05, 1.35334948936e-05, 1.1947557141e-05, 1.10848841359e-05, 8.47095634526e-06, 6.0615102484e-06, 5.96852305534e-06, 5.60329499422e-06, 4.55076587969e-06, 4.06118533647e-06, 3.35355821335e-06, 2.38065535996e-06, 2.21981895265e-06, 1.68125666278e-06, 1.32124182528e-06, 1.15431748782e-06, 1.0621988622e-06, 6.82997892909e-07, 7.34152536097e-07, 5.7634025552e-07, 5.13198415319e-07],
        "median": [0.00216527841985, 0.0049026561901, 0.00058113434352, 0.0010042815702, 0.00165023270529, 0.000555204576813, 0.000111228378955, 0.000346303189872, 0.000282650435111, 8.6482068582e-05, 8.87134156073e-05, 3.72871909349e-05, 5.05166681251e-05, 2.54106289503e-05, 2.77891649603e-05, 1.8176931917e-05, 3.66519743693e-05, 2.83521494566e-05, 2.00714257517e-05, 1.22772953546e-05, 1.12315001388e-05, 1.05133249235e-05, 6.83062125972e-06, 6.76398440191e-06, 4.40456778961e-06, 4.86944554723e-06, 4.49347817266e-06, 2.8054255381e-06, 3.49678566636e-06, 2.5800354706e-06, 1.86032491456e-06, 2.08311621464e-06, 1.42108581258e-06, 1.17245667752e-06, 1.01522471141e-06, 9.45184581269e-07, 6.73052113598e-07, 6.83010966895e-07, 5.56330974177e-07, 4.80790731672e-07],
        "min": [2.7375609335e-08, 1.49945194039e-08, 4.66263117005e-09, 8.68648708519e-09, 1.75163528127e-08, 1.71218381695e-08, 2.13823170725e-07, 8.46493932727e-08, 4.59639615258e-08, 6.5116779524e-07, 2.21539568912e-08, 1.86106330347e-08, 4.81964406163e-08, 1.23910012917e-07, 9.54124246277e-09, 5.76316594447e-09, 4.63423305064e-07, 3.57008588026e-07, 1.62677793014e-07, 1.20085381639e-08, 3.66187902223e-09, 1.42552877946e-07, 1.07229167767e-08, 1.96738856317e-08, 2.92110158284e-08, 7.0056771051e-08, 6.11030515074e-08, 2.28228813626e-08, 3.80355054119e-08, 4.18817762693e-08, 4.09558342795e-09, 3.08845500285e-08, 2.2834930391e-08, 9.77462111251e-09, 1.55399053625e-08, 1.82225239342e-08, 8.99098129281e-09, 1.41347884508e-08, 1.01797477114e-08, 7.41587147246e-09],
        "stdev": [0.00379552831873, 0.00421046465635, 0.00201541045681, 0.00125048519112, 0.0018781790277, 0.00135516852606, 0.000381388905225, 0.000921801023651, 0.000447132595582, 0.000376222917112, 0.000172685438883, 9.44362327573e-05, 0.000129537584144, 5.1583207096e-05, 2.71131139016e-05, 1.83482825378e-05, 5.51569064555e-05, 2.60335509665e-05, 1.63165477716e-05, 2.28358549066e-05, 1.04726395875e-05, 8.18673925096e-06, 1.0715294593e-05, 6.99895235812e-06, 4.79897516925e-06, 4.29858710049e-06, 4.09990661865e-06, 4.13093584939e-06, 2.63243714471e-06, 2.46434751716e-06, 1.63344850534e-06, 1.31317460728e-06, 1.09352049549e-06, 8.20726825168e-07, 7.03245007116e-07, 6.07257049978e-07, 3.74507777678e-07, 4.44545690925e-07, 2.97359008528e-07, 2.83195873862e-07],
        "var": [1.44060350067e-05, 1.77280107891e-05, 4.06187973567e-06, 1.56371311277e-06, 3.52755637323e-06, 1.83648171515e-06, 1.45457505596e-07, 8.49717139317e-07, 1.999275554e-07, 1.41543679888e-07, 2.98202600391e-08, 8.91820217674e-09, 1.67799871775e-08, 2.6608271142e-09, 7.35120964102e-10, 3.36659450317e-10, 3.04228442438e-09, 6.77745803923e-10, 2.66229732704e-10, 5.2147625107e-10, 1.09676177862e-10, 6.70226929511e-11, 1.14817544361e-10, 4.89853366203e-11, 2.30301628462e-11, 1.84778494589e-11, 1.68092345598e-11, 1.7064632693e-11, 6.92972589034e-12, 6.0730084156e-12, 2.66815389227e-12, 1.72442756689e-12, 1.19578706746e-12, 6.73592529411e-13, 4.94553562599e-13, 3.68761146835e-13, 1.40256065768e-13, 1.97620877453e-13, 8.84223792276e-14, 8.01999051479e-14]
    },
    "melbands128": {
