{
"lowlevel": {
    "average_loudness": 0.963521420956,
    "barkbands_crest": {
        "dmean": 3.1224322319,
        "dmean2": 5.07528352737,
        "dvar": 7.89818143845,
        "dvar2": 19.0652770996,
        "max": 25.6333503723,
        "mean": 15.5433292389,
        "median": 15.9454193115,
        "min": 4.66721916199,
        "stdev": 4.40667057037,
        "var": 19.4187469482
    },
    "barkbands_flatness_db": {
        "dmean": 0.0442150905728,
        "dmean2": 0.0621759071946,
        "dvar": 0.00171549618244,
        "dvar2": 0.00308818276972,
        "max": 0.56854981184,
        "mean": 0.277719825506,
        "median": 0.279402315617,
        "min": 0.0673604905605,
        "stdev": 0.0856042951345,
        "var": 0.00732809584588
    },
    "barkbands_kurtosis": {
        "dmean": 23.0750255585,
        "dmean2": 33.722240448,
        "dvar": 1505.93432617,
        "dvar2": 3012.53979492,
        "max": 599.425537109,
        "mean": 40.4874305725,
        "median": 16.1032466888,
        "min": -1.60129594803,
        "stdev": 64.785736084,
        "var": 4197.19140625
    },
    "barkbands_skewness": {
        "dmean": 1.39728569984,
        "dmean2": 2.04962825775,
        "dvar": 2.11983585358,
        "dvar2": 4.50116682053,
        "max": 19.2933235168,
        "mean": 4.18875026703,
        "median": 3.45186233521,
        "min": -1.71479666233,
        "stdev": 3.08902072906,
        "var": 9.54204940796
    },
    "barkbands_spread": {
        "dmean": 4.97238445282,
        "dmean2": 7.12909317017,
        "dvar": 49.6240730286,
        "dvar2": 108.652404785,
        "max": 74.591506958,
        "mean": 9.56941890717,
        "median": 6.17446613312,
        "min": 0.269194811583,
        "stdev": 10.3780126572,
        "var": 107.703155518
    },
    "dissonance": {
        "dmean": 0.0451668575406,
        "dmean2": 0.0728174299002,
        "dvar": 0.00173765863292,
        "dvar2": 0.00430546421558,
        "max": 0.500000059605,
        "mean": 0.403392761946,
        "median": 0.417150616646,
        "min": 0.111403182149,
        "stdev": 0.0642118006945,
        "var": 0.00412315549329
    },
    "dynamic_complexity": 2.57814002037,
    "erbbands_crest": {
        "dmean": 3.63538694382,
        "dmean2": 5.89611530304,
        "dvar": 11.4821472168,
        "dvar2": 27.049123764,
        "max": 30.2087593079,
        "mean": 14.0249185562,
        "median": 13.7688341141,
        "min": 2.76257181168,
        "stdev": 5.97204685211,
        "var": 35.6653442383
    },
    "erbbands_flatness_db": {
        "dmean": 0.0321305096149,
        "dmean2": 0.0417348816991,
        "dvar": 0.000923167157453,
        "dvar2": 0.00164639158174,
        "max": 0.358561187983,
        "mean": 0.177053153515,
        "median": 0.171931818128,
        "min": 0.0547540672123,
        "stdev": 0.0627043843269,
        "var": 0.00393183948472
    },
    "erbbands_kurtosis": {
        "dmean": 4.32084369659,
        "dmean2": 6.44425868988,
        "dvar": 63.6973724365,
        "dvar2": 144.045135498,
        "max": 133.85723877,
        "mean": 6.01741838455,
        "median": 2.83360338211,
        "min": -1.84740138054,
        "stdev": 10.0405845642,
        "var": 100.813339233
    },
    "erbbands_skewness": {
        "dmean": 0.746250152588,
        "dmean2": 1.07593500614,
        "dvar": 0.573197185993,
        "dvar2": 1.21236872673,
        "max": 10.000535965,
        "mean": 1.08963191509,
        "median": 0.962612271309,
        "min": -3.41478013992,
        "stdev": 1.36602425575,
        "var": 1.8660223484
    },
    "erbbands_spread": {
        "dmean": 15.9398813248,
        "dmean2": 22.1764335632,
        "dvar": 352.085083008,
        "dvar2": 723.269470215,
        "max": 214.306442261,
        "mean": 39.1911430359,
        "median": 29.4717197418,
        "min": 2.25550484657,
        "stdev": 30.3105049133,
        "var": 918.726745605
    },
    "hfc": {
        "dmean": 12.2389240265,
        "dmean2": 17.7101230621,
        "dvar": 417.665924072,
        "dvar2": 910.505493164,
        "max": 153.658294678,
        "mean": 18.6793365479,
        "median": 10.1451349258,
        "min": 0.404731094837,
        "stdev": 23.1401882172,
        "var": 535.468322754
    },
    "loudness_ebu128": {
        "integrated": -15.7352552414,
        "loudness_range": 1.75130844116,
        "momentary": {
            "dmean": 0.809133172035,
            "dmean2": 1.05893969536,
            "dvar": 0.359679043293,
            "dvar2": 0.703430116177,
            "max": -11.9968004227,
            "mean": -16.0482006073,
            "median": -15.8195896149,
            "min": -21.1509475708,
            "stdev": 1.7046533823,
            "var": 2.90584301949
        },
        "short_term": {
            "dmean": 0.0741262286901,
            "dmean2": 0.0824105963111,
            "dvar": 0.00363710895181,
            "dvar2": 0.0053940070793,
            "max": -14.699842453,
            "mean": -15.7548217773,
            "median": -15.6060810089,
            "min": -16.9638710022,
            "stdev": 0.640035152435,
            "var": 0.409644961357
        }
    },
    "melbands_crest": {
        "dmean": 3.65352010727,
        "dmean2": 5.84663391113,
        "dvar": 11.2547874451,
        "dvar2": 26.8234539032,
        "max": 34.72889328,
        "mean": 19.8014297485,
        "median": 19.8845748901,
        "min": 5.87174940109,
        "stdev": 6.01058721542,
        "var": 36.1271591187
    },
    "melbands_flatness_db": {
        "dmean": 0.0522409379482,
        "dmean2": 0.070452362299,
        "dvar": 0.00246564624831,
        "dvar2": 0.00427257409319,
        "max": 0.717914223671,
        "mean": 0.372461259365,
        "median": 0.376961767673,
        "min": 0.0850840061903,
        "stdev": 0.109582610428,
        "var": 0.0120083484799
    },
    "melbands_kurtosis": {
        "dmean": 41.5311889648,
        "dmean2": 61.5188064575,
        "dvar": 5934.08789062,
        "dvar2": 12395.5019531,
        "max": 1499.68200684,
        "mean": 69.6293029785,
        "median": 27.0894412994,
        "min": -1.22319114208,
        "stdev": 116.189247131,
        "var": 13499.9404297
    },
    "melbands_skewness": {
        "dmean": 1.69089746475,
        "dmean2": 2.49154448509,
        "dvar": 3.64410710335,
        "dvar2": 7.53458356857,
        "max": 28.9860267639,
        "mean": 4.81923627853,
        "median": 4.19965982437,
        "min": -1.44986963272,
        "stdev": 3.5147767067,
        "var": 12.3536558151
    },
    "melbands_spread": {
        "dmean": 3.04568195343,
        "dmean2": 4.54116106033,
        "dvar": 15.2234840393,
        "dvar2": 31.9281253815,
        "max": 48.3091278076,
        "mean": 7.19247770309,
        "median": 4.56791543961,
        "min": 0.248005047441,
        "stdev": 6.88411521912,
        "var": 47.391040802
    },
    "pitch_salience": {
        "dmean": 0.0831875577569,
        "dmean2": 0.134565964341,
        "dvar": 0.00650840811431,
        "dvar2": 0.0151643073186,
        "max": 0.884478509426,
        "mean": 0.40475833416,
        "median": 0.38897767663,
        "min": 0.0559229254723,
        "stdev": 0.131951034069,
        "var": 0.0174110755324
    },
    "silence_rate_20dB": {
        "dmean": 0.00412796717137,
        "dmean2": 0.00826019607484,
        "dvar": 0.00411098264158,
        "dvar2": 0.00922481436282,
        "max": 1,
        "mean": 0.994842708111,
        "median": 1,
        "min": 0,
        "stdev": 0.0716295018792,
        "var": 0.00513078551739
    },
    "silence_rate_30dB": {
        "dmean": 0.159442722797,
        "dmean2": 0.318533807993,
        "dvar": 0.134020522237,
        "dvar2": 0.261471480131,
        "max": 1,
        "mean": 0.738009274006,
        "median": 1,
        "min": 0,
        "stdev": 0.439714193344,
        "var": 0.193348571658
    },
    "silence_rate_60dB": {
        "dmean": 0.00928792543709,
        "dmean2": 0.0185854416341,
        "dvar": 0.00920150056481,
        "dvar2": 0.0223702974617,
        "max": 1,
        "mean": 0.0103145949543,
        "median": 0,
        "min": 0,
        "stdev": 0.10103636235,
        "var": 0.010208346881
    },
    "spectral_centroid": {
        "dmean": 175.961425781,
        "dmean2": 248.388381958,
        "dvar": 58810.1875,
        "dvar2": 117511.90625,
        "max": 3043.03271484,
        "mean": 623.555114746,
        "median": 500.696624756,
        "min": 112.921264648,
        "stdev": 432.720062256,
        "var": 187246.640625
    },
    "spectral_complexity": {
        "dmean": 3.22342610359,
        "dmean2": 4.63345384598,
        "dvar": 33.3398170471,
        "dvar2": 59.7121315002,
        "max": 54,
        "mean": 9.59566783905,
        "median": 8,
        "min": 1,
        "stdev": 7.51086235046,
        "var": 56.4130554199
    },
    "spectral_decrease": {
        "dmean": 1.04107602539e-08,
        "dmean2": 1.63514570772e-08,
        "dvar": 2.36764528771e-16,
        "dvar2": 5.19323364439e-16,
        "max": -4.26467028358e-10,
        "mean": -2.00782626081e-08,
        "median": -1.40981430974e-08,
        "min": -1.0751882229e-07,
        "stdev": 2.02129903926e-08,
        "var": 4.0856496568e-16
    },
    "spectral_energy": {
        "dmean": 0.0400695689023,
        "dmean2": 0.0626917332411,
        "dvar": 0.00347701343708,
        "dvar2": 0.00758890062571,
        "max": 0.410654813051,
        "mean": 0.0774741992354,
        "median": 0.0545033626258,
        "min": 0.00171077041887,
        "stdev": 0.0774372592568,
        "var": 0.00599652854726
    },
    "spectral_energyband_high": {
        "dmean": 0.000786130898632,
        "dmean2": 0.00118682370521,
        "dvar": 2.59723901763e-06,
        "dvar2": 6.29642408967e-06,
        "max": 0.0105184828863,
        "mean": 0.000753089261707,
        "median": 0.000105194027128,
        "min": 1.62684227689e-06,
        "stdev": 0.00163236260414,
        "var": 2.6646077913e-06
    },
    "spectral_energyband_low": {
        "dmean": 0.034443821758,
        "dmean2": 0.0545701310039,
        "dvar": 0.00298212608323,
        "dvar2": 0.00655340310186,
        "max": 0.397083342075,
        "mean": 0.0646097883582,
        "median": 0.0443591214716,
        "min": 1.96302607947e-06,
        "stdev": 0.0727642476559,
        "var": 0.00529463542625
    },
    "spectral_energyband_middle_high": {
        "dmean": 0.00149360264186,
        "dmean2": 0.0022122443188,
        "dvar": 9.28488134377e-06,
        "dvar2": 2.05007308978e-05,
        "max": 0.026232086122,
        "mean": 0.00298409257084,
        "median": 0.00117744063027,
        "min": 1.2190068901e-06,
        "stdev": 0.00436451844871,
        "var": 1.90490209206e-05
    },
    "spectral_energyband_middle_low": {
        "dmean": 0.00751669146121,
        "dmean2": 0.01204914134,
        "dvar": 0.000239886445343,
        "dvar2": 0.000614753516857,
        "max": 0.157226681709,
        "mean": 0.0105625996366,
        "median": 0.00611968012527,
        "min": 0.000339257152518,
        "stdev": 0.0147682735696,
        "var": 0.000218101908104
    },
    "spectral_entropy": {
        "dmean": 0.40753993392,
        "dmean2": 0.505522251129,
        "dvar": 0.139500379562,
        "dvar2": 0.247017070651,
        "max": 8.46469020844,
        "mean": 6.91059494019,
        "median": 6.95113182068,
        "min": 4.46903800964,
        "stdev": 0.720096170902,
        "var": 0.518538534641
    },
    "spectral_flux": {
        "dmean": 0.0637373030186,
        "dmean2": 0.0978058576584,
        "dvar": 0.00620305445045,
        "dvar2": 0.0122515009716,
        "max": 0.556815028191,
        "mean": 0.125049218535,
        "median": 0.0848449394107,
        "min": 0.0118375970051,
        "stdev": 0.103997774422,
        "var": 0.0108155366033
    },
    "spectral_kurtosis": {
        "dmean": 3.49153828621,
        "dmean2": 4.63477420807,
        "dvar": 17.5347003937,
        "dvar2": 36.1039886475,
        "max": 42.951499939,
        "mean": 6.28407716751,
        "median": 4.34474086761,
        "min": -1.38090622425,
        "stdev": 6.03794384003,
        "var": 36.4567680359
    },
    "spectral_rms": {
        "dmean": 0.0020846016705,
        "dmean2": 0.00314869871363,
        "dvar": 6.74369584885e-06,
        "dvar2": 1.38756604429e-05,
        "max": 0.0200159642845,
        "mean": 0.00772162852809,
        "median": 0.00729205133393,
        "min": 0.00129191495944,
        "stdev": 0.00399513915181,
        "var": 1.5961135432e-05
    },
    "spectral_rolloff": {
        "dmean": 245.453155518,
        "dmean2": 410.399871826,
        "dvar": 524655.5,
        "dvar2": 1271953.125,
        "max": 9453.07617188,
        "mean": 450.343292236,
        "median": 150.732421875,
        "min": 64.599609375,
        "stdev": 802.993347168,
        "var": 644798.3125
    },
    "spectral_skewness": {
        "dmean": 0.539833903313,
        "dmean2": 0.679094076157,
        "dvar": 0.268795102835,
        "dvar2": 0.509956896305,
        "max": 5.72156715393,
        "mean": 2.22713875771,
        "median": 2.02845692635,
        "min": 0.304302632809,
        "stdev": 0.908243656158,
        "var": 0.824906587601
    },
    "spectral_spread": {
        "dmean": 1738754.375,
        "dmean2": 2248251,
        "dvar": 2.6675338281e+12,
        "dvar2": 5.34735644262e+12,
        "max": 18194064,
        "mean": 6865619.5,
        "median": 6525220,
        "min": 1738587,
        "stdev": 2640697.25,
        "var": 6.97328205824e+12
    },
    "spectral_strongpeak": {
        "dmean": 0.29198333621,
        "dmean2": 0.491786956787,
        "dvar": 0.173491239548,
        "dvar2": 0.420676410198,
        "max": 5.33362102509,
        "mean": 0.643590807915,
        "median": 0.424643546343,
        "min": 0,
        "stdev": 0.653371691704,
        "var": 0.42689460516
    },
    "zerocrossingrate": {
        "dmean": 0.0113383037969,
        "dmean2": 0.0129481498152,
        "dvar": 0.000157068279805,
        "dvar2": 0.000180606337381,
        "max": 0.2080078125,
        "mean": 0.0333109050989,
        "median": 0.02490234375,
        "min": 0.001953125,
        "stdev": 0.0280126724392,
        "var": 0.000784709816799
    },
    "barkbands": {
        "dmean": [0.00256068818271, 0.0270377621055, 0.010131479241, 0.00206497870386, 0.0021789255552, 0.00174703658558, 0.00107539165765, 0.000905673310626, 0.00151138182264, 0.000781764509156, 0.000299458275549, 0.000130794214783, 0.00021323459805, 5.67926981603e-05, 4.80213930132e-05, 5.306771709e-05, 5.13593477081e-05, 5.42166162631e-05, 0.000165246397955, 7.56869048928e-05, 7.05263519194e-05, 7.00857781339e-05, 5.71710152144e-05, 0.000120833938126, 0.000371756701497, 0.000107275467599, 7.39327976618e-09],
        "dmean2": [0.00444559426978, 0.0420387238264, 0.0184875763953, 0.00376923196018, 0.00354244979098, 0.00297614489682, 0.00197714497335, 0.00144793372601, 0.0025530566927, 0.00119020207785, 0.000476613175124, 0.000228136355872, 0.000348709756508, 9.66647930909e-05, 8.09689081507e-05, 8.65649053594e-05, 8.39584536152e-05, 8.81009618752e-05, 0.000256901024841, 0.000113652560685, 0.00010130382725, 9.6214163932e-05, 8.21796784294e-05, 0.000192784078536, 0.000627283239737, 0.000158305498189, 1.03236708071e-08],
        "dvar": [2.9580995033e-05, 0.00177817977965, 0.000471288745757, 1.75708737515e-05, 3.18962593155e-05, 1.88788690139e-05, 1.90003465832e-05, 2.61673744717e-06, 1.07933328763e-05, 3.38700101565e-06, 9.44434304984e-07, 2.12658548548e-07, 6.10575966675e-07, 3.89126739719e-08, 3.0443025878e-08, 3.48519222371e-08, 2.19644746835e-08, 2.78769629602e-08, 2.52880937524e-07, 4.57441657886e-08, 4.83980322485e-08, 3.84094533956e-08, 1.55009214353e-08, 9.01133603293e-08, 9.34164518185e-07, 4.44705356983e-08, 2.46492279712e-14],
        "dvar2": [8.01661954029e-05, 0.00386881618761, 0.00131856277585, 4.90025340696e-05, 7.80242553446e-05, 5.07763616042e-05, 5.52188284928e-05, 6.38212804915e-06, 2.85311507469e-05, 6.86128942107e-06, 2.13917542169e-06, 5.85685143051e-07, 1.45397405049e-06, 1.05285245411e-07, 8.12046110354e-08, 8.64179199311e-08, 5.46702985105e-08, 7.11509855478e-08, 6.11040945842e-07, 1.09810834203e-07, 1.05474768475e-07, 7.58635039233e-08, 3.16974428927e-08, 2.41243668597e-07, 2.57687634075e-06, 1.00785236157e-07, 2.47099568454e-14],
        "max": [0.0503137595952, 0.367947041988, 0.153736233711, 0.0347252637148, 0.0682763978839, 0.0403416864574, 0.0438243821263, 0.0188177134842, 0.0330353230238, 0.0237830877304, 0.0183991678059, 0.0055388500914, 0.0095255440101, 0.00310757523403, 0.00258370023221, 0.00192570325453, 0.00169224536512, 0.00209534121677, 0.00603295769542, 0.00238857814111, 0.00280581903644, 0.00223265006207, 0.00117945007514, 0.00279601640068, 0.00761659489945, 0.00154808431398, 6.83935741108e-06],
        "mean": [0.00266534159891, 0.0476486906409, 0.0130320917815, 0.00218349811621, 0.0025910877157, 0.00169198622461, 0.00084339256864, 0.00114112533629, 0.00175756996032, 0.00198188028298, 0.000442152377218, 9.91566848825e-05, 0.000204961936106, 5.054637586e-05, 4.22453231295e-05, 4.70621998829e-05, 4.46527446911e-05, 4.61096897197e-05, 0.000165270801517, 7.92739447206e-05, 7.70319093135e-05, 7.8431374277e-05, 5.80490232096e-05, 0.000109257714939, 0.000281079992419, 0.000112292182166, 6.82185197221e-09],
        "median": [0.000790327088907, 0.0289035420865, 0.00869784876704, 0.00115355534945, 0.0010664081201, 0.000570122501813, 0.000212437604205, 0.000570084084757, 0.00049518927699, 0.000488488993142, 6.41059959889e-05, 1.245000567e-05, 1.02952399175e-05, 7.87596218288e-06, 4.60331648355e-06, 4.27482700616e-06, 4.14938176618e-06, 3.03698789139e-06, 8.63757122715e-06, 7.13096824256e-06, 7.19370200386e-06, 7.06915989213e-06, 8.71171687322e-06, 1.93286268768e-05, 3.83936276194e-05, 9.67826235865e-06, 8.28370649852e-10],
        "min": [2.47748808135e-08, 8.13862243376e-07, 9.47291241005e-08, 4.19056988221e-07, 3.89747510781e-05, 4.01468980726e-07, 1.23372188909e-07, 1.59241807296e-07, 5.53926717828e-08, 3.55486065473e-07, 1.57529704836e-08, 3.93296275547e-08, 3.86646625827e-09, 1.58230495373e-08, 4.25211021948e-09, 3.70127306581e-09, 5.59839996583e-09, 8.264842144e-09, 1.79997279304e-08, 3.07250616061e-08, 3.82730256376e-08, 3.79705795694e-08, 8.28171522471e-08, 1.45547062402e-07, 6.79066715747e-07, 3.03416044289e-07, 1.82430649363e-13],
        "stdev": [0.00503881508484, 0.0590217709541, 0.01848757267, 0.00357597111724, 0.00553847150877, 0.00387375475839, 0.00326706958003, 0.00177821295802, 0.00322565762326, 0.00340568716638, 0.00128570350353, 0.000378020660719, 0.000802356749773, 0.000165654681041, 0.000152924330905, 0.000174169734237, 0.000140396936331, 0.000155133267981, 0.000510788580868, 0.000222394388402, 0.000247767631663, 0.000236695443164, 0.000143990677316, 0.000261654669885, 0.000782860559411, 0.000235339975916, 1.56994133249e-07],
        "var": [2.53896578215e-05, 0.00348356924951, 0.000341790349921, 1.27875700855e-05, 3.06746660499e-05, 1.50059759108e-05, 1.0673743418e-05, 3.16204113915e-06, 1.04048667708e-05, 1.15987049867e-05, 1.65303345057e-06, 1.42899622801e-07, 6.43776388642e-07, 2.74414730939e-08, 2.33858497012e-08, 3.03350979891e-08, 1.97113010358e-08, 2.40663311502e-08, 2.60904982952e-07, 4.94592633515e-08, 6.1388803374e-08, 5.60247350734e-08, 2.07333155089e-08, 6.84631586978e-08, 6.12870678651e-07, 5.53849055507e-08, 2.46471561287e-14]
    },
    "erbbands": {
        "dmean": [1.05134248734, 5.67944765091, 12.0640220642, 9.0720205307, 6.75556564331, 7.64668321609, 7.52568292618, 17.2232952118, 14.6260185242, 23.5649833679, 16.2496852875, 37.902759552, 16.9837284088, 25.6157341003, 13.1557569504, 5.71773147583, 9.9868478775, 3.78129887581, 2.6617372036, 2.55626249313, 3.06008219719, 2.85641860962, 2.8740363121, 3.82817411423, 10.2467784882, 3.76600909233, 2.82007813454, 2.83787536621, 2.63766312599, 2.11969661713, 1.55358183384, 1.51631712914, 2.97564291954, 4.66337108612, 2.1624481678, 0.727138876915, 0.181521475315, 0.00464150030166, 0.000161985590239, 5.20491375937e-05],
        "dmean2": [1.57669603825, 9.49645805359, 21.8187503815, 16.5967998505, 11.1598978043, 12.9423961639, 12.9648942947, 29.3343429565, 26.6795711517, 39.8809967041, 26.7498168945, 64.0721282959, 26.458398819, 38.1841316223, 21.427936554, 9.55981445312, 15.894449234, 6.26816892624, 4.3978471756, 4.23398828506, 4.88274431229, 4.69204473495, 4.68446493149, 5.7632393837, 16.2438049316, 5.65046930313, 4.1610622406, 4.04867076874, 3.62965893745, 3.02723860741, 2.25210142136, 2.26723313332, 4.93606424332, 8.12697219849, 3.48995566368, 1.09208011627, 0.269089847803, 0.00687248446047, 0.000236038860749, 7.7321237768e-05],
        "dvar": [2.88785767555, 87.2028503418, 643.76184082, 359.971405029, 249.345001221, 439.378997803, 278.208007812, 2035.18774414, 2933.79150391, 4033.52026367, 799.822875977, 6795.65234375, 2007.34814453, 4312.60400391, 1772.56848145, 341.188110352, 1244.19226074, 192.986404419, 59.8429985046, 92.4880599976, 126.191413879, 64.5959091187, 68.4480514526, 108.017623901, 1088.59082031, 117.88684082, 74.2219772339, 80.5082092285, 56.2345695496, 30.6761131287, 10.7964315414, 9.29600048065, 62.7882843018, 168.004592896, 26.0620040894, 2.06524705887, 0.140018686652, 9.31666581891e-05, 8.66082316975e-08, 5.38944977535e-09],
        "dvar2": [6.10900354385, 212.720947266, 1781.21643066, 1013.06878662, 576.712646484, 1168.05700684, 755.645385742, 5505.19921875, 8557.33789062, 11366.4335938, 1970.2923584, 18075.2011719, 4880.26367188, 9123.328125, 4441.12744141, 879.440795898, 2873.5234375, 514.479980469, 154.896728516, 245.018432617, 312.991119385, 160.091308594, 171.321212769, 237.153182983, 2687.22558594, 285.786651611, 173.030426025, 170.543945312, 113.744941711, 60.5151634216, 22.948589325, 22.2008590698, 171.853622437, 470.244018555, 69.7549819946, 4.93078994751, 0.310831040144, 0.000208893397939, 1.92446520941e-07, 1.07006616901e-08],
        "max": [17.2421722412, 75.3032913208, 188.952789307, 135.818450928, 248.238510132, 226.587905884, 175.989440918, 369.00769043, 503.347412109, 658.109985352, 318.068786621, 803.429504395, 709.86730957, 975.393249512, 728.325866699, 193.475738525, 463.584289551, 209.472061157, 103.603187561, 132.449386597, 127.730117798, 79.2644805908, 96.1719436646, 91.6088562012, 381.197784424, 123.574584961, 102.246009827, 100.531974792, 84.3572006226, 58.3401069641, 29.5116233826, 34.0544052124, 62.0368537903, 87.2839202881, 44.16588974, 9.00150871277, 3.67077565193, 0.0999656766653, 0.00259968126193, 0.000566276314203],
        "mean": [1.88951337337, 8.7101764679, 15.158156395, 11.2302036285, 7.84478139877, 8.7860994339, 7.76134538651, 15.8544902802, 12.8560209274, 22.9839420319, 21.9587650299, 46.3783493042, 30.6000900269, 64.0540847778, 19.6873893738, 5.35979890823, 9.80533981323, 3.37760019302, 2.41989183426, 2.25694537163, 2.68533229828, 2.45824313164, 2.51441550255, 3.9753112793, 10.0742664337, 3.92339920998, 2.98963594437, 3.14579153061, 2.8930182457, 2.30018854141, 1.57053184509, 1.65082669258, 2.37494635582, 3.31891846657, 1.77539873123, 0.718749642372, 0.192066401243, 0.0048488304019, 0.000188029764104, 9.91956403595e-05],
        "median": [1.01592719555, 5.51731491089, 9.18479633331, 7.77616405487, 3.33763432503, 3.82958483696, 3.05637073517, 4.06162691116, 4.13021802902, 8.58340644836, 10.5323696136, 14.6083431244, 10.0606536865, 13.3641414642, 4.35256910324, 1.05745947361, 0.502025723457, 0.481555074453, 0.377995669842, 0.239859327674, 0.226088568568, 0.225799098611, 0.196674898267, 0.349996060133, 0.39528849721, 0.355293035507, 0.30526509881, 0.266532123089, 0.248174235225, 0.263814151287, 0.236402511597, 0.350730389357, 0.35409528017, 0.426155120134, 0.257738739252, 0.0763684287667, 0.0126997306943, 0.000314551201882, 4.61987656308e-05, 6.76892523188e-05],
        "min": [2.97777387459e-05, 0.000167611942743, 0.000536383129656, 0.00844823569059, 0.125546440482, 0.0962893441319, 0.0292710922658, 0.00646056421101, 0.00319344759919, 0.00769965723157, 0.0031025854405, 0.00193394778762, 0.00844062678516, 0.00458663515747, 0.00137821107637, 0.00182280945592, 0.00127792591229, 0.00252296845429, 0.00116808421444, 0.00152026093565, 0.00177394994535, 0.0010721986182, 0.00107798108365, 0.000818018044811, 0.000962145102676, 0.00175546016544, 0.00152048375458, 0.00133016647305, 0.00156979542226, 0.00149940501433, 0.00259305001236, 0.00332691147923, 0.00246643973514, 0.0048869587481, 0.00558824790642, 0.00172147084959, 0.000460335984826, 1.22301880765e-05, 1.6272620087e-06, 2.27832811106e-06],
        "stdev": [2.56104922295, 10.7655735016, 21.9314098358, 16.2157478333, 15.9959201813, 18.5155105591, 14.8504657745, 39.6664428711, 40.6563682556, 51.9131660461, 33.1233940125, 82.4107437134, 55.0414009094, 120.594558716, 50.0109100342, 16.555524826, 38.0606002808, 11.9249792099, 7.07968902588, 8.3740196228, 10.5527601242, 7.58784198761, 7.89267396927, 11.102812767, 32.7628898621, 11.0794057846, 9.20180130005, 10.4103660583, 8.92489624023, 6.5806927681, 3.72669172287, 3.19712758064, 6.53395318985, 10.1799678802, 4.38537740707, 1.48631751537, 0.430242657661, 0.011014371179, 0.000336039141985, 9.76359660854e-05],
        "var": [6.55897331238, 115.897583008, 480.986724854, 262.950500488, 255.869476318, 342.824157715, 220.536331177, 1573.42675781, 1652.94018555, 2694.97680664, 1097.15917969, 6791.53027344, 3029.5559082, 14543.046875, 2501.09130859, 274.085418701, 1448.609375, 142.205123901, 50.1219978333, 70.124206543, 111.36075592, 57.5753440857, 62.2943000793, 123.272453308, 1073.40686035, 122.753234863, 84.6731491089, 108.375717163, 79.6537704468, 43.305519104, 13.8882303238, 10.2216243744, 42.6925468445, 103.631736755, 19.2315330505, 2.20913958549, 0.185108736157, 0.000121316370496, 1.12922300843e-07, 9.53278167515e-09]
    },
    "gfcc": {
        "mean": [-42.7043304443, 106.991493225, -38.6565170288, 27.1295509338, -66.0201416016, 32.8946380615, -24.1029472351, 35.1158905029, -27.2566184998, 6.75073623657, -15.7603368759, -2.90146970749, -4.07271575928],
        "cov": [[5633.33984375, -1155.38867188, -1085.96569824, 424.681945801, -195.667984009, -209.138656616, -99.0034637451, -26.5452003479, -198.219985962, 153.784072876, -111.719474792, 280.581787109, -239.870391846], [-1155.38867188, 1276.43310547, 253.624542236, -344.881866455, 75.1621246338, 45.8159484863, 264.648468018, 72.4469680786, 124.356506348, -203.066741943, 222.063827515, -51.8533935547, 193.400024414], [-1085.96569824, 253.624542236, 1118.44812012, 189.692581177, 283.033843994, 345.221435547, 189.685897827, 141.414276123, 163.596374512, 4.47830438614, 15.8133087158, -107.341880798, 21.477809906], [424.681945801, -344.881866455, 189.692581177, 704.069580078, 399.081207275, 55.9091911316, -49.2299575806, -44.1147613525, 86.381942749, 149.597183228, 22.6837844849, -98.1675949097, -176.578292847], [-195.667984009, 75.1621246338, 283.033843994, 399.081207275, 547.807983398, 185.970947266, -41.6814498901, -59.9841384888, 117.150810242, 105.016494751, 104.448493958, -91.758140564, -98.811126709], [-209.138656616, 45.8159484863, 345.221435547, 55.9091911316, 185.970947266, 333.246765137, 101.602088928, 10.3128223419, 48.6141319275, -29.821762085, -19.484085083, -21.7935333252, 5.5792388916], [-99.0034637451, 264.648468018, 189.685897827, -49.2299575806, -41.6814498901, 101.602088928, 385.624359131, 128.117767334, -46.544719696, -165.857421875, -39.5629844666, -5.09249019623, 80.0686569214], [-26.5452003479, 72.4469680786, 141.414276123, -44.1147613525, -59.9841384888, 10.3128223419, 128.117767334, 194.786605835, 3.94826292992, -66.2038955688, -9.37421321869, -19.7144985199, 53.8208732605], [-198.219985962, 124.356506348, 163.596374512, 86.381942749, 117.150810242, 48.6141319275, -46.544719696, 3.94826292992, 194.49281311, 68.954750061, 42.5717926025, -50.5136833191, -31.0492134094], [153.784072876, -203.066741943, 4.47830438614, 149.597183228, 105.016494751, -29.821762085, -165.857421875, -66.2038955688, 68.954750061, 212.819229126, 58.2445831299, -20.5336742401, -108.752258301], [-111.719474792, 222.063827515, 15.8133087158, 22.6837844849, 104.448493958, -19.484085083, -39.5629844666, -9.37421321869, 42.5717926025, 58.2445831299, 206.933334351, 18.3679351807, -3.18239426613], [280.581787109, -51.8533935547, -107.341880798, -98.1675949097, -91.758140564, -21.7935333252, -5.09249019623, -19.7144985199, -50.5136833191, -20.5336742401, 18.3679351807, 137.091033936, 50.2671279907], [-239.870391846, 193.400024414, 21.477809906, -176.578292847, -98.811126709, 5.5792388916, 80.0686569214, 53.8208732605, -31.0492134094, -108.752258301, -3.18239426613, 50.2671279907, 166.783432007]],
        "icov": [[0.000371773639927, -6.84192564222e-05, 0.000481515104184, -0.00047921447549, 0.00020853523165, -0.00034948537359, -6.81214296492e-05, -0.000598597864155, 6.22444858891e-05, -0.000335785822244, 0.000290764437523, -0.00101024878677, 0.00050843617646], [-6.84192564222e-05, 0.00444952724501, -0.000745305500459, 0.0031539958436, -0.00210052565672, 0.00237388117239, -0.00286272959784, 0.00273204199038, -0.00348169659264, 0.00395572418347, -0.00496835075319, 0.00340758753009, -0.00184462126344], [0.000481515104184, -0.000745305500459, 0.00256100064144, -0.00134460674599, 0.000487684970722, -0.00234016822651, -0.000132963919896, -0.00215070322156, -0.000140056930832, -0.00183155306149, 0.00106237921864, -0.00107197859325, 5.14816965733e-05], [-0.00047921447549, 0.0031539958436, -0.00134460674599, 0.00617968384176, -0.00441379798576, 0.0033842548728, -0.00250150007196, 0.00220370059833, -0.00238519371487, 0.00227346736938, -0.00246902904473, 0.00307459942997, 0.000195435161004], [0.00020853523165, -0.00210052565672, 0.000487684970722, -0.00441379798576, 0.00695533212274, -0.00414624530822, 0.00186682795174, -0.000148250095663, 0.00121479842346, -0.00163687730674, -0.000529996643309, 0.000126433180412, 0.000521465670317], [-0.00034948537359, 0.00237388117239, -0.00234016822651, 0.0033842548728, -0.00414624530822, 0.00793316494673, -0.00253521325067, 0.00277779088356, -0.00227970443666, 0.00306339166127, -0.000929901842028, 0.000920067774132, -0.000494061037898], [-6.81214296492e-05, -0.00286272959784, -0.000132963919896, -0.00250150007196, 0.00186682795174, -0.00253521325067, 0.00711633404717, -0.00351511780173, 0.00307463877834, 0.00107342528645, 0.00258456263691, -0.00178411765955, 0.00135844596662], [-0.000598597864155, 0.00273204199038, -0.00215070322156, 0.00220370059833, -0.000148250095663, 0.00277779088356, -0.00351511780173, 0.010651294142, -0.00267260987312, 0.00338357011788, -0.00409702397883, 0.00516835460439, -0.0032764102798], [6.22444858891e-05, -0.00348169659264, -0.000140056930832, -0.00238519371487, 0.00121479842346, -0.00227970443666, 0.00307463877834, -0.00267260987312, 0.01022609137, -0.00481934007257, 0.00301322015002, -0.000749396160245, 0.000846590963192], [-0.000335785822244, 0.00395572418347, -0.00183155306149, 0.00227346736938, -0.00163687730674, 0.00306339166127, 0.00107342528645, 0.00338357011788, -0.00481934007257, 0.0155652984977, -0.00662800157443, 0.00254652183503, 0.00325175188482], [0.000290764437523, -0.00496835075319, 0.00106237921864, -0.00246902904473, -0.000529996643309, -0.000929901842028, 0.00258456263691, -0.00409702397883, 0.00301322015002, -0.00662800157443, 0.0128603968769, -0.00663979258388, 0.00171270116698], [-0.00101024878677, 0.00340758753009, -0.00107197859325, 0.00307459942997, 0.000126433180412, 0.000920067774132, -0.00178411765955, 0.00516835460439, -0.000749396160245, 0.00254652183503, -0.00663979258388, 0.0162155162543, -0.00627127476037], [0.00050843617646, -0.00184462126344, 5.14816965733e-05, 0.000195435161004, 0.000521465670317, -0.000494061037898, 0.00135844596662, -0.0032764102798, 0.000846590963192, 0.00325175188482, 0.00171270116698, -0.00627127476037, 0.0139976534992]]
    },
    "melbands": {
        "dmean": [0.00815856363624, 0.00614571012557, 0.00146793411113, 0.000510278448928, 0.000275919970591, 0.000370380090317, 0.000226570613449, 0.000260056491243, 0.000163243414136, 0.000220105081098, 8.28958436614e-05, 0.00011029689631, 4.50163206551e-05, 1.85157168744e-05, 2.01163002203e-05, 1.82405601663e-05, 5.98506449023e-06, 4.35420315625e-06, 3.61943102689e-06, 3.58384227184e-06, 3.57733620149e-06, 3.01637260236e-06, 2.68564258477e-06, 2.52427412306e-06, 2.82010933006e-06, 7.7891500041e-06, 4.8364495342e-06, 2.12951408685e-06, 1.82363794465e-06, 1.67991311173e-06, 1.57309466431e-06, 1.47105276938e-06, 1.44913724398e-06, 1.09639108814e-06, 8.78280502548e-07, 8.90000706022e-07, 9.24425819449e-07, 1.64104585565e-06, 3.37521692018e-06, 4.24323934567e-06],
        "dmean2": [0.012412533164, 0.0106523698196, 0.00264849211089, 0.000834133359604, 0.000476699147839, 0.000632878683973, 0.000415345712099, 0.000434839574154, 0.000272253324511, 0.000370379857486, 0.000129582491354, 0.000164816869074, 7.21941323718e-05, 3.20750004903e-05, 3.35290023941e-05, 2.99638213619e-05, 1.00297083918e-05, 7.21977221474e-06, 6.09602875556e-06, 5.90221270613e-06, 5.7663314692e-06, 4.9727204896e-06, 4.50417201137e-06, 4.06487379223e-06, 4.25437974627e-06, 1.23931486087e-05, 7.47763397158e-06, 3.3143858218e-06, 2.78061406789e-06, 2.52381460086e-06, 2.24228642765e-06, 2.02492651624e-06, 2.12783220377e-06, 1.57115744059e-06, 1.29063425902e-06, 1.33643709432e-06, 1.39124858833e-06, 2.63811557488e-06, 5.89017827224e-06, 7.43242844692e-06],
        "dvar": [0.000163546515978, 0.000137720882776, 8.69775794854e-06, 1.6100391349e-06, 4.27614821774e-07, 9.18061118682e-07, 7.77582329192e-07, 3.94190863062e-07, 9.81518937238e-08, 2.24780336566e-07, 5.25720906808e-08, 8.04457442882e-08, 2.53125911343e-08, 3.66357832959e-09, 5.56116486194e-09, 4.31691749014e-09, 4.96884755563e-10, 1.47790391036e-10, 2.02189029408e-10, 1.55699619864e-10, 1.90288784729e-10, 7.93366344842e-11, 5.15745259e-11, 6.04226529921e-11, 6.23136195421e-11, 6.44028941288e-10, 2.00960942331e-10, 4.9195005708e-11, 3.1912011228e-11, 3.39464879817e-11, 2.43294013408e-11, 1.88215016489e-11, 1.75300676752e-11, 7.90306535492e-12, 3.84340302639e-12, 3.47000228031e-12, 3.23885905075e-12, 1.54110318257e-11, 1.02725265794e-10, 1.41305717127e-10],
        "dvar2": [0.000345614098478, 0.000370774534531, 2.42260139203e-05, 3.86795682061e-06, 1.17707679692e-06, 2.49256004281e-06, 2.26686006499e-06, 1.08826020551e-06, 2.5537119086e-07, 5.93772256252e-07, 1.29650544523e-07, 1.6841499928e-07, 6.07067818237e-08, 1.01506874017e-08, 1.35492408404e-08, 1.0729011457e-08, 1.35039701643e-09, 3.86084941795e-10, 5.44272626968e-10, 4.06004729836e-10, 4.75084471763e-10, 2.01607064376e-10, 1.29484728495e-10, 1.51182732999e-10, 1.38098574243e-10, 1.60758595324e-09, 4.76302886021e-10, 1.22193796748e-10, 7.67765920284e-11, 7.80492476204e-11, 5.07016963136e-11, 3.81175646602e-11, 3.85162977901e-11, 1.52347960636e-11, 8.28246499163e-12, 8.00699610781e-12, 7.8188957045e-12, 4.08186054401e-11, 2.89177765067e-10, 3.96353228016e-10],
        "max": [0.12257886678, 0.0750838816166, 0.0202847141773, 0.0162358339876, 0.00752453226596, 0.00792402680963, 0.00832549016923, 0.00618441449478, 0.0036107681226, 0.00454980274662, 0.00352542032488, 0.00413666246459, 0.00302883260883, 0.000684096943587, 0.000913320051041, 0.000671346846502, 0.000327360117808, 0.000152666005306, 0.000210682686884, 0.000137932656799, 0.000171501131263, 9.37062359299e-05, 7.46494552004e-05, 9.49829918682e-05, 7.94565421529e-05, 0.00032065398409, 0.000158699403983, 8.84012479219e-05, 5.75213816774e-05, 9.29373345571e-05, 4.85280615976e-05, 5.21203655808e-05, 5.71796008444e-05, 2.88860974251e-05, 1.89076708921e-05, 1.64012290043e-05, 2.00057584152e-05, 2.67697359959e-05, 8.61013977556e-05, 8.45111499075e-05],
        "mean": [0.0147754205391, 0.00859461724758, 0.00185997982044, 0.000626507855486, 0.000285855872789, 0.0003475274425, 0.000189780112123, 0.000263738416834, 0.000216046668356, 0.000263016758254, 0.000148140330566, 0.000275668542599, 6.6497901571e-05, 1.74547421921e-05, 1.91223589354e-05, 1.65553792613e-05, 5.23515700479e-06, 3.89503566112e-06, 3.07219943352e-06, 3.16335831485e-06, 3.09024790113e-06, 2.54012638834e-06, 2.31158173847e-06, 2.19593403017e-06, 2.85844294012e-06, 7.64218475524e-06, 4.83529538542e-06, 2.18686727749e-06, 1.90500031749e-06, 1.75876652975e-06, 1.77366678145e-06, 1.5995344711e-06, 1.54484041559e-06, 1.18322782328e-06, 8.79031574641e-07, 9.04802561763e-07, 1.03307911559e-06, 1.40868019116e-06, 2.37646463574e-06, 2.9975783491e-06],
        "median": [0.00870427768677, 0.00598160270602, 0.00131192291155, 0.000256817816989, 0.00012619253539, 9.79958058451e-05, 5.59487270948e-05, 0.000106037514342, 8.4231593064e-05, 7.57364177844e-05, 3.66414678865e-05, 4.52569765912e-05, 1.11022700366e-05, 3.24397637996e-06, 1.0107730759e-06, 8.34427339669e-07, 7.67034237015e-07, 6.38907579287e-07, 2.59182428408e-07, 3.30797178094e-07, 2.20450473876e-07, 2.21369575115e-07, 1.93808091353e-07, 1.39829609225e-07, 2.93204550417e-07, 2.89493272021e-07, 2.54403431654e-07, 2.11229234992e-07, 1.95468331299e-07, 1.57880421625e-07, 1.53426157112e-07, 1.31181053575e-07, 1.4309662788e-07, 1.42080565979e-07, 1.15883018736e-07, 1.81054431891e-07, 2.2017621859e-07, 2.2405282607e-07, 2.71562385024e-07, 3.93147502109e-07],
        "min": [3.14814712965e-07, 1.52682602561e-07, 3.31998307956e-06, 1.56716869242e-05, 9.78040930022e-07, 7.74561996764e-08, 2.73449369814e-08, 7.12709606887e-08, 1.81790031917e-08, 7.47541761825e-09, 4.4586183634e-08, 1.69726508403e-08, 2.8634403737e-09, 3.76056163987e-09, 1.06516273579e-09, 1.03072794744e-09, 1.79205383866e-09, 7.6062195431e-10, 5.92493221152e-10, 1.70902392238e-09, 1.02490738119e-09, 2.6760957339e-10, 7.70474795075e-10, 4.42096831366e-10, 5.14552067621e-10, 5.18475019862e-11, 6.29573171373e-10, 1.0370458936e-09, 6.36088681727e-10, 3.49301060298e-10, 1.95658045321e-10, 8.9279489357e-10, 6.32061292194e-10, 3.35849403843e-10, 9.99626825759e-10, 1.82605885968e-09, 2.22826712637e-09, 1.66151337133e-09, 1.98517335903e-09, 4.5219343825e-09],
        "stdev": [0.0188370589167, 0.0109773306176, 0.00254555791616, 0.00125750270672, 0.000562978384551, 0.000840256398078, 0.000659917946905, 0.000535844417755, 0.000333734817104, 0.000473336840514, 0.000276937615126, 0.00053016433958, 0.000196000371943, 5.33111160621e-05, 7.28556988179e-05, 6.51006121188e-05, 1.85058961506e-05, 1.10031996883e-05, 1.2274220353e-05, 1.10705095722e-05, 1.28772317112e-05, 8.20392779133e-06, 6.79066170051e-06, 7.38934841138e-06, 8.29875989439e-06, 2.48971155088e-05, 1.46404181578e-05, 6.9032898864e-06, 5.89325600231e-06, 6.12997882854e-06, 5.82248321734e-06, 5.1175425142e-06, 4.66597612103e-06, 3.34964079229e-06, 2.19228149945e-06, 1.96225073523e-06, 1.90371952158e-06, 3.43502938449e-06, 7.89005935076e-06, 9.29917405301e-06],
        "var": [0.000354834774043, 0.000120501790661, 6.47986553304e-06, 1.58131308581e-06, 3.16944692713e-07, 7.06030789388e-07, 4.35491728012e-07, 2.87129267917e-07, 1.11378930967e-07, 2.24047752795e-07, 7.66944481256e-08, 2.81074221675e-07, 3.84161431555e-08, 2.84207501977e-09, 5.30795318809e-09, 4.23808987904e-09, 3.42468192693e-10, 1.21070403702e-10, 1.50656487286e-10, 1.22556173543e-10, 1.65823105247e-10, 6.73044259214e-11, 4.61130855722e-11, 5.46024718495e-11, 6.88694101747e-11, 6.19866324936e-10, 2.14341835947e-10, 4.76554143369e-11, 3.47304685011e-11, 3.75766397165e-11, 3.39013088435e-11, 2.61892417475e-11, 2.17713330003e-11, 1.12200934307e-11, 4.80609866141e-12, 3.85042822279e-12, 3.62414807366e-12, 1.17994268869e-11, 6.22530429983e-11, 8.64746399487e-11]
    },
    "melbands128": {
