{
"lowlevel": {
    "average_loudness": 0.626767873764,
    "barkbands_crest": {
        "dmean": 1.74196684361,
        "dmean2": 2.74784231186,
        "dvar": 4.2721991539,
        "dvar2": 11.5292711258,
        "max": 26.3567962646,
        "mean": 11.8680810928,
        "median": 10.9887952805,
        "min": 3.771920681,
        "stdev": 4.77139806747,
        "var": 22.7662410736
    },
    "barkbands_flatness_db": {
        "dmean": 0.023403564468,
        "dmean2": 0.0375926978886,
        "dvar": 0.000523744209204,
        "dvar2": 0.00122233957518,
        "max": 0.534690797329,
        "mean": 0.287909507751,
        "median": 0.283864200115,
        "min": 0.0464252866805,
        "stdev": 0.0526006519794,
        "var": 0.00276682851836
    },
    "barkbands_kurtosis": {
        "dmean": 1.98132824898,
        "dmean2": 2.92896151543,
        "dvar": 29.5181312561,
        "dvar2": 54.6598815918,
        "max": 135.879776001,
        "mean": 6.52820682526,
        "median": 3.8718585968,
        "min": -1.59110629559,
        "stdev": 12.652223587,
        "var": 160.07875061
    },
    "barkbands_skewness": {
        "dmean": 0.294531226158,
        "dmean2": 0.43089902401,
        "dvar": 0.194674417377,
        "dvar2": 0.39870262146,
        "max": 9.77997303009,
        "mean": 2.0198135376,
        "median": 1.8913782835,
        "min": -1.79175841808,
        "stdev": 1.14580130577,
        "var": 1.3128606081
    },
    "barkbands_spread": {
        "dmean": 1.75869655609,
        "dmean2": 2.75331735611,
        "dvar": 6.65499019623,
        "dvar2": 15.1739492416,
        "max": 38.1327438354,
        "mean": 9.74437904358,
        "median": 8.83122825623,
        "min": 0.420045763254,
        "stdev": 5.21798944473,
        "var": 27.2274150848
    },
    "dissonance": {
        "dmean": 0.0236427485943,
        "dmean2": 0.0382154658437,
        "dvar": 0.000609716924373,
        "dvar2": 0.00149541173596,
        "max": 0.499856680632,
        "mean": 0.412591695786,
        "median": 0.42121130228,
        "min": 0.1928820014,
        "stdev": 0.049814067781,
        "var": 0.00248144147918
    },
    "dynamic_complexity": 5.81970500946,
    "erbbands_crest": {
        "dmean": 1.54104876518,
        "dmean2": 2.31424999237,
        "dvar": 4.5563249588,
        "dvar2": 9.14759922028,
        "max": 32.3483276367,
        "mean": 11.1418838501,
        "median": 9.67000484467,
        "min": 3.29041147232,
        "stdev": 5.66206455231,
        "var": 32.0589752197
    },
    "erbbands_flatness_db": {
        "dmean": 0.0119207594544,
        "dmean2": 0.0172771178186,
        "dvar": 0.000260114145931,
        "dvar2": 0.000460964423837,
        "max": 0.495491027832,
        "mean": 0.31396266818,
        "median": 0.307827562094,
        "min": 0.0933076441288,
        "stdev": 0.0462605655193,
        "var": 0.00214003981091
    },
    "erbbands_kurtosis": {
        "dmean": 0.76714515686,
        "dmean2": 1.16618394852,
        "dvar": 6.70371198654,
        "dvar2": 12.2470235825,
        "max": 70.2696456909,
        "mean": 0.950286924839,
        "median": -0.41040968895,
        "min": -1.64139640331,
        "stdev": 5.96091794968,
        "var": 35.5325431824
    },
    "erbbands_skewness": {
        "dmean": 0.24977645278,
        "dmean2": 0.38333144784,
        "dvar": 0.149271413684,
        "dvar2": 0.295961052179,
        "max": 7.43173265457,
        "mean": 0.753186166286,
        "median": 0.630754113197,
        "min": -1.45111334324,
        "stdev": 1.04488027096,
        "var": 1.09177482128
    },
    "erbbands_spread": {
        "dmean": 3.37419939041,
        "dmean2": 4.64960384369,
        "dvar": 18.9139060974,
        "dvar2": 32.2178649902,
        "max": 57.6502990723,
        "mean": 26.1225147247,
        "median": 25.6460037231,
        "min": 1.40372562408,
        "stdev": 11.1896867752,
        "var": 125.209098816
    },
    "hfc": {
        "dmean": 2.50703334808,
        "dmean2": 3.38873505592,
        "dvar": 22.5581989288,
        "dvar2": 41.2152900696,
        "max": 104.076011658,
        "mean": 9.33092021942,
        "median": 5.59027528763,
        "min": 1.16099656176e-16,
        "stdev": 11.2647857666,
        "var": 126.895401001
    },
    "loudness_ebu128": {
        "integrated": -26.7906169891,
        "loudness_range": 11.1935138702,
        "momentary": {
            "dmean": 1.02297103405,
            "dmean2": 1.25329017639,
            "dvar": 1.49726390839,
            "dvar2": 3.43196082115,
            "max": -21.0688266754,
            "mean": -29.3899974823,
            "median": -28.0408248901,
            "min": -48.1059646606,
            "stdev": 5.03911399841,
            "var": 25.3926677704
        },
        "short_term": {
            "dmean": 0.198176696897,
            "dmean2": 0.175366953015,
            "dvar": 0.0420225411654,
            "dvar2": 0.0311468541622,
            "max": -23.2385501862,
            "mean": -28.6473770142,
            "median": -27.4950218201,
            "min": -37.2842178345,
            "stdev": 3.77256894112,
            "var": 14.2322769165
        }
    },
    "melbands_crest": {
        "dmean": 1.96709811687,
        "dmean2": 2.99471259117,
        "dvar": 5.54627418518,
        "dvar2": 13.093462944,
        "max": 33.8572006226,
        "mean": 15.6560459137,
        "median": 14.386631012,
        "min": 2.11199212074,
        "stdev": 6.04089784622,
        "var": 36.4924468994
    },
    "melbands_flatness_db": {
        "dmean": 0.0203104391694,
        "dmean2": 0.029861016199,
        "dvar": 0.000606929534115,
        "dvar2": 0.00125413225032,
        "max": 0.565448224545,
        "mean": 0.34566745162,
        "median": 0.341920554638,
        "min": 0.0067571378313,
        "stdev": 0.0609436891973,
        "var": 0.00371413305402
    },
    "melbands_kurtosis": {
        "dmean": 3.03030800819,
        "dmean2": 4.20011377335,
        "dvar": 61.1626853943,
        "dvar2": 100.898429871,
        "max": 221.673400879,
        "mean": 12.335688591,
        "median": 8.30817890167,
        "min": -1.35072994232,
        "stdev": 19.5926628113,
        "var": 383.872467041
    },
    "melbands_skewness": {
        "dmean": 0.349590152502,
        "dmean2": 0.478701412678,
        "dvar": 0.240839704871,
        "dvar2": 0.438183307648,
        "max": 11.4982204437,
        "mean": 2.56146121025,
        "median": 2.36927866936,
        "min": -1.08629286289,
        "stdev": 1.37277173996,
        "var": 1.88450217247
    },
    "melbands_spread": {
        "dmean": 2.18386697769,
        "dmean2": 3.34988570213,
        "dvar": 13.819480896,
        "dvar2": 25.9739551544,
        "max": 138.995681763,
        "mean": 11.8302555084,
        "median": 10.4899129868,
        "min": 0.488446474075,
        "stdev": 7.42969989777,
        "var": 55.2004432678
    },
    "pitch_salience": {
        "dmean": 0.0431025885046,
        "dmean2": 0.0654290392995,
        "dvar": 0.00255451281555,
        "dvar2": 0.00585236772895,
        "max": 0.909554600716,
        "mean": 0.517761945724,
        "median": 0.534957647324,
        "min": 0.0596818439662,
        "stdev": 0.129541054368,
        "var": 0.0167808849365
    },
    "silence_rate_20dB": {
        "dmean": 0,
        "dmean2": 0,
        "dvar": 0,
        "dvar2": 0,
        "max": 1,
        "mean": 1,
        "median": 1,
        "min": 1,
        "stdev": 0,
        "var": 0
    },
    "silence_rate_30dB": {
        "dmean": 0.00206185574643,
        "dmean2": 0.00412583816797,
        "dvar": 0.00205763545819,
        "dvar2": 0.00514038512483,
        "max": 1,
        "mean": 0.997939229012,
        "median": 1,
        "min": 0,
        "stdev": 0.0453493632376,
        "var": 0.00205656467006
    },
    "silence_rate_60dB": {
        "dmean": 0.062371134758,
        "dmean2": 0.124806597829,
        "dvar": 0.0584816783667,
        "dvar2": 0.117482863367,
        "max": 1,
        "mean": 0.284904688597,
        "median": 0,
        "min": 0,
        "stdev": 0.451371610165,
        "var": 0.203736335039
    },
    "spectral_centroid": {
        "dmean": 97.8045806885,
        "dmean2": 153.19303894,
        "dvar": 72163.6484375,
        "dvar2": 148997.65625,
        "max": 10743.4638672,
        "mean": 770.11315918,
        "median": 700.262512207,
        "min": 371.242889404,
        "stdev": 417.747406006,
        "var": 174512.90625
    },
    "spectral_complexity": {
        "dmean": 2.10154628754,
        "dmean2": 2.97988653183,
        "dvar": 9.78814697266,
        "dvar2": 15.8030815125,
        "max": 47,
        "mean": 12.2426586151,
        "median": 12,
        "min": 0,
        "stdev": 8.68655776978,
        "var": 75.4562911987
    },
    "spectral_decrease": {
        "dmean": 1.15957476954e-09,
        "dmean2": 1.56039414723e-09,
        "dvar": 3.10453436357e-18,
        "dvar2": 6.24835525674e-18,
        "max": -9.76944695807e-29,
        "mean": -4.32715285825e-09,
        "median": -2.88310486596e-09,
        "min": -2.7975641359e-08,
        "stdev": 4.64268268274e-09,
        "var": 2.15545020027e-17
    },
    "spectral_energy": {
        "dmean": 0.00458998978138,
        "dmean2": 0.00617465842515,
        "dvar": 4.93938205182e-05,
        "dvar2": 9.8418458947e-05,
        "max": 0.114260047674,
        "mean": 0.0171780250967,
        "median": 0.011497954838,
        "min": 1.08992968737e-20,
        "stdev": 0.0185016468167,
        "var": 0.000342310930137
    },
    "spectral_energyband_high": {
        "dmean": 2.19113608182e-05,
        "dmean2": 3.0067836633e-05,
        "dvar": 9.47924583272e-09,
        "dvar2": 2.12772715003e-08,
        "max": 0.00257162749767,
        "mean": 3.71170717699e-05,
        "median": 4.28663543062e-06,
        "min": 7.81090738901e-21,
        "stdev": 0.000126145561808,
        "var": 1.59127040433e-08
    },
    "spectral_energyband_low": {
        "dmean": 0.000760371040087,
        "dmean2": 0.000770134385675,
        "dvar": 2.51125425166e-06,
        "dvar2": 2.71147200692e-06,
        "max": 0.025933675468,
        "mean": 0.0023030852899,
        "median": 0.000659751822241,
        "min": 8.92714127849e-23,
        "stdev": 0.00381916854531,
        "var": 1.45860485645e-05
    },
    "spectral_energyband_middle_high": {
        "dmean": 0.000676703290083,
        "dmean2": 0.000869954004884,
        "dvar": 1.96225983018e-06,
        "dvar2": 3.50373625224e-06,
        "max": 0.0345116965473,
        "mean": 0.0022015243303,
        "median": 0.00118857051712,
        "min": 1.88622948277e-21,
        "stdev": 0.00304125621915,
        "var": 9.2492400654e-06
    },
    "spectral_energyband_middle_low": {
        "dmean": 0.00389840360731,
        "dmean2": 0.00547890830785,
        "dvar": 3.54920230166e-05,
        "dvar2": 8.09722696431e-05,
        "max": 0.0910254940391,
        "mean": 0.0140116363764,
        "median": 0.00952195003629,
        "min": 2.60147797777e-22,
        "stdev": 0.0149549562484,
        "var": 0.000223650713451
    },
    "spectral_entropy": {
        "dmean": 0.168830558658,
        "dmean2": 0.24821805954,
        "dvar": 0.0671135261655,
        "dvar2": 0.137675285339,
        "max": 9.80412864685,
        "mean": 6.38598108292,
        "median": 6.47641277313,
        "min": 4.05149459839,
        "stdev": 0.57059943676,
        "var": 0.325583696365
    },
    "spectral_flux": {
        "dmean": 0.0156420767307,
        "dmean2": 0.0236167982221,
        "dvar": 0.00056634854991,
        "dvar2": 0.00132118712645,
        "max": 0.261699855328,
        "mean": 0.0349651761353,
        "median": 0.0269171558321,
        "min": 7.35818697639e-11,
        "stdev": 0.033378764987,
        "var": 0.00111414201092
    },
    "spectral_kurtosis": {
        "dmean": 10.3797130585,
        "dmean2": 18.2257175446,
        "dvar": 86.8983917236,
        "dvar2": 234.577346802,
        "max": 89.2013473511,
        "mean": 18.5490684509,
        "median": 13.9413108826,
        "min": -1.25006318092,
        "stdev": 15.3521623611,
        "var": 235.68888855
    },
    "spectral_rms": {
        "dmean": 0.000524366972968,
        "dmean2": 0.000659633195028,
        "dvar": 4.6919211627e-07,
        "dvar2": 8.29205816899e-07,
        "max": 0.0105580873787,
        "mean": 0.00344256521203,
        "median": 0.00334925623611,
        "min": 3.26089871251e-12,
        "stdev": 0.00221535237506,
        "var": 4.90778620588e-06
    },
    "spectral_rolloff": {
        "dmean": 145.171295166,
        "dmean2": 247.725601196,
        "dvar": 220651.078125,
        "dvar2": 455869.8125,
        "max": 18260.15625,
        "mean": 786.553710938,
        "median": 602.9296875,
        "min": 172.265625,
        "stdev": 685.581237793,
        "var": 470021.65625
    },
    "spectral_skewness": {
        "dmean": 0.829140126705,
        "dmean2": 1.45106971264,
        "dvar": 0.533913195133,
        "dvar2": 1.40314257145,
        "max": 7.44812250137,
        "mean": 2.37565541267,
        "median": 2.04598236084,
        "min": 0.0177104342729,
        "stdev": 1.2682300806,
        "var": 1.60840761662
    },
    "spectral_spread": {
        "dmean": 260087.1875,
        "dmean2": 445119.9375,
        "dvar": 846463500288,
        "dvar2": 1.59437645414e+12,
        "max": 43123848,
        "mean": 1870383.625,
        "median": 1794534.625,
        "min": 964274.6875,
        "stdev": 1378978.25,
        "var": 1.90158117274e+12
    },
    "spectral_strongpeak": {
        "dmean": 0.220965892076,
        "dmean2": 0.340869903564,
        "dvar": 0.105754472315,
        "dvar2": 0.260848909616,
        "max": 3.95532870293,
        "mean": 0.879527747631,
        "median": 0.624978005886,
        "min": 1.66583347117e-09,
        "stdev": 0.736391723156,
        "var": 0.542272746563
    },
    "zerocrossingrate": {
        "dmean": 0.00344640994444,
        "dmean2": 0.00448518665507,
        "dvar": 0.000111274697701,
        "dvar2": 0.000212874700082,
        "max": 0.49365234375,
        "mean": 0.0328285507858,
        "median": 0.03125,
        "min": 0.0078125,
        "stdev": 0.0172192268074,
        "var": 0.000296501762932
    },
    "barkbands": {
        "dmean": [2.87340526484e-06, 3.13237869705e-05, 0.00029103847919, 0.000645010557491, 0.00116468721535, 0.00133540877141, 0.00134274398442, 0.000354415824404, 0.000172267435119, 7.31003601686e-05, 5.33674210601e-05, 0.00011122887372, 0.000102311365481, 0.000100217795989, 0.000111845169158, 0.000130552754854, 0.000105094397441, 9.61883197306e-05, 6.9848530984e-05, 1.83068168553e-05, 1.13552987386e-05, 2.63462993644e-06, 9.72409793576e-07, 1.51552072225e-07, 1.200502453e-08, 8.8958157507e-10, 8.14527501003e-10],
        "dmean2": [4.13568841395e-06, 4.42890996055e-05, 0.000323197484249, 0.000659091339912, 0.00147531926632, 0.00229777838103, 0.00217009778135, 0.000458231545053, 0.000225661089644, 0.000101042758615, 7.20629905118e-05, 0.000164141863934, 0.000150116364239, 0.000140999720315, 0.000148993363837, 0.000203939038329, 0.000162798634847, 0.00013963834499, 0.000104650200228, 2.4973636755e-05, 1.62638025358e-05, 3.94678636439e-06, 1.4071924852e-06, 2.4484333494e-07, 2.11699298092e-08, 1.62861257813e-09, 1.49685253081e-09],
        "dvar": [1.58512522552e-10, 2.72780091848e-08, 4.02348888429e-07, 1.77419394731e-06, 7.31616864869e-06, 1.17500749184e-05, 9.56078110903e-06, 1.68188910266e-06, 2.35999166875e-07, 2.27166978561e-08, 1.24233343612e-08, 1.23197978041e-07, 3.97756174664e-08, 7.06323461941e-08, 5.75793244195e-08, 1.00864966157e-07, 1.13784103917e-07, 5.67005180585e-08, 6.87571031222e-08, 4.15465528647e-09, 3.22164095401e-09, 1.22992588336e-10, 2.67521196168e-11, 1.66681512342e-12, 1.21320368099e-14, 4.60293320708e-17, 2.80750790903e-17],
        "dvar2": [3.9503511573e-10, 5.17063902805e-08, 5.15149963576e-07, 1.77971423909e-06, 1.28826914079e-05, 4.07316911151e-05, 2.38424363488e-05, 3.23237941302e-06, 4.00760654884e-07, 4.59877433912e-08, 2.24283471795e-08, 2.8817859743e-07, 8.13294036561e-08, 1.19633455142e-07, 1.15358460562e-07, 2.59411848447e-07, 2.37025375327e-07, 1.16122279792e-07, 1.67433739762e-07, 8.39176550471e-09, 7.24803239649e-09, 2.79577222484e-10, 5.88901150067e-11, 4.03974857038e-12, 3.4427572826e-14, 1.05652748852e-16, 6.71529639642e-17],
        "max": [0.000453269865829, 0.00419250968844, 0.0122350677848, 0.0244034640491, 0.0597471706569, 0.0444148927927, 0.0576104000211, 0.0334169752896, 0.0081444978714, 0.00335167860612, 0.00245672278106, 0.0099580315873, 0.00289686722681, 0.00872793607414, 0.00338730285875, 0.00613093934953, 0.00848257169127, 0.0047367378138, 0.00747308693826, 0.00148721085861, 0.00166337157134, 0.000174375833012, 0.000113985253847, 3.19936370943e-05, 3.28420333062e-06, 2.92537123414e-07, 2.23786329911e-07],
        "mean": [5.35607023266e-06, 7.83612631494e-05, 0.000871779746376, 0.00187578669284, 0.00342909339815, 0.00302972318605, 0.00367307337001, 0.00130507315043, 0.000631405797321, 0.000211615508306, 0.000181823168532, 0.000270487536909, 0.000256952276686, 0.00020680965099, 0.0002581824956, 0.000290500640403, 0.000194894892047, 0.000206437471206, 0.000140826829011, 3.64452462236e-05, 1.84061464097e-05, 3.5027778722e-06, 1.32726836455e-06, 1.53863098262e-07, 1.26306263226e-08, 8.93532470236e-10, 7.5117828624e-10],
        "median": [3.63569142792e-07, 2.50250968747e-06, 0.000212896396988, 0.000550457916688, 0.00108494027518, 0.000663953484036, 0.00102033861913, 0.000300391984638, 0.000131771244924, 0.000103205078631, 6.29041605862e-05, 7.79737165431e-05, 9.93064822978e-05, 7.86629898357e-05, 0.000102289028291, 0.000112670153612, 4.72289611935e-05, 6.593708531e-05, 3.52519527951e-05, 5.06506194142e-06, 1.56304963639e-06, 1.28826130208e-07, 3.54850087092e-08, 2.84252066329e-09, 7.59480256463e-10, 2.5359717104e-10, 1.18636350743e-10],
        "min": [6.39486306285e-24, 5.40141202849e-23, 2.13838734389e-23, 1.22388369455e-23, 4.04933599138e-23, 1.87865047322e-23, 2.36625959824e-23, 3.42856115022e-23, 7.9122616265e-23, 2.2857975214e-23, 1.31151545994e-22, 1.38797829598e-22, 1.52280005204e-22, 6.97885994643e-23, 9.47610768917e-23, 3.30960042085e-22, 1.61934880134e-22, 2.86694721664e-22, 2.44432325393e-22, 4.22707922754e-22, 3.03066501078e-22, 5.24435537584e-22, 6.4901709655e-22, 8.4151470745e-22, 1.08895278222e-21, 1.49007913668e-21, 2.50455547248e-21],
        "stdev": [2.34704457398e-05, 0.000321919098496, 0.0015275652986, 0.00319222919643, 0.00562468916178, 0.00535450689495, 0.00559902191162, 0.00300414697267, 0.00123944564257, 0.000321291270666, 0.000282076129224, 0.000543820555322, 0.000385777035262, 0.000451632949989, 0.000415210583014, 0.000528282485902, 0.000485454482259, 0.000402708188631, 0.000396157382056, 0.000104812468635, 7.21624310245e-05, 1.27285238705e-05, 6.2593567236e-06, 1.32335446779e-06, 9.43347657767e-08, 8.719774236e-09, 6.5272800498e-09],
        "var": [5.5086185613e-10, 1.0363189773e-07, 2.33345576817e-06, 1.01903269751e-05, 3.16371260851e-05, 2.86707454507e-05, 3.13490454573e-05, 9.02489864529e-06, 1.53622556809e-06, 1.03228074977e-07, 7.95669379272e-08, 2.95740790079e-07, 1.4882392918e-07, 2.03972319923e-07, 1.72399822418e-07, 2.79082371435e-07, 2.3566605023e-07, 1.62173876106e-07, 1.56940672014e-07, 1.09856541641e-08, 5.20741627597e-09, 1.62015317828e-10, 3.9179545025e-11, 1.75126699167e-12, 8.89904842253e-15, 7.60344683757e-17, 4.26053833613e-17]
    },
    "erbbands": {
        "dmean": [0.000258308922639, 0.0119225457311, 0.220000252128, 1.65643107891, 2.73864483833, 4.77157592773, 5.3240685463, 11.1662197113, 20.0279159546, 11.4178504944, 8.29268455505, 3.27900624275, 2.92725563049, 2.83794498444, 1.72416853905, 5.3189125061, 4.70604753494, 5.86483335495, 5.74851226807, 5.09420633316, 8.65385532379, 4.33890676498, 4.18842411041, 4.3799571991, 2.65334010124, 0.963848412037, 0.534675598145, 0.402126073837, 0.105078235269, 0.0531771071255, 0.0206013713032, 0.00758088147268, 0.000822738977149, 0.000263600260951, 2.66107927018e-05, 5.96700692768e-06, 2.58638465311e-06, 8.22767162845e-07, 2.29699116971e-06, 5.22205482412e-06],
        "dmean2": [0.000351305730874, 0.0157008413225, 0.246213376522, 1.64584779739, 3.62494206429, 5.76979589462, 8.83026218414, 19.2385463715, 31.8913879395, 17.7604064941, 10.594291687, 4.27204751968, 3.87634444237, 3.78514862061, 2.39123988152, 7.79002761841, 6.85791063309, 8.18942070007, 7.49904870987, 6.71096229553, 14.1212158203, 6.5694937706, 6.16445350647, 6.44112253189, 3.65578484535, 1.30783689022, 0.778608858585, 0.586570680141, 0.154907271266, 0.0762480273843, 0.0295380055904, 0.011709952727, 0.00126285909209, 0.000448095059255, 4.47178463219e-05, 9.53203925746e-06, 3.91857793147e-06, 1.28506803776e-06, 3.07935238197e-06, 7.01910676071e-06],
        "dvar": [9.61223690865e-07, 0.00290153617971, 0.281840085983, 11.5508785248, 30.8281707764, 156.01739502, 155.694625854, 975.896240234, 1952.82324219, 827.066894531, 507.296142578, 67.4472885132, 75.763053894, 29.6838817596, 14.0832967758, 303.950164795, 85.6310348511, 149.917922974, 195.1640625, 117.316833496, 405.997558594, 147.188720703, 96.4358062744, 149.018676758, 116.006546021, 12.9847679138, 4.87962722778, 5.74756813049, 0.191825911403, 0.0885581821203, 0.0147231528535, 0.00349009782076, 4.15896356571e-05, 5.22981963513e-06, 5.26530641309e-08, 6.83068601681e-10, 1.86507018163e-10, 2.56281940114e-11, 1.39229903648e-11, 6.58438095713e-11],
        "dvar2": [1.60551564932e-06, 0.00519080087543, 0.369302809238, 11.5287408829, 56.4041481018, 264.766571045, 506.763641357, 3386.81958008, 4711.8359375, 1859.49035645, 872.096008301, 134.873321533, 131.07359314, 54.5398521423, 27.1912002563, 703.857299805, 173.734146118, 279.156707764, 352.489776611, 213.326171875, 1170.3170166, 300.043792725, 194.455276489, 301.366149902, 274.734039307, 28.5470161438, 10.2454528809, 14.1349916458, 0.428646415472, 0.204639241099, 0.0343915559351, 0.00850638560951, 9.84378129942e-05, 1.42541757668e-05, 1.46041344351e-07, 1.57331370154e-09, 4.27108293177e-10, 6.00781091542e-11, 2.70225508636e-11, 1.28916238795e-10],
        "max": [0.039788685739, 1.36734950542, 13.1940355301, 58.9054756165, 83.9022750854, 299.161529541, 200.550170898, 428.406585693, 844.709777832, 537.818481445, 649.997131348, 178.061920166, 171.116394043, 124.787345886, 128.213226318, 498.890655518, 134.586639404, 249.26600647, 401.901000977, 237.069732666, 324.482879639, 298.654815674, 179.269927979, 311.959381104, 262.812530518, 96.5061645508, 53.6466751099, 63.8666229248, 7.83758544922, 6.16345262527, 2.65786314011, 1.31673848629, 0.155277490616, 0.0646102800965, 0.00673818262294, 0.00104101269972, 0.000580612861086, 0.000213888648432, 6.53094830341e-05, 0.000137105278554],
        "mean": [0.000706342398189, 0.0352982208133, 0.712820410728, 4.90002441406, 7.78489923477, 13.4615468979, 12.4713315964, 25.2038230896, 57.923286438, 30.7925815582, 34.1041183472, 13.1361408234, 9.6250667572, 9.29023361206, 5.94125843048, 13.2975492477, 12.3553695679, 13.0298814774, 12.7154302597, 14.1768598557, 16.045343399, 9.28772544861, 9.80430984497, 9.13549137115, 5.56402015686, 1.90148532391, 0.935107469559, 0.600345849991, 0.14703501761, 0.0729192495346, 0.0261250510812, 0.00807891320437, 0.000916008139029, 0.000294884026516, 3.86742940464e-05, 1.47689752339e-05, 7.70189399191e-06, 2.08654500966e-06, 8.64860339789e-06, 1.96096152649e-05],
        "median": [0.000161565418239, 0.0041879247874, 0.171251893044, 1.44951081276, 2.63752961159, 3.12097454071, 5.53669214249, 4.43496656418, 16.3242359161, 9.4506893158, 9.60792350769, 4.89918375015, 3.16982793808, 5.0483250618, 2.97486162186, 3.92295575142, 4.79616880417, 6.04936742783, 5.0084066391, 6.23544359207, 6.16900920868, 2.55291104317, 3.42024874687, 2.8037416935, 0.981228113174, 0.327333897352, 0.124864660203, 0.0374591499567, 0.00700952112675, 0.00237971986644, 0.000713747460395, 0.000143753844895, 4.18008348788e-05, 2.04044554266e-05, 1.40187567013e-05, 8.79966864886e-06, 4.42242617282e-06, 1.04273146917e-06, 5.63248113394e-06, 1.29608424686e-05],
        "min": [1.4671126568e-21, 1.1217649934e-20, 2.66024338457e-20, 4.98335573956e-20, 1.31401155822e-19, 1.50718007399e-19, 1.79625876006e-19, 1.9145820353e-19, 2.25364298065e-19, 5.37717339189e-19, 8.9592852384e-19, 1.31389047965e-18, 1.66567488454e-18, 2.60741370468e-18, 5.22619617969e-18, 5.91324453826e-18, 8.48111425337e-18, 3.4285240523e-18, 3.89820444194e-18, 8.30394457387e-18, 1.81873954905e-17, 1.20866646761e-17, 1.54685520787e-17, 1.3347060455e-17, 1.4933973373e-17, 1.75072445775e-17, 1.51936915417e-17, 1.20798933756e-17, 1.76311793943e-17, 1.88907901787e-17, 1.94154212104e-17, 1.43332715034e-17, 1.34283541112e-17, 1.10048745623e-17, 6.74351549758e-18, 5.09522412381e-18, 3.01787995657e-18, 1.38937960274e-18, 3.28347560545e-19, 3.64256155945e-20],
        "stdev": [0.00226248870604, 0.114344194531, 1.35376000404, 8.18344783783, 11.7075948715, 25.4931259155, 19.7307701111, 46.7242279053, 88.0322647095, 55.5386352539, 66.0804977417, 21.106552124, 20.7622470856, 11.9172935486, 9.63646888733, 27.1847515106, 18.6073055267, 21.3279399872, 24.2600688934, 22.9424552917, 27.5203609467, 19.0510253906, 17.3493480682, 20.4631919861, 16.9371547699, 5.43675756454, 3.02677321434, 2.73910951614, 0.521403670311, 0.348264217377, 0.133955523372, 0.0594138391316, 0.00671572098508, 0.00203216285445, 0.000198925903533, 3.53908108082e-05, 1.88536014321e-05, 6.63467653794e-06, 9.53561539063e-06, 2.12846516661e-05],
        "var": [5.11885491505e-06, 0.0130745954812, 1.83266603947, 66.9688110352, 137.067779541, 649.899475098, 389.303314209, 2183.15356445, 7749.6796875, 3084.54003906, 4366.63232422, 445.486572266, 431.070892334, 142.021896362, 92.861541748, 739.010742188, 346.231842041, 454.88104248, 588.550964355, 526.356262207, 757.370239258, 362.941589355, 300.999847412, 418.742218018, 286.8671875, 29.5583324432, 9.16135597229, 7.50272083282, 0.271861761808, 0.121287971735, 0.0179440826178, 0.00353000406176, 4.51009109383e-05, 4.12968620367e-06, 3.95715140655e-08, 1.25250942951e-09, 3.55458273926e-10, 4.40189308615e-11, 9.09279596062e-11, 4.53036386183e-10]
    },
    "gfcc": {
        "mean": [-174.78527832, 202.650314331, -184.415328979, -1.47083508968, -34.37317276, -53.3231811523, -29.2687950134, -26.0415115356, -13.4593505859, -18.6847343445, -8.14244270325, -19.4178962708, -11.9571828842],
        "cov": [[13916.6152344, 703.163085938, -1007.63293457, 2182.01489258, -305.304992676, -796.059082031, 797.00177002, -1135.21118164, 216.231063843, -326.519470215, -193.581115723, 33.0102119446, -343.632446289], [703.163085938, 696.411743164, 104.318412781, 67.4648971558, 361.048339844, -126.574684143, 102.70854187, -113.49621582, -152.892105103, -116.313735962, -46.1408653259, -46.9421424866, -71.9304122925], [-1007.63293457, 104.318412781, 390.589630127, -52.2679672241, 121.200973511, 108.723152161, -93.9383087158, 101.136833191, -26.8587322235, 6.52476263046, 5.06671333313, -19.416847229, -9.36603450775], [2182.01489258, 67.4648971558, -52.2679672241, 666.016296387, 11.4256782532, -28.5558376312, 167.645828247, -174.814361572, 4.86899995804, -120.810523987, -28.5835838318, -25.4494476318, -71.0101928711], [-305.304992676, 361.048339844, 121.200973511, 11.4256782532, 389.581817627, 13.7785301208, 29.7093410492, 20.7140579224, -138.996032715, -76.3911437988, -33.9376373291, -44.0588302612, -35.0952224731], [-796.059082031, -126.574684143, 108.723152161, -28.5558376312, 13.7785301208, 291.726837158, -72.7248916626, 84.7500305176, -29.6418743134, -22.9233722687, 28.933052063, -10.783782959, 37.4127464294], [797.00177002, 102.70854187, -93.9383087158, 167.645828247, 29.7093410492, -72.7248916626, 205.721435547, -43.5590400696, 4.38691234589, -11.2849979401, -23.2129497528, -16.7826519012, -39.767742157], [-1135.21118164, -113.49621582, 101.136833191, -174.814361572, 20.7140579224, 84.7500305176, -43.5590400696, 209.408660889, 33.9152755737, 60.8278274536, 19.9636039734, -20.3014240265, 23.1630439758], [216.231063843, -152.892105103, -26.8587322235, 4.86899995804, -138.996032715, -29.6418743134, 4.38691234589, 33.9152755737, 179.841110229, 77.9855804443, 6.94192218781, 24.3053455353, -3.03717803955], [-326.519470215, -116.313735962, 6.52476263046, -120.810523987, -76.3911437988, -22.9233722687, -11.2849979401, 60.8278274536, 77.9855804443, 121.663574219, 21.9547481537, 19.0618476868, 13.0188808441], [-193.581115723, -46.1408653259, 5.06671333313, -28.5835838318, -33.9376373291, 28.933052063, -23.2129497528, 19.9636039734, 6.94192218781, 21.9547481537, 67.4111404419, 26.543088913, 19.6860618591], [33.0102119446, -46.9421424866, -19.416847229, -25.4494476318, -44.0588302612, -10.783782959, -16.7826519012, -20.3014240265, 24.3053455353, 19.0618476868, 26.543088913, 97.5205383301, 31.6018104553], [-343.632446289, -71.9304122925, -9.36603450775, -71.0101928711, -35.0952224731, 37.4127464294, -39.767742157, 23.1630439758, -3.03717803955, 13.0188808441, 19.6860618591, 31.6018104553, 79.5056915283]],
        "icov": [[0.000408757099649, -0.00083646265557, 0.000847032759339, -0.0012189761037, 0.00061981548788, 4.1471041186e-05, 0.00031446153298, 0.000430232350482, -0.000350826536305, -0.000611277937423, 0.00054743909277, -0.00033047227771, 0.000389517954318], [-0.00083646265557, 0.0075657251291, -0.00417534960434, 0.00444556958973, -0.00566372927278, 0.00217872415669, -0.00379868154414, 0.00338622345589, -0.00014850286243, 0.00485896924511, -0.0033887012396, 0.00216757413, -0.000527462572791], [0.000847032759339, -0.00417534960434, 0.00690724654123, -0.0041261697188, 0.00178941327613, -0.00169828149956, 0.00427414989099, -0.00250632991083, 3.71793285012e-05, -0.00417833542451, 0.00255438126624, -0.00177304004319, 0.00222684978507], [-0.0012189761037, 0.00444556958973, -0.0041261697188, 0.00758442329243, -0.00308660464361, 3.849514178e-05, -0.00450223963708, 0.00244070310146, -0.00118096475489, 0.00623768428341, -0.00343339680694, 0.00218883226626, -0.000388668471714], [0.00061981548788, -0.00566372927278, 0.00178941327613, -0.00308660464361, 0.00900863949209, -0.00110103306361, 0.0016620841343, -0.00396074308082, 0.003307758132, -0.00201028212905, 0.00379681098275, -0.00202689063735, 0.00180985452607], [4.1471041186e-05, 0.00217872415669, -0.00169828149956, 3.849514178e-05, -0.00110103306361, 0.00609384430572, -0.000197825109353, -0.000615383964032, 0.000287038623355, 0.00331000913866, -0.00238453946076, 0.00120487972163, -0.00170807470568], [0.00031446153298, -0.00379868154414, 0.00427414989099, -0.00450223963708, 0.0016620841343, -0.000197825109353, 0.010466741398, -0.00342073361389, 0.00107247207779, -0.00506470119581, 0.00302392593585, -0.00121063331608, 0.00206619291566], [0.000430232350482, 0.00338622345589, -0.00250632991083, 0.00244070310146, -0.00396074308082, -0.000615383964032, -0.00342073361389, 0.0137176848948, -0.00419613905251, -0.000124258454889, -0.00301867723465, 0.00441099144518, -0.00150429015048], [-0.000350826536305, -0.00014850286243, 3.71793285012e-05, -0.00118096475489, 0.003307758132, 0.000287038623355, 0.00107247207779, -0.00419613905251, 0.0121840760112, -0.00603503221646, 0.00266750459559, -0.00273247784935, 0.00226218206808], [-0.000611277937423, 0.00485896924511, -0.00417833542451, 0.00623768428341, -0.00201028212905, 0.00331000913866, -0.00506470119581, -0.000124258454889, -0.00603503221646, 0.0214886944741, -0.00621310155839, 0.0011485790601, -0.000776520348154], [0.00054743909277, -0.0033887012396, 0.00255438126624, -0.00343339680694, 0.00379681098275, -0.00238453946076, 0.00302392593585, -0.00301867723465, 0.00266750459559, -0.00621310155839, 0.0214887615293, -0.00614880025387, -3.27347806888e-05], [-0.00033047227771, 0.00216757413, -0.00177304004319, 0.00218883226626, -0.00202689063735, 0.00120487972163, -0.00121063331608, 0.00441099144518, -0.00273247784935, 0.0011485790601, -0.00614880025387, 0.0156503096223, -0.00606417329982], [0.000389517954318, -0.000527462572791, 0.00222684978507, -0.000388668471714, 0.00180985452607, -0.00170807470568, 0.00206619291566, -0.00150429015048, 0.00226218206808, -0.000776520348154, -3.27347806888e-05, -0.00606417329982, 0.0194057039917]]
    },
    "melbands": {
        "dmean": [4.92110075356e-06, 0.000101935511339, 0.000275812810287, 0.000300627667457, 0.000163386197528, 0.00025658935192, 0.000319809245411, 0.000110044689791, 6.42717568553e-05, 2.07148259506e-05, 1.45815056385e-05, 1.15746133815e-05, 6.13312113273e-06, 1.17192048492e-05, 1.01716050267e-05, 1.26600953081e-05, 1.06570669232e-05, 8.3751119746e-06, 7.79780293669e-06, 7.50692788642e-06, 1.1364589227e-05, 5.54070584258e-06, 3.63302274309e-06, 5.23506469108e-06, 3.70925022253e-06, 2.06569529837e-06, 1.35890479669e-06, 5.36683671726e-07, 3.88231143233e-07, 2.9625056186e-07, 1.85968033861e-07, 6.5402204541e-08, 3.1176284665e-08, 2.99801357073e-08, 1.22034551353e-08, 9.39382616139e-09, 2.50456122508e-09, 4.73351080554e-10, 3.57913781945e-10, 1.59968843727e-10],
        "dmean2": [7.01157568983e-06, 0.000110081709863, 0.000290642521577, 0.000372298120055, 0.000260368717136, 0.000437881710241, 0.000517593929544, 0.000168892118381, 8.18436892587e-05, 2.73590594588e-05, 1.93553896679e-05, 1.54846529767e-05, 8.33696230984e-06, 1.73402077053e-05, 1.51772865138e-05, 1.80567021744e-05, 1.50755649884e-05, 1.09729789983e-05, 1.01745690699e-05, 1.05121916931e-05, 1.87641289813e-05, 8.47049614094e-06, 5.66259632251e-06, 7.54749680709e-06, 5.60316948395e-06, 3.00790225083e-06, 1.82590565601e-06, 7.84946621479e-07, 5.68611653762e-07, 4.39426941057e-07, 2.72715425353e-07, 9.86246959656e-08, 4.61677025498e-08, 4.39171223832e-08, 1.77976513527e-08, 1.4496936096e-08, 3.98146227099e-09, 7.1337319385e-10, 6.1062105372e-10, 2.79308132178e-10],
        "dvar": [5.90394566569e-10, 5.37835127545e-08, 2.64544411266e-07, 5.18000490501e-07, 1.31121723257e-07, 4.89333899623e-07, 4.85795681016e-07, 9.28040222448e-08, 2.89298256462e-08, 3.51131812515e-09, 1.93153959493e-09, 5.14890130532e-10, 1.81359635643e-10, 1.51934886894e-09, 6.91373847062e-10, 6.07744576886e-10, 5.45015532705e-10, 5.47933587391e-10, 2.73903261183e-10, 3.03394503964e-10, 7.21387616309e-10, 3.34770711152e-10, 8.49041947859e-11, 1.81089740425e-10, 1.13714558603e-10, 7.82183484649e-11, 2.99429162021e-11, 4.29980356875e-12, 2.29339290614e-12, 3.15924586838e-12, 9.58640393629e-13, 6.9714179362e-14, 2.41557211652e-14, 2.82736700941e-14, 4.6525444562e-15, 5.76825371322e-15, 3.58461616891e-16, 1.38883227801e-17, 9.37182812723e-18, 2.83555197877e-18],
        "dvar2": [1.09222419997e-09, 6.86292978003e-08, 2.74387247146e-07, 9.08663253085e-07, 4.03871297294e-07, 1.67025689279e-06, 1.20075162613e-06, 2.02122720339e-07, 4.96293210972e-08, 6.8175141088e-09, 3.31866845116e-09, 9.45693079402e-10, 3.04580610733e-10, 3.57667295781e-09, 1.66319458206e-09, 1.15630405251e-09, 1.02732899965e-09, 8.89846751839e-10, 5.02627384158e-10, 5.7696952771e-10, 1.99586769334e-09, 6.87314760661e-10, 2.01119121357e-10, 3.71661784682e-10, 2.43556008694e-10, 1.84636667067e-10, 7.24461116097e-11, 9.9571609638e-12, 4.89635415546e-12, 7.63025233275e-12, 2.33629175034e-12, 1.57840944091e-13, 5.56205336779e-14, 6.4189932124e-14, 1.08943310915e-14, 1.42718021239e-14, 8.30799031425e-16, 3.16849515318e-17, 2.42911281433e-17, 7.81578724409e-18],
        "max": [0.000680052326061, 0.00477011501789, 0.00893691647798, 0.016176527366, 0.00552204158157, 0.0097315153107, 0.0129573466256, 0.00675828754902, 0.00498480163515, 0.00110996607691, 0.000870779622346, 0.000551941979211, 0.000358416873496, 0.0011374889873, 0.000663352897391, 0.000364522245945, 0.000484408839839, 0.000843601068482, 0.000319891696563, 0.000483975163661, 0.000424719764851, 0.000468840851681, 0.000183783486136, 0.000279305328149, 0.000262367888354, 0.000292106473353, 0.00013906674576, 5.59521031391e-05, 3.47896566382e-05, 5.18428496434e-05, 2.42656769842e-05, 3.93476648242e-06, 2.59740295405e-06, 3.52371512236e-06, 1.42555882121e-06, 1.55008831371e-06, 4.81909978589e-07, 9.42627025324e-08, 7.34182705742e-08, 5.37248148191e-08],
        "mean": [1.21958973978e-05, 0.000319195707561, 0.000830200035125, 0.000854235026054, 0.000412425695686, 0.000594759534579, 0.000898001017049, 0.000295256235404, 0.000262341374764, 7.60507391533e-05, 4.65845660074e-05, 3.63520593964e-05, 2.13747316593e-05, 2.84311026917e-05, 2.64251048065e-05, 3.04061359202e-05, 2.23680490308e-05, 1.77056499524e-05, 1.96143355424e-05, 1.91428953258e-05, 1.9312121367e-05, 1.04439232018e-05, 7.71939721744e-06, 1.03841875898e-05, 7.3509017966e-06, 4.26246970164e-06, 2.73997011391e-06, 9.50819469381e-07, 6.40404152819e-07, 4.53353464991e-07, 2.71620734793e-07, 8.83462121237e-08, 3.75080659865e-08, 4.11962588487e-08, 1.50290908607e-08, 9.6730587984e-09, 2.63910626686e-09, 5.01246044671e-10, 3.68863467548e-10, 1.63744656723e-10],
        "median": [7.20405921584e-07, 8.36491381051e-05, 0.000384686602047, 0.000194552441826, 0.000181772586075, 0.00010607639706, 0.000249528588029, 8.54664685903e-05, 7.03582190908e-05, 2.05809774343e-05, 1.36531480166e-05, 1.89999373106e-05, 8.24281232781e-06, 8.63027344167e-06, 1.19617052405e-05, 1.02946496554e-05, 8.33362082631e-06, 5.94597941017e-06, 7.69749385654e-06, 7.63186199038e-06, 6.29038368061e-06, 2.24793120651e-06, 2.38434768107e-06, 3.13288160214e-06, 2.12670329347e-06, 7.56566635118e-07, 4.11603707562e-07, 1.37343448614e-07, 8.12025788832e-08, 3.3540022315e-08, 1.42787284219e-08, 3.5936813525e-09, 1.3430303536e-09, 1.07005349026e-09, 3.21361021127e-10, 1.03656645767e-10, 4.90857840485e-11, 2.32987101834e-11, 1.1252976849e-11, 7.01641435924e-12],
        "min": [1.2938723018e-23, 1.54974170299e-23, 1.23707778762e-23, 8.53807823548e-24, 6.84421716713e-24, 3.97895090263e-24, 3.60691029466e-24, 6.24360253415e-24, 7.1104805996e-24, 9.8747864733e-24, 8.27307224728e-24, 9.16604464819e-24, 1.55612548098e-23, 1.48720254592e-23, 1.88548674183e-23, 1.44391064831e-23, 5.80236186428e-24, 5.85624540284e-24, 8.70269062943e-24, 1.77963123245e-23, 1.96564037405e-23, 1.01492390708e-23, 1.53482560545e-23, 1.16900106365e-23, 1.06608721659e-23, 9.72414086167e-24, 1.44154848321e-23, 1.02977074264e-23, 1.00939028449e-23, 7.13514196922e-24, 6.97625670544e-24, 8.49762229282e-24, 1.22625548374e-23, 9.02315511699e-24, 1.04299355024e-23, 9.82934729629e-24, 8.2946483819e-24, 7.99163034213e-24, 1.2092954476e-23, 8.3009924013e-24],
        "stdev": [4.96546126669e-05, 0.000566020666156, 0.0012411409989, 0.00149314699229, 0.000613687501755, 0.00112470041495, 0.00134281464852, 0.000571056152694, 0.000502462615259, 0.000140663716593, 0.000105166756839, 4.89098965772e-05, 3.58569304808e-05, 5.91171556152e-05, 4.20477117586e-05, 4.80774979223e-05, 4.06496583309e-05, 4.05502833019e-05, 3.13943346555e-05, 3.34473297698e-05, 3.59179066436e-05, 2.66305705736e-05, 1.50778269017e-05, 2.15837590076e-05, 1.70559414983e-05, 1.44811956488e-05, 8.02734030003e-06, 2.83345116259e-06, 2.05259971153e-06, 2.07987363865e-06, 1.13024952952e-06, 3.10288299943e-07, 1.69218694168e-07, 2.04758819677e-07, 7.57501297244e-08, 7.39733749811e-08, 2.02364667246e-08, 3.99225630332e-09, 2.84840906417e-09, 1.43421574617e-09],
