{
"lowlevel": {
    "average_loudness": 0.952452003956,
    "barkbands_crest": {
        "dmean": 2.62774801254,
        "dmean2": 4.18565177917,
        "dvar": 5.52489185333,
        "dvar2": 13.5161094666,
        "max": 23.8317813873,
        "mean": 9.82647418976,
        "median": 9.140376091,
        "min": 2.49554014206,
        "stdev": 3.81986570358,
        "var": 14.5913743973
    },
    "barkbands_flatness_db": {
        "dmean": 0.0228537525982,
        "dmean2": 0.031844381243,
        "dvar": 0.000499991758261,
        "dvar2": 0.000931076880079,
        "max": 0.306328088045,
        "mean": 0.131917133927,
        "median": 0.129671290517,
        "min": 0.0257585886866,
        "stdev": 0.0510440319777,
        "var": 0.00260549318045
    },
    "barkbands_kurtosis": {
        "dmean": 2.36214876175,
        "dmean2": 3.68431091309,
        "dvar": 11.9966516495,
        "dvar2": 28.6099567413,
        "max": 53.1100349426,
        "mean": 3.72729754448,
        "median": 1.90278911591,
        "min": -1.93837571144,
        "stdev": 5.90075492859,
        "var": 34.8189086914
    },
    "barkbands_skewness": {
        "dmean": 0.499447375536,
        "dmean2": 0.754544913769,
        "dvar": 0.238172650337,
        "dvar2": 0.535332202911,
        "max": 5.83107995987,
        "mean": 1.47682332993,
        "median": 1.35865485668,
        "min": -1.35229349136,
        "stdev": 1.05577075481,
        "var": 1.11465191841
    },
    "barkbands_spread": {
        "dmean": 6.15255784988,
        "dmean2": 8.80559158325,
        "dvar": 70.4114761353,
        "dvar2": 134.635620117,
        "max": 101.19127655,
        "mean": 22.0931606293,
        "median": 17.6430168152,
        "min": 2.09880447388,
        "stdev": 15.6398630142,
        "var": 244.605316162
    },
    "dissonance": {
        "dmean": 0.0211372319609,
        "dmean2": 0.0346865355968,
        "dvar": 0.000437946844613,
        "dvar2": 0.00114859186579,
        "max": 0.499999880791,
        "mean": 0.454567551613,
        "median": 0.464631676674,
        "min": 0.280937731266,
        "stdev": 0.0345487371087,
        "var": 0.00119361514226
    },
    "dynamic_complexity": 3.26279377937,
    "erbbands_crest": {
        "dmean": 2.46092319489,
        "dmean2": 3.87860536575,
        "dvar": 6.25150299072,
        "dvar2": 14.9079685211,
        "max": 31.271686554,
        "mean": 9.28985500336,
        "median": 7.8716545105,
        "min": 2.21822762489,
        "stdev": 5.04980230331,
        "var": 25.50050354
    },
    "erbbands_flatness_db": {
        "dmean": 0.0209356248379,
        "dmean2": 0.0275959353894,
        "dvar": 0.000497283530422,
        "dvar2": 0.000838313309941,
        "max": 0.328456223011,
        "mean": 0.153103709221,
        "median": 0.144287928939,
        "min": 0.0430946312845,
        "stdev": 0.0511714890599,
        "var": 0.00261852121912
    },
    "erbbands_kurtosis": {
        "dmean": 0.910156130791,
        "dmean2": 1.36482965946,
        "dvar": 1.47969293594,
        "dvar2": 3.30722546577,
        "max": 25.0756702423,
        "mean": 0.616815209389,
        "median": -0.168127775192,
        "min": -1.78145086765,
        "stdev": 2.33644366264,
        "var": 5.45896863937
    },
    "erbbands_skewness": {
        "dmean": 0.344134539366,
        "dmean2": 0.514501690865,
        "dvar": 0.115076228976,
        "dvar2": 0.268113046885,
        "max": 2.73359918594,
        "mean": 0.291032642126,
        "median": 0.251421540976,
        "min": -3.76531434059,
        "stdev": 0.754750013351,
        "var": 0.569647610188
    },
    "erbbands_spread": {
        "dmean": 8.70086574554,
        "dmean2": 12.5573863983,
        "dvar": 106.910469055,
        "dvar2": 207.064025879,
        "max": 163.387191772,
        "mean": 39.0644073486,
        "median": 36.466003418,
        "min": 4.78970193863,
        "stdev": 21.6678733826,
        "var": 469.496704102
    },
    "hfc": {
        "dmean": 7.52396869659,
        "dmean2": 10.0678567886,
        "dvar": 135.076904297,
        "dvar2": 278.187194824,
        "max": 183.217315674,
        "mean": 22.1810073853,
        "median": 15.8707523346,
        "min": 0.568723618984,
        "stdev": 20.8647594452,
        "var": 435.338226318
    },
    "loudness_ebu128": {
        "integrated": -18.5975780487,
        "loudness_range": 3.80124855042,
        "momentary": {
            "dmean": 0.641097903252,
            "dmean2": 0.711957991123,
            "dvar": 0.274328589439,
            "dvar2": 0.38160559535,
            "max": -15.3515834808,
            "mean": -19.1619987488,
            "median": -18.7000999451,
            "min": -26.6113567352,
            "stdev": 2.37919187546,
            "var": 5.66055393219
        },
        "short_term": {
            "dmean": 0.11086601764,
            "dmean2": 0.107972726226,
            "dvar": 0.00759034324437,
            "dvar2": 0.00963189918548,
            "max": -16.8374538422,
            "mean": -18.832906723,
            "median": -18.5900001526,
            "min": -21.6733455658,
            "stdev": 1.28804075718,
            "var": 1.65904891491
        }
    },
    "melbands_crest": {
        "dmean": 3.38829636574,
        "dmean2": 5.38441038132,
        "dvar": 8.92091083527,
        "dvar2": 22.0745487213,
        "max": 30.8150177002,
        "mean": 13.3404464722,
        "median": 12.5298309326,
        "min": 3.9836139679,
        "stdev": 4.68242835999,
        "var": 21.9251365662
    },
    "melbands_flatness_db": {
        "dmean": 0.0272592809051,
        "dmean2": 0.0383655019104,
        "dvar": 0.000738125061616,
        "dvar2": 0.00134870992042,
        "max": 0.421231329441,
        "mean": 0.206713572145,
        "median": 0.205772951245,
        "min": 0.0497523546219,
        "stdev": 0.065215177834,
        "var": 0.00425301957875
    },
    "melbands_kurtosis": {
        "dmean": 5.43490505219,
        "dmean2": 8.49570083618,
        "dvar": 57.61328125,
        "dvar2": 131.530822754,
        "max": 134.654434204,
        "mean": 11.3020935059,
        "median": 6.99969005585,
        "min": -1.78342151642,
        "stdev": 13.4219331741,
        "var": 180.148300171
    },
    "melbands_skewness": {
        "dmean": 0.66511875391,
        "dmean2": 1.01450192928,
        "dvar": 0.437375366688,
        "dvar2": 0.929886043072,
        "max": 9.2177734375,
        "mean": 2.47088027,
        "median": 2.34051132202,
        "min": -1.10071873665,
        "stdev": 1.4757733345,
        "var": 2.17790699005
    },
    "melbands_spread": {
        "dmean": 6.47560358047,
        "dmean2": 9.67423248291,
        "dvar": 79.7893981934,
        "dvar2": 162.469787598,
        "max": 141.45652771,
        "mean": 21.7408866882,
        "median": 18.2227420807,
        "min": 1.78745746613,
        "stdev": 15.7915639877,
        "var": 249.373504639
    },
    "pitch_salience": {
        "dmean": 0.0690561532974,
        "dmean2": 0.108662359416,
        "dvar": 0.00348113360815,
        "dvar2": 0.00848788488656,
        "max": 0.849325656891,
        "mean": 0.561600863934,
        "median": 0.562819957733,
        "min": 0.221179127693,
        "stdev": 0.105694368482,
        "var": 0.0111712999642
    },
    "silence_rate_20dB": {
        "dmean": 0,
        "dmean2": 0,
        "dvar": 0,
        "dvar2": 0,
        "max": 1,
        "mean": 1,
        "median": 1,
        "min": 1,
        "stdev": 0,
        "var": 0
    },
    "silence_rate_30dB": {
        "dmean": 0,
        "dmean2": 0,
        "dvar": 0,
        "dvar2": 0,
        "max": 1,
        "mean": 1,
        "median": 1,
        "min": 1,
        "stdev": 0,
        "var": 0
    },
    "silence_rate_60dB": {
        "dmean": 0.0201238393784,
        "dmean2": 0.0397521927953,
        "dvar": 0.0197186022997,
        "dvar2": 0.0464315973222,
        "max": 1,
        "mean": 0.0288808662444,
        "median": 0,
        "min": 0,
        "stdev": 0.167472749949,
        "var": 0.0280471201986
    },
    "spectral_centroid": {
        "dmean": 211.55178833,
        "dmean2": 315.968017578,
        "dvar": 61440.0390625,
        "dvar2": 128760.78125,
        "max": 3694.20776367,
        "mean": 1099.16577148,
        "median": 1007.80908203,
        "min": 226.075653076,
        "stdev": 513.254577637,
        "var": 263430.25
    },
    "spectral_complexity": {
        "dmean": 3.47729611397,
        "dmean2": 4.79814147949,
        "dvar": 13.3660869598,
        "dvar2": 22.1290359497,
        "max": 57,
        "mean": 16.7323360443,
        "median": 16,
        "min": 1,
        "stdev": 7.98284721375,
        "var": 63.7258529663
    },
    "spectral_decrease": {
        "dmean": 2.30995778061e-09,
        "dmean2": 3.40085337669e-09,
        "dvar": 1.02523933222e-17,
        "dvar2": 2.25374506508e-17,
        "max": -1.37962613556e-10,
        "mean": -6.87119161569e-09,
        "median": -5.54772094929e-09,
        "min": -3.0492682157e-08,
        "stdev": 5.32508970252e-09,
        "var": 2.83565818877e-17
    },
    "spectral_energy": {
        "dmean": 0.00913345627487,
        "dmean2": 0.0133911995217,
        "dvar": 0.000154629786266,
        "dvar2": 0.000336544966558,
        "max": 0.11879877001,
        "mean": 0.0279453564435,
        "median": 0.0228068754077,
        "min": 0.000572287535761,
        "stdev": 0.021204508841,
        "var": 0.000449631217634
    },
    "spectral_energyband_high": {
        "dmean": 0.000534715945832,
        "dmean2": 0.000721833843272,
        "dvar": 1.36542882956e-06,
        "dvar2": 2.89067497761e-06,
        "max": 0.0162063203752,
        "mean": 0.000891182222404,
        "median": 0.000241550020291,
        "min": 2.08086589737e-07,
        "stdev": 0.00171878142282,
        "var": 2.95420977636e-06
    },
    "spectral_energyband_low": {
        "dmean": 0.00560532370582,
        "dmean2": 0.00846971385181,
        "dvar": 0.000125044127344,
        "dvar2": 0.000276654347545,
        "max": 0.0871555879712,
        "mean": 0.00818238593638,
        "median": 0.0034152357839,
        "min": 6.95426788297e-05,
        "stdev": 0.0129313096404,
        "var": 0.000167218764545
    },
    "spectral_energyband_middle_high": {
        "dmean": 0.001914676046,
        "dmean2": 0.00260066008195,
        "dvar": 9.42195129028e-06,
        "dvar2": 1.70923485712e-05,
        "max": 0.0549501031637,
        "mean": 0.0060470062308,
        "median": 0.00309141166508,
        "min": 2.69016509264e-05,
        "stdev": 0.007581257727,
        "var": 5.74754703848e-05
    },
    "spectral_energyband_middle_low": {
        "dmean": 0.00455124536529,
        "dmean2": 0.00694381305948,
        "dvar": 3.0525294278e-05,
        "dvar2": 6.75950213918e-05,
        "max": 0.0719195008278,
        "mean": 0.0138583555818,
        "median": 0.0111067565158,
        "min": 0.000111112836748,
        "stdev": 0.0113178584725,
        "var": 0.000128093917738
    },
    "spectral_entropy": {
        "dmean": 0.212135881186,
        "dmean2": 0.273354381323,
        "dvar": 0.0527024492621,
        "dvar2": 0.0847653076053,
        "max": 8.79862308502,
        "mean": 7.46782922745,
        "median": 7.4840464592,
        "min": 5.7891459465,
        "stdev": 0.543788254261,
        "var": 0.295705676079
    },
    "spectral_flux": {
        "dmean": 0.0263090264052,
        "dmean2": 0.0410293526947,
        "dvar": 0.000978357857093,
        "dvar2": 0.00222382834181,
        "max": 0.280970573425,
        "mean": 0.0838864296675,
        "median": 0.0711712613702,
        "min": 0.0091921472922,
        "stdev": 0.0485219173133,
        "var": 0.00235437648371
    },
    "spectral_kurtosis": {
        "dmean": 2.1742181778,
        "dmean2": 3.40601921082,
        "dvar": 13.2083492279,
        "dvar2": 34.4666442871,
        "max": 59.0542984009,
        "mean": 5.99412870407,
        "median": 4.62452125549,
        "min": -1.42326259613,
        "stdev": 5.24693536758,
        "var": 27.530330658
    },
    "spectral_rms": {
        "dmean": 0.000815289269667,
        "dmean2": 0.001164631336,
        "dvar": 8.97375684872e-07,
        "dvar2": 1.77167362381e-06,
        "max": 0.0107657434419,
        "mean": 0.00483883870766,
        "median": 0.00471705524251,
        "min": 0.000747214362491,
        "stdev": 0.00196198257618,
        "var": 3.84937538911e-06
    },
    "spectral_rolloff": {
        "dmean": 595.953430176,
        "dmean2": 956.788330078,
        "dvar": 1688174.75,
        "dvar2": 3437933.5,
        "max": 12919.921875,
        "mean": 1535.1661377,
        "median": 1033.59375,
        "min": 86.1328125,
        "stdev": 1792.08337402,
        "var": 3211562.75
    },
    "spectral_skewness": {
        "dmean": 0.27054476738,
        "dmean2": 0.40124464035,
        "dvar": 0.119343839586,
        "dvar2": 0.267520725727,
        "max": 5.86006402969,
        "mean": 1.87728440762,
        "median": 1.79948151112,
        "min": 0.13201802969,
        "stdev": 0.685244083405,
        "var": 0.469559460878
    },
    "spectral_spread": {
        "dmean": 859086.6875,
        "dmean2": 1104520.75,
        "dvar": 1.27466497638e+12,
        "dvar2": 2.0741872681e+12,
        "max": 19080906,
        "mean": 5087729,
        "median": 4667269.5,
        "min": 1136129.5,
        "stdev": 2185255.25,
        "var": 4.77534040883e+12
    },
    "spectral_strongpeak": {
        "dmean": 0.576466083527,
        "dmean2": 0.963335871696,
        "dvar": 1.05268454552,
        "dvar2": 2.31285667419,
        "max": 13.6086263657,
        "mean": 1.18676900864,
        "median": 0.462884932756,
        "min": 0.0111352354288,
        "stdev": 1.71358394623,
        "var": 2.93637013435
    },
    "zerocrossingrate": {
        "dmean": 0.0137661043555,
        "dmean2": 0.0150560531765,
        "dvar": 0.000327654735884,
        "dvar2": 0.000337931909598,
        "max": 0.33154296875,
        "mean": 0.0625788196921,
        "median": 0.0498046875,
        "min": 0.005859375,
        "stdev": 0.0423160269856,
        "var": 0.0017906462308
    },
    "barkbands": {
        "dmean": [0.000251858000411, 0.00415349705145, 0.00168028264306, 0.0013739853166, 0.0020676094573, 0.000970235327259, 0.00059620779939, 0.000854863028508, 0.00130270642694, 0.000589600356761, 0.000568352348637, 0.00049414037494, 0.000368495821021, 0.000467161851702, 0.000352204137016, 0.000246513751335, 0.000161015166668, 9.60553152254e-05, 7.42653355701e-05, 8.43523084768e-05, 6.21600047452e-05, 9.15417767828e-05, 9.56143776421e-05, 8.45857211971e-05, 0.000162893615197, 6.18544218014e-05, 6.80589937474e-06],
        "dmean2": [0.000395848241169, 0.00632123090327, 0.00292750331573, 0.00237960647792, 0.00332953128964, 0.00144305930007, 0.000940127181821, 0.00127225881442, 0.00194540456869, 0.000915155687835, 0.000829618657008, 0.00075259571895, 0.000553611665964, 0.000748508085962, 0.000546952825971, 0.000369021523511, 0.000233441402088, 0.000146747857798, 0.00011246665963, 0.000128806481371, 9.02852552827e-05, 0.000136558199301, 0.000138905961649, 0.000120372824313, 0.000234585197177, 8.71243610163e-05, 1.07338728412e-05],
        "dvar": [3.37561118613e-07, 8.92492826097e-05, 1.03352986116e-05, 4.28346538683e-06, 7.18229375707e-06, 3.10828022521e-06, 1.17551485346e-06, 8.02761496743e-06, 1.19816704682e-05, 2.92601771434e-06, 3.06086622004e-06, 2.30713567362e-06, 9.83995391834e-07, 1.14514296001e-06, 1.91904314306e-06, 4.72277349672e-07, 2.49834471333e-07, 4.87218372314e-08, 2.70170943395e-08, 9.75132579129e-08, 1.31836088713e-08, 4.41707079801e-08, 6.63703829673e-08, 7.47854187466e-08, 2.39523842538e-07, 2.7622270693e-08, 3.89694665426e-10],
        "dvar2": [7.9072896142e-07, 0.000200081049115, 2.83843946818e-05, 1.24580437841e-05, 1.87189780263e-05, 6.36640834273e-06, 2.6857865123e-06, 1.65710025612e-05, 2.28582248383e-05, 6.65000243316e-06, 6.07117954132e-06, 3.87165619031e-06, 2.19631101572e-06, 2.87924603981e-06, 4.84523343403e-06, 9.29120858473e-07, 3.57430593567e-07, 1.11055818763e-07, 6.3318964294e-08, 1.94279976995e-07, 2.86419528095e-08, 1.0585002741e-07, 1.60334138855e-07, 1.62039142992e-07, 5.07730703703e-07, 5.44467653185e-08, 9.32713017932e-10],
        "max": [0.00508772023022, 0.0742281079292, 0.0665240362287, 0.0160249490291, 0.0349308513105, 0.0433227941394, 0.0168667882681, 0.0529675148427, 0.0559287182987, 0.0317816585302, 0.0430445447564, 0.0502676405013, 0.026616031304, 0.0230630934238, 0.0447037480772, 0.0165587961674, 0.0189189203084, 0.00781068904325, 0.00386787275784, 0.00993927475065, 0.00206561759114, 0.00252297101542, 0.00486686080694, 0.00568446563557, 0.0105798924342, 0.00276990490966, 0.000265747396043],
        "mean": [0.000260557164438, 0.0044961636886, 0.0025808706414, 0.00186015677173, 0.00413994118571, 0.00227282592095, 0.00121941312682, 0.00165455951355, 0.00238480931148, 0.000984508194961, 0.00100255187135, 0.000848813040648, 0.000655545154586, 0.000832864898257, 0.000593663775362, 0.000458507565781, 0.000417114410084, 0.000193329426111, 0.000138875664561, 0.000149514264194, 0.000104836282844, 0.000140884323628, 0.000139402080094, 0.00012549670646, 0.000206152442843, 7.73182982812e-05, 6.69045266477e-06],
        "median": [3.18727470585e-05, 0.000974876573309, 0.00127812323626, 0.00109082402196, 0.00289810309187, 0.000858212239109, 0.000440895382781, 0.000179827344255, 0.000422167475335, 0.000224576695473, 0.000199099507881, 0.00027477889671, 0.00024938720162, 0.000253806647379, 0.000192634397536, 0.000163444274222, 0.000113882713777, 8.96189958439e-05, 5.89746414335e-05, 6.08055415796e-05, 3.88691260014e-05, 3.31422525051e-05, 2.55069116974e-05, 2.29431625485e-05, 3.8886526454e-05, 9.24606683839e-06, 4.55764137541e-07],
        "min": [6.78820697431e-08, 1.90021330582e-06, 9.81394691735e-07, 1.81334121407e-06, 4.14000824094e-05, 3.57058593181e-06, 4.82875520902e-07, 1.42671331105e-06, 3.05524577016e-06, 2.11945689443e-06, 4.55114815168e-07, 2.60532118546e-07, 9.72402972366e-07, 1.06317429527e-06, 1.29044758523e-06, 8.33145804791e-07, 6.87634326368e-07, 2.90042237339e-07, 1.5548896215e-07, 8.00598201067e-08, 3.79178892729e-08, 3.15392085781e-08, 3.23341708963e-08, 1.60648152558e-08, 1.47162859676e-08, 8.97076812834e-09, 7.74445230167e-10],
        "stdev": [0.000616721517872, 0.0100313946605, 0.00382882659324, 0.00231500947848, 0.00405493052676, 0.00374865741469, 0.00201268005185, 0.00527153164148, 0.00566284405068, 0.00266141770408, 0.00283644162118, 0.0026973891072, 0.0016194304917, 0.0019417576259, 0.00153408269398, 0.00116015411913, 0.00152061274275, 0.000395276438212, 0.000262730638497, 0.00039664254291, 0.0001778571459, 0.000274688267382, 0.000339771213476, 0.00039968494093, 0.000619209371507, 0.000225359035539, 2.00669946935e-05],
        "var": [3.80345397843e-07, 0.000100628873042, 1.46599131767e-05, 5.35926847078e-06, 1.64424618561e-05, 1.40524316521e-05, 4.05088121624e-06, 2.7789046726e-05, 3.20678009302e-05, 7.08314428266e-06, 8.04540104582e-06, 7.27590850147e-06, 2.62255503003e-06, 3.77042283617e-06, 2.35340962718e-06, 1.34595757117e-06, 2.31226317737e-06, 1.5624347327e-07, 6.90273935788e-08, 1.57325317218e-07, 3.16331636441e-08, 7.5453641557e-08, 1.1544447176e-07, 1.59748054784e-07, 3.83420257322e-07, 5.07866921851e-08, 4.0268430257e-10]
    },
    "erbbands": {
        "dmean": [0.164366051555, 0.811714112759, 1.79084980488, 3.11595582962, 5.50253582001, 7.79771947861, 8.92664432526, 6.74563550949, 6.9978351593, 12.1814289093, 22.2657241821, 28.1555500031, 19.5224761963, 18.4397621155, 20.245470047, 15.9826498032, 15.3914794922, 19.1543254852, 19.4245853424, 16.9985942841, 12.9986810684, 9.09365940094, 5.18292474747, 4.45498800278, 3.0211148262, 4.15978527069, 2.85115671158, 2.62711811066, 3.59604644775, 2.2416138649, 2.94371795654, 1.78966844082, 1.63420236111, 1.6549602747, 1.28242492676, 0.331408828497, 0.103053286672, 0.0238964688033, 0.000691662309691, 2.59967237071e-05],
        "dmean2": [0.251634001732, 1.28074944019, 3.11310791969, 5.35887145996, 9.22085857391, 12.7665910721, 13.6041383743, 9.98697280884, 11.1260433197, 18.0159263611, 32.5728378296, 41.699508667, 30.2439804077, 27.3149986267, 28.7241134644, 23.7772274017, 22.6729164124, 29.7649822235, 30.4230937958, 25.2535533905, 19.0791759491, 12.4692001343, 7.65459442139, 6.4849691391, 4.59725522995, 6.30532503128, 4.23213815689, 3.8426926136, 5.38262176514, 3.30349302292, 4.30699253082, 2.55532407761, 2.34871268272, 2.46762704849, 1.90730452538, 0.466202497482, 0.14741204679, 0.0361160598695, 0.00106502429117, 3.70260058844e-05],
        "dvar": [0.162897333503, 3.17649316788, 10.7013845444, 23.8287200928, 63.4581260681, 128.215194702, 266.904174805, 158.206893921, 164.194442749, 1196.93908691, 3749.46069336, 6883.27685547, 3622.94848633, 3134.08520508, 2734.68969727, 1581.5201416, 1444.65527344, 2608.70996094, 2022.49462891, 3246.15087891, 1263.31469727, 984.687805176, 107.65712738, 76.5222167969, 80.818862915, 262.616088867, 31.3486595154, 27.0148677826, 71.3490447998, 20.9892082214, 72.5749206543, 28.7623176575, 33.7975082397, 31.6112556458, 15.2614898682, 0.94477891922, 0.0790670141578, 0.00477758189663, 4.08822279496e-06, 2.45195530546e-09],
        "dvar2": [0.368584305048, 7.64386558533, 29.9707965851, 65.2777023315, 174.057403564, 344.061309814, 615.070739746, 302.428405762, 376.537261963, 2504.89135742, 7273.00146484, 12698.625, 8591.85644531, 7808.84814453, 4524.23779297, 2739.89013672, 2532.05810547, 5941.24902344, 5105.73730469, 7610.48486328, 2170.49609375, 1436.98120117, 204.354553223, 156.182373047, 169.992034912, 530.014587402, 69.693572998, 59.8030548096, 171.081848145, 47.1707649231, 175.741287231, 64.6817245483, 75.3878250122, 69.3438949585, 34.0139427185, 1.67327523232, 0.170596435666, 0.0115853771567, 9.75133661996e-06, 5.35609689933e-09],
        "max": [2.76780200005, 14.8217792511, 47.3856239319, 79.1262512207, 106.120018005, 160.622344971, 305.867370605, 308.61428833, 290.2293396, 764.400268555, 1501.87841797, 1656.73950195, 1226.00561523, 871.611938477, 1026.38745117, 1367.16674805, 1108.33654785, 1330.20141602, 864.007324219, 1692.97290039, 962.721374512, 1290.23400879, 346.703430176, 245.770767212, 266.215698242, 498.156768799, 129.689819336, 91.3076248169, 96.8514709473, 57.6079597473, 152.480499268, 102.562156677, 133.953338623, 128.971603394, 67.0050201416, 19.4092292786, 4.61285352707, 1.11647212505, 0.0302505530417, 0.000776283966843],
        "mean": [0.164941042662, 0.8906878829, 2.73973011971, 4.77998447418, 8.99484539032, 14.7647476196, 20.1991043091, 16.5973854065, 14.78099823, 25.9393348694, 45.4970703125, 51.7132034302, 35.8172264099, 33.493927002, 37.9851799011, 29.9121780396, 32.2875328064, 35.6691741943, 34.0345573425, 30.8625049591, 28.2167854309, 24.3069705963, 12.5417747498, 9.01523208618, 5.87106895447, 7.4146323204, 5.15052986145, 4.34254312515, 5.4067735672, 3.59612226486, 4.13322067261, 2.66299104691, 2.29282903671, 2.11658096313, 1.56438374519, 0.436387687922, 0.122244916856, 0.02537833713, 0.000727652804926, 5.33274214831e-05],
        "median": [0.0152550591156, 0.284146517515, 1.31788623333, 3.02750086784, 5.83753728867, 9.76982879639, 9.09189891815, 6.70688390732, 6.24343585968, 6.10440444946, 5.99979352951, 10.9416437149, 8.81757545471, 9.02402973175, 10.7420434952, 11.7851371765, 13.5850095749, 10.9018192291, 13.5892543793, 12.2005529404, 9.69490528107, 7.39910364151, 5.40245485306, 4.40135860443, 2.81906294823, 2.97083950043, 2.11970949173, 1.45528161526, 1.27965915203, 0.751714944839, 0.709229528904, 0.451071202755, 0.421384632587, 0.401469618082, 0.273339360952, 0.061052761972, 0.0127670392394, 0.00226612319238, 7.69412072259e-05, 3.62556456821e-05],
        "min": [0.000106440536911, 0.00313066015951, 0.00531911756843, 0.0191924236715, 0.0618682429194, 0.136696949601, 0.0236519295722, 0.0444378964603, 0.0426009260118, 0.0645136535168, 0.0715660378337, 0.0676415264606, 0.105818733573, 0.0749502256513, 0.062382362783, 0.0317342765629, 0.0589880980551, 0.0799176096916, 0.0433163940907, 0.0774112567306, 0.032568205148, 0.0388273857534, 0.0196211636066, 0.011356879957, 0.0061995042488, 0.00424981629476, 0.00180612888653, 0.00181464233901, 0.00131792097818, 0.000947117747273, 0.000773165782448, 0.000319498038152, 0.0002814574691, 0.00016456953017, 0.000115675837151, 3.6192326661e-05, 2.22957587539e-05, 4.60175851913e-06, 1.3162768937e-06, 1.05391541183e-06],
        "stdev": [0.421411305666, 1.80566990376, 3.7371764183, 5.79862499237, 9.83135032654, 15.8130407333, 30.4188308716, 27.2574615479, 26.9749412537, 63.381072998, 116.282485962, 132.15953064, 98.1285705566, 84.0510177612, 92.1075973511, 69.8539886475, 76.5955886841, 95.2589111328, 58.2512207031, 70.4542694092, 75.4717330933, 90.1831054688, 26.8916606903, 16.4532146454, 11.5813236237, 20.7885723114, 9.00629806519, 7.76677942276, 10.816950798, 6.55198049545, 10.9969072342, 7.93968057632, 7.93479251862, 7.12169265747, 4.55702352524, 1.39110672474, 0.350875914097, 0.0710259303451, 0.0020962448325, 6.36187760392e-05],
        "var": [0.177587494254, 3.26044392586, 13.9664869308, 33.6240501404, 96.6554489136, 250.052261353, 925.305236816, 742.969238281, 727.647460938, 4017.16064453, 13521.6171875, 17466.140625, 9629.21582031, 7064.57421875, 8483.80957031, 4879.57958984, 5866.88427734, 9074.26074219, 3393.20483398, 4963.80371094, 5695.98193359, 8132.99267578, 723.161437988, 270.708251953, 134.127059937, 432.164733887, 81.1134033203, 60.3228607178, 117.00642395, 42.9284477234, 120.93196106, 63.0385284424, 62.9609336853, 50.7185058594, 20.766462326, 1.93517792225, 0.123113915324, 0.00504468241706, 4.39424229626e-06, 4.04734823434e-09]
    },
    "gfcc": {
        "mean": [4.84063148499, 94.0393218994, -106.820968628, 21.0500068665, -52.6336746216, 17.8117427826, -46.7269439697, 6.85102558136, -30.5966949463, 3.46851372719, -21.8285636902, -0.631458759308, -9.91687393188],
        "cov": [[3780.98876953, -1342.72192383, -42.295879364, -60.8062744141, -184.322509766, 237.514404297, 10.8129577637, 135.137084961, -153.0887146, 96.9464492798, -176.522979736, 129.614257812, -53.3617630005], [-1342.72192383, 1480.31774902, -233.993331909, -221.576889038, 337.560119629, -196.118255615, 132.235168457, 42.0698204041, 140.019378662, -62.1502418518, 139.528579712, -118.610618591, 124.23084259], [-42.295879364, -233.993331909, 558.662658691, 71.1450881958, -57.1394004822, 100.870307922, 8.28458118439, 20.9864311218, 20.0274143219, 44.8166809082, -10.0940504074, 58.2339057922, -44.9756660461], [-60.8062744141, -221.576889038, 71.1450881958, 517.216186523, -1.26103961468, 73.5422134399, 8.65503787994, -94.9777145386, -19.0872020721, -63.683555603, 18.9203720093, 26.1661968231, -32.3789291382], [-184.322509766, 337.560119629, -57.1394004822, -1.26103961468, 283.959320068, 34.876209259, 51.5958213806, 34.1867408752, 37.7201652527, -8.81077194214, 39.2089920044, -1.60380244255, 34.3136825562], [237.514404297, -196.118255615, 100.870307922, 73.5422134399, 34.876209259, 269.252197266, 60.3228759766, -41.0641212463, -28.7576313019, 3.15785574913, -2.7866692543, 18.3123435974, -19.19282341], [10.8129577637, 132.235168457, 8.28458118439, 8.65503787994, 51.5958213806, 60.3228759766, 168.172851562, 32.8690795898, 26.8527011871, 12.4456396103, 10.600394249, -14.7900047302, -3.55122327805], [135.137084961, 42.0698204041, 20.9864311218, -94.9777145386, 34.1867408752, -41.0641212463, 32.8690795898, 149.727157593, 36.1462135315, 29.1791820526, -10.8647928238, 3.00050497055, 11.9665365219], [-153.0887146, 140.019378662, 20.0274143219, -19.0872020721, 37.7201652527, -28.7576313019, 26.8527011871, 36.1462135315, 106.442726135, 22.4112796783, 5.32701396942, -4.83091402054, -1.93627583981], [96.9464492798, -62.1502418518, 44.8166809082, -63.683555603, -8.81077194214, 3.15785574913, 12.4456396103, 29.1791820526, 22.4112796783, 99.3411483765, 2.33527517319, -5.15607118607, -6.31929683685], [-176.522979736, 139.528579712, -10.0940504074, 18.9203720093, 39.2089920044, -2.7866692543, 10.600394249, -10.8647928238, 5.32701396942, 2.33527517319, 80.1473922729, 7.416431427, 16.2620124817], [129.614257812, -118.610618591, 58.2339057922, 26.1661968231, -1.60380244255, 18.3123435974, -14.7900047302, 3.00050497055, -4.83091402054, -5.15607118607, 7.416431427, 88.4547653198, 14.1145744324], [-53.3617630005, 124.23084259, -44.9756660461, -32.3789291382, 34.3136825562, -19.19282341, -3.55122327805, 11.9665365219, -1.93627583981, -6.31929683685, 16.2620124817, 14.1145744324, 78.3701400757]],
        "icov": [[0.00051693606656, 0.000542591966223, 0.000294509023661, 0.000182957563084, -0.000166576399351, -0.000148939841893, -0.000370680383639, -0.000468873302452, 0.000268679257715, -0.000100532713986, 0.000298346451018, -0.000282904715277, -0.000184691802133], [0.000542591966223, 0.00385890598409, -0.000193644023966, 0.00174146727659, -0.00284837931395, 0.00224862457253, -0.00269163493067, 0.00130591075867, -0.00250858534127, 0.00335148815066, -0.00355055765249, 0.00388149428181, -0.00341684464365], [0.000294509023661, -0.000193644023966, 0.00266290223226, -0.000455818866612, 0.000881286163349, -0.00139584904537, 0.000411892251577, -0.00126626132987, -6.57192649669e-05, -0.00148447102401, 0.000681093428284, -0.00227592233568, 0.00147892604582], [0.000182957563084, 0.00174146727659, -0.000455818866612, 0.00334975123405, -0.00142366229557, 0.000877591606695, -0.00157748430502, 0.00203643809073, -0.00138850486837, 0.00310133257881, -0.00225606234744, 0.00122488022316, -0.000594458484557], [-0.000166576399351, -0.00284837931395, 0.000881286163349, -0.00142366229557, 0.00696850474924, -0.00313997850753, 0.00153064180631, -0.00257495138794, 0.000483151437948, -0.00186176993884, 0.00103380647488, -0.00296597648412, 0.00114327296615], [-0.000148939841893, 0.00224862457253, -0.00139584904537, 0.000877591606695, -0.00313997850753, 0.00728332111612, -0.00391800468788, 0.00345102814026, -7.56319786888e-05, 0.00178081681952, -0.00178051600233, 0.00204540067352, -0.00150755071081], [-0.000370680383639, -0.00269163493067, 0.000411892251577, -0.00157748430502, 0.00153064180631, -0.00391800468788, 0.00975531060249, -0.00317034730688, 0.000124890226289, -0.00249344902113, 0.00131459149998, -0.000956197967753, 0.00259686936624], [-0.000468873302452, 0.00130591075867, -0.00126626132987, 0.00203643809073, -0.00257495138794, 0.00345102814026, -0.00317034730688, 0.0112341074273, -0.00305075198412, 0.000512162514497, -6.38758137939e-05, 0.00124977377709, -0.00240704393946], [0.000268679257715, -0.00250858534127, -6.57192649669e-05, -0.00138850486837, 0.000483151437948, -7.56319786888e-05, 0.000124890226289, -0.00305075198412, 0.0144597375765, -0.005057355389, 0.00337680941448, -0.00352916726843, 0.00367391249165], [-0.000100532713986, 0.00335148815066, -0.00148447102401, 0.00310133257881, -0.00186176993884, 0.00178081681952, -0.00249344902113, 0.000512162514497, -0.005057355389, 0.0162576399744, -0.00573644088581, 0.00541437929496, -0.00249051162973], [0.000298346451018, -0.00355055765249, 0.000681093428284, -0.00225606234744, 0.00103380647488, -0.00178051600233, 0.00131459149998, -6.38758137939e-05, 0.00337680941448, -0.00573644088581, 0.0194708779454, -0.00634284410626, 0.00119379430544], [-0.000282904715277, 0.00388149428181, -0.00227592233568, 0.00122488022316, -0.00296597648412, 0.00204540067352, -0.000956197967753, 0.00124977377709, -0.00352916726843, 0.00541437929496, -0.00634284410626, 0.0192124973983, -0.00737482588738], [-0.000184691802133, -0.00341684464365, 0.00147892604582, -0.000594458484557, 0.00114327296615, -0.00150755071081, 0.00259686936624, -0.00240704393946, 0.00367391249165, -0.00249051162973, 0.00119379430544, -0.00737482588738, 0.0192395504564]]
    },
    "melbands": {
        "dmean": [0.00128295819741, 0.000874136865605, 0.000574812467676, 0.000463493313873, 0.00030692020664, 0.000157419810421, 0.000106154264358, 0.000144456818816, 0.000209810008528, 0.000168944679899, 9.81249468168e-05, 7.70829210524e-05, 7.64094074839e-05, 5.54197758902e-05, 4.12706067436e-05, 3.7437537685e-05, 3.79421107937e-05, 3.677442146e-05, 2.92209606414e-05, 1.66122117662e-05, 1.60137497005e-05, 1.02916255855e-05, 7.03893965692e-06, 4.90018737764e-06, 3.90559671359e-06, 2.58865043179e-06, 2.41690258918e-06, 2.98941176879e-06, 2.02505793823e-06, 1.5969631022e-06, 1.59275123224e-06, 2.26276529247e-06, 1.61926141118e-06, 1.21414018395e-06, 1.64628715993e-06, 1.72615193605e-06, 9.48065689954e-07, 1.09720792807e-06, 1.24209850583e-06, 1.53807854986e-06],
        "dmean2": [0.00193251890596, 0.00146377575584, 0.000976466923021, 0.000759865040891, 0.000475902139442, 0.000234107297729, 0.000169453793205, 0.00021200417541, 0.000307955226162, 0.000252429541433, 0.000151543456013, 0.000114605521958, 0.000106212202809, 8.04814044386e-05, 6.24973763479e-05, 5.62213899684e-05, 6.00425628363e-05, 5.7381879742e-05, 4.45188998128e-05, 2.45355058723e-05, 2.33683804254e-05, 1.4134495359e-05, 1.0601555914e-05, 7.4347917689e-06, 5.724739367e-06, 3.98650854549e-06, 3.75124909624e-06, 4.61598983748e-06, 3.1465488064e-06, 2.38332813751e-06, 2.42808664552e-06, 3.43590659213e-06, 2.48995411312e-06, 1.78521713678e-06, 2.40728422796e-06, 2.5654530873e-06, 1.39022824897e-06, 1.62183675911e-06, 1.82304199825e-06, 2.35819561567e-06],
        "dvar": [9.2517293524e-06, 2.6276591143e-06, 6.93655351824e-07, 3.87758774423e-07, 2.49357725579e-07, 7.892852949e-08, 3.330375975e-08, 2.06182889428e-07, 3.03515435007e-07, 2.43250099174e-07, 9.33518293778e-08, 5.36811342045e-08, 4.20979908711e-08, 4.01148589901e-08, 9.01695962341e-09, 9.05547281604e-09, 1.00565848982e-08, 6.81430734062e-09, 2.13361133206e-08, 2.08172479255e-09, 2.45192333104e-09, 1.35937694434e-09, 3.48239659331e-10, 1.1513924536e-10, 7.13243700212e-11, 3.3126525828e-11, 1.16885542911e-10, 1.13862683171e-10, 1.70597026089e-11, 9.31687452882e-12, 1.10967303055e-11, 2.87687425965e-11, 1.55911013267e-11, 5.68560953526e-12, 2.00449275234e-11, 3.19748741373e-11, 7.95589896047e-12, 1.56802210105e-11, 2.32753677443e-11, 2.60311928263e-11],
        "dvar2": [2.08018755075e-05, 6.96117649568e-06, 1.9151664219e-06, 1.04026639747e-06, 5.83842393098e-07, 1.53883661369e-07, 7.69142118884e-08, 4.30985608091e-07, 5.88912200783e-07, 4.55475031913e-07, 2.22398469418e-07, 1.33123847945e-07, 7.48680548668e-08, 6.03968643986e-08, 1.86121198453e-08, 2.02694874218e-08, 2.25391723063e-08, 1.69594471799e-08, 5.49580789766e-08, 4.43157910368e-09, 4.11201250827e-09, 1.80554349249e-09, 6.51348641689e-10, 2.58693677591e-10, 1.48476078654e-10, 7.81923345516e-11, 2.33130292848e-10, 2.34287228507e-10, 4.07889555465e-11, 2.08503648375e-11, 2.61669644286e-11, 6.89895016115e-11, 3.92182918085e-11, 1.29826930456e-11, 4.906243814e-11, 7.64374882833e-11, 1.82941509164e-11, 3.72489504519e-11, 5.17004078437e-11, 5.85902715233e-11],
        "max": [0.0222065951675, 0.0176023729146, 0.011679909192, 0.00772832194343, 0.00899536069483, 0.00732510350645, 0.00370425917208, 0.0101774036884, 0.0123034464195, 0.00918793305755, 0.00595132494345, 0.00369783095084, 0.00495527125895, 0.00750548811629, 0.00348117155954, 0.00175452616531, 0.00247466913424, 0.00153242773376, 0.00482686655596, 0.000954949413426, 0.00155578635167, 0.00173351657577, 0.000599995604716, 0.000414156384068, 0.000232150661759, 0.000120951219287, 0.000349859677954, 0.000305520166876, 8.86860652827e-05, 5.11573562108e-05, 5.1334129239e-05, 6.60959995002e-05, 6.2492552388e-05, 3.59861769539e-05, 9.03415129869e-05, 0.000117242343549, 5.03944356751e-05, 9.73245696514e-05, 0.000117820309242, 0.000121006887639],
        "mean": [0.00133083981927, 0.00130625988822, 0.000952712842263, 0.000878576480318, 0.000715586356819, 0.000393231777707, 0.000219074354391, 0.000302156491671, 0.000424445228418, 0.00029873198946, 0.000172847663634, 0.000132624380058, 0.000139041207149, 9.63387574302e-05, 7.61645424063e-05, 6.46707194392e-05, 6.70731460559e-05, 5.87759932387e-05, 4.79529699078e-05, 3.04568529828e-05, 3.18024758599e-05, 2.69806823781e-05, 1.46698585013e-05, 9.51876609179e-06, 7.11957727617e-06, 4.62211755803e-06, 4.05134505854e-06, 5.1453521337e-06, 3.45663670487e-06, 2.53039820564e-06, 2.47465823122e-06, 3.29143085764e-06, 2.31532794714e-06, 1.88400019852e-06, 2.25740177484e-06, 2.34435856328e-06, 1.37446761528e-06, 1.51982635543e-06, 1.64615505582e-06, 1.86807369573e-06],
        "median": [0.000210722748307, 0.000616039789747, 0.000657317170408, 0.00061213056324, 0.000384646700695, 0.000156481110025, 9.00242594071e-05, 4.99536072311e-05, 5.44824324606e-05, 5.91988427914e-05, 3.316269067e-05, 3.33239513566e-05, 3.41179256793e-05, 2.74772137345e-05, 3.01372674585e-05, 2.15637137444e-05, 1.95465217985e-05, 2.05621108762e-05, 1.42510498335e-05, 1.2815629816e-05, 9.5051000244e-06, 6.41380256639e-06, 5.29758244738e-06, 4.31742455476e-06, 3.16853061122e-06, 2.0076220153e-06, 1.70795340182e-06, 1.94302356249e-06, 1.39745031902e-06, 8.6176618197e-07, 7.76506624334e-07, 7.56994950279e-07, 4.90498507588e-07, 3.99070671619e-07, 4.00086065611e-07, 3.50501267121e-07, 2.40061723389e-07, 2.6885737725e-07, 3.02063938307e-07, 3.31647612484e-07],
        "min": [8.09649179701e-07, 7.36521224098e-06, 5.02865168528e-06, 1.19503147289e-05, 1.14763190595e-06, 9.07064134026e-07, 1.88988096284e-07, 8.45199963351e-07, 5.45875764146e-07, 3.74283388282e-07, 2.88302317131e-07, 3.08689919848e-07, 8.67398526339e-08, 2.53911700554e-08, 1.05430480346e-07, 7.61681420158e-08, 8.73466134976e-08, 2.12762074625e-08, 7.82067957061e-08, 7.31466158754e-08, 2.26131238179e-08, 4.82269477686e-08, 9.35687349823e-09, 1.07983071373e-08, 6.94411905755e-09, 4.4085139983e-09, 3.07346659234e-09, 2.91052848489e-09, 1.19550291888e-09, 7.89064036333e-10, 1.13820852743e-09, 5.60672286376e-10, 3.74077352427e-10, 6.16568018863e-10, 3.96049831819e-10, 2.10002071288e-10, 1.88862453454e-10, 1.62075713961e-10, 1.75980688355e-10, 1.15068565787e-10],
        "stdev": [0.00320009980351, 0.00178900291212, 0.00101201550569, 0.00086895050481, 0.000951531459577, 0.000629294198006, 0.000369750894606, 0.000858015555423, 0.00104169466067, 0.0007608741289, 0.000501562899444, 0.000335328106303, 0.000354220101144, 0.000371274712961, 0.000158560316777, 0.000153900909936, 0.00018139021995, 0.000111105073302, 0.000150767096784, 6.15731187281e-05, 9.8200442153e-05, 0.000119951451779, 4.14076312154e-05, 2.12353861571e-05, 1.42290309668e-05, 8.26444374979e-06, 1.22596020447e-05, 1.43837633004e-05, 6.19450156591e-06, 4.420850928e-06, 4.6337704589e-06, 6.82537302055e-06, 4.67313384434e-06, 3.41437544193e-06, 5.58644205739e-06, 7.61994988352e-06, 4.06926892538e-06, 5.22127947988e-06, 6.1552191255e-06, 6.24704898655e-06],
        "var": [1.0240638403e-05, 3.20053140968e-06, 1.02417527614e-06, 7.55075006964e-07, 9.05412150587e-07, 3.96011159864e-07, 1.3671572674e-07, 7.3619065688e-07, 1.08512767838e-06, 5.78929473249e-07, 2.51565353437e-07, 1.12444929812e-07, 1.25471871115e-07, 1.37844907044e-07, 2.51413752039e-08, 2.36854891256e-08, 3.29024132384e-08, 1.23443371081e-08, 2.27307186407e-08, 3.79124909244e-09, 9.6433270258e-09, 1.4388350067e-08, 1.71459202392e-09, 4.50941589625e-10, 2.02465322285e-10, 6.83010245583e-11, 1.50297843615e-10, 2.06892641907e-10, 3.83718508357e-11, 1.9543923771e-11, 2.1471827788e-11, 4.65857179222e-11, 2.18381788347e-11, 1.16579601875e-11, 3.12083345277e-11, 5.80636337622e-11, 1.65589486567e-11, 2.72617570879e-11, 3.78867250073e-11, 3.90256195415e-11]
    },
    "melbands128": {
