{
"lowlevel": {
    "average_loudness": 0.106488801539,
    "barkbands_crest": {
        "dmean": 1.14563536644,
        "dmean2": 1.54075217247,
        "dvar": 2.57997918129,
        "dvar2": 5.70832061768,
        "max": 26.7204799652,
        "mean": 16.6757888794,
        "median": 16.5965423584,
        "min": 5.08288860321,
        "stdev": 5.56771087646,
        "var": 30.9994068146
    },
    "barkbands_flatness_db": {
        "dmean": 0.0235625971109,
        "dmean2": 0.0390431657434,
        "dvar": 0.000534232181963,
        "dvar2": 0.0014146452304,
        "max": 0.646369218826,
        "mean": 0.460547953844,
        "median": 0.453092634678,
        "min": 0.0686161965132,
        "stdev": 0.0730082169175,
        "var": 0.00533019984141
    },
    "barkbands_kurtosis": {
        "dmean": 1.84879815578,
        "dmean2": 2.35037946701,
        "dvar": 25.7123126984,
        "dvar2": 38.6323318481,
        "max": 224.211425781,
        "mean": 6.15934038162,
        "median": 2.24794888496,
        "min": -1.92164456844,
        "stdev": 15.4659500122,
        "var": 239.195617676
    },
    "barkbands_skewness": {
        "dmean": 0.331047266722,
        "dmean2": 0.436283260584,
        "dvar": 0.342169761658,
        "dvar2": 0.698383867741,
        "max": 9.58088874817,
        "mean": 0.885945379734,
        "median": 0.766360163689,
        "min": -6.84424591064,
        "stdev": 1.70309054852,
        "var": 2.90051746368
    },
    "barkbands_spread": {
        "dmean": 0.46230584383,
        "dmean2": 0.613581955433,
        "dvar": 0.664506494999,
        "dvar2": 1.2630045414,
        "max": 25.9368247986,
        "mean": 3.671407938,
        "median": 3.13616704941,
        "min": 0.0974651202559,
        "stdev": 2.55399799347,
        "var": 6.52290582657
    },
    "dissonance": {
        "dmean": 0.053061876446,
        "dmean2": 0.0915350839496,
        "dvar": 0.00240565417334,
        "dvar2": 0.00666310312226,
        "max": 0.499999552965,
        "mean": 0.308578550816,
        "median": 0.304395139217,
        "min": 0.0786074325442,
        "stdev": 0.0960618257523,
        "var": 0.00922787375748
    },
    "dynamic_complexity": 9.10356140137,
    "erbbands_crest": {
        "dmean": 1.39418148994,
        "dmean2": 1.87070071697,
        "dvar": 4.56280469894,
        "dvar2": 9.71839046478,
        "max": 33.876411438,
        "mean": 18.8055858612,
        "median": 19.1440811157,
        "min": 3.21513295174,
        "stdev": 7.03623151779,
        "var": 49.5085525513
    },
    "erbbands_flatness_db": {
        "dmean": 0.0128712579608,
        "dmean2": 0.0200645439327,
        "dvar": 0.000232928388868,
        "dvar2": 0.000481808558106,
        "max": 0.636981725693,
        "mean": 0.473248869181,
        "median": 0.478162646294,
        "min": 0.096917591989,
        "stdev": 0.0633375495672,
        "var": 0.0040116449818
    },
    "erbbands_kurtosis": {
        "dmean": 1.16751646996,
        "dmean2": 1.36725091934,
        "dvar": 6.8460226059,
        "dvar2": 9.86865711212,
        "max": 76.2849578857,
        "mean": 3.0005030632,
        "median": 0.848649263382,
        "min": -1.84556281567,
        "stdev": 6.02999830246,
        "var": 36.3608818054
    },
    "erbbands_skewness": {
        "dmean": 0.249031767249,
        "dmean2": 0.315574347973,
        "dvar": 0.201248854399,
        "dvar2": 0.331232309341,
        "max": 4.37529420853,
        "mean": 0.425215601921,
        "median": 0.46032333374,
        "min": -5.79682064056,
        "stdev": 1.24743068218,
        "var": 1.55608344078
    },
    "erbbands_spread": {
        "dmean": 0.822175443172,
        "dmean2": 1.04857647419,
        "dvar": 1.78869497776,
        "dvar2": 3.18974876404,
        "max": 38.6830673218,
        "mean": 7.29843521118,
        "median": 6.80508422852,
        "min": 0.321486473083,
        "stdev": 4.35804843903,
        "var": 18.9925880432
    },
    "hfc": {
        "dmean": 2.13236784935,
        "dmean2": 2.47725224495,
        "dvar": 65.8773498535,
        "dvar2": 106.246322632,
        "max": 224.554199219,
        "mean": 7.73053503036,
        "median": 1.95169711113,
        "min": 1.23596969786e-16,
        "stdev": 15.9865093231,
        "var": 255.568481445
    },
    "loudness_ebu128": {
        "integrated": -20.5481853485,
        "loudness_range": 17.3617305756,
        "momentary": {
            "dmean": 0.996172904968,
            "dmean2": 0.955909669399,
            "dvar": 1.20954596996,
            "dvar2": 1.33107531071,
            "max": -14.3209533691,
            "mean": -28.1130008698,
            "median": -26.7491111755,
            "min": -62.1263961792,
            "stdev": 9.4673833847,
            "var": 89.6313400269
        },
        "short_term": {
            "dmean": 0.201315715909,
            "dmean2": 0.18090416491,
            "dvar": 0.0589898787439,
            "dvar2": 0.0487952418625,
            "max": -16.3893966675,
            "mean": -26.0385093689,
            "median": -26.4274616241,
            "min": -44.9183349609,
            "stdev": 6.96552085876,
            "var": 48.5184822083
        }
    },
    "melbands_crest": {
        "dmean": 1.36515712738,
        "dmean2": 1.87218105793,
        "dvar": 4.49011564255,
        "dvar2": 9.55741786957,
        "max": 34.519908905,
        "mean": 19.9123821259,
        "median": 19.05859375,
        "min": 1.75675296783,
        "stdev": 7.27611637115,
        "var": 52.9418678284
    },
    "melbands_flatness_db": {
        "dmean": 0.0235266704112,
        "dmean2": 0.0388172157109,
        "dvar": 0.00058163551148,
        "dvar2": 0.00148814020213,
        "max": 0.725588977337,
        "mean": 0.551922976971,
        "median": 0.544684171677,
        "min": 0.00417579477653,
        "stdev": 0.0680993422866,
        "var": 0.00463752029464
    },
    "melbands_kurtosis": {
        "dmean": 1.39766681194,
        "dmean2": 1.77958393097,
        "dvar": 7.66224479675,
        "dvar2": 11.6426105499,
        "max": 78.326751709,
        "mean": 5.40131235123,
        "median": 2.46509790421,
        "min": -1.94144153595,
        "stdev": 8.8450012207,
        "var": 78.2340393066
    },
    "melbands_skewness": {
        "dmean": 0.285374403,
        "dmean2": 0.356915563345,
        "dvar": 0.226748257875,
        "dvar2": 0.359968245029,
        "max": 6.34118652344,
        "mean": 1.09658527374,
        "median": 1.0009522438,
        "min": -4.9992275238,
        "stdev": 1.56763362885,
        "var": 2.45747518539
    },
    "melbands_spread": {
        "dmean": 0.85827255249,
        "dmean2": 1.13936293125,
        "dvar": 9.16925048828,
        "dvar2": 11.5465278625,
        "max": 131.359741211,
        "mean": 6.34286689758,
        "median": 5.29713249207,
        "min": 0.260175943375,
        "stdev": 5.25869369507,
        "var": 27.6538600922
    },
    "pitch_salience": {
        "dmean": 0.0317733287811,
        "dmean2": 0.0453912764788,
        "dvar": 0.00224916893058,
        "dvar2": 0.00517130084336,
        "max": 0.9718080163,
        "mean": 0.446784377098,
        "median": 0.44853246212,
        "min": 0.0628205910325,
        "stdev": 0.144711613655,
        "var": 0.0209414530545
    },
    "silence_rate_20dB": {
        "dmean": 0,
        "dmean2": 0,
        "dvar": 0,
        "dvar2": 0,
        "max": 1,
        "mean": 1,
        "median": 1,
        "min": 1,
        "stdev": 0,
        "var": 0
    },
    "silence_rate_30dB": {
        "dmean": 0.00824317336082,
        "dmean2": 0.0164948459715,
        "dvar": 0.00817508529872,
        "dvar2": 0.0182838421315,
        "max": 1,
        "mean": 0.989701330662,
        "median": 1,
        "min": 0,
        "stdev": 0.100960612297,
        "var": 0.0101930452511
    },
    "silence_rate_60dB": {
        "dmean": 0.0319422967732,
        "dmean2": 0.0639175251126,
        "dvar": 0.0309213586152,
        "dvar2": 0.0629235506058,
        "max": 1,
        "mean": 0.49021628499,
        "median": 0,
        "min": 0,
        "stdev": 0.499907612801,
        "var": 0.249907612801
    },
    "spectral_centroid": {
        "dmean": 32.0298233032,
        "dmean2": 39.3016090393,
        "dvar": 45305.5234375,
        "dvar2": 35849.1289062,
        "max": 11050.5117188,
        "mean": 585.865356445,
        "median": 532.586547852,
        "min": 308.756378174,
        "stdev": 306.154052734,
        "var": 93730.296875
    },
    "spectral_complexity": {
        "dmean": 0.710973739624,
        "dmean2": 1.18969070911,
        "dvar": 1.34197425842,
        "dvar2": 3.04141545296,
        "max": 23,
        "mean": 6.3027806282,
        "median": 4,
        "min": 0,
        "stdev": 5.44986009598,
        "var": 29.7009754181
    },
    "spectral_decrease": {
        "dmean": 8.11296252401e-10,
        "dmean2": 1.00122354851e-09,
        "dvar": 6.60916192736e-18,
        "dvar2": 1.16773633013e-17,
        "max": 2.46353824204e-29,
        "mean": -3.64209862269e-09,
        "median": -8.42145464475e-10,
        "min": -7.10583236696e-08,
        "stdev": 6.2025065084e-09,
        "var": 3.84710850289e-17
    },
    "spectral_energy": {
        "dmean": 0.00325286597945,
        "dmean2": 0.00399947958067,
        "dvar": 0.000108333784738,
        "dvar2": 0.000189938407857,
        "max": 0.288558155298,
        "mean": 0.0144473332912,
        "median": 0.00335393846035,
        "min": 1.11176297423e-20,
        "stdev": 0.0247679129243,
        "var": 0.000613449548837
    },
    "spectral_energyband_high": {
        "dmean": 1.24114180267e-07,
        "dmean2": 1.86975398719e-07,
        "dvar": 1.5069318406e-12,
        "dvar2": 2.65346251915e-12,
        "max": 4.77973444504e-05,
        "mean": 2.09059081158e-07,
        "median": 2.47802134368e-09,
        "min": 8.23063773418e-21,
        "stdev": 1.68561689406e-06,
        "var": 2.84130423182e-12
    },
    "spectral_energyband_low": {
        "dmean": 0.000204670723178,
        "dmean2": 0.000298433093121,
        "dvar": 4.85806708639e-07,
        "dvar2": 1.02031799543e-06,
        "max": 0.0238756798208,
        "mean": 0.00127652520314,
        "median": 1.21689572552e-06,
        "min": 3.24855508234e-23,
        "stdev": 0.00319015188143,
        "var": 1.01770683614e-05
    },
    "spectral_energyband_middle_high": {
        "dmean": 0.00128360348754,
        "dmean2": 0.00142985675484,
        "dvar": 4.66497767775e-05,
        "dvar2": 7.02742836438e-05,
        "max": 0.186994433403,
        "mean": 0.00322511512786,
        "median": 0.00045684230281,
        "min": 1.51046683657e-21,
        "stdev": 0.0121717983857,
        "var": 0.00014815267059
    },
    "spectral_energyband_middle_low": {
        "dmean": 0.0020973382052,
        "dmean2": 0.00283112865873,
        "dvar": 3.94803464587e-05,
        "dvar2": 8.41166402097e-05,
        "max": 0.143577724695,
        "mean": 0.0101523287594,
        "median": 0.00226111663505,
        "min": 4.14069151157e-22,
        "stdev": 0.0165974330157,
        "var": 0.000275474769296
    },
    "spectral_entropy": {
        "dmean": 0.122375607491,
        "dmean2": 0.180624902248,
        "dvar": 0.0441051125526,
        "dvar2": 0.0939110666513,
        "max": 9.81355285645,
        "mean": 4.95274400711,
        "median": 5.00096321106,
        "min": 3.16250157356,
        "stdev": 0.774025321007,
        "var": 0.59911519289
    },
    "spectral_flux": {
        "dmean": 0.0108861783519,
        "dmean2": 0.0177869331092,
        "dvar": 0.000756272638682,
        "dvar2": 0.00184038549196,
        "max": 0.396081358194,
        "mean": 0.0211298502982,
        "median": 0.00912899244577,
        "min": 1.05440170484e-10,
        "stdev": 0.0330949351192,
        "var": 0.00109527481254
    },
    "spectral_kurtosis": {
        "dmean": 47.8494224548,
        "dmean2": 84.2692565918,
        "dvar": 2485.48730469,
        "dvar2": 7076.03564453,
        "max": 550.983398438,
        "mean": 163.243484497,
        "median": 158.655487061,
        "min": -1.17403483391,
        "stdev": 83.5380325317,
        "var": 6978.60351562
    },
    "spectral_rms": {
        "dmean": 0.00031268078601,
        "dmean2": 0.000363744387869,
        "dvar": 4.43367440539e-07,
        "dvar2": 7.6034302765e-07,
        "max": 0.016778562218,
        "mean": 0.00276231858879,
        "median": 0.00180890411139,
        "min": 3.29339767263e-12,
        "stdev": 0.00254254299216,
        "var": 6.46452463116e-06
    },
    "spectral_rolloff": {
        "dmean": 48.8905525208,
        "dmean2": 77.6857910156,
        "dvar": 168510.875,
        "dvar2": 172983.953125,
        "max": 18669.2871094,
        "mean": 759.245727539,
        "median": 710.595703125,
        "min": 366.064453125,
        "stdev": 488.692077637,
        "var": 238819.9375
    },
    "spectral_skewness": {
        "dmean": 1.80512094498,
        "dmean2": 3.18793296814,
        "dvar": 3.1379673481,
        "dvar2": 9.03009414673,
        "max": 19.8180732727,
        "mean": 9.4506521225,
        "median": 9.84786224365,
        "min": 0.0336964912713,
        "stdev": 3.21146416664,
        "var": 10.3135023117
    },
    "spectral_spread": {
        "dmean": 378118.75,
        "dmean2": 664288.0625,
        "dvar": 819580043264,
        "dvar2": 1.58002157978e+12,
        "max": 46596060,
        "mean": 962798.0625,
        "median": 752434.75,
        "min": 167711.34375,
        "stdev": 1531861.125,
        "var": 2.34659853107e+12
    },
    "spectral_strongpeak": {
        "dmean": 0.261694014072,
        "dmean2": 0.328589677811,
        "dvar": 0.459800869226,
        "dvar2": 0.757384598255,
        "max": 12.9439792633,
        "mean": 1.22389674187,
        "median": 0.701330780983,
        "min": 4.19213386227e-10,
        "stdev": 1.52505886555,
        "var": 2.32580447197
    },
    "zerocrossingrate": {
        "dmean": 0.0020180279389,
        "dmean2": 0.00248142518103,
        "dvar": 0.000101125857327,
        "dvar2": 0.000171368243173,
        "max": 0.5078125,
        "mean": 0.0277377441525,
        "median": 0.025390625,
        "min": 0.005859375,
        "stdev": 0.0178595241159,
        "var": 0.000318962585879
    },
    "barkbands": {
        "dmean": [3.77474407287e-07, 8.99121514522e-05, 0.000136314862175, 9.56088115345e-05, 0.000551834004, 0.000432381959399, 0.000525549286976, 0.000640979211312, 0.000418442068622, 0.000502015987877, 0.000528260134161, 0.000237611107877, 6.18248159299e-05, 5.32779631612e-05, 1.6455005607e-05, 9.92457808024e-06, 3.87192994822e-06, 1.5453732658e-06, 6.06104094913e-07, 1.90759777752e-07, 2.60952930375e-08, 9.20868181709e-09, 1.13004805513e-09, 6.56661169884e-10, 6.44483355572e-10, 6.63625321362e-10, 6.46830922157e-10],
        "dmean2": [6.70379165513e-07, 0.000133862457005, 0.000198153822566, 0.000134187619551, 0.000868494913448, 0.000595480087213, 0.000809879100416, 0.000782259332482, 0.000514466140885, 0.000584060209803, 0.000598709739279, 0.000289961870294, 7.61016854085e-05, 7.3444120062e-05, 2.09317786357e-05, 1.42905073517e-05, 5.59895624974e-06, 2.36844562096e-06, 8.68815277499e-07, 2.77847703956e-07, 3.85273892789e-08, 1.21431016353e-08, 2.07291428467e-09, 1.22616661269e-09, 1.19975129831e-09, 1.23475818459e-09, 1.21492749194e-09],
        "dvar": [6.54788669032e-13, 1.05828483754e-07, 2.21039655912e-07, 1.50439063873e-07, 3.4853676425e-06, 2.41561861003e-06, 9.20564070839e-06, 9.04687567527e-06, 7.97545908426e-06, 1.71493502421e-05, 1.47789332914e-05, 2.23857978199e-06, 1.31040749807e-07, 1.72198937776e-07, 7.47652606492e-09, 4.7968211625e-09, 4.56414295247e-10, 7.34001540104e-11, 1.46422821784e-11, 2.30994151758e-12, 3.84047211621e-14, 2.44436632393e-14, 3.91727691076e-17, 3.38070825661e-18, 3.11786003644e-18, 2.94937844171e-18, 3.39174863625e-18],
        "dvar2": [1.88025680095e-12, 2.13417223449e-07, 4.68464435244e-07, 2.5985150387e-07, 9.10149356059e-06, 4.47184947916e-06, 2.45599203481e-05, 1.40619331432e-05, 1.54377648869e-05, 2.53789439739e-05, 2.18734476221e-05, 3.85684597859e-06, 2.07108158179e-07, 3.30173719476e-07, 1.17693783608e-08, 8.62445581618e-09, 8.85405304629e-10, 1.48911050157e-10, 3.21381359025e-11, 4.22203765005e-12, 8.25947925505e-14, 3.51655587516e-14, 1.19079796018e-16, 1.13774656615e-17, 1.0516270555e-17, 9.93397758998e-18, 1.14235983515e-17],
        "max": [1.57873510034e-05, 0.0107504110783, 0.0216523893178, 0.016416374594, 0.0316786207259, 0.047134667635, 0.0878723561764, 0.0859930068254, 0.0936809256673, 0.149189725518, 0.122618630528, 0.0392119139433, 0.0111576346681, 0.013833030127, 0.0030716501642, 0.00246995757334, 0.000637542456388, 0.00022244171123, 7.47160011088e-05, 4.818159141e-05, 5.81280255574e-06, 6.59629677102e-06, 1.59667223443e-07, 2.99461895281e-08, 2.8627031412e-08, 2.79285874427e-08, 2.96776896391e-08],
        "mean": [4.79796483432e-07, 0.00036129419459, 0.000770347309299, 0.000315545941703, 0.00198818882927, 0.00216046720743, 0.00208669016138, 0.00206919945776, 0.00142274028622, 0.0012243228266, 0.00126842129976, 0.000452509877505, 0.000134081710712, 0.000110249602585, 4.37535527453e-05, 2.42833357333e-05, 1.00716806628e-05, 3.1556162412e-06, 1.10915300411e-06, 3.1392761457e-07, 4.273073273e-08, 1.57319330896e-08, 1.13668374713e-09, 5.9439775324e-10, 6.28449403628e-10, 6.6674016308e-10, 4.92903051708e-10],
        "median": [1.00296134065e-07, 1.24700079596e-07, 4.47778916168e-07, 5.49022274754e-07, 6.39862264507e-06, 0.000525575596839, 0.000123346457258, 0.00015817352687, 0.000102176221844, 4.56642956124e-05, 0.000103635982668, 4.24560712418e-05, 6.99368092683e-06, 4.08041887567e-06, 4.78993115394e-07, 7.13878876013e-07, 8.10500893067e-08, 1.30711628188e-08, 1.07012771977e-08, 6.65328903082e-10, 3.29421351308e-10, 1.94713231649e-10, 2.094503182e-10, 2.46075659849e-10, 3.34799021839e-10, 4.22468060535e-10, 1.08897862949e-10],
        "min": [1.188204068e-23, 1.37947585848e-23, 4.33766094459e-24, 4.54803279308e-24, 7.36859509893e-23, 6.98065413167e-23, 7.97129366576e-23, 6.90310153162e-23, 6.20500191345e-23, 1.21042034747e-22, 7.55873771391e-23, 9.80066462933e-23, 1.26374482031e-22, 8.36162898364e-23, 1.49378877717e-22, 1.27484428257e-22, 8.6160296836e-23, 2.11251926952e-22, 3.28876237604e-22, 2.95659942836e-22, 4.17562656386e-22, 6.43787188562e-22, 5.31112153364e-22, 1.0473605012e-21, 1.22554269743e-21, 1.77073681312e-21, 2.5995839038e-21],
        "stdev": [1.03790830508e-06, 0.00106834899634, 0.00234201713465, 0.00114345992915, 0.00425519281998, 0.00495456764475, 0.00675576040521, 0.00672377692536, 0.00548436352983, 0.00760872382671, 0.006977903191, 0.002228731988, 0.000559606181923, 0.000561951077543, 0.000163629563758, 0.000121126890008, 4.00899043598e-05, 1.25904662127e-05, 5.03536602992e-06, 2.08443157135e-06, 2.81288976112e-07, 2.58991889268e-07, 5.8250524404e-09, 1.46227230324e-09, 1.39186162595e-09, 1.34696520604e-09, 1.4670679116e-09],
        "var": [1.07725362918e-12, 1.14136969387e-06, 5.48504476683e-06, 1.30750072458e-06, 1.81066661753e-05, 2.45477422141e-05, 4.56402958662e-05, 4.52091771876e-05, 3.00782448903e-05, 5.78926810704e-05, 4.86911303597e-05, 4.96724578625e-06, 3.13159091547e-07, 3.15789009164e-07, 2.67746340654e-08, 1.46717242799e-08, 1.60720037279e-09, 1.58519836146e-10, 2.53549108792e-11, 4.3448547711e-12, 7.91234821261e-14, 6.70767965911e-14, 3.39312365858e-17, 2.13824037675e-18, 1.93727891489e-18, 1.81431520811e-18, 2.1522883851e-18]
    },
    "erbbands": {
        "dmean": [0.00077991001308, 0.0258710402995, 0.128788813949, 0.21118222177, 0.488501518965, 2.65294361115, 3.10830879211, 4.17018890381, 5.11053085327, 13.5130319595, 11.3849906921, 9.84697246552, 12.3616914749, 16.9822902679, 17.3181285858, 7.51186656952, 3.33101701736, 2.77299380302, 1.21061909199, 1.02036249638, 0.297583401203, 0.231842637062, 0.111335232854, 0.0397141203284, 0.0251169782132, 0.00951992254704, 0.0024126006756, 0.000603260356002, 0.000319587270496, 5.64321053389e-05, 3.11067633447e-05, 1.55368343258e-05, 1.13123433039e-05, 8.10433903098e-06, 5.51058292331e-06, 3.45665989698e-06, 1.8269759039e-06, 5.74652574414e-07, 1.62598303177e-06, 3.72944100491e-06],
        "dmean2": [0.00112688925583, 0.03863273561, 0.18950368464, 0.309999376535, 0.736243367195, 4.27451372147, 4.61424684525, 5.39647912979, 7.16796112061, 19.6267814636, 13.7104911804, 11.8001880646, 14.4513282776, 19.1846427917, 19.7995853424, 8.96020889282, 4.03310441971, 3.6811299324, 1.67999267578, 1.29354095459, 0.416929662228, 0.332460731268, 0.159508213401, 0.0593831911683, 0.0343328230083, 0.0138739785179, 0.00382897001691, 0.000791158003267, 0.000425396778155, 9.65997605817e-05, 5.65245645703e-05, 2.84303187073e-05, 2.02939081646e-05, 1.4170299437e-05, 9.38415723795e-06, 5.7118732002e-06, 2.91541459774e-06, 9.44023099692e-07, 1.98855150302e-06, 4.56533507531e-06],
        "dvar": [1.12414791147e-05, 0.00852043367922, 0.199814319611, 0.590350091457, 2.84756135941, 94.8636322021, 92.2306747437, 261.102203369, 887.165527344, 4414.72998047, 3214.78979492, 4470.29541016, 8082.07421875, 14173.6875, 18044.9648438, 2026.28686523, 400.389129639, 607.280029297, 29.5337791443, 45.9346542358, 1.80398416519, 1.82660925388, 0.284792453051, 0.0797738879919, 0.0257950611413, 0.00790420733392, 0.000229533427046, 2.81385819108e-05, 2.92581989925e-05, 1.74944759124e-07, 3.34822267689e-08, 1.98300487142e-09, 9.7586794201e-10, 4.84851714333e-10, 2.19926049594e-10, 8.69973329487e-11, 2.4377848698e-11, 2.51810551577e-12, 2.82060017703e-11, 1.45576481425e-10],
        "dvar2": [1.72499421751e-05, 0.0179321542382, 0.461571902037, 1.10729849339, 6.36305809021, 253.271179199, 220.121887207, 465.593658447, 1997.14331055, 9870.78808594, 6308.92529297, 7723.97070312, 12112.1982422, 20562.4804688, 27354.390625, 3391.62768555, 623.51953125, 1225.20959473, 49.175453186, 73.0355224609, 3.48425602913, 3.5147023201, 0.577999293804, 0.171278983355, 0.0516882613301, 0.0139669263735, 0.000505410425831, 5.06527285324e-05, 4.35987094534e-05, 4.55553276879e-07, 9.71264810801e-08, 6.22898799207e-09, 3.03813396663e-09, 1.44370759791e-09, 6.05750505311e-10, 2.13701320528e-10, 5.45673124741e-11, 5.97914859984e-12, 4.83367998405e-11, 2.52997095496e-10],
        "max": [0.19856017828, 2.79323625565, 19.8558597565, 27.1552429199, 45.8880462646, 187.193328857, 179.617752075, 552.339416504, 1061.16247559, 1545.90429688, 1615.07824707, 2633.75268555, 3202.31860352, 4145.08300781, 5718.35302734, 1035.05456543, 594.220458984, 856.136657715, 203.397445679, 253.838577271, 32.8029747009, 44.681842804, 9.42881011963, 7.19673681259, 3.59598851204, 3.38281059265, 0.331561177969, 0.165657252073, 0.224120154977, 0.011898715049, 0.00509979808703, 0.000856805185322, 0.000659989600535, 0.000498105655424, 0.000359391386155, 0.000239176719333, 0.000129475651192, 3.99385135097e-05, 0.000147352504428, 0.000335348915542],
        "mean": [0.00467050541192, 0.112662270665, 0.739051640034, 1.03651714325, 1.9989887476, 8.74029445648, 12.7304143906, 22.5647449493, 27.7605648041, 39.0637664795, 38.8822669983, 33.3200263977, 34.6710319519, 44.4178504944, 38.6636199951, 14.997174263, 7.08817195892, 5.75225734711, 3.07515120506, 2.72461819649, 0.847896695137, 0.603191018105, 0.252776473761, 0.0768285691738, 0.0472968891263, 0.0161037426442, 0.00404327968135, 0.00107741227839, 0.000574139179662, 7.55417058826e-05, 3.93467598769e-05, 2.30979476328e-05, 1.94237072719e-05, 1.64963021234e-05, 1.34530419018e-05, 9.96476956061e-06, 5.7343854678e-06, 1.38457960475e-06, 7.06275704943e-06, 1.63657859957e-05],
        "median": [4.83484609504e-06, 4.15636677644e-05, 0.000458074558992, 0.0026044738479, 0.00885761808604, 0.0638304501772, 1.36440527439, 5.35353755951, 2.80003070831, 3.34884047508, 3.52023291588, 3.30318403244, 3.21298575401, 2.75076818466, 4.95392417908, 1.84145760536, 0.59749352932, 0.305968612432, 0.165968835354, 0.0515334904194, 0.0382486470044, 0.0080604236573, 0.00245496281423, 0.00140562851448, 0.000246516836341, 4.62697062176e-05, 2.57908559433e-05, 1.47129630932e-05, 1.04299888335e-05, 9.39736310102e-06, 8.40037682792e-06, 7.51766674512e-06, 6.81491746946e-06, 5.87714202993e-06, 4.77724097436e-06, 3.38844847647e-06, 1.90829268831e-06, 4.87794295623e-07, 1.69352790635e-06, 3.81575773645e-06],
        "min": [4.01534744596e-22, 3.24005535221e-21, 7.25039316539e-21, 1.38693971074e-20, 8.76099363121e-20, 2.85460520531e-19, 3.5767279347e-19, 6.80401238566e-19, 8.36078180812e-19, 1.60228844779e-18, 1.59234025675e-18, 1.52493837512e-18, 3.62279713853e-18, 2.48366975978e-18, 3.40099858345e-18, 4.4904756867e-18, 5.60501388097e-18, 4.94268085192e-18, 7.01606406479e-18, 6.37894267364e-18, 6.62372154691e-18, 5.4324292636e-18, 8.40242290734e-18, 1.73297829032e-17, 1.52283156678e-17, 1.47005992524e-17, 1.61715298679e-17, 1.87112258114e-17, 2.20855188687e-17, 1.6723825128e-17, 1.7865547786e-17, 2.07553396519e-17, 1.67724832004e-17, 1.18106369873e-17, 9.93789511736e-18, 5.78728271535e-18, 3.51027121032e-18, 1.59060627939e-18, 3.649652436e-19, 3.30259872874e-20],
        "stdev": [0.0149108590558, 0.304961681366, 2.14216542244, 2.70220756531, 4.53437042236, 21.5469226837, 24.7836780548, 53.1719741821, 101.082237244, 115.517242432, 119.310653687, 133.459732056, 165.080154419, 230.25302124, 215.793212891, 66.9698867798, 29.7189712524, 31.4543418884, 10.1965446472, 12.5623836517, 2.52075719833, 2.50432300568, 0.906971991062, 0.360048085451, 0.219668507576, 0.121269568801, 0.0207084454596, 0.00842442922294, 0.00888189859688, 0.000496291439049, 0.00016751322255, 4.75317756354e-05, 3.63901490346e-05, 2.91052620014e-05, 2.27192140301e-05, 1.64911871252e-05, 9.50863068283e-06, 2.59030389316e-06, 1.23120871649e-05, 2.82833098026e-05],
        "var": [0.000222333721467, 0.0930016264319, 4.58887243271, 7.30192613602, 20.5605144501, 464.269866943, 614.230712891, 2827.25878906, 10217.6191406, 13344.2324219, 14235.03125, 17811.5019531, 27251.4589844, 53016.4570312, 46566.7109375, 4484.96582031, 883.217224121, 989.375671387, 103.969528198, 157.813476562, 6.35421657562, 6.27163314819, 0.822598218918, 0.129634618759, 0.0482542514801, 0.0147063080221, 0.000428839732194, 7.09710075171e-05, 7.88881225162e-05, 2.46305205565e-07, 2.80606791137e-08, 2.25926966024e-09, 1.32424293753e-09, 8.47116266023e-10, 5.16162723674e-10, 2.71959260667e-10, 9.04140651237e-11, 6.709674049e-12, 1.51587492558e-10, 7.99945609753e-10]
    },
    "gfcc": {
        "mean": [-334.068450928, 217.438201904, -128.989196777, -107.345291138, -47.1812095642, -25.1420841217, -34.270362854, -11.1755094528, -12.5269489288, -10.1008481979, 2.35933351517, 3.41845440865, 7.98885631561],
        "cov": [[21423.1796875, 7023.64746094, -1139.99304199, 2493.29272461, 4545.02880859, -1439.58129883, 452.309753418, -18.2447013855, -142.018722534, -1034.84326172, -571.047119141, -2188.16699219, -952.803100586], [7023.64746094, 2937.07104492, -3.12207055092, 732.033874512, 1630.39929199, -484.638183594, -31.8845882416, -132.169631958, 4.77453041077, -410.66583252, -218.377807617, -754.632019043, -317.413696289], [-1139.99304199, -3.12207055092, 910.671691895, 112.813362122, -389.389831543, 101.102493286, -52.0761795044, -44.4213485718, -8.95282840729, 60.0286750793, -25.4191799164, 155.231338501, 111.000740051], [2493.29272461, 732.033874512, 112.813362122, 1050.95373535, 720.298339844, -174.467559814, 185.645751953, 125.504241943, -146.218276978, -82.7180404663, -120.675086975, -288.196380615, -123.729804993], [4545.02880859, 1630.39929199, -389.389831543, 720.298339844, 1436.46203613, -212.377319336, 53.1345024109, 8.69297790527, -35.6163787842, -248.889083862, -110.513473511, -529.214904785, -262.335205078], [-1439.58129883, -484.638183594, 101.102493286, -174.467559814, -212.377319336, 351.954071045, 61.5186462402, 1.61937272549, 3.54897379875, 78.6080551147, 34.5206871033, 156.694595337, 48.455997467], [452.309753418, -31.8845882416, -52.0761795044, 185.645751953, 53.1345024109, 61.5186462402, 340.833374023, 195.903060913, -43.8858642578, -14.2206335068, -45.6552848816, -133.862045288, -90.1203155518], [-18.2447013855, -132.169631958, -44.4213485718, 125.504241943, 8.69297790527, 1.61937272549, 195.903060913, 295.444366455, 54.2140960693, 3.28546786308, -24.669878006, -81.8086700439, -87.7821502686], [-142.018722534, 4.77453041077, -8.95282840729, -146.218276978, -35.6163787842, 3.54897379875, -43.8858642578, 54.2140960693, 161.901046753, 44.4385452271, -7.81442499161, -23.0575008392, -25.095500946], [-1034.84326172, -410.66583252, 60.0286750793, -82.7180404663, -248.889083862, 78.6080551147, -14.2206335068, 3.28546786308, 44.4385452271, 190.661376953, 82.2046890259, 72.4714584351, 6.73946142197], [-571.047119141, -218.377807617, -25.4191799164, -120.675086975, -110.513473511, 34.5206871033, -45.6552848816, -24.669878006, -7.81442499161, 82.2046890259, 146.504440308, 110.008583069, -12.4184331894], [-2188.16699219, -754.632019043, 155.231338501, -288.196380615, -529.214904785, 156.694595337, -133.862045288, -81.8086700439, -23.0575008392, 72.4714584351, 110.008583069, 430.952941895, 224.186630249], [-952.803100586, -317.413696289, 111.000740051, -123.729804993, -262.335205078, 48.455997467, -90.1203155518, -87.7821502686, -25.095500946, 6.73946142197, -12.4184331894, 224.186630249, 248.114532471]],
        "icov": [[0.000547664531041, -0.00130653032102, 0.000878392835148, -0.000734400819056, 0.00041290250374, 0.000152483829879, -0.000728944840375, 0.000362240854884, -0.000431421154644, 0.000221269045142, -0.000490030332003, 0.000212411978282, -0.000323444750393], [-0.00130653032102, 0.00657403096557, -0.00470998231322, 0.00316872471012, -0.00493373302743, 0.00263771065511, -3.64139814337e-05, 0.00168160407338, -0.000614419754129, 0.00178198690992, 0.000808392302133, 0.000899911101442, 0.00104705314152], [0.000878392835148, -0.00470998231322, 0.0055270511657, -0.00450034858659, 0.00594894355163, -0.00380526436493, 0.00129101611674, -0.000366041873349, -0.00155179481953, 0.00140946498141, -0.00274774990976, 0.00148186867591, -0.00166846939828], [-0.000734400819056, 0.00316872471012, -0.00450034858659, 0.00787511188537, -0.00775457313284, 0.00534475548193, -0.00185222818982, -0.00231023156084, 0.00692610954866, -0.00818476174027, 0.00943676847965, -0.00624402659014, 0.00347812776454], [0.00041290250374, -0.00493373302743, 0.00594894355163, -0.00775457313284, 0.0118431830779, -0.0080496314913, 0.00453411461785, -0.000442197808297, -0.00411863811314, 0.00782772526145, -0.00990292336792, 0.00801433529705, -0.00403641257435], [0.000152483829879, 0.00263771065511, -0.00380526436493, 0.00534475548193, -0.0080496314913, 0.0107869226485, -0.00640628905967, 0.00222732685506, 0.00188369269017, -0.00650713779032, 0.00840463023633, -0.00831146538258, 0.00446904078126], [-0.000728944840375, -3.64139814337e-05, 0.00129101611674, -0.00185222818982, 0.00453411461785, -0.00640628905967, 0.0117081552744, -0.00678335921839, 0.00423741294071, 0.00211801147088, -0.00262939790264, 0.00631693983451, -0.00191755651031], [0.000362240854884, 0.00168160407338, -0.000366041873349, -0.00231023156084, -0.000442197808297, 0.00222732685506, -0.00678335921839, 0.0115269860253, -0.00907567702234, 0.00565761234611, -0.00324024399742, 0.000815369654447, 0.00129531649873], [-0.000431421154644, -0.000614419754129, -0.00155179481953, 0.00692610954866, -0.00411863811314, 0.00188369269017, 0.00423741294071, -0.00907567702234, 0.0192904956639, -0.0136172622442, 0.012641328387, -0.0060894000344, 0.00376685569063], [0.000221269045142, 0.00178198690992, 0.00140946498141, -0.00818476174027, 0.00782772526145, -0.00650713779032, 0.00211801147088, 0.00565761234611, -0.0136172622442, 0.0260075461119, -0.0219482965767, 0.0161229092628, -0.00701490556821], [-0.000490030332003, 0.000808392302133, -0.00274774990976, 0.00943676847965, -0.00990292336792, 0.00840463023633, -0.00262939790264, -0.00324024399742, 0.012641328387, -0.0219482965767, 0.0333113074303, -0.0219867322594, 0.0142826456577], [0.000212411978282, 0.000899911101442, 0.00148186867591, -0.00624402659014, 0.00801433529705, -0.00831146538258, 0.00631693983451, 0.000815369654447, -0.0060894000344, 0.0161229092628, -0.0219867322594, 0.0250726230443, -0.0139389317483], [-0.000323444750393, 0.00104705314152, -0.00166846939828, 0.00347812776454, -0.00403641257435, 0.00446904078126, -0.00191755651031, 0.00129531649873, 0.00376685569063, -0.00701490556821, 0.0142826456577, -0.0139389317483, 0.015111034736]]
    },
    "melbands": {
        "dmean": [1.54742265295e-05, 5.17611442774e-05, 3.64428888133e-05, 0.000101091769466, 0.000119496253319, 9.09144291654e-05, 8.26064206194e-05, 0.000155979971169, 8.61187436385e-05, 6.30302019999e-05, 6.67261701892e-05, 7.38224262022e-05, 5.85379202676e-05, 3.50322879967e-05, 1.40847323564e-05, 6.69016071697e-06, 4.69077212983e-06, 2.19531921175e-06, 1.4750904711e-06, 1.0186503232e-06, 2.40131384999e-07, 2.46880205168e-07, 1.45889273995e-07, 7.76571980055e-08, 2.91296142763e-08, 2.45187568026e-08, 9.91453230625e-09, 5.91681370565e-09, 1.68192415551e-09, 7.71139374578e-10, 2.28116997514e-10, 2.74452766069e-10, 4.0854094413e-11, 2.47520406949e-11, 2.06404719705e-11, 1.03905122353e-11, 8.673773505e-12, 7.634372301e-12, 6.80810486112e-12, 6.08194397622e-12],
        "dmean2": [2.27749478654e-05, 7.6001524576e-05, 5.28373202542e-05, 0.000161205796758, 0.00018229255511, 0.000120304932352, 0.000121832825243, 0.000214521263842, 0.000107588784886, 7.51477491576e-05, 7.76450906415e-05, 8.30651479191e-05, 6.70377412462e-05, 4.09915010096e-05, 1.74092456291e-05, 8.24080052553e-06, 6.33020135865e-06, 3.09764800477e-06, 1.84555312899e-06, 1.40610427479e-06, 3.56005898539e-07, 3.60880022754e-07, 2.02118670245e-07, 1.1803685851e-07, 4.44212879813e-08, 3.41053230102e-08, 1.36156792507e-08, 8.91611495746e-09, 2.7634949884e-09, 1.07757924805e-09, 2.94319651983e-10, 3.51271900456e-10, 7.17763834479e-11, 4.51646497979e-11, 3.77700232201e-11, 1.9453324368e-11, 1.61715345975e-11, 1.42522391458e-11, 1.26456943875e-11, 1.1287993977e-11],
        "dvar": [3.54233464783e-09, 3.09369525553e-08, 1.94957365807e-08, 1.36573831355e-07, 1.28995949922e-07, 1.17691641321e-07, 2.23674206268e-07, 5.24262873114e-07, 2.56881577343e-07, 1.91684122797e-07, 2.61773948296e-07, 2.5656296998e-07, 1.6785419632e-07, 6.22505282877e-08, 1.67478972912e-08, 2.14879025684e-09, 1.7724973711e-09, 1.21882198778e-10, 8.11915257248e-11, 5.41204858706e-11, 8.57950917341e-13, 1.98801890748e-12, 6.61016814202e-13, 2.26731570259e-13, 5.4010808548e-14, 2.53145994564e-14, 4.44331503625e-15, 5.29417699594e-15, 1.26419640908e-16, 4.7390848198e-17, 1.05753295964e-17, 2.44244762755e-17, 1.30674529352e-19, 2.13273932195e-20, 2.18482439712e-20, 1.0390385109e-21, 5.73121306351e-22, 4.38404361501e-22, 3.38345799641e-22, 2.63877229214e-22],
        "dvar2": [6.50614673248e-09, 7.11325540692e-08, 3.66240797689e-08, 3.53883535809e-07, 3.23030064919e-07, 2.20255557792e-07, 5.53857603336e-07, 1.04406194623e-06, 5.84046460972e-07, 3.16397091638e-07, 3.8854565787e-07, 3.71888006612e-07, 2.51909312965e-07, 1.01758558912e-07, 2.70773732325e-08, 3.76644271327e-09, 3.58319751648e-09, 2.07225334115e-10, 1.32920008333e-10, 9.15295061965e-11, 1.70768098013e-12, 4.01428196239e-12, 1.20290875785e-12, 4.61386246049e-13, 1.23596703076e-13, 4.81602876069e-14, 8.92736219286e-15, 9.25803877327e-15, 3.01410348003e-16, 9.41113029055e-17, 1.67580240833e-17, 3.44599075676e-17, 3.60047422214e-19, 6.38828679018e-20, 6.31941237196e-20, 3.34806421835e-21, 1.92541575065e-21, 1.47649023135e-21, 1.14146522057e-21, 8.89634970233e-22],
        "max": [0.00257035065442, 0.00677493959665, 0.00547674158588, 0.00812408607453, 0.00664959382266, 0.0105923004448, 0.0137538714334, 0.0196414534003, 0.0175079423934, 0.0181238446385, 0.0184347778559, 0.0151720698923, 0.0146700562909, 0.00801328103989, 0.00462322914973, 0.00153189024422, 0.00145971181337, 0.000448792008683, 0.000345566135366, 0.000281742890365, 2.07224475162e-05, 4.55675835838e-05, 2.06172353501e-05, 1.32090890475e-05, 5.61038677915e-06, 3.61047500519e-06, 1.29081115574e-06, 2.94723008665e-06, 2.38054056467e-07, 2.55858452647e-07, 1.2741641342e-07, 2.10451815974e-07, 8.84146000857e-09, 3.62742258453e-09, 4.48311254786e-09, 5.64807811632e-10, 3.89540899537e-10, 3.40817485345e-10, 2.99428121187e-10, 2.64361227353e-10],
        "mean": [7.30419851607e-05, 0.000301422143821, 0.000199056754354, 0.0003759029496, 0.000458283000626, 0.000491951941513, 0.000396066985559, 0.000460100302007, 0.00028692628257, 0.000209478064789, 0.000180374219781, 0.000189695128938, 0.000136561939144, 7.1326692705e-05, 2.32785860135e-05, 1.4693348021e-05, 9.48956312641e-06, 5.34274067832e-06, 3.96807445213e-06, 2.52868267125e-06, 6.83061159634e-07, 6.28083512311e-07, 3.6946983073e-07, 1.44146213188e-07, 5.20513125934e-08, 4.63383038607e-08, 1.62310893614e-08, 9.47533784768e-09, 2.67321853542e-09, 1.18449205999e-09, 4.18504841893e-10, 4.80236461708e-10, 3.90317812793e-11, 2.61301119631e-11, 1.97274800662e-11, 9.07181881699e-12, 7.66275931596e-12, 6.80712474235e-12, 6.2153901817e-12, 5.66778698627e-12],
        "median": [5.18201801469e-08, 1.85427907695e-07, 7.41638814361e-07, 8.71020461091e-07, 4.43463031843e-05, 0.000117195770144, 3.3968630305e-05, 3.27650304826e-05, 2.16324042412e-05, 1.76316934812e-05, 1.32282330014e-05, 8.16283954919e-06, 1.51151662067e-05, 8.02091290097e-06, 7.76727631546e-07, 5.60884814149e-07, 4.21812501372e-07, 2.29219409675e-07, 3.42816086629e-08, 5.38989866072e-08, 2.68608957299e-08, 5.75212455445e-09, 2.18018891829e-09, 7.96402666037e-10, 6.95264512629e-10, 9.038290949e-11, 2.04991301711e-11, 1.84952123061e-11, 1.25272570095e-11, 7.79126416162e-12, 5.1983677779e-12, 4.12222860013e-12, 3.80973421213e-12, 3.62063590914e-12, 3.46360006648e-12, 3.19563299434e-12, 3.04065800316e-12, 2.89340318198e-12, 2.96810622955e-12, 2.85820976262e-12],
        "min": [5.14462423544e-24, 4.03680122826e-24, 3.37890188292e-24, 1.50282151853e-23, 1.28700266438e-23, 1.52862121443e-23, 1.31287698653e-23, 1.74035463684e-23, 1.20029801566e-23, 9.32747398839e-24, 1.86565903852e-23, 1.02260181139e-23, 9.8292786654e-24, 1.0447008819e-23, 1.28311413232e-23, 1.25705758331e-23, 8.60289893606e-24, 1.06667168363e-23, 1.11041118093e-23, 8.10958398012e-24, 7.63461477339e-24, 4.76406195754e-24, 6.7540819201e-24, 9.84934649796e-24, 1.45492503981e-23, 1.17558513342e-23, 8.17095499196e-24, 1.0015415918e-23, 1.00294166214e-23, 1.05545187275e-23, 1.05524992436e-23, 1.25598418027e-23, 1.22362210827e-23, 7.56651872233e-24, 9.32065744131e-24, 1.19167040171e-23, 1.3293020961e-23, 1.34679650662e-23, 8.72396620805e-24, 1.04307188413e-23],
        "stdev": [0.000223498151172, 0.000794845924247, 0.000502142938785, 0.00091253593564, 0.000853667850606, 0.00111907476094, 0.00136707199272, 0.00137275329325, 0.000954627525061, 0.000890108931344, 0.00093971833121, 0.000971013272647, 0.000699738680851, 0.000386921892641, 0.000177579408046, 6.87787978677e-05, 5.38982785656e-05, 2.03339277505e-05, 1.66643931152e-05, 1.31552069433e-05, 1.95211714527e-06, 2.59780563283e-06, 1.56134751705e-06, 6.34336572602e-07, 2.80323718016e-07, 2.30686723057e-07, 8.96472514e-08, 9.80057635047e-08, 1.61104072305e-08, 1.02315684813e-08, 5.25242294103e-09, 8.24024759538e-09, 3.16515841314e-10, 1.5288888211e-10, 1.25043919663e-10, 2.59994404478e-11, 1.91312850978e-11, 1.66407599506e-11, 1.45954272973e-11, 1.28824659273e-11],
