{
"lowlevel": {
    "average_loudness": 0.959179341793,
    "barkbands_crest": {
        "dmean": 2.67763948441,
        "dmean2": 4.38887071609,
        "dvar": 7.13412714005,
        "dvar2": 18.0310993195,
        "max": 24.0711326599,
        "mean": 10.9960794449,
        "median": 10.3279027939,
        "min": 3.0337138176,
        "stdev": 4.0131111145,
        "var": 16.1050605774
    },
    "barkbands_flatness_db": {
        "dmean": 0.0270687174052,
        "dmean2": 0.0386381410062,
        "dvar": 0.000697997224052,
        "dvar2": 0.00143503944855,
        "max": 0.419753432274,
        "mean": 0.172807425261,
        "median": 0.169695883989,
        "min": 0.0232260916382,
        "stdev": 0.0627400875092,
        "var": 0.00393631868064
    },
    "barkbands_kurtosis": {
        "dmean": 5.95071315765,
        "dmean2": 9.56482124329,
        "dvar": 130.243652344,
        "dvar2": 303.41595459,
        "max": 168.40385437,
        "mean": 8.50082492828,
        "median": 3.69429588318,
        "min": -1.88636696339,
        "stdev": 15.1862726212,
        "var": 230.622879028
    },
    "barkbands_skewness": {
        "dmean": 0.796264767647,
        "dmean2": 1.23615419865,
        "dvar": 0.897396981716,
        "dvar2": 1.91286194324,
        "max": 12.1506385803,
        "mean": 2.13570785522,
        "median": 1.91842496395,
        "min": -3.39334893227,
        "stdev": 1.68436837196,
        "var": 2.83709692955
    },
    "barkbands_spread": {
        "dmean": 6.38840770721,
        "dmean2": 9.9132566452,
        "dvar": 80.8951568604,
        "dvar2": 171.180740356,
        "max": 109.074264526,
        "mean": 19.8445796967,
        "median": 15.3975744247,
        "min": 0.662886857986,
        "stdev": 16.1001586914,
        "var": 259.215118408
    },
    "dissonance": {
        "dmean": 0.0206063985825,
        "dmean2": 0.0342724137008,
        "dvar": 0.000387940264773,
        "dvar2": 0.00102165050339,
        "max": 0.500000059605,
        "mean": 0.456369131804,
        "median": 0.464326888323,
        "min": 0.297937005758,
        "stdev": 0.0317317098379,
        "var": 0.00100690138061
    },
    "dynamic_complexity": 3.09033751488,
    "erbbands_crest": {
        "dmean": 2.55410933495,
        "dmean2": 4.1270737648,
        "dvar": 6.03554487228,
        "dvar2": 14.3086709976,
        "max": 30.9726963043,
        "mean": 9.50782394409,
        "median": 8.72068119049,
        "min": 2.49001145363,
        "stdev": 4.26181650162,
        "var": 18.1630802155
    },
    "erbbands_flatness_db": {
        "dmean": 0.021351845935,
        "dmean2": 0.0282431840897,
        "dvar": 0.000489673984703,
        "dvar2": 0.000903693202417,
        "max": 0.339489370584,
        "mean": 0.165071159601,
        "median": 0.164034590125,
        "min": 0.0511662252247,
        "stdev": 0.0482406653464,
        "var": 0.00232716184109
    },
    "erbbands_kurtosis": {
        "dmean": 1.02865946293,
        "dmean2": 1.64220368862,
        "dvar": 5.15807294846,
        "dvar2": 12.3172340393,
        "max": 70.1404953003,
        "mean": 0.325233846903,
        "median": -0.520934820175,
        "min": -1.81377851963,
        "stdev": 3.17625832558,
        "var": 10.0886173248
    },
    "erbbands_skewness": {
        "dmean": 0.417076557875,
        "dmean2": 0.639958977699,
        "dvar": 0.19246417284,
        "dvar2": 0.441834419966,
        "max": 4.07573986053,
        "mean": 0.120744332671,
        "median": 0.0783851221204,
        "min": -3.53539466858,
        "stdev": 0.818780660629,
        "var": 0.6704018116
    },
    "erbbands_spread": {
        "dmean": 10.0779476166,
        "dmean2": 15.7505741119,
        "dvar": 169.705169678,
        "dvar2": 391.558197021,
        "max": 177.853805542,
        "mean": 45.2502746582,
        "median": 41.8502693176,
        "min": 1.55983138084,
        "stdev": 22.9437065125,
        "var": 526.413696289
    },
    "hfc": {
        "dmean": 6.42574453354,
        "dmean2": 8.60859775543,
        "dvar": 83.2629394531,
        "dvar2": 152.554214478,
        "max": 106.253486633,
        "mean": 17.6273231506,
        "median": 12.969420433,
        "min": 0.0932443514466,
        "stdev": 16.2974529266,
        "var": 265.606964111
    },
    "loudness_ebu128": {
        "integrated": -16.9089603424,
        "loudness_range": 3.28067874908,
        "momentary": {
            "dmean": 0.676289558411,
            "dmean2": 0.813627004623,
            "dvar": 0.265654176474,
            "dvar2": 0.46995306015,
            "max": -13.7225971222,
            "mean": -17.5440616608,
            "median": -16.9085578918,
            "min": -29.7950820923,
            "stdev": 2.63511323929,
            "var": 6.94382190704
        },
        "short_term": {
            "dmean": 0.102957136929,
            "dmean2": 0.120514221489,
            "dvar": 0.0057933749631,
            "dvar2": 0.0101022832096,
            "max": -15.1770887375,
            "mean": -17.1741161346,
            "median": -16.7452278137,
            "min": -23.7909221649,
            "stdev": 1.80718362331,
            "var": 3.26591253281
        }
    },
    "melbands_crest": {
        "dmean": 3.18429589272,
        "dmean2": 5.13098192215,
        "dvar": 8.46604156494,
        "dvar2": 21.5310783386,
        "max": 30.4650726318,
        "mean": 16.8500785828,
        "median": 17.1188831329,
        "min": 4.535779953,
        "stdev": 5.15030622482,
        "var": 26.5256538391
    },
    "melbands_flatness_db": {
        "dmean": 0.0325144529343,
        "dmean2": 0.0457119047642,
        "dvar": 0.00110637408216,
        "dvar2": 0.00216051074676,
        "max": 0.541955709457,
        "mean": 0.247239083052,
        "median": 0.244817718863,
        "min": 0.0344669595361,
        "stdev": 0.0822610929608,
        "var": 0.00676688691601
    },
    "melbands_kurtosis": {
        "dmean": 15.1473674774,
        "dmean2": 24.2114887238,
        "dvar": 857.639038086,
        "dvar2": 1853.49584961,
        "max": 627.062866211,
        "mean": 26.6455821991,
        "median": 13.2835960388,
        "min": -1.69013047218,
        "stdev": 41.8777580261,
        "var": 1753.7467041
    },
    "melbands_skewness": {
        "dmean": 1.07534575462,
        "dmean2": 1.65451145172,
        "dvar": 1.62616288662,
        "dvar2": 3.50597643852,
        "max": 17.508140564,
        "mean": 3.66026902199,
        "median": 3.25210261345,
        "min": -2.78718495369,
        "stdev": 2.41305470467,
        "var": 5.82283306122
    },
    "melbands_spread": {
        "dmean": 7.73492908478,
        "dmean2": 11.8339605331,
        "dvar": 175.449752808,
        "dvar2": 331.663146973,
        "max": 228.468078613,
        "mean": 20.1623001099,
        "median": 13.5640964508,
        "min": 0.639956712723,
        "stdev": 23.3672447205,
        "var": 546.028137207
    },
    "pitch_salience": {
        "dmean": 0.071864143014,
        "dmean2": 0.115099579096,
        "dvar": 0.00444960454479,
        "dvar2": 0.0100414892659,
        "max": 0.864511728287,
        "mean": 0.480607032776,
        "median": 0.473106384277,
        "min": 0.148031622171,
        "stdev": 0.123193264008,
        "var": 0.0151765802875
    },
    "silence_rate_20dB": {
        "dmean": 0,
        "dmean2": 0,
        "dvar": 0,
        "dvar2": 0,
        "max": 1,
        "mean": 1,
        "median": 1,
        "min": 1,
        "stdev": 0,
        "var": 0
    },
    "silence_rate_30dB": {
        "dmean": 0.0557275526226,
        "dmean2": 0.111512646079,
        "dvar": 0.0526216551661,
        "dvar2": 0.130054175854,
        "max": 1,
        "mean": 0.959257364273,
        "median": 1,
        "min": 0,
        "stdev": 0.197694018483,
        "var": 0.0390829257667
    },
    "silence_rate_60dB": {
        "dmean": 0.0273477807641,
        "dmean2": 0.0547237992287,
        "dvar": 0.0265996772796,
        "dvar2": 0.0599915571511,
        "max": 1,
        "mean": 0.069107785821,
        "median": 0,
        "min": 0,
        "stdev": 0.253637701273,
        "var": 0.0643320828676
    },
    "spectral_centroid": {
        "dmean": 275.92578125,
        "dmean2": 427.833404541,
        "dvar": 111151.601562,
        "dvar2": 224229.25,
        "max": 4923.49267578,
        "mean": 1159.33227539,
        "median": 1015.96051025,
        "min": 155.049530029,
        "stdev": 647.282043457,
        "var": 418974.0625
    },
    "spectral_complexity": {
        "dmean": 3.68524241447,
        "dmean2": 4.92565822601,
        "dvar": 24.1702861786,
        "dvar2": 34.7933692932,
        "max": 55,
        "mean": 13.9943265915,
        "median": 12,
        "min": 0,
        "stdev": 9.48408699036,
        "var": 89.9479064941
    },
    "spectral_decrease": {
        "dmean": 4.42454917149e-09,
        "dmean2": 7.11513159501e-09,
        "dvar": 6.59039807963e-17,
        "dvar2": 1.65923126751e-16,
        "max": -8.01867600098e-12,
        "mean": -8.92845530842e-09,
        "median": -6.62128885054e-09,
        "min": -6.54442047221e-08,
        "stdev": 9.01015173582e-09,
        "var": 8.11828338907e-17
    },
    "spectral_energy": {
        "dmean": 0.0171134546399,
        "dmean2": 0.0273749511689,
        "dvar": 0.000962125021033,
        "dvar2": 0.00241494830698,
        "max": 0.250418365002,
        "mean": 0.0352969095111,
        "median": 0.0266470275819,
        "min": 3.8721907913e-05,
        "stdev": 0.0347292870283,
        "var": 0.00120612338651
    },
    "spectral_energyband_high": {
        "dmean": 0.000352829694748,
        "dmean2": 0.00048359244829,
        "dvar": 4.52292823638e-07,
        "dvar2": 8.63435730025e-07,
        "max": 0.0101558929309,
        "mean": 0.000636358279735,
        "median": 0.000188739708392,
        "min": 3.52006395588e-07,
        "stdev": 0.0011012647301,
        "var": 1.21278401366e-06
    },
    "spectral_energyband_low": {
        "dmean": 0.0122115230188,
        "dmean2": 0.0197425819933,
        "dvar": 0.000788735924289,
        "dvar2": 0.00199378584512,
        "max": 0.235455900431,
        "mean": 0.0200374536216,
        "median": 0.0108755929396,
        "min": 2.1825899239e-06,
        "stdev": 0.0291709005833,
        "var": 0.000850941461977
    },
    "spectral_energyband_middle_high": {
        "dmean": 0.0014969924232,
        "dmean2": 0.00204513897188,
        "dvar": 7.21769720258e-06,
        "dvar2": 1.4305728655e-05,
        "max": 0.0447874628007,
        "mean": 0.00386105151847,
        "median": 0.00213316688314,
        "min": 1.15207267299e-05,
        "stdev": 0.00515238102525,
        "var": 2.65470316663e-05
    },
    "spectral_energyband_middle_low": {
        "dmean": 0.00724548799917,
        "dmean2": 0.0119888670743,
        "dvar": 0.000199547808734,
        "dvar2": 0.000526901858393,
        "max": 0.121423266828,
        "mean": 0.0139711135998,
        "median": 0.00989081710577,
        "min": 5.70260090171e-06,
        "stdev": 0.0153367659077,
        "var": 0.000235216401052
    },
    "spectral_entropy": {
        "dmean": 0.231656119227,
        "dmean2": 0.295468866825,
        "dvar": 0.0567915029824,
        "dvar2": 0.10285885632,
        "max": 8.79210090637,
        "mean": 7.24611377716,
        "median": 7.26572704315,
        "min": 5.06931209564,
        "stdev": 0.618322610855,
        "var": 0.382322847843
    },
    "spectral_flux": {
        "dmean": 0.0392590761185,
        "dmean2": 0.0613132342696,
        "dvar": 0.00306984921917,
        "dvar2": 0.00684448378161,
        "max": 0.44229632616,
        "mean": 0.0880497470498,
        "median": 0.0647350251675,
        "min": 0.00375500414521,
        "stdev": 0.072606548667,
        "var": 0.00527171045542
    },
    "spectral_kurtosis": {
        "dmean": 2.20321846008,
        "dmean2": 3.5118906498,
        "dvar": 9.50429725647,
        "dvar2": 24.2078304291,
        "max": 54.6644935608,
        "mean": 5.6287446022,
        "median": 4.52586555481,
        "min": -1.37872052193,
        "stdev": 4.60950517654,
        "var": 21.2475376129
    },
    "spectral_rms": {
        "dmean": 0.00122361280955,
        "dmean2": 0.00184965482913,
        "dvar": 3.10198265652e-06,
        "dvar2": 7.13874578651e-06,
        "max": 0.0156304370612,
        "mean": 0.00524715706706,
        "median": 0.00509873498231,
        "min": 0.00019436427101,
        "stdev": 0.00262743001804,
        "var": 6.90338811182e-06
    },
    "spectral_rolloff": {
        "dmean": 539.453674316,
        "dmean2": 908.476074219,
        "dvar": 1420128,
        "dvar2": 2883152,
        "max": 13824.3164062,
        "mean": 1344.03369141,
        "median": 689.0625,
        "min": 86.1328125,
        "stdev": 1947.50427246,
        "var": 3792772.75
    },
    "spectral_skewness": {
        "dmean": 0.26337403059,
        "dmean2": 0.396307706833,
        "dvar": 0.0769903287292,
        "dvar2": 0.180279493332,
        "max": 5.59110593796,
        "mean": 1.67549836636,
        "median": 1.61771833897,
        "min": -0.0286957528442,
        "stdev": 0.590258538723,
        "var": 0.348405122757
    },
    "spectral_spread": {
        "dmean": 749267.9375,
        "dmean2": 977093.625,
        "dvar": 1.09951818138e+12,
        "dvar2": 1.82793496166e+12,
        "max": 17381120,
        "mean": 4709791.5,
        "median": 4104576.5,
        "min": 1462807,
        "stdev": 2349213.5,
        "var": 5.5188038615e+12
    },
    "spectral_strongpeak": {
        "dmean": 0.388449549675,
        "dmean2": 0.663162827492,
        "dvar": 0.504158258438,
        "dvar2": 1.3152269125,
        "max": 8.72325134277,
        "mean": 0.760648787022,
        "median": 0.532499730587,
        "min": 0.00738566415384,
        "stdev": 0.83883869648,
        "var": 0.703650355339
    },
    "zerocrossingrate": {
        "dmean": 0.0124151427299,
        "dmean2": 0.0135934781283,
        "dvar": 0.000363093451597,
        "dvar2": 0.000342651328538,
        "max": 0.41259765625,
        "mean": 0.0554215572774,
        "median": 0.04150390625,
        "min": 0.00537109375,
        "stdev": 0.0524708479643,
        "var": 0.00275318976492
    },
    "barkbands": {
        "dmean": [0.000220035159145, 0.00721014337614, 0.00498814648017, 0.00301133422181, 0.00345512246713, 0.00105752598029, 0.000527228869032, 0.000484633492306, 0.000817019026726, 0.000246266106842, 0.000187401266885, 0.000379843288101, 0.000314344797516, 0.000209404592169, 0.000226812146138, 0.000280689419014, 0.000206021111808, 0.000158214184921, 0.000145143640111, 9.38993980526e-05, 7.90239937487e-05, 4.86611861561e-05, 5.13474187755e-05, 6.82870668243e-05, 7.24724377505e-05, 4.01705256081e-05, 2.58716272583e-06],
        "dmean2": [0.000362323218724, 0.0118200089782, 0.00844221934676, 0.00508756516501, 0.00613345904276, 0.00160638871603, 0.000819744367618, 0.000754741951823, 0.00116965419147, 0.000372774811694, 0.000289652583888, 0.000542653957382, 0.00049011601368, 0.000321244733641, 0.000355086900527, 0.000435438094428, 0.000310005358187, 0.000237282394664, 0.000220663598157, 0.000138156799949, 0.000115637834824, 7.10196181899e-05, 7.47006415622e-05, 9.9095828773e-05, 9.89804175333e-05, 5.76728052692e-05, 3.98967131332e-06],
        "dvar": [5.76974912292e-07, 0.000425433012424, 9.44952698774e-05, 2.56383227679e-05, 9.84525613603e-05, 3.97396297558e-06, 2.17282899939e-06, 1.20281515592e-06, 3.86701185562e-06, 5.59268869438e-07, 4.33623313256e-07, 1.33909668421e-06, 1.75280069925e-06, 2.99945384086e-07, 2.40520449779e-07, 4.13056199022e-07, 1.90018226931e-07, 1.19402884025e-07, 1.51289327732e-07, 4.39432774613e-08, 2.72519997679e-08, 9.78708492028e-09, 1.11910987144e-08, 3.88903309556e-08, 4.64141436396e-08, 8.40518765699e-09, 4.65413263484e-11],
        "dvar2": [1.47915159232e-06, 0.00109486025758, 0.000259590975475, 6.38927449472e-05, 0.000269332987955, 8.95840912563e-06, 5.21247056895e-06, 2.80540552922e-06, 7.49543141865e-06, 1.197104325e-06, 9.80342747425e-07, 2.9432478641e-06, 4.12660710936e-06, 6.67160065859e-07, 5.23886342307e-07, 1.14670217499e-06, 4.17656593754e-07, 2.6954305099e-07, 3.55994671963e-07, 9.6987250231e-08, 6.18258226837e-08, 2.14917470487e-08, 2.37142465664e-08, 8.12441527387e-08, 8.73698198234e-08, 1.65836233634e-08, 1.10865497338e-10],
        "max": [0.012518517673, 0.167591720819, 0.0974820703268, 0.0570336766541, 0.0784240067005, 0.0276581272483, 0.0273736678064, 0.0170347839594, 0.030058670789, 0.0165490023792, 0.0115529326722, 0.0323801599443, 0.0417959541082, 0.0102744894102, 0.00905102305114, 0.00968733243644, 0.0078036650084, 0.00704634329304, 0.011239358224, 0.00382074620575, 0.00183148123324, 0.0014085638104, 0.00205570459366, 0.00333571783267, 0.0043780063279, 0.00147087615915, 0.000136257149279],
        "mean": [0.000197794332053, 0.00815715640783, 0.00851665344089, 0.00485146325082, 0.00381195894442, 0.00217661261559, 0.000724630255718, 0.000759196758736, 0.00152597867418, 0.000425504549639, 0.000247892254265, 0.000645052175969, 0.00055694358889, 0.00032820776687, 0.000351570575731, 0.00041684412281, 0.00037710487959, 0.000271794357104, 0.000238491091295, 0.000163808916113, 0.000125553822727, 6.94407208357e-05, 7.65450313338e-05, 0.000106416628114, 0.00011942403944, 5.18821070727e-05, 2.97821452477e-06],
        "median": [2.01399343496e-05, 0.00290212430991, 0.00426673935726, 0.00247301277705, 0.00146915134974, 0.000556312908884, 0.000113754649647, 0.00016845735081, 0.000227621785598, 5.62333625567e-05, 3.69963890989e-05, 0.00014551456843, 0.000120116339531, 0.000119442447613, 0.00014359341003, 0.000142629403854, 0.000161998090334, 0.000107097279397, 6.7741741077e-05, 5.53190257051e-05, 4.08946762036e-05, 2.07472512557e-05, 1.93933628907e-05, 1.41439759318e-05, 1.15086477308e-05, 3.75216268367e-06, 1.29891262191e-07],
        "min": [5.59192248062e-10, 1.92844481717e-07, 1.67010156815e-07, 4.26057255254e-07, 3.57672007567e-07, 3.6199293163e-07, 1.43573899436e-07, 9.51957801476e-08, 6.01108780529e-08, 1.63656920904e-07, 2.41747457608e-08, 3.19699864804e-07, 1.54750438242e-07, 2.8538070751e-07, 2.07117523132e-07, 5.79792640565e-07, 2.92773592037e-07, 1.66410117686e-07, 2.17779316358e-07, 1.29507924385e-07, 5.9898560778e-08, 3.38605943284e-08, 3.14995389772e-08, 2.4176070923e-08, 2.04005949911e-08, 8.11136668943e-09, 3.12727448104e-11],
        "stdev": [0.00069142592838, 0.0188037343323, 0.0113616399467, 0.00713794771582, 0.00826515257359, 0.00369318434969, 0.00192200532183, 0.0016135283513, 0.00329693243839, 0.00136757432483, 0.000783109047916, 0.00164682685863, 0.00229284120724, 0.000713516841643, 0.000631880422588, 0.000780016591307, 0.000630837341305, 0.000527305295691, 0.00063453434268, 0.000312820804538, 0.000209266436286, 0.000128372761537, 0.000144880046719, 0.000307467445964, 0.000395088689402, 0.000131025357405, 7.93199251348e-06],
        "var": [4.78069807741e-07, 0.000353580398951, 0.000129086867673, 5.09503006469e-05, 6.83127436787e-05, 1.3639610188e-05, 3.69410440726e-06, 2.60347360381e-06, 1.08697631731e-05, 1.87025955256e-06, 6.13259771853e-07, 2.7120388495e-06, 5.25712039234e-06, 5.09106257596e-07, 3.99272835239e-07, 6.08425864357e-07, 3.97955744802e-07, 2.78050862335e-07, 4.02633816066e-07, 9.78568550636e-08, 4.37924434493e-08, 1.64795643798e-08, 2.09902299986e-08, 9.4536233064e-08, 1.56095069315e-07, 1.71676450833e-08, 6.29165122779e-11]
    },
    "erbbands": {
        "dmean": [0.14114356041, 1.85705637932, 5.3281083107, 8.49039554596, 12.6337385178, 9.9484500885, 6.37476205826, 10.167052269, 7.70045375824, 6.44685411453, 12.9951543808, 16.8607254028, 13.7389965057, 6.92116641998, 10.527094841, 14.3533210754, 12.761724472, 12.2429285049, 10.1519298553, 11.5833272934, 16.6787605286, 9.58268356323, 7.85084581375, 9.19919681549, 5.31931829453, 4.4656124115, 3.68962430954, 2.63769578934, 1.81144201756, 1.31778931618, 1.66443133354, 1.56511461735, 1.15804135799, 0.933673739433, 0.4634770751, 0.193606212735, 0.0721333697438, 0.0119540421292, 0.00028857178404, 2.49802251346e-05],
        "dmean2": [0.236209273338, 3.05163145065, 8.99717140198, 14.1483001709, 22.5823249817, 17.3995933533, 9.81717777252, 15.1459465027, 12.1262674332, 10.0292921066, 19.9980735779, 23.9476242065, 20.1024112701, 9.94276618958, 15.3100996017, 21.06016922, 19.8663883209, 17.8400764465, 15.7711305618, 17.824420929, 26.0639286041, 14.1689567566, 11.7238445282, 14.0074262619, 7.96558141708, 6.70333099365, 5.31884431839, 3.9406414032, 2.64890789986, 1.85680890083, 2.45150256157, 2.31104946136, 1.65753376484, 1.29567945004, 0.652840554714, 0.276766479015, 0.105745390058, 0.0176136679947, 0.000427618564572, 3.708478107e-05],
        "dvar": [0.202089563012, 26.3780422211, 119.919540405, 224.253753662, 1135.45080566, 742.548706055, 123.637031555, 539.327697754, 414.109130859, 249.074920654, 839.222717285, 1776.9732666, 1320.7220459, 512.813293457, 1231.30310059, 2400.08569336, 4122.10498047, 904.38671875, 752.983459473, 459.57598877, 1738.33410645, 339.122406006, 222.2240448, 622.687255859, 173.515579224, 103.389953613, 63.3179550171, 30.8078670502, 13.8521366119, 5.89600515366, 12.5057172775, 24.4651489258, 10.2709560394, 10.0056085587, 1.7942353487, 0.193527579308, 0.0297912918031, 0.00081547285663, 5.47298668607e-07, 1.6780845602e-09],
        "dvar2": [0.522147297859, 67.6543426514, 325.173919678, 568.895690918, 3083.51342773, 2034.57470703, 299.086242676, 1208.49255371, 972.502746582, 581.792785645, 1927.47680664, 3305.6550293, 2592.86157227, 897.118164062, 2738.48608398, 5496.51220703, 10258.5703125, 1973.64672852, 1770.90734863, 1006.90130615, 4836.375, 712.998046875, 504.681518555, 1529.28027344, 354.603942871, 226.35168457, 138.122528076, 71.6327972412, 30.6371994019, 12.1190471649, 27.4927692413, 52.3261489868, 21.2829532623, 20.7078208923, 3.57675504684, 0.372323870659, 0.0582511089742, 0.00172715331428, 1.22734888919e-06, 3.83469256349e-09],
        "max": [3.80314350128, 41.8930664062, 100.911857605, 171.820983887, 261.316802979, 216.045257568, 191.775039673, 354.572052002, 431.612487793, 291.000671387, 465.773040771, 881.318969727, 592.682189941, 616.024291992, 725.559082031, 1469.2109375, 2309.06665039, 752.744506836, 546.239257812, 269.811553955, 647.266845703, 337.715423584, 268.678009033, 581.858093262, 239.670944214, 201.171279907, 90.6858825684, 55.8030853271, 51.645275116, 23.4329624176, 69.522026062, 83.4584960938, 67.1847381592, 51.3368377686, 40.7817687988, 6.67626094818, 2.82814049721, 0.398370236158, 0.0151566639543, 0.000406431063311],
        "mean": [0.134449869394, 2.23331665993, 9.07513523102, 15.1299657822, 13.9516601562, 11.8726100922, 12.3319301605, 20.2463703156, 12.1201267242, 9.7722864151, 21.1553382874, 31.3447399139, 24.8983325958, 13.6717777252, 17.4876651764, 24.7273426056, 23.870010376, 21.5930633545, 16.3789405823, 19.2293815613, 25.9112625122, 18.4190235138, 14.6763553619, 15.4545030594, 9.7732591629, 7.86751508713, 6.1509604454, 3.95935034752, 2.62344288826, 1.92127931118, 2.4677708149, 2.23041987419, 1.80171751976, 1.50184762478, 0.702368319035, 0.269025444984, 0.0894524157047, 0.0145534947515, 0.000364302832168, 5.18950328114e-05],
        "median": [0.0332639217377, 0.949504196644, 4.89622068405, 8.46280384064, 6.20913028717, 3.85656523705, 5.22743701935, 3.81603503227, 3.070135355, 2.26944518089, 5.44902610779, 6.99619007111, 5.7489566803, 2.59244012833, 3.46063518524, 6.92387914658, 6.12337732315, 7.80140018463, 6.77773857117, 7.73788166046, 10.3944139481, 8.08199214935, 6.55080127716, 5.52079582214, 3.18529748917, 2.6201133728, 1.92254924774, 1.33599936962, 0.798912167549, 0.570493638515, 0.544606208801, 0.3233256042, 0.241725504398, 0.145903944969, 0.060794506222, 0.0222782436758, 0.00512480828911, 0.000723557430319, 3.73541442968e-05, 3.7289577449e-05],
        "min": [6.63441323923e-06, 9.8346878076e-05, 0.000438096467406, 0.00256613618694, 0.00153217895422, 0.00187841476873, 0.00246554170735, 0.00171278056223, 0.00269658141769, 0.00404843734577, 0.00368301128037, 0.0039513153024, 0.00665252795443, 0.00637293932959, 0.013539285399, 0.0113418512046, 0.0111585557461, 0.0132212871686, 0.0517789013684, 0.0773393660784, 0.0248283408582, 0.0171678625047, 0.0190156977624, 0.0136185456067, 0.00958133954555, 0.00631340919062, 0.00254145357758, 0.00238779769279, 0.00135738123208, 0.000997110037133, 0.000965668412391, 0.000680596916936, 0.000330168753862, 0.000294411875075, 8.74890101841e-05, 4.57626083517e-05, 1.65448145708e-05, 3.28965074914e-06, 2.31517503835e-07, 1.90887149643e-07],
        "stdev": [0.40520337224, 4.70945692062, 11.8968505859, 20.9810237885, 28.0917282104, 23.5980377197, 18.7902832031, 42.3186798096, 28.7618808746, 19.8609104156, 41.4734268188, 69.1422653198, 56.6232414246, 46.5812454224, 45.1692237854, 66.3379211426, 109.269851685, 43.1382446289, 34.457824707, 29.8526210785, 48.6130485535, 28.5808925629, 22.2935562134, 36.3188743591, 22.5941238403, 15.0892210007, 10.6151990891, 6.76641845703, 4.85604333878, 3.31454753876, 4.7697095871, 6.81487512589, 5.16009950638, 5.20189905167, 2.38014769554, 0.690411806107, 0.239344015718, 0.0372974649072, 0.000917800993193, 5.14449529874e-05],
        "var": [0.164189770818, 22.1789836884, 141.535049438, 440.203338623, 789.145202637, 556.867370605, 353.074737549, 1790.87060547, 827.245788574, 394.455749512, 1720.04516602, 4780.65283203, 3206.19165039, 2169.81225586, 2040.25866699, 4400.71972656, 11939.9003906, 1860.90808105, 1187.34179688, 891.178955078, 2363.22851562, 816.867370605, 497.002624512, 1319.06066895, 510.494445801, 227.68460083, 112.682449341, 45.7844200134, 23.5811576843, 10.9862260818, 22.7501277924, 46.4425201416, 26.6266269684, 27.059753418, 5.66510343552, 0.476668447256, 0.0572855547071, 0.00139110093005, 8.42358701902e-07, 2.64658317484e-09]
    },
    "gfcc": {
        "mean": [-20.8499889374, 96.6971282959, -109.695655823, 40.7415390015, -40.8950233459, 15.2178487778, -40.4737701416, 8.30748748779, -25.7561588287, -3.10238623619, -21.3312206268, -6.36144638062, -14.5343666077],
        "cov": [[5208.30029297, -763.5703125, 526.347290039, -132.613250732, -589.364013672, 32.6396560669, -71.0457229614, 170.389511108, -271.777160645, 189.853851318, -116.102592468, 90.1063537598, -93.7560272217], [-763.5703125, 1962.3527832, -219.522323608, 188.33505249, 470.49887085, -222.281539917, 368.867858887, -197.824966431, 178.626983643, -236.449203491, 165.793136597, -168.372848511, 54.9235687256], [526.347290039, -219.522323608, 1083.81396484, 184.536148071, 64.346321106, 233.188552856, -29.9511604309, 71.7455368042, -60.0772323608, 23.8602199554, -79.716583252, 7.8527636528, -36.4911460876], [-132.613250732, 188.33505249, 184.536148071, 517.757568359, 268.308959961, 41.0257530212, 112.656974792, -17.7121334076, 50.2678260803, -58.2631950378, -43.658290863, -72.6710510254, 3.93713521957], [-589.364013672, 470.49887085, 64.346321106, 268.308959961, 573.222717285, 121.804771423, 99.5751037598, 6.84570169449, 123.782104492, -89.9372940063, -36.000213623, -74.7088699341, -27.8348350525], [32.6396560669, -222.281539917, 233.188552856, 41.0257530212, 121.804771423, 282.795806885, 33.0742607117, 77.537727356, -20.6102409363, 20.0203094482, -26.4387512207, -16.7691192627, -28.0269622803], [-71.0457229614, 368.867858887, -29.9511604309, 112.656974792, 99.5751037598, 33.0742607117, 264.735473633, 0.803120911121, 4.16570568085, -40.5117149353, 47.7797088623, -54.3746871948, 6.68474769592], [170.389511108, -197.824966431, 71.7455368042, -17.7121334076, 6.84570169449, 77.537727356, 0.803120911121, 194.378585815, 10.7052850723, 2.06976222992, -32.6173095703, -1.13232827187, -25.2971019745], [-271.777160645, 178.626983643, -60.0772323608, 50.2678260803, 123.782104492, -20.6102409363, 4.16570568085, 10.7052850723, 161.931304932, -11.9754114151, -16.7383956909, -19.3336277008, -29.0019340515], [189.853851318, -236.449203491, 23.8602199554, -58.2631950378, -89.9372940063, 20.0203094482, -40.5117149353, 2.06976222992, -11.9754114151, 119.734962463, 12.4543981552, 29.6185913086, -25.7144298553], [-116.102592468, 165.793136597, -79.716583252, -43.658290863, -36.000213623, -26.4387512207, 47.7797088623, -32.6173095703, -16.7383956909, 12.4543981552, 138.359024048, 24.5770244598, 30.4344501495], [90.1063537598, -168.372848511, 7.8527636528, -72.6710510254, -74.7088699341, -16.7691192627, -54.3746871948, -1.13232827187, -19.3336277008, 29.6185913086, 24.5770244598, 136.404037476, 39.3100852966], [-93.7560272217, 54.9235687256, -36.4911460876, 3.93713521957, -27.8348350525, -28.0269622803, 6.68474769592, -25.2971019745, -29.0019340515, -25.7144298553, 30.4344501495, 39.3100852966, 114.265472412]],
        "icov": [[0.00027891836362, -0.000175198991201, -5.52029778191e-05, -0.000136898263008, 0.000350464135408, -5.45015136595e-05, 2.86760696326e-05, -0.000314259756124, 0.000463733362267, -0.000419637508458, 0.000443603727035, -0.000287110800855, 0.000304793618852], [-0.000175198991201, 0.00260727340356, -0.000620140403043, 0.00126284663565, -0.00208237045445, 0.00256314291619, -0.00244041532278, 0.00173368025571, -0.00190938310698, 0.002681334503, -0.00268773641437, 0.00214802497067, -0.000894838303793], [-5.52029778191e-05, -0.000620140403043, 0.00150118477177, -0.00092392147053, 0.000636481214315, -0.00168794300407, 0.000947090913542, -0.000402786477935, 0.00077855726704, -0.00047948647989, 0.000870839518029, -0.000885509187356, 0.000522871618159], [-0.000136898263008, 0.00126284663565, -0.00092392147053, 0.00382436532527, -0.00233510718681, 0.00191860983614, -0.00221073860303, 0.00122792948969, -0.00114159588702, 0.00105037505273, -0.000396825897042, 0.00192629487719, -0.00145358545706], [0.000350464135408, -0.00208237045445, 0.000636481214315, -0.00233510718681, 0.00547702424228, -0.0039539928548, 0.00168451061472, -0.00090729520889, -0.000549009128008, -8.87382993824e-05, 0.00222318759188, -0.00179755198769, 0.00150409690104], [-5.45015136595e-05, 0.00256314291619, -0.00168794300407, 0.00191860983614, -0.0039539928548, 0.00868614576757, -0.00323195965029, -0.000305442837998, 5.26642761542e-05, 0.000350646529114, -0.00209873146378, 0.00246793730184, -0.000790852122009], [2.86760696326e-05, -0.00244041532278, 0.000947090913542, -0.00221073860303, 0.00168451061472, -0.00323195965029, 0.00776910874993, -0.00191385124344, 0.00198211148381, -0.00121649855282, -0.000276256905636, -0.000266783230472, 0.000709264189936], [-0.000314259756124, 0.00173368025571, -0.000402786477935, 0.00122792948969, -0.00090729520889, -0.000305442837998, -0.00191385124344, 0.00760619528592, -0.00250855297782, 0.00281662121415, -0.000774885353167, 0.000927989603952, 0.000122134180856], [0.000463733362267, -0.00190938310698, 0.00077855726704, -0.00114159588702, -0.000549009128008, 5.26642761542e-05, 0.00198211148381, -0.00250855297782, 0.0105502326041, -0.00307359173894, 0.00265217269771, -0.00194692157675, 0.00274357711896], [-0.000419637508458, 0.002681334503, -0.00047948647989, 0.00105037505273, -8.87382993824e-05, 0.000350646529114, -0.00121649855282, 0.00281662121415, -0.00307359173894, 0.015113205649, -0.00473790476099, 3.43132742273e-05, 0.00280777225271], [0.000443603727035, -0.00268773641437, 0.000870839518029, -0.000396825897042, 0.00222318759188, -0.00209873146378, -0.000276256905636, -0.000774885353167, 0.00265217269771, -0.00473790476099, 0.0128547875211, -0.00373518117703, -0.000712868466508], [-0.000287110800855, 0.00214802497067, -0.000885509187356, 0.00192629487719, -0.00179755198769, 0.00246793730184, -0.000266783230472, 0.000927989603952, -0.00194692157675, 3.43132742273e-05, -0.00373518117703, 0.0122848907486, -0.00494658527896], [0.000304793618852, -0.000894838303793, 0.000522871618159, -0.00145358545706, 0.00150409690104, -0.000790852122009, 0.000709264189936, 0.000122134180856, 0.00274357711896, 0.00280777225271, -0.000712868466508, -0.00494658527896, 0.0130266156048]]
    },
    "melbands": {
        "dmean": [0.00168559513986, 0.00253221206367, 0.0014919192763, 0.000875366735272, 0.000216851680307, 0.00021107160137, 0.000117265575682, 6.93590554874e-05, 0.00010667785682, 0.000116585826618, 6.90037195454e-05, 2.83152694465e-05, 3.0216664527e-05, 4.62930402136e-05, 2.99796938634e-05, 3.20390863635e-05, 2.13169005292e-05, 1.66526806424e-05, 1.63302756846e-05, 1.68267670233e-05, 2.16661337618e-05, 1.08388057924e-05, 8.12512917037e-06, 8.91116360435e-06, 7.89009664004e-06, 5.103629519e-06, 3.43447072737e-06, 3.1311501516e-06, 2.61312948169e-06, 1.90403773104e-06, 1.52769246142e-06, 1.11852864393e-06, 8.19278511699e-07, 7.22411868992e-07, 1.03731201762e-06, 8.53904623455e-07, 1.0374935755e-06, 8.24320181891e-07, 9.41095436247e-07, 7.76326089635e-07],
        "dmean2": [0.00274642882869, 0.00422739377245, 0.00252933078445, 0.00156249245629, 0.00033959877328, 0.000315315788612, 0.000184060394531, 0.00010865720833, 0.000166641621036, 0.000163059172337, 0.000101383200672, 4.09149906773e-05, 4.48688042525e-05, 6.57622513245e-05, 4.38047318312e-05, 4.84576994495e-05, 3.17061931128e-05, 2.64041573246e-05, 2.54769202002e-05, 2.5893568818e-05, 3.44645341102e-05, 1.61059233506e-05, 1.25040978673e-05, 1.34823094413e-05, 1.22023211588e-05, 7.7711092672e-06, 5.26758685737e-06, 4.79158006783e-06, 3.79194602829e-06, 2.88436785922e-06, 2.35657353187e-06, 1.66763334164e-06, 1.21605535242e-06, 1.03839590793e-06, 1.55204224939e-06, 1.29374188873e-06, 1.55243753852e-06, 1.21546372611e-06, 1.35397647227e-06, 1.1296295952e-06],
        "dvar": [2.55526392721e-05, 3.20061553793e-05, 6.54150335322e-06, 6.55617714074e-06, 1.32591651436e-07, 2.0671929235e-07, 9.49683425233e-08, 2.49518361528e-08, 5.55817862846e-08, 8.30892972203e-08, 3.35778160832e-08, 9.14707420918e-09, 9.95985605101e-09, 2.04568841866e-08, 1.76621739456e-08, 1.55763775211e-08, 2.83374501642e-09, 2.482986039e-09, 1.30943555998e-09, 1.05543340734e-09, 3.16169046499e-09, 4.90820661891e-10, 3.88326149015e-10, 3.46794010175e-10, 5.13997455709e-10, 1.83641310492e-10, 6.73689021236e-11, 5.77965973692e-11, 3.37002196982e-11, 1.70738579525e-11, 1.14383806246e-11, 5.63464292586e-12, 2.56683715082e-12, 1.86627558026e-12, 4.83924705863e-12, 5.40987393771e-12, 1.22095753646e-11, 5.24791148038e-12, 9.48296736275e-12, 7.79313939769e-12],
        "dvar2": [6.52792950859e-05, 8.29641357996e-05, 1.69444938365e-05, 1.79135768121e-05, 3.36179937221e-07, 4.63612650492e-07, 2.26486179145e-07, 5.75052467866e-08, 1.25466016243e-07, 1.51842129981e-07, 6.5592111298e-08, 1.56387702788e-08, 2.20936939854e-08, 4.43691305918e-08, 3.50258275716e-08, 3.63323735542e-08, 6.24634877155e-09, 6.30011953717e-09, 2.9848226113e-09, 2.37104935685e-09, 8.6825107104e-09, 1.05230835157e-09, 8.97591945215e-10, 8.10030209575e-10, 1.28823707257e-09, 4.32783670012e-10, 1.44779632727e-10, 1.31296362671e-10, 7.4431828756e-11, 4.05451297536e-11, 2.80463412911e-11, 1.28317087858e-11, 5.56443563102e-12, 3.98063439849e-12, 1.12834012966e-11, 1.1601434223e-11, 2.60839631144e-11, 1.14779401261e-11, 1.8823703013e-11, 1.73717863011e-11],
        "max": [0.0397708788514, 0.0529871024191, 0.0236827433109, 0.0201695803553, 0.00594603642821, 0.00683351047337, 0.00638564256951, 0.00277004856616, 0.00346072204411, 0.00575068313628, 0.00292178848758, 0.00273526436649, 0.00181380764116, 0.00347117520869, 0.00549073796719, 0.00443971063942, 0.00124435580801, 0.00107563205529, 0.000626202614512, 0.000568482733797, 0.000828051532153, 0.000455499393865, 0.000373971299268, 0.00036987583735, 0.000535837432835, 0.000313513010042, 0.000153357919771, 0.000147569400724, 8.80295046954e-05, 4.65668053948e-05, 4.68465659651e-05, 3.44430081896e-05, 2.06489530683e-05, 1.51967660713e-05, 3.76571624656e-05, 4.21472686867e-05, 6.66041960358e-05, 3.98331685574e-05, 6.24175809207e-05, 5.17683365615e-05],
        "mean": [0.00176700286102, 0.00420398032293, 0.00251321867108, 0.000921777391341, 0.0004306268238, 0.000426500075264, 0.000181531344424, 0.000107623207441, 0.000171295454493, 0.00021711239242, 0.000123125762912, 5.41850749869e-05, 4.56642919744e-05, 7.97284956207e-05, 5.11562175234e-05, 5.54577673029e-05, 3.55026459147e-05, 2.45268947765e-05, 2.43862523348e-05, 2.64248101303e-05, 3.19175851473e-05, 1.98210418603e-05, 1.34820102176e-05, 1.51741951413e-05, 1.22397013911e-05, 8.27855819807e-06, 5.83771861784e-06, 5.07720415044e-06, 4.13964380641e-06, 2.77714570984e-06, 2.16393664232e-06, 1.53689836679e-06, 1.14442627819e-06, 1.00345584997e-06, 1.48688968693e-06, 1.2228772448e-06, 1.4237200503e-06, 1.22351366372e-06, 1.38442237585e-06, 1.20882589272e-06],
        "median": [0.000553916092031, 0.00225093541667, 0.00149448483717, 0.000346680259099, 0.00019722696743, 8.99276055861e-05, 4.51594169135e-05, 2.45928786171e-05, 3.66426720575e-05, 3.00394676742e-05, 2.34872877627e-05, 6.4720352384e-06, 8.19854358269e-06, 1.49316629177e-05, 9.48777324083e-06, 1.54068056872e-05, 1.26138302221e-05, 8.98294183571e-06, 9.36187734624e-06, 1.12445659397e-05, 1.19145306599e-05, 8.57951636135e-06, 4.77437470181e-06, 5.51637140234e-06, 3.5169491639e-06, 2.14833812606e-06, 1.71622502876e-06, 1.55536486091e-06, 1.23603433622e-06, 8.10215567526e-07, 6.91409923093e-07, 4.23163896812e-07, 3.34558194481e-07, 2.85947066914e-07, 3.14110053523e-07, 2.31118136185e-07, 1.55674740654e-07, 1.56455740807e-07, 1.54319991452e-07, 9.86688775129e-08],
        "min": [5.15493923103e-08, 1.99543947588e-07, 4.93899165122e-07, 6.03700129886e-08, 1.22893908383e-07, 4.07400335689e-08, 3.04330853851e-08, 3.59481155954e-08, 7.6296551299e-09, 1.04301633996e-08, 2.53319036858e-08, 1.83532922193e-08, 1.23145813546e-08, 3.69488972751e-08, 1.26723653793e-08, 1.17052367798e-08, 1.70978484704e-08, 2.48135343384e-08, 1.91795557214e-08, 1.19813128308e-08, 2.07607762093e-08, 1.60963988804e-08, 1.69487268664e-08, 6.29997343182e-09, 1.02123074441e-08, 7.30248528313e-09, 4.75730299598e-09, 3.04850100719e-09, 1.35936395473e-09, 1.75611791775e-09, 1.13799836221e-09, 4.22199220029e-10, 6.13671946592e-10, 4.94685237218e-10, 5.91943605244e-10, 2.65123228926e-10, 3.49286571888e-10, 6.50171930183e-11, 2.30842234217e-10, 1.70112632314e-10],
        "stdev": [0.00460907910019, 0.00582021195441, 0.00318920915015, 0.00210265768692, 0.000598096637987, 0.000835381390061, 0.000426129088737, 0.000213492123294, 0.000332611030899, 0.000489040568937, 0.000287269678665, 0.000204659736482, 0.000124660538859, 0.000208522294997, 0.000251919293078, 0.000188723788597, 7.38688977435e-05, 5.772383156e-05, 4.4912321755e-05, 4.46297490271e-05, 6.4148734964e-05, 3.25263026753e-05, 2.55075719906e-05, 2.82393721136e-05, 3.18887832691e-05, 2.15662967094e-05, 1.29738882606e-05, 1.02278927443e-05, 7.58717033023e-06, 4.89349531563e-06, 3.90843888454e-06, 3.00406691167e-06, 2.08967844628e-06, 1.78733478151e-06, 2.81918300971e-06, 3.15242687066e-06, 4.79049595015e-06, 3.44730165125e-06, 5.00762371303e-06, 4.26124870501e-06],
        "var": [2.12436116271e-05, 3.38748650393e-05, 1.01710556919e-05, 4.42116925115e-06, 3.5771961393e-07, 6.97862049037e-07, 1.81586003123e-07, 4.55788864429e-08, 1.10630097083e-07, 2.39160698356e-07, 8.25238686275e-08, 4.18856096474e-08, 1.55402481994e-08, 4.3481549028e-08, 6.34633323671e-08, 3.56166687254e-08, 5.45661382745e-09, 3.3320406434e-09, 2.0171166959e-09, 1.99181449112e-09, 4.11505984843e-09, 1.05796038596e-09, 6.50636267086e-10, 7.97462096358e-10, 1.01689456855e-09, 4.65105148839e-10, 1.68321787064e-10, 1.0460979305e-10, 5.75651540324e-11, 2.39462946e-11, 1.52758951322e-11, 9.024417498e-12, 4.36675565499e-12, 3.19456548888e-12, 7.94779259766e-12, 9.93779451092e-12, 2.29488528874e-11, 1.18838879709e-11, 2.50762969417e-11, 1.81582405362e-11]
    },
    "melbands128": {
