{
"lowlevel": {
    "average_loudness": 0.851405262947,
    "barkbands_crest": {
        "dmean": 2.77791523933,
        "dmean2": 4.35308074951,
        "dvar": 6.91926813126,
        "dvar2": 16.689655304,
        "max": 26.8596248627,
        "mean": 15.1184749603,
        "median": 14.7801094055,
        "min": 3.31099104881,
        "stdev": 5.39871549606,
        "var": 29.1461315155
    },
    "barkbands_flatness_db": {
        "dmean": 0.0344379469752,
        "dmean2": 0.0510614775121,
        "dvar": 0.00133197358809,
        "dvar2": 0.00273739849217,
        "max": 0.628728508949,
        "mean": 0.240778774023,
        "median": 0.23140797019,
        "min": 0.0240714233369,
        "stdev": 0.1180870682,
        "var": 0.013944555074
    },
    "barkbands_kurtosis": {
        "dmean": 7.98823308945,
        "dmean2": 12.5339126587,
        "dvar": 292.067352295,
        "dvar2": 697.73236084,
        "max": 379.590362549,
        "mean": 12.4861469269,
        "median": 4.38423538208,
        "min": -1.95726954937,
        "stdev": 24.5496864319,
        "var": 602.687133789
    },
    "barkbands_skewness": {
        "dmean": 0.888840198517,
        "dmean2": 1.37134599686,
        "dvar": 1.22155845165,
        "dvar2": 3.06333756447,
        "max": 12.4765853882,
        "mean": 1.90241324902,
        "median": 1.68650889397,
        "min": -7.22172784805,
        "stdev": 2.07747721672,
        "var": 4.31591176987
    },
    "barkbands_spread": {
        "dmean": 4.88594675064,
        "dmean2": 7.4409327507,
        "dvar": 57.1421394348,
        "dvar2": 116.371070862,
        "max": 78.3840408325,
        "mean": 14.2135906219,
        "median": 10.2623958588,
        "min": 0.0958430543542,
        "stdev": 13.0541238785,
        "var": 170.41015625
    },
    "dissonance": {
        "dmean": 0.0328395552933,
        "dmean2": 0.0547643043101,
        "dvar": 0.00160457729362,
        "dvar2": 0.00454685930163,
        "max": 0.499964624643,
        "mean": 0.432863384485,
        "median": 0.450823307037,
        "min": 0.105276063085,
        "stdev": 0.0609562844038,
        "var": 0.00371566857211
    },
    "dynamic_complexity": 3.44039845467,
    "erbbands_crest": {
        "dmean": 3.27410006523,
        "dmean2": 4.91414117813,
        "dvar": 12.6680650711,
        "dvar2": 26.3819332123,
        "max": 33.9794387817,
        "mean": 15.8173418045,
        "median": 13.5106601715,
        "min": 2.57246184349,
        "stdev": 9.4397983551,
        "var": 89.1097946167
    },
    "erbbands_flatness_db": {
        "dmean": 0.0266174804419,
        "dmean2": 0.0379952378571,
        "dvar": 0.00096188345924,
        "dvar2": 0.00183496566024,
        "max": 0.605974495411,
        "mean": 0.2234621346,
        "median": 0.198184967041,
        "min": 0.0522977970541,
        "stdev": 0.123446494341,
        "var": 0.015239036642
    },
    "erbbands_kurtosis": {
        "dmean": 3.62973976135,
        "dmean2": 5.26670503616,
        "dvar": 50.2162704468,
        "dvar2": 107.052810669,
        "max": 107.933479309,
        "mean": 5.07718420029,
        "median": 0.20140182972,
        "min": -1.86104917526,
        "stdev": 11.6970615387,
        "var": 136.821243286
    },
    "erbbands_skewness": {
        "dmean": 0.534771561623,
        "dmean2": 0.787664592266,
        "dvar": 0.403351604939,
        "dvar2": 0.796366989613,
        "max": 7.39255285263,
        "mean": 0.588059902191,
        "median": 0.362177997828,
        "min": -6.7130651474,
        "stdev": 1.28398370743,
        "var": 1.64861428738
    },
    "erbbands_spread": {
        "dmean": 7.34767055511,
        "dmean2": 10.9870729446,
        "dvar": 64.092956543,
        "dvar2": 134.06427002,
        "max": 133.745117188,
        "mean": 30.2813072205,
        "median": 30.4837722778,
        "min": 0.280852943659,
        "stdev": 20.3931121826,
        "var": 415.878997803
    },
    "hfc": {
        "dmean": 6.12354850769,
        "dmean2": 8.39094543457,
        "dvar": 173.247665405,
        "dvar2": 397.420501709,
        "max": 193.957717896,
        "mean": 13.395772934,
        "median": 7.67929458618,
        "min": 1.07638663919e-16,
        "stdev": 17.009147644,
        "var": 289.311126709
    },
    "loudness_ebu128": {
        "integrated": -11.3478860855,
        "loudness_range": 3.89352798462,
        "momentary": {
            "dmean": 0.650936543941,
            "dmean2": 0.693512380123,
            "dvar": 0.381449341774,
            "dvar2": 0.365298330784,
            "max": -6.49558067322,
            "mean": -12.8914012909,
            "median": -12.0867118835,
            "min": -32.6088485718,
            "stdev": 4.52112197876,
            "var": 20.4405422211
        },
        "short_term": {
            "dmean": 0.114680871367,
            "dmean2": 0.0854957923293,
            "dvar": 0.0236109346151,
            "dvar2": 0.0131143527105,
            "max": -8.63809394836,
            "mean": -11.8767089844,
            "median": -11.7954530716,
            "min": -25.4123287201,
            "stdev": 2.19123768806,
            "var": 4.80152273178
        }
    },
    "melbands_crest": {
        "dmean": 2.83097147942,
        "dmean2": 4.64595794678,
        "dvar": 7.38473415375,
        "dvar2": 19.9762020111,
        "max": 33.3988647461,
        "mean": 18.0086326599,
        "median": 18.1873550415,
        "min": 2.07715606689,
        "stdev": 5.25048589706,
        "var": 27.5676021576
    },
    "melbands_flatness_db": {
        "dmean": 0.0369985848665,
        "dmean2": 0.054378554225,
        "dvar": 0.00160307832994,
        "dvar2": 0.00319747091271,
        "max": 0.711795091629,
        "mean": 0.313762098551,
        "median": 0.316117346287,
        "min": 0.00489055272192,
        "stdev": 0.123620025814,
        "var": 0.0152819100767
    },
    "melbands_kurtosis": {
        "dmean": 11.3827075958,
        "dmean2": 17.9259128571,
        "dvar": 344.852203369,
        "dvar2": 836.657287598,
        "max": 333.273376465,
        "mean": 22.4751491547,
        "median": 11.6600666046,
        "min": -1.91872775555,
        "stdev": 29.8105545044,
        "var": 888.669189453
    },
    "melbands_skewness": {
        "dmean": 0.987452864647,
        "dmean2": 1.51190042496,
        "dvar": 1.03191184998,
        "dvar2": 2.50621294975,
        "max": 13.1541366577,
        "mean": 2.70930552483,
        "median": 2.59336948395,
        "min": -6.71159887314,
        "stdev": 2.64479446411,
        "var": 6.99493837357
    },
    "melbands_spread": {
        "dmean": 5.0132060051,
        "dmean2": 7.98816251755,
        "dvar": 97.0304718018,
        "dvar2": 210.912719727,
        "max": 142.862548828,
        "mean": 13.5369186401,
        "median": 10.4352741241,
        "min": 0.34071880579,
        "stdev": 13.8712520599,
        "var": 192.411621094
    },
    "pitch_salience": {
        "dmean": 0.0693451538682,
        "dmean2": 0.112602822483,
        "dvar": 0.00434915348887,
        "dvar2": 0.0112504642457,
        "max": 0.794033288956,
        "mean": 0.407027810812,
        "median": 0.416811794043,
        "min": 0.0360366255045,
        "stdev": 0.130859985948,
        "var": 0.0171243362129
    },
    "silence_rate_20dB": {
        "dmean": 0,
        "dmean2": 0,
        "dvar": 0,
        "dvar2": 0,
        "max": 1,
        "mean": 1,
        "median": 1,
        "min": 1,
        "stdev": 0,
        "var": 0
    },
    "silence_rate_30dB": {
        "dmean": 0.0370942801237,
        "dmean2": 0.0742268040776,
        "dvar": 0.0357185937464,
        "dvar2": 0.0821185708046,
        "max": 1,
        "mean": 0.96240991354,
        "median": 1,
        "min": 0,
        "stdev": 0.190201163292,
        "var": 0.0361764803529
    },
    "silence_rate_60dB": {
        "dmean": 0.0170015450567,
        "dmean2": 0.0340206176043,
        "dvar": 0.0167129579931,
        "dvar2": 0.0359561853111,
        "max": 1,
        "mean": 0.0767250284553,
        "median": 0,
        "min": 0,
        "stdev": 0.266160279512,
        "var": 0.0708412900567
    },
    "spectral_centroid": {
        "dmean": 235.72718811,
        "dmean2": 367.110290527,
        "dvar": 166184.328125,
        "dvar2": 328845.90625,
        "max": 11884.8447266,
        "mean": 1035.97070312,
        "median": 831.444213867,
        "min": 166.522735596,
        "stdev": 724.889709473,
        "var": 525465.125
    },
    "spectral_complexity": {
        "dmean": 2.88408041,
        "dmean2": 4.46804141998,
        "dvar": 18.1631946564,
        "dvar2": 37.2870483398,
        "max": 49,
        "mean": 11.1900100708,
        "median": 10,
        "min": 0,
        "stdev": 6.93908405304,
        "var": 48.1508903503
    },
    "spectral_decrease": {
        "dmean": 3.05056135907e-09,
        "dmean2": 4.63865834632e-09,
        "dvar": 2.45895500929e-17,
        "dvar2": 6.05007973304e-17,
        "max": -9.98665017747e-31,
        "mean": -7.96964538807e-09,
        "median": -5.87227511062e-09,
        "min": -5.33411537162e-08,
        "stdev": 7.67678898228e-09,
        "var": 5.89330849288e-17
    },
    "spectral_energy": {
        "dmean": 0.0119586773217,
        "dmean2": 0.0181051921099,
        "dvar": 0.000361679121852,
        "dvar2": 0.000885313434992,
        "max": 0.202885776758,
        "mean": 0.0312943011522,
        "median": 0.0233620479703,
        "min": 1.05550023308e-20,
        "stdev": 0.0296338517219,
        "var": 0.000878165126778
    },
    "spectral_energyband_high": {
        "dmean": 0.000217427761527,
        "dmean2": 0.00033053488005,
        "dvar": 5.69782343973e-07,
        "dvar2": 1.38888674428e-06,
        "max": 0.013197937049,
        "mean": 0.000342751241988,
        "median": 2.64786340267e-05,
        "min": 7.42918292336e-21,
        "stdev": 0.000860162370373,
        "var": 7.39879283174e-07
    },
    "spectral_energyband_low": {
        "dmean": 0.0089994398877,
        "dmean2": 0.0147160366178,
        "dvar": 0.000345345470123,
        "dvar2": 0.000886332883965,
        "max": 0.193861618638,
        "mean": 0.0193096045405,
        "median": 0.011965142563,
        "min": 8.51500184519e-23,
        "stdev": 0.0254548061639,
        "var": 0.000647947133984
    },
    "spectral_energyband_middle_high": {
        "dmean": 0.00114141544327,
        "dmean2": 0.00170112692285,
        "dvar": 1.15424345495e-05,
        "dvar2": 2.53157177212e-05,
        "max": 0.05023040995,
        "mean": 0.00228601042181,
        "median": 0.00100021064281,
        "min": 1.59342360082e-21,
        "stdev": 0.00447426876053,
        "var": 2.00190806936e-05
    },
    "spectral_energyband_middle_low": {
        "dmean": 0.00382926710881,
        "dmean2": 0.00463645951822,
        "dvar": 4.56785528513e-05,
        "dvar2": 5.69521216676e-05,
        "max": 0.123500280082,
        "mean": 0.00995363853872,
        "median": 0.004656648729,
        "min": 2.15199715088e-22,
        "stdev": 0.0149778071791,
        "var": 0.000224334711675
    },
    "spectral_entropy": {
        "dmean": 0.232090860605,
        "dmean2": 0.342489123344,
        "dvar": 0.0767461061478,
        "dvar2": 0.153063580394,
        "max": 9.81592273712,
        "mean": 6.99147558212,
        "median": 7.07021045685,
        "min": 3.59082388878,
        "stdev": 0.948387861252,
        "var": 0.899439573288
    },
    "spectral_flux": {
        "dmean": 0.0261274315417,
        "dmean2": 0.0438675396144,
        "dvar": 0.0011826880509,
        "dvar2": 0.00312137976289,
        "max": 0.347275644541,
        "mean": 0.0657836124301,
        "median": 0.05592918396,
        "min": 6.94888938058e-11,
        "stdev": 0.0458910986781,
        "var": 0.00210599298589
    },
    "spectral_kurtosis": {
        "dmean": 7.08057260513,
        "dmean2": 11.6957712173,
        "dvar": 180.410598755,
        "dvar2": 475.338409424,
        "max": 225.552886963,
        "mean": 15.0226240158,
        "median": 6.25724840164,
        "min": -1.23063611984,
        "stdev": 26.8007564545,
        "var": 718.280578613
    },
    "spectral_rms": {
        "dmean": 0.000939263962209,
        "dmean2": 0.00138587632682,
        "dvar": 1.31629474254e-06,
        "dvar2": 3.010082537e-06,
        "max": 0.0140690207481,
        "mean": 0.00496545061469,
        "median": 0.00477412156761,
        "min": 3.20898169148e-12,
        "stdev": 0.00242390995845,
        "var": 5.87533895668e-06
    },
    "spectral_rolloff": {
        "dmean": 326.315368652,
        "dmean2": 562.606445312,
        "dvar": 701839.0625,
        "dvar2": 1565923,
        "max": 18604.6875,
        "mean": 871.322570801,
        "median": 667.529296875,
        "min": 86.1328125,
        "stdev": 1145.14660645,
        "var": 1311360.75
    },
    "spectral_skewness": {
        "dmean": 0.534339725971,
        "dmean2": 0.88617670536,
        "dvar": 0.558865010738,
        "dvar2": 1.56562304497,
        "max": 11.3969497681,
        "mean": 2.25260233879,
        "median": 1.81114208698,
        "min": -0.0673122555017,
        "stdev": 1.48783659935,
        "var": 2.21365785599
    },
    "spectral_spread": {
        "dmean": 606268.375,
        "dmean2": 902534.125,
        "dvar": 1.17992862515e+12,
        "dvar2": 1.70222918042e+12,
        "max": 41477884,
        "mean": 3634086,
        "median": 3031579,
        "min": 296298.625,
        "stdev": 2454846.25,
        "var": 6.02627060531e+12
    },
    "spectral_strongpeak": {
        "dmean": 0.563607752323,
        "dmean2": 0.875415146351,
        "dvar": 1.22021996975,
        "dvar2": 2.59429836273,
        "max": 15.2128095627,
        "mean": 1.20725870132,
        "median": 0.455116331577,
        "min": 0,
        "stdev": 1.6754899025,
        "var": 2.80726647377
    },
    "zerocrossingrate": {
        "dmean": 0.0084320968017,
        "dmean2": 0.0100009562448,
        "dvar": 0.000214748259168,
        "dvar2": 0.000370169291273,
        "max": 0.4990234375,
        "mean": 0.0404833443463,
        "median": 0.03076171875,
        "min": 0.00341796875,
        "stdev": 0.0343285389245,
        "var": 0.00117844855413
    },
    "barkbands": {
        "dmean": [0.000404761813115, 0.00749617582187, 0.00210627634078, 0.000652272370644, 0.000373330956791, 0.000313549913699, 0.000151213098434, 8.01497371867e-05, 0.00325067061931, 0.000394920905819, 0.000108130720037, 3.86347237509e-05, 0.000144457022543, 7.39449096727e-05, 5.6166016293e-05, 5.06856340508e-05, 3.62191094609e-05, 7.34885034035e-05, 0.000516083091497, 5.57350103918e-05, 3.61882230209e-05, 3.59268196917e-05, 2.77998733509e-05, 4.26414990216e-05, 3.95284951082e-05, 2.85768255708e-05, 3.21037191497e-06],
        "dmean2": [0.000625883112662, 0.012192260474, 0.00354463211261, 0.00111486681271, 0.000651572598144, 0.000440106960014, 0.000236462903558, 0.00013048517576, 0.00363842607476, 0.000541265530046, 0.000169267514138, 6.52513263049e-05, 0.00023829449492, 0.000127559120301, 9.63646743912e-05, 8.75451441971e-05, 6.18430058239e-05, 0.000129283129354, 0.000801972404588, 9.16787612368e-05, 5.71675227548e-05, 5.65738191654e-05, 4.28351449955e-05, 7.2633032687e-05, 5.83060791541e-05, 4.49312610726e-05, 5.54109374207e-06],
        "dvar": [1.40095005463e-06, 0.000283633416984, 1.32185514303e-05, 9.21907826523e-07, 4.67094736223e-07, 1.2437976693e-07, 3.41401928949e-08, 1.12578311118e-08, 4.69228434667e-05, 2.44133525484e-06, 2.2359568419e-08, 5.15779152721e-09, 4.13076683969e-08, 1.59505191277e-08, 5.52748735672e-09, 1.06297655122e-08, 5.16135578721e-09, 6.88365560109e-08, 7.07860181137e-06, 2.74581761772e-08, 1.14495319892e-08, 1.02950545866e-08, 7.02063829294e-09, 2.56191636794e-08, 2.79569007944e-08, 1.6126239899e-08, 4.63114602223e-10],
        "dvar2": [2.8055067105e-06, 0.000742556003388, 3.96462637582e-05, 2.46363765655e-06, 1.33503510824e-06, 2.38999689373e-07, 7.51123252485e-08, 2.86290031681e-08, 5.67701608816e-05, 4.17712908529e-06, 5.25084438152e-08, 1.36085738234e-08, 1.07539413818e-07, 4.38877556519e-08, 1.43644474093e-08, 2.83292642678e-08, 1.37636169129e-08, 1.96171512812e-07, 1.634221735e-05, 6.67603785587e-08, 2.78446474766e-08, 2.17338183006e-08, 1.64234439382e-08, 6.89811656684e-08, 7.1850230654e-08, 3.95942763021e-08, 1.21451670942e-09],
        "max": [0.0136620122939, 0.172197163105, 0.0447253882885, 0.0130737442523, 0.00692125642672, 0.00685703707859, 0.00214734813198, 0.00121074868366, 0.121585778892, 0.0442584231496, 0.0020694648847, 0.00138077395968, 0.00316908094101, 0.00141391064972, 0.00109830370639, 0.00135651300661, 0.000764103489928, 0.00344715244137, 0.0468966700137, 0.00204138597474, 0.00157401314937, 0.00143338064663, 0.00139072863385, 0.002508176025, 0.00338398944587, 0.0018886947073, 0.000363137660315],
        "mean": [0.000567279872485, 0.0134872803465, 0.00468525011092, 0.00134177110158, 0.000580755528063, 0.000697049661539, 0.000301852909615, 0.000130308093503, 0.00685206241906, 0.000918226782233, 0.000164868222782, 5.90401759837e-05, 0.000211773396586, 0.000108232881757, 9.32855036808e-05, 8.49011848914e-05, 5.7251763792e-05, 8.68467323016e-05, 0.000484565476654, 8.14882878331e-05, 5.88192633586e-05, 5.74559016968e-05, 4.34838439105e-05, 5.11599755555e-05, 5.27490337845e-05, 3.4243807022e-05, 2.31922626881e-06],
        "median": [3.66120111721e-05, 0.00607568817213, 0.00273820850998, 0.000841783359647, 0.000336865487043, 0.000505869975314, 0.000206163851544, 8.98204889381e-05, 0.000885636894964, 0.000114923168439, 0.000101008990896, 3.14566932502e-05, 0.000133006542455, 6.74051334499e-05, 6.85668201186e-05, 5.42814268556e-05, 3.10590621666e-05, 2.90046646114e-05, 3.55677439074e-05, 1.02844942376e-05, 7.34799505153e-06, 2.99232124235e-06, 2.78310767499e-06, 2.93105222227e-06, 8.18240778244e-07, 1.70843534875e-07, 1.16060061561e-09],
        "min": [8.21908891782e-24, 2.65411304929e-23, 9.37855273201e-24, 3.44313330441e-24, 3.32886869555e-23, 2.02346088073e-23, 3.69771449574e-23, 2.3844428421e-23, 1.54431402442e-23, 3.19043275747e-23, 6.18481464734e-23, 1.47150427702e-22, 1.10103588461e-22, 8.72340816784e-23, 6.49526864778e-23, 1.26437439442e-22, 1.95297499134e-22, 2.23196114094e-22, 1.63563631779e-22, 2.34401801211e-22, 3.51407215774e-22, 4.94859034411e-22, 3.72815739538e-22, 8.10733885043e-22, 1.19419909534e-21, 1.46191036526e-21, 2.32697558733e-21],
        "stdev": [0.00167095498182, 0.0220081005245, 0.00570444017649, 0.00153448386118, 0.000764914846513, 0.000708814535756, 0.000300528248772, 0.000140693882713, 0.0144057804719, 0.00315920612775, 0.000213065533899, 8.30186327221e-05, 0.000253664242337, 0.000135173642775, 9.25605709199e-05, 0.00011215138511, 7.95517044025e-05, 0.000213781910134, 0.0025909524411, 0.000187962083146, 0.000127159146359, 0.000133308683871, 0.000102733225503, 0.000156275797053, 0.000173776905285, 0.000126513608848, 1.83526408364e-05],
        "var": [2.79209052678e-06, 0.000484356452944, 3.25406399497e-05, 2.35464062825e-06, 5.85094710459e-07, 5.02418060933e-07, 9.03172221456e-08, 1.97947702674e-08, 0.00020752652199, 9.98058385449e-06, 4.53969200009e-08, 6.89209311844e-09, 6.43455422278e-08, 1.82719155362e-08, 8.56745963063e-09, 1.25779333615e-08, 6.32847330095e-09, 4.57027020673e-08, 6.71303450872e-06, 3.53297444633e-08, 1.61694497791e-08, 1.77712049521e-08, 1.05541149154e-08, 2.44221229906e-08, 3.0198410883e-08, 1.60056945475e-08, 3.368194057e-10]
    },
    "erbbands": {
        "dmean": [0.174156308174, 1.84554648399, 3.15145277977, 1.75263249874, 1.92484986782, 1.11618030071, 1.50388562679, 2.75388407707, 1.95281934738, 2.6461417675, 15.3774747849, 90.3659362793, 7.28672885895, 14.5869121552, 3.78672337532, 2.16347980499, 6.59658718109, 3.42002439499, 3.0738503933, 2.49752998352, 3.04525351524, 1.91000163555, 4.08028268814, 35.877243042, 6.0657544136, 2.67637348175, 1.87268674374, 1.36858153343, 1.24379682541, 1.01071381569, 0.840328514576, 0.899770319462, 0.659949719906, 0.429415464401, 0.30795660615, 0.144677549601, 0.0472431108356, 0.0118314456195, 0.000374022114556, 2.10661673918e-05],
        "dmean2": [0.301992416382, 2.93520712852, 5.15419197083, 2.86673140526, 3.38591837883, 1.92474079132, 2.1668753624, 4.05287075043, 3.03269863129, 4.11074829102, 18.0353431702, 100.943832397, 9.34885978699, 19.4731521606, 5.86144065857, 3.56320142746, 10.878903389, 5.91719818115, 5.14700937271, 4.24237346649, 5.34612941742, 3.21480917931, 6.47180700302, 55.3855743408, 9.67088508606, 4.39064598083, 3.09339237213, 2.14411568642, 1.9979404211, 1.59055292606, 1.35602450371, 1.50022411346, 1.10860848427, 0.65268611908, 0.443804770708, 0.218136057258, 0.0762027800083, 0.0199814308435, 0.000632888928521, 3.25756955135e-05],
        "dvar": [0.204867839813, 16.4032993317, 29.7944297791, 6.79619455338, 10.8042964935, 3.9107978344, 2.99159002304, 10.3680028915, 7.61800813675, 11.9104633331, 928.671630859, 37479.5117188, 173.299301147, 3397.24145508, 30.7969875336, 9.8897819519, 89.0787734985, 34.249458313, 19.471862793, 14.5975427628, 32.9207839966, 18.0793190002, 213.950363159, 36951, 400.726989746, 65.4705352783, 39.4099731445, 11.8364553452, 12.390627861, 8.03591632843, 7.83226823807, 9.67724895477, 6.98096847534, 2.34173130989, 1.93257689476, 0.261856883764, 0.0732205957174, 0.00601975806057, 6.47481465421e-06, 3.18424486778e-09],
        "dvar2": [0.635044038296, 39.8374252319, 83.1853713989, 16.2939529419, 34.045879364, 10.764749527, 6.32894277573, 22.5478744507, 16.9461593628, 27.0641880035, 1234.83325195, 44611.0625, 272.577423096, 5804.17285156, 65.5537338257, 25.9007091522, 229.923080444, 96.2230072021, 48.9123573303, 37.5169754028, 90.9977416992, 47.5928153992, 523.183166504, 85829.8203125, 981.657043457, 164.808944702, 102.498710632, 24.5139122009, 26.7122192383, 17.926782608, 20.1910648346, 25.5612564087, 18.8895339966, 6.15794754028, 4.87019348145, 0.507850050926, 0.19931024313, 0.0160501934588, 1.72526179085e-05, 8.3624538405e-09],
        "max": [4.67451190948, 44.4853744507, 62.1133728027, 31.5273475647, 37.1266555786, 22.41771698, 33.7094993591, 52.4638519287, 34.3460960388, 48.6456985474, 535.976623535, 3423.22290039, 232.266845703, 1674.2520752, 83.8987579346, 43.4787940979, 138.962646484, 66.6612014771, 67.3241195679, 43.8656311035, 72.1250686646, 45.6125831604, 234.328140259, 3378.89013672, 284.85345459, 106.291488647, 91.3515472412, 51.5712738037, 54.944480896, 33.9384307861, 46.5187606812, 50.8509292603, 40.8594703674, 29.5734367371, 26.7029819489, 5.70855569839, 4.47587347031, 1.37827658653, 0.0453893467784, 0.000928105670027],
        "mean": [0.255690634251, 3.41072583199, 6.74675893784, 4.34230518341, 3.34258198738, 1.76458847523, 3.37304520607, 5.85710668564, 3.86887049675, 5.50881099701, 33.86951828, 188.188323975, 17.1084594727, 34.3116416931, 7.00209236145, 3.98890733719, 9.79013633728, 5.31673002243, 5.31414365768, 4.30463027954, 5.02623701096, 3.21446800232, 5.21529626846, 33.0502090454, 6.80498933792, 3.8479218483, 2.83155894279, 2.23672366142, 1.96997141838, 1.6054649353, 1.22446358204, 1.15046834946, 0.787166178226, 0.54395544529, 0.407707363367, 0.193891003728, 0.0501432307065, 0.00997855979949, 0.000308342801873, 4.32368906331e-05],
        "median": [0.080453582108, 1.54731619358, 4.22742652893, 2.83841657639, 2.36980628967, 1.0574131012, 2.50141191483, 4.29149341583, 2.40664625168, 3.96122789383, 6.53792667389, 22.8674449921, 6.38245582581, 4.91589546204, 4.33900260925, 2.8433971405, 6.19511795044, 3.27918100357, 3.74777936935, 3.16154003143, 3.27596569061, 1.78451061249, 1.67383694649, 2.22452163696, 1.2951464653, 0.543674588203, 0.352370798588, 0.256932228804, 0.126479685307, 0.0813796371222, 0.0905280411243, 0.0799978971481, 0.0280126668513, 0.0119542703032, 0.00357280438766, 0.00119873683434, 0.000191514263861, 1.5263673049e-05, 1.90344944713e-05, 2.96212147077e-05],
        "min": [1.85108480805e-21, 2.65326340191e-21, 1.02349278623e-20, 1.80204656866e-20, 7.29471453659e-20, 6.81477852907e-20, 1.96493536262e-19, 1.42299712756e-19, 4.5750904731e-19, 5.20353732457e-19, 7.57299360429e-19, 5.54801617368e-19, 9.03375527498e-19, 1.96590143203e-18, 3.22794226634e-18, 5.13109439749e-18, 4.85702299077e-18, 4.80050752978e-18, 3.44099442042e-18, 4.84735407659e-18, 8.54899104007e-18, 1.1191919124e-17, 1.25112556574e-17, 8.01287212402e-18, 1.30242871354e-17, 1.06207972331e-17, 1.40132617942e-17, 1.40895840949e-17, 1.73242308669e-17, 1.36033483057e-17, 1.12726172102e-17, 1.44642770601e-17, 1.45595368338e-17, 1.36515530831e-17, 7.57512897104e-18, 5.14376101421e-18, 2.65525783131e-18, 1.39763651962e-18, 3.19171180721e-19, 2.84800417477e-20],
        "stdev": [0.489831060171, 5.47034502029, 7.6798915863, 4.82748889923, 3.70999312401, 2.32511329651, 3.23112368584, 5.8815946579, 4.40965604782, 5.41013717651, 66.1200332642, 400.773071289, 26.0590419769, 118.056121826, 8.90334892273, 3.95583081245, 11.6760845184, 6.30838489532, 5.54521846771, 4.51809358597, 6.24193000793, 4.65321302414, 13.8851289749, 186.096374512, 19.6504478455, 8.83350944519, 6.61811828613, 4.67525196075, 4.55059337616, 3.69874739647, 3.01662659645, 3.18268322945, 2.577511549, 1.59653198719, 1.45264923573, 0.619282066822, 0.233401730657, 0.0666423365474, 0.00215038890019, 5.68104514969e-05],
        "var": [0.239934459329, 29.9246749878, 58.9807319641, 23.3046474457, 13.7640485764, 5.40615224838, 10.4401607513, 34.5931549072, 19.445066452, 29.2695827484, 4371.85888672, 160619.0625, 679.073669434, 13937.2480469, 79.2696151733, 15.6485967636, 136.330947876, 39.7957229614, 30.7494468689, 20.4131698608, 38.9616889954, 21.6523895264, 192.796813965, 34631.8632812, 386.140075684, 78.0308914185, 43.7994880676, 21.8579807281, 20.7078990936, 13.6807327271, 9.10003566742, 10.1294727325, 6.64356565475, 2.54891443253, 2.1101899147, 0.383510291576, 0.054476365447, 0.0044412012212, 4.62417256131e-06, 3.22742743641e-09]
    },
    "gfcc": {
        "mean": [-79.6726150513, 135.699859619, -119.874679565, 25.0807037354, -39.4976348877, 13.2902898788, -15.6555919647, 14.8244447708, -12.9633264542, -0.499690383673, -10.6611394882, -14.1034240723, -7.58625221252],
        "cov": [[17098.3574219, -3038.41943359, 3494.59692383, 2980.65380859, -2579.30078125, 1060.78186035, -1201.1229248, 1627.4765625, -166.069198608, -285.593017578, -993.547973633, 1033.14318848, -795.315002441], [-3038.41943359, 3264.33447266, -488.449707031, -358.896118164, 890.001281738, -426.461639404, 677.141479492, -373.19342041, 683.312072754, -306.072906494, 506.611450195, -455.948974609, 357.254241943], [3494.59692383, -488.449707031, 1322.24963379, 838.622924805, -454.927764893, 326.40411377, -212.942825317, 425.511260986, 41.8709182739, -105.345108032, -217.746246338, 264.096221924, -176.667800903], [2980.65380859, -358.896118164, 838.622924805, 1001.46697998, -398.69229126, 204.157958984, -312.384429932, 265.601287842, 50.8483390808, -75.4665908813, -61.1312828064, 203.698806763, -145.105987549], [-2579.30078125, 890.001281738, -454.927764893, -398.69229126, 707.045593262, -138.949249268, 292.03314209, -272.340148926, 88.5660858154, 9.18045902252, 250.878829956, -190.517562866, 151.346160889], [1060.78186035, -426.461639404, 326.40411377, 204.157958984, -138.949249268, 255.088104248, -43.0218887329, 122.532363892, -79.7297134399, -9.92248535156, -86.9085006714, 120.181106567, -47.5640602112], [-1201.1229248, 677.141479492, -212.942825317, -312.384429932, 292.03314209, -43.0218887329, 393.205200195, -82.9650878906, 116.382003784, -96.9602279663, 78.2870407104, -136.951690674, 108.901847839], [1627.4765625, -373.19342041, 425.511260986, 265.601287842, -272.340148926, 122.532363892, -82.9650878906, 298.921264648, -11.5989942551, -35.2159843445, -115.936500549, 78.1510391235, -113.740486145], [-166.069198608, 683.312072754, 41.8709182739, 50.8483390808, 88.5660858154, -79.7297134399, 116.382003784, -11.5989942551, 311.782867432, -39.2779655457, 91.5098190308, -80.311340332, 49.1486816406], [-285.593017578, -306.072906494, -105.345108032, -75.4665908813, 9.18045902252, -9.92248535156, -96.9602279663, -35.2159843445, -39.2779655457, 167.747207642, -6.70376396179, 20.699300766, -35.4676246643], [-993.547973633, 506.611450195, -217.746246338, -61.1312828064, 250.878829956, -86.9085006714, 78.2870407104, -115.936500549, 91.5098190308, -6.70376396179, 218.895050049, -59.9337272644, 75.6528701782], [1033.14318848, -455.948974609, 264.096221924, 203.698806763, -190.517562866, 120.181106567, -136.951690674, 78.1510391235, -80.311340332, 20.699300766, -59.9337272644, 216.500549316, -19.1425628662], [-795.315002441, 357.254241943, -176.667800903, -145.105987549, 151.346160889, -47.5640602112, 108.901847839, -113.740486145, 49.1486816406, -35.4676246643, 75.6528701782, -19.1425628662, 140.149047852]],
        "icov": [[0.000345311738783, -0.000231952377362, 7.95173109509e-05, -0.000446550635388, 0.000430795596913, -0.000328272377374, 0.000158169845236, -0.000659391458612, 3.20744438795e-05, 0.000156451176736, 0.000644195300993, -0.000690730696078, 0.000540323206224], [-0.000231952377362, 0.0023219238501, -0.000763872347306, 0.000367119326256, -0.000952943577431, 0.00153577211313, -0.000783139374107, 0.00137680675834, -0.00246555311605, 0.00223801168613, -0.00213682255708, 0.00203111581504, -0.00167980964761], [7.95173109509e-05, -0.000763872347306, 0.00392139190808, -0.00183227914385, -0.00127872801386, -0.00167135882657, 0.000594559358433, -0.00268939160742, -0.000954392191488, 0.000815430947114, 0.00362991984002, -0.00316959689371, 0.00176226708572], [-0.000446550635388, 0.000367119326256, -0.00183227914385, 0.00444025034085, 0.000122866171296, -0.00074602040695, 0.00230993260629, 0.00156088999938, -0.001207357971, 0.00200468115509, -0.00335225695744, 0.000881526211742, 0.00076435826486], [0.000430795596913, -0.000952943577431, -0.00127872801386, 0.000122866171296, 0.00616601202637, -0.000904718122911, -0.00211415439844, 0.00144091865513, 0.00247334199958, -0.0028711061459, -0.00359037541784, 0.00163296191022, -0.000197217654204], [-0.000328272377374, 0.00153577211313, -0.00167135882657, -0.00074602040695, -0.000904718122911, 0.0093960147351, -0.00340477889404, 0.00031343739829, 0.00101251981687, -0.000517871521879, -0.000787408382166, -0.000684514467139, -0.00174570060335], [0.000158169845236, -0.000783139374107, 0.000594559358433, 0.00230993260629, -0.00211415439844, -0.00340477889404, 0.00888129882514, -0.00182594743092, -0.00220314203762, 0.00437001977116, 0.00194843218196, 0.000276906532235, -0.000355897820555], [-0.000659391458612, 0.00137680675834, -0.00268939160742, 0.00156088999938, 0.00144091865513, 0.00031343739829, -0.00182594743092, 0.0110316993669, -0.0011452366598, 0.00146235292777, -0.00315183820203, 0.00261899433099, 0.00272734859027], [3.20744438795e-05, -0.00246555311605, -0.000954392191488, -0.001207357971, 0.00247334199958, 0.00101251981687, -0.00220314203762, -0.0011452366598, 0.00942873954773, -0.00548541545868, -0.000922810519114, 0.00121743511409, -0.00156132446136], [0.000156451176736, 0.00223801168613, 0.000815430947114, 0.00200468115509, -0.0028711061459, -0.000517871521879, 0.00437001977116, 0.00146235292777, -0.00548541545868, 0.0145739000291, -0.000133250316139, -0.00199159770273, 0.00441404199228], [0.000644195300993, -0.00213682255708, 0.00362991984002, -0.00335225695744, -0.00359037541784, -0.000787408382166, 0.00194843218196, -0.00315183820203, -0.000922810519114, -0.000133250316139, 0.0150871509686, -0.0052494360134, 0.00117444351781], [-0.000690730696078, 0.00203111581504, -0.00316959689371, 0.000881526211742, 0.00163296191022, -0.000684514467139, 0.000276906532235, 0.00261899433099, 0.00121743511409, -0.00199159770273, -0.0052494360134, 0.0147267812863, -0.00835128221661], [0.000540323206224, -0.00167980964761, 0.00176226708572, 0.00076435826486, -0.000197217654204, -0.00174570060335, -0.000355897820555, 0.00272734859027, -0.00156132446136, 0.00441404199228, 0.00117444351781, -0.00835128221661, 0.0194967873394]]
    },
    "melbands": {
        "dmean": [0.00184794247616, 0.00182783813216, 0.000306512403768, 9.70166001935e-05, 5.08151570102e-05, 6.08700393059e-05, 2.94686142297e-05, 2.60920714936e-05, 0.000264187750872, 0.000487089477247, 2.0433226382e-05, 6.36007389403e-05, 1.56515543495e-05, 4.31389617006e-06, 1.51408839884e-05, 9.27145993046e-06, 6.83298503645e-06, 5.35939352631e-06, 3.78017898583e-06, 3.26146641783e-06, 3.82612961403e-06, 2.10235680242e-06, 1.61335788107e-06, 6.15135559201e-06, 3.53347350028e-05, 4.4528746912e-06, 2.43890417551e-06, 1.61900175044e-06, 1.38713687647e-06, 8.26986308766e-07, 8.38513358303e-07, 7.79962647357e-07, 6.78725996295e-07, 5.27628401414e-07, 4.71583973649e-07, 5.57120245048e-07, 5.75900287458e-07, 5.18595584253e-07, 3.96898258259e-07, 3.57010861762e-07],
        "dmean2": [0.00304599036463, 0.00291507854126, 0.000515035353601, 0.000170892351889, 7.50663675717e-05, 8.79933431861e-05, 4.5819368097e-05, 4.09806816606e-05, 0.00030073907692, 0.000546588678844, 3.05936118821e-05, 8.51936347317e-05, 2.43947451963e-05, 7.10352242095e-06, 2.49242348218e-05, 1.54967638082e-05, 1.18470643429e-05, 8.95792527444e-06, 6.61758213027e-06, 5.49763672097e-06, 6.68944221616e-06, 3.61285287909e-06, 2.67563427769e-06, 1.02754765976e-05, 5.43652204215e-05, 7.12260680302e-06, 4.03845342589e-06, 2.71264457297e-06, 2.34935168919e-06, 1.30705939227e-06, 1.34306174004e-06, 1.24936855173e-06, 1.09711186269e-06, 8.3435253373e-07, 7.84561450473e-07, 8.98396251614e-07, 9.83433096735e-07, 8.93184051165e-07, 6.51744301194e-07, 5.34382593287e-07],
        "dvar": [1.85725002666e-05, 1.19497208289e-05, 1.87660674555e-07, 3.00958262756e-08, 3.79508513504e-09, 4.92964780108e-09, 1.58863611155e-09, 1.17002241229e-09, 2.87238691499e-07, 1.09420204808e-06, 3.03325853324e-09, 6.64701573783e-08, 4.61037402699e-10, 7.96985880069e-11, 4.33558938751e-10, 1.7062004587e-10, 1.34851033118e-10, 5.60255487836e-11, 3.31946310717e-11, 4.52045206822e-11, 3.68938594952e-11, 2.12368525543e-11, 1.08404266466e-11, 6.6219213446e-10, 3.65782746314e-08, 1.86022794391e-10, 6.14399572885e-11, 2.29636674259e-11, 2.27623440929e-11, 4.29854372583e-12, 4.39285847281e-12, 5.07643666686e-12, 3.46600721214e-12, 2.00539216309e-12, 2.29037687254e-12, 3.60207219954e-12, 4.22050285345e-12, 4.37215888494e-12, 3.54382322099e-12, 1.11829360876e-12],
        "dvar2": [5.23344388057e-05, 2.92935874313e-05, 4.90918864671e-07, 8.92007179232e-08, 8.81768258409e-09, 1.0300900577e-08, 3.45762107834e-09, 2.6977735601e-09, 3.6862604702e-07, 1.3074521803e-06, 5.73981440155e-09, 1.13524976086e-07, 1.06185771287e-09, 1.95945912274e-10, 1.11944598036e-09, 4.46619796701e-10, 3.78328784967e-10, 1.421436302e-10, 9.42737624077e-11, 1.11921430457e-10, 1.03588818079e-10, 5.76893081916e-11, 2.42232987141e-11, 1.72475100868e-09, 8.44145020551e-08, 4.46921694097e-10, 1.60601074106e-10, 5.79639947151e-11, 5.97736651842e-11, 9.62864510345e-12, 9.1811419578e-12, 1.0908351479e-11, 7.71053273313e-12, 4.56299841661e-12, 5.99770493687e-12, 9.29255197096e-12, 1.13980777941e-11, 1.17936823502e-11, 9.9741265594e-12, 2.75562840775e-12],
        "max": [0.0415995679796, 0.0354483611882, 0.00553768966347, 0.00174747081473, 0.00103170494549, 0.00121015298646, 0.000485308613861, 0.000464392942376, 0.00947155151516, 0.0184812713414, 0.00130610889755, 0.00739740999416, 0.000287185714114, 0.000202081253519, 0.000343215157045, 0.000159480507136, 0.000131706401589, 9.95756709017e-05, 5.96742429479e-05, 8.44221067382e-05, 7.34364148229e-05, 5.01549329783e-05, 3.77146461688e-05, 0.000409610336646, 0.00337304291315, 0.000175461653271, 9.632781439e-05, 6.99831944075e-05, 6.89733424224e-05, 2.50571774814e-05, 3.24476422975e-05, 3.5143126297e-05, 2.24191117013e-05, 1.70848870766e-05, 2.49984113907e-05, 3.21622028423e-05, 3.08089765895e-05, 3.47673303622e-05, 3.72692375095e-05, 1.82718977157e-05],
        "mean": [0.00314045348205, 0.00389517354779, 0.000765386444982, 0.000164507087902, 0.000114529240818, 0.000132519431645, 5.82567918173e-05, 4.90363781864e-05, 0.00056744547328, 0.00101633951999, 4.38933966507e-05, 0.000148278748384, 2.50926168519e-05, 6.67046288072e-06, 2.2449368771e-05, 1.43599536386e-05, 9.92318928184e-06, 8.84664132172e-06, 6.14232112639e-06, 5.28013879375e-06, 6.11755558566e-06, 3.29687304657e-06, 2.83620533992e-06, 6.27454846835e-06, 3.23172353092e-05, 5.10434256284e-06, 3.00973329104e-06, 2.40047143052e-06, 1.91610206457e-06, 1.36216056035e-06, 1.2853311091e-06, 1.16156638796e-06, 1.0415548104e-06, 7.98588473572e-07, 6.58069552628e-07, 7.72357338974e-07, 6.69668793307e-07, 6.02335546773e-07, 4.29845329109e-07, 4.67479566169e-07],
        "median": [0.00123561092187, 0.00244274921715, 0.00053371413378, 0.000113001660793, 8.49381613079e-05, 9.70817927737e-05, 3.89364140574e-05, 3.32114213961e-05, 8.28326956253e-05, 0.00012688874267, 1.43535153256e-05, 1.68765800481e-05, 1.56648839038e-05, 3.76883735953e-06, 1.4219303921e-05, 9.35218940867e-06, 5.97342386754e-06, 6.21818708169e-06, 4.42597684014e-06, 3.22863661495e-06, 4.01888564738e-06, 1.76288756393e-06, 1.26053998883e-06, 1.70344878825e-06, 1.76889102477e-06, 1.08876020022e-06, 4.47616969268e-07, 3.00246767893e-07, 2.41142714685e-07, 1.53015662363e-07, 1.46477475482e-07, 6.87507721864e-08, 5.00337904441e-08, 4.44325323201e-08, 4.45907168967e-08, 5.55752635023e-08, 4.1937777695e-08, 1.96033660416e-08, 1.22693544213e-08, 8.9204759135e-09],
        "min": [1.59530820215e-23, 4.85679650125e-24, 4.32156936542e-24, 6.06114571209e-24, 5.79778568217e-24, 3.74250720123e-24, 7.27298594608e-24, 6.39059414206e-24, 7.35014364236e-24, 2.18796409634e-24, 3.78768644857e-24, 7.334373524e-24, 8.7646201548e-24, 1.71343460068e-23, 1.00519204564e-23, 6.80503996799e-24, 8.77604759387e-24, 4.64822049462e-24, 4.8756763093e-24, 5.93701529321e-24, 9.78581164066e-24, 1.00967261781e-23, 1.1426979956e-23, 8.77287952847e-24, 5.86879184111e-24, 8.02879673482e-24, 5.91387011425e-24, 7.17663841942e-24, 9.05291016147e-24, 9.38165611081e-24, 6.60300637928e-24, 9.48675526035e-24, 1.03408099974e-23, 6.33417362683e-24, 5.82680629715e-24, 7.14521177868e-24, 7.51009465722e-24, 8.41971517868e-24, 1.04396108814e-23, 1.22118255592e-23],
        "stdev": [0.00535816233605, 0.00483196368441, 0.000787105469499, 0.000190939201275, 0.000107272579044, 0.000133103618282, 6.46916814731e-05, 5.1022911066e-05, 0.00115542148706, 0.00216176966205, 0.000103010410385, 0.000523099326529, 3.10924879159e-05, 1.05251110654e-05, 2.65144062723e-05, 1.62736669154e-05, 1.25954456962e-05, 9.17997203942e-06, 6.29281294096e-06, 7.51419429434e-06, 6.97177620168e-06, 4.83753547087e-06, 4.36573191109e-06, 2.23230217671e-05, 0.000186093893717, 1.3851611584e-05, 7.8627926996e-06, 5.38270751349e-06, 4.80150129079e-06, 2.74948843071e-06, 2.76600781035e-06, 2.80125868812e-06, 2.43416343437e-06, 1.82685141681e-06, 1.60375338965e-06, 2.02913201974e-06, 1.97724307327e-06, 2.04073899113e-06, 1.64498237609e-06, 1.24044197491e-06],
        "var": [2.87099028355e-05, 2.33478749578e-05, 6.19535001078e-07, 3.64577807943e-08, 1.1507405695e-08, 1.77165730975e-08, 4.18501411303e-09, 2.60333754554e-09, 1.33499884214e-06, 4.67324844067e-06, 1.06111439635e-08, 2.73632878134e-07, 9.66742907949e-10, 1.10777963191e-10, 7.03013702807e-10, 2.64832239472e-10, 1.58645263593e-10, 8.42718880789e-11, 3.95994972924e-11, 5.64631189026e-11, 4.86056646321e-11, 2.34017492884e-11, 1.90596167321e-11, 4.98317276332e-10, 3.46309363408e-08, 1.91867133292e-10, 6.18235115879e-11, 2.89735405806e-11, 2.30544125457e-11, 7.55968725119e-12, 7.65079926496e-12, 7.84705026652e-12, 5.92515186221e-12, 3.33738592317e-12, 2.57202505821e-12, 4.11737657857e-12, 3.90949035298e-12, 4.16461570091e-12, 2.70596696092e-12, 1.53869625374e-12]
    },
    "melbands128": {
