{
"lowlevel": {
    "average_loudness": 0.621969461441,
    "barkbands_crest": {
        "dmean": 2.98175430298,
        "dmean2": 4.75606870651,
        "dvar": 5.95993185043,
        "dvar2": 14.7066888809,
        "max": 22.4093704224,
        "mean": 10.5895195007,
        "median": 9.95544815063,
        "min": 3.25946593285,
        "stdev": 3.80707669258,
        "var": 14.4938325882
    },
    "barkbands_flatness_db": {
        "dmean": 0.0217705201358,
        "dmean2": 0.0330902636051,
        "dvar": 0.000380472454708,
        "dvar2": 0.000886597845238,
        "max": 0.312252998352,
        "mean": 0.123179398477,
        "median": 0.118857271969,
        "min": 0.0385144092143,
        "stdev": 0.0351087935269,
        "var": 0.00123262743
    },
    "barkbands_kurtosis": {
        "dmean": 2.49582767487,
        "dmean2": 3.98400259018,
        "dvar": 13.212556839,
        "dvar2": 32.5815658569,
        "max": 53.7316589355,
        "mean": 3.5478811264,
        "median": 2.19861078262,
        "min": -1.90654444695,
        "stdev": 5.17345094681,
        "var": 26.7645950317
    },
    "barkbands_skewness": {
        "dmean": 0.544351220131,
        "dmean2": 0.810261011124,
        "dvar": 0.310161739588,
        "dvar2": 0.677445650101,
        "max": 5.69102573395,
        "mean": 1.46907198429,
        "median": 1.48364126682,
        "min": -4.1562371254,
        "stdev": 0.978831291199,
        "var": 0.958110690117
    },
    "barkbands_spread": {
        "dmean": 7.39212751389,
        "dmean2": 11.436835289,
        "dvar": 110.938102722,
        "dvar2": 226.713592529,
        "max": 116.680610657,
        "mean": 24.3598861694,
        "median": 21.3240737915,
        "min": 1.9712086916,
        "stdev": 16.3107185364,
        "var": 266.039520264
    },
    "dissonance": {
        "dmean": 0.0263592712581,
        "dmean2": 0.0439060516655,
        "dvar": 0.000695023569278,
        "dvar2": 0.00200526881963,
        "max": 0.499960958958,
        "mean": 0.451339781284,
        "median": 0.463336884975,
        "min": 0.247957274318,
        "stdev": 0.0394590906799,
        "var": 0.00155701988842
    },
    "dynamic_complexity": 4.73611497879,
    "erbbands_crest": {
        "dmean": 3.32919073105,
        "dmean2": 5.26694393158,
        "dvar": 8.31071853638,
        "dvar2": 21.4951953888,
        "max": 26.7798290253,
        "mean": 10.6565589905,
        "median": 9.83556461334,
        "min": 2.50687551498,
        "stdev": 4.91566848755,
        "var": 24.1637973785
    },
    "erbbands_flatness_db": {
        "dmean": 0.019754299894,
        "dmean2": 0.0292483866215,
        "dvar": 0.000354952790076,
        "dvar2": 0.000788547622506,
        "max": 0.355355292559,
        "mean": 0.144662663341,
        "median": 0.13891364634,
        "min": 0.0359601005912,
        "stdev": 0.0426863245666,
        "var": 0.00182212237269
    },
    "erbbands_kurtosis": {
        "dmean": 1.4440715313,
        "dmean2": 2.26350998878,
        "dvar": 4.68589925766,
        "dvar2": 10.6135215759,
        "max": 25.4870948792,
        "mean": 1.40858101845,
        "median": 0.351374864578,
        "min": -1.73336684704,
        "stdev": 3.25460743904,
        "var": 10.5924701691
    },
    "erbbands_skewness": {
        "dmean": 0.465843945742,
        "dmean2": 0.703156590462,
        "dvar": 0.218520283699,
        "dvar2": 0.446270823479,
        "max": 4.27139759064,
        "mean": 0.55282574892,
        "median": 0.505505442619,
        "min": -4.05218076706,
        "stdev": 0.951822936535,
        "var": 0.905966937542
    },
    "erbbands_spread": {
        "dmean": 10.2520084381,
        "dmean2": 15.8321800232,
        "dvar": 128.897705078,
        "dvar2": 294.043121338,
        "max": 132.370193481,
        "mean": 38.3255348206,
        "median": 35.2080001831,
        "min": 5.48736095428,
        "stdev": 19.4951133728,
        "var": 380.059448242
    },
    "hfc": {
        "dmean": 5.26557207108,
        "dmean2": 7.68627643585,
        "dvar": 60.8503417969,
        "dvar2": 125.99772644,
        "max": 109.922927856,
        "mean": 21.0342216492,
        "median": 9.43297576904,
        "min": 0.151205211878,
        "stdev": 21.3429069519,
        "var": 455.519714355
    },
    "loudness_ebu128": {
        "integrated": -17.5240020752,
        "loudness_range": 10.7041721344,
        "momentary": {
            "dmean": 0.330687582493,
            "dmean2": 0.350184381008,
            "dvar": 0.0998753234744,
            "dvar2": 0.104484975338,
            "max": -12.3467617035,
            "mean": -20.0044879913,
            "median": -22.3289985657,
            "min": -28.0691776276,
            "stdev": 4.90149116516,
            "var": 24.0246162415
        },
        "short_term": {
            "dmean": 0.074337720871,
            "dmean2": 0.0684786960483,
            "dvar": 0.00587426219136,
            "dvar2": 0.00377155421302,
            "max": -13.80427742,
            "mean": -19.7880058289,
            "median": -22.6841430664,
            "min": -26.1389293671,
            "stdev": 4.64081859589,
            "var": 21.5371952057
        }
    },
    "melbands_crest": {
        "dmean": 3.3938574791,
        "dmean2": 5.45992946625,
        "dvar": 7.89584827423,
        "dvar2": 20.0415096283,
        "max": 28.2090034485,
        "mean": 14.1754837036,
        "median": 14.0250205994,
        "min": 3.49921703339,
        "stdev": 4.29388284683,
        "var": 18.4374313354
    },
    "melbands_flatness_db": {
        "dmean": 0.0262448657304,
        "dmean2": 0.0395487323403,
        "dvar": 0.000579760409892,
        "dvar2": 0.00129589240532,
        "max": 0.360003530979,
        "mean": 0.191105157137,
        "median": 0.189035221934,
        "min": 0.0447652153671,
        "stdev": 0.0448094159365,
        "var": 0.00200788374059
    },
    "melbands_kurtosis": {
        "dmean": 5.76307964325,
        "dmean2": 9.05496311188,
        "dvar": 65.2542572021,
        "dvar2": 154.483474731,
        "max": 134.168380737,
        "mean": 10.9098892212,
        "median": 7.87567043304,
        "min": -1.92039036751,
        "stdev": 11.5253095627,
        "var": 132.832763672
    },
    "melbands_skewness": {
        "dmean": 0.732312083244,
        "dmean2": 1.12993061543,
        "dvar": 0.535048484802,
        "dvar2": 1.21438241005,
        "max": 9.1782245636,
        "mean": 2.42450618744,
        "median": 2.30799746513,
        "min": -0.821147978306,
        "stdev": 1.35139095783,
        "var": 1.82625746727
    },
    "melbands_spread": {
        "dmean": 9.00448131561,
        "dmean2": 13.5863199234,
        "dvar": 350.277191162,
        "dvar2": 651.686462402,
        "max": 279.133239746,
        "mean": 25.0882568359,
        "median": 19.7979393005,
        "min": 2.12112617493,
        "stdev": 26.5127925873,
        "var": 702.928161621
    },
    "pitch_salience": {
        "dmean": 0.0834447816014,
        "dmean2": 0.133392527699,
        "dvar": 0.00467293476686,
        "dvar2": 0.0118819028139,
        "max": 0.846109449863,
        "mean": 0.512489080429,
        "median": 0.505270898342,
        "min": 0.215962156653,
        "stdev": 0.106517679989,
        "var": 0.0113460160792
    },
    "silence_rate_20dB": {
        "dmean": 0,
        "dmean2": 0,
        "dvar": 0,
        "dvar2": 0,
        "max": 1,
        "mean": 1,
        "median": 1,
        "min": 1,
        "stdev": 0,
        "var": 0
    },
    "silence_rate_30dB": {
        "dmean": 0.0154798757285,
        "dmean2": 0.030975734815,
        "dvar": 0.0152403479442,
        "dvar2": 0.0393092446029,
        "max": 1,
        "mean": 0.988653957844,
        "median": 1,
        "min": 0,
        "stdev": 0.105911128223,
        "var": 0.011217167601
    },
    "silence_rate_60dB": {
        "dmean": 0.0634674951434,
        "dmean2": 0.127000510693,
        "dvar": 0.0594394952059,
        "dvar2": 0.119131296873,
        "max": 1,
        "mean": 0.116554923356,
        "median": 0,
        "min": 0,
        "stdev": 0.320884764194,
        "var": 0.102967038751
    },
    "spectral_centroid": {
        "dmean": 294.086120605,
        "dmean2": 440.152648926,
        "dvar": 135909.65625,
        "dvar2": 249928.890625,
        "max": 5527.02929688,
        "mean": 1318.35778809,
        "median": 1236.33203125,
        "min": 318.714752197,
        "stdev": 625.567321777,
        "var": 391334.4375
    },
    "spectral_complexity": {
        "dmean": 3.64705872536,
        "dmean2": 5.4068145752,
        "dvar": 19.3191795349,
        "dvar2": 39.0642738342,
        "max": 54,
        "mean": 17.1841163635,
        "median": 12,
        "min": 0,
        "stdev": 12.4116153717,
        "var": 154.048187256
    },
    "spectral_decrease": {
        "dmean": 2.48772002998e-09,
        "dmean2": 3.86366760807e-09,
        "dvar": 1.39380760396e-17,
        "dvar2": 3.56929493108e-17,
        "max": 5.56101443106e-13,
        "mean": -7.62599938753e-09,
        "median": -2.24711604879e-09,
        "min": -4.55921629339e-08,
        "stdev": 8.33791435895e-09,
        "var": 6.95208180985e-17
    },
    "spectral_energy": {
        "dmean": 0.00964202638716,
        "dmean2": 0.0150073980913,
        "dvar": 0.000209375080885,
        "dvar2": 0.000533259822987,
        "max": 0.179214179516,
        "mean": 0.0306901726872,
        "median": 0.00913670286536,
        "min": 0.000151283340529,
        "stdev": 0.0330703929067,
        "var": 0.00109365093522
    },
    "spectral_energyband_high": {
        "dmean": 0.000355848751497,
        "dmean2": 0.000530646531843,
        "dvar": 4.85307566578e-07,
        "dvar2": 9.08978279313e-07,
        "max": 0.0110666565597,
        "mean": 0.000999661395326,
        "median": 0.000442974909674,
        "min": 8.07720141438e-07,
        "stdev": 0.00143928371836,
        "var": 2.07153766496e-06
    },
    "spectral_energyband_low": {
        "dmean": 0.00633748341352,
        "dmean2": 0.0102792568505,
        "dvar": 0.000114086033136,
        "dvar2": 0.000297754566418,
        "max": 0.117652244866,
        "mean": 0.0157865900546,
        "median": 0.00218223081902,
        "min": 2.84103862214e-06,
        "stdev": 0.0206268802285,
        "var": 0.000425468169851
    },
    "spectral_energyband_middle_high": {
        "dmean": 0.00195774878375,
        "dmean2": 0.00276358402334,
        "dvar": 9.57087650022e-06,
        "dvar2": 1.973560029e-05,
        "max": 0.0637392923236,
        "mean": 0.00576556008309,
        "median": 0.00257889926434,
        "min": 1.77403107955e-05,
        "stdev": 0.00762714631855,
        "var": 5.81733620493e-05
    },
    "spectral_energyband_middle_low": {
        "dmean": 0.00502759125084,
        "dmean2": 0.00825288705528,
        "dvar": 6.75694245729e-05,
        "dvar2": 0.000177928610356,
        "max": 0.0854219719768,
        "mean": 0.00945994444191,
        "median": 0.00483023375273,
        "min": 2.50442426477e-05,
        "stdev": 0.0108230412006,
        "var": 0.00011713821732
    },
    "spectral_entropy": {
        "dmean": 0.208740785718,
        "dmean2": 0.307009786367,
        "dvar": 0.0435644239187,
        "dvar2": 0.0945931002498,
        "max": 9.00442314148,
        "mean": 7.64671897888,
        "median": 7.69939279556,
        "min": 6.16577672958,
        "stdev": 0.444264531136,
        "var": 0.19737097621
    },
    "spectral_flux": {
        "dmean": 0.0223277807236,
        "dmean2": 0.0356436558068,
        "dvar": 0.000571731477976,
        "dvar2": 0.00136248709168,
        "max": 0.270521223545,
        "mean": 0.0845843926072,
        "median": 0.0668522566557,
        "min": 0.0104548903182,
        "stdev": 0.054709751159,
        "var": 0.00299315690063
    },
    "spectral_kurtosis": {
        "dmean": 1.35191392899,
        "dmean2": 2.10366225243,
        "dvar": 2.42052078247,
        "dvar2": 6.21191501617,
        "max": 16.4971542358,
        "mean": 3.51098656654,
        "median": 3.20929002762,
        "min": -1.29527401924,
        "stdev": 2.2406411171,
        "var": 5.02047300339
    },
    "spectral_rms": {
        "dmean": 0.000747339508962,
        "dmean2": 0.0011263260385,
        "dvar": 7.07049082393e-07,
        "dvar2": 1.70538419297e-06,
        "max": 0.0132228247821,
        "mean": 0.00462123425677,
        "median": 0.00298560829833,
        "min": 0.00038417900214,
        "stdev": 0.0029301578179,
        "var": 8.5858246166e-06
    },
    "spectral_rolloff": {
        "dmean": 632.453674316,
        "dmean2": 1025.56884766,
        "dvar": 1928834.375,
        "dvar2": 3455504.75,
        "max": 14879.4433594,
        "mean": 1609.35925293,
        "median": 1055.12695312,
        "min": 129.19921875,
        "stdev": 2135.94506836,
        "var": 4562261
    },
    "spectral_skewness": {
        "dmean": 0.260642886162,
        "dmean2": 0.397495239973,
        "dvar": 0.0750273838639,
        "dvar2": 0.184839203954,
        "max": 3.12005233765,
        "mean": 1.5172919035,
        "median": 1.50553882122,
        "min": 0.0582307092845,
        "stdev": 0.446247845888,
        "var": 0.199137151241
    },
    "spectral_spread": {
        "dmean": 749653.8125,
        "dmean2": 1055126.125,
        "dvar": 825143263232,
        "dvar2": 1.44817559962e+12,
        "max": 17874404,
        "mean": 5565348,
        "median": 5227435.5,
        "min": 2235291,
        "stdev": 1794663.375,
        "var": 3.22081652736e+12
    },
    "spectral_strongpeak": {
        "dmean": 0.393298238516,
        "dmean2": 0.658942222595,
        "dvar": 0.431694924831,
        "dvar2": 1.09117174149,
        "max": 6.23544120789,
        "mean": 0.744139254093,
        "median": 0.576654493809,
        "min": 0,
        "stdev": 0.738026499748,
        "var": 0.544683098793
    },
    "zerocrossingrate": {
        "dmean": 0.0148842632771,
        "dmean2": 0.0164457764477,
        "dvar": 0.000569471041672,
        "dvar2": 0.0004734408285,
        "max": 0.47705078125,
        "mean": 0.0689012929797,
        "median": 0.05615234375,
        "min": 0.01513671875,
        "stdev": 0.0550802089274,
        "var": 0.00303382962011
    },
    "barkbands": {
        "dmean": [5.19509812875e-05, 0.00421258294955, 0.00339192710817, 0.00228230445646, 0.00149692664854, 0.000868321512826, 0.000774210260715, 0.00101900356822, 0.000726134923752, 0.000877612037584, 0.000609744747635, 0.000386006489862, 0.000397238036385, 0.000281804794213, 0.00036900115083, 0.000327447196469, 0.000148223567521, 0.000110049666546, 0.000115148664918, 8.36684048409e-05, 9.36771466513e-05, 6.24575841357e-05, 8.95474149729e-05, 0.000110833367216, 6.10729548498e-05, 4.25148573413e-05, 6.41634323983e-06],
        "dmean2": [9.28571316763e-05, 0.00663067447022, 0.00588257424533, 0.00399608258158, 0.00247766147368, 0.00140020006802, 0.00125813833438, 0.00164049642626, 0.00114239251707, 0.00137166387867, 0.000957552110776, 0.000614868476987, 0.000613942043856, 0.000453405198641, 0.000566582777537, 0.000510758894961, 0.000225223237067, 0.000176016386831, 0.000182338349987, 0.000131868640892, 0.000153682864038, 0.000100673169072, 0.000143741985084, 0.000164481578395, 9.12759278435e-05, 6.19918646407e-05, 1.00248998933e-05],
        "dvar": [1.33634232569e-08, 5.90007330175e-05, 3.59393052349e-05, 2.13235907722e-05, 8.99580300029e-06, 3.51135463461e-06, 2.33720970755e-06, 3.41161467077e-06, 2.4278804176e-06, 6.08580057815e-06, 3.32486774823e-06, 5.96626989591e-07, 6.63768730647e-07, 2.85524322408e-07, 4.69567964956e-07, 3.92703412899e-07, 6.65137207534e-08, 4.63821869801e-08, 4.37751559446e-08, 1.95794722657e-08, 2.53359537794e-08, 1.0822767571e-08, 2.9916758848e-08, 9.81860637239e-08, 2.91707458189e-08, 2.27152376908e-08, 1.27511534664e-09],
        "dvar2": [3.84507643503e-08, 0.000139582465636, 0.000104950879177, 5.71063428652e-05, 2.36769956246e-05, 9.19904505281e-06, 5.61061688131e-06, 9.13129406399e-06, 5.71389909965e-06, 1.39089488584e-05, 7.12512928658e-06, 1.36231130909e-06, 1.54267627295e-06, 6.89953992605e-07, 1.07216430933e-06, 9.48534250256e-07, 1.52999518832e-07, 1.15104121789e-07, 1.09588839337e-07, 4.5026350648e-08, 6.48359943511e-08, 2.74817431034e-08, 6.73518201211e-08, 1.87955308206e-07, 5.7927962871e-08, 3.91288494939e-08, 2.92661450629e-09],
        "max": [0.0014020849485, 0.0743187144399, 0.0614095069468, 0.0425078608096, 0.0323768630624, 0.0292013697326, 0.0219365414232, 0.0281341616064, 0.023409081623, 0.0384999811649, 0.0423899553716, 0.0115895336494, 0.0129295326769, 0.00820048991591, 0.00694260420278, 0.00829628389329, 0.00231883465312, 0.00479042995721, 0.00431386427954, 0.00276902108453, 0.0020929032471, 0.00171959702857, 0.0030244323425, 0.00597500940785, 0.00341240200214, 0.004468658939, 0.00129237270448],
        "mean": [5.40038163308e-05, 0.00947288796306, 0.00503658223897, 0.00220479629934, 0.00190282787662, 0.00131552608218, 0.00103225605562, 0.00171935837716, 0.00112534605432, 0.00133095984347, 0.00097940932028, 0.000633596500847, 0.000611710886005, 0.000409374129958, 0.000557796738576, 0.000533719430678, 0.00025895491126, 0.000205719537917, 0.00022951074061, 0.000155782166985, 0.000193776417291, 0.00013276959362, 0.000183704338269, 0.000213541745325, 0.000116629220429, 7.19140734873e-05, 7.71320264903e-06],
        "median": [4.54927203464e-06, 0.000601521809585, 0.00113732903264, 0.000507131509949, 0.000690620508976, 0.000485024967929, 0.000393857277231, 0.000625959655736, 0.000255618506344, 0.00022082059877, 0.000146359176142, 0.000231326310313, 0.000156372785568, 9.5454233815e-05, 0.000128511645016, 0.000118961863336, 7.85941156209e-05, 6.34894895484e-05, 6.68267166475e-05, 7.33599008527e-05, 8.08962140582e-05, 6.27075642115e-05, 7.46388468542e-05, 6.02124928264e-05, 3.1240604585e-05, 1.33935855047e-05, 1.19783533137e-06],
        "min": [6.63938348744e-11, 1.55312633865e-07, 2.08403022839e-07, 6.3379218318e-07, 5.6660763903e-07, 4.67078933752e-07, 5.39011125511e-07, 4.50857726264e-07, 1.78163759301e-07, 2.66528616066e-07, 2.15257401237e-07, 1.20968820738e-07, 4.05786892088e-07, 3.13231907967e-07, 3.60799788268e-07, 9.89793225159e-09, 5.9743086922e-08, 3.04680384033e-07, 2.39040446104e-07, 2.10315178606e-07, 2.71556984899e-07, 1.33019597115e-07, 6.12282988754e-08, 1.81980848168e-08, 4.40763114895e-09, 1.01891051152e-09, 9.26887108732e-11],
        "stdev": [0.000113436923129, 0.0146845746785, 0.00757799530402, 0.00435571651906, 0.00327494181693, 0.00229693087749, 0.00186121324077, 0.00299561722204, 0.00232331687585, 0.00351912667975, 0.00281679979526, 0.00113117089495, 0.00118777435273, 0.000702656456269, 0.000893394229934, 0.000838699401356, 0.000384266895708, 0.000316168356221, 0.00038557840162, 0.000222456321353, 0.000283219560515, 0.000165829595062, 0.000292955490295, 0.000524395843968, 0.00027424361906, 0.000249514851021, 3.85383827961e-05],
        "var": [1.28679351619e-08, 0.000215636740904, 5.74260157009e-05, 1.89722650248e-05, 1.0725244465e-05, 5.27589190824e-06, 3.46411457031e-06, 8.97372319741e-06, 5.39780148756e-06, 1.2384252841e-05, 7.93436083768e-06, 1.27954751861e-06, 1.41080795402e-06, 4.93726076911e-07, 7.98153223514e-07, 7.03416731085e-07, 1.47661040728e-07, 9.99624276687e-08, 1.48670707745e-07, 4.94868146461e-08, 8.02133115485e-08, 2.74994533811e-08, 8.58229256551e-08, 2.74991009519e-07, 7.52095559164e-08, 6.22576621367e-08, 1.48520695742e-09]
    },
    "erbbands": {
        "dmean": [0.0678050071001, 1.13762116432, 3.46087217331, 5.71835803986, 6.76483345032, 4.48874807358, 6.7266087532, 7.03067684174, 9.59491443634, 14.2797393799, 23.2420768738, 16.8642368317, 14.896692276, 33.2787513733, 19.4182891846, 15.0134506226, 16.5435848236, 13.5997123718, 16.1599025726, 20.1260032654, 15.2799711227, 8.00992870331, 5.948969841, 5.07123613358, 6.10577297211, 3.86737418175, 3.87295460701, 3.41006302834, 2.26932740211, 2.3041369915, 2.65074443817, 2.55864953995, 1.7164914608, 0.830133795738, 0.386827796698, 0.174975529313, 0.0934021323919, 0.0186538919806, 0.000626083754469, 1.97871595446e-05],
        "dmean2": [0.108336798847, 1.77630698681, 5.91951417923, 10.0091266632, 11.5261831284, 7.37339925766, 10.8976707458, 11.4208841324, 15.614320755, 23.5648460388, 37.3454589844, 26.3521099091, 23.4948120117, 50.79246521, 29.4322757721, 23.3838920593, 25.509141922, 21.3210926056, 24.8601970673, 31.2706775665, 23.8439826965, 11.8912944794, 9.20683383942, 8.22910404205, 9.47734069824, 6.02054309845, 6.29525518417, 5.56086444855, 3.67350268364, 3.65230107307, 4.31460762024, 3.90977048874, 2.59688997269, 1.23415923119, 0.580366551876, 0.261019796133, 0.136030599475, 0.027858434245, 0.000981704215519, 3.03289962176e-05],
        "dvar": [0.0158908888698, 4.23774623871, 37.3005218506, 101.852790833, 271.257720947, 64.7155227661, 249.576766968, 269.857116699, 353.179138184, 775.755432129, 1946.29614258, 1399.44946289, 1345.69372559, 8684.07519531, 2834.52587891, 844.924499512, 1012.10778809, 672.838745117, 884.940612793, 1453.65661621, 810.07623291, 206.319824219, 143.120239258, 112.519935608, 121.210884094, 50.0711212158, 41.6105690002, 36.6649932861, 15.5897169113, 15.7628602982, 31.5298461914, 37.8282928467, 29.814371109, 4.94906997681, 1.33187508583, 0.269128262997, 0.187606558204, 0.00554860197008, 1.33836465466e-05, 3.6725975594e-09],
        "dvar2": [0.0403077043593, 9.97766399384, 105.89389801, 276.393493652, 731.43572998, 167.391601562, 615.835693359, 703.694885254, 847.535522461, 2052.92822266, 5156.12109375, 3260.87060547, 3399.85961914, 18543.7617188, 6133.99951172, 2053.99682617, 2392.6315918, 1624.76855469, 2076.36987305, 3267.89306641, 1933.40490723, 460.596221924, 335.654327393, 286.063323975, 303.812438965, 109.651908875, 105.019676208, 95.9021530151, 40.367099762, 35.4461326599, 74.2667999268, 70.6689453125, 61.369884491, 9.28829193115, 2.84094429016, 0.512185335159, 0.349958598614, 0.0107133388519, 3.22565865645e-05, 8.28191026869e-09],
        "max": [1.28733813763, 20.1268844604, 68.6993026733, 78.3291473389, 161.329101562, 123.208877563, 246.693222046, 326.724578857, 277.514678955, 413.48815918, 591.854125977, 656.258239746, 568.893493652, 1870.74487305, 1095.06591797, 434.939331055, 479.559814453, 492.512451172, 307.032714844, 398.260467529, 491.934265137, 125.674461365, 312.224914551, 235.970123291, 254.491210938, 180.74822998, 80.1320114136, 102.740653992, 72.2155227661, 57.5468673706, 112.695159912, 118.437202454, 89.5377120972, 51.7966804504, 27.2994880676, 10.7671041489, 13.6653213501, 2.49127030373, 0.131231963634, 0.00217950623482],
        "mean": [0.147173926234, 2.5587143898, 6.21071529388, 6.88145256042, 6.57731103897, 5.81019735336, 9.81702327728, 10.4567480087, 13.6923093796, 21.1602306366, 40.4526824951, 28.8263301849, 23.8958187103, 55.5982780457, 33.6827774048, 27.5640125275, 27.9868469238, 22.1317634583, 25.1970996857, 31.6819572449, 25.9291229248, 14.8864631653, 11.877196312, 9.47426891327, 12.7324056625, 7.54902029037, 7.3903298378, 7.34677648544, 4.87440729141, 4.58411931992, 5.36509656906, 5.1378493309, 3.05856442451, 1.55047142506, 0.693395972252, 0.298035472631, 0.14326544106, 0.0280941911042, 0.00082139018923, 5.68240575376e-05],
        "median": [0.00843451358378, 0.183478951454, 1.07197344303, 1.94261360168, 1.80886173248, 2.04613232613, 2.40831756592, 3.82864069939, 6.08721971512, 8.45856666565, 15.5329647064, 8.21693325043, 6.82961463928, 8.19625377655, 8.822514534, 10.9730396271, 9.00492286682, 5.9940032959, 6.12475395203, 7.40649318695, 6.91829538345, 4.41000986099, 3.84555315971, 3.1120929718, 3.98741841316, 3.40874004364, 3.12732791901, 3.02347207069, 2.24715447426, 1.99200630188, 2.17411184311, 1.71185970306, 0.716752588749, 0.440462291241, 0.153857722878, 0.0599211826921, 0.025096680969, 0.00518525810912, 0.000143894780194, 1.86012475751e-05],
        "min": [8.24568633107e-06, 0.000265330425464, 0.000428764207754, 0.00537090841681, 0.00252734217793, 0.00193720159587, 0.00253046327271, 0.00952311605215, 0.0108910398558, 0.0109034338966, 0.00784260779619, 0.00414273468778, 0.00526823336259, 0.0105862654746, 0.00794118177146, 0.014455976896, 0.0229925904423, 0.0191431175917, 0.0288213081658, 0.0250990018249, 0.0155121022835, 0.0259479135275, 0.0293640848249, 0.0228790454566, 0.0113949757069, 0.00842586625367, 0.00679410854355, 0.00735747395083, 0.00561731215566, 0.0030519310385, 0.00192647112999, 0.000869517796673, 0.00023773603607, 7.24719720893e-05, 2.40553235926e-05, 7.41057237974e-06, 1.81361201612e-06, 3.26693822217e-07, 4.30128523021e-07, 4.19040361521e-07],
        "stdev": [0.230220764875, 3.937759161, 8.85434532166, 11.0216636658, 14.7588634491, 9.41973781586, 21.220823288, 19.4519367218, 22.6147727966, 36.334564209, 71.0876083374, 59.365436554, 48.9461555481, 156.13180542, 78.3349914551, 44.6575469971, 49.6491317749, 38.8116836548, 39.8233299255, 50.9465026855, 38.9569854736, 21.9282360077, 17.980348587, 14.7156553268, 21.6711120605, 11.1433095932, 10.0665636063, 11.5632963181, 6.21026992798, 6.40739059448, 9.10099887848, 11.0200662613, 8.35386562347, 3.64878892899, 1.72815668583, 0.828727483749, 0.629444122314, 0.10580586642, 0.00387565186247, 8.99363367353e-05],
        "var": [0.053001601249, 15.505947113, 78.3994293213, 121.47706604, 217.824050903, 88.7314529419, 450.323364258, 378.377807617, 511.427978516, 1320.20043945, 5053.44824219, 3524.25512695, 2395.72631836, 24377.140625, 6136.37060547, 1994.29638672, 2465.03613281, 1506.34680176, 1585.89746094, 2595.54614258, 1517.64660645, 480.84753418, 323.292907715, 216.550521851, 469.637084961, 124.173347473, 101.335693359, 133.709823608, 38.5674552917, 41.0546569824, 82.8281860352, 121.441856384, 69.787071228, 13.3136606216, 2.98652553558, 0.686789214611, 0.39619988203, 0.0111948810518, 1.50206778926e-05, 8.08854405676e-09]
    },
    "gfcc": {
        "mean": [-3.81372451782, 75.7741317749, -103.910018921, 26.8983306885, -60.8075027466, 21.3316421509, -36.8036460876, 10.9214477539, -21.3358631134, 3.61294579506, -21.340429306, 0.0602998584509, -18.208366394],
        "cov": [[6885.66650391, -150.983215332, 13.7596302032, 665.19921875, 616.625976562, 601.574707031, 146.024932861, 324.842987061, 85.1293182373, 208.388015747, 80.2940368652, -72.6072463989, 146.345153809], [-150.983215332, 1018.09973145, -318.632324219, -100.448776245, 111.013290405, -52.8296852112, 110.460357666, -43.2672348022, 60.1960105896, -64.8681411743, -9.13896656036, -5.17171192169, 70.1195755005], [13.7596302032, -318.632324219, 605.601257324, 145.403076172, 15.6265048981, -42.4516143799, -99.3746185303, 47.8458404541, 20.1810054779, 36.0717048645, -41.0932922363, 77.1753692627, -42.0215606689], [665.19921875, -100.448776245, 145.403076172, 397.735443115, 132.963302612, 52.3078155518, -33.0188217163, -0.169175639749, 51.5998497009, 27.3531570435, 27.424943924, -14.405919075, 22.271030426], [616.625976562, 111.013290405, 15.6265048981, 132.963302612, 288.885406494, 77.8768157959, -23.5844192505, 38.0799751282, 49.1755905151, 19.6048355103, -14.6022787094, -11.6099328995, 29.3601226807], [601.574707031, -52.8296852112, -42.4516143799, 52.3078155518, 77.8768157959, 228.739028931, 75.1171646118, 38.3120346069, 14.3170146942, 0.276306688786, 33.4584274292, -39.4378700256, 25.9049110413], [146.024932861, 110.460357666, -99.3746185303, -33.0188217163, -23.5844192505, 75.1171646118, 276.141448975, 76.4661941528, -51.0523414612, -12.6034526825, 30.1789150238, -11.7368135452, -7.85882043839], [324.842987061, -43.2672348022, 47.8458404541, -0.169175639749, 38.0799751282, 38.3120346069, 76.4661941528, 151.525817871, 6.71777391434, 17.7800941467, 3.79222989082, -2.234167099, 7.40795946121], [85.1293182373, 60.1960105896, 20.1810054779, 51.5998497009, 49.1755905151, 14.3170146942, -51.0523414612, 6.71777391434, 146.9818573, 35.4819526672, -10.5546321869, -1.35816586018, 15.8441390991], [208.388015747, -64.8681411743, 36.0717048645, 27.3531570435, 19.6048355103, 0.276306688786, -12.6034526825, 17.7800941467, 35.4819526672, 113.994819641, 17.8650665283, -11.5503406525, -10.1907606125], [80.2940368652, -9.13896656036, -41.0932922363, 27.424943924, -14.6022787094, 33.4584274292, 30.1789150238, 3.79222989082, -10.5546321869, 17.8650665283, 96.9018859863, -1.64070725441, -2.23071098328], [-72.6072463989, -5.17171192169, 77.1753692627, -14.405919075, -11.6099328995, -39.4378700256, -11.7368135452, -2.234167099, -1.35816586018, -11.5503406525, -1.64070725441, 103.552787781, 9.65055370331], [146.345153809, 70.1195755005, -42.0215606689, 22.271030426, 29.3601226807, 25.9049110413, -7.85882043839, 7.40795946121, 15.8441390991, -10.1907606125, -2.23071098328, 9.65055370331, 99.3122634888]],
        "icov": [[0.000285220798105, -6.73133617966e-05, 0.00017711102555, -0.000443457742222, -0.000138944466016, -0.000673885690048, 0.000208044672036, -0.000548027397599, 0.000354148534825, -0.000558368221391, 0.000262534740614, -0.000310835283017, -1.88127455658e-06], [-6.73133617966e-05, 0.00191911286674, 0.00039399517118, 0.000831258425023, -0.00147733383346, 0.00172086746898, -0.00164315872826, 0.00133421469945, -0.00162331585307, 0.00129168655258, -0.000623612955678, 0.000425930542406, -0.00118104903959], [0.00017711102555, 0.00039399517118, 0.00314810452983, -0.00160127377603, 0.000334626995027, -0.000546882103663, 0.00115448457655, -0.00186698650941, 0.000452219508588, -0.000913269235753, 0.00183903344441, -0.00271802884527, 0.00156587664969], [-0.000443457742222, 0.000831258425023, -0.00160127377603, 0.00493152672425, -0.00213719974272, 0.00178896042053, -0.00143542687874, 0.00259900465608, -0.00204265699722, 0.00154560408555, -0.00273147993721, 0.00220120814629, -0.00164992013015], [-0.000138944466016, -0.00147733383346, 0.000334626995027, -0.00213719974272, 0.00643145572394, -0.00261431303807, 0.0022433004342, -0.00231780856848, 0.000747889280319, -0.00128266285174, 0.0023086052388, -0.000968309119344, 0.000894670782145], [-0.000673885690048, 0.00172086746898, -0.000546882103663, 0.00178896042053, -0.00261431303807, 0.00937293469906, -0.0036532592494, 0.00226313620806, -0.003000540426, 0.00325167039409, -0.0035224747844, 0.0036919771228, -0.00260997703299], [0.000208044672036, -0.00164315872826, 0.00115448457655, -0.00143542687874, 0.0022433004342, -0.0036532592494, 0.0074259750545, -0.00483174715191, 0.00337746669538, -0.0012519195443, 0.000669646949973, -0.00170853908639, 0.00241551827639], [-0.000548027397599, 0.00133421469945, -0.00186698650941, 0.00259900465608, -0.00231780856848, 0.00226313620806, -0.00483174715191, 0.0113953659311, -0.00255947792903, 0.000826280505862, -0.00147135078441, 0.00199255417101, -0.00237826933153], [0.000354148534825, -0.00162331585307, 0.000452219508588, -0.00204265699722, 0.000747889280319, -0.003000540426, 0.00337746669538, -0.00255947792903, 0.0104100415483, -0.0043139802292, 0.00243274099194, -0.0015280059306, 0.000393096648622], [-0.000558368221391, 0.00129168655258, -0.000913269235753, 0.00154560408555, -0.00128266285174, 0.00325167039409, -0.0012519195443, 0.000826280505862, -0.0043139802292, 0.0126540903002, -0.00394988246262, 0.0028153823223, 0.000172517204192], [0.000262534740614, -0.000623612955678, 0.00183903344441, -0.00273147993721, 0.0023086052388, -0.0035224747844, 0.000669646949973, -0.00147135078441, 0.00243274099194, -0.00394988246262, 0.0139902969822, -0.00297726783901, 0.00165330152959], [-0.000310835283017, 0.000425930542406, -0.00271802884527, 0.00220120814629, -0.000968309119344, 0.0036919771228, -0.00170853908639, 0.00199255417101, -0.0015280059306, 0.0028153823223, -0.00297726783901, 0.0134926438332, -0.00329230679199], [-1.88127455658e-06, -0.00118104903959, 0.00156587664969, -0.00164992013015, 0.000894670782145, -0.00260997703299, 0.00241551827639, -0.00237826933153, 0.000393096648622, 0.000172517204192, 0.00165330152959, -0.00329230679199, 0.0130353607237]]
    },
    "melbands": {
        "dmean": [0.000915231008548, 0.00151067378465, 0.000998928677291, 0.000359897181625, 0.000219491703319, 0.000156415000674, 0.000149223793414, 0.000165563440532, 0.000190917198779, 0.000100942794234, 8.01253627287e-05, 0.00014360336354, 7.65119548305e-05, 4.43819844804e-05, 3.91454159399e-05, 3.85279890907e-05, 2.55890536209e-05, 2.62982157437e-05, 2.88976807497e-05, 2.64233403868e-05, 1.6940111891e-05, 8.48434410727e-06, 7.71570012148e-06, 5.31275327376e-06, 4.31173884863e-06, 4.84449310534e-06, 3.73172679247e-06, 2.62798744188e-06, 2.5058573101e-06, 2.61127524936e-06, 1.97720055439e-06, 1.4525825236e-06, 1.28782448883e-06, 1.44890964293e-06, 1.594390028e-06, 1.83012275556e-06, 1.63954734944e-06, 1.4315817225e-06, 9.52310756475e-07, 6.82434631472e-07],
        "dmean2": [0.00143596553244, 0.00248554465361, 0.00173279945739, 0.000605057750363, 0.000356123840902, 0.000253667269135, 0.000240525900153, 0.000272958917776, 0.000304290704662, 0.000158081500558, 0.000127659455757, 0.000218571425648, 0.000117446514196, 6.91894092597e-05, 6.16124671069e-05, 5.99505401624e-05, 4.10916145483e-05, 4.17904666392e-05, 4.48379323643e-05, 4.10724242101e-05, 2.68427975243e-05, 1.28435867737e-05, 1.18332509373e-05, 8.54990594235e-06, 7.03455634721e-06, 7.63476145949e-06, 5.91204616285e-06, 4.11170640291e-06, 4.09608446716e-06, 4.2828619371e-06, 3.24575421473e-06, 2.36398159359e-06, 2.06799495572e-06, 2.31605326917e-06, 2.62875937551e-06, 2.90146613224e-06, 2.49866798185e-06, 2.18246350414e-06, 1.43197837588e-06, 1.03103729998e-06],
        "dvar": [2.79982373286e-06, 6.71236966809e-06, 3.33474690706e-06, 5.63422361211e-07, 2.36565924183e-07, 1.20775368373e-07, 8.22116916765e-08, 9.5432895364e-08, 1.25284088881e-07, 5.50182868153e-08, 4.2376640863e-08, 1.58540530037e-07, 5.34146344933e-08, 9.15222475584e-09, 5.76833336652e-09, 6.94955870628e-09, 2.40312436617e-09, 2.68736943809e-09, 2.96548763323e-09, 2.61206145602e-09, 1.10230313766e-09, 2.22757798318e-10, 1.80735107436e-10, 1.68980399118e-10, 9.28422755342e-11, 8.36019864447e-11, 4.26132740206e-11, 2.65472990812e-11, 1.7973636468e-11, 2.14314330171e-11, 1.20070585419e-11, 6.25345521893e-12, 5.09604251159e-12, 6.62632405543e-12, 1.07125038007e-11, 1.45082695857e-11, 1.89410379742e-11, 2.37421315247e-11, 7.91334706096e-12, 3.1301009961e-12],
        "dvar2": [6.67494850859e-06, 1.80946208275e-05, 8.98088910617e-06, 1.51146912231e-06, 5.81451502057e-07, 3.15666937922e-07, 1.95197813468e-07, 2.53259315741e-07, 3.23968265548e-07, 1.28544655809e-07, 1.06803099698e-07, 3.41859049513e-07, 1.15799743128e-07, 2.10310595605e-08, 1.40943834381e-08, 1.67246430038e-08, 5.80489123436e-09, 6.539865538e-09, 6.86442991338e-09, 6.20708506816e-09, 2.74512501619e-09, 5.12945685927e-10, 4.19278389785e-10, 4.55291609969e-10, 2.32216232354e-10, 2.13074988209e-10, 1.05536829276e-10, 5.82395798254e-11, 4.63991171873e-11, 5.28962290636e-11, 3.18423065693e-11, 1.6599610575e-11, 1.28639408153e-11, 1.54057183677e-11, 2.61645826533e-11, 3.2575515202e-11, 3.56088249165e-11, 5.26950150181e-11, 1.62405089377e-11, 6.34440069924e-12],
        "max": [0.0167661923915, 0.0300497729331, 0.0161751061678, 0.00819746777415, 0.00713699776679, 0.0066011948511, 0.00374600244686, 0.00436733290553, 0.00495048193261, 0.00358213018626, 0.0031316797249, 0.00748792290688, 0.00567600410432, 0.00145771668758, 0.00123906845693, 0.00136607745662, 0.000923429150134, 0.000669389788527, 0.000710325897671, 0.000509861565661, 0.000658492615912, 0.00013365225459, 0.000138585499371, 0.000339822552633, 0.000238437933149, 0.000165931953234, 0.000131284017698, 0.000129855965497, 6.07222900726e-05, 7.37673981348e-05, 6.14892924204e-05, 4.37356393377e-05, 3.78716067644e-05, 4.12446497648e-05, 6.25181637588e-05, 6.75495102769e-05, 9.17757715797e-05, 8.51799268275e-05, 6.09532144153e-05, 3.66258063877e-05],
        "mean": [0.00208518188447, 0.00333466078155, 0.00119806698058, 0.000413954432588, 0.000329837261233, 0.000239141663769, 0.000210460362723, 0.000253318197792, 0.00032713584369, 0.000163403339684, 0.000118555100926, 0.000230106859817, 0.000123439138406, 7.46453733882e-05, 6.51459340588e-05, 5.88468974456e-05, 3.8108570152e-05, 3.85095299862e-05, 4.33068744314e-05, 4.16056136601e-05, 2.71379631158e-05, 1.45723997775e-05, 1.33369603645e-05, 9.27367091208e-06, 7.09883806849e-06, 9.49058812694e-06, 7.24149413145e-06, 4.56307407148e-06, 4.48459195468e-06, 4.69252108815e-06, 4.08928235629e-06, 2.86080489786e-06, 2.33642026615e-06, 2.60870024249e-06, 2.91751007353e-06, 3.48682578988e-06, 3.02191529045e-06, 2.31135823014e-06, 1.61942750765e-06, 1.20127197079e-06],
        "median": [0.000115928160085, 0.000468972168164, 0.000327989575453, 0.000141822936712, 9.67962769209e-05, 9.16471326491e-05, 9.26329594222e-05, 0.000103901526018, 0.00012269555009, 3.5802993807e-05, 2.82535165752e-05, 3.01806430798e-05, 2.35980078287e-05, 2.71223852906e-05, 2.39122036874e-05, 1.39720668813e-05, 9.01020484889e-06, 8.28381234896e-06, 9.62809281191e-06, 7.75138232711e-06, 7.81458584243e-06, 4.26638416684e-06, 3.70671705241e-06, 3.08319795295e-06, 2.07419316212e-06, 2.46308104579e-06, 2.84040220322e-06, 1.83268264209e-06, 1.70299824731e-06, 1.91368189917e-06, 1.64327343555e-06, 1.2811040051e-06, 9.33778494527e-07, 1.09746929411e-06, 1.21118034713e-06, 1.24515520383e-06, 8.63923219185e-07, 5.13934878654e-07, 3.96096623945e-07, 3.38200919714e-07],
        "min": [4.25881268029e-08, 3.49535184796e-07, 9.02005012904e-07, 1.21298100453e-07, 6.90570942652e-08, 9.94225857198e-08, 1.62564134598e-07, 1.03476715196e-07, 5.51620651379e-08, 2.40708537547e-08, 2.24422240791e-08, 3.94850054874e-08, 2.81344387787e-08, 2.78479888038e-08, 3.02176665912e-08, 2.47115270469e-08, 3.20124406983e-08, 4.34747136069e-08, 2.39910065147e-08, 3.23061710716e-09, 7.6041123398e-10, 2.88254820013e-09, 1.72827636646e-08, 7.04451741385e-09, 1.48763952268e-08, 5.35816990777e-09, 3.00187763536e-09, 4.43629977198e-09, 2.63312283089e-09, 5.78384318217e-09, 2.14828221878e-09, 1.52246715235e-09, 1.9700678866e-09, 9.20761966672e-10, 9.79143099933e-10, 9.59460511041e-10, 1.77784204025e-10, 1.53607987441e-10, 1.22871143815e-10, 4.52801988612e-12],
        "stdev": [0.00321892113425, 0.0045478772372, 0.00194651086349, 0.000739966635592, 0.000659139710478, 0.000418186624302, 0.000351998663973, 0.000432075583376, 0.000567992159631, 0.000364754407201, 0.000266903545707, 0.000649710360449, 0.0003342924756, 0.000135327107273, 0.000116036346299, 0.000121905039123, 6.88780637574e-05, 6.491811655e-05, 6.99917654856e-05, 6.80988159729e-05, 4.19626412622e-05, 2.18662062252e-05, 2.02094579436e-05, 1.68212518474e-05, 1.22291976368e-05, 1.75341756403e-05, 1.14531021609e-05, 7.48688989916e-06, 6.44245710646e-06, 7.05773391019e-06, 7.09789946995e-06, 3.79346124646e-06, 3.24200095747e-06, 3.92209312849e-06, 4.96497386848e-06, 6.3913989834e-06, 7.37150639907e-06, 6.8124641075e-06, 4.31746639151e-06, 2.76299397228e-06],
        "var": [1.03614538602e-05, 2.06831864489e-05, 3.78890445063e-06, 5.4755059864e-07, 4.34465192711e-07, 1.74880042891e-07, 1.23903063809e-07, 1.86689305792e-07, 3.2261507954e-07, 1.33045773509e-07, 7.12375012313e-08, 4.2212354856e-07, 1.11751461418e-07, 1.83134272191e-08, 1.34644340122e-08, 1.48608378936e-08, 4.74418815344e-09, 4.21436219256e-09, 4.89884710575e-09, 4.6374490914e-09, 1.76086312198e-09, 4.78130979253e-10, 4.08422212717e-10, 2.82954493169e-10, 1.49553272544e-10, 3.0744734536e-10, 1.31173544249e-10, 5.60535194649e-11, 4.15052540947e-11, 4.98116062286e-11, 5.03801757257e-11, 1.43903474206e-11, 1.05105707124e-11, 1.53828130789e-11, 2.46509635621e-11, 4.08499796489e-11, 5.43391061314e-11, 4.6409664306e-11, 1.86405144792e-11, 7.63413551125e-12]
    },
    "melbands128": {
