{
"lowlevel": {
    "average_loudness": 0.639633476734,
    "barkbands_crest": {
        "dmean": 2.19375276566,
        "dmean2": 3.60072636604,
        "dvar": 5.6146273613,
        "dvar2": 13.3679828644,
        "max": 26.5500049591,
        "mean": 16.4052734375,
        "median": 16.2257022858,
        "min": 4.05440139771,
        "stdev": 5.4801607132,
        "var": 30.0321617126
    },
    "barkbands_flatness_db": {
        "dmean": 0.0246879700571,
        "dmean2": 0.0356704071164,
        "dvar": 0.000854964600876,
        "dvar2": 0.00161329447292,
        "max": 0.624053180218,
        "mean": 0.233633294702,
        "median": 0.217523902655,
        "min": 0.0405279025435,
        "stdev": 0.100793331861,
        "var": 0.0101592950523
    },
    "barkbands_kurtosis": {
        "dmean": 13.0365686417,
        "dmean2": 20.5801048279,
        "dvar": 904.280822754,
        "dvar2": 2381.32421875,
        "max": 532.417236328,
        "mean": 31.3879299164,
        "median": 14.2411327362,
        "min": -1.54394984245,
        "stdev": 48.4979820251,
        "var": 2352.05419922
    },
    "barkbands_skewness": {
        "dmean": 0.837130665779,
        "dmean2": 1.29973423481,
        "dvar": 1.325304389,
        "dvar2": 3.19962048531,
        "max": 18.3170661926,
        "mean": 3.87968206406,
        "median": 3.18386507034,
        "min": -0.574220478535,
        "stdev": 2.65202665329,
        "var": 7.03324556351
    },
    "barkbands_spread": {
        "dmean": 3.39948487282,
        "dmean2": 5.28404283524,
        "dvar": 31.9859428406,
        "dvar2": 79.5503387451,
        "max": 69.6950683594,
        "mean": 12.1973590851,
        "median": 7.45090055466,
        "min": 0.121384240687,
        "stdev": 12.957734108,
        "var": 167.902877808
    },
    "dissonance": {
        "dmean": 0.0200481042266,
        "dmean2": 0.0334113910794,
        "dvar": 0.000348420115188,
        "dvar2": 0.000923780782614,
        "max": 0.49999293685,
        "mean": 0.453857988119,
        "median": 0.460817635059,
        "min": 0.297176897526,
        "stdev": 0.0308555774391,
        "var": 0.000952066620812
    },
    "dynamic_complexity": 3.50970029831,
    "erbbands_crest": {
        "dmean": 2.0989010334,
        "dmean2": 3.37737584114,
        "dvar": 4.91618585587,
        "dvar2": 11.7082424164,
        "max": 28.045955658,
        "mean": 9.40317344666,
        "median": 8.12550067902,
        "min": 2.77238893509,
        "stdev": 4.43560266495,
        "var": 19.6745700836
    },
    "erbbands_flatness_db": {
        "dmean": 0.0153428986669,
        "dmean2": 0.022857427597,
        "dvar": 0.000345004606061,
        "dvar2": 0.000660500489175,
        "max": 0.367773681879,
        "mean": 0.160542398691,
        "median": 0.153189346194,
        "min": 0.0470589026809,
        "stdev": 0.0484219938517,
        "var": 0.00234468956478
    },
    "erbbands_kurtosis": {
        "dmean": 1.12151324749,
        "dmean2": 1.76970732212,
        "dvar": 4.91008472443,
        "dvar2": 10.7055435181,
        "max": 39.0119552612,
        "mean": 1.36845588684,
        "median": -0.263328552246,
        "min": -1.80901587009,
        "stdev": 4.44485664368,
        "var": 19.7567520142
    },
    "erbbands_skewness": {
        "dmean": 0.337140709162,
        "dmean2": 0.523834347725,
        "dvar": 0.157477557659,
        "dvar2": 0.352733105421,
        "max": 5.51337337494,
        "mean": 0.877395451069,
        "median": 0.749582231045,
        "min": -1.5346776247,
        "stdev": 1.02327716351,
        "var": 1.04709613323
    },
    "erbbands_spread": {
        "dmean": 8.75547409058,
        "dmean2": 13.5847816467,
        "dvar": 140.272628784,
        "dvar2": 310.04989624,
        "max": 150.418746948,
        "mean": 48.4959030151,
        "median": 46.3103713989,
        "min": 3.57276678085,
        "stdev": 23.7407646179,
        "var": 563.623901367
    },
    "hfc": {
        "dmean": 6.47567653656,
        "dmean2": 9.88254547119,
        "dvar": 636.792236328,
        "dvar2": 1605.09558105,
        "max": 628.131713867,
        "mean": 14.0635156631,
        "median": 8.73626995087,
        "min": 0.254988789558,
        "stdev": 27.301317215,
        "var": 745.361877441
    },
    "loudness_ebu128": {
        "integrated": -16.8059234619,
        "loudness_range": 4.76763343811,
        "momentary": {
            "dmean": 0.894929945469,
            "dmean2": 0.984364628792,
            "dvar": 1.09079480171,
            "dvar2": 1.72764468193,
            "max": -11.5328187943,
            "mean": -18.3104839325,
            "median": -18.0012779236,
            "min": -29.8471736908,
            "stdev": 3.75454974174,
            "var": 14.0966434479
        },
        "short_term": {
            "dmean": 0.162951290607,
            "dmean2": 0.136637121439,
            "dvar": 0.0313053503633,
            "dvar2": 0.0320549979806,
            "max": -13.3769369125,
            "mean": -17.1388454437,
            "median": -16.9515457153,
            "min": -23.5269317627,
            "stdev": 1.74183106422,
            "var": 3.03397536278
        }
    },
    "melbands_crest": {
        "dmean": 2.62088513374,
        "dmean2": 4.23507547379,
        "dvar": 6.26344442368,
        "dvar2": 16.9440727234,
        "max": 31.600440979,
        "mean": 18.6830234528,
        "median": 19.2626667023,
        "min": 5.78277778625,
        "stdev": 5.04574251175,
        "var": 25.4595165253
    },
    "melbands_flatness_db": {
        "dmean": 0.0283184088767,
        "dmean2": 0.0401919707656,
        "dvar": 0.00110703799874,
        "dvar2": 0.00205842964351,
        "max": 0.78665292263,
        "mean": 0.321915179491,
        "median": 0.3084397614,
        "min": 0.0421127937734,
        "stdev": 0.120166547596,
        "var": 0.0144399991259
    },
    "melbands_kurtosis": {
        "dmean": 18.8898181915,
        "dmean2": 29.3724384308,
        "dvar": 996.162353516,
        "dvar2": 2216.65429688,
        "max": 696.419616699,
        "mean": 54.4766273499,
        "median": 32.7575111389,
        "min": -0.599823951721,
        "stdev": 68.6877593994,
        "var": 4718.00878906
    },
    "melbands_skewness": {
        "dmean": 0.947839438915,
        "dmean2": 1.47864568233,
        "dvar": 1.33801710606,
        "dvar2": 2.96875810623,
        "max": 20.6744613647,
        "mean": 4.8393368721,
        "median": 4.2671546936,
        "min": 0.253764748573,
        "stdev": 2.67790460587,
        "var": 7.1711730957
    },
    "melbands_spread": {
        "dmean": 2.74088644981,
        "dmean2": 4.32328224182,
        "dvar": 26.3253536224,
        "dvar2": 58.2312240601,
        "max": 124.467895508,
        "mean": 9.63415241241,
        "median": 5.33128356934,
        "min": 0.279978722334,
        "stdev": 11.3054103851,
        "var": 127.812294006
    },
    "pitch_salience": {
        "dmean": 0.0654880255461,
        "dmean2": 0.106902219355,
        "dvar": 0.00479797879234,
        "dvar2": 0.0116900503635,
        "max": 0.81845331192,
        "mean": 0.400282293558,
        "median": 0.406099170446,
        "min": 0.055753543973,
        "stdev": 0.142308861017,
        "var": 0.0202518105507
    },
    "silence_rate_20dB": {
        "dmean": 0.00928792543709,
        "dmean2": 0.0185854416341,
        "dvar": 0.00920138601214,
        "dvar2": 0.0244360715151,
        "max": 1,
        "mean": 0.993811249733,
        "median": 1,
        "min": 0,
        "stdev": 0.078424140811,
        "var": 0.00615034531802
    },
    "silence_rate_30dB": {
        "dmean": 0.0464396290481,
        "dmean2": 0.0924109444022,
        "dvar": 0.0442832484841,
        "dvar2": 0.0972951352596,
        "max": 1,
        "mean": 0.808664262295,
        "median": 1,
        "min": 0,
        "stdev": 0.393353462219,
        "var": 0.154726952314
    },
    "silence_rate_60dB": {
        "dmean": 0.00722394231707,
        "dmean2": 0.0144553435966,
        "dvar": 0.00717182271183,
        "dvar2": 0.0163120701909,
        "max": 1,
        "mean": 0.027333676815,
        "median": 0,
        "min": 0,
        "stdev": 0.163055092096,
        "var": 0.0265869647264
    },
    "spectral_centroid": {
        "dmean": 174.694992065,
        "dmean2": 265.782836914,
        "dvar": 51518.6367188,
        "dvar2": 109262.78125,
        "max": 3408.26806641,
        "mean": 916.797912598,
        "median": 706.95135498,
        "min": 95.1964187622,
        "stdev": 713.016235352,
        "var": 508392.1875
    },
    "spectral_complexity": {
        "dmean": 2.30856561661,
        "dmean2": 3.4016520977,
        "dvar": 10.5662736893,
        "dvar2": 17.869594574,
        "max": 56,
        "mean": 11.974729538,
        "median": 11,
        "min": 0,
        "stdev": 7.5070400238,
        "var": 56.3556480408
    },
    "spectral_decrease": {
        "dmean": 5.46700640314e-09,
        "dmean2": 8.55231352404e-09,
        "dvar": 1.55108673301e-16,
        "dvar2": 3.83250724306e-16,
        "max": -1.23181936873e-10,
        "mean": -1.48906700304e-08,
        "median": -7.89829535108e-09,
        "min": -1.63246824059e-07,
        "stdev": 1.83649735419e-08,
        "var": 3.37272267152e-16
    },
    "spectral_energy": {
        "dmean": 0.0211170837283,
        "dmean2": 0.0329889245331,
        "dvar": 0.00232703518122,
        "dvar2": 0.00576530490071,
        "max": 0.621947109699,
        "mean": 0.0574763678014,
        "median": 0.0306075047702,
        "min": 0.000488045654492,
        "stdev": 0.0705391541123,
        "var": 0.00497577199712
    },
    "spectral_energyband_high": {
        "dmean": 0.000475331529742,
        "dmean2": 0.000754035776481,
        "dvar": 5.71989357923e-06,
        "dvar2": 1.44650812217e-05,
        "max": 0.0670438036323,
        "mean": 0.000724364363123,
        "median": 0.000151008396642,
        "min": 5.05015691488e-08,
        "stdev": 0.00255150720477,
        "var": 6.51018945064e-06
    },
    "spectral_energyband_low": {
        "dmean": 0.0150823323056,
        "dmean2": 0.0228368733078,
        "dvar": 0.00134060974233,
        "dvar2": 0.00299218879081,
        "max": 0.610653877258,
        "mean": 0.0436340346932,
        "median": 0.0202379766852,
        "min": 2.71967746812e-06,
        "stdev": 0.0621435530484,
        "var": 0.00386182125658
    },
    "spectral_energyband_middle_high": {
        "dmean": 0.000476865941891,
        "dmean2": 0.000685484090354,
        "dvar": 1.16022670227e-06,
        "dvar2": 2.33253672377e-06,
        "max": 0.0206785108894,
        "mean": 0.00142415810842,
        "median": 0.000850164855365,
        "min": 3.19205082633e-06,
        "stdev": 0.00180448894389,
        "var": 3.25618020725e-06
    },
    "spectral_energyband_middle_low": {
        "dmean": 0.00847058556974,
        "dmean2": 0.0140462024137,
        "dvar": 0.000949763343669,
        "dvar2": 0.00256011425517,
        "max": 0.458879053593,
        "mean": 0.0129400463775,
        "median": 0.00758977141231,
        "min": 2.91021824523e-05,
        "stdev": 0.0277669131756,
        "var": 0.000771001446992
    },
    "spectral_entropy": {
        "dmean": 0.206600680947,
        "dmean2": 0.304610460997,
        "dvar": 0.0642189159989,
        "dvar2": 0.119680099189,
        "max": 8.57388687134,
        "mean": 6.91931676865,
        "median": 6.98856449127,
        "min": 4.23591327667,
        "stdev": 0.665392696857,
        "var": 0.442747443914
    },
    "spectral_flux": {
        "dmean": 0.0315847173333,
        "dmean2": 0.0494097322226,
        "dvar": 0.00279664504342,
        "dvar2": 0.00616690237075,
        "max": 0.61255055666,
        "mean": 0.076445825398,
        "median": 0.0516350008547,
        "min": 0.00657210825011,
        "stdev": 0.0774228274822,
        "var": 0.0059942943044
    },
    "spectral_kurtosis": {
        "dmean": 2.82490825653,
        "dmean2": 4.62398576736,
        "dvar": 24.6372261047,
        "dvar2": 56.2401733398,
        "max": 123.516288757,
        "mean": 6.56655168533,
        "median": 3.60982704163,
        "min": -0.415837526321,
        "stdev": 10.2878227234,
        "var": 105.839302063
    },
    "spectral_rms": {
        "dmean": 0.00110569421668,
        "dmean2": 0.00168080069125,
        "dvar": 3.42956172972e-06,
        "dvar2": 7.98869768914e-06,
        "max": 0.0246328581125,
        "mean": 0.00646362453699,
        "median": 0.0054645203054,
        "min": 0.000690030516125,
        "stdev": 0.00378101365641,
        "var": 1.42960643643e-05
    },
    "spectral_rolloff": {
        "dmean": 206.720367432,
        "dmean2": 354.302276611,
        "dvar": 307497.25,
        "dvar2": 785010.8125,
        "max": 8031.88476562,
        "mean": 570.123413086,
        "median": 279.931640625,
        "min": 64.599609375,
        "stdev": 879.054443359,
        "var": 772736.6875
    },
    "spectral_skewness": {
        "dmean": 0.306553930044,
        "dmean2": 0.483251869678,
        "dvar": 0.135080441833,
        "dvar2": 0.283680230379,
        "max": 9.20937252045,
        "mean": 1.76768159866,
        "median": 1.52594280243,
        "min": 0.320985943079,
        "stdev": 0.994658112526,
        "var": 0.989344716072
    },
    "spectral_spread": {
        "dmean": 565698.625,
        "dmean2": 866112.8125,
        "dvar": 626243010560,
        "dvar2": 1.28126772838e+12,
        "max": 12950994,
        "mean": 4483732.5,
        "median": 4163758.25,
        "min": 832319,
        "stdev": 1719297,
        "var": 2.95598214349e+12
    },
    "spectral_strongpeak": {
        "dmean": 0.227345660329,
        "dmean2": 0.390464305878,
        "dvar": 0.135401293635,
        "dvar2": 0.358233183622,
        "max": 4.61052560806,
        "mean": 0.618175327778,
        "median": 0.505365848541,
        "min": 0.0381976701319,
        "stdev": 0.462019890547,
        "var": 0.213462367654
    },
    "zerocrossingrate": {
        "dmean": 0.00632019340992,
        "dmean2": 0.00771746551618,
        "dvar": 7.05535785528e-05,
        "dvar2": 9.1020767286e-05,
        "max": 0.19921875,
        "mean": 0.0297131352127,
        "median": 0.02099609375,
        "min": 0.001953125,
        "stdev": 0.0255400314927,
        "var": 0.000652293208987
    },
    "barkbands": {
        "dmean": [0.000371447677026, 0.0116902776062, 0.00482402322814, 0.00194396276493, 0.00542598916218, 0.00167461833917, 0.000370058929548, 0.000290905853035, 0.00026632641675, 0.000152707012603, 4.79405025544e-05, 8.79813669599e-05, 6.28848792985e-05, 6.43955863779e-05, 7.07975486876e-05, 7.37120135454e-05, 4.81015449623e-05, 4.93135885336e-05, 4.76754466945e-05, 7.72827042965e-05, 0.000108190979518, 8.03074071882e-05, 8.5556472186e-05, 8.54095560499e-05, 7.32958869776e-05, 3.20724939229e-05, 4.34111098002e-06],
        "dmean2": [0.000646605098154, 0.0179967377335, 0.00737061165273, 0.00338758062571, 0.0093578370288, 0.00262205954641, 0.000607208290603, 0.000496357213706, 0.000427295279223, 0.00022781478765, 7.38816161174e-05, 0.000135399634019, 9.55052237259e-05, 9.7967669717e-05, 0.000114049413241, 0.000115265989734, 7.49763930799e-05, 7.75019725552e-05, 7.39401439205e-05, 0.000119214630104, 0.000173506807187, 0.000118399409985, 0.000131365799461, 0.000139075360494, 0.00012693341705, 5.57025014132e-05, 7.54090933697e-06],
        "dvar": [6.02684849582e-07, 0.000792247941718, 0.000385930208722, 4.54899891338e-05, 0.000503705407027, 2.09696772799e-05, 1.19174183055e-06, 8.37579364088e-07, 5.97993562224e-07, 2.86509077796e-07, 1.79783441467e-08, 4.68632102013e-08, 1.65106275318e-08, 1.44958933745e-08, 4.0376697541e-08, 3.14601251716e-08, 1.02146824332e-08, 1.70031757563e-08, 1.51215022726e-08, 4.01018773744e-08, 2.40078350089e-07, 1.4969099027e-07, 1.66450661254e-07, 2.78857243075e-07, 2.90175137252e-07, 5.12531457275e-08, 1.39818512324e-09],
        "dvar2": [1.77910226284e-06, 0.00186122360174, 0.00085894879885, 0.000126414990518, 0.00138253695332, 4.97738874401e-05, 3.14168823934e-06, 2.3687398425e-06, 1.54375447892e-06, 6.26495420875e-07, 4.18502992261e-08, 1.17500910335e-07, 4.10042026999e-08, 3.19730126819e-08, 1.02702294669e-07, 7.26807911633e-08, 2.22475993183e-08, 4.27568203065e-08, 3.19524104953e-08, 9.50401428668e-08, 6.40445534827e-07, 3.35232584803e-07, 3.55522672635e-07, 7.58766987019e-07, 8.31464092244e-07, 1.38875293487e-07, 3.24937832197e-09],
        "max": [0.00851339846849, 0.501409828663, 0.388903111219, 0.089723393321, 0.354661822319, 0.0754262208939, 0.0191553086042, 0.0204406417906, 0.0180640742183, 0.0173518620431, 0.00195406470448, 0.00315318652429, 0.00196684943512, 0.00259786122479, 0.00374853541143, 0.00417428743094, 0.00179702718742, 0.00310442387126, 0.00298134004697, 0.00470520509407, 0.0156516898423, 0.0100761763752, 0.0101184705272, 0.0107841938734, 0.0121555877849, 0.00480974046513, 0.000925820204429],
        "mean": [0.000579523562919, 0.0339593142271, 0.00786881521344, 0.00232451595366, 0.00645793415606, 0.00258229649626, 0.000555472623091, 0.0004679930571, 0.000517263659276, 0.000317088881275, 9.30176975089e-05, 0.000168914208189, 0.000128501749714, 0.000138550502015, 0.000112828922283, 0.000129826468765, 9.98053073999e-05, 0.000100768091215, 9.18054793146e-05, 0.000176067900611, 0.000201529808692, 0.000104323393316, 0.00010958963685, 9.14185366128e-05, 6.76434283378e-05, 2.79688592855e-05, 3.69422514268e-06],
        "median": [0.000135458045406, 0.0154075892642, 0.001102506998, 0.000893085845746, 0.00259456550702, 0.000895335688256, 0.000154597408255, 0.000201756993192, 0.000186097167898, 4.7294095566e-05, 1.42672579386e-05, 6.88701256877e-05, 5.91342832195e-05, 5.02293842146e-05, 3.71914939024e-05, 5.65627378819e-05, 3.59577752533e-05, 4.14608330175e-05, 3.81466270483e-05, 4.17582195951e-05, 4.29855317634e-05, 1.34317106131e-05, 1.40344573083e-05, 9.63559250522e-06, 2.7189780667e-06, 8.44962130486e-07, 4.58889317656e-08],
        "min": [9.26848464644e-09, 2.12129307897e-07, 1.2905990161e-06, 9.91145498119e-07, 8.44674832479e-06, 1.62155367889e-06, 3.01652789858e-07, 1.95082691334e-07, 7.76732420604e-08, 6.44065707434e-08, 8.31577118277e-09, 5.96529403651e-08, 6.34966781377e-08, 7.06840950215e-08, 1.06536992561e-08, 5.5210033878e-08, 4.14874925525e-08, 2.333769622e-08, 7.00130131648e-09, 5.29737009813e-09, 1.88449131855e-08, 8.96949181595e-09, 3.91310361891e-09, 2.7784265999e-09, 1.50646095598e-09, 1.98104865845e-10, 6.46944720017e-11],
        "stdev": [0.000966128893197, 0.0486792474985, 0.023729743436, 0.00586012657732, 0.0192011687905, 0.00515992147848, 0.00122970261145, 0.000899022037629, 0.000923461222555, 0.000859537278302, 0.000214810614125, 0.000279761385173, 0.000188641351997, 0.000197954374016, 0.00022898480529, 0.000238284876104, 0.000166485580849, 0.000166420941241, 0.000160639829119, 0.000364823295968, 0.00050986482529, 0.000466759345727, 0.000497068918776, 0.000489061232656, 0.000457912130514, 0.000197016415768, 3.85019629903e-05],
        "var": [9.33405090109e-07, 0.00236966926605, 0.000563100737054, 3.43410829373e-05, 0.000368684879504, 2.66247916443e-05, 1.51216841004e-06, 8.08240656625e-07, 8.52780658533e-07, 7.38804374123e-07, 4.61436009402e-08, 7.82664386634e-08, 3.55855576117e-08, 3.91859344973e-08, 5.24340393326e-08, 5.67796831774e-08, 2.77174496688e-08, 2.7695930882e-08, 2.58051553459e-08, 1.33096037302e-07, 2.59962149585e-07, 2.17864283059e-07, 2.47077537097e-07, 2.3918087777e-07, 2.09683520325e-07, 3.8815468173e-08, 1.48240120179e-09]
    },
    "erbbands": {
        "dmean": [0.362124204636, 2.63401126862, 5.01989126205, 5.84942436218, 14.6280145645, 19.3166484833, 14.6904335022, 13.023443222, 6.4006228447, 5.50261259079, 5.91531610489, 5.6055150032, 4.52689361572, 3.84485340118, 1.89709436893, 3.02147865295, 3.08151459694, 3.04563236237, 2.60196495056, 4.20231056213, 4.2406744957, 2.99687242508, 2.58896636963, 2.45491147041, 2.50130701065, 3.47329187393, 4.88940811157, 3.84922146797, 2.84535384178, 3.19150876999, 2.3133187294, 1.82671272755, 1.31698691845, 1.04918384552, 0.376879185438, 0.161469459534, 0.0545036271214, 0.013203647919, 0.00045957477414, 3.20042781823e-05],
        "dmean2": [0.555801212788, 4.07722616196, 7.76553487778, 9.6524772644, 25.8603019714, 33.5591316223, 23.5549621582, 20.5765533447, 10.252954483, 9.25550174713, 9.75203990936, 9.1547498703, 7.29213809967, 5.63678073883, 2.79534435272, 4.67785835266, 4.552693367, 4.62260103226, 4.02762365341, 6.72404575348, 6.54640483856, 4.66919708252, 4.07213926315, 3.70686936378, 3.82769823074, 5.47547769547, 7.64660692215, 6.2710981369, 4.3455080986, 4.76800537109, 3.56145381927, 3.06415772438, 2.09192180634, 1.82153785229, 0.643366217613, 0.281338185072, 0.0950810834765, 0.0226804874837, 0.000792101665866, 5.1419614465e-05],
        "dvar": [0.615809977055, 44.7392616272, 371.905883789, 369.628082275, 4214.52978516, 6549.04492188, 1611.40258789, 1100.93652344, 239.761917114, 546.498779297, 202.217834473, 335.005767822, 217.214126587, 226.041061401, 19.1913452148, 63.5615768433, 37.6583213806, 41.1218299866, 31.9390258789, 124.869415283, 102.167106628, 36.8070907593, 54.6510925293, 37.0941886902, 42.0209693909, 66.7093353271, 254.454925537, 393.063659668, 167.518051147, 282.942108154, 149.212493896, 117.520332336, 77.0068664551, 70.1868133545, 5.24384689331, 1.55034804344, 0.13598331809, 0.00924915913492, 1.37184979394e-05, 1.14987681599e-08],
        "dvar2": [1.51515877247, 104.523139954, 855.018920898, 867.830627441, 11798.9248047, 17874.015625, 3899.13427734, 2592.32568359, 594.979125977, 1521.69396973, 546.770446777, 874.43371582, 606.334289551, 408.627990723, 42.2514228821, 162.409957886, 92.5944290161, 94.5769729614, 73.0809707642, 329.094085693, 228.441833496, 79.3920898438, 139.285552979, 81.7154998779, 96.5780944824, 157.80657959, 645.006958008, 1052.72021484, 404.370269775, 595.074951172, 349.90234375, 328.937438965, 198.301849365, 203.03604126, 14.5479822159, 4.20907115936, 0.374486804008, 0.0227224379778, 3.26863118971e-05, 2.92867099461e-08],
        "max": [12.4225978851, 118.785690308, 436.47253418, 304.642944336, 1074.50769043, 1146.20019531, 698.618530273, 473.561126709, 212.238327026, 602.092041016, 211.102081299, 477.001495361, 290.386444092, 612.540588379, 73.6023864746, 117.950401306, 98.7211761475, 146.855392456, 98.519241333, 174.2134552, 223.765975952, 99.9517593384, 183.460586548, 140.793548584, 159.093948364, 164.0650177, 425.242034912, 621.536560059, 320.973937988, 447.359375, 311.008087158, 198.560180664, 211.415542603, 177.978561401, 49.1984710693, 26.814458847, 8.13861370087, 2.17537403107, 0.0875916108489, 0.00198724260554],
        "mean": [0.901535511017, 7.90619707108, 9.84284114838, 9.45507526398, 14.3218898773, 22.0904808044, 23.1321716309, 21.2518024445, 10.8384609222, 7.86167478561, 12.0181446075, 10.4610795975, 8.28643608093, 8.53786373138, 4.37974452972, 5.88656377792, 6.79123401642, 6.63750886917, 4.99581718445, 7.15994405746, 7.68802213669, 6.67939949036, 5.52579975128, 5.16123247147, 5.05005216599, 7.70218372345, 10.3390426636, 5.96571826935, 3.76466846466, 3.8748652935, 3.00260305405, 2.04524612427, 1.40167450905, 0.943666756153, 0.365158051252, 0.140965148807, 0.0465861037374, 0.0116390967742, 0.000410328735597, 7.28852319298e-05],
        "median": [0.378660231829, 3.64390921593, 2.6993200779, 2.73281478882, 3.91990280151, 7.59315013885, 10.9613647461, 5.85584306717, 3.94475793839, 2.62412452698, 5.70097875595, 3.80634140968, 2.34541463852, 1.57492995262, 1.37553620338, 2.75536251068, 3.76294565201, 2.73044061661, 2.16516780853, 3.18284106255, 3.65878820419, 2.80384302139, 2.46731424332, 2.31592917442, 2.01790547371, 2.11490225792, 2.21412563324, 1.02866220474, 0.536679506302, 0.413869023323, 0.451253116131, 0.266340374947, 0.108631975949, 0.0423211716115, 0.0153060322627, 0.00469664763659, 0.00155179237481, 0.000222986156587, 3.18692764267e-05, 3.56478703907e-05],
        "min": [1.76546473085e-05, 0.000157921240316, 0.00361561030149, 0.0154646830633, 0.0102340625599, 0.0166385080665, 0.0143793076277, 0.0198139362037, 0.0098501201719, 0.00327039998956, 0.0124973040074, 0.00453541660681, 0.00179306988139, 0.00239758077078, 0.00376335554756, 0.00578149454668, 0.0114549119025, 0.00510365050286, 0.00596432108432, 0.0121261142194, 0.0066518583335, 0.00241825520061, 0.00185657548718, 0.000589895353187, 0.000370911322534, 0.000319169019349, 0.000357319077011, 0.000804006005637, 0.000348204572219, 0.000206474491279, 0.000140225529321, 0.000110491993837, 6.8938912591e-05, 2.50492648775e-05, 1.42401868288e-05, 6.18390731688e-06, 2.5501744858e-06, 3.21201440556e-07, 5.98415851982e-07, 5.75000683511e-07],
        "stdev": [1.302703619, 11.5272340775, 23.3049907684, 22.7572193146, 53.1974182129, 69.8053131104, 43.3609008789, 40.2754020691, 20.3860359192, 21.3639640808, 18.1452579498, 20.9988498688, 15.9741687775, 27.3727073669, 7.56071376801, 9.81529808044, 9.27101421356, 9.86903762817, 7.65432977676, 13.0268211365, 14.5201835632, 10.7065267563, 9.38981437683, 8.18423461914, 8.48013401031, 12.722360611, 21.1076469421, 20.1730594635, 15.5541210175, 20.0878162384, 13.7568807602, 9.83497428894, 8.50368690491, 6.92713356018, 2.09331178665, 1.06665992737, 0.317950636148, 0.0967416167259, 0.00372011424042, 0.00012039692956],
        "var": [1.69703674316, 132.87713623, 543.122558594, 517.890991211, 2829.96533203, 4872.78222656, 1880.16760254, 1622.1081543, 415.590423584, 456.418945312, 329.250366211, 440.951721191, 255.174057007, 749.265136719, 57.164390564, 96.3400802612, 85.9516983032, 97.3979110718, 58.5887641907, 169.698074341, 210.835723877, 114.629707336, 88.1686172485, 66.9816894531, 71.9126739502, 161.858459473, 445.532745361, 406.952362061, 241.93069458, 403.520385742, 189.25177002, 96.7267150879, 72.3126983643, 47.9851760864, 4.38195466995, 1.13776350021, 0.101092599332, 0.00935893971473, 1.38392506415e-05, 1.44954208636e-08]
    },
    "gfcc": {
        "mean": [-46.2542076111, 121.961158752, -88.9193954468, 56.9282150269, -45.3766441345, 10.4757089615, -26.9626712799, 3.18327641487, -13.0740633011, 3.60826826096, -6.95590734482, -2.53850388527, -2.8704457283],
        "cov": [[6348.875, -1804.55383301, -567.15222168, -76.7315750122, -893.482666016, 208.066589355, -583.577453613, 294.347045898, -454.537963867, 254.466003418, -339.693634033, 216.453948975, -120.429237366], [-1804.55383301, 1682.3145752, 171.619888306, -41.1642608643, 611.172241211, -187.07131958, 382.381561279, -267.355926514, 292.391479492, -210.123245239, 213.909637451, -196.823242188, 116.520851135], [-567.15222168, 171.619888306, 1210.2791748, 118.891075134, 171.24206543, 183.217849731, 8.87684059143, -6.94424581528, 98.1367721558, -38.1214485168, -56.7646446228, -24.5794773102, -38.0834846497], [-76.7315750122, -41.1642608643, 118.891075134, 392.505859375, 110.963912964, 41.2766342163, 79.5249557495, -24.5560073853, 44.949344635, 29.5486946106, 82.293182373, -31.3321647644, 11.2324466705], [-893.482666016, 611.172241211, 171.24206543, 110.963912964, 473.678863525, 34.2675361633, 252.304473877, -81.1438369751, 159.952545166, -35.5817337036, 131.972854614, -80.9693527222, 54.5601730347], [208.066589355, -187.07131958, 183.217849731, 41.2766342163, 34.2675361633, 204.242080688, 22.1687908173, 64.6651000977, 7.87142181396, 38.469959259, -24.0693817139, 21.5710372925, -8.69585132599], [-583.577453613, 382.381561279, 8.87684059143, 79.5249557495, 252.304473877, 22.1687908173, 298.780700684, 5.86531925201, 131.356506348, -16.597032547, 88.3049926758, -53.457359314, 46.8453025818], [294.347045898, -267.355926514, -6.94424581528, -24.5560073853, -81.1438369751, 64.6651000977, 5.86531925201, 160.022262573, 4.34041500092, 61.2446975708, -39.9459228516, 36.267414093, -10.5410614014], [-454.537963867, 292.391479492, 98.1367721558, 44.949344635, 159.952545166, 7.87142181396, 131.356506348, 4.34041500092, 152.606048584, 4.19697952271, 53.6483421326, -47.3971405029, 27.8443317413], [254.466003418, -210.123245239, -38.1214485168, 29.5486946106, -35.5817337036, 38.469959259, -16.597032547, 61.2446975708, 4.19697952271, 115.848327637, 20.4294033051, 33.7616767883, -3.21771335602], [-339.693634033, 213.909637451, -56.7646446228, 82.293182373, 131.972854614, -24.0693817139, 88.3049926758, -39.9459228516, 53.6483421326, 20.4294033051, 132.316009521, 1.61896848679, 31.2949676514], [216.453948975, -196.823242188, -24.5794773102, -31.3321647644, -80.9693527222, 21.5710372925, -53.457359314, 36.267414093, -47.3971405029, 33.7616767883, 1.61896848679, 104.069442749, 4.2223482132], [-120.429237366, 116.520851135, -38.0834846497, 11.2324466705, 54.5601730347, -8.69585132599, 46.8453025818, -10.5410614014, 27.8443317413, -3.21771335602, 31.2949676514, 4.2223482132, 60.9407081604]],
        "icov": [[0.000297789520118, -0.000211080201552, 0.000187477067811, -0.000279364845483, 0.000244960625423, -0.000409251049859, 0.0002399940131, -0.00021721883968, 0.000542845577002, -0.000642720784526, 0.000687881896738, -0.000140418953379, 3.54729272658e-05], [-0.000211080201552, 0.00480764266104, -0.000925659551285, 0.00291714025661, -0.0019438295858, 0.00264721689746, -0.00156068394426, 0.00306149479002, -0.00401493674144, 0.0048281098716, -0.00468016788363, 0.00304484693334, -0.00259652687237], [0.000187477067811, -0.000925659551285, 0.0015886988258, -0.00112275162246, -0.000248004886089, -0.00161938380916, 0.00114747998305, -0.000286006339593, -0.000569292984437, -0.000435412192019, 0.0024205124937, -0.00148801261093, 0.00149677961599], [-0.000279364845483, 0.00291714025661, -0.00112275162246, 0.00530947558582, -0.000769980542827, 0.000999259063974, -0.00159173249267, 0.00225142668933, -0.00177359592635, 0.00215795938857, -0.00577530823648, 0.00367525289766, -0.00172959256452], [0.000244960625423, -0.0019438295858, -0.000248004886089, -0.000769980542827, 0.00766676990315, -0.00311427330598, -0.0024835257791, 0.00135840079747, 7.18269657227e-05, -0.00162645964883, -0.00172650406603, 0.000983664300293, -0.000276925187791], [-0.000409251049859, 0.00264721689746, -0.00161938380916, 0.000999259063974, -0.00311427330598, 0.00969919096678, -0.00176525150891, -0.00060375360772, -0.00100665586069, 0.00087313761469, -0.000271351076663, -5.08124976477e-05, -0.000992841552943], [0.0002399940131, -0.00156068394426, 0.00114747998305, -0.00159173249267, -0.0024835257791, -0.00176525150891, 0.00960909668356, -0.0047501642257, -0.00168304890394, 0.00117180775851, -0.000393161055399, 0.000255870108958, -0.000752706779167], [-0.00021721883968, 0.00306149479002, -0.000286006339593, 0.00225142668933, 0.00135840079747, -0.00060375360772, -0.0047501642257, 0.0151328826323, -0.00581244146451, -0.0024098448921, 0.00207162182778, -0.00156347325537, -0.000336954981321], [0.000542845577002, -0.00401493674144, -0.000569292984437, -0.00177359592635, 7.18269657227e-05, -0.00100665586069, -0.00168304890394, -0.00581244146451, 0.0192227847874, -0.00688838539645, 0.00138979195617, 0.00305420160294, -0.0012710604351], [-0.000642720784526, 0.0048281098716, -0.000435412192019, 0.00215795938857, -0.00162645964883, 0.00087313761469, 0.00117180775851, -0.0024098448921, -0.00688838539645, 0.0204561948776, -0.010804454796, 0.00145481561776, -0.00123325549066], [0.000687881896738, -0.00468016788363, 0.0024205124937, -0.00577530823648, -0.00172650406603, -0.000271351076663, -0.000393161055399, 0.00207162182778, 0.00138979195617, -0.010804454796, 0.0248922258615, -0.0099805817008, 0.0017558184918], [-0.000140418953379, 0.00304484693334, -0.00148801261093, 0.00367525289766, 0.000983664300293, -5.08124976477e-05, 0.000255870108958, -0.00156347325537, 0.00305420160294, 0.00145481561776, -0.0099805817008, 0.019208362326, -0.00658592069522], [3.54729272658e-05, -0.00259652687237, 0.00149677961599, -0.00172959256452, -0.000276925187791, -0.000992841552943, -0.000752706779167, -0.000336954981321, -0.0012710604351, -0.00123325549066, 0.0017558184918, -0.00658592069522, 0.0233951881528]]
    },
    "melbands": {
        "dmean": [0.00327571085654, 0.00266068591736, 0.00120785704348, 0.00128583482001, 0.000549964723177, 0.000288515962893, 9.02627725736e-05, 6.26762703178e-05, 4.69965052616e-05, 3.48880821548e-05, 2.33377995755e-05, 1.75014210981e-05, 6.53113465887e-06, 7.23554421711e-06, 1.01302903204e-05, 6.5546219048e-06, 5.8829068621e-06, 4.30922409578e-06, 6.14939835941e-06, 4.76317700304e-06, 4.90130423714e-06, 3.43261103808e-06, 2.23224174078e-06, 2.58964996647e-06, 2.06827075999e-06, 1.83518056929e-06, 1.98253246708e-06, 2.71155886367e-06, 3.52482447852e-06, 2.64859090748e-06, 2.19089383791e-06, 1.65001608821e-06, 1.60287356721e-06, 1.88926628653e-06, 1.4526766563e-06, 1.01951820852e-06, 1.16763760616e-06, 9.10741732696e-07, 9.65751610238e-07, 8.71373799782e-07],
        "dmean2": [0.00499649671838, 0.00407143170014, 0.00202851905487, 0.00222769426182, 0.000896590412594, 0.000455244735349, 0.000144756530062, 0.000105445869849, 7.60992916184e-05, 5.73224388063e-05, 3.74708761228e-05, 2.55855684372e-05, 9.65823892329e-06, 1.10486716949e-05, 1.53137334564e-05, 9.93156936602e-06, 8.94046479516e-06, 6.76629315421e-06, 9.82566871244e-06, 7.58670557843e-06, 7.54495613364e-06, 5.37776759302e-06, 3.55619044967e-06, 4.04226830142e-06, 3.15500165016e-06, 2.83596091322e-06, 3.06835954689e-06, 4.32145725426e-06, 5.52395886189e-06, 4.31712351201e-06, 3.59692876373e-06, 2.60654633166e-06, 2.26868019126e-06, 2.89917829832e-06, 2.26379597734e-06, 1.59350054219e-06, 2.03432136914e-06, 1.44389696288e-06, 1.64337063779e-06, 1.52215670823e-06],
        "dvar": [5.81810963922e-05, 6.43711027806e-05, 1.66486570379e-05, 3.29932954628e-05, 2.1813668809e-06, 5.39873212801e-07, 5.01849335421e-08, 6.28712299999e-08, 1.14219957936e-08, 1.49509080671e-08, 5.60711477249e-09, 4.68625271921e-09, 2.70804795255e-10, 2.94902519071e-10, 6.68850641539e-10, 2.14967557643e-10, 1.59678062439e-10, 7.616687836e-11, 3.90418836149e-10, 1.41737233061e-10, 1.34986438693e-10, 4.76750097733e-11, 4.91697134397e-11, 4.03678201977e-11, 2.81174094424e-11, 2.23942617922e-11, 2.34731557108e-11, 4.2555889368e-11, 1.03225199222e-10, 1.81940379429e-10, 1.2532924698e-10, 4.97530905363e-11, 7.64132715436e-11, 8.66129529209e-11, 6.43124650757e-11, 1.95569810346e-11, 6.13904274638e-11, 3.64045529833e-11, 6.35889188527e-11, 4.36607486276e-11],
        "dvar2": [0.000136839807965, 0.000148510909639, 4.3451829697e-05, 9.07931244001e-05, 5.4500992519e-06, 1.27476789658e-06, 1.27797179061e-07, 1.76013898567e-07, 2.87425407919e-08, 3.9554794995e-08, 1.55546793223e-08, 8.67654925685e-09, 5.98345095693e-10, 7.16139869628e-10, 1.64486657628e-09, 5.45935519014e-10, 3.58272467249e-10, 1.68431504854e-10, 9.82367298619e-10, 3.58213708695e-10, 2.93159330145e-10, 1.05113424909e-10, 1.27455240806e-10, 9.5349665663e-11, 6.37583805196e-11, 4.75325577509e-11, 5.71927089021e-11, 1.08909700702e-10, 2.54018028834e-10, 4.96228391711e-10, 3.35275612828e-10, 1.24358218168e-10, 1.72551264943e-10, 1.77991552053e-10, 1.53423954097e-10, 4.53251498833e-11, 1.76794578977e-10, 9.21312331981e-11, 1.77640666066e-10, 1.27155688756e-10],
        "max": [0.136055320501, 0.167829602957, 0.0517847165465, 0.0920182317495, 0.0221875570714, 0.0106328949332, 0.00281382119283, 0.0064194961451, 0.0014925878495, 0.00327011873014, 0.00152837031055, 0.00275988783687, 0.00026868187706, 0.000292563869152, 0.000417621427914, 0.000243636706728, 0.000289557297947, 0.000137555791298, 0.000416678725742, 0.000258066284005, 0.00024193097488, 0.000127241088194, 0.000176102912519, 0.000122484925669, 0.000117801078886, 0.000124739381135, 0.0001101063026, 0.000124731770484, 0.000220130488742, 0.000429337553214, 0.000333649426466, 0.000143991419463, 0.000237085769186, 0.000230697725783, 0.000198397523491, 0.000101134144643, 0.000150878055138, 0.000127808743855, 0.000208551762626, 0.00013947566913],
        "mean": [0.00928541366011, 0.00685584824532, 0.00175695389044, 0.00136595289223, 0.000857668113895, 0.00046764567378, 0.00015191201237, 9.05992492335e-05, 0.000103315847809, 6.15912940702e-05, 4.25693797297e-05, 3.84904269595e-05, 1.41862683449e-05, 1.34718284244e-05, 2.01700913749e-05, 1.30171265482e-05, 1.24488460642e-05, 8.02278191259e-06, 9.71307508735e-06, 8.2938131527e-06, 8.42909048515e-06, 7.20512616681e-06, 4.33687137047e-06, 5.30459510628e-06, 4.04831916967e-06, 3.58385773325e-06, 3.80313827009e-06, 5.45529474039e-06, 7.69062990003e-06, 4.27910481449e-06, 2.98079112326e-06, 2.10089774555e-06, 1.9891251668e-06, 2.21816594603e-06, 1.83959605238e-06, 1.3591560446e-06, 1.18522507364e-06, 9.92660716292e-07, 8.96526728411e-07, 7.68475899804e-07],
        "median": [0.00421540811658, 0.00293508963659, 0.000551185104996, 0.000441394251538, 0.000392992340494, 0.000136693546665, 5.4276028095e-05, 2.90930584015e-05, 4.7335463023e-05, 2.16882963286e-05, 1.01913346953e-05, 6.28211228104e-06, 3.58587908522e-06, 4.79213986182e-06, 6.42100349069e-06, 4.63807509732e-06, 4.16936518377e-06, 2.69427596322e-06, 3.20225103678e-06, 3.36927428179e-06, 3.08503831548e-06, 2.38197412727e-06, 1.84400914804e-06, 2.14474971472e-06, 1.66248003097e-06, 1.50603398197e-06, 1.24081316244e-06, 1.33335470309e-06, 1.49833999785e-06, 7.81826997809e-07, 4.63945269757e-07, 2.83660455125e-07, 2.09083424352e-07, 2.11779180859e-07, 2.39468079144e-07, 2.10703319681e-07, 1.2310651698e-07, 8.06569246947e-08, 4.25621600186e-08, 2.96588016369e-08],
        "min": [7.18180928061e-08, 5.50168692826e-07, 3.45691773873e-06, 1.71158831108e-06, 4.83018823161e-07, 3.82096374096e-07, 5.79928034483e-08, 1.50850585356e-08, 1.33266055968e-07, 1.24673436019e-08, 7.34849781026e-09, 7.39922212389e-09, 9.15566644721e-09, 1.3193454329e-08, 1.06016599943e-08, 1.78309689236e-09, 6.40591713008e-09, 5.60278534678e-09, 1.150098905e-09, 1.72091549899e-08, 2.2657269394e-09, 1.85940918218e-09, 1.95304084016e-09, 1.50747869743e-09, 2.13448064779e-10, 2.44320924603e-10, 2.54988141712e-10, 1.88372928367e-10, 8.27753837696e-11, 4.90030460654e-10, 4.07250122514e-10, 2.12797501842e-10, 1.02194329388e-10, 8.47583600527e-11, 5.22988805041e-11, 4.90264738529e-11, 4.29045861339e-11, 2.38233981154e-11, 1.14853179051e-11, 1.07106884126e-11],
        "stdev": [0.0132878785953, 0.0112110432237, 0.00418118201196, 0.00483554136008, 0.001560771605, 0.000880174338818, 0.000284746027319, 0.000230018587899, 0.000157363872859, 0.000130019223434, 8.39515851112e-05, 0.000123276477098, 2.92844360956e-05, 2.31090107263e-05, 3.64262050425e-05, 2.02939263545e-05, 1.98579127755e-05, 1.33531475512e-05, 2.18991353904e-05, 1.45070544022e-05, 1.72882573679e-05, 1.29159152493e-05, 8.2954611571e-06, 8.75387195265e-06, 6.90761999067e-06, 6.27402005193e-06, 6.62237880533e-06, 9.70848941506e-06, 1.62716605701e-05, 1.2850139683e-05, 1.11200060928e-05, 8.21751655167e-06, 1.02570575109e-05, 1.12741727207e-05, 8.70145959198e-06, 5.28716327608e-06, 6.54942277833e-06, 5.95400524617e-06, 6.76635681884e-06, 5.47535319129e-06],
        "var": [0.000176567715243, 0.000125687482068, 1.74822816916e-05, 2.33824612224e-05, 2.43600788963e-06, 7.74706848006e-07, 8.10803015838e-08, 5.29085539824e-08, 2.47633895611e-08, 1.69050000665e-08, 7.04786806693e-09, 1.51970915852e-08, 8.57578230651e-10, 5.34026378674e-10, 1.32686850396e-09, 4.11843448234e-10, 3.94336674425e-10, 1.7830655008e-10, 4.79572159762e-10, 2.10454639826e-10, 2.98883834349e-10, 1.66820876557e-10, 6.88146692407e-11, 7.66302715727e-11, 4.77152137246e-11, 3.93633250995e-11, 4.38558980798e-11, 9.42547706551e-11, 2.64766958358e-10, 1.65126079477e-10, 1.23654544937e-10, 6.75275738105e-11, 1.05207231815e-10, 1.27106977721e-10, 7.5715406167e-11, 2.79540939008e-11, 4.28949376019e-11, 3.54501809852e-11, 4.57835817869e-11, 2.99794911118e-11]
    },
    "melbands128": {
