{
"lowlevel": {
    "average_loudness": 0.868504822254,
    "barkbands_crest": {
        "dmean": 1.34571814537,
        "dmean2": 2.1796374321,
        "dvar": 1.67322671413,
        "dvar2": 4.34651279449,
        "max": 21.6581764221,
        "mean": 11.3493757248,
        "median": 10.6409082413,
        "min": 5.16374254227,
        "stdev": 3.30059313774,
        "var": 10.8939151764
    },
    "barkbands_flatness_db": {
        "dmean": 0.0196553673595,
        "dmean2": 0.0335330180824,
        "dvar": 0.000340197351761,
        "dvar2": 0.000830195960589,
        "max": 0.574710905552,
        "mean": 0.453298956156,
        "median": 0.456655234098,
        "min": 0.21559651196,
        "stdev": 0.0527384467423,
        "var": 0.00278134387918
    },
    "barkbands_kurtosis": {
        "dmean": 0.627221763134,
        "dmean2": 0.99343174696,
        "dvar": 0.549091219902,
        "dvar2": 1.35311162472,
        "max": 10.4435873032,
        "mean": 1.52386939526,
        "median": 1.03577709198,
        "min": -1.49247157574,
        "stdev": 1.94712507725,
        "var": 3.79129600525
    },
    "barkbands_skewness": {
        "dmean": 0.174427047372,
        "dmean2": 0.277359455824,
        "dvar": 0.0282175149769,
        "dvar2": 0.0738976597786,
        "max": 2.36384081841,
        "mean": 0.99064296484,
        "median": 0.971342623234,
        "min": -1.24492561817,
        "stdev": 0.558222711086,
        "var": 0.311612576246
    },
    "barkbands_spread": {
        "dmean": 0.476024508476,
        "dmean2": 0.746933937073,
        "dvar": 0.291360497475,
        "dvar2": 0.637169837952,
        "max": 12.4161596298,
        "mean": 4.11554718018,
        "median": 3.66708946228,
        "min": 0.868607461452,
        "stdev": 2.15332651138,
        "var": 4.63681459427
    },
    "dissonance": {
        "dmean": 0.0522295124829,
        "dmean2": 0.0895636752248,
        "dvar": 0.00213963654824,
        "dvar2": 0.005998252891,
        "max": 0.496699273586,
        "mean": 0.336816579103,
        "median": 0.341624885798,
        "min": 0.104045033455,
        "stdev": 0.0711592584848,
        "var": 0.00506363995373
    },
    "dynamic_complexity": 2.23143792152,
    "erbbands_crest": {
        "dmean": 1.62511217594,
        "dmean2": 2.57185029984,
        "dvar": 3.21085596085,
        "dvar2": 8.88257312775,
        "max": 29.099981308,
        "mean": 13.5097866058,
        "median": 12.5493755341,
        "min": 5.67667007446,
        "stdev": 4.39755964279,
        "var": 19.3385295868
    },
    "erbbands_flatness_db": {
        "dmean": 0.0130479503423,
        "dmean2": 0.0221845004708,
        "dvar": 0.000185402968782,
        "dvar2": 0.000427479040809,
        "max": 0.550653576851,
        "mean": 0.474353224039,
        "median": 0.477349936962,
        "min": 0.219505727291,
        "stdev": 0.0344201549888,
        "var": 0.0011847470887
    },
    "erbbands_kurtosis": {
        "dmean": 0.440153002739,
        "dmean2": 0.705295443535,
        "dvar": 0.348939985037,
        "dvar2": 0.885465979576,
        "max": 8.00069999695,
        "mean": -0.0119610214606,
        "median": -0.371988773346,
        "min": -1.6664891243,
        "stdev": 1.21627008915,
        "var": 1.47931301594
    },
    "erbbands_skewness": {
        "dmean": 0.194909930229,
        "dmean2": 0.312782764435,
        "dvar": 0.0422445982695,
        "dvar2": 0.116783559322,
        "max": 2.24869966507,
        "mean": 0.437485277653,
        "median": 0.474695712328,
        "min": -1.93092262745,
        "stdev": 0.619056403637,
        "var": 0.383230805397
    },
    "erbbands_spread": {
        "dmean": 0.927111327648,
        "dmean2": 1.42507004738,
        "dvar": 0.854556679726,
        "dvar2": 2.01898527145,
        "max": 21.1667537689,
        "mean": 9.16021156311,
        "median": 8.810297966,
        "min": 2.44615030289,
        "stdev": 3.39783811569,
        "var": 11.5453033447
    },
    "hfc": {
        "dmean": 2.33013486862,
        "dmean2": 2.76767325401,
        "dvar": 8.26291847229,
        "dvar2": 11.4071121216,
        "max": 60.8582000732,
        "mean": 14.2579212189,
        "median": 10.3630657196,
        "min": 1.41453313828,
        "stdev": 11.1746912003,
        "var": 124.873718262
    },
    "loudness_ebu128": {
        "integrated": -18.4346866608,
        "loudness_range": 5.11207962036,
        "momentary": {
            "dmean": 0.348889917135,
            "dmean2": 0.278037488461,
            "dvar": 0.0666704326868,
            "dvar2": 0.0591944158077,
            "max": -14.6338911057,
            "mean": -18.9589881897,
            "median": -19.0207061768,
            "min": -23.2748565674,
            "stdev": 2.15211892128,
            "var": 4.63161563873
        },
        "short_term": {
            "dmean": 0.089001365006,
            "dmean2": 0.0298772770911,
            "dvar": 0.00389976287261,
            "dvar2": 0.000890913943294,
            "max": -15.4783029556,
            "mean": -18.7723121643,
            "median": -18.6880531311,
            "min": -21.7282772064,
            "stdev": 1.76135146618,
            "var": 3.10235881805
        }
    },
    "melbands_crest": {
        "dmean": 1.7720284462,
        "dmean2": 2.88378334045,
        "dvar": 2.94545602798,
        "dvar2": 7.73093366623,
        "max": 26.8319129944,
        "mean": 13.9995393753,
        "median": 13.3178043365,
        "min": 5.67252588272,
        "stdev": 4.23892498016,
        "var": 17.9684867859
    },
    "melbands_flatness_db": {
        "dmean": 0.0200551711023,
        "dmean2": 0.0341507568955,
        "dvar": 0.00039703247603,
        "dvar2": 0.000957076379564,
        "max": 0.723144412041,
        "mean": 0.566061079502,
        "median": 0.568669915199,
        "min": 0.324660658836,
        "stdev": 0.0668046027422,
        "var": 0.00446285540238
    },
    "melbands_kurtosis": {
        "dmean": 0.733012199402,
        "dmean2": 1.15625715256,
        "dvar": 0.583089888096,
        "dvar2": 1.58648967743,
        "max": 8.37978649139,
        "mean": 2.18432188034,
        "median": 1.92660665512,
        "min": -1.40522444248,
        "stdev": 1.96573388577,
        "var": 3.86410951614
    },
    "melbands_skewness": {
        "dmean": 0.180496826768,
        "dmean2": 0.28455594182,
        "dvar": 0.0277915894985,
        "dvar2": 0.0725632607937,
        "max": 2.20791268349,
        "mean": 1.09929680824,
        "median": 1.11143565178,
        "min": -1.00838851929,
        "stdev": 0.456310063601,
        "var": 0.208218887448
    },
    "melbands_spread": {
        "dmean": 0.91993701458,
        "dmean2": 1.48140895367,
        "dvar": 1.10492455959,
        "dvar2": 2.8316628933,
        "max": 21.5583438873,
        "mean": 7.19076108932,
        "median": 6.27765464783,
        "min": 1.52186989784,
        "stdev": 3.89005184174,
        "var": 15.1325035095
    },
    "pitch_salience": {
        "dmean": 0.0417858213186,
        "dmean2": 0.0695698559284,
        "dvar": 0.00179184926674,
        "dvar2": 0.0047588669695,
        "max": 0.834962546825,
        "mean": 0.54786658287,
        "median": 0.546660661697,
        "min": 0.334686756134,
        "stdev": 0.0777526795864,
        "var": 0.00604547932744
    },
    "silence_rate_20dB": {
        "dmean": 0,
        "dmean2": 0,
        "dvar": 0,
        "dvar2": 0,
        "max": 1,
        "mean": 1,
        "median": 1,
        "min": 1,
        "stdev": 0,
        "var": 0
    },
    "silence_rate_30dB": {
        "dmean": 0,
        "dmean2": 0,
        "dvar": 0,
        "dvar2": 0,
        "max": 1,
        "mean": 1,
        "median": 1,
        "min": 1,
        "stdev": 0,
        "var": 0
    },
    "silence_rate_60dB": {
        "dmean": 0,
        "dmean2": 0,
        "dvar": 0,
        "dvar2": 0,
        "max": 0,
        "mean": 0,
        "median": 0,
        "min": 0,
        "stdev": 0,
        "var": 0
    },
    "spectral_centroid": {
        "dmean": 24.9556903839,
        "dmean2": 38.722454071,
        "dvar": 781.670959473,
        "dvar2": 1790.29553223,
        "max": 956.710144043,
        "mean": 508.916107178,
        "median": 466.864807129,
        "min": 302.383270264,
        "stdev": 132.469161987,
        "var": 17548.078125
    },
    "spectral_complexity": {
        "dmean": 0.955624341965,
        "dmean2": 1.59679913521,
        "dvar": 0.945388197899,
        "dvar2": 1.98871552944,
        "max": 16,
        "mean": 9.61835956573,
        "median": 9,
        "min": 4,
        "stdev": 2.12642908096,
        "var": 4.52170038223
    },
    "spectral_decrease": {
        "dmean": 1.18935183924e-09,
        "dmean2": 1.48993872795e-09,
        "dvar": 1.40786067878e-18,
        "dvar2": 2.2180918436e-18,
        "max": -9.29302579333e-10,
        "mean": -6.58038734613e-09,
        "median": -5.74339864556e-09,
        "min": -2.38731487912e-08,
        "stdev": 3.95415922227e-09,
        "var": 1.56353745559e-17
    },
    "spectral_energy": {
        "dmean": 0.00469321990386,
        "dmean2": 0.00586198549718,
        "dvar": 2.221660543e-05,
        "dvar2": 3.46491542587e-05,
        "max": 0.095408834517,
        "mean": 0.0261291339993,
        "median": 0.0225857794285,
        "min": 0.00363569823094,
        "stdev": 0.0158810485154,
        "var": 0.000252207682934
    },
    "spectral_energyband_high": {
        "dmean": 3.41743309207e-08,
        "dmean2": 4.76490740198e-08,
        "dvar": 1.15988829327e-13,
        "dvar2": 1.2733140009e-13,
        "max": 1.14232188935e-05,
        "mean": 7.57044986699e-08,
        "median": 1.88602715667e-08,
        "min": 6.18979889566e-09,
        "stdev": 3.76097688104e-07,
        "var": 1.41449460651e-13
    },
    "spectral_energyband_low": {
        "dmean": 0.000188855759916,
        "dmean2": 0.000247851712629,
        "dvar": 2.05592883162e-07,
        "dvar2": 3.60954459211e-07,
        "max": 0.00741999782622,
        "mean": 0.000525659415871,
        "median": 0.00010027315875,
        "min": 5.90639672282e-07,
        "stdev": 0.00106850394513,
        "var": 1.14170074994e-06
    },
    "spectral_energyband_middle_high": {
        "dmean": 0.000865851936396,
        "dmean2": 0.00100414664485,
        "dvar": 2.2195188194e-06,
        "dvar2": 3.06584161081e-06,
        "max": 0.0401211306453,
        "mean": 0.00476746540517,
        "median": 0.00233272532932,
        "min": 0.000101757977973,
        "stdev": 0.00585198355839,
        "var": 3.42457096849e-05
    },
    "spectral_energyband_middle_low": {
        "dmean": 0.00414811167866,
        "dmean2": 0.00546376453713,
        "dvar": 1.70610037458e-05,
        "dvar2": 2.93135726679e-05,
        "max": 0.0807081311941,
        "mean": 0.021205034107,
        "median": 0.0186140369624,
        "min": 0.00286225904711,
        "stdev": 0.0122734801844,
        "var": 0.000150638326886
    },
    "spectral_entropy": {
        "dmean": 0.113191246986,
        "dmean2": 0.190537765622,
        "dvar": 0.0204957388341,
        "dvar2": 0.0496074706316,
        "max": 6.70882463455,
        "mean": 5.18978309631,
        "median": 5.16374874115,
        "min": 4.45063686371,
        "stdev": 0.278055846691,
        "var": 0.0773150548339
    },
    "spectral_flux": {
        "dmean": 0.0151838678867,
        "dmean2": 0.0243555940688,
        "dvar": 0.000308003800455,
        "dvar2": 0.000667699496262,
        "max": 0.155401259661,
        "mean": 0.0391081236303,
        "median": 0.0334080159664,
        "min": 0.00800834689289,
        "stdev": 0.0219556819648,
        "var": 0.000482051982544
    },
    "spectral_kurtosis": {
        "dmean": 71.6100997925,
        "dmean2": 124.448051453,
        "dvar": 4751.19580078,
        "dvar2": 13782.4433594,
        "max": 671.946716309,
        "mean": 259.020385742,
        "median": 241.575759888,
        "min": 9.03480911255,
        "stdev": 127.904777527,
        "var": 16359.6328125
    },
    "spectral_rms": {
        "dmean": 0.000464728509542,
        "dmean2": 0.000589008908719,
        "dvar": 1.77716401595e-07,
        "dvar2": 3.05281957935e-07,
        "max": 0.00964789092541,
        "mean": 0.0048287785612,
        "median": 0.00469413539395,
        "min": 0.00188335415442,
        "stdev": 0.00147469772492,
        "var": 2.1747334813e-06
    },
    "spectral_rolloff": {
        "dmean": 53.9883728027,
        "dmean2": 95.4371643066,
        "dvar": 11417.3789062,
        "dvar2": 25328.0351562,
        "max": 1571.92382812,
        "mean": 737.517272949,
        "median": 624.462890625,
        "min": 366.064453125,
        "stdev": 294.515045166,
        "var": 86739.109375
    },
    "spectral_skewness": {
        "dmean": 2.10636663437,
        "dmean2": 3.70023036003,
        "dvar": 3.68715238571,
        "dvar2": 10.0504646301,
        "max": 21.2528438568,
        "mean": 12.1266422272,
        "median": 12.279253006,
        "min": 2.19073987007,
        "stdev": 4.04970312119,
        "var": 16.400094986
    },
    "spectral_spread": {
        "dmean": 270106.8125,
        "dmean2": 467287.71875,
        "dvar": 133049663488,
        "dvar2": 221557080064,
        "max": 13782396,
        "mean": 602961.0625,
        "median": 563638.625,
        "min": 132954.734375,
        "stdev": 398690.15625,
        "var": 158953832448
    },
    "spectral_strongpeak": {
        "dmean": 0.306239247322,
        "dmean2": 0.47107475996,
        "dvar": 0.217242687941,
        "dvar2": 0.504323244095,
        "max": 7.54499769211,
        "mean": 1.77075469494,
        "median": 1.51004171371,
        "min": 0.182950586081,
        "stdev": 1.17986178398,
        "var": 1.39207386971
    },
    "zerocrossingrate": {
        "dmean": 0.00161525851581,
        "dmean2": 0.00212252349593,
        "dvar": 2.20913238991e-06,
        "dvar2": 3.09597658088e-06,
        "max": 0.04833984375,
        "mean": 0.025740403682,
        "median": 0.02392578125,
        "min": 0.00927734375,
        "stdev": 0.00740036088973,
        "var": 5.47653398826e-05
    },
    "barkbands": {
        "dmean": [2.23620145334e-06, 1.8891404352e-06, 6.27660483588e-05, 0.000309912371449, 0.00137942889705, 0.00139950495213, 0.00119869969785, 0.00109526561573, 0.000392021349398, 0.000131951979711, 0.000647044565994, 0.000122659213957, 2.93240991596e-05, 0.000186401754036, 2.45514311246e-05, 7.98427549853e-07, 3.74028388705e-07, 8.18929436264e-07, 3.62591208614e-07, 1.37407198508e-07, 7.40306305147e-09, 3.2156737273e-09, 2.37334751851e-09, 2.30347696473e-09, 2.72149103253e-09, 3.00932390118e-09, 2.04127381664e-09],
        "dmean2": [3.85644761991e-06, 3.29945510202e-06, 8.45998802106e-05, 0.000432083499618, 0.00217450829223, 0.00176454824395, 0.00202644639648, 0.00134358077776, 0.000564448942896, 0.000178401911398, 0.00073324207915, 0.000166843965417, 4.44245779363e-05, 0.000233912447584, 3.60637095582e-05, 1.12160182653e-06, 5.05080265611e-07, 1.20724348562e-06, 5.51995867681e-07, 1.9316742339e-07, 1.0485366353e-08, 4.70332706115e-09, 3.41923178659e-09, 3.24279691988e-09, 3.61181662356e-09, 4.1395535888e-09, 3.0343834112e-09],
        "dvar": [4.96990252771e-12, 2.21979691573e-11, 3.85326153207e-08, 2.18253177309e-07, 2.78179049928e-06, 2.56553971667e-06, 1.64547168424e-06, 4.93196557727e-06, 1.03184640921e-06, 3.62635077522e-08, 1.38746270295e-06, 7.60629035312e-08, 1.04355883934e-08, 2.18746080805e-07, 1.17955822887e-08, 6.80238573803e-11, 1.48975146455e-12, 1.30076548491e-11, 1.40581632706e-12, 3.57214149753e-13, 5.19962651968e-15, 1.83968038726e-15, 1.23587782125e-15, 1.34597632841e-15, 2.5203437817e-15, 1.64920681786e-15, 5.63507461704e-16],
        "dvar2": [1.31292017189e-11, 5.12431139188e-11, 6.20210443003e-08, 4.15910335505e-07, 7.93655635789e-06, 3.52133952219e-06, 5.49104561287e-06, 7.42368365536e-06, 1.98953785002e-06, 7.50542596961e-08, 1.95512416212e-06, 1.42070902598e-07, 2.2437509628e-08, 3.27790019128e-07, 2.4184787506e-08, 1.41474554294e-10, 2.6332961419e-12, 2.46453552011e-11, 3.11836364023e-12, 6.09059623482e-13, 5.41017985213e-15, 1.8538288021e-15, 1.23676815876e-15, 1.34824415324e-15, 2.52051064719e-15, 1.64843580612e-15, 5.66020079063e-16],
        "max": [4.06977778766e-05, 8.9876644779e-05, 0.00352397514507, 0.00561270210892, 0.0206882152706, 0.0361061915755, 0.0158218964934, 0.0538894943893, 0.0281278509647, 0.00255601387471, 0.0351191796362, 0.00873719435185, 0.00345485215075, 0.00764189194888, 0.00224852003157, 0.000322454492562, 2.21755271923e-05, 8.26006726129e-05, 3.81084792025e-05, 2.00288723136e-05, 2.38699431065e-06, 1.7784910824e-06, 1.48714377701e-06, 1.41297584833e-06, 1.74493527538e-06, 1.38265522764e-06, 8.92490902515e-07],
        "mean": [4.34715411757e-06, 1.73231740064e-06, 0.000221191032324, 0.000686684506945, 0.00346098886803, 0.00614725239575, 0.00343978125602, 0.00575104588643, 0.00153833616059, 0.000448704056907, 0.00278682191856, 0.000627075904049, 0.000105125953269, 0.000828529533464, 7.30964893592e-05, 2.09495692616e-06, 1.33123194246e-06, 2.76081641459e-06, 1.50849893998e-06, 7.29786961529e-07, 1.53541250825e-08, 4.67112748481e-09, 3.89189391825e-09, 3.08500602841e-09, 3.49689521784e-09, 4.71655781098e-09, 2.19687001923e-09],
        "median": [3.90590821553e-06, 6.09656808592e-07, 8.54811514728e-06, 0.000340628117556, 0.00263217417523, 0.0042865597643, 0.00308212754317, 0.00228820974007, 0.000475804117741, 0.000344327942003, 0.00071467331145, 0.000181888171937, 1.17804511319e-05, 4.57825699414e-05, 3.47574740545e-07, 9.24142611325e-08, 5.50876784189e-08, 2.21599254502e-08, 1.86432380644e-08, 4.73113193067e-09, 3.19113957481e-09, 2.10054484917e-09, 2.27659868735e-09, 1.47612733148e-09, 1.45489298387e-09, 2.8367954652e-09, 8.73298600101e-10],
        "min": [1.26027927649e-07, 1.5503040629e-08, 1.05281738882e-08, 1.0906337593e-06, 0.000142468328704, 3.32041672664e-05, 6.62336024106e-05, 5.0554704103e-06, 4.73244654131e-06, 6.49264211461e-06, 4.67183070896e-07, 8.12648181636e-07, 2.35676282045e-07, 9.28119270327e-09, 1.95290206229e-09, 1.09858344643e-09, 7.49358464169e-10, 5.47429601649e-10, 6.15558215511e-10, 3.87183396455e-10, 5.37880517903e-10, 5.41293176948e-10, 6.00566707476e-10, 5.43795342089e-10, 4.55896903562e-10, 2.30141031232e-10, 6.20610550797e-13],
        "stdev": [2.62545972873e-06, 4.26944961873e-06, 0.00056680792477, 0.000821285299025, 0.00281887454912, 0.00528266886249, 0.00231145019643, 0.00809541717172, 0.0029233857058, 0.000345790351275, 0.00445142714307, 0.00107627513353, 0.000263271474978, 0.0013388171792, 0.000209033009014, 1.69353643287e-05, 2.75714023701e-06, 7.90404919826e-06, 3.33902175953e-06, 2.38069583247e-06, 7.6513558156e-08, 4.30744613311e-08, 3.52455629127e-08, 3.67256838274e-08, 5.02413470826e-08, 4.07659612733e-08, 2.38030022359e-08],
        "var": [6.89303865722e-12, 1.8228201934e-11, 3.21271215853e-07, 6.74509522014e-07, 7.94605330157e-06, 2.79065916402e-05, 5.34280252396e-06, 6.55357798678e-05, 8.54618429003e-06, 1.19570970014e-07, 1.98152029043e-05, 1.15836826353e-06, 6.9311873574e-08, 1.79243136245e-06, 4.36948006666e-08, 2.86806550731e-10, 7.60182281706e-12, 6.24739981969e-11, 1.11490669127e-11, 5.66771239316e-12, 5.85432411912e-15, 1.85540936558e-15, 1.2422496266e-15, 1.3487757723e-15, 2.52419312293e-15, 1.66186371356e-15, 5.66582879517e-16]
    },
    "erbbands": {
        "dmean": [4.60359078716e-05, 0.00104782974813, 0.0437513366342, 0.601339578629, 3.53231334686, 4.76211500168, 4.88368368149, 15.1834182739, 21.0183029175, 21.6466617584, 13.8378839493, 7.4851026535, 4.31940031052, 4.01312637329, 30.8090209961, 6.09803915024, 2.10450601578, 9.97175598145, 2.02016329765, 0.828730165958, 0.0460666976869, 0.0193997360766, 0.0179357156157, 0.0653712898493, 0.0103213321418, 0.00295768957585, 0.000689259264618, 0.000245443661697, 0.000123682766571, 9.05385240912e-05, 6.501183816e-05, 4.80999333377e-05, 4.03809863201e-05, 3.23667300108e-05, 1.95441589312e-05, 1.02628864624e-05, 6.60941077513e-06, 2.84135535367e-06, 2.35310244534e-06, 5.27765450897e-06],
        "dmean2": [7.28258892195e-05, 0.00161294417921, 0.0597717054188, 0.810494482517, 5.63338565826, 7.56432151794, 5.4449801445, 18.6223201752, 36.6073532104, 27.8575763702, 18.2176246643, 10.8498706818, 6.04197692871, 4.92912530899, 35.0324211121, 7.55202150345, 2.88368582726, 12.5554018021, 2.53294682503, 1.22307217121, 0.0663205906749, 0.0262208655477, 0.0248674619943, 0.0961422845721, 0.0144756343216, 0.00415063789114, 0.00096677406691, 0.000342058105161, 0.000180728995474, 0.000130345128127, 9.36758078751e-05, 6.88208310748e-05, 5.50017248315e-05, 4.20966243837e-05, 2.54842598224e-05, 1.3698991097e-05, 8.72904274729e-06, 3.96081532017e-06, 2.88923570224e-06, 6.56859492665e-06],
        "dvar": [7.82634135277e-09, 5.7709748944e-06, 0.0152972135693, 1.10820889473, 12.3460216522, 58.1681022644, 49.6706504822, 362.1222229, 602.45300293, 1775.09606934, 713.700805664, 314.270233154, 53.7947502136, 34.8190116882, 3323.00146484, 125.142616272, 36.1791381836, 614.191894531, 21.9661426544, 13.3926782608, 0.075385607779, 0.00344395381398, 0.00289591704495, 0.0597388148308, 0.00312515650876, 0.000143923345604, 1.61719617608e-05, 5.84806457482e-06, 2.43240288e-06, 1.66666916357e-06, 8.90700903255e-07, 5.35582159955e-07, 4.40636370058e-07, 3.56803923296e-07, 1.10884123217e-07, 1.83609731863e-08, 7.27990734362e-09, 1.02449815298e-09, 1.36124479744e-11, 2.85651780008e-11],
        "dvar2": [1.65109614869e-08, 1.22923156596e-05, 0.0260598491877, 2.02938342094, 32.9812049866, 156.211380005, 79.4722976685, 452.737701416, 2136.21948242, 2845.79931641, 1253.1595459, 630.723205566, 115.974853516, 60.2210998535, 4685.25878906, 215.401641846, 69.78125, 921.635314941, 36.5031700134, 27.2087993622, 0.157504305243, 0.00612318515778, 0.0055318470113, 0.119345076382, 0.00561791611835, 0.000253203412285, 2.18968343688e-05, 5.98412998443e-06, 2.45463729698e-06, 1.67060591139e-06, 8.92225443749e-07, 5.3726915894e-07, 4.40799311718e-07, 3.5669808085e-07, 1.10946352549e-07, 1.8374576527e-08, 7.27787785593e-09, 1.02598940455e-09, 1.60911613895e-11, 4.40366285104e-11],
        "max": [0.00190880591981, 0.0409701727331, 2.26938390732, 14.9009838104, 33.8075790405, 94.5476150513, 101.177139282, 463.119720459, 221.143188477, 1031.97351074, 680.219116211, 435.321350098, 98.8237457275, 142.931091309, 1712.47399902, 322.130645752, 183.664169312, 408.187316895, 73.7266387939, 74.6084518433, 9.85115528107, 1.02518367767, 1.02787673473, 5.27946281433, 2.3295443058, 0.388951450586, 0.10860426724, 0.0774832814932, 0.0642774403095, 0.0544504895806, 0.0399172492325, 0.0306078847498, 0.0229734331369, 0.0216509718448, 0.0108717242256, 0.00535873183981, 0.00284994230606, 0.0011493943166, 0.000129400417791, 0.000108941312646],
        "mean": [0.000108110369183, 0.00279469951056, 0.148707047105, 1.49873757362, 6.29018497467, 12.9014225006, 20.8313179016, 69.5341644287, 56.0111045837, 113.553115845, 67.4489746094, 27.8260784149, 13.5815181732, 17.2887477875, 133.049041748, 32.2170143127, 11.2718915939, 44.5067901611, 9.09193229675, 2.71560406685, 0.157128944993, 0.0738404691219, 0.0695037841797, 0.246805280447, 0.0566486790776, 0.0150611121207, 0.00212783250026, 0.000566055590753, 0.000207858305657, 0.00016037147725, 0.000120676588267, 8.61643784447e-05, 7.0233742008e-05, 5.82885331823e-05, 4.08547384723e-05, 2.86402773781e-05, 1.60159761435e-05, 5.5836849242e-06, 1.29557129185e-05, 2.96431007882e-05],
        "median": [5.60133921681e-05, 0.000669100088999, 0.0207333266735, 0.645126998425, 5.12731552124, 7.67882490158, 16.2828540802, 41.5833969116, 51.9320335388, 56.169052124, 29.3002128601, 10.7449626923, 8.63843536377, 12.7825927734, 29.482011795, 12.6834793091, 2.88877773285, 4.87505626678, 1.7873994112, 0.132661446929, 0.0170475710183, 0.00572824478149, 0.00175877625588, 0.00149127468467, 0.000541815941688, 0.000273075100267, 0.000179366237717, 0.00012387712195, 9.09686132218e-05, 9.13351832423e-05, 7.43626951589e-05, 5.18082306371e-05, 3.99288182962e-05, 3.31865703629e-05, 2.60885826719e-05, 2.21973496082e-05, 1.11084209493e-05, 3.65675055036e-06, 1.09366083052e-05, 2.549565761e-05],
        "min": [7.82577262726e-06, 4.38886418124e-05, 0.000735768466257, 0.0192164350301, 0.469206184149, 0.220850393176, 0.348890393972, 1.22422778606, 3.63149046898, 1.02241289616, 0.401164501905, 0.362661927938, 0.262578487396, 0.898733079433, 0.271876245737, 0.0598838664591, 0.019721435383, 0.00312164938077, 0.000444879988208, 0.000181461902685, 0.00010300638678, 6.49331122986e-05, 4.99166380905e-05, 4.66323217552e-05, 3.05214562104e-05, 3.01190266327e-05, 2.71944500128e-05, 2.63667043328e-05, 2.4516170015e-05, 2.35300649365e-05, 2.0248524379e-05, 1.62173328135e-05, 1.41752025229e-05, 1.07159739855e-05, 8.13649057818e-06, 5.74282830712e-06, 1.84924419955e-06, 3.00497873695e-07, 1.7169994635e-06, 4.04957791034e-06],
        "stdev": [0.000140969656059, 0.00558004667982, 0.342650175095, 2.12738990784, 4.37017536163, 15.3059453964, 18.2586727142, 67.1877670288, 33.6688156128, 148.713592529, 88.7210083008, 46.2382888794, 13.6312990189, 16.1300468445, 219.445129395, 44.381401062, 21.8982391357, 70.9375152588, 13.3253545761, 7.23064613342, 0.568642258644, 0.133642613888, 0.136951491237, 0.52742266655, 0.19182138145, 0.0448166206479, 0.00663373852149, 0.00259827333502, 0.00157353316899, 0.00129534478765, 0.000946328509599, 0.000732922751922, 0.000664768158458, 0.00059796118876, 0.000333450210746, 0.000136300557642, 8.583215822e-05, 3.22058222082e-05, 8.56607402966e-06, 1.82562635018e-05],
        "var": [1.98724432465e-08, 3.1136922189e-05, 0.117409139872, 4.52578830719, 19.0984344482, 234.271957397, 333.379119873, 4514.19628906, 1133.58911133, 22115.7304688, 7871.41699219, 2137.97924805, 185.812316895, 260.178436279, 48156.1679688, 1969.70861816, 479.532836914, 5032.13085938, 177.565078735, 52.2822418213, 0.323354005814, 0.0178603474051, 0.0187557097524, 0.278174638748, 0.0367954447865, 0.00200852937996, 4.40064868599e-05, 6.75102455716e-06, 2.47600655712e-06, 1.6779181351e-06, 8.9553759608e-07, 5.37175765203e-07, 4.41916739646e-07, 3.57557610187e-07, 1.11189052632e-07, 1.85778414874e-08, 7.36715977112e-09, 1.03721486955e-09, 7.33776234219e-11, 3.33291172439e-10]
    },
    "gfcc": {
        "mean": [-224.866119385, 250.190872192, -98.1858596802, -109.373916626, -64.2886657715, -30.7322673798, -35.5086402893, -39.430015564, -32.9759063721, -14.9386491776, 1.40203070641, -17.4351406097, -13.6583366394],
        "cov": [[3562.89746094, -348.593902588, -2719.3671875, 364.299285889, 1402.34790039, -466.040435791, -308.990966797, 259.735778809, 140.438262939, 280.653564453, 198.240386963, -436.982177734, -319.731414795], [-348.593902588, 233.623779297, 537.554748535, -49.3963356018, -123.535499573, 125.062911987, 51.8037528992, -48.1576766968, 15.3125371933, -41.3089027405, -73.7547225952, 39.030582428, 56.8058738708], [-2719.3671875, 537.554748535, 2881.00292969, -209.270889282, -1241.2734375, 468.949951172, 374.771179199, -184.256866455, -103.114601135, -288.106994629, -259.113555908, 403.688140869, 304.639984131], [364.299285889, -49.3963356018, -209.270889282, 272.400115967, 152.684158325, -115.567344666, 63.1487960815, 114.711334229, -22.1873912811, 5.1240978241, 0.408186852932, -66.8672866821, -22.8881378174], [1402.34790039, -123.535499573, -1241.2734375, 152.684158325, 693.728027344, -165.368331909, -180.876419067, 92.1327133179, 82.8550186157, 134.51373291, 89.4766845703, -209.913101196, -144.073684692], [-466.040435791, 125.062911987, 468.949951172, -115.567344666, -165.368331909, 190.844787598, 19.0907878876, -96.1480331421, 19.3157329559, -16.4112548828, -54.3137283325, 57.2608947754, 48.4469909668], [-308.990966797, 51.8037528992, 374.771179199, 63.1487960815, -180.876419067, 19.0907878876, 148.447189331, 35.5348548889, -59.7952880859, -60.1405830383, -29.9758777618, 48.016456604, 37.1191329956], [259.735778809, -48.1576766968, -184.256866455, 114.711334229, 92.1327133179, -96.1480331421, 35.5348548889, 113.518493652, -3.52148342133, -26.1980838776, 14.5548171997, -19.1323719025, -24.4926376343], [140.438262939, 15.3125371933, -103.114601135, -22.1873912811, 82.8550186157, 19.3157329559, -59.7952880859, -3.52148342133, 87.8817214966, 47.0291061401, -30.9305801392, -38.8883399963, -0.67265188694], [280.653564453, -41.3089027405, -288.106994629, 5.1240978241, 134.51373291, -16.4112548828, -60.1405830383, -26.1980838776, 47.0291061401, 95.5970001221, 14.8692083359, -78.8644256592, -34.1077346802], [198.240386963, -73.7547225952, -259.113555908, 0.408186852932, 89.4766845703, -54.3137283325, -29.9758777618, 14.5548171997, -30.9305801392, 14.8692083359, 83.7662124634, -7.53481197357, -57.6423606873], [-436.982177734, 39.030582428, 403.688140869, -66.8672866821, -209.913101196, 57.2608947754, 48.016456604, -19.1323719025, -38.8883399963, -78.8644256592, -7.53481197357, 118.991065979, 52.8777160645], [-319.731414795, 56.8058738708, 304.639984131, -22.8881378174, -144.073684692, 48.4469909668, 37.1191329956, -24.4926376343, -0.67265188694, -34.1077346802, -57.6423606873, 52.8777160645, 83.1313400269]],
        "icov": [[0.0020872100722, -0.00141493196134, 0.00117203930859, 0.000338868936524, -0.00288101658225, 0.00152696052101, -0.000599327962846, -0.0018527955981, 0.00260603078641, -0.00500896852463, 0.00576143432409, -0.00543190352619, 0.00404754886404], [-0.00141493196134, 0.0453568138182, -0.0239885002375, 0.0169261228293, -0.0373535715044, 0.0155582875013, -0.0294068027288, 0.0326357148588, -0.0302365962416, 0.039925981313, -0.028173385188, 0.0398751534522, -0.023688280955], [0.00117203930859, -0.0239885002375, 0.016987292096, -0.0125089976937, 0.023712804541, -0.010609718971, 0.0112839788198, -0.0103856343776, 0.00958702620119, -0.0146764786914, 0.0172009766102, -0.0243150480092, 0.0158349778503], [0.000338868936524, 0.0169261228293, -0.0125089976937, 0.0220167320222, -0.022443568334, 0.00813188776374, -0.00870466325432, -0.00956619437784, 0.00989986490458, -0.00570557080209, 0.00196869531646, 0.013048668392, -0.0101240584627], [-0.00288101658225, -0.0373535715044, 0.023712804541, -0.022443568334, 0.0525647960603, -0.0249918811023, 0.0332555882633, -0.0265686735511, 0.0157455839217, -0.016844632104, 0.00785750057548, -0.0155928265303, 0.0129375746474], [0.00152696052101, 0.0155582875013, -0.010609718971, 0.00813188776374, -0.0249918811023, 0.0354109667242, -0.0309172626585, 0.0445128083229, -0.0331866554916, 0.0254823509604, -0.00696891546249, 0.00431162165478, 0.00194202642888], [-0.000599327962846, -0.0294068027288, 0.0112839788198, -0.00870466325432, 0.0332555882633, -0.0309172626585, 0.0718934386969, -0.0790110230446, 0.0761867389083, -0.0647896975279, 0.039661090821, -0.0245147459209, 0.0114424163476], [-0.0018527955981, 0.0326357148588, -0.0103856343776, -0.00956619437784, -0.0265686735511, 0.0445128083229, -0.0790110230446, 0.140249937773, -0.119091950357, 0.119861721992, -0.0627733170986, 0.0393663346767, -0.00974021013826], [0.00260603078641, -0.0302365962416, 0.00958702620119, 0.00989986490458, 0.0157455839217, -0.0331866554916, 0.0761867389083, -0.119091950357, 0.142209917307, -0.127731904387, 0.0953881517053, -0.0580203346908, 0.0275911986828], [-0.00500896852463, 0.039925981313, -0.0146764786914, -0.00570557080209, -0.016844632104, 0.0254823509604, -0.0647896975279, 0.119861721992, -0.127731904387, 0.162221506238, -0.104194737971, 0.0964679718018, -0.0422198697925], [0.00576143432409, -0.028173385188, 0.0172009766102, 0.00196869531646, 0.00785750057548, -0.00696891546249, 0.039661090821, -0.0627733170986, 0.0953881517053, -0.104194737971, 0.135020077229, -0.0981619507074, 0.074475698173], [-0.00543190352619, 0.0398751534522, -0.0243150480092, 0.013048668392, -0.0155928265303, 0.00431162165478, -0.0245147459209, 0.0393663346767, -0.0580203346908, 0.0964679718018, -0.0981619507074, 0.12096387893, -0.068331040442], [0.00404754886404, -0.023688280955, 0.0158349778503, -0.0101240584627, 0.0129375746474, 0.00194202642888, 0.0114424163476, -0.00974021013826, 0.0275911986828, -0.0422198697925, 0.074475698173, -0.068331040442, 0.0742840841413]]
    },
    "melbands": {
        "dmean": [4.55095459984e-07, 2.08076635317e-05, 0.00017127803585, 0.000324590859236, 0.000172205356648, 0.000345944572473, 0.000276684848359, 0.000254113518167, 0.000111868030217, 4.32910455856e-05, 2.11414590012e-05, 1.29775271489e-05, 8.66468035383e-05, 3.50875307049e-05, 1.28402625705e-05, 1.5859729956e-06, 2.26006559387e-05, 3.30485386257e-06, 2.57469105236e-06, 9.60276835826e-08, 2.13792663573e-08, 1.52452717117e-08, 2.40131825535e-08, 2.71425832921e-08, 5.8463509589e-08, 5.2690474206e-09, 8.26295476486e-09, 6.67615407401e-10, 5.79725378813e-10, 2.04793418335e-10, 1.1522700849e-10, 7.41376196545e-11, 5.52915248309e-11, 4.81645209827e-11, 3.75135755792e-11, 3.34426791815e-11, 2.78951965693e-11, 2.73501169629e-11, 2.8691439849e-11, 2.64255284321e-11],
        "dmean2": [7.89704245108e-07, 2.79923388007e-05, 0.000250977900578, 0.00053097284399, 0.000197811910766, 0.000459773902548, 0.000478966278024, 0.00031954786391, 0.000150764768478, 6.31858492852e-05, 2.96158268611e-05, 1.71857245732e-05, 9.93549620034e-05, 3.99309610657e-05, 1.80048446055e-05, 2.32646061704e-06, 2.84991419903e-05, 4.1105327e-06, 3.799955266e-06, 1.43512650652e-07, 3.09840224588e-08, 2.12001314281e-08, 3.2227390534e-08, 3.93508479135e-08, 8.59440518752e-08, 7.78806352741e-09, 1.16740324074e-08, 9.68498947707e-10, 8.32729496469e-10, 2.86648704773e-10, 1.63423372057e-10, 1.0866179484e-10, 8.12441017239e-11, 6.96707136427e-11, 5.46989259442e-11, 4.83097346848e-11, 4.05565858674e-11, 3.81600653854e-11, 3.82575950086e-11, 3.47312074933e-11],
        "dvar": [9.65839062374e-13, 3.27437454928e-09, 3.32117799928e-08, 1.93604577703e-07, 4.69063223818e-08, 1.46946490531e-07, 9.7707058444e-08, 2.69579032874e-07, 5.97907430233e-08, 1.05556665631e-08, 1.29275457006e-09, 4.86748752415e-10, 2.55888092937e-08, 3.93984045388e-09, 1.7995549495e-09, 9.93237367353e-11, 3.21099857814e-09, 6.22520368587e-11, 1.37087133312e-10, 6.3320827531e-13, 2.70059192701e-14, 1.98364231874e-15, 5.63770094858e-15, 1.18620120237e-14, 4.70962515948e-14, 3.24499677346e-15, 1.21456858988e-15, 1.93362153581e-17, 1.01627128817e-17, 3.30993199506e-18, 1.56726076097e-18, 8.17701381227e-19, 5.7687637958e-19, 4.88504642235e-19, 3.06928830107e-19, 2.32347744537e-19, 1.84600927951e-19, 1.96710968441e-19, 2.73928924858e-19, 2.51797785117e-19],
        "dvar2": [2.12358537872e-12, 5.50595791182e-09, 6.58551684296e-08, 5.80413484386e-07, 8.03629021107e-08, 2.34848499758e-07, 3.40458512937e-07, 4.23182711984e-07, 1.10002758902e-07, 2.14327968706e-08, 2.83001444501e-09, 8.92875329228e-10, 3.71923860598e-08, 5.29581622999e-09, 3.53662010788e-09, 1.64587551921e-10, 4.83370987681e-09, 9.62584456587e-11, 2.78394668429e-10, 1.34494238663e-12, 5.60918499148e-14, 3.56883652744e-15, 1.01047473069e-14, 2.27931077333e-14, 9.4425640538e-14, 5.82593835099e-15, 2.05611382243e-15, 3.93106137936e-17, 1.60721887851e-17, 3.49864022372e-18, 1.58558384551e-18, 8.26891978218e-19, 5.8157517905e-19, 4.88714746111e-19, 3.07280614511e-19, 2.33215973987e-19, 1.85215212954e-19, 1.96835058458e-19, 2.73968034991e-19, 2.51701702919e-19],
        "max": [1.88781032193e-05, 0.00103301473428, 0.00223019719124, 0.00483416859061, 0.00297720916569, 0.00902279652655, 0.00319786253385, 0.0128069715574, 0.00675303256139, 0.00231310375966, 0.000480078102555, 0.000538411492016, 0.00468468712643, 0.00188506674021, 0.00143758929335, 0.000472381303553, 0.000929736765102, 0.000125070408103, 0.000239243541728, 3.04609420709e-05, 5.74907062401e-06, 7.74735894993e-07, 1.31058072839e-06, 2.44024840867e-06, 4.55687950307e-06, 2.66013262262e-06, 1.20412698834e-06, 1.6164422334e-07, 6.94015724889e-08, 6.16027051592e-08, 4.39048442047e-08, 3.74857549446e-08, 3.16182102722e-08, 2.96551547763e-08, 2.35897115175e-08, 2.0052262073e-08, 1.80710220121e-08, 1.67165321585e-08, 1.85985555845e-08, 1.84231687683e-08],
        "mean": [5.78111723826e-07, 6.77801290294e-05, 0.000377585442038, 0.000721399264876, 0.000731791660655, 0.00145464553498, 0.000751597748604, 0.00133736047428, 0.000515176099725, 0.000153066634084, 6.41899823677e-05, 4.84606280224e-05, 0.000366245076293, 0.000169295453816, 6.58242934151e-05, 5.67659026274e-06, 0.000100233577541, 1.48980370795e-05, 7.85546853876e-06, 2.508980117e-07, 4.8832969668e-08, 5.42772937706e-08, 8.2296011783e-08, 1.00104898593e-07, 2.19112109789e-07, 2.27133636344e-08, 4.48085941684e-08, 1.61505142593e-09, 1.52785117891e-09, 4.40668612711e-10, 2.09928546768e-10, 1.06911444975e-10, 7.81989958898e-11, 7.615000297e-11, 5.70277956802e-11, 5.43999324754e-11, 3.78827455516e-11, 3.57897114722e-11, 3.66369018456e-11, 3.36882223506e-11],
        "median": [3.48034490116e-07, 8.54007339512e-06, 0.000265533744823, 0.000511401856784, 0.000644453393761, 0.00101810740307, 0.000694357673638, 0.00058012054069, 0.000217491964577, 5.77565224376e-05, 4.09631720686e-05, 3.13181626552e-05, 9.02296887944e-05, 6.26592009212e-05, 5.38070480616e-06, 9.70185624283e-07, 6.82797053742e-06, 2.71797921414e-06, 2.38241675277e-08, 1.32448052526e-08, 4.59030458089e-09, 3.46262574169e-09, 1.38615041667e-09, 1.10371156659e-09, 1.03439945498e-09, 2.70326538931e-10, 2.29426880272e-10, 1.32430413857e-10, 9.99922505907e-11, 7.85473561193e-11, 5.55548350378e-11, 4.21740350975e-11, 3.96806962288e-11, 4.31510799315e-11, 3.27034961611e-11, 3.11735602609e-11, 1.95359839417e-11, 1.65353633563e-11, 1.5268449699e-11, 1.38738170258e-11],
        "min": [2.88620114475e-08, 5.7444392354e-08, 1.29066311274e-05, 3.02972948703e-05, 8.86674388312e-06, 3.00643641822e-05, 4.41549782408e-05, 3.32964714289e-06, 1.80067104338e-06, 1.01085640836e-06, 8.06048944924e-07, 2.07206880987e-06, 1.67332188994e-07, 1.29603336063e-07, 1.20715810681e-07, 8.64943761059e-09, 1.14423004405e-09, 2.80876127912e-10, 1.2430469154e-10, 9.51004136551e-11, 6.03167862878e-11, 4.38780956014e-11, 2.68089977301e-11, 2.23897601848e-11, 2.37808852471e-11, 1.4195040976e-11, 1.37709470563e-11, 1.16527273941e-11, 1.26173299239e-11, 1.27048363149e-11, 9.68056884654e-12, 6.21615432739e-12, 8.66589265625e-12, 9.41970806911e-12, 7.78107005911e-12, 7.47246969163e-12, 6.11353545912e-12, 4.59694131719e-12, 3.81447391035e-12, 3.85653878623e-12],
        "stdev": [9.22792310121e-07, 0.000154540321091, 0.000339583901223, 0.000690778775606, 0.000537993211765, 0.00127165007871, 0.000462209514808, 0.00185012386646, 0.000769325299188, 0.00025789704523, 6.47421256872e-05, 5.53497557121e-05, 0.000594174081925, 0.000251608260442, 0.000160771844094, 2.86198082904e-05, 0.000161810108693, 2.29145916819e-05, 2.28321405302e-05, 1.62090088907e-06, 3.11041276291e-07, 1.00339086373e-07, 1.6942904324e-07, 2.41870452555e-07, 4.6473772386e-07, 1.60458441201e-07, 1.43045696177e-07, 6.9779066969e-09, 5.37133137968e-09, 2.01750571804e-09, 1.28779509279e-09, 9.1499102739e-10, 7.6108774838e-10, 7.01048719076e-10, 5.55216206344e-10, 4.82751671971e-10, 4.30022212283e-10, 4.44044190306e-10, 5.23799836838e-10, 5.02206165542e-10],
