{
"lowlevel": {
    "average_loudness": 0.965422391891,
    "barkbands_crest": {
        "dmean": 3.12948179245,
        "dmean2": 5.05984115601,
        "dvar": 7.77765989304,
        "dvar2": 20.1665477753,
        "max": 26.197259903,
        "mean": 14.1959838867,
        "median": 13.60638237,
        "min": 2.57201266289,
        "stdev": 4.94380044937,
        "var": 24.4411621094
    },
    "barkbands_flatness_db": {
        "dmean": 0.0300044100732,
        "dmean2": 0.0442976094782,
        "dvar": 0.000936024705879,
        "dvar2": 0.00202372507192,
        "max": 0.407413452864,
        "mean": 0.207914203405,
        "median": 0.206161677837,
        "min": 0.0166258458048,
        "stdev": 0.0632658228278,
        "var": 0.0040025645867
    },
    "barkbands_kurtosis": {
        "dmean": 9.99101734161,
        "dmean2": 15.5438737869,
        "dvar": 486.470611572,
        "dvar2": 1006.20037842,
        "max": 841.339477539,
        "mean": 20.0211696625,
        "median": 8.27145290375,
        "min": -1.95435643196,
        "stdev": 53.3898353577,
        "var": 2850.47436523
    },
    "barkbands_skewness": {
        "dmean": 0.918970346451,
        "dmean2": 1.38322579861,
        "dvar": 1.05500686169,
        "dvar2": 2.39149022102,
        "max": 26.1232738495,
        "mean": 2.63815021515,
        "median": 2.20423150063,
        "min": -3.2316737175,
        "stdev": 2.58919739723,
        "var": 6.70394277573
    },
    "barkbands_spread": {
        "dmean": 5.36433410645,
        "dmean2": 7.96177005768,
        "dvar": 85.9146575928,
        "dvar2": 178.036804199,
        "max": 115.361671448,
        "mean": 12.4521980286,
        "median": 8.09906578064,
        "min": 0.285021394491,
        "stdev": 13.5538654327,
        "var": 183.707275391
    },
    "dissonance": {
        "dmean": 0.030146388337,
        "dmean2": 0.049884930253,
        "dvar": 0.000766427780036,
        "dvar2": 0.00210001273081,
        "max": 0.499486267567,
        "mean": 0.42875418067,
        "median": 0.43755993247,
        "min": 0.251100838184,
        "stdev": 0.0440297424793,
        "var": 0.00193861837033
    },
    "dynamic_complexity": 3.25670266151,
    "erbbands_crest": {
        "dmean": 3.40729117393,
        "dmean2": 5.43282270432,
        "dvar": 11.5148677826,
        "dvar2": 26.5344295502,
        "max": 32.0454101562,
        "mean": 13.8237400055,
        "median": 12.1426944733,
        "min": 3.05240178108,
        "stdev": 6.72790336609,
        "var": 45.2646827698
    },
    "erbbands_flatness_db": {
        "dmean": 0.0228279195726,
        "dmean2": 0.0323310904205,
        "dvar": 0.000526185438503,
        "dvar2": 0.000970380671788,
        "max": 0.374779134989,
        "mean": 0.186074182391,
        "median": 0.182737156749,
        "min": 0.0550660267472,
        "stdev": 0.0539663620293,
        "var": 0.00291236839257
    },
    "erbbands_kurtosis": {
        "dmean": 3.17025065422,
        "dmean2": 4.80095911026,
        "dvar": 42.7170906067,
        "dvar2": 86.1540603638,
        "max": 231.093383789,
        "mean": 5.32546377182,
        "median": 1.48093318939,
        "min": -1.83793497086,
        "stdev": 15.7032756805,
        "var": 246.59286499
    },
    "erbbands_skewness": {
        "dmean": 0.619730532169,
        "dmean2": 0.909005761147,
        "dvar": 0.425114780664,
        "dvar2": 0.821396827698,
        "max": 13.0973176956,
        "mean": 1.17215287685,
        "median": 1.00774133205,
        "min": -5.99658250809,
        "stdev": 1.74461245537,
        "var": 3.04367280006
    },
    "erbbands_spread": {
        "dmean": 9.56599903107,
        "dmean2": 13.9500703812,
        "dvar": 177.537124634,
        "dvar2": 376.049438477,
        "max": 161.163909912,
        "mean": 30.3996334076,
        "median": 25.2088737488,
        "min": 1.42700397968,
        "stdev": 21.0705833435,
        "var": 443.969451904
    },
    "hfc": {
        "dmean": 9.78077507019,
        "dmean2": 13.9249725342,
        "dvar": 597.885986328,
        "dvar2": 1079.71020508,
        "max": 575.311340332,
        "mean": 18.8967227936,
        "median": 9.75027370453,
        "min": 0.0753078907728,
        "stdev": 33.2926063538,
        "var": 1108.39770508
    },
    "loudness_ebu128": {
        "integrated": -17.899980545,
        "loudness_range": 2.63886070251,
        "momentary": {
            "dmean": 0.823062360287,
            "dmean2": 0.917572915554,
            "dvar": 0.643071770668,
            "dvar2": 0.886386692524,
            "max": -14.314494133,
            "mean": -18.5719108582,
            "median": -18.0311584473,
            "min": -34.0908432007,
            "stdev": 2.68723797798,
            "var": 7.22124814987
        },
        "short_term": {
            "dmean": 0.104774825275,
            "dmean2": 0.113336190581,
            "dvar": 0.00766593543813,
            "dvar2": 0.00852682162076,
            "max": -16.4362678528,
            "mean": -18.0152225494,
            "median": -17.7590103149,
            "min": -20.726360321,
            "stdev": 0.911955177784,
            "var": 0.831662297249
        }
    },
    "melbands_crest": {
        "dmean": 3.80726051331,
        "dmean2": 6.14647245407,
        "dvar": 12.4246606827,
        "dvar2": 27.7109851837,
        "max": 34.3527984619,
        "mean": 17.6623592377,
        "median": 16.7526264191,
        "min": 3.88710403442,
        "stdev": 6.04084873199,
        "var": 36.4918518066
    },
    "melbands_flatness_db": {
        "dmean": 0.0353955775499,
        "dmean2": 0.0512403398752,
        "dvar": 0.00137578428257,
        "dvar2": 0.00294323125854,
        "max": 0.52734041214,
        "mean": 0.295345336199,
        "median": 0.296036422253,
        "min": 0.0236123204231,
        "stdev": 0.0754175260663,
        "var": 0.00568780303001
    },
    "melbands_kurtosis": {
        "dmean": 14.3105688095,
        "dmean2": 22.6505699158,
        "dvar": 752.871765137,
        "dvar2": 1845.96264648,
        "max": 398.202209473,
        "mean": 27.3397140503,
        "median": 14.8598499298,
        "min": -1.96858453751,
        "stdev": 43.4913825989,
        "var": 1891.50024414
    },
    "melbands_skewness": {
        "dmean": 1.00826060772,
        "dmean2": 1.52434718609,
        "dvar": 1.40574836731,
        "dvar2": 3.2561545372,
        "max": 15.592839241,
        "mean": 3.10558009148,
        "median": 2.73225641251,
        "min": -1.36797249317,
        "stdev": 2.03995609283,
        "var": 4.16142082214
    },
    "melbands_spread": {
        "dmean": 5.59988069534,
        "dmean2": 8.13712310791,
        "dvar": 147.191467285,
        "dvar2": 271.776275635,
        "max": 295.890930176,
        "mean": 12.6913642883,
        "median": 7.30372858047,
        "min": 0.402137190104,
        "stdev": 17.9549942017,
        "var": 322.38180542
    },
    "pitch_salience": {
        "dmean": 0.0739268809557,
        "dmean2": 0.119867295027,
        "dvar": 0.00467513501644,
        "dvar2": 0.011336655356,
        "max": 0.865846276283,
        "mean": 0.472623378038,
        "median": 0.472949177027,
        "min": 0.0937237516046,
        "stdev": 0.126487255096,
        "var": 0.0159990247339
    },
    "silence_rate_20dB": {
        "dmean": 0,
        "dmean2": 0,
        "dvar": 0,
        "dvar2": 0,
        "max": 1,
        "mean": 1,
        "median": 1,
        "min": 1,
        "stdev": 0,
        "var": 0
    },
    "silence_rate_30dB": {
        "dmean": 0.0691434442997,
        "dmean2": 0.138358280063,
        "dvar": 0.064363643527,
        "dvar2": 0.124380193651,
        "max": 1,
        "mean": 0.899432718754,
        "median": 1,
        "min": 0,
        "stdev": 0.300757318735,
        "var": 0.0904549658298
    },
    "silence_rate_60dB": {
        "dmean": 0.0134158926085,
        "dmean2": 0.0268456377089,
        "dvar": 0.0132355233654,
        "dvar2": 0.0302553065121,
        "max": 1,
        "mean": 0.0386797301471,
        "median": 0,
        "min": 0,
        "stdev": 0.192828685045,
        "var": 0.0371829010546
    },
    "spectral_centroid": {
        "dmean": 207.695770264,
        "dmean2": 298.260498047,
        "dvar": 135070.359375,
        "dvar2": 253329.09375,
        "max": 6563.52490234,
        "mean": 724.526428223,
        "median": 531.789733887,
        "min": 165.385955811,
        "stdev": 558.085876465,
        "var": 311459.875
    },
    "spectral_complexity": {
        "dmean": 2.64809083939,
        "dmean2": 3.97212195396,
        "dvar": 19.2187309265,
        "dvar2": 39.7039756775,
        "max": 46,
        "mean": 10.5709133148,
        "median": 10,
        "min": 0,
        "stdev": 6.18650102615,
        "var": 38.2727966309
    },
    "spectral_decrease": {
        "dmean": 5.66803226576e-09,
        "dmean2": 9.13197784058e-09,
        "dvar": 1.45864724815e-16,
        "dvar2": 3.79512132635e-16,
        "max": -8.87159009449e-12,
        "mean": -1.11713971407e-08,
        "median": -6.73872246892e-09,
        "min": -1.04920474087e-07,
        "stdev": 1.39289113577e-08,
        "var": 1.94014564165e-16
    },
    "spectral_energy": {
        "dmean": 0.022034553811,
        "dmean2": 0.0352642685175,
        "dvar": 0.00211038207635,
        "dvar2": 0.00547866057605,
        "max": 0.400133609772,
        "mean": 0.0438774414361,
        "median": 0.0269252154976,
        "min": 4.27388367825e-05,
        "stdev": 0.0536099001765,
        "var": 0.00287402141839
    },
    "spectral_energyband_high": {
        "dmean": 0.000536089763045,
        "dmean2": 0.000772269966546,
        "dvar": 6.28322504781e-06,
        "dvar2": 1.09302800411e-05,
        "max": 0.0656758919358,
        "mean": 0.000613033713307,
        "median": 9.39529782045e-05,
        "min": 2.08670130064e-08,
        "stdev": 0.00316968653351,
        "var": 1.00469133031e-05
    },
    "spectral_energyband_low": {
        "dmean": 0.0169149488211,
        "dmean2": 0.0282444506884,
        "dvar": 0.00198486028239,
        "dvar2": 0.00523979542777,
        "max": 0.377121984959,
        "mean": 0.0229983124882,
        "median": 0.00597712723538,
        "min": 1.3882854546e-06,
        "stdev": 0.0459914766252,
        "var": 0.00211521587335
    },
    "spectral_energyband_middle_high": {
        "dmean": 0.00239359540865,
        "dmean2": 0.00327204726636,
        "dvar": 2.54005681199e-05,
        "dvar2": 4.66646342829e-05,
        "max": 0.102239519358,
        "mean": 0.00469475705177,
        "median": 0.0010203991551,
        "min": 5.33616912435e-07,
        "stdev": 0.00937125459313,
        "var": 8.78204082255e-05
    },
    "spectral_energyband_middle_low": {
        "dmean": 0.00679213413969,
        "dmean2": 0.010734657757,
        "dvar": 8.8865221187e-05,
        "dvar2": 0.000217632623389,
        "max": 0.165974244475,
        "mean": 0.0159583445638,
        "median": 0.0125171495602,
        "min": 1.14555041364e-05,
        "stdev": 0.0140622993931,
        "var": 0.000197748260689
    },
    "spectral_entropy": {
        "dmean": 0.277479678392,
        "dmean2": 0.382076144218,
        "dvar": 0.0793853253126,
        "dvar2": 0.141026705503,
        "max": 8.75228309631,
        "mean": 6.8678355217,
        "median": 6.81709957123,
        "min": 4.72718477249,
        "stdev": 0.639533281326,
        "var": 0.409002810717
    },
    "spectral_flux": {
        "dmean": 0.0432232394814,
        "dmean2": 0.0678656771779,
        "dvar": 0.00382693507709,
        "dvar2": 0.00824315007776,
        "max": 0.564188241959,
        "mean": 0.0985809937119,
        "median": 0.0760447531939,
        "min": 0.00316271022893,
        "stdev": 0.0854833051562,
        "var": 0.00730739487335
    },
    "spectral_kurtosis": {
        "dmean": 2.61300110817,
        "dmean2": 3.96636962891,
        "dvar": 10.045586586,
        "dvar2": 23.8896827698,
        "max": 62.7301025391,
        "mean": 7.76900291443,
        "median": 7.04800796509,
        "min": -1.62269294262,
        "stdev": 5.29099702835,
        "var": 27.9946517944
    },
    "spectral_rms": {
        "dmean": 0.00132656667847,
        "dmean2": 0.00201207119972,
        "dvar": 3.91724461224e-06,
        "dvar2": 9.20543425309e-06,
        "max": 0.0197578910738,
        "mean": 0.00571463862434,
        "median": 0.00512528093532,
        "min": 0.000204197029234,
        "stdev": 0.00318592297845,
        "var": 1.01501054814e-05
    },
    "spectral_rolloff": {
        "dmean": 404.621459961,
        "dmean2": 694.499084473,
        "dvar": 1288300.5,
        "dvar2": 2884314.25,
        "max": 12015.5273438,
        "mean": 850.282775879,
        "median": 387.59765625,
        "min": 64.599609375,
        "stdev": 1432.9329834,
        "var": 2053297
    },
    "spectral_skewness": {
        "dmean": 0.343977928162,
        "dmean2": 0.483642548323,
        "dvar": 0.120209693909,
        "dvar2": 0.24116563797,
        "max": 6.54693126678,
        "mean": 2.22894048691,
        "median": 2.24161529541,
        "min": -0.88794618845,
        "stdev": 0.72799372673,
        "var": 0.529974877834
    },
    "spectral_spread": {
        "dmean": 727585.875,
        "dmean2": 1002266.0625,
        "dvar": 981604696064,
        "dvar2": 1.50230505882e+12,
        "max": 20660698,
        "mean": 4658977.5,
        "median": 4198696,
        "min": 1604309.25,
        "stdev": 2001234.75,
        "var": 4.00494061158e+12
    },
    "spectral_strongpeak": {
        "dmean": 0.644062101841,
        "dmean2": 1.05236744881,
        "dvar": 1.83456754684,
        "dvar2": 4.11243963242,
        "max": 15.7492046356,
        "mean": 1.14931869507,
        "median": 0.576533734798,
        "min": 0.00420943740755,
        "stdev": 1.87438237667,
        "var": 3.51330924034
    },
    "zerocrossingrate": {
        "dmean": 0.0105877416208,
        "dmean2": 0.0121878730133,
        "dvar": 0.00032468320569,
        "dvar2": 0.000365456857253,
        "max": 0.4013671875,
        "mean": 0.037033829838,
        "median": 0.02685546875,
        "min": 0.0029296875,
        "stdev": 0.0370026268065,
        "var": 0.00136919436045
    },
    "barkbands": {
        "dmean": [0.00197107740678, 0.014527480118, 0.00200129812583, 0.00127770937979, 0.00284052779898, 0.00304521480575, 0.000874478777405, 0.000391014269553, 0.00038721456076, 0.000175111868884, 0.000236359410337, 0.000377007905627, 0.00068674859358, 0.00107721483801, 0.000335948716383, 0.000117028874229, 6.82347017573e-05, 0.000127389284899, 6.57586861053e-05, 6.37841876596e-05, 5.115850945e-05, 6.11558862147e-05, 6.86650673742e-05, 0.000188269055798, 0.00011261182226, 5.28422133357e-05, 2.76672676591e-06],
        "dmean2": [0.00261655356735, 0.0250130854547, 0.00352009921335, 0.0021559142042, 0.00452223885804, 0.00484427716583, 0.00135464465711, 0.000595567107666, 0.000605610199273, 0.000264830421656, 0.000371881673345, 0.000615772500169, 0.000958437798545, 0.00148287718184, 0.000503072107676, 0.000199214176973, 0.000107596089947, 0.000195471569896, 0.000101365847513, 9.73073983914e-05, 7.76434972067e-05, 9.59604003583e-05, 0.000106242361653, 0.000270036660368, 0.000173769905814, 8.52041775943e-05, 4.57757369077e-06],
        "dvar": [2.56519069808e-05, 0.00150145031512, 3.24832762999e-05, 1.54922436195e-05, 2.13209568756e-05, 4.53858046967e-05, 1.15812817967e-05, 8.96472897693e-07, 1.03402021523e-06, 3.23284865544e-07, 2.78696461464e-07, 1.32351317461e-06, 8.7684547907e-06, 1.48384488057e-05, 1.48118397192e-06, 1.99519689659e-07, 5.23769969618e-08, 1.75897014287e-07, 3.73832627076e-08, 2.92858057804e-08, 1.92993692139e-08, 3.37536327777e-08, 7.23825266391e-08, 3.54089934262e-06, 4.82547704905e-07, 5.43894529415e-08, 2.01543795542e-10],
        "dvar2": [4.50750158052e-05, 0.0041268770583, 9.2439360742e-05, 3.82133002859e-05, 5.42470479559e-05, 0.000118116302474, 2.24557661568e-05, 2.14094120565e-06, 2.43760018748e-06, 6.22086361091e-07, 6.56374538721e-07, 3.34648666467e-06, 1.56431597134e-05, 2.66640090558e-05, 3.148827318e-06, 5.48274215362e-07, 1.32096829475e-07, 4.32880739254e-07, 8.04881779004e-08, 6.42610658019e-08, 4.59610909331e-08, 7.86693874488e-08, 1.67853812627e-07, 6.41045335215e-06, 1.06916684217e-06, 1.3680900679e-07, 5.1786175348e-10],
        "max": [0.049262303859, 0.331689536572, 0.0720906332135, 0.0594843327999, 0.051151573658, 0.150856629014, 0.0779274553061, 0.0134891057387, 0.0169434845448, 0.0140474140644, 0.00850233063102, 0.0180223230273, 0.0914040282369, 0.0689464434981, 0.0280768536031, 0.00600528018549, 0.00471460307017, 0.00985138956457, 0.00321594113484, 0.00279871700332, 0.00183510477655, 0.00226016971283, 0.00564732635394, 0.0620680600405, 0.0200746785849, 0.00347900856286, 0.000296497019008],
        "mean": [0.00261469907127, 0.0175943057984, 0.00246096588671, 0.00114456599113, 0.00563119817525, 0.00635916693136, 0.00145341048483, 0.000596450350713, 0.000672155758366, 0.000293251127005, 0.000400638004066, 0.000439405819634, 0.00104364857543, 0.00164965726435, 0.000451638537925, 0.000112588000775, 7.52940177335e-05, 0.0001632055355, 8.92708994797e-05, 7.50041581341e-05, 5.72070239286e-05, 6.39672580292e-05, 6.85055420035e-05, 0.000209153949982, 0.000111309425847, 4.44672550657e-05, 2.32959564528e-06],
        "median": [0.000131369160954, 0.003304092912, 0.00053007499082, 0.000162727403222, 0.00294511322863, 0.00241880305111, 0.000338769052178, 0.000124939426314, 0.000121466247947, 5.13051782036e-05, 0.000108579602966, 7.63660573284e-05, 6.24540698482e-05, 4.76076311315e-05, 3.36627163051e-05, 1.61560765264e-05, 1.59363262355e-05, 2.48377982643e-05, 1.13171572593e-05, 1.23256122606e-05, 1.25013575598e-05, 1.22595629364e-05, 9.54794086283e-06, 1.03177562778e-05, 7.33157366994e-06, 4.06473100156e-06, 1.97260419554e-07],
        "min": [4.50325243762e-09, 8.62755484832e-07, 5.36230153614e-08, 6.47251710006e-08, 2.4997593755e-06, 2.70741998065e-06, 3.12879450348e-07, 3.01115676393e-07, 2.02302487651e-07, 4.22828101421e-08, 4.47141914606e-08, 5.09742434929e-08, 3.21044488771e-08, 3.32629213062e-08, 3.97002501984e-08, 3.54130946789e-08, 1.95426981264e-08, 1.01657837703e-08, 3.39946648609e-09, 2.55565191232e-09, 3.39448336106e-09, 3.79376352555e-09, 3.08762082568e-09, 3.24754889647e-09, 3.04839664622e-09, 1.81558745815e-09, 4.48327173996e-11],
        "stdev": [0.00663407193497, 0.0374212525785, 0.00550730247051, 0.00398049596697, 0.00705984421074, 0.0104051651433, 0.00470767403021, 0.00119399942923, 0.00157979596406, 0.000914827629458, 0.000798797467723, 0.00121060071979, 0.00493686785921, 0.00610362133011, 0.00154541654047, 0.000391351117287, 0.00021821683913, 0.000464999815449, 0.000259420805378, 0.000201080212719, 0.000140887030284, 0.000184591510333, 0.000273952202406, 0.00227845017798, 0.00080116733443, 0.000210967700696, 1.26778013509e-05],
        "var": [4.40109106421e-05, 0.00140035024378, 3.03303822875e-05, 1.58443472174e-05, 4.98414010508e-05, 0.000108267464384, 2.2162195819e-05, 1.42563465033e-06, 2.49575532507e-06, 8.36909578084e-07, 6.38077437998e-07, 1.4655540781e-06, 2.4372664484e-05, 3.72541944671e-05, 2.38831239585e-06, 1.53155696125e-07, 4.76185881837e-08, 2.16224819383e-07, 6.72991617989e-08, 4.04332496373e-08, 1.98491569847e-08, 3.40740271554e-08, 7.50498116986e-08, 5.19133482157e-06, 6.41869064566e-07, 4.45073737865e-08, 1.6072664033e-10]
    },
    "erbbands": {
        "dmean": [0.585589051247, 2.70754623413, 2.65858101845, 3.45454120636, 6.03451108932, 10.6695394516, 17.3803653717, 31.6381015778, 13.4162855148, 12.2939443588, 9.40905189514, 8.89050006866, 5.07423114777, 6.97397899628, 9.82901954651, 16.2337169647, 29.9804363251, 48.0392112732, 30.4569854736, 11.0449733734, 5.52293968201, 3.59205198288, 5.51392889023, 5.71640872955, 1.95482909679, 2.88033890724, 2.59022736549, 2.02421069145, 2.02556490898, 2.22989106178, 1.9198589325, 2.93593430519, 3.28508090973, 1.47085225582, 0.740824878216, 0.273129075766, 0.0923174470663, 0.0154921365902, 0.000382952013751, 3.54494623025e-05],
        "dmean2": [0.983835160732, 4.74413061142, 4.66020298004, 5.90031433105, 9.91832637787, 16.7720565796, 26.8790779114, 49.9935264587, 20.9186992645, 18.4539909363, 14.263335228, 13.7273015976, 7.6890707016, 10.5798883438, 15.8170118332, 26.6539363861, 38.9641036987, 64.2602996826, 43.9176979065, 17.3288154602, 9.03997993469, 5.59401607513, 8.2922744751, 8.3956823349, 2.98894476891, 4.41536998749, 3.95977163315, 3.10347533226, 3.17875766754, 3.51086378098, 2.93063521385, 3.94282984734, 5.00052499771, 2.11309885979, 1.2058365345, 0.435711115599, 0.15089571476, 0.0254400335252, 0.000620945531409, 5.60050866625e-05],
        "dvar": [2.3358771801, 55.90366745, 53.4880142212, 100.303253174, 251.559310913, 376.577880859, 887.902587891, 6532.61230469, 2300.05126953, 2364.11621094, 512.903991699, 479.498474121, 146.334869385, 352.228790283, 694.775390625, 2473.40478516, 13060.1474609, 34235.171875, 10167.9658203, 1778.72265625, 388.571258545, 127.420646667, 412.444213867, 227.414047241, 21.917470932, 56.6543121338, 55.4520568848, 33.714630127, 41.9892692566, 57.3364830017, 60.7026519775, 711.013427734, 1257.25720215, 143.086074829, 15.0039634705, 1.38846719265, 0.173920243979, 0.00505480915308, 3.5590906009e-06, 5.389209079e-09],
        "dvar2": [5.84165620804, 162.133468628, 151.537216187, 271.277099609, 585.258972168, 946.446105957, 1914.59423828, 17312.3789062, 4778.66357422, 4878.79296875, 1171.23449707, 1099.0847168, 283.94708252, 732.101989746, 1746.72436523, 6230.4296875, 20395.6152344, 63404.8164062, 20359.5234375, 3818.63891602, 1025.32421875, 310.111450195, 1037.29956055, 466.810394287, 49.3399658203, 130.272109985, 121.505264282, 79.4561233521, 102.846672058, 139.019012451, 135.813964844, 1291.09545898, 2422.64916992, 286.358642578, 37.2201194763, 3.3391251564, 0.447521954775, 0.0130979577079, 9.22757863009e-06, 1.32186270818e-08],
        "max": [10.8996610641, 67.3335800171, 84.1871490479, 149.630554199, 253.407211304, 250.865646362, 355.896911621, 1915.16723633, 1095.72033691, 1283.42480469, 368.708465576, 364.235595703, 365.633178711, 469.31552124, 437.015960693, 740.139831543, 3478.97021484, 3347.58544922, 2134.93481445, 1179.50866699, 340.181793213, 178.203308105, 519.684265137, 263.524047852, 73.7958068848, 81.8038864136, 128.868133545, 71.5815734863, 82.361831665, 174.633560181, 129.151992798, 1044.5880127, 901.793395996, 338.692230225, 81.0917053223, 15.1775417328, 5.5208439827, 1.10185050964, 0.042814720422, 0.000957939890213],
        "mean": [0.685196578503, 3.21808958054, 3.37657475471, 3.58174729347, 8.54329776764, 21.2535037994, 35.4560966492, 63.0190467834, 23.0482635498, 19.4634151459, 15.2503261566, 16.4008178711, 9.27391529083, 12.2260370255, 15.8798217773, 20.6150970459, 48.8852272034, 73.2953491211, 55.0845031738, 13.9348802567, 5.99191188812, 4.28222846985, 7.3326292038, 8.16624355316, 2.73275160789, 3.45982289314, 2.97125220299, 2.23472595215, 2.05443072319, 2.28051543236, 1.99739837646, 3.36540317535, 3.56774687767, 1.49160003662, 0.694837450981, 0.239520072937, 0.0750043615699, 0.0127419941127, 0.00033496983815, 6.04525557719e-05],
        "median": [0.0889420881867, 0.759657919407, 1.38029932976, 0.781475663185, 2.81884074211, 8.61974906921, 18.617559433, 19.7137870789, 8.7186422348, 5.35816907883, 4.29597616196, 3.5536134243, 2.75270247459, 4.57278156281, 3.72060871124, 4.17176246643, 3.59888482094, 3.01303434372, 2.72952437401, 1.42178595066, 1.15494048595, 0.983447313309, 1.2988897562, 0.906083881855, 0.548192501068, 0.582424283028, 0.601835370064, 0.448781490326, 0.413346171379, 0.381749808788, 0.266480565071, 0.235059946775, 0.145084410906, 0.0836893618107, 0.0485806912184, 0.0212239325047, 0.00633812462911, 0.00123810546938, 4.9560527259e-05, 3.45669068338e-05],
        "min": [2.02290721063e-05, 0.000174637956661, 0.000283714180114, 0.00211603776552, 0.00303011084907, 0.00581453880295, 0.0166411139071, 0.0227898936719, 0.0047976532951, 0.00919711776078, 0.00442657945678, 0.00463725812733, 0.00487593747675, 0.00186497380491, 0.00252245063893, 0.00158860301599, 0.00220376672223, 0.00198454060592, 0.00332762836479, 0.00101610959973, 0.0020840743091, 0.00111481628846, 0.000667746528052, 0.000272720557405, 0.000157857284648, 0.00014578452101, 0.000127029867144, 0.000138560819323, 0.00011996885587, 0.000102270227217, 0.000117156239867, 6.71474917908e-05, 4.64772565465e-05, 2.91817377729e-05, 2.35499628616e-05, 1.31602391775e-05, 1.26352949792e-06, 2.24722839448e-07, 1.73081502908e-07, 2.52096953091e-07],
        "stdev": [1.59349501133, 6.6885099411, 6.70812654495, 9.11827945709, 18.6556758881, 30.7843990326, 46.3239784241, 123.804763794, 58.8935050964, 59.6057243347, 30.5897884369, 37.6593894958, 24.0627403259, 26.2759304047, 35.5599517822, 53.0031929016, 217.604858398, 270.712402344, 183.438461304, 49.5003662109, 18.4372310638, 11.2923192978, 21.7128562927, 20.7555999756, 5.90896368027, 8.65742588043, 8.3686170578, 5.87334489822, 6.22757863998, 7.34824895859, 8.30248069763, 34.0464363098, 40.2208137512, 13.5666017532, 4.15973711014, 1.12520623207, 0.367836207151, 0.0624702684581, 0.00166109215934, 8.09584089438e-05],
        "var": [2.53922629356, 44.7361679077, 44.9989585876, 83.1430206299, 348.034210205, 947.679260254, 2145.91113281, 15327.6201172, 3468.44482422, 3552.8425293, 935.735107422, 1418.22973633, 579.015441895, 690.424560547, 1264.51025391, 2809.33862305, 47351.875, 73285.203125, 33649.671875, 2450.28613281, 339.93145752, 127.516479492, 471.4480896, 430.794952393, 34.915851593, 74.9510192871, 70.033744812, 34.4961776733, 38.7827339172, 53.996761322, 68.9311904907, 1159.15979004, 1617.71374512, 184.05267334, 17.3034114838, 1.26608908176, 0.135303482413, 0.00390253425576, 2.7592270726e-06, 6.55426424245e-09]
    },
    "gfcc": {
        "mean": [-37.6661186218, 112.070640564, -84.4745635986, 23.2332439423, -56.0218467712, 14.0039348602, -42.1999092102, -0.314129292965, -23.2472629547, 9.20841598511, -5.07679271698, 9.6129360199, -7.14425086975],
        "cov": [[5163.29394531, -735.625061035, -623.036193848, 207.768875122, 404.174804688, 580.913146973, 222.99961853, 286.727355957, 57.1484336853, 357.033325195, 83.2229995728, -167.538604736, -123.13368988], [-735.625061035, 1228.64892578, 39.5760192871, -68.0202178955, 193.241760254, -89.5113601685, 211.628936768, -67.1254959106, 127.126976013, -110.824424744, 141.854751587, -82.6471328735, 13.2777709961], [-623.036193848, 39.5760192871, 711.08416748, 137.101379395, -104.532592773, 34.9332427979, 11.5614356995, 22.4549503326, -9.14401912689, -93.5593338013, -48.4544715881, 92.8511199951, 23.6578540802], [207.768875122, -68.0202178955, 137.101379395, 411.646972656, 120.730522156, 33.5156211853, 88.9001083374, 57.3403511047, 53.3001480103, 8.6401052475, -12.3596630096, 35.3431434631, 32.7686805725], [404.174804688, 193.241760254, -104.532592773, 120.730522156, 329.728057861, 91.0961608887, 113.098182678, 65.0803451538, 100.956863403, 65.5244445801, 45.9223670959, -43.6535072327, 4.49723863602], [580.913146973, -89.5113601685, 34.9332427979, 33.5156211853, 91.0961608887, 340.93536377, 130.086746216, 59.5205688477, 44.5163421631, 45.566444397, 30.8091831207, -51.1182479858, -58.5163078308], [222.99961853, 211.628936768, 11.5614356995, 88.9001083374, 113.098182678, 130.086746216, 272.496185303, 84.2498321533, 54.6224555969, 23.1860923767, 53.7645149231, -19.2164363861, -38.989906311], [286.727355957, -67.1254959106, 22.4549503326, 57.3403511047, 65.0803451538, 59.5205688477, 84.2498321533, 161.264663696, 72.1915130615, 37.0983886719, -1.20846891403, 3.34009194374, -9.15104103088], [57.1484336853, 127.126976013, -9.14401912689, 53.3001480103, 100.956863403, 44.5163421631, 54.6224555969, 72.1915130615, 179.295806885, 55.5519561768, 20.8732681274, -19.0991249084, 34.2191963196], [357.033325195, -110.824424744, -93.5593338013, 8.6401052475, 65.5244445801, 45.566444397, 23.1860923767, 37.0983886719, 55.5519561768, 179.437210083, 49.1173553467, -11.702246666, 15.3956880569], [83.2229995728, 141.854751587, -48.4544715881, -12.3596630096, 45.9223670959, 30.8091831207, 53.7645149231, -1.20846891403, 20.8732681274, 49.1173553467, 136.583724976, 8.40748310089, 3.26703047752], [-167.538604736, -82.6471328735, 92.8511199951, 35.3431434631, -43.6535072327, -51.1182479858, -19.2164363861, 3.34009194374, -19.0991249084, -11.702246666, 8.40748310089, 121.919425964, 42.3918647766], [-123.13368988, 13.2777709961, 23.6578540802, 32.7686805725, 4.49723863602, -58.5163078308, -38.989906311, -9.15104103088, 34.2191963196, 15.3956880569, 3.26703047752, 42.3918647766, 119.01146698]],
        "icov": [[0.000370258378098, 8.49316420499e-05, 0.000308310933178, -0.000207394637982, -0.000154481138452, -0.000513231905643, 0.000123807665659, -0.000524992472492, 0.000424579338869, -0.000331967574311, -6.62758320686e-05, 0.000203603281989, -2.67328541668e-05], [8.49316420499e-05, 0.00341026624665, -0.00108304619789, 0.0016310676001, -0.00212425785139, 0.00261354004033, -0.00344219524413, 0.00291717122309, -0.00277714338154, 0.00322074000724, -0.00321647338569, 0.00279411207885, -0.000589599367231], [0.000308310933178, -0.00108304619789, 0.00264775846153, -0.00141049816739, 0.00139468524139, -0.00199457327835, 0.00124466849957, -0.00162096868735, 0.000979464617558, -0.000471383857075, 0.0013683270663, -0.00200295564719, 6.82193422108e-06], [-0.000207394637982, 0.0016310676001, -0.00141049816739, 0.00436680112034, -0.0023350501433, 0.00178560672794, -0.00266551226377, 0.00167962734122, -0.00168632983696, 0.00164693745319, -0.000559156702366, 0.000330198177835, -0.000926888256799], [-0.000154481138452, -0.00212425785139, 0.00139468524139, -0.0023350501433, 0.00644391216338, -0.00198928941973, 0.00126818544231, -0.00205636047758, 0.000121590863273, -0.00212181778625, 0.00112847285345, -0.000527054187842, -0.000125114849652], [-0.000513231905643, 0.00261354004033, -0.00199457327835, 0.00178560672794, -0.00198928941973, 0.007192583289, -0.00425452133641, 0.00285861571319, -0.0030654463917, 0.00218196772039, -0.00273804948665, 0.00317006162368, 0.00106500287075], [0.000123807665659, -0.00344219524413, 0.00124466849957, -0.00266551226377, 0.00126818544231, -0.00425452133641, 0.00983663741499, -0.0054494375363, 0.00282499403693, -0.00259367842227, 0.000921915459912, -0.00255890772678, 0.0020718628075], [-0.000524992472492, 0.00291717122309, -0.00162096868735, 0.00167962734122, -0.00205636047758, 0.00285861571319, -0.0054494375363, 0.0130938133225, -0.00644001970068, 0.00198662374169, -0.000587866292335, 1.86297929758e-05, 0.00130005890969], [0.000424579338869, -0.00277714338154, 0.000979464617558, -0.00168632983696, 0.000121590863273, -0.0030654463917, 0.00282499403693, -0.00644001970068, 0.0121035668999, -0.0042915395461, 0.00205487478524, 0.000256393279415, -0.00313546648249], [-0.000331967574311, 0.00322074000724, -0.000471383857075, 0.00164693745319, -0.00212181778625, 0.00218196772039, -0.00259367842227, 0.00198662374169, -0.0042915395461, 0.0111528094858, -0.0053794127889, 0.00262727146037, -0.00160348939244], [-6.62758320686e-05, -0.00321647338569, 0.0013683270663, -0.000559156702366, 0.00112847285345, -0.00273804948665, 0.000921915459912, -0.000587866292335, 0.00205487478524, -0.0053794127889, 0.0129231270403, -0.0050208917819, 0.000578906561714], [0.000203603281989, 0.00279411207885, -0.00200295564719, 0.000330198177835, -0.000527054187842, 0.00317006162368, -0.00255890772678, 1.86297929758e-05, 0.000256393279415, 0.00262727146037, -0.0050208917819, 0.0147773809731, -0.00459160562605], [-2.67328541668e-05, -0.000589599367231, 6.82193422108e-06, -0.000926888256799, -0.000125114849652, 0.00106500287075, 0.0020718628075, 0.00130005890969, -0.00313546648249, -0.00160348939244, 0.000578906561714, -0.00459160562605, 0.0127302445471]]
    },
    "melbands": {
        "dmean": [0.00454330258071, 0.00196820497513, 0.000639643461909, 0.000565113674384, 0.000583602988627, 0.000641826947685, 0.000207215794944, 0.000122691155411, 7.87051612861e-05, 5.44189751963e-05, 2.53092766798e-05, 2.80680505966e-05, 3.09725182888e-05, 4.02372825192e-05, 5.19099303347e-05, 7.51163388486e-05, 0.000100589968497, 6.20634891675e-05, 2.21969730774e-05, 1.00951701825e-05, 6.06066714681e-06, 4.11657401855e-06, 3.58484658136e-06, 6.65120433041e-06, 4.71801331514e-06, 1.88190699646e-06, 1.20315246477e-06, 2.26594420383e-06, 1.91972367247e-06, 1.25856956856e-06, 1.17699278235e-06, 1.18343587019e-06, 1.22851281503e-06, 1.24141888591e-06, 1.13244720978e-06, 1.05122353489e-06, 2.43245631282e-06, 2.6692209758e-06, 1.75614627551e-06, 1.17553918244e-06],
        "dmean2": [0.00772958574817, 0.00348147773184, 0.00108278484549, 0.000910052098334, 0.000892505573574, 0.00101289281156, 0.000317945698043, 0.000185417142347, 0.000119344200357, 8.41905930429e-05, 3.82047364837e-05, 4.27383529313e-05, 4.89314443257e-05, 6.63733007968e-05, 7.8608005424e-05, 9.92340792436e-05, 0.000138008021167, 9.03200925677e-05, 3.3257787436e-05, 1.70547191374e-05, 9.83887366601e-06, 6.45175987302e-06, 5.55390124646e-06, 1.01033774627e-05, 7.04400417817e-06, 2.89150489152e-06, 1.87963121334e-06, 3.53691871169e-06, 2.94227493214e-06, 1.96173573386e-06, 1.82292660611e-06, 1.88048761629e-06, 1.94766789718e-06, 1.96560813492e-06, 1.7836424604e-06, 1.66081690622e-06, 3.1844208479e-06, 3.76320508622e-06, 2.78234119833e-06, 1.76662717877e-06],
        "dvar": [0.000144115940202, 2.96993548545e-05, 3.16013324664e-06, 1.08286235445e-06, 8.54004724715e-07, 2.48311494033e-06, 5.05658533712e-07, 1.96568237243e-07, 4.39099316907e-08, 1.71885705669e-08, 4.06095823635e-09, 6.83447032301e-09, 5.7087552463e-09, 1.45360656845e-08, 3.00426030719e-08, 9.8743100807e-08, 1.70860218418e-07, 5.06976576276e-08, 9.82685932627e-09, 1.31157795735e-09, 4.40347008857e-10, 1.61637883633e-10, 4.11811557077e-10, 4.4869846727e-10, 1.78490597302e-10, 3.02854304135e-11, 1.04016925281e-11, 3.76513750733e-11, 3.53203195858e-11, 1.41354219996e-11, 1.23541480865e-11, 1.68971833053e-11, 1.21839361517e-11, 2.45469634202e-11, 2.28184849488e-11, 3.06088626667e-11, 7.25917992384e-10, 8.20544743263e-10, 5.29081223277e-10, 9.79240508125e-11],
        "dvar2": [0.000377185933758, 8.43383168103e-05, 8.05477247923e-06, 2.82929090645e-06, 1.88595799955e-06, 6.55823896523e-06, 1.03739046153e-06, 4.11245480336e-07, 1.00139580184e-07, 3.94251493674e-08, 7.91711496362e-09, 1.38371838432e-08, 1.39012668043e-08, 3.80238880382e-08, 6.32116936572e-08, 1.47116310245e-07, 3.25963213754e-07, 9.90942652379e-08, 2.01994350135e-08, 3.60435836733e-09, 1.12863707269e-09, 4.02048588866e-10, 1.06554021162e-09, 1.04947739388e-09, 3.57647800264e-10, 6.27707746892e-11, 2.56065516013e-11, 8.59938648068e-11, 7.3188864691e-11, 3.53349988158e-11, 2.9140113933e-11, 4.29655235001e-11, 2.80992937252e-11, 6.22892570856e-11, 5.51431574014e-11, 6.11208444967e-11, 1.35922206823e-09, 1.47607148726e-09, 1.14102727267e-09, 2.22471138733e-10],
        "max": [0.0968259349465, 0.0508160367608, 0.0269698351622, 0.0123857175931, 0.0112691400573, 0.0368302576244, 0.0164314880967, 0.011373556219, 0.00366740045138, 0.00237780972384, 0.00183267239481, 0.00214110128582, 0.00113201595377, 0.00153628690168, 0.00405527139083, 0.0123896980658, 0.00767263071612, 0.00497087789699, 0.00313320453279, 0.000432726810686, 0.000337961741025, 0.000148891718709, 0.000677868316416, 0.000399579905206, 0.000230331294006, 0.000129828549689, 4.02955338359e-05, 6.75550109008e-05, 0.000127118168166, 6.4362960984e-05, 4.11962428188e-05, 5.79062434554e-05, 4.22678749601e-05, 0.000133296358399, 9.75906878011e-05, 0.000130808111862, 0.00111662037671, 0.000950260146055, 0.000786576536484, 0.000342425162671],
        "mean": [0.00564190512523, 0.00253844331019, 0.000743463227991, 0.00106363918167, 0.00122917268891, 0.00129305920564, 0.000350428774254, 0.000192356310436, 0.0001251904323, 9.85020378721e-05, 4.35236033809e-05, 4.70174018119e-05, 5.14105704497e-05, 4.96265674883e-05, 6.40022117295e-05, 0.00011865630222, 0.000144650126458, 0.000106979350676, 2.81983593595e-05, 9.35652042244e-06, 6.33946729067e-06, 4.57450187241e-06, 4.404414085e-06, 8.39989206725e-06, 6.6948246058e-06, 2.48922674473e-06, 1.35543905344e-06, 2.64608888756e-06, 2.14755027628e-06, 1.37131019073e-06, 1.23656639062e-06, 1.11828057925e-06, 1.30278579036e-06, 1.20462811992e-06, 1.11132203529e-06, 1.17166291602e-06, 2.65508538178e-06, 2.82390692519e-06, 1.79299195224e-06, 1.13186308681e-06],
        "median": [0.000906509463675, 0.00103507575113, 0.000236075458815, 0.000483959447592, 0.000734820787329, 0.000443055963842, 0.000118348536489, 5.28259115526e-05, 2.62037046923e-05, 1.98597263079e-05, 1.03268321254e-05, 1.56985315698e-05, 1.21044668049e-05, 1.01093792182e-05, 6.80447146806e-06, 6.67113954478e-06, 4.24548670708e-06, 4.33911463915e-06, 2.18237732952e-06, 1.02454180251e-06, 1.21759694593e-06, 9.80663799055e-07, 8.32364776215e-07, 1.22534299862e-06, 6.36363040485e-07, 3.86504950711e-07, 2.84262398509e-07, 3.49849500481e-07, 3.64722126278e-07, 2.76660443888e-07, 2.21127791633e-07, 1.91136294347e-07, 2.41954808189e-07, 1.72767713025e-07, 1.31531521674e-07, 1.48600165062e-07, 1.24098349374e-07, 9.01279690879e-08, 7.26497546566e-08, 5.88689097469e-08],
        "min": [1.94130365117e-07, 1.1795796695e-07, 5.02670445712e-07, 4.63529374883e-07, 5.43788075902e-07, 5.04464651385e-07, 6.50693863236e-08, 1.08824167455e-07, 2.96502395969e-08, 2.86325878562e-08, 1.86755517717e-08, 6.9677987824e-09, 6.73184308297e-09, 9.08821995438e-09, 2.36004571441e-09, 4.03319377895e-09, 2.82031487053e-09, 5.65840085898e-09, 1.79949799506e-09, 2.25750684812e-09, 2.14977902147e-09, 1.15021825398e-09, 6.40195674251e-10, 5.54888857085e-10, 1.84183279739e-10, 1.06013690881e-10, 6.90798945824e-11, 9.22008372428e-11, 7.37093858172e-11, 7.08247002712e-11, 8.9227715494e-11, 6.10213893304e-11, 8.43451072874e-11, 3.76727295193e-11, 6.11016168217e-11, 5.14250031447e-11, 4.00301389258e-11, 3.00278170384e-11, 2.86041502984e-11, 2.09487392711e-11],
        "stdev": [0.01223473344, 0.00488090422004, 0.0017943935236, 0.00152094569057, 0.00144938414451, 0.00241255713627, 0.000922191073187, 0.000538061955012, 0.000288522860501, 0.000229544282774, 0.000123348349007, 0.000113249698188, 0.000111180335807, 0.000122125391499, 0.000222833637963, 0.000582274980843, 0.000582994893193, 0.000405738450354, 0.000119210671983, 3.18506172334e-05, 2.01451675821e-05, 1.24898569993e-05, 1.85081607924e-05, 2.49740896834e-05, 1.85257613339e-05, 7.44300859878e-06, 3.28717828779e-06, 7.15884061719e-06, 7.02225179339e-06, 3.64126890418e-06, 3.50896948476e-06, 3.7699198856e-06, 3.57875342161e-06, 4.57252417618e-06, 4.70313216283e-06, 6.21327353656e-06, 3.31721494149e-05, 3.40886472259e-05, 2.336655416e-05, 1.04918663055e-05],
        "var": [0.000149688698002, 2.38232278207e-05, 3.21984794027e-06, 2.31327589972e-06, 2.10071448237e-06, 5.82043185204e-06, 8.50436379096e-07, 2.89510637685e-07, 8.3245446092e-08, 5.26905807874e-08, 1.52148160737e-08, 1.28254944443e-08, 1.23610668368e-08, 1.49146099915e-08, 4.96548295814e-08, 3.39044134989e-07, 3.39883058587e-07, 1.64623699561e-07, 1.42111851176e-08, 1.01446173684e-09, 4.05827788041e-10, 1.55996535134e-10, 3.42552042287e-10, 6.23705198599e-10, 3.43203854225e-10, 5.53983803275e-11, 1.08055404902e-11, 5.12489981008e-11, 4.93120197453e-11, 1.32588393389e-11, 1.23128668719e-11, 1.42122962704e-11, 1.28074764336e-11, 2.09079784735e-11, 2.2119453838e-11, 3.86047686873e-11, 1.10039144463e-09, 1.16203580092e-09, 5.45995859635e-10, 1.10079258209e-10]
    },
    "melbands128": {
