{
"lowlevel": {
    "average_loudness": 0.615830421448,
    "barkbands_crest": {
        "dmean": 1.54084444046,
        "dmean2": 2.3816382885,
        "dvar": 2.79797530174,
        "dvar2": 5.68335771561,
        "max": 23.8476467133,
        "mean": 9.72657299042,
        "median": 8.65065574646,
        "min": 3.04260230064,
        "stdev": 4.25884103775,
        "var": 18.1377258301
    },
    "barkbands_flatness_db": {
        "dmean": 0.0212536305189,
        "dmean2": 0.0332600586116,
        "dvar": 0.000361614685971,
        "dvar2": 0.000778855872341,
        "max": 0.310674160719,
        "mean": 0.141998425126,
        "median": 0.135803341866,
        "min": 0.0422113351524,
        "stdev": 0.0525744147599,
        "var": 0.00276406900957
    },
    "barkbands_kurtosis": {
        "dmean": 2.9510653019,
        "dmean2": 4.73304271698,
        "dvar": 12.9532499313,
        "dvar2": 31.3267021179,
        "max": 50.6826858521,
        "mean": 6.81915855408,
        "median": 4.3754940033,
        "min": -1.77872908115,
        "stdev": 7.47643995285,
        "var": 55.8971557617
    },
    "barkbands_skewness": {
        "dmean": 0.51546216011,
        "dmean2": 0.840040028095,
        "dvar": 0.294445544481,
        "dvar2": 0.750019192696,
        "max": 5.30320739746,
        "mean": 1.91026389599,
        "median": 1.84008824825,
        "min": -1.41182160378,
        "stdev": 1.14297127724,
        "var": 1.30638325214
    },
    "barkbands_spread": {
        "dmean": 7.41968107224,
        "dmean2": 12.5270805359,
        "dvar": 96.7779769897,
        "dvar2": 256.684020996,
        "max": 75.8618927002,
        "mean": 18.8799495697,
        "median": 14.5950183868,
        "min": 2.07125496864,
        "stdev": 14.2322492599,
        "var": 202.556930542
    },
    "dissonance": {
        "dmean": 0.0251851398498,
        "dmean2": 0.0421383045614,
        "dvar": 0.000557607214432,
        "dvar2": 0.00147953873966,
        "max": 0.497251003981,
        "mean": 0.430041670799,
        "median": 0.43939948082,
        "min": 0.135086655617,
        "stdev": 0.0452403277159,
        "var": 0.00204668729566
    },
    "dynamic_complexity": 4.52014875412,
    "erbbands_crest": {
        "dmean": 2.05067372322,
        "dmean2": 3.15493273735,
        "dvar": 5.46739768982,
        "dvar2": 11.1005735397,
        "max": 31.6280193329,
        "mean": 11.9933462143,
        "median": 10.1595020294,
        "min": 3.08622527122,
        "stdev": 5.95934963226,
        "var": 35.5138473511
    },
    "erbbands_flatness_db": {
        "dmean": 0.0192552562803,
        "dmean2": 0.0303752459586,
        "dvar": 0.000311874930048,
        "dvar2": 0.000670143985189,
        "max": 0.322737842798,
        "mean": 0.165469706059,
        "median": 0.154068231583,
        "min": 0.0746337994933,
        "stdev": 0.0469548180699,
        "var": 0.00220475485548
    },
    "erbbands_kurtosis": {
        "dmean": 1.63104557991,
        "dmean2": 2.57425689697,
        "dvar": 4.81746006012,
        "dvar2": 11.183016777,
        "max": 33.0953330994,
        "mean": 2.48324298859,
        "median": 1.35138440132,
        "min": -1.65039920807,
        "stdev": 3.90801954269,
        "var": 15.2726163864
    },
    "erbbands_skewness": {
        "dmean": 0.420691221952,
        "dmean2": 0.683658003807,
        "dvar": 0.210226744413,
        "dvar2": 0.532330274582,
        "max": 4.52103662491,
        "mean": 1.05318307877,
        "median": 1.04384040833,
        "min": -2.6866414547,
        "stdev": 0.808706104755,
        "var": 0.654005527496
    },
    "erbbands_spread": {
        "dmean": 10.4478282928,
        "dmean2": 17.2324810028,
        "dvar": 139.928527832,
        "dvar2": 362.882720947,
        "max": 112.275474548,
        "mean": 34.2971458435,
        "median": 31.7193412781,
        "min": 3.73627114296,
        "stdev": 18.7931976318,
        "var": 353.184295654
    },
    "hfc": {
        "dmean": 4.66003417969,
        "dmean2": 7.61489343643,
        "dvar": 82.257270813,
        "dvar2": 215.95791626,
        "max": 113.081039429,
        "mean": 11.0135593414,
        "median": 5.84008026123,
        "min": 0.000339715683367,
        "stdev": 12.9708166122,
        "var": 168.242080688
    },
    "loudness_ebu128": {
        "integrated": -23.4127864838,
        "loudness_range": 5.08019638062,
        "momentary": {
            "dmean": 0.915208101273,
            "dmean2": 0.823500037193,
            "dvar": 0.908829331398,
            "dvar2": 0.970498681068,
            "max": -15.4896650314,
            "mean": -25.1472187042,
            "median": -25.6109924316,
            "min": -32.1541366577,
            "stdev": 3.86810851097,
            "var": 14.962264061
        },
        "short_term": {
            "dmean": 0.115023389459,
            "dmean2": 0.0914717465639,
            "dvar": 0.0183887127787,
            "dvar2": 0.0111567229033,
            "max": -20.343580246,
            "mean": -23.9436511993,
            "median": -24.0266838074,
            "min": -27.9780273438,
            "stdev": 1.56934440136,
            "var": 2.46284174919
        }
    },
    "melbands_crest": {
        "dmean": 1.70959866047,
        "dmean2": 2.69825434685,
        "dvar": 3.02733516693,
        "dvar2": 6.49931383133,
        "max": 31.3574237823,
        "mean": 13.188574791,
        "median": 12.3267993927,
        "min": 4.80665063858,
        "stdev": 4.56980800629,
        "var": 20.883146286
    },
    "melbands_flatness_db": {
        "dmean": 0.0261257495731,
        "dmean2": 0.0409663431346,
        "dvar": 0.000603099178988,
        "dvar2": 0.00143164710607,
        "max": 0.354917675257,
        "mean": 0.191833138466,
        "median": 0.190421611071,
        "min": 0.0326459109783,
        "stdev": 0.0627744942904,
        "var": 0.00394063675776
    },
    "melbands_kurtosis": {
        "dmean": 4.63217163086,
        "dmean2": 7.55354070663,
        "dvar": 30.6962833405,
        "dvar2": 77.3007659912,
        "max": 68.4104003906,
        "mean": 12.2922201157,
        "median": 9.6363067627,
        "min": -1.64574420452,
        "stdev": 10.1604261398,
        "var": 103.23425293
    },
    "melbands_skewness": {
        "dmean": 0.536708593369,
        "dmean2": 0.861448585987,
        "dvar": 0.284798562527,
        "dvar2": 0.71297287941,
        "max": 6.16497993469,
        "mean": 2.34825515747,
        "median": 2.36298298836,
        "min": -1.50009477139,
        "stdev": 1.19044113159,
        "var": 1.4171500206
    },
    "melbands_spread": {
        "dmean": 8.05590343475,
        "dmean2": 13.7829008102,
        "dvar": 222.424758911,
        "dvar2": 590.316223145,
        "max": 154.156097412,
        "mean": 20.1894855499,
        "median": 14.4072418213,
        "min": 2.62202095985,
        "stdev": 18.220954895,
        "var": 332.003204346
    },
    "pitch_salience": {
        "dmean": 0.0510565899312,
        "dmean2": 0.0827064663172,
        "dvar": 0.00303856679238,
        "dvar2": 0.00756403431296,
        "max": 0.925477206707,
        "mean": 0.577226638794,
        "median": 0.586058437824,
        "min": 0.171317383647,
        "stdev": 0.103044971824,
        "var": 0.0106182657182
    },
    "silence_rate_20dB": {
        "dmean": 0,
        "dmean2": 0,
        "dvar": 0,
        "dvar2": 0,
        "max": 1,
        "mean": 1,
        "median": 1,
        "min": 1,
        "stdev": 0,
        "var": 0
    },
    "silence_rate_30dB": {
        "dmean": 0.0010303966701,
        "dmean2": 0.00206185574643,
        "dvar": 0.00102934613824,
        "dvar2": 0.00205764453858,
        "max": 1,
        "mean": 0.994335711002,
        "median": 1,
        "min": 0,
        "stdev": 0.0750501006842,
        "var": 0.00563251785934
    },
    "silence_rate_60dB": {
        "dmean": 0.0561566203833,
        "dmean2": 0.11185567081,
        "dvar": 0.053002204746,
        "dvar2": 0.111715629697,
        "max": 1,
        "mean": 0.22451081872,
        "median": 0,
        "min": 0,
        "stdev": 0.417261600494,
        "var": 0.174107253551
    },
    "spectral_centroid": {
        "dmean": 302.70980835,
        "dmean2": 510.984863281,
        "dvar": 210269.09375,
        "dvar2": 550226.9375,
        "max": 3767.96069336,
        "mean": 1013.92077637,
        "median": 835.486694336,
        "min": 330.61517334,
        "stdev": 620.32611084,
        "var": 384804.5
    },
    "spectral_complexity": {
        "dmean": 1.60535800457,
        "dmean2": 2.86958765984,
        "dvar": 10.3316879272,
        "dvar2": 28.1496582031,
        "max": 41,
        "mean": 9.26930999756,
        "median": 9,
        "min": 0,
        "stdev": 3.37618637085,
        "var": 11.3986339569
    },
    "spectral_decrease": {
        "dmean": 7.37670424744e-10,
        "dmean2": 9.54654133523e-10,
        "dvar": 2.48390984896e-18,
        "dvar2": 3.64897450979e-18,
        "max": -1.20677204124e-13,
        "mean": -3.87676823976e-09,
        "median": -1.7909942418e-09,
        "min": -3.4936174842e-08,
        "stdev": 4.96856999987e-09,
        "var": 2.46866892209e-17
    },
    "spectral_energy": {
        "dmean": 0.00312201445922,
        "dmean2": 0.00414957199246,
        "dvar": 4.00244061893e-05,
        "dvar2": 6.03440021223e-05,
        "max": 0.140592038631,
        "mean": 0.0156307965517,
        "median": 0.0074019767344,
        "min": 4.86277485834e-07,
        "stdev": 0.0196914356202,
        "var": 0.000387752603274
    },
    "spectral_energyband_high": {
        "dmean": 0.000411432411056,
        "dmean2": 0.000741359428503,
        "dvar": 9.68875724539e-07,
        "dvar2": 2.71998669632e-06,
        "max": 0.0108907399699,
        "mean": 0.000385313498555,
        "median": 0.000158355076564,
        "min": 3.49282447409e-09,
        "stdev": 0.000810763041954,
        "var": 6.57336670429e-07
    },
    "spectral_energyband_low": {
        "dmean": 0.000348436937202,
        "dmean2": 0.000557013612706,
        "dvar": 3.33512559791e-07,
        "dvar2": 7.0925801765e-07,
        "max": 0.0130230942741,
        "mean": 0.00116019917186,
        "median": 0.000594998127781,
        "min": 7.68102581539e-10,
        "stdev": 0.00150803045835,
        "var": 2.27415603149e-06
    },
    "spectral_energyband_middle_high": {
        "dmean": 0.00110659038182,
        "dmean2": 0.00146436574869,
        "dvar": 8.45026079332e-06,
        "dvar2": 1.32840559672e-05,
        "max": 0.0766508951783,
        "mean": 0.00315493321978,
        "median": 0.000897140358575,
        "min": 1.61141855415e-07,
        "stdev": 0.00685975886881,
        "var": 4.70562918053e-05
    },
    "spectral_energyband_middle_low": {
        "dmean": 0.0021654961165,
        "dmean2": 0.00276640267111,
        "dvar": 2.64034715656e-05,
        "dvar2": 4.09587592003e-05,
        "max": 0.101865388453,
        "mean": 0.0120766432956,
        "median": 0.00496294721961,
        "min": 3.30744313715e-07,
        "stdev": 0.016088925302,
        "var": 0.000258853542618
    },
    "spectral_entropy": {
        "dmean": 0.26905477047,
        "dmean2": 0.423828154802,
        "dvar": 0.0598555020988,
        "dvar2": 0.146121263504,
        "max": 8.75588130951,
        "mean": 7.49395465851,
        "median": 7.56597328186,
        "min": 5.88782739639,
        "stdev": 0.563380897045,
        "var": 0.317398041487
    },
    "spectral_flux": {
        "dmean": 0.0114557044581,
        "dmean2": 0.0184626094997,
        "dvar": 0.000332103460096,
        "dvar2": 0.000717725954019,
        "max": 0.193756043911,
        "mean": 0.0323221944273,
        "median": 0.0251447111368,
        "min": 0.000697335985024,
        "stdev": 0.0232241675258,
        "var": 0.000539361964911
    },
    "spectral_kurtosis": {
        "dmean": 1.5707423687,
        "dmean2": 2.5537443161,
        "dvar": 2.78155851364,
        "dvar2": 7.06743383408,
        "max": 21.6165428162,
        "mean": 3.6052737236,
        "median": 2.75624060631,
        "min": -0.593694448471,
        "stdev": 2.88502836227,
        "var": 8.32338809967
    },
    "spectral_rms": {
        "dmean": 0.000353005219949,
        "dmean2": 0.000470541708637,
        "dvar": 2.90072080134e-07,
        "dvar2": 4.13620909967e-07,
        "max": 0.0117116589099,
        "mean": 0.00334687065333,
        "median": 0.00268727377988,
        "min": 2.17811175389e-05,
        "stdev": 0.00201197201386,
        "var": 4.04803176934e-06
    },
    "spectral_rolloff": {
        "dmean": 840.294006348,
        "dmean2": 1510.79821777,
        "dvar": 2707222.5,
        "dvar2": 7252034.5,
        "max": 13888.9160156,
        "mean": 1565.5168457,
        "median": 947.4609375,
        "min": 301.46484375,
        "stdev": 1734.8782959,
        "var": 3009802.5
    },
    "spectral_skewness": {
        "dmean": 0.31420853734,
        "dmean2": 0.498403966427,
        "dvar": 0.077579125762,
        "dvar2": 0.198507785797,
        "max": 3.77337384224,
        "mean": 1.62360966206,
        "median": 1.54505443573,
        "min": 0.373839497566,
        "stdev": 0.550410568714,
        "var": 0.302951812744
    },
    "spectral_spread": {
        "dmean": 1090713,
        "dmean2": 1786562.125,
        "dvar": 1.03276249088e+12,
        "dvar2": 2.62023230259e+12,
        "max": 18534614,
        "mean": 6132522,
        "median": 6069152,
        "min": 2580015.75,
        "stdev": 1492092,
        "var": 2.22633839821e+12
    },
    "spectral_strongpeak": {
        "dmean": 0.293197929859,
        "dmean2": 0.423827469349,
        "dvar": 0.38294044137,
        "dvar2": 0.654377877712,
        "max": 10.0842380524,
        "mean": 1.24285519123,
        "median": 0.762397170067,
        "min": 0.000481026479974,
        "stdev": 1.37684047222,
        "var": 1.89568972588
    },
    "zerocrossingrate": {
        "dmean": 0.00846102647483,
        "dmean2": 0.0106661766768,
        "dvar": 8.0567857367e-05,
        "dvar2": 0.000112731533591,
        "max": 0.20947265625,
        "mean": 0.0590576417744,
        "median": 0.05419921875,
        "min": 0.0087890625,
        "stdev": 0.0273200534284,
        "var": 0.000746385310777
    },
    "barkbands": {
        "dmean": [1.24795269585e-06, 3.44010622939e-05, 0.000120430639072, 0.000374216266209, 0.000658569857478, 0.000713391928002, 0.000731021224055, 0.000303977518342, 0.000126548387925, 0.000496131950058, 0.000184897566214, 0.000200921145733, 0.000113122005132, 0.000105818726297, 0.000119645774248, 1.8544111299e-05, 4.35342844867e-05, 4.69551123388e-05, 4.98380104546e-05, 7.46723380871e-05, 8.20868299343e-05, 6.86406056047e-05, 6.39284990029e-05, 7.73737847339e-05, 6.31029324722e-05, 3.23605308949e-05, 2.14023930312e-06],
        "dmean2": [2.24724544751e-06, 5.96565623709e-05, 0.000192100909771, 0.000608902191743, 0.000996175571345, 0.000935444724746, 0.000955180265009, 0.000362803577445, 0.000167861318914, 0.000565905531403, 0.000277619052213, 0.000284845125861, 0.000153514905833, 0.000165437581018, 0.000171515566763, 3.21103616443e-05, 7.50134277041e-05, 8.52135271998e-05, 9.19650192373e-05, 0.000136831324198, 0.000149703031639, 0.00012256433547, 0.000113881600555, 0.000139067764394, 0.000114433976705, 5.88061229791e-05, 3.94634025724e-06],
        "dvar": [1.01611479647e-11, 8.57849169478e-09, 4.65321576826e-08, 4.32215045976e-07, 3.20585604641e-06, 5.60597982258e-06, 6.93474385116e-06, 1.29135332827e-06, 2.65897881491e-07, 4.36965001427e-06, 1.49667823734e-06, 6.51330424262e-07, 1.17550553114e-06, 6.1253513195e-07, 1.9623200842e-07, 1.8423799153e-09, 2.54052920923e-08, 2.5207553378e-08, 3.00335472048e-08, 8.25947665817e-08, 4.21177901444e-08, 3.2474584799e-08, 2.4428631562e-08, 5.59938300171e-08, 2.29855317002e-08, 9.65345936521e-09, 3.69642753906e-11],
        "dvar2": [2.95384099125e-11, 2.59244306022e-08, 9.82311831876e-08, 9.9842804957e-07, 6.32120645605e-06, 8.96538676898e-06, 1.16366063594e-05, 1.3682848703e-06, 3.80038670755e-07, 5.14758085046e-06, 3.3732906104e-06, 1.2918410448e-06, 1.94180756807e-06, 1.14262229545e-06, 2.87932635956e-07, 4.5893120415e-09, 6.43668869316e-08, 7.19678396877e-08, 8.62711360128e-08, 2.38438417455e-07, 1.20305742257e-07, 9.12170605716e-08, 6.78810749832e-08, 1.5843083645e-07, 6.44255067073e-08, 2.75098699376e-08, 1.04394916323e-10],
        "max": [4.4143624109e-05, 0.00144707399886, 0.00454101711512, 0.0108936689794, 0.038466155529, 0.0564818754792, 0.0525307543576, 0.0590988360345, 0.0176705606282, 0.0731902420521, 0.036497887224, 0.0198379959911, 0.0392747148871, 0.0229340903461, 0.018642898649, 0.000929335015826, 0.00270928256214, 0.00174896954559, 0.00218287296593, 0.00600001774728, 0.00203323247842, 0.00267516076565, 0.0019078043988, 0.00341734243557, 0.00165030057542, 0.00172468088567, 0.000110425564344],
        "mean": [1.05922970306e-06, 4.29518840974e-05, 0.000310676638037, 0.00132634572219, 0.0025205090642, 0.00322490045801, 0.00301526463591, 0.00110742973629, 0.000373354618205, 0.00160855799913, 0.000331571180141, 0.000457854679553, 0.000184209406143, 0.000213250823435, 0.000328121561324, 3.11065196001e-05, 5.67238057556e-05, 4.36110349256e-05, 4.17822011514e-05, 6.12107396591e-05, 6.93523907103e-05, 6.52240632917e-05, 6.23846062808e-05, 6.9652152888e-05, 5.5326589063e-05, 2.68927451543e-05, 1.48467483996e-06],
        "median": [3.81766540158e-07, 1.46266775118e-05, 9.67633968685e-05, 0.000739823561162, 0.000667455606163, 0.000815047300421, 0.000518944463693, 0.000409974425565, 0.000104688195279, 5.76193160668e-05, 3.40772385243e-05, 0.000194818712771, 2.44024358835e-05, 2.31901685765e-05, 0.000152032574988, 2.05838114198e-05, 2.04389889404e-05, 1.23118843476e-05, 1.34771980811e-05, 1.828524546e-05, 2.17803390115e-05, 2.65874350589e-05, 2.60969591181e-05, 2.60689466813e-05, 2.12225131691e-05, 1.00881115941e-05, 3.3281605738e-07],
        "min": [9.42187994291e-12, 1.71960862216e-10, 3.07465386484e-10, 7.60233598296e-10, 1.53083767884e-08, 7.81714106779e-08, 1.18939468052e-07, 6.5846812447e-08, 3.46654118744e-08, 8.84365078946e-08, 6.48643947443e-08, 4.42428804703e-09, 1.67458091838e-09, 1.15771758846e-09, 4.64317118087e-09, 7.91004928224e-10, 1.0899787739e-09, 7.23824500337e-10, 5.52403844889e-10, 6.74480193918e-10, 6.66712129949e-10, 4.27690965976e-10, 4.63792365624e-10, 4.45193132359e-10, 3.81247394765e-10, 3.98107491417e-10, 2.19888842377e-12],
        "stdev": [2.54111864706e-06, 0.000106190753286, 0.000515252642799, 0.00155301310588, 0.00448729563504, 0.00608449662104, 0.0073529263027, 0.00316303246655, 0.0010996820638, 0.00621871696785, 0.00174342165701, 0.00131593481638, 0.00161055126227, 0.00110559642781, 0.000983724952675, 4.58476752101e-05, 0.00015757822257, 0.00012936560961, 0.000134393092594, 0.000220848465688, 0.000165626683156, 0.000148762148456, 0.000131852721097, 0.000188716425328, 0.000123921912746, 7.70730403019e-05, 4.80923699797e-06],
        "var": [6.45728349263e-12, 1.12764757532e-08, 2.65485283535e-07, 2.41184966399e-06, 2.01358234335e-05, 3.7021101889e-05, 5.40655273653e-05, 1.00047745946e-05, 1.20930064895e-06, 3.86724386772e-05, 3.03951924252e-06, 1.73168439233e-06, 2.59387547885e-06, 1.2223434851e-06, 9.67714868239e-07, 2.10200945538e-09, 2.48308964501e-08, 1.67354627933e-08, 1.80615042922e-08, 4.87740443589e-08, 2.74322005112e-08, 2.21301750258e-08, 1.7385138662e-08, 3.56138905033e-08, 1.53566404038e-08, 5.94025362233e-09, 2.31287593244e-11]
    },
    "erbbands": {
        "dmean": [0.000533307727892, 0.00976091623306, 0.088434278965, 0.828213989735, 0.820582449436, 2.7967171669, 6.78988265991, 4.21438932419, 7.7767624855, 9.20380592346, 7.65755605698, 3.46970295906, 10.1032810211, 13.2547245026, 7.04323911667, 9.81439876556, 5.66533946991, 5.76031255722, 7.44004917145, 1.61104846001, 1.43199324608, 2.10511636734, 2.59716200829, 2.14544820786, 2.94500827789, 3.51840305328, 3.57386183739, 2.97377085686, 2.55669331551, 2.07147526741, 1.82915949821, 1.57987833023, 1.3201622963, 0.8178139925, 0.404154896736, 0.167135745287, 0.0523017384112, 0.00954296719283, 0.000267631752649, 1.04191367427e-05],
        "dmean2": [0.000908973510377, 0.0169051103294, 0.143478915095, 1.33531880379, 1.30744802952, 4.35564851761, 9.15446949005, 5.56620359421, 10.1114425659, 12.0777568817, 8.92507457733, 4.37666988373, 12.0893650055, 15.399269104, 10.1883459091, 13.6993999481, 7.53259944916, 8.9424905777, 10.5744848251, 2.51676988602, 2.38571310043, 3.71851015091, 4.74787664413, 3.92123007774, 5.43385457993, 6.43824243546, 6.51040029526, 5.37431907654, 4.57928466797, 3.7143881321, 3.2585310936, 2.81345891953, 2.39207839966, 1.47903931141, 0.731071174145, 0.305035144091, 0.0946591198444, 0.0172125864774, 0.000488003017381, 1.75686327566e-05],
        "dvar": [1.40161387208e-06, 0.000694729969837, 0.0243607126176, 1.98902523518, 2.25712943077, 74.2892684937, 547.494873047, 240.632781982, 911.58605957, 1961.60559082, 949.614257812, 192.437011719, 2590.48266602, 3501.65917969, 1404.92663574, 1331.95898438, 2810.73388672, 2104.23706055, 663.827209473, 15.6454105377, 20.8830070496, 58.0355262756, 89.9194107056, 52.7854309082, 97.0018997192, 187.045944214, 92.603012085, 54.2544021606, 41.9652481079, 35.8367652893, 19.9863624573, 17.3815593719, 20.9109230042, 4.0563955307, 1.01065087318, 0.244678139687, 0.0282904636115, 0.000881767598912, 5.69600956624e-07, 4.916938523e-10],
        "dvar2": [3.85464090868e-06, 0.00209903973155, 0.0556964501739, 4.45954990387, 5.04751777649, 152.890914917, 808.93951416, 392.426300049, 1477.10327148, 3223.34082031, 978.709716797, 262.919250488, 3554.03979492, 3721.34472656, 3136.56689453, 2555.04321289, 4627.40478516, 3895.31323242, 882.483520508, 28.8478775024, 48.0649452209, 161.887207031, 259.098358154, 151.467483521, 278.877746582, 539.144348145, 264.236938477, 154.148117065, 117.818199158, 101.251091003, 55.4042129517, 48.1990623474, 59.8355331421, 11.3774137497, 2.84123206139, 0.703179121017, 0.0801630914211, 0.00248935353011, 1.60116394454e-06, 1.33336497399e-09],
        "max": [0.0156374685466, 0.409957647324, 2.89941310883, 29.677696228, 31.1399536133, 217.54776001, 828.02154541, 399.629486084, 808.164001465, 1152.85717773, 1649.68823242, 490.923858643, 1838.07385254, 2700.52294922, 1068.91491699, 959.812866211, 1913.8671875, 1341.99108887, 1157.09057617, 125.792060852, 87.547958374, 110.477485657, 115.931549072, 105.907669067, 127.611991882, 287.394714355, 135.457138062, 84.2491607666, 87.0369110107, 107.981140137, 52.171207428, 47.2710914612, 72.5976409912, 21.2543201447, 12.6278848648, 6.77529478073, 3.29024529457, 0.600584566593, 0.0123135130852, 0.000351231661625],
        "mean": [0.00070458027767, 0.0145078459755, 0.240685120225, 2.94032216072, 3.0955247879, 10.2287368774, 30.3531208038, 19.3134479523, 32.5963478088, 39.6579551697, 27.6010799408, 11.8765926361, 32.8716316223, 40.0824737549, 14.5470304489, 22.6974468231, 10.4746656418, 11.8843374252, 21.280456543, 3.85472345352, 2.41211128235, 2.51105999947, 2.38553357124, 1.95479536057, 2.48987460136, 2.89258241653, 2.9224011898, 2.6083137989, 2.38484406471, 2.00163030624, 1.77171182632, 1.48010337353, 1.14144349098, 0.708790004253, 0.347907871008, 0.138284638524, 0.0430559366941, 0.00780089339241, 0.00021592687699, 2.45654628088e-05],
        "median": [0.000319817801937, 0.00604024529457, 0.105240210891, 1.59552204609, 1.4479893446, 2.71988582611, 7.36030387878, 3.86696386337, 3.79926848412, 7.28115653992, 11.0677318573, 4.15315628052, 1.9215259552, 2.81126880646, 3.06469988823, 9.79119968414, 1.96203827858, 2.12642407417, 10.1984987259, 2.07853507996, 1.22855830193, 0.993372321129, 0.728083431721, 0.681852638721, 0.790740966797, 0.862558841705, 0.826655626297, 0.919715225697, 0.958682775497, 0.827750921249, 0.737821877003, 0.599092960358, 0.395217657089, 0.265300750732, 0.132240116596, 0.052757717669, 0.0156494621187, 0.00273536704481, 7.35281937523e-05, 1.4164023014e-05],
        "min": [3.59342688938e-09, 4.71836827387e-08, 2.95625142144e-07, 1.59351202456e-06, 9.90654825728e-06, 5.77614446229e-05, 0.000254075828707, 0.000782160437666, 0.00153768667951, 0.00175148167182, 0.00126478017773, 0.000789856538177, 0.00179756595753, 0.00343230320141, 0.00167974503711, 0.000186983932508, 8.49140706123e-05, 5.6943470554e-05, 0.000210289203096, 0.000117035582662, 5.6998222135e-05, 6.96763745509e-05, 3.63110120816e-05, 3.50524387613e-05, 2.79373271042e-05, 3.62912433047e-05, 4.16872462665e-05, 1.42494864122e-05, 1.62432406796e-05, 1.41749460454e-05, 1.26161303342e-05, 8.04621868156e-06, 8.400621482e-06, 5.1552046898e-06, 2.66659708359e-06, 1.47196715261e-06, 6.21655942723e-07, 2.4871462756e-07, 3.17787680615e-08, 3.46734618795e-09],
        "stdev": [0.00127335451543, 0.0313413441181, 0.347304046154, 3.54041194916, 4.07954359055, 21.9637584686, 61.8053779602, 41.418964386, 91.8078613281, 120.702789307, 85.2060012817, 30.6178474426, 142.831939697, 177.392211914, 53.7586860657, 59.9464759827, 78.9577636719, 63.5149345398, 59.529712677, 7.83413314819, 4.91970300674, 6.5923242569, 7.45573329926, 5.68996715546, 7.67974615097, 10.527346611, 7.68746376038, 6.01372480392, 5.35549736023, 4.92264652252, 3.76301574707, 3.47406482697, 3.55112886429, 1.64334022999, 0.815378189087, 0.38308930397, 0.132878631353, 0.0237908568233, 0.000605049543083, 2.83431927528e-05],
        "var": [1.62143157922e-06, 0.000982279889286, 0.12062009424, 12.5345172882, 16.6426773071, 482.406646729, 3819.90454102, 1715.53076172, 8428.68359375, 14569.1630859, 7260.06201172, 937.452575684, 20400.9648438, 31467.9960938, 2889.99633789, 3593.58007812, 6234.32861328, 4034.14697266, 3543.78686523, 61.3736419678, 24.2034797668, 43.4587402344, 55.5879554749, 32.3757247925, 58.9785003662, 110.825027466, 59.0970993042, 36.1648864746, 28.681350708, 24.2324504852, 14.1602869034, 12.0691261292, 12.6105165482, 2.70056724548, 0.664841592312, 0.146757408977, 0.0176567323506, 0.000566004833672, 3.66084975667e-07, 8.03336563937e-10]
    },
    "gfcc": {
        "mean": [-37.6815414429, 66.9973526001, -106.154884338, 4.68154907227, -85.4230804443, 8.95133972168, -58.1800346375, -8.29742431641, -35.4506530762, 3.70780467987, -25.869720459, -6.13924598694, -19.9750537872],
        "cov": [[1483.42773438, 135.685348511, 80.5560073853, -35.760181427, -125.971862793, -125.98323822, -30.5390529633, -59.9748497009, -63.9393844604, -42.8209915161, 76.8130187988, 62.5018157959, 100.713577271], [135.685348511, 1002.32519531, 99.1418075562, -239.538467407, -12.0802412033, -103.860496521, -51.5134391785, -174.020797729, 37.8260917664, -98.8349075317, 62.8167877197, 31.963596344, 126.912406921], [80.5560073853, 99.1418075562, 341.303894043, -5.14083623886, -19.9505977631, -61.4991264343, -58.1956939697, -58.018497467, -52.0730781555, 4.60491752625, -11.7545757294, 32.4550933838, 10.9687366486], [-35.760181427, -239.538467407, -5.14083623886, 276.463043213, -10.4811344147, 21.3488845825, -13.4491453171, 19.3391036987, -20.0367240906, 31.5123691559, 16.2918586731, -26.3759727478, -40.35754776], [-125.971862793, -12.0802412033, -19.9505977631, -10.4811344147, 150.898605347, 54.3043823242, 18.7732849121, 10.2580060959, 7.97156763077, 22.334066391, 2.22620177269, 6.98513650894, -35.5488967896], [-125.98323822, -103.860496521, -61.4991264343, 21.3488845825, 54.3043823242, 158.572402954, 51.1625900269, 34.8412513733, -7.62312316895, 0.831819236279, -7.70409107208, 0.859394431114, -3.87896370888], [-30.5390529633, -51.5134391785, -58.1956939697, -13.4491453171, 18.7732849121, 51.1625900269, 102.576126099, 41.4444961548, -7.56412982941, -14.4682273865, -12.1402807236, 12.4575824738, 17.0245780945], [-59.9748497009, -174.020797729, -58.018497467, 19.3391036987, 10.2580060959, 34.8412513733, 41.4444961548, 100.08001709, 12.7519683838, 7.30638360977, -25.0408153534, -11.0346355438, -10.1504983902], [-63.9393844604, 37.8260917664, -52.0730781555, -20.0367240906, 7.97156763077, -7.62312316895, -7.56412982941, 12.7519683838, 80.7522964478, 17.2857208252, 2.02550554276, -21.5249233246, -18.3721656799], [-42.8209915161, -98.8349075317, 4.60491752625, 31.5123691559, 22.334066391, 0.831819236279, -14.4682273865, 7.30638360977, 17.2857208252, 74.4726028442, 17.8676700592, -13.0513696671, -43.6279182434], [76.8130187988, 62.8167877197, -11.7545757294, 16.2918586731, 2.22620177269, -7.70409107208, -12.1402807236, -25.0408153534, 2.02550554276, 17.8676700592, 74.784576416, 16.6423988342, -2.96474838257], [62.5018157959, 31.963596344, 32.4550933838, -26.3759727478, 6.98513650894, 0.859394431114, 12.4575824738, -11.0346355438, -21.5249233246, -13.0513696671, 16.6423988342, 56.2670059204, 25.7519512177], [100.713577271, 126.912406921, 10.9687366486, -40.35754776, -35.5488967896, -3.87896370888, 17.0245780945, -10.1504983902, -18.3721656799, -43.6279182434, -2.96474838257, 25.7519512177, 87.8506774902]],
        "icov": [[0.000890949508175, 0.000234069331782, -7.54792054067e-05, 0.000193363288417, 0.00027333048638, 0.000602010462899, 4.36330410594e-05, 0.000148347520735, 0.000349289941369, 0.000303677370539, -0.00116375519428, -4.37327071268e-05, -0.000918020319659], [0.000234069331782, 0.00345519464463, -0.00107653683517, 0.0018402551068, -0.00163801491726, 0.00106750312261, -0.000307861570036, 0.00413793930784, -0.00290299323387, 0.00374582014047, -0.00389877916314, 0.00314169586636, -0.00415734620765], [-7.54792054067e-05, -0.00107653683517, 0.00485051237047, -0.000671703950502, 0.000589568400756, 0.00066698435694, 0.00211814208888, 0.00032260644366, 0.00328903924674, -0.00307314656675, 0.00398243265226, -0.00404408294708, 0.00110388372559], [0.000193363288417, 0.0018402551068, -0.000671703950502, 0.00563564384356, 6.14270757069e-05, -0.000228882039664, 0.000492747349199, 0.000882735941559, 0.000860562431626, 0.00124548410531, -0.00394764356315, 0.0039214589633, -0.00067034753738], [0.00027333048638, -0.00163801491726, 0.000589568400756, 6.14270757069e-05, 0.0101933274418, -0.00329802953638, -0.00066801160574, -0.00127366767265, 0.000929281290155, -0.00305401114747, 0.00199717096984, -0.00473810220137, 0.00610297685489], [0.000602010462899, 0.00106750312261, 0.00066698435694, -0.000228882039664, -0.00329802953638, 0.0097182020545, -0.00295785465278, 0.000203623436391, 0.000882513355464, 0.000991194858216, -0.00131569989026, 0.00127632392105, -0.00247119180858], [4.36330410594e-05, -0.000307861570036, 0.00211814208888, 0.000492747349199, -0.00066801160574, -0.00295785465278, 0.0158457737416, -0.00538335181773, 0.00216931197792, 0.000466013356345, 0.00156942859758, -0.00398911582306, -0.0018296437338], [0.000148347520735, 0.00413793930784, 0.00032260644366, 0.000882735941559, -0.00127366767265, 0.000203623436391, -0.00538335181773, 0.0203685443848, -0.00551830464974, 0.00165489001665, 0.00120703061111, 0.00280268490314, -0.00400540232658], [0.000349289941369, -0.00290299323387, 0.00328903924674, 0.000860562431626, 0.000929281290155, 0.000882513355464, 0.00216931197792, -0.00551830464974, 0.0201089289039, -0.0059784129262, 0.00151980540249, 0.00220398535021, 0.00377665855922], [0.000303677370539, 0.00374582014047, -0.00307314656675, 0.00124548410531, -0.00305401114747, 0.000991194858216, 0.000466013356345, 0.00165489001665, -0.0059784129262, 0.0262681879103, -0.0106047326699, 0.00563920056447, 0.00388920516707], [-0.00116375519428, -0.00389877916314, 0.00398243265226, -0.00394764356315, 0.00199717096984, -0.00131569989026, 0.00156942859758, 0.00120703061111, 0.00151980540249, -0.0106047326699, 0.0252651274204, -0.0125358300284, 0.00481980619952], [-4.37327071268e-05, 0.00314169586636, -0.00404408294708, 0.0039214589633, -0.00473810220137, 0.00127632392105, -0.00398911582306, 0.00280268490314, 0.00220398535021, 0.00563920056447, -0.0125358300284, 0.0324736274779, -0.00962684582919], [-0.000918020319659, -0.00415734620765, 0.00110388372559, -0.00067034753738, 0.00610297685489, -0.00247119180858, -0.0018296437338, -0.00400540232658, 0.00377665855922, 0.00388920516707, 0.00481980619952, -0.00962684582919, 0.0259535573423]]
    },
    "melbands": {
        "dmean": [7.16873273632e-06, 4.31693879364e-05, 0.000128875602968, 0.000110863489681, 0.0002156868577, 0.000102516445622, 0.000128928470076, 8.49579300848e-05, 5.95251112827e-05, 1.83659813047e-05, 5.2662264352e-05, 5.73123506911e-05, 2.72995148407e-05, 2.37737021962e-05, 1.73400112544e-05, 1.09056327346e-05, 1.04984692371e-05, 1.12391553557e-05, 5.32505873707e-06, 1.39507540098e-06, 2.04429625228e-06, 2.35414267991e-06, 2.35406378124e-06, 2.29110469263e-06, 1.66181439454e-06, 2.00541353479e-06, 2.2626406917e-06, 2.41945531343e-06, 2.22659559768e-06, 2.14802207665e-06, 1.59999126481e-06, 1.48469473515e-06, 1.29827083128e-06, 1.12383929718e-06, 1.09733366571e-06, 9.59598082773e-07, 9.99225676424e-07, 9.47068770074e-07, 8.1059039303e-07, 6.77878745137e-07],
        "dmean2": [1.23439222079e-05, 6.97510695318e-05, 0.000208239085623, 0.000174810062163, 0.000296852231259, 0.000134480142151, 0.00016904984659, 0.000112104302389, 6.87034553266e-05, 2.37868498516e-05, 6.25639295322e-05, 6.56860138406e-05, 4.0619779611e-05, 3.38477184414e-05, 2.28189474001e-05, 1.57900412887e-05, 1.64802859217e-05, 1.58569673658e-05, 7.83536597737e-06, 2.40957251663e-06, 3.3737026115e-06, 4.07657398682e-06, 4.36364871348e-06, 4.10833126807e-06, 3.04727404909e-06, 3.68490191249e-06, 4.16676448367e-06, 4.43552198703e-06, 4.0532499952e-06, 3.93817299482e-06, 2.88817295768e-06, 2.65765470431e-06, 2.33336027122e-06, 2.01777561415e-06, 1.96871201297e-06, 1.68895303432e-06, 1.79463779659e-06, 1.72186037162e-06, 1.46511831645e-06, 1.23268250718e-06],
        "dvar": [3.24828025589e-10, 5.60045032572e-09, 4.96316694409e-08, 8.968100218e-08, 4.54124631233e-07, 1.29303245444e-07, 2.32852798376e-07, 1.59729822258e-07, 6.19242328526e-08, 5.43262634878e-09, 6.87616079631e-08, 6.8238705353e-08, 3.17792441251e-08, 1.05304387432e-08, 1.10728697322e-08, 7.57298845855e-09, 6.17706952255e-09, 1.4029668538e-09, 3.63509028434e-10, 6.53216760196e-12, 5.51610319921e-11, 7.06941935547e-11, 9.36136723695e-11, 5.20762634404e-11, 3.51619601491e-11, 4.52925821848e-11, 5.51389975345e-11, 1.05509129211e-10, 4.04502507878e-11, 3.51827803002e-11, 1.56181474004e-11, 1.30581075466e-11, 1.62810771809e-11, 9.85359623756e-12, 8.08528244356e-12, 6.41740219992e-12, 7.88353757275e-12, 1.22007508263e-11, 5.47512295918e-12, 2.78882494355e-12],
        "dvar2": [9.56062229385e-10, 1.2566720109e-08, 1.11354687249e-07, 1.9288044939e-07, 6.9527618507e-07, 2.10183316085e-07, 3.85347789233e-07, 2.62571944631e-07, 6.51766782767e-08, 7.42235117812e-09, 9.44563751659e-08, 7.02635176708e-08, 7.17920443094e-08, 2.15799946801e-08, 1.81848349712e-08, 1.27678001505e-08, 1.15640377274e-08, 1.79671444389e-09, 5.96134586139e-10, 1.77251165134e-11, 1.24416851821e-10, 1.8636475696e-10, 2.72629752107e-10, 1.44720804784e-10, 1.01320916934e-10, 1.29323038389e-10, 1.59494903396e-10, 3.04467562273e-10, 1.14863542289e-10, 1.01578960521e-10, 4.40190973949e-11, 3.66478271341e-11, 4.60895384358e-11, 2.7804912886e-11, 2.27244664058e-11, 1.78177594207e-11, 2.20298241455e-11, 3.50295070728e-11, 1.55110906758e-11, 7.84904519852e-12],
        "max": [0.000275375699857, 0.00143871211912, 0.00400243699551, 0.00726940436289, 0.0227329879999, 0.00909342430532, 0.0122791174799, 0.0104669528082, 0.01334650442, 0.00263774883933, 0.00930835492909, 0.0120280059054, 0.00527122337371, 0.00248657050543, 0.00376915954985, 0.00235477974638, 0.00228323810734, 0.00172485399526, 0.0006774548674, 3.8588015741e-05, 0.000159676492331, 0.000119323158287, 0.000141183525557, 7.02529214323e-05, 9.35474454309e-05, 8.70591247804e-05, 0.000113236834295, 0.000222528164159, 0.000107476669655, 7.43514247006e-05, 5.05613206769e-05, 4.68833641207e-05, 6.82395257172e-05, 5.33944912604e-05, 4.3010670197e-05, 3.36774392053e-05, 3.3830787288e-05, 5.68456962355e-05, 3.0891798815e-05, 1.75227996806e-05],
        "mean": [8.82104723132e-06, 0.000127307328512, 0.000482837378513, 0.000417776813265, 0.000951858353801, 0.00046435277909, 0.00052999187028, 0.000363050261512, 0.000205443866435, 5.79154147999e-05, 0.000170360159245, 0.000174560933374, 4.96498323628e-05, 5.32702433702e-05, 3.77614887839e-05, 1.83266583917e-05, 2.11266396946e-05, 3.23463136738e-05, 1.38272480399e-05, 2.27282794185e-06, 3.17356989399e-06, 2.98414670397e-06, 1.9702983991e-06, 2.26974293582e-06, 1.44300315696e-06, 1.6926162516e-06, 1.88583635463e-06, 1.94185236069e-06, 1.80944607564e-06, 1.73063915554e-06, 1.43592944823e-06, 1.36260530326e-06, 1.21758148452e-06, 1.07309324449e-06, 1.03149557162e-06, 9.36254821227e-07, 8.96021617791e-07, 8.0951798509e-07, 6.92999208241e-07, 5.74031275846e-07],
        "median": [3.2356997508e-06, 5.84961890127e-05, 0.000268028408755, 0.000138833100209, 0.000273180368822, 0.000103321843199, 7.07068102201e-05, 7.35145295039e-05, 8.15822568256e-05, 1.61313328135e-05, 7.1174004006e-06, 1.02768681245e-05, 5.51834455109e-06, 2.24692485062e-05, 1.23507179524e-05, 2.4744736038e-06, 2.5866015676e-06, 1.519982834e-05, 6.2225271904e-06, 1.54821964315e-06, 1.3827402654e-06, 1.08188203285e-06, 6.66848904984e-07, 5.8257830915e-07, 5.064308084e-07, 5.36193965672e-07, 6.1126820583e-07, 5.48395746591e-07, 5.04270417423e-07, 4.88046282499e-07, 5.329802093e-07, 5.46606827356e-07, 4.75033175462e-07, 4.46945279009e-07, 4.21682813112e-07, 3.90467562283e-07, 3.39527559845e-07, 2.6998264957e-07, 2.47685932209e-07, 2.0679510726e-07],
        "min": [3.98625785158e-11, 1.30393348896e-10, 4.51094633869e-10, 2.12330464322e-09, 7.67860086626e-09, 1.75859113938e-08, 2.39970141536e-08, 1.8373347288e-08, 9.36656530115e-09, 4.69970906636e-09, 9.23637610839e-09, 1.42188207874e-08, 7.47013206848e-09, 8.29265933699e-10, 2.96836305536e-10, 1.18604015498e-10, 8.85384057736e-11, 2.9613830832e-10, 3.24014676201e-10, 4.96549745765e-11, 6.42774167225e-11, 7.38686126156e-11, 4.55537101096e-11, 3.00171901224e-11, 2.85252290538e-11, 1.95663450719e-11, 1.68555256558e-11, 2.66632289164e-11, 2.39915171063e-11, 1.95302593542e-11, 5.43667931854e-12, 9.84208721466e-12, 7.62837709667e-12, 8.29780428396e-12, 7.08919988684e-12, 6.67804223378e-12, 3.77889039505e-12, 6.04121440373e-12, 5.01982093046e-12, 4.10393420636e-12],
        "stdev": [1.96974797291e-05, 0.000177170106326, 0.000559408566914, 0.000774958520196, 0.00176451937295, 0.000952126574703, 0.00142238556873, 0.00108990701847, 0.000683632853907, 0.000160546071129, 0.000733539869543, 0.000793065992184, 0.000250911602052, 0.000161299467436, 0.000161462696269, 0.000127850711579, 0.000109733526187, 8.81873929757e-05, 4.05725841119e-05, 2.63142055701e-06, 8.00516227173e-06, 8.10264282336e-06, 7.34547984393e-06, 6.45301179247e-06, 4.57098394691e-06, 5.31470459464e-06, 5.7420079429e-06, 7.85445899965e-06, 5.08051425641e-06, 4.65109314973e-06, 3.26203894474e-06, 2.99170119433e-06, 3.25689802594e-06, 2.5962106065e-06, 2.32763295571e-06, 2.13627617995e-06, 2.29146917263e-06, 2.68750522991e-06, 1.86976581062e-06, 1.35261382184e-06],
        "var": [3.87990722883e-10, 3.13892485337e-08, 3.12937942226e-07, 6.00560667863e-07, 3.11352846438e-06, 9.06544983081e-07, 2.02318074116e-06, 1.18789739645e-06, 4.67353885369e-07, 2.5775038992e-08, 5.38080712431e-07, 6.28953671367e-07, 6.29566301313e-08, 2.6017518806e-08, 2.60702037735e-08, 1.63458047098e-08, 1.20414469507e-08, 7.77701636423e-09, 1.64613456199e-09, 6.92437383473e-12, 6.40826280929e-11, 6.56528234555e-11, 5.3956072249e-11, 4.16413639681e-11, 2.08938925189e-11, 2.8246084291e-11, 3.29706539848e-11, 6.16925260877e-11, 2.58116254065e-11, 2.16326678792e-11, 1.06408987524e-11, 8.950276284e-12, 1.06073847622e-11, 6.74030969927e-12, 5.41787534974e-12, 4.56367582613e-12, 5.25083145367e-12, 7.22268425624e-12, 3.49602421665e-12, 1.82956406101e-12]
    },
    "melbands128": {
