{
"lowlevel": {
    "average_loudness": 0.937321782112,
    "barkbands_crest": {
        "dmean": 1.49395608902,
        "dmean2": 2.49560141563,
        "dvar": 2.28601551056,
        "dvar2": 6.00763177872,
        "max": 21.9302749634,
        "mean": 7.21757030487,
        "median": 6.7851395607,
        "min": 2.68031787872,
        "stdev": 2.43855214119,
        "var": 5.94653701782
    },
    "barkbands_flatness_db": {
        "dmean": 0.0119863990694,
        "dmean2": 0.0200724937022,
        "dvar": 0.000148175793584,
        "dvar2": 0.000376419891836,
        "max": 0.299421161413,
        "mean": 0.156963378191,
        "median": 0.153717026114,
        "min": 0.0260128546506,
        "stdev": 0.0281049776822,
        "var": 0.000789889774751
    },
    "barkbands_kurtosis": {
        "dmean": 0.60085606575,
        "dmean2": 0.975968241692,
        "dvar": 1.8427298069,
        "dvar2": 4.93156099319,
        "max": 29.5124282837,
        "mean": -0.164978355169,
        "median": -0.661982774734,
        "min": -1.72719430923,
        "stdev": 2.11877918243,
        "var": 4.48922491074
    },
    "barkbands_skewness": {
        "dmean": 0.253586530685,
        "dmean2": 0.409905940294,
        "dvar": 0.0657854005694,
        "dvar2": 0.176818802953,
        "max": 4.36125278473,
        "mean": 0.417360007763,
        "median": 0.317288458347,
        "min": -1.75251507759,
        "stdev": 0.684517800808,
        "var": 0.468564659357
    },
    "barkbands_spread": {
        "dmean": 3.21597313881,
        "dmean2": 5.18844175339,
        "dvar": 8.33816814423,
        "dvar2": 21.3773441315,
        "max": 67.8791809082,
        "mean": 25.2674350739,
        "median": 24.3312931061,
        "min": 2.98004961014,
        "stdev": 9.60989570618,
        "var": 92.3500976562
    },
    "dissonance": {
        "dmean": 0.0241657886654,
        "dmean2": 0.0414583869278,
        "dvar": 0.000509377045091,
        "dvar2": 0.00147685431875,
        "max": 0.499898999929,
        "mean": 0.451535284519,
        "median": 0.458427965641,
        "min": 0.221927002072,
        "stdev": 0.0318126045167,
        "var": 0.00101204181556
    },
    "dynamic_complexity": 2.58381223679,
    "erbbands_crest": {
        "dmean": 1.29802048206,
        "dmean2": 2.04909801483,
        "dvar": 1.95564842224,
        "dvar2": 4.65408277512,
        "max": 24.6147003174,
        "mean": 10.2561903,
        "median": 9.51331043243,
        "min": 2.61312437057,
        "stdev": 4.29637479782,
        "var": 18.4588356018
    },
    "erbbands_flatness_db": {
        "dmean": 0.00829964410514,
        "dmean2": 0.0131017193198,
        "dvar": 7.69534235587e-05,
        "dvar2": 0.000151412459672,
        "max": 0.31139305234,
        "mean": 0.228193685412,
        "median": 0.229765385389,
        "min": 0.07655338943,
        "stdev": 0.0279265698045,
        "var": 0.000779893249273
    },
    "erbbands_kurtosis": {
        "dmean": 0.45839241147,
        "dmean2": 0.726059138775,
        "dvar": 0.20550109446,
        "dvar2": 0.488794624805,
        "max": 9.89020347595,
        "mean": 1.26537311077,
        "median": 0.790354728699,
        "min": -1.67167294025,
        "stdev": 2.09095931053,
        "var": 4.37211084366
    },
    "erbbands_skewness": {
        "dmean": 0.175517559052,
        "dmean2": 0.28200891614,
        "dvar": 0.0297498628497,
        "dvar2": 0.0774619877338,
        "max": 1.55386316776,
        "mean": -0.329578638077,
        "median": -0.274679213762,
        "min": -1.9415718317,
        "stdev": 0.541385352612,
        "var": 0.293098121881
    },
    "erbbands_spread": {
        "dmean": 2.81926298141,
        "dmean2": 4.48980998993,
        "dvar": 9.25056552887,
        "dvar2": 20.6594009399,
        "max": 90.7602081299,
        "mean": 23.696395874,
        "median": 22.0805702209,
        "min": 5.80702018738,
        "stdev": 10.2050552368,
        "var": 104.143157959
    },
    "hfc": {
        "dmean": 2.20442819595,
        "dmean2": 3.17892146111,
        "dvar": 8.70590019226,
        "dvar2": 15.6393117905,
        "max": 69.7973403931,
        "mean": 23.9834327698,
        "median": 25.0473690033,
        "min": 1.10360544738e-16,
        "stdev": 12.9742059708,
        "var": 168.330032349
    },
    "loudness_ebu128": {
        "integrated": -18.5055961609,
        "loudness_range": 5.24648094177,
        "momentary": {
            "dmean": 0.421285003424,
            "dmean2": 0.28736025095,
            "dvar": 0.308402895927,
            "dvar2": 0.214753463864,
            "max": -15.7362785339,
            "mean": -19.3729515076,
            "median": -18.1869544983,
            "min": -31.8228473663,
            "stdev": 3.05270886421,
            "var": 9.31903076172
        },
        "short_term": {
            "dmean": 0.0894765034318,
            "dmean2": 0.0330796092749,
            "dvar": 0.00696718599647,
            "dvar2": 0.0013872559648,
            "max": -16.6902313232,
            "mean": -19.0144901276,
            "median": -18.13879776,
            "min": -24.5981731415,
            "stdev": 2.00103545189,
            "var": 4.00414276123
        }
    },
    "melbands_crest": {
        "dmean": 2.08551692963,
        "dmean2": 3.51453757286,
        "dvar": 4.28124141693,
        "dvar2": 11.814494133,
        "max": 28.9477729797,
        "mean": 9.55159950256,
        "median": 8.84359645844,
        "min": 2.88456630707,
        "stdev": 3.43520927429,
        "var": 11.8006620407
    },
    "melbands_flatness_db": {
        "dmean": 0.0126727037132,
        "dmean2": 0.0203066766262,
        "dvar": 0.000170278523001,
        "dvar2": 0.000407749321312,
        "max": 0.403758883476,
        "mean": 0.197889268398,
        "median": 0.192253246903,
        "min": 0.00740224728361,
        "stdev": 0.0396105386317,
        "var": 0.00156899471767
    },
    "melbands_kurtosis": {
        "dmean": 1.25589323044,
        "dmean2": 2.04277229309,
        "dvar": 6.59116363525,
        "dvar2": 17.2083148956,
        "max": 60.0966873169,
        "mean": 1.84214532375,
        "median": 0.521923303604,
        "min": -1.49069416523,
        "stdev": 4.62918043137,
        "var": 21.4293117523
    },
    "melbands_skewness": {
        "dmean": 0.296870648861,
        "dmean2": 0.485929042101,
        "dvar": 0.0973160490394,
        "dvar2": 0.255456596613,
        "max": 6.35227108002,
        "mean": 1.22290730476,
        "median": 1.0770150423,
        "min": -0.479549616575,
        "stdev": 0.867992579937,
        "var": 0.753411114216
    },
    "melbands_spread": {
        "dmean": 4.32713127136,
        "dmean2": 6.93653249741,
        "dvar": 19.4488258362,
        "dvar2": 49.6567764282,
        "max": 130.12538147,
        "mean": 35.4074401855,
        "median": 34.9396781921,
        "min": 2.23190140724,
        "stdev": 14.0993347168,
        "var": 198.791244507
    },
    "pitch_salience": {
        "dmean": 0.0483381785452,
        "dmean2": 0.0795302018523,
        "dvar": 0.00179313449189,
        "dvar2": 0.00477969925851,
        "max": 0.879696130753,
        "mean": 0.593324065208,
        "median": 0.595175027847,
        "min": 0.237991973758,
        "stdev": 0.0797758847475,
        "var": 0.00636419188231
    },
    "silence_rate_20dB": {
        "dmean": 0,
        "dmean2": 0,
        "dvar": 0,
        "dvar2": 0,
        "max": 1,
        "mean": 1,
        "median": 1,
        "min": 1,
        "stdev": 0,
        "var": 0
    },
    "silence_rate_30dB": {
        "dmean": 0,
        "dmean2": 0,
        "dvar": 0,
        "dvar2": 0,
        "max": 1,
        "mean": 1,
        "median": 1,
        "min": 1,
        "stdev": 0,
        "var": 0
    },
    "silence_rate_60dB": {
        "dmean": 0.00979381427169,
        "dmean2": 0.0195977315307,
        "dvar": 0.00969766173512,
        "dvar2": 0.0223085992038,
        "max": 1,
        "mean": 0.0170015450567,
        "median": 0,
        "min": 0,
        "stdev": 0.129278793931,
        "var": 0.0167130064219
    },
    "spectral_centroid": {
        "dmean": 129.840499878,
        "dmean2": 204.930465698,
        "dvar": 45425.9609375,
        "dvar2": 89070.125,
        "max": 10869.8466797,
        "mean": 1635.82299805,
        "median": 1525.55065918,
        "min": 284.200500488,
        "stdev": 589.029052734,
        "var": 346955.21875
    },
    "spectral_complexity": {
        "dmean": 1.67113399506,
        "dmean2": 2.7333676815,
        "dvar": 2.53307557106,
        "dvar2": 5.6251540184,
        "max": 40,
        "mean": 21.8706855774,
        "median": 23,
        "min": 0,
        "stdev": 6.98885011673,
        "var": 48.8440246582
    },
    "spectral_decrease": {
        "dmean": 9.29634036417e-10,
        "dmean2": 1.45482648151e-09,
        "dvar": 9.37551321686e-19,
        "dvar2": 2.15225943378e-18,
        "max": -1.45111490739e-28,
        "mean": -6.09480776959e-09,
        "median": -6.27110940954e-09,
        "min": -2.13025099782e-08,
        "stdev": 3.04941560891e-09,
        "var": 9.29893531729e-18
    },
    "spectral_energy": {
        "dmean": 0.00363663211465,
        "dmean2": 0.00567335728556,
        "dvar": 1.45655276356e-05,
        "dvar2": 3.29647482431e-05,
        "max": 0.0867007523775,
        "mean": 0.0251785516739,
        "median": 0.0260162875056,
        "min": 1.05577100548e-20,
        "stdev": 0.0124944709241,
        "var": 0.000156111811521
    },
    "spectral_energyband_high": {
        "dmean": 7.17123984941e-05,
        "dmean2": 0.000107152147393,
        "dvar": 4.86561333446e-08,
        "dvar2": 6.85924419486e-08,
        "max": 0.00758030125871,
        "mean": 0.000454939639894,
        "median": 0.000205773030757,
        "min": 7.68877788741e-21,
        "stdev": 0.000618562567979,
        "var": 3.82619646189e-07
    },
    "spectral_energyband_low": {
        "dmean": 0.00160753063392,
        "dmean2": 0.00272374018095,
        "dvar": 2.22711832976e-06,
        "dvar2": 6.00407065576e-06,
        "max": 0.0176351368427,
        "mean": 0.0031931521371,
        "median": 0.00274048116989,
        "min": 6.58815165511e-23,
        "stdev": 0.00206720712595,
        "var": 4.27334498454e-06
    },
    "spectral_energyband_middle_high": {
        "dmean": 0.00108315201942,
        "dmean2": 0.00155769521371,
        "dvar": 1.65477229075e-06,
        "dvar2": 3.26904137182e-06,
        "max": 0.0335362814367,
        "mean": 0.0106394998729,
        "median": 0.0110409138724,
        "min": 1.63047577907e-21,
        "stdev": 0.0057646506466,
        "var": 3.32311974489e-05
    },
    "spectral_energyband_middle_low": {
        "dmean": 0.00256311637349,
        "dmean2": 0.00400373525918,
        "dvar": 1.06794414023e-05,
        "dvar2": 2.48187225225e-05,
        "max": 0.0666069611907,
        "mean": 0.0108165927231,
        "median": 0.00943264272064,
        "min": 3.6038036342e-22,
        "stdev": 0.00786007661372,
        "var": 6.17808036623e-05
    },
    "spectral_entropy": {
        "dmean": 0.0620801188052,
        "dmean2": 0.0966657623649,
        "dvar": 0.00589731475338,
        "dvar2": 0.0101088965312,
        "max": 9.81197357178,
        "mean": 7.08091402054,
        "median": 7.06522321701,
        "min": 6.63610696793,
        "stdev": 0.191635236144,
        "var": 0.0367240644991
    },
    "spectral_flux": {
        "dmean": 0.0118546551093,
        "dmean2": 0.0197433400899,
        "dvar": 0.000115414579341,
        "dvar2": 0.000302097585518,
        "max": 0.217813432217,
        "mean": 0.0565374717116,
        "median": 0.0549326986074,
        "min": 6.80092371308e-11,
        "stdev": 0.0209934804589,
        "var": 0.000440726202214
    },
    "spectral_kurtosis": {
        "dmean": 2.93498158455,
        "dmean2": 5.25771522522,
        "dvar": 5.96503639221,
        "dvar2": 19.1216506958,
        "max": 20.6037540436,
        "mean": 5.47506856918,
        "median": 4.99984025955,
        "min": -1.25522482395,
        "stdev": 3.19605660439,
        "var": 10.2147779465
    },
    "spectral_rms": {
        "dmean": 0.000367217202438,
        "dmean2": 0.000573559314944,
        "dvar": 1.30083847694e-07,
        "dvar2": 2.78823705457e-07,
        "max": 0.00919707026333,
        "mean": 0.00476770708337,
        "median": 0.00503802951425,
        "min": 3.20939325463e-12,
        "stdev": 0.00135402358137,
        "var": 1.83337999715e-06
    },
    "spectral_rolloff": {
        "dmean": 192.754852295,
        "dmean2": 332.637451172,
        "dvar": 196083.609375,
        "dvar2": 403816.9375,
        "max": 18497.0214844,
        "mean": 1785.45495605,
        "median": 1378.125,
        "min": 64.599609375,
        "stdev": 938.249755859,
        "var": 880312.625
    },
    "spectral_skewness": {
        "dmean": 0.290222704411,
        "dmean2": 0.513235747814,
        "dvar": 0.0593954250216,
        "dvar2": 0.184967443347,
        "max": 3.17719888687,
        "mean": 1.24167239666,
        "median": 1.23361265659,
        "min": 0.022837581113,
        "stdev": 0.485788226128,
        "var": 0.235990211368
    },
    "spectral_spread": {
        "dmean": 171622.921875,
        "dmean2": 272969.90625,
        "dvar": 505250676736,
        "dvar2": 662312321024,
        "max": 41864236,
        "mean": 2678995.25,
        "median": 2571056,
        "min": 1864649.75,
        "stdev": 1320717.125,
        "var": 1.74429385523e+12
    },
    "spectral_strongpeak": {
        "dmean": 0.512166023254,
        "dmean2": 0.890019774437,
        "dvar": 0.72287517786,
        "dvar2": 1.69407224655,
        "max": 7.0849776268,
        "mean": 1.72184455395,
        "median": 1.13597118855,
        "min": 0,
        "stdev": 1.60079491138,
        "var": 2.56254434586
    },
    "zerocrossingrate": {
        "dmean": 0.00433915900066,
        "dmean2": 0.00589815527201,
        "dvar": 0.000109813874587,
        "dvar2": 0.000227409866056,
        "max": 0.4921875,
        "mean": 0.0551672279835,
        "median": 0.0517578125,
        "min": 0.0078125,
        "stdev": 0.0219616238028,
        "var": 0.000482312956592
    },
    "barkbands": {
        "dmean": [0.00121743348427, 0.000774397049099, 0.000691632623784, 0.000560992804822, 0.00110050255898, 0.000724012148567, 0.000964258157182, 0.000649676774628, 0.000164361132192, 0.00014874599583, 0.000308155576931, 0.000648769782856, 0.000291653326713, 0.000140359159559, 0.000209234116483, 0.000113014983071, 0.000110516702989, 0.000141366122989, 0.000156653200975, 8.9115681476e-05, 3.90340464946e-05, 9.47012995312e-06, 8.45638805913e-06, 5.24398274138e-06, 1.88473893559e-06, 6.04601268606e-07, 1.00887200816e-08],
        "dmean2": [0.00205127010122, 0.00135893200058, 0.00117727695033, 0.000961505284067, 0.00182420166675, 0.00112448865548, 0.00145664880984, 0.00100018084049, 0.000243812144618, 0.000227339303819, 0.000491852581035, 0.000953716051299, 0.000437889946625, 0.000217059772694, 0.000330092792865, 0.000173006526893, 0.000176280402229, 0.000231203535805, 0.000256552943029, 0.000143688710523, 6.22555526206e-05, 1.37423894557e-05, 1.21246903291e-05, 7.53100994189e-06, 2.81424695459e-06, 9.01312319002e-07, 1.82205965871e-08],
        "dvar": [2.49688991971e-06, 5.70773920572e-07, 6.33490515156e-07, 4.03989417919e-07, 1.73173634721e-06, 1.64755829246e-06, 5.1334732234e-06, 1.80622453172e-06, 2.41653452804e-07, 6.96634003816e-08, 2.39451452444e-07, 1.01801197161e-06, 1.15224722208e-07, 3.62116097108e-08, 8.85636382009e-08, 5.42403419956e-08, 4.19142729413e-08, 6.11332637845e-08, 6.57206413734e-08, 2.23126956911e-08, 4.52817738861e-09, 4.26235180484e-09, 6.63934951461e-09, 3.46131923123e-09, 2.79188200336e-10, 2.19409230368e-11, 2.17698038416e-14],
        "dvar2": [6.28433645034e-06, 1.5966409137e-06, 1.66134418578e-06, 1.11272481718e-06, 4.92307526656e-06, 3.65910182154e-06, 1.14073855002e-05, 4.18036597694e-06, 4.73328356065e-07, 1.61850408631e-07, 6.80691812249e-07, 2.02984620046e-06, 2.3522012782e-07, 8.74419114893e-08, 2.13952432659e-07, 9.9581420443e-08, 1.05383392679e-07, 1.64314997164e-07, 1.66942612623e-07, 5.56318191514e-08, 1.19657093123e-08, 6.70366473443e-09, 8.79535289044e-09, 7.15051751143e-09, 4.95442464832e-10, 4.31998985195e-11, 6.08999409604e-14],
        "max": [0.0164952483028, 0.00658822944388, 0.00994623359293, 0.0112982280552, 0.0204323548824, 0.0242704488337, 0.0545406974852, 0.0247071329504, 0.013247134164, 0.003328923136, 0.00840698741376, 0.0230785012245, 0.00890786014497, 0.00370367174037, 0.00800835434347, 0.0066951578483, 0.0044363909401, 0.00563812628388, 0.00641294848174, 0.00350269698538, 0.00193469622172, 0.00205037952401, 0.00249693403021, 0.00184153823648, 0.000453027692856, 0.000121572382341, 4.61294166598e-06],
        "mean": [0.00134323176462, 0.00103957450483, 0.000956356350798, 0.00110652460717, 0.00372201274149, 0.00179196544923, 0.00213348097168, 0.00149737123866, 0.000397044379497, 0.000396596296923, 0.00115039432421, 0.00310198985972, 0.0017851049779, 0.000555237522349, 0.00121406000108, 0.000557747669518, 0.000412547728047, 0.000705421203747, 0.000619892904069, 0.000407008366892, 0.000228787321248, 2.44805796683e-05, 1.95628108486e-05, 7.6708411143e-06, 3.53941413778e-06, 9.86780150924e-07, 6.53416032392e-09],
        "median": [0.000750730338041, 0.000803188013379, 0.000610966584645, 0.000813559920061, 0.00340854097158, 0.000839798769448, 0.000446478603408, 0.000674513808917, 6.40725775156e-05, 0.000190122271306, 0.000678705866449, 0.00185341655742, 0.00137671385892, 0.000435468682554, 0.000824474613182, 0.000151051339344, 0.000235987012275, 0.00038053249591, 0.000414912035922, 0.000225750787649, 0.000102854632132, 1.3473432773e-05, 8.79831713974e-06, 1.6347056544e-06, 9.27166354359e-07, 1.50517010411e-07, 3.12776943234e-10],
        "min": [1.1237504244e-23, 9.84649397693e-24, 2.50095822889e-23, 4.43779382031e-24, 8.13387663615e-23, 2.38707053778e-23, 3.01207256898e-23, 4.98156889514e-23, 5.7158305283e-23, 5.05766967558e-23, 6.56535041951e-23, 7.0376395502e-23, 6.05308244923e-23, 4.22239030143e-23, 1.58645898139e-22, 1.66996703951e-22, 9.17790880066e-23, 1.53881468573e-22, 2.77665104199e-22, 3.3684325312e-22, 4.33583752417e-22, 5.20122879192e-22, 5.28956051359e-22, 6.98313052383e-22, 8.80839108031e-22, 1.57727924054e-21, 2.09192098795e-21],
        "stdev": [0.00175185757689, 0.000841219734866, 0.00100619439036, 0.00102445599623, 0.0025767327752, 0.00269576837309, 0.00396014098078, 0.00219229515642, 0.00114699138794, 0.000517288339324, 0.00127563357819, 0.00317318597808, 0.00144610437565, 0.00047278200509, 0.00131611293182, 0.000792567851022, 0.000502639566548, 0.000808196549769, 0.000691269466188, 0.000469831429655, 0.000305473804474, 9.35797870625e-05, 0.000118401556392, 7.25925929146e-05, 2.00048380066e-05, 5.47200397705e-06, 1.16362507185e-07],
        "var": [3.06900483338e-06, 7.07650599452e-07, 1.01242721939e-06, 1.04951004687e-06, 6.63955188429e-06, 7.26716734789e-06, 1.56827172759e-05, 4.80615790366e-06, 1.31558920202e-06, 2.67587239478e-07, 1.62724097663e-06, 1.00691086118e-05, 2.09121776606e-06, 2.23522832243e-07, 1.73215323684e-06, 6.28163832062e-07, 2.52646515264e-07, 6.53181643884e-07, 4.77853461689e-07, 2.20741569024e-07, 9.3314241667e-08, 8.75717720561e-09, 1.40189282405e-08, 5.26968424452e-09, 4.00193572725e-10, 2.99428259964e-11, 1.35402333199e-14]
    },
    "erbbands": {
        "dmean": [0.0380876809359, 0.151181012392, 0.59536242485, 1.29156816006, 3.59119439125, 3.27771782875, 4.11533403397, 6.9138302803, 10.2280082703, 19.1873321533, 10.2544384003, 4.04997253418, 4.05890893936, 7.36536407471, 9.5757226944, 32.7648963928, 15.4652681351, 8.28604984283, 10.8510370255, 6.55234575272, 5.52469348907, 6.6603717804, 6.46983575821, 8.1081829071, 7.20906400681, 3.47536253929, 2.40251946449, 0.86592143774, 0.32184574008, 0.411679446697, 0.238594353199, 0.14713652432, 0.0561925470829, 0.0233769528568, 0.0133986650035, 0.00423005502671, 0.000872584292665, 6.7200511694e-05, 3.13050827572e-06, 4.15917111241e-06],
        "dmean2": [0.0666972026229, 0.263342052698, 1.03313171864, 2.17707586288, 6.13979244232, 5.35447359085, 6.31598186493, 10.7491731644, 15.1505088806, 29.1825141907, 16.1571140289, 5.89002084732, 6.17971467972, 11.7030706406, 15.11835289, 47.9809913635, 23.1467876434, 12.6942138672, 16.8039321899, 10.3042974472, 8.54155921936, 10.6535673141, 10.4335165024, 13.2653999329, 11.4402770996, 5.48759555817, 3.77103281021, 1.39214062691, 0.48812648654, 0.529455721378, 0.373168706894, 0.231134146452, 0.0772819817066, 0.0349426455796, 0.0201859325171, 0.00651663215831, 0.0013006478548, 0.000105482191429, 4.77103912999e-06, 6.4490418481e-06],
        "dvar": [0.00151736021508, 0.0257558599114, 0.435848236084, 2.32292771339, 16.1636772156, 24.0426368713, 40.8730278015, 219.73034668, 350.683837891, 2270.22241211, 485.092468262, 128.723190308, 41.2782897949, 169.34954834, 263.624816895, 2639.70532227, 311.779693604, 108.764190674, 184.639358521, 249.271484375, 87.7515029907, 182.186630249, 134.459228516, 209.043060303, 151.546707153, 37.8548202515, 17.4663486481, 2.04896140099, 3.24785995483, 14.9913597107, 5.86431884766, 2.70066308975, 0.358541756868, 0.0506174117327, 0.0103030307218, 0.00103105115704, 5.45267357666e-05, 5.32780745743e-07, 2.7076405007e-10, 1.97954031639e-11],
        "dvar2": [0.00426054093987, 0.0712411552668, 1.15599060059, 6.21003675461, 52.3865203857, 56.3342056274, 91.1046524048, 471.897613525, 731.530761719, 5398.12060547, 1117.02893066, 255.78314209, 96.336265564, 400.228118896, 724.8671875, 5192.16015625, 644.520446777, 264.250915527, 437.016082764, 541.686157227, 184.320068359, 468.00793457, 377.619781494, 534.635314941, 376.910400391, 98.3557891846, 45.8343734741, 5.2707695961, 6.01607847214, 22.2542095184, 11.9229021072, 5.85639333725, 0.63449048996, 0.0866997465491, 0.0191823560745, 0.00217794347554, 9.37889999477e-05, 9.55786276791e-07, 5.03116492911e-10, 4.34397205706e-11],
        "max": [0.383079320192, 1.40755724907, 7.10234928131, 21.0018482208, 56.2664871216, 79.9048690796, 123.858444214, 313.866943359, 305.415649414, 1111.1418457, 558.143554688, 319.633636475, 92.8729324341, 190.935012817, 371.900817871, 1192.8302002, 395.714447021, 228.187957764, 483.264038086, 534.486694336, 271.481903076, 287.181060791, 315.586730957, 362.903625488, 329.841339111, 139.195220947, 119.609962463, 34.5937309265, 62.5602760315, 129.417175293, 79.8181152344, 51.1798706055, 17.99451828, 6.81014347076, 3.15617322922, 0.857470691204, 0.249863833189, 0.0200609602034, 0.000510584912263, 0.00010329575889],
        "mean": [0.0462650880218, 0.19407787919, 0.85114556551, 2.80604243279, 11.8142004013, 8.63461494446, 10.9277381897, 16.0617599487, 25.7060375214, 40.5454406738, 25.6637325287, 10.9045629501, 10.2774934769, 25.0976467133, 44.3798866272, 162.076019287, 102.773895264, 45.9392776489, 69.9030532837, 29.06914711, 31.2417488098, 25.23478508, 30.4990615845, 38.7917404175, 31.6421279907, 17.3911571503, 14.5090398788, 4.45416927338, 1.02905893326, 0.807010114193, 0.52400302887, 0.248578429222, 0.0846030414104, 0.0378695987165, 0.0272101648152, 0.0075695021078, 0.0013272537617, 8.92086027307e-05, 1.6858410163e-05, 3.07253685605e-05],
        "median": [0.0337686426938, 0.142152577639, 0.614618897438, 2.01138997078, 10.6368522644, 5.45025157928, 5.81977653503, 6.33761978149, 9.16080379486, 5.68715763092, 16.3753356934, 3.02258634567, 6.40205144882, 14.0059118271, 27.9330692291, 93.7970962524, 84.0776977539, 41.8814163208, 41.5359420776, 21.5189113617, 13.1952133179, 13.8360948563, 19.2311954498, 26.5935153961, 19.7125492096, 8.76176452637, 6.90281963348, 1.92538940907, 0.580314815044, 0.345801889896, 0.217454701662, 0.0792105048895, 0.0136343240738, 0.00957825221121, 0.00536628067493, 0.00168292468879, 0.000145342535689, 1.24498228615e-05, 1.6296393369e-05, 3.20309773088e-05],
        "min": [8.05601770564e-22, 1.23063926899e-21, 1.62657151082e-20, 3.43935559468e-20, 4.36732008694e-20, 2.48382046175e-19, 4.40088933802e-19, 2.40922945002e-19, 5.37656593113e-19, 5.03885497039e-19, 1.68670016135e-18, 1.24176736127e-18, 1.30686099541e-18, 1.61389224082e-18, 3.86376808586e-18, 4.1670774321e-18, 3.47276642775e-18, 2.38954343032e-18, 5.27870601857e-18, 6.83164869672e-18, 1.04448492994e-17, 6.59580957791e-18, 9.81267486187e-18, 1.16226378592e-17, 1.49403889858e-17, 1.47341298457e-17, 1.89813052444e-17, 1.35342456374e-17, 1.62611648135e-17, 2.02602455855e-17, 1.63017578748e-17, 1.56648304575e-17, 1.16859775602e-17, 9.27864209532e-18, 6.30259845259e-18, 5.43160373735e-18, 3.21865158049e-18, 1.22431302317e-18, 3.04608562639e-19, 3.02441271886e-20],
        "stdev": [0.0416402220726, 0.173724606633, 0.786359548569, 2.42386293411, 7.30835723877, 9.68908596039, 15.2083902359, 30.7572193146, 40.6536521912, 78.5465011597, 31.7605113983, 27.6973648071, 11.9974327087, 28.0011768341, 47.839931488, 165.411636353, 77.7876663208, 31.2611560822, 79.1157836914, 33.920879364, 36.1825866699, 31.8980579376, 32.5582046509, 44.4157752991, 41.0890769958, 21.0081043243, 18.3714637756, 5.64302921295, 2.57485485077, 5.18104887009, 3.13886594772, 2.09514284134, 0.769902706146, 0.276826322079, 0.120500676334, 0.0353105962276, 0.00932638999075, 0.000904890126549, 2.1631241907e-05, 1.51323129103e-05],
        "var": [0.00173390819691, 0.0301802381873, 0.61836129427, 5.87511110306, 53.4120864868, 93.8783950806, 231.295135498, 946.006530762, 1652.71948242, 6169.55322266, 1008.7300415, 767.144042969, 143.93838501, 784.065856934, 2288.65917969, 27361.0078125, 6050.92089844, 977.259887695, 6259.30664062, 1150.62597656, 1309.17956543, 1017.48614502, 1060.03674316, 1972.76098633, 1688.31225586, 441.340423584, 337.510681152, 31.8437786102, 6.62987756729, 26.8432674408, 9.85247898102, 4.38962316513, 0.592750132084, 0.0766328126192, 0.014520412311, 0.00124683824833, 8.69815557962e-05, 8.18826151772e-07, 4.67910654667e-10, 2.28986898887e-10]
    },
    "gfcc": {
        "mean": [-23.1350193024, 142.446044922, -171.590576172, 41.8794288635, -40.0613937378, 1.25237321854, -24.3204994202, -11.5386819839, -29.3401317596, -0.944543898106, 0.0447657443583, -10.4264831543, -10.0730791092],
        "cov": [[4944.28027344, -270.966094971, -513.223815918, -122.916915894, -532.40032959, -203.856704712, -371.040313721, 94.1707382202, -198.065307617, 206.289764404, -28.9327125549, 5.2418012619, -136.58253479], [-270.966094971, 392.360168457, 35.7673072815, -97.5240020752, 55.3899078369, -8.87213611603, 90.7250747681, -21.0204105377, 9.29930496216, -30.8718528748, 67.1712112427, 24.5210933685, 46.1993522644], [-513.223815918, 35.7673072815, 410.861816406, -167.154388428, -29.0691890717, 4.75173187256, -80.1059341431, 145.389648438, -36.4318809509, 68.0842132568, 7.33364725113, 97.0471038818, 14.1254634857], [-122.916915894, -97.5240020752, -167.154388428, 454.224212646, 183.66809082, -42.1957130432, 5.60317134857, -124.719451904, 127.664009094, -69.7311630249, -42.794757843, -91.3300094604, 50.896686554], [-532.40032959, 55.3899078369, -29.0691890717, 183.66809082, 231.132492065, 22.112203598, 52.6152114868, -56.597366333, 41.4796524048, -50.4510879517, -20.4896144867, -25.8357334137, 43.7278442383], [-203.856704712, -8.87213611603, 4.75173187256, -42.1957130432, 22.112203598, 164.799835205, 103.520561218, -5.78363513947, -20.8433551788, -48.5164794922, 5.02039432526, -7.36773920059, -17.5996055603], [-371.040313721, 90.7250747681, -80.1059341431, 5.60317134857, 52.6152114868, 103.520561218, 201.176605225, -58.1409759521, 11.6362009048, -59.2587509155, 15.8402986526, -21.8783378601, -13.7519674301], [94.1707382202, -21.0204105377, 145.389648438, -124.719451904, -56.597366333, -5.78363513947, -58.1409759521, 149.044372559, -34.8474349976, 50.4513549805, -9.4368057251, 31.8754768372, -10.3757352829], [-198.065307617, 9.29930496216, -36.4318809509, 127.664009094, 41.4796524048, -20.8433551788, 11.6362009048, -34.8474349976, 124.527427673, -26.7957305908, -23.3816127777, -30.6000423431, 13.3478832245], [206.289764404, -30.8718528748, 68.0842132568, -69.7311630249, -50.4510879517, -48.5164794922, -59.2587509155, 50.4513549805, -26.7957305908, 88.453414917, 7.51932287216, 36.5304985046, -8.63335514069], [-28.9327125549, 67.1712112427, 7.33364725113, -42.794757843, -20.4896144867, 5.02039432526, 15.8402986526, -9.4368057251, -23.3816127777, 7.51932287216, 88.1780929565, 10.987244606, 4.10132074356], [5.2418012619, 24.5210933685, 97.0471038818, -91.3300094604, -25.8357334137, -7.36773920059, -21.8783378601, 31.8754768372, -30.6000423431, 36.5304985046, 10.987244606, 85.122543335, 9.57532119751], [-136.58253479, 46.1993522644, 14.1254634857, 50.896686554, 43.7278442383, -17.5996055603, -13.7519674301, -10.3757352829, 13.3478832245, -8.63335514069, 4.10132074356, 9.57532119751, 62.1516952515]],
        "icov": [[0.00103716820013, -0.00191116018686, 0.00271856714971, -0.00236081588082, 0.00286522158422, -0.00197410956025, 0.0028039268218, -0.00156052573584, 0.00211571599357, -0.00220974395052, 0.00140989175998, -0.00186625251081, 0.00223347451538], [-0.00191116018686, 0.00999749917537, -0.00558680761606, 0.00873452425003, -0.00815093889832, 0.00800404045731, -0.00866544153541, 0.0034159575589, -0.00623777648434, 0.00719721289352, -0.00634642178193, 0.00416280049831, -0.00874341838062], [0.00271856714971, -0.00558680761606, 0.0124791450799, -0.00572181306779, 0.00635512312874, -0.00704458076507, 0.00927070714533, -0.00796595774591, 0.00426234537736, -0.00666221370921, 0.00324107613415, -0.00889050867409, 0.00554690649733], [-0.00236081588082, 0.00873452425003, -0.00572181306779, 0.0150691829622, -0.0120803415775, 0.00791396852583, -0.00682373577729, 0.00648223794997, -0.00997598841786, 0.00694765103981, -0.00477901892737, 0.00836263410747, -0.0102734174579], [0.00286522158422, -0.00815093889832, 0.00635512312874, -0.0120803415775, 0.0176262073219, -0.00773358391598, 0.00678231939673, -0.00407132972032, 0.00847313832492, -0.00647518411279, 0.00692740408704, -0.00568879488856, 0.00473374407738], [-0.00197410956025, 0.00800404045731, -0.00704458076507, 0.00791396852583, -0.00773358391598, 0.0184370316565, -0.0128524824977, 0.00225051329471, -0.00312735675834, 0.0120553560555, -0.00477932672948, 0.00431986991316, -0.00497776875272], [0.0028039268218, -0.00866544153541, 0.00927070714533, -0.00682373577729, 0.00678231939673, -0.0128524824977, 0.0197431817651, -0.00258948863484, 0.00469443481416, -0.00596775580198, 0.00393946189433, -0.00601101946086, 0.0104380184785], [-0.00156052573584, 0.0034159575589, -0.00796595774591, 0.00648223794997, -0.00407132972032, 0.00225051329471, -0.00258948863484, 0.0166289601475, -0.00296914484352, -0.00036241451744, 0.000468396785436, 0.00672019459307, -0.00424055289477], [0.00211571599357, -0.00623777648434, 0.00426234537736, -0.00997598841786, 0.00847313832492, -0.00312735675834, 0.00469443481416, -0.00296914484352, 0.0178053639829, -0.00374133652076, 0.0063466085121, -0.00274710217491, 0.00584372226149], [-0.00220974395052, 0.00719721289352, -0.00666221370921, 0.00694765103981, -0.00647518411279, 0.0120553560555, -0.00596775580198, -0.00036241451744, -0.00374133652076, 0.0286138355732, -0.00654870364815, -0.00172615121119, -0.00231657060795], [0.00140989175998, -0.00634642178193, 0.00324107613415, -0.00477901892737, 0.00692740408704, -0.00477932672948, 0.00393946189433, 0.000468396785436, 0.0063466085121, -0.00654870364815, 0.0176471974701, -0.00203268346377, 0.00259136944078], [-0.00186625251081, 0.00416280049831, -0.00889050867409, 0.00836263410747, -0.00568879488856, 0.00431986991316, -0.00601101946086, 0.00672019459307, -0.00274710217491, -0.00172615121119, -0.00203268346377, 0.0255497656763, -0.010457618162], [0.00223347451538, -0.00874341838062, 0.00554690649733, -0.0102734174579, 0.00473374407738, -0.00497776875272, 0.0104380184785, -0.00424055289477, 0.00584372226149, -0.00231657060795, 0.00259136944078, -0.010457618162, 0.0313743874431]]
    },
    "melbands": {
        "dmean": [0.000309491733788, 0.000245083821937, 0.000268845527899, 0.000236132269492, 0.000150787396706, 0.000148091945448, 0.000171654581209, 0.000195856278879, 7.47547674109e-05, 2.17474698729e-05, 2.02116407308e-05, 2.83209956251e-05, 4.10962493333e-05, 7.40764226066e-05, 3.8209327613e-05, 3.39221696777e-05, 1.71282263182e-05, 1.70025850821e-05, 9.86037230177e-06, 9.30129044718e-06, 5.89572255194e-06, 7.32707439965e-06, 5.02816283188e-06, 8.10763322079e-06, 7.26053212929e-06, 6.54794712318e-06, 4.77063349535e-06, 2.26026122618e-06, 1.88566355064e-06, 9.90529201772e-07, 4.34067089827e-07, 1.89303705156e-07, 2.28922232282e-07, 2.27485230653e-07, 1.48177960568e-07, 1.21033792766e-07, 9.67447846278e-08, 4.63794904704e-08, 2.48753266874e-08, 1.85706703348e-08],
        "dmean2": [0.000536132545676, 0.000423949706601, 0.000458542665001, 0.000400467426516, 0.0002296462917, 0.000230326302699, 0.000255061226198, 0.00029809854459, 0.000118206640764, 3.17008707498e-05, 3.0784169212e-05, 4.48370519734e-05, 6.59593497403e-05, 0.00010917900363, 5.5465992773e-05, 5.0566981372e-05, 2.66324605036e-05, 2.61244913418e-05, 1.56144433276e-05, 1.41388454722e-05, 9.23752395465e-06, 1.16979654194e-05, 8.10475467006e-06, 1.33775156428e-05, 1.19210426419e-05, 1.07119622044e-05, 7.63886782806e-06, 3.62104242413e-06, 2.96030771096e-06, 1.60269166827e-06, 7.03960040482e-07, 2.94433817771e-07, 3.31982192847e-07, 3.01602085528e-07, 2.36602744508e-07, 1.71725503151e-07, 1.56638748194e-07, 6.72261109003e-08, 3.93001649002e-08, 2.70982951633e-08],
        "dvar": [9.43988354152e-08, 6.52073239849e-08, 7.65134018366e-08, 8.14272382854e-08, 5.00428107841e-08, 8.71594849627e-08, 1.10457989422e-07, 2.13114688563e-07, 2.85182704118e-08, 3.83035514417e-09, 1.00704911077e-09, 2.65821742396e-09, 4.80665640623e-09, 1.3136585153e-08, 3.3092357743e-09, 1.59667867816e-09, 5.15697373693e-10, 4.68464156356e-10, 3.38481354056e-10, 3.40583866665e-10, 1.03467970303e-10, 2.3248036829e-10, 7.83304879293e-11, 2.18073836766e-10, 1.80811116079e-10, 9.58001247775e-11, 8.31561625114e-11, 1.60822744011e-11, 1.06113971776e-11, 3.10464544698e-12, 5.28142362743e-13, 6.00625397942e-13, 3.98844932775e-12, 4.94317781152e-12, 1.9282188693e-12, 1.74050053883e-12, 1.29120488173e-12, 2.5368731638e-13, 6.61273878537e-14, 2.92026670315e-14],
        "dvar2": [2.56423987821e-07, 1.71840156327e-07, 2.15944709225e-07, 2.56432798551e-07, 1.11548622783e-07, 1.8850387562e-07, 2.35927942072e-07, 5.07226616264e-07, 6.41086828068e-08, 7.70539987371e-09, 2.38982744705e-09, 6.22988283183e-09, 1.39040690073e-08, 2.74194107419e-08, 6.27818552701e-09, 3.18160342516e-09, 1.27851618181e-09, 1.08108821895e-09, 7.71577135517e-10, 6.36439789758e-10, 2.36813957333e-10, 5.91249826876e-10, 1.9669516016e-10, 6.16819151311e-10, 4.68224403694e-10, 2.49212872561e-10, 1.9672470597e-10, 4.26760883576e-11, 2.80287685422e-11, 8.54636066777e-12, 1.3469629058e-12, 1.22443309832e-12, 6.51954054978e-12, 8.31045302019e-12, 4.00399635322e-12, 3.61345133502e-12, 3.14009994222e-12, 4.66733043273e-13, 1.14171842011e-13, 5.20659633029e-14],
        "max": [0.00296300998889, 0.00289341108873, 0.00437477510422, 0.00387417990714, 0.00400053476915, 0.00598917528987, 0.00539914704859, 0.0097778448835, 0.00465371599421, 0.00171242491342, 0.000442875694716, 0.00075697369175, 0.00115694967099, 0.0025458431337, 0.00143697834574, 0.00122247065883, 0.00047594809439, 0.00075080501847, 0.000501177448314, 0.000657152093481, 0.000254854909144, 0.00027512878296, 0.000293550343486, 0.000348061177647, 0.000344014842995, 0.000220858986722, 0.000245619128691, 9.03980544535e-05, 8.14597224235e-05, 4.92370709253e-05, 1.61096722877e-05, 2.70713080681e-05, 6.00547609793e-05, 7.23745397408e-05, 4.16871262132e-05, 4.84616321046e-05, 3.33681928169e-05, 1.56225069077e-05, 8.21089270175e-06, 5.0220992307e-06],
        "mean": [0.00043436413398, 0.000393888651161, 0.000758849433623, 0.000755330605898, 0.000389078340959, 0.000353403622285, 0.000416380236857, 0.000422796438215, 0.000184984470252, 5.53646459593e-05, 4.74785301776e-05, 9.28524168557e-05, 0.000154197477968, 0.000348892208422, 0.000229985103942, 0.000213688617805, 6.76791823935e-05, 0.000106023355329, 4.84578340547e-05, 4.7231453209e-05, 3.01621657854e-05, 2.56781113421e-05, 1.99128007807e-05, 3.55153133569e-05, 3.00650644931e-05, 2.49367130891e-05, 1.86660472536e-05, 1.00415618363e-05, 1.02319636426e-05, 5.07904815095e-06, 1.72274894794e-06, 5.39443192338e-07, 4.47107936452e-07, 4.18197060981e-07, 3.19642907698e-07, 2.12565041124e-07, 1.31436451056e-07, 6.50512745892e-08, 3.51300499801e-08, 2.89366379747e-08],
        "median": [0.000335011136485, 0.000310380826704, 0.000691311550327, 0.000706885533873, 0.000225205149036, 0.000152992084622, 0.000133059715154, 7.06015489413e-05, 0.000114084832603, 1.21027214846e-05, 2.81726170215e-05, 5.05339266965e-05, 8.81816595211e-05, 0.00021708245913, 0.000144966194057, 0.000154874738655, 5.13442282681e-05, 6.10422503087e-05, 3.44676409441e-05, 2.2252654162e-05, 1.51584390551e-05, 1.282636822e-05, 1.19150736282e-05, 2.14182964555e-05, 1.86099914572e-05, 1.62974320119e-05, 9.94203674054e-06, 4.22873154093e-06, 4.76519790027e-06, 2.45868409365e-06, 6.91799471042e-07, 2.99504989698e-07, 1.85961638977e-07, 1.80174808406e-07, 1.19325804349e-07, 8.72371472838e-08, 2.69356785765e-08, 6.23061024996e-09, 6.07371886119e-09, 6.51036513588e-09],
        "min": [8.84339343821e-24, 6.98833732134e-24, 5.84556264847e-24, 1.10500346053e-23, 1.65153394762e-23, 4.77925817959e-24, 8.09759329436e-24, 5.22789402601e-24, 1.34425274574e-23, 8.12177898085e-24, 4.9156159425e-24, 6.49062998788e-24, 1.26824434092e-23, 5.56188274492e-24, 9.4745665705e-24, 6.20608864823e-24, 4.13171776123e-24, 6.29516011633e-24, 1.36864968919e-23, 7.90335522911e-24, 1.22644307487e-23, 5.27085854635e-24, 8.78239555757e-24, 8.66756501991e-24, 9.24591918143e-24, 1.14613522033e-23, 9.24463491588e-24, 9.3462717549e-24, 1.22391382903e-23, 8.38940872042e-24, 7.09901923951e-24, 7.49132371198e-24, 1.29654275374e-23, 1.04483341053e-23, 9.74902547893e-24, 7.63692929129e-24, 9.28060145113e-24, 8.1375593544e-24, 8.20377870537e-24, 7.84367553505e-24],
        "stdev": [0.000353617884684, 0.000317875732435, 0.000468243932119, 0.00049577082973, 0.00050186959561, 0.000612001284026, 0.000673774338793, 0.000775789201725, 0.000252729747444, 0.000149492290802, 5.62567474844e-05, 0.000106863692054, 0.000177437250386, 0.000347604975104, 0.000213611900108, 0.000183136158739, 5.88519651501e-05, 0.000122888057376, 4.90471720695e-05, 6.10162423982e-05, 3.2531665056e-05, 3.43266656273e-05, 2.36423602473e-05, 3.87837753806e-05, 3.70992129319e-05, 2.81543743768e-05, 2.84956531686e-05, 1.36280477818e-05, 1.32503246277e-05, 6.87053488946e-06, 2.23665233534e-06, 1.08866061055e-06, 2.72658326139e-06, 2.81942152469e-06, 1.78322011379e-06, 1.63030392741e-06, 1.2760261825e-06, 6.20531466211e-07, 3.21608894183e-07, 2.0274973167e-07],
        "var": [1.25045616528e-07, 1.01044982159e-07, 2.19252385136e-07, 2.45788726261e-07, 2.51873103707e-07, 3.7454555013e-07, 4.53971864545e-07, 6.01848910264e-07, 6.38723278712e-08, 2.23479457162e-08, 3.16482151597e-09, 1.14198490664e-08, 3.14839780913e-08, 1.20829227512e-07, 4.56300455198e-08, 3.35388534722e-08, 3.46355366609e-09, 1.51014756256e-08, 2.40562503251e-09, 3.72298192275e-09, 1.05830932906e-09, 1.17831999713e-09, 5.58961155139e-10, 1.504181113e-09, 1.37635147723e-09, 7.9266876396e-10, 8.12002298733e-10, 1.8572368643e-10, 1.75571099326e-10, 4.72042509247e-11, 5.00261334094e-12, 1.18518183548e-12, 7.43425633554e-12, 7.94913787572e-12, 3.17987411576e-12, 2.65789083451e-12, 1.62824289641e-12, 3.85059307573e-13, 1.03432284168e-13, 4.1107454219e-14]
    },
    "melbands128": {
