{
"lowlevel": {
    "average_loudness": 0.851865530014,
    "barkbands_crest": {
        "dmean": 2.10260772705,
        "dmean2": 3.25561261177,
        "dvar": 4.81843805313,
        "dvar2": 11.2490139008,
        "max": 25.8758487701,
        "mean": 11.5574293137,
        "median": 10.6168441772,
        "min": 3.42424178123,
        "stdev": 4.52425289154,
        "var": 20.4688644409
    },
    "barkbands_flatness_db": {
        "dmean": 0.016073204577,
        "dmean2": 0.0249079875648,
        "dvar": 0.000315690762363,
        "dvar2": 0.00071303016739,
        "max": 0.301140725613,
        "mean": 0.126172751188,
        "median": 0.124905824661,
        "min": 0.0300062913448,
        "stdev": 0.0409851484001,
        "var": 0.00167978240643
    },
    "barkbands_kurtosis": {
        "dmean": 2.92653107643,
        "dmean2": 4.36940383911,
        "dvar": 33.4094467163,
        "dvar2": 60.6129798889,
        "max": 147.585861206,
        "mean": 7.60422086716,
        "median": 5.20608711243,
        "min": -1.85323739052,
        "stdev": 11.9256696701,
        "var": 142.221603394
    },
    "barkbands_skewness": {
        "dmean": 0.400360167027,
        "dmean2": 0.604298591614,
        "dvar": 0.254724889994,
        "dvar2": 0.505658447742,
        "max": 10.1738872528,
        "mean": 2.09348583221,
        "median": 1.9056520462,
        "min": -2.03454470634,
        "stdev": 1.06099236012,
        "var": 1.12570488453
    },
    "barkbands_spread": {
        "dmean": 4.90808105469,
        "dmean2": 7.59684467316,
        "dvar": 64.4575424194,
        "dvar2": 139.718719482,
        "max": 83.811882019,
        "mean": 19.3174571991,
        "median": 15.0421543121,
        "min": 1.02642333508,
        "stdev": 13.4349222183,
        "var": 180.497131348
    },
    "dissonance": {
        "dmean": 0.0220648273826,
        "dmean2": 0.0361214578152,
        "dvar": 0.000370610068785,
        "dvar2": 0.00100023753475,
        "max": 0.499916344881,
        "mean": 0.438983082771,
        "median": 0.444758981466,
        "min": 0.282238781452,
        "stdev": 0.0333423055708,
        "var": 0.00111170927994
    },
    "dynamic_complexity": 3.69946599007,
    "erbbands_crest": {
        "dmean": 2.14968276024,
        "dmean2": 3.34880614281,
        "dvar": 4.343334198,
        "dvar2": 9.60287761688,
        "max": 28.4957542419,
        "mean": 9.49230289459,
        "median": 8.5226650238,
        "min": 2.50917053223,
        "stdev": 4.36710882187,
        "var": 19.0716381073
    },
    "erbbands_flatness_db": {
        "dmean": 0.0131591344252,
        "dmean2": 0.0190671961755,
        "dvar": 0.000256924948189,
        "dvar2": 0.000481806666357,
        "max": 0.288129657507,
        "mean": 0.131251245737,
        "median": 0.126229375601,
        "min": 0.0562954396009,
        "stdev": 0.0400395542383,
        "var": 0.00160316599067
    },
    "erbbands_kurtosis": {
        "dmean": 1.09038102627,
        "dmean2": 1.62741887569,
        "dvar": 3.62066435814,
        "dvar2": 7.12685871124,
        "max": 48.352809906,
        "mean": 1.60496163368,
        "median": 0.446173429489,
        "min": -1.6874704361,
        "stdev": 4.21894407272,
        "var": 17.7994880676
    },
    "erbbands_skewness": {
        "dmean": 0.324582666159,
        "dmean2": 0.480184495449,
        "dvar": 0.142867222428,
        "dvar2": 0.272338569164,
        "max": 6.53617048264,
        "mean": 1.01205062866,
        "median": 0.925592899323,
        "min": -3.14497947693,
        "stdev": 0.902852892876,
        "var": 0.815143346786
    },
    "erbbands_spread": {
        "dmean": 7.24550294876,
        "dmean2": 10.9055042267,
        "dvar": 84.6210174561,
        "dvar2": 171.866882324,
        "max": 112.372543335,
        "mean": 41.2842292786,
        "median": 39.2016983032,
        "min": 5.21353006363,
        "stdev": 16.8469009399,
        "var": 283.818054199
    },
    "hfc": {
        "dmean": 5.01479434967,
        "dmean2": 7.14171600342,
        "dvar": 92.8081359863,
        "dvar2": 204.47064209,
        "max": 134.524124146,
        "mean": 13.8603782654,
        "median": 7.12780618668,
        "min": 1.03089678288,
        "stdev": 15.0998859406,
        "var": 228.006561279
    },
    "loudness_ebu128": {
        "integrated": -19.2845592499,
        "loudness_range": 5.49479103088,
        "momentary": {
            "dmean": 0.6181178689,
            "dmean2": 0.614442229271,
            "dvar": 0.451506644487,
            "dvar2": 0.433181971312,
            "max": -14.9795570374,
            "mean": -20.2524452209,
            "median": -20.8996772766,
            "min": -26.245672226,
            "stdev": 2.87522387505,
            "var": 8.26691246033
        },
        "short_term": {
            "dmean": 0.108430057764,
            "dmean2": 0.108516603708,
            "dvar": 0.00734531786293,
            "dvar2": 0.0113941915333,
            "max": -16.2581481934,
            "mean": -19.9470596313,
            "median": -21.2442893982,
            "min": -22.5549926758,
            "stdev": 2.21986103058,
            "var": 4.92778301239
        }
    },
    "melbands_crest": {
        "dmean": 2.61501121521,
        "dmean2": 3.98749518394,
        "dvar": 6.43740034103,
        "dvar2": 13.375248909,
        "max": 32.4955596924,
        "mean": 15.0991773605,
        "median": 14.0521173477,
        "min": 5.07495737076,
        "stdev": 5.5449924469,
        "var": 30.7469425201
    },
    "melbands_flatness_db": {
        "dmean": 0.0186153315008,
        "dmean2": 0.0284451711923,
        "dvar": 0.000449331273558,
        "dvar2": 0.000983680016361,
        "max": 0.381397277117,
        "mean": 0.204171717167,
        "median": 0.204801872373,
        "min": 0.0453303046525,
        "stdev": 0.0466730929911,
        "var": 0.00217837770469
    },
    "melbands_kurtosis": {
        "dmean": 6.35077285767,
        "dmean2": 9.6448469162,
        "dvar": 138.725021362,
        "dvar2": 286.404266357,
        "max": 242.268264771,
        "mean": 17.9338436127,
        "median": 12.7400007248,
        "min": -1.814843297,
        "stdev": 19.9867916107,
        "var": 399.471832275
    },
    "melbands_skewness": {
        "dmean": 0.568922519684,
        "dmean2": 0.844386339188,
        "dvar": 0.515530526638,
        "dvar2": 1.05226409435,
        "max": 12.5160531998,
        "mean": 2.92237067223,
        "median": 2.76116633415,
        "min": 0.166505068541,
        "stdev": 1.32510972023,
        "var": 1.75591576099
    },
    "melbands_spread": {
        "dmean": 4.11736345291,
        "dmean2": 6.38163089752,
        "dvar": 87.9066696167,
        "dvar2": 155.879013062,
        "max": 252.412353516,
        "mean": 16.5049152374,
        "median": 13.0945081711,
        "min": 1.11858296394,
        "stdev": 17.732421875,
        "var": 314.438781738
    },
    "pitch_salience": {
        "dmean": 0.0556169971824,
        "dmean2": 0.0875316113234,
        "dvar": 0.003351241583,
        "dvar2": 0.00768500985578,
        "max": 0.801426529884,
        "mean": 0.52845031023,
        "median": 0.541643679142,
        "min": 0.154285550117,
        "stdev": 0.112804733217,
        "var": 0.0127249071375
    },
    "silence_rate_20dB": {
        "dmean": 0,
        "dmean2": 0,
        "dvar": 0,
        "dvar2": 0,
        "max": 1,
        "mean": 1,
        "median": 1,
        "min": 1,
        "stdev": 0,
        "var": 0
    },
    "silence_rate_30dB": {
        "dmean": 0.00103199179284,
        "dmean2": 0.00206504901871,
        "dvar": 0.00103093334474,
        "dvar2": 0.00206080731004,
        "max": 1,
        "mean": 0.998968541622,
        "median": 1,
        "min": 0,
        "stdev": 0.032099891454,
        "var": 0.00103040307295
    },
    "silence_rate_60dB": {
        "dmean": 0.018059855327,
        "dmean2": 0.0356220975518,
        "dvar": 0.0177337098867,
        "dvar2": 0.0395159311593,
        "max": 1,
        "mean": 0.0355853550136,
        "median": 0,
        "min": 0,
        "stdev": 0.185254186392,
        "var": 0.03431911394
    },
    "spectral_centroid": {
        "dmean": 193.649490356,
        "dmean2": 291.490478516,
        "dvar": 98105.8046875,
        "dvar2": 200873.234375,
        "max": 4984.29736328,
        "mean": 1019.11499023,
        "median": 862.429931641,
        "min": 327.678070068,
        "stdev": 551.61315918,
        "var": 304277.0625
    },
    "spectral_complexity": {
        "dmean": 2.8565530777,
        "dmean2": 4.52503871918,
        "dvar": 18.9506473541,
        "dvar2": 45.4389343262,
        "max": 47,
        "mean": 12.52501297,
        "median": 11,
        "min": 4,
        "stdev": 5.77914190292,
        "var": 33.3984832764
    },
    "spectral_decrease": {
        "dmean": 1.70297831392e-09,
        "dmean2": 2.65491317819e-09,
        "dvar": 1.15519734738e-17,
        "dvar2": 2.67080671751e-17,
        "max": -4.75269712474e-10,
        "mean": -5.73669511894e-09,
        "median": -3.01550051596e-09,
        "min": -3.09957428613e-08,
        "stdev": 5.56414470054e-09,
        "var": 3.09597060405e-17
    },
    "spectral_energy": {
        "dmean": 0.0067907134071,
        "dmean2": 0.0105224698782,
        "dvar": 0.000177208799869,
        "dvar2": 0.000408652995247,
        "max": 0.121071591973,
        "mean": 0.0229087583721,
        "median": 0.0121192596853,
        "min": 0.00193161016796,
        "stdev": 0.0219526756555,
        "var": 0.000481919967569
    },
    "spectral_energyband_high": {
        "dmean": 0.000409430940636,
        "dmean2": 0.00059046363458,
        "dvar": 9.94210040517e-07,
        "dvar2": 2.12598865801e-06,
        "max": 0.0161236934364,
        "mean": 0.000667444488499,
        "median": 0.000218637360376,
        "min": 3.07259324472e-05,
        "stdev": 0.00131145864725,
        "var": 1.71992371634e-06
    },
    "spectral_energyband_low": {
        "dmean": 0.00396357337013,
        "dmean2": 0.00651131477207,
        "dvar": 0.000132700413815,
        "dvar2": 0.000332115072524,
        "max": 0.109263285995,
        "mean": 0.00675426609814,
        "median": 0.00251457141712,
        "min": 0.000120890668768,
        "stdev": 0.0123222116381,
        "var": 0.000151836909936
    },
    "spectral_energyband_middle_high": {
        "dmean": 0.000708596489858,
        "dmean2": 0.00107752322219,
        "dvar": 1.66689937942e-06,
        "dvar2": 3.78859544981e-06,
        "max": 0.0197175070643,
        "mean": 0.00193908903748,
        "median": 0.000978883705102,
        "min": 0.000149523853906,
        "stdev": 0.00246347673237,
        "var": 6.06871799391e-06
    },
    "spectral_energyband_middle_low": {
        "dmean": 0.00317733595148,
        "dmean2": 0.00479931337759,
        "dvar": 3.40041988238e-05,
        "dvar2": 6.57006821712e-05,
        "max": 0.0947605744004,
        "mean": 0.0137299178168,
        "median": 0.00544817140326,
        "min": 0.000576143327635,
        "stdev": 0.0164352618158,
        "var": 0.000270117860055
    },
    "spectral_entropy": {
        "dmean": 0.160196244717,
        "dmean2": 0.229987978935,
        "dvar": 0.042462464422,
        "dvar2": 0.0834640115499,
        "max": 8.7822303772,
        "mean": 7.49143743515,
        "median": 7.46764659882,
        "min": 5.85184288025,
        "stdev": 0.408564120531,
        "var": 0.166924640536
    },
    "spectral_flux": {
        "dmean": 0.0201209243387,
        "dmean2": 0.0317183546722,
        "dvar": 0.00112293218262,
        "dvar2": 0.00248979520984,
        "max": 0.305621832609,
        "mean": 0.0545932389796,
        "median": 0.0378875881433,
        "min": 0.0114100435749,
        "stdev": 0.044621642679,
        "var": 0.00199109106325
    },
    "spectral_kurtosis": {
        "dmean": 1.03032386303,
        "dmean2": 1.68202078342,
        "dvar": 1.26464629173,
        "dvar2": 3.1498966217,
        "max": 13.3830661774,
        "mean": 3.48868918419,
        "median": 3.33707237244,
        "min": -1.10373175144,
        "stdev": 1.6940407753,
        "var": 2.86977434158
    },
    "spectral_rms": {
        "dmean": 0.000609492417425,
        "dmean2": 0.000910865375772,
        "dvar": 1.04165962966e-06,
        "dvar2": 2.18671925722e-06,
        "max": 0.0108682392165,
        "mean": 0.00424419762567,
        "median": 0.00343855610117,
        "min": 0.00137277005706,
        "stdev": 0.00208250945434,
        "var": 4.33684544987e-06
    },
    "spectral_rolloff": {
        "dmean": 360.509307861,
        "dmean2": 596.860168457,
        "dvar": 820070.5625,
        "dvar2": 1860301.875,
        "max": 10551.2695312,
        "mean": 978.562133789,
        "median": 667.529296875,
        "min": 86.1328125,
        "stdev": 1228.77490234,
        "var": 1509887.875
    },
    "spectral_skewness": {
        "dmean": 0.166901230812,
        "dmean2": 0.264376431704,
        "dvar": 0.0337826088071,
        "dvar2": 0.0723773911595,
        "max": 3.04743027687,
        "mean": 1.56712245941,
        "median": 1.56551003456,
        "min": -0.235305070877,
        "stdev": 0.316837221384,
        "var": 0.100385829806
    },
    "spectral_spread": {
        "dmean": 520006.75,
        "dmean2": 714481.5,
        "dvar": 456902049792,
        "dvar2": 800193642496,
        "max": 12139230,
        "mean": 5409453.5,
        "median": 5066930,
        "min": 3261580.5,
        "stdev": 1324326.5,
        "var": 1.7538407465e+12
    },
    "spectral_strongpeak": {
        "dmean": 0.278018951416,
        "dmean2": 0.454222410917,
        "dvar": 0.264221936464,
        "dvar2": 0.643856704235,
        "max": 8.95690155029,
        "mean": 0.808043539524,
        "median": 0.422006100416,
        "min": 0,
        "stdev": 0.924114525318,
        "var": 0.853987634182
    },
    "zerocrossingrate": {
        "dmean": 0.0100450385362,
        "dmean2": 0.011044180952,
        "dvar": 0.000180389310117,
        "dvar2": 0.000187824000022,
        "max": 0.35498046875,
        "mean": 0.0539416074753,
        "median": 0.0439453125,
        "min": 0.013671875,
        "stdev": 0.0349283479154,
        "var": 0.00121998938266
    },
    "barkbands": {
        "dmean": [0.000303607754176, 0.00350503926165, 0.000578441540711, 0.000255871040281, 0.000971387373284, 0.00208080396987, 0.000612214382272, 0.000163493998116, 0.000910720147658, 0.000150566382217, 0.000256743602222, 0.000123072997667, 0.000150497056893, 8.0859339505e-05, 0.000127445338876, 6.9774549047e-05, 6.12358053331e-05, 6.68845896143e-05, 6.77010466461e-05, 6.10732022324e-05, 9.70549081103e-05, 6.46691551083e-05, 5.04740055476e-05, 7.31679392629e-05, 0.000111437409942, 2.49263921432e-05, 1.64079744991e-06],
        "dmean2": [0.000493324419949, 0.00575779331848, 0.00105960550718, 0.000423864548793, 0.00144792697392, 0.00305403536186, 0.000932824856136, 0.000260449887719, 0.00138922093902, 0.000214689731365, 0.000400660937885, 0.000184179923963, 0.000241787536652, 0.00012864312157, 0.000202870418434, 0.000110699751531, 9.89362524706e-05, 0.000114204864076, 0.000113115886052, 9.89281397779e-05, 0.000155997928232, 0.000105016653833, 7.99824338173e-05, 0.000111343215394, 0.000163066972164, 3.49518450093e-05, 2.78186325886e-06],
        "dvar": [5.61194781312e-07, 0.000110154796857, 3.23400786328e-06, 3.35649872341e-07, 6.79085906086e-06, 2.24292834901e-05, 1.94340645976e-06, 5.65241919048e-07, 5.10175959789e-06, 1.46920172028e-07, 6.17063790287e-07, 1.37417245583e-07, 9.13666511337e-08, 2.92611321839e-08, 9.42975191265e-08, 5.48487371077e-08, 1.58926383165e-08, 2.83079497621e-08, 2.57880525822e-08, 2.856175918e-08, 7.3214444285e-08, 5.42813971549e-08, 1.85973494382e-08, 5.8192963337e-08, 6.56197300941e-08, 2.65794364296e-09, 9.08550578521e-12],
        "dvar2": [1.51924166403e-06, 0.000283317524008, 9.36052583711e-06, 9.25077756619e-07, 1.37980277941e-05, 4.26175720349e-05, 4.43281169282e-06, 1.1990762232e-06, 1.11299432319e-05, 2.63693237912e-07, 1.54904182637e-06, 3.22020923704e-07, 2.4935707188e-07, 7.2168425902e-08, 2.15168242335e-07, 1.0870113698e-07, 3.74478901222e-08, 7.78731461537e-08, 7.00080278193e-08, 7.24551298958e-08, 1.69975734821e-07, 9.89273445384e-08, 4.51304131843e-08, 1.12747542858e-07, 1.34620393055e-07, 5.62081625688e-09, 2.27443636841e-11],
        "max": [0.0107805039734, 0.0982927680016, 0.0189666561782, 0.012255015783, 0.0530241951346, 0.0848969072104, 0.035545129329, 0.02111174725, 0.0434389337897, 0.00984770897776, 0.0119879841805, 0.00819205120206, 0.00428108125925, 0.00372211099602, 0.00613272003829, 0.00984546169639, 0.00324359023944, 0.00173617166001, 0.00169888942037, 0.00258825230412, 0.00493178656325, 0.00632318807766, 0.00345214060508, 0.0098870601505, 0.00227911537513, 0.000511149293743, 2.55860541074e-05],
        "mean": [0.000523913593497, 0.00531859882176, 0.000747881131247, 0.000462699739728, 0.00271008955315, 0.0062860660255, 0.0016536336625, 0.000309052673401, 0.00227867648937, 0.000287047878373, 0.000452077045338, 0.000190923237824, 0.000245116330916, 0.000134619040182, 0.000189192185644, 0.000115254864795, 0.00010322441085, 8.78794962773e-05, 9.78599928203e-05, 8.61269727466e-05, 0.000136345683131, 9.68263993855e-05, 8.01584174042e-05, 0.000121270983072, 0.00015527458163, 3.64087463822e-05, 2.57806823356e-06],
        "median": [0.000210342783248, 0.0018314064946, 0.00033470854396, 0.000282953842543, 0.00101488782093, 0.00102041638456, 0.000884846725967, 7.68305326346e-05, 0.000454994820757, 0.000138191651786, 0.000120054071886, 7.2906492278e-05, 8.40268694446e-05, 4.81085044157e-05, 7.4995929026e-05, 4.09322710766e-05, 6.02260079177e-05, 4.16697039327e-05, 4.2287982069e-05, 3.66998319805e-05, 4.45473560831e-05, 1.43278030009e-05, 3.04432596749e-05, 3.63689905498e-05, 2.73070945696e-05, 7.81322614785e-06, 1.08431527224e-06],
        "min": [1.44552728898e-07, 1.20224613056e-05, 7.88773741078e-06, 2.76348055195e-06, 1.59671853908e-05, 6.97232826496e-06, 1.24862590383e-05, 2.83724034489e-06, 3.51327776116e-06, 4.16143939219e-06, 9.26958023229e-07, 1.68245696841e-06, 2.57884448729e-06, 1.22105745959e-06, 4.17566343458e-06, 2.31173839893e-06, 4.52919721283e-06, 3.26355052493e-06, 3.90045352106e-06, 2.96410053124e-06, 6.26534574621e-06, 1.68273231793e-06, 4.80691142002e-06, 6.65770085106e-06, 1.92063407667e-06, 6.02362206337e-07, 2.99808333715e-09],
        "stdev": [0.000850500713568, 0.0107430061325, 0.00155615177937, 0.000626984226983, 0.00621097022668, 0.0121516957879, 0.00228947866708, 0.00118184194434, 0.0045123482123, 0.000640669895802, 0.00106540892739, 0.000535598781426, 0.000445433106506, 0.000263430003542, 0.000407000625273, 0.000366343243513, 0.000146617836435, 0.000157997303177, 0.000158968236065, 0.000168902901351, 0.000299052073387, 0.000346075830748, 0.000171131017851, 0.000387398526073, 0.000308283400955, 6.2873637944e-05, 3.49085121343e-06],
        "var": [7.23351490706e-07, 0.000115412178275, 2.42160831476e-06, 3.93109246488e-07, 3.85761486541e-05, 0.000147663711687, 5.24171309735e-06, 1.39675034916e-06, 2.03612871701e-05, 4.1045794319e-07, 1.13509622679e-06, 2.86866054466e-07, 1.98410646135e-07, 6.93953694508e-08, 1.65649510109e-07, 1.34207368774e-07, 2.14967883494e-08, 2.49631497695e-08, 2.52709000392e-08, 2.85281895884e-08, 8.94321416922e-08, 1.19768486684e-07, 2.92858270967e-08, 1.50077610783e-07, 9.50386578324e-08, 3.95309474044e-09, 1.21860429733e-11]
    },
    "erbbands": {
        "dmean": [0.129090696573, 0.728827416897, 0.803239226341, 0.651679813862, 1.61140716076, 4.15045213699, 11.6133270264, 17.2312049866, 9.88995170593, 4.96208620071, 7.67706155777, 23.3969745636, 4.45191001892, 6.63470935822, 7.70883989334, 4.68258857727, 7.07774972916, 3.29938054085, 4.36741924286, 7.50168180466, 3.07617664337, 3.46286797523, 3.19086527824, 4.15021038055, 2.75951457024, 2.92415261269, 3.35113716125, 3.86454796791, 2.2366437912, 2.62421703339, 1.11700856686, 1.46374237537, 1.30041980743, 1.36226499081, 0.732194185257, 0.077523842454, 0.0731685087085, 0.00922099035233, 0.000198048204766, 1.4369411474e-05],
        "dmean2": [0.205722242594, 1.23243200779, 1.44587755203, 1.10237932205, 2.55357003212, 6.35945892334, 16.8588314056, 26.0924911499, 15.3118209839, 7.54671478271, 11.8331804276, 35.7323379517, 6.26535844803, 9.94995117188, 11.8515262604, 7.00786685944, 11.2255210876, 5.26677179337, 7.00955724716, 12.0351324081, 4.90546178818, 5.57232666016, 5.38809967041, 7.01415395737, 4.51779651642, 4.82032108307, 5.39066028595, 6.19823503494, 3.64431715012, 4.13018226624, 1.73801660538, 2.29091000557, 1.90174090862, 2.0415365696, 1.07243132591, 0.110301747918, 0.103958904743, 0.0146498167887, 0.000307175971102, 2.07024204428e-05],
        "dvar": [0.12845620513, 5.30679035187, 6.81845426559, 2.00836634636, 24.6950912476, 154.158340454, 681.683654785, 1598.95605469, 587.645324707, 70.3612747192, 558.852966309, 3574.57348633, 139.509750366, 343.391876221, 413.292449951, 131.242950439, 184.503326416, 40.139465332, 128.111679077, 387.737701416, 38.3058319092, 61.048122406, 57.6924095154, 87.4572067261, 42.5168075562, 68.8964614868, 131.398086548, 96.5982437134, 54.9405784607, 67.4127349854, 11.4707365036, 29.3558082581, 16.1834812164, 7.97204685211, 3.71245408058, 0.0647167265415, 0.0213470924646, 0.000351398601197, 1.6038477213e-07, 6.85632495223e-10],
        "dvar2": [0.321046710014, 14.1842727661, 19.3841171265, 5.51115655899, 50.8087310791, 347.50894165, 1281.81359863, 3148.00976562, 1370.80957031, 161.542526245, 1248.64575195, 7800.51757812, 230.70135498, 800.918395996, 914.932617188, 294.489990234, 503.189910889, 92.2495727539, 287.8387146, 856.159240723, 83.4743347168, 147.04649353, 156.106323242, 237.499420166, 111.938438416, 177.355484009, 298.376800537, 232.790710449, 110.343284607, 140.855422974, 24.4149360657, 71.3914031982, 23.9657936096, 17.0457649231, 7.75328779221, 0.127926379442, 0.0468982085586, 0.000869486422744, 3.90546631479e-07, 1.57103563492e-09],
        "max": [3.94673514366, 21.6805057526, 30.3160095215, 16.3740177155, 136.491104126, 304.775543213, 394.164764404, 744.499084473, 626.985046387, 131.781982422, 507.40435791, 1083.42980957, 361.178436279, 380.39666748, 407.656829834, 326.557312012, 203.698196411, 110.944015503, 290.583557129, 480.889038086, 151.454498291, 219.992385864, 91.5855560303, 89.7406005859, 73.3745803833, 125.741928101, 295.984161377, 170.650970459, 180.028015137, 227.947921753, 96.6657714844, 157.153320312, 177.564163208, 41.7487182617, 19.0275211334, 3.44310069084, 1.05166053772, 0.135217189789, 0.003135725623, 0.000194402964553],
        "mean": [0.231764391065, 0.874121546745, 1.0070939064, 1.18621504307, 3.58668923378, 11.7692737579, 35.0726394653, 48.3911972046, 24.9545383453, 15.025894165, 18.510843277, 56.1004257202, 10.1489200592, 13.5160512924, 14.7558097839, 8.58805942535, 11.9439907074, 5.94010400772, 7.48650550842, 11.3595695496, 5.82247018814, 5.95608901978, 4.78609466553, 5.80764293671, 4.12335014343, 4.15193891525, 4.53943109512, 5.5538649559, 3.29420685768, 4.34396600723, 1.65617656708, 2.23444676399, 2.06214380264, 1.96334683895, 0.945210814476, 0.0936064124107, 0.111396640539, 0.0144269736484, 0.000320042279782, 3.78908262064e-05],
        "median": [0.0896355211735, 0.252812087536, 0.415325760841, 0.729012131691, 2.22945404053, 4.46706581116, 4.92296886444, 9.4912481308, 13.9802045822, 6.79285097122, 4.16262054443, 11.689043045, 3.98384284973, 4.94434404373, 5.37884950638, 3.74463415146, 4.80293560028, 2.42483568192, 2.52747344971, 4.45537757874, 2.33009648323, 3.475918293, 2.45680403709, 2.513256073, 1.80750143528, 1.89400374889, 1.20696461201, 1.98069620132, 0.631206333637, 1.33655333519, 0.522792160511, 0.685059130192, 0.589400649071, 0.447052896023, 0.104322806001, 0.012883849442, 0.0211708452553, 0.0047317808494, 0.000109061016701, 2.20235888264e-05],
        "min": [0.000354727439117, 0.00385152874514, 0.0137644996867, 0.048588540405, 0.118403851986, 0.165180921555, 0.176527500153, 0.181987404823, 0.13180065155, 0.145717769861, 0.198999121785, 0.139768764377, 0.209427386522, 0.243302941322, 0.285327702761, 0.190416842699, 0.200643584132, 0.173468619585, 0.155571386218, 0.174020141363, 0.1888525635, 0.289629995823, 0.302311688662, 0.154290392995, 0.180180683732, 0.142395958304, 0.128068745136, 0.280998706818, 0.0907293707132, 0.223888650537, 0.0702858045697, 0.109344810247, 0.0849455371499, 0.0546493269503, 0.00696676364169, 0.00040607721894, 0.00156417023391, 0.000596990517806, 1.65435558301e-05, 2.91897458737e-06],
        "stdev": [0.409620821476, 2.12131404877, 2.23960995674, 1.50333595276, 6.41070270538, 29.3769931793, 64.8816223145, 95.4963684082, 36.4292640686, 18.1388893127, 39.3757858276, 113.062438965, 22.2113304138, 29.8717670441, 31.3304252625, 18.7713470459, 19.8227443695, 10.6563949585, 16.6427536011, 28.1752033234, 10.3875846863, 8.93231105804, 7.53695106506, 9.21745872498, 6.58325767517, 8.06671142578, 12.8363685608, 10.654715538, 10.2313051224, 11.9495897293, 4.35316419601, 7.0389213562, 6.87025308609, 3.58652424812, 2.18252968788, 0.296654254198, 0.178502202034, 0.0212986171246, 0.000462244584924, 3.6715377064e-05],
        "var": [0.167789205909, 4.49997282028, 5.01585245132, 2.26001906395, 41.0971107483, 863.00769043, 4209.62451172, 9119.55664062, 1327.09130859, 329.019287109, 1550.45239258, 12783.1142578, 493.343200684, 892.322509766, 981.595581055, 352.363494873, 392.941162109, 113.558746338, 276.981262207, 793.842041016, 107.901924133, 79.7861785889, 56.8056297302, 84.9615402222, 43.3392791748, 65.0718383789, 164.772354126, 113.522956848, 104.679595947, 142.792694092, 18.9500370026, 49.5464134216, 47.200378418, 12.8631563187, 4.76343584061, 0.0880037471652, 0.0318630374968, 0.000453631073469, 2.13670062976e-07, 1.34801902973e-09]
    },
    "gfcc": {
        "mean": [-7.53296232224, 86.2138671875, -93.4601516724, 27.3375263214, -66.5833435059, 12.9263753891, -39.5385856628, 12.6388692856, -19.3595180511, 7.4325709343, -8.92857074738, 7.48361158371, -4.73871850967],
        "cov": [[2399.57714844, -720.855407715, 106.097595215, -119.903755188, -122.595397949, 94.9946212769, -94.3433685303, 73.1576766968, -138.651229858, 265.86050415, -106.579444885, 151.829284668, 64.8005828857], [-720.855407715, 735.005187988, -110.41254425, -32.3993225098, -6.8685426712, -146.468673706, 86.0759963989, -81.8400344849, 143.380630493, -125.355300903, 84.5071182251, -58.7783470154, 9.92185115814], [106.097595215, -110.41254425, 261.540222168, 61.0074615479, 60.3276100159, 59.3332672119, -3.81939435005, 81.8999404907, -26.9976444244, 37.2763328552, 23.3499584198, 6.23380756378, -19.9942722321], [-119.903755188, -32.3993225098, 61.0074615479, 155.791183472, 113.188148499, 51.126209259, 27.1319522858, 42.3984069824, 11.8826160431, -6.50832653046, -7.66091823578, -23.3590831757, -18.7887649536], [-122.595397949, -6.8685426712, 60.3276100159, 113.188148499, 191.978027344, 80.9702148438, 30.1434326172, 74.536529541, 5.95545053482, 8.11337184906, -2.80332493782, -28.5540065765, -25.4081344604], [94.9946212769, -146.468673706, 59.3332672119, 51.126209259, 80.9702148438, 137.578186035, 39.4636421204, 44.2989730835, -29.210773468, 21.6590461731, -24.9689941406, -6.24273109436, -21.2655086517], [-94.3433685303, 86.0759963989, -3.81939435005, 27.1319522858, 30.1434326172, 39.4636421204, 96.7490158081, 27.9527835846, 18.8412094116, -12.4082975388, 6.59890556335, -19.0784435272, -15.8648443222], [73.1576766968, -81.8400344849, 81.8999404907, 42.3984069824, 74.536529541, 44.2989730835, 27.9527835846, 124.125816345, 16.1732673645, 35.2985610962, 0.471535652876, -8.63046455383, -19.2968482971], [-138.651229858, 143.380630493, -26.9976444244, 11.8826160431, 5.95545053482, -29.210773468, 18.8412094116, 16.1732673645, 94.833366394, -1.22170186043, 24.1544075012, -10.0626764297, 7.15061616898], [265.86050415, -125.355300903, 37.2763328552, -6.50832653046, 8.11337184906, 21.6590461731, -12.4082975388, 35.2985610962, -1.22170186043, 100.023719788, 16.2086906433, 16.5934066772, -8.8974199295], [-106.579444885, 84.5071182251, 23.3499584198, -7.66091823578, -2.80332493782, -24.9689941406, 6.59890556335, 0.471535652876, 24.1544075012, 16.2086906433, 82.3504562378, 19.9266109467, -3.28133368492], [151.829284668, -58.7783470154, 6.23380756378, -23.3590831757, -28.5540065765, -6.24273109436, -19.0784435272, -8.63046455383, -10.0626764297, 16.5934066772, 19.9266109467, 57.474571228, 25.7157764435], [64.8005828857, 9.92185115814, -19.9942722321, -18.7887649536, -25.4081344604, -21.2655086517, -15.8648443222, -19.2968482971, 7.15061616898, -8.8974199295, -3.28133368492, 25.7157764435, 50.6718139648]],
        "icov": [[0.0010874113068, -0.000243544229306, -0.000156202630023, 4.2706993554e-05, 0.00076716626063, -0.000281875603832, -3.63556910088e-06, -0.000637878954876, 0.00101308594458, -0.00296947988681, 0.00248121377081, -0.00235810689628, -0.000673363916576], [-0.000243544229306, 0.0094067947939, -0.00251947389916, 0.00641062064096, -0.00787204690278, 0.00934152584523, -0.0099782217294, 0.00894092302769, -0.00998201221228, 0.00761134503409, -0.00556092662737, 0.00665584811941, -0.000886491674464], [-0.000156202630023, -0.00251947389916, 0.00739463465288, -0.00441173277795, 0.00387236173265, -0.0049577569589, 0.00541990576312, -0.00710750650615, 0.00543349329382, -0.00127911742311, -0.00323475338519, -4.17236078647e-05, -0.000353294337401], [4.2706993554e-05, 0.00641062064096, -0.00441173277795, 0.0171925239265, -0.0125634204596, 0.00677595566958, -0.00846626330167, 0.00823304522783, -0.00940725393593, 0.00580639904365, -0.000540682754945, 0.00323597388342, 0.00102268066257], [0.00076716626063, -0.00787204690278, 0.00387236173265, -0.0125634204596, 0.0205224789679, -0.0137870078906, 0.0112152788788, -0.0135569693521, 0.00984354224056, -0.00666368519887, 0.00117540336214, -0.00128569966182, -0.00154758477584], [-0.000281875603832, 0.00934152584523, -0.0049577569589, 0.00677595566958, -0.0137870078906, 0.0253357905895, -0.0173611193895, 0.0106370504946, -0.00694572972134, 0.00416199909523, 0.00167792872526, 0.00113391876221, 0.00266648293473], [-3.63556910088e-06, -0.0099782217294, 0.00541990576312, -0.00846626330167, 0.0112152788788, -0.0173611193895, 0.0273250062019, -0.0139665883034, 0.00833163317293, -0.00329640996642, -0.000386098137824, -0.00175532256253, 0.00164318736643], [-0.000637878954876, 0.00894092302769, -0.00710750650615, 0.00823304522783, -0.0135569693521, 0.0106370504946, -0.0139665883034, 0.0252145696431, -0.0144567694515, 0.00382381398231, -0.000811592210084, 0.00386102241464, 0.00290846731514], [0.00101308594458, -0.00998201221228, 0.00543349329382, -0.00940725393593, 0.00984354224056, -0.00694572972134, 0.00833163317293, -0.0144567694515, 0.02773334831, -0.011048884131, 0.00107593135908, -0.00207999744453, -0.0062896264717], [-0.00296947988681, 0.00761134503409, -0.00127911742311, 0.00580639904365, -0.00666368519887, 0.00416199909523, -0.00329640996642, 0.00382381398231, -0.011048884131, 0.0273273531348, -0.0132533181459, 0.00752041349187, 0.0044675450772], [0.00248121377081, -0.00556092662737, -0.00323475338519, -0.000540682754945, 0.00117540336214, 0.00167792872526, -0.000386098137824, -0.000811592210084, 0.00107593135908, -0.0132533181459, 0.0303276758641, -0.0215503964573, 0.00772425578907], [-0.00235810689628, 0.00665584811941, -4.17236078647e-05, 0.00323597388342, -0.00128569966182, 0.00113391876221, -0.00175532256253, 0.00386102241464, -0.00207999744453, 0.00752041349187, -0.0215503964573, 0.0445612110198, -0.0187484268099], [-0.000673363916576, -0.000886491674464, -0.000353294337401, 0.00102268066257, -0.00154758477584, 0.00266648293473, 0.00164318736643, 0.00290846731514, -0.0062896264717, 0.0044675450772, 0.00772425578907, -0.0187484268099, 0.0346614308655]]
    },
    "melbands": {
        "dmean": [0.00105657498352, 0.000553417427, 0.000128514468088, 0.000207708158996, 0.000356085511157, 0.000383850274375, 0.000135838650749, 4.65582270408e-05, 9.81224075076e-05, 0.000129222331452, 2.05983014894e-05, 2.76028858934e-05, 3.4190590668e-05, 1.12508141683e-05, 2.02116298169e-05, 1.03242118712e-05, 6.43322573524e-06, 7.79230686021e-06, 9.44130260905e-06, 7.58832220527e-06, 3.57665953743e-06, 4.11951623391e-06, 2.90073626275e-06, 3.61521756531e-06, 3.59352497981e-06, 2.34257345255e-06, 2.05538572118e-06, 1.91399726646e-06, 1.91760886992e-06, 2.614106279e-06, 2.11901942748e-06, 1.16412172702e-06, 1.50909897911e-06, 1.42783676438e-06, 6.39754375698e-07, 7.27990368432e-07, 9.00925670066e-07, 7.97775498995e-07, 1.00278066384e-06, 1.37205893225e-06],
        "dmean2": [0.00172669265885, 0.00096115557244, 0.000212039245525, 0.000316396530252, 0.000513495411724, 0.00057494972134, 0.00021010034834, 7.14639318176e-05, 0.000152370979777, 0.00019870729011, 2.85616952169e-05, 4.11241053371e-05, 5.27842930751e-05, 1.63826807693e-05, 3.17552294291e-05, 1.63834010891e-05, 1.02803387563e-05, 1.24007847262e-05, 1.50779769683e-05, 1.18637790365e-05, 5.78363960813e-06, 6.71964107823e-06, 4.83355415781e-06, 6.27865711067e-06, 6.06585490459e-06, 3.93924892705e-06, 3.38628160534e-06, 3.16750129059e-06, 3.04555624098e-06, 4.23653636972e-06, 3.43236115441e-06, 1.93710047824e-06, 2.41738212026e-06, 2.28295721172e-06, 1.01925115814e-06, 1.15222030672e-06, 1.41915461427e-06, 1.12414102205e-06, 1.59428702773e-06, 2.1070384264e-06],
        "dvar": [9.49998047872e-06, 3.09744632432e-06, 9.38882251944e-08, 3.51967599954e-07, 5.87759870996e-07, 7.55941584885e-07, 1.06791318899e-07, 8.48912495854e-09, 6.89922359243e-08, 1.10220703675e-07, 3.72096886636e-09, 5.56253931805e-09, 9.02404284631e-09, 1.55237911414e-09, 1.48298762159e-09, 3.98571370352e-10, 1.67019897912e-10, 4.40021047377e-10, 5.8741567166e-10, 5.61278190592e-10, 4.20355764086e-11, 1.01301765587e-10, 2.71332817325e-11, 8.50020054344e-11, 6.3206759271e-11, 3.34414301806e-11, 2.4829289666e-11, 3.60264977572e-11, 5.41550415623e-11, 5.24858767559e-11, 2.87226770146e-11, 1.46094681491e-11, 3.49325394999e-11, 1.5333102843e-11, 3.84595914144e-12, 6.09740513288e-12, 1.59884275958e-11, 7.67358919462e-12, 6.19207159505e-12, 7.72709934233e-12],
        "dvar2": [2.41921952693e-05, 8.39895346871e-06, 2.41186455696e-07, 7.75096395955e-07, 1.08397898657e-06, 1.4558283965e-06, 2.47644493356e-07, 1.82847141872e-08, 1.54702078703e-07, 2.40135250351e-07, 6.0948566194e-09, 1.27053949583e-08, 2.1858534538e-08, 3.26090998648e-09, 3.60873619876e-09, 8.9732410391e-10, 3.8048333928e-10, 9.77298908467e-10, 1.35108924049e-09, 1.07055664333e-09, 9.99757429621e-11, 2.45919395958e-10, 6.61369015109e-11, 2.35668817794e-10, 1.7122955831e-10, 8.96409751983e-11, 6.45473396954e-11, 9.50217127205e-11, 1.25784965777e-10, 1.26279139923e-10, 6.94259927325e-11, 3.08801421933e-11, 6.4371695474e-11, 3.60281457445e-11, 8.96990207805e-12, 1.33999868493e-11, 4.0332581025e-11, 9.39947512185e-12, 1.22106040557e-11, 1.72622090233e-11],
        "max": [0.0307545550168, 0.0202783867717, 0.0072217034176, 0.0120333023369, 0.011657721363, 0.0156706925482, 0.00819125398993, 0.00187074532732, 0.00451746350154, 0.0057837520726, 0.00187057536095, 0.00166772620287, 0.00146148737986, 0.00113903533202, 0.000990779721178, 0.000494658248499, 0.000226612974075, 0.000598739716224, 0.000407474464737, 0.000962228514254, 9.46573200054e-05, 0.000283342291368, 9.22938343138e-05, 8.97114587133e-05, 7.729515346e-05, 8.77814309206e-05, 6.68620996294e-05, 0.000111446359369, 0.000218477944145, 0.000109986583993, 0.000106403516838, 9.15200216696e-05, 0.000180317671038, 0.000100611665403, 4.22045195592e-05, 7.04781559762e-05, 0.000137065930176, 0.000124940794194, 8.06616153568e-05, 2.49428412644e-05],
        "mean": [0.00173259177245, 0.000696548842825, 0.000260144966887, 0.000551427248865, 0.00112396641634, 0.00112693361007, 0.000339245947544, 0.000131035310915, 0.000236968990066, 0.0003112522827, 4.0450344386e-05, 5.42432062502e-05, 6.25003231107e-05, 1.90173650481e-05, 3.38621866831e-05, 1.66674926732e-05, 1.08496851681e-05, 1.23014606288e-05, 1.37200795507e-05, 1.1833224562e-05, 6.01379224463e-06, 6.39159043203e-06, 4.65543871542e-06, 4.49885192211e-06, 4.82066207041e-06, 3.22553637488e-06, 2.92028880722e-06, 2.57773149315e-06, 2.56952034761e-06, 3.38462086802e-06, 3.00611509374e-06, 1.62608193932e-06, 2.28955673265e-06, 2.297994115e-06, 7.98101041255e-07, 1.15352804642e-06, 1.32270247377e-06, 1.30446187541e-06, 1.45074625379e-06, 1.92205607163e-06],
        "median": [0.000638350786176, 0.000249045115197, 0.000169054997968, 0.00025335632381, 0.000181307157618, 0.000220764108235, 0.000188243357115, 5.31435180164e-05, 4.44229553977e-05, 6.34662501398e-05, 1.51569702211e-05, 2.06536587939e-05, 1.88936919585e-05, 7.40733321436e-06, 1.37036777232e-05, 7.33503293304e-06, 3.97086205339e-06, 3.80220194529e-06, 4.88346449856e-06, 4.42102873421e-06, 2.3436000447e-06, 3.65157234228e-06, 2.62221283265e-06, 2.08784490496e-06, 2.01942975764e-06, 1.35996936024e-06, 1.3454598502e-06, 1.09470818188e-06, 6.67460199111e-07, 9.2229333859e-07, 1.11312147055e-06, 2.61363624077e-07, 4.06009434073e-07, 8.07194169283e-07, 2.2064457994e-07, 4.04576383062e-07, 3.60815874956e-07, 3.44545640019e-07, 4.03919472092e-07, 3.90001730466e-07],
        "min": [3.64334186997e-06, 1.39053945531e-05, 9.0444664238e-06, 7.49550235923e-06, 6.76470699545e-06, 2.82067981061e-06, 2.53671942119e-06, 6.93019160281e-07, 1.97580629901e-06, 4.63937396944e-07, 7.066391845e-07, 6.28852831142e-07, 4.52421772934e-07, 2.87949063704e-07, 4.59147514675e-07, 2.18768803961e-07, 1.3220498829e-07, 1.02095590648e-07, 2.55487179857e-07, 2.27977935197e-07, 6.6263552867e-08, 2.419819225e-07, 1.29206384258e-07, 1.30494413497e-07, 7.88641116856e-08, 1.13019034131e-07, 1.46171629467e-07, 6.90523833669e-08, 4.51394441825e-08, 1.08916829333e-07, 1.45230714566e-07, 3.17045056875e-08, 4.26042277013e-08, 1.35789036904e-07, 2.23770726393e-08, 5.4919969017e-08, 6.10885209085e-08, 3.793076786e-08, 6.41725392825e-08, 3.6166813544e-08],
        "stdev": [0.00328516098671, 0.00158948847093, 0.000328484602505, 0.0011871214956, 0.00197395076975, 0.00215806695633, 0.000492596009281, 0.000188004210941, 0.000484268530272, 0.000627150118817, 0.000111856323201, 0.000119920885481, 0.000139677489642, 6.04642955295e-05, 6.31640214124e-05, 3.18347447319e-05, 2.10321977647e-05, 2.96211801469e-05, 3.14504759444e-05, 3.87525360566e-05, 9.66874813457e-06, 1.0983168977e-05, 6.40240659777e-06, 8.27944131743e-06, 7.94126844994e-06, 5.6672233768e-06, 4.91216997034e-06, 5.64532183489e-06, 8.18194894237e-06, 7.73336705606e-06, 5.80087316848e-06, 5.00633223055e-06, 8.93479955266e-06, 5.257094017e-06, 2.18385389417e-06, 3.12881616082e-06, 5.04963691128e-06, 5.2112945923e-06, 3.3595019886e-06, 3.355957233e-06],
        "var": [1.07922833195e-05, 2.52647350862e-06, 1.07902124569e-07, 1.40925737924e-06, 3.89648175769e-06, 4.65725315735e-06, 2.42650827431e-07, 3.53455824609e-08, 2.34516008391e-07, 3.93317236558e-07, 1.25118368999e-08, 1.43810181541e-08, 1.95097999978e-08, 3.6559311134e-09, 3.98969346449e-09, 1.01345087877e-09, 4.42353376151e-10, 8.77414307876e-10, 9.89132442619e-10, 1.50175905045e-09, 9.34846991485e-11, 1.20629992106e-10, 4.09908114396e-11, 6.85491455266e-11, 6.30637486676e-11, 3.21174233042e-11, 2.41294120101e-11, 3.1869659689e-11, 6.69442903889e-11, 5.98049595957e-11, 3.36501278231e-11, 2.50633645782e-11, 7.98306420968e-11, 2.76370384911e-11, 4.76921800663e-12, 9.78949126623e-12, 2.54988339471e-11, 2.71575921473e-11, 1.12862540494e-11, 1.12624493065e-11]
    },
    "melbands128": {
