{
"lowlevel": {
    "average_loudness": 0.971263766289,
    "barkbands_crest": {
        "dmean": 3.17022442818,
        "dmean2": 5.30320310593,
        "dvar": 6.73190689087,
        "dvar2": 20.4562587738,
        "max": 25.7124233246,
        "mean": 14.0683116913,
        "median": 13.5979366302,
        "min": 4.82108926773,
        "stdev": 4.29376602173,
        "var": 18.4364280701
    },
    "barkbands_flatness_db": {
        "dmean": 0.0363561920822,
        "dmean2": 0.0518266670406,
        "dvar": 0.00114865321666,
        "dvar2": 0.00205082003959,
        "max": 0.526854932308,
        "mean": 0.328796893358,
        "median": 0.336507946253,
        "min": 0.09111238271,
        "stdev": 0.0793462395668,
        "var": 0.00629582535475
    },
    "barkbands_kurtosis": {
        "dmean": 17.8994407654,
        "dmean2": 29.0910358429,
        "dvar": 554.927307129,
        "dvar2": 1452.98876953,
        "max": 299.856384277,
        "mean": 30.7633152008,
        "median": 22.8518218994,
        "min": -1.68997013569,
        "stdev": 30.8369140625,
        "var": 950.915222168
    },
    "barkbands_skewness": {
        "dmean": 1.23954880238,
        "dmean2": 1.97571408749,
        "dvar": 1.62221693993,
        "dvar2": 4.11853551865,
        "max": 13.5208263397,
        "mean": 3.51387500763,
        "median": 3.39501833916,
        "min": -1.44979894161,
        "stdev": 2.05954170227,
        "var": 4.24171161652
    },
    "barkbands_spread": {
        "dmean": 2.22556877136,
        "dmean2": 3.38704228401,
        "dvar": 20.5444564819,
        "dvar2": 43.1610527039,
        "max": 67.2387924194,
        "mean": 4.14191246033,
        "median": 2.45566773415,
        "min": 0.268928080797,
        "stdev": 5.50372314453,
        "var": 30.2909679413
    },
    "dissonance": {
        "dmean": 0.036823824048,
        "dmean2": 0.0599083900452,
        "dvar": 0.00125296064653,
        "dvar2": 0.00322219985537,
        "max": 0.500000238419,
        "mean": 0.415897101164,
        "median": 0.428915292025,
        "min": 0.157319292426,
        "stdev": 0.0583813861012,
        "var": 0.00340838637203
    },
    "dynamic_complexity": 2.3830177784,
    "erbbands_crest": {
        "dmean": 3.13556790352,
        "dmean2": 5.06503534317,
        "dvar": 7.13829040527,
        "dvar2": 19.1427497864,
        "max": 30.6087493896,
        "mean": 11.7265043259,
        "median": 10.9207201004,
        "min": 3.15513324738,
        "stdev": 4.39341259003,
        "var": 19.3020744324
    },
    "erbbands_flatness_db": {
        "dmean": 0.0291228182614,
        "dmean2": 0.038165088743,
        "dvar": 0.000776213244535,
        "dvar2": 0.00125436333474,
        "max": 0.428040772676,
        "mean": 0.224539116025,
        "median": 0.221768632531,
        "min": 0.0615607462823,
        "stdev": 0.0678528174758,
        "var": 0.00460400525481
    },
    "erbbands_kurtosis": {
        "dmean": 4.85171508789,
        "dmean2": 7.32666158676,
        "dvar": 39.4195175171,
        "dvar2": 89.2011489868,
        "max": 101.964202881,
        "mean": 8.12886333466,
        "median": 4.8947262764,
        "min": -1.89021861553,
        "stdev": 10.4255065918,
        "var": 108.691184998
    },
    "erbbands_skewness": {
        "dmean": 0.721631348133,
        "dmean2": 1.06853950024,
        "dvar": 0.461986869574,
        "dvar2": 1.01637816429,
        "max": 7.72961091995,
        "mean": 1.84431123734,
        "median": 1.81302595139,
        "min": -2.6513209343,
        "stdev": 1.39890241623,
        "var": 1.95692789555
    },
    "erbbands_spread": {
        "dmean": 12.3019790649,
        "dmean2": 18.0150337219,
        "dvar": 342.448028564,
        "dvar2": 656.639587402,
        "max": 157.876785278,
        "mean": 29.1332111359,
        "median": 18.5827503204,
        "min": 0.919806718826,
        "stdev": 27.7812080383,
        "var": 771.795471191
    },
    "hfc": {
        "dmean": 4.54317712784,
        "dmean2": 6.84746456146,
        "dvar": 28.4913139343,
        "dvar2": 61.192073822,
        "max": 56.2147903442,
        "mean": 11.9453344345,
        "median": 9.72871398926,
        "min": 0.540705263615,
        "stdev": 8.83803081512,
        "var": 78.1107940674
    },
    "loudness_ebu128": {
        "integrated": -16.0361251831,
        "loudness_range": 2.15168476105,
        "momentary": {
            "dmean": 0.933890998363,
            "dmean2": 0.966796994209,
            "dvar": 0.488625854254,
            "dvar2": 0.873023748398,
            "max": -12.3291931152,
            "mean": -16.435213089,
            "median": -16.2409820557,
            "min": -23.1854782104,
            "stdev": 1.92504882812,
            "var": 3.70581293106
        },
        "short_term": {
            "dmean": 0.100378349423,
            "dmean2": 0.115489162505,
            "dvar": 0.0069407238625,
            "dvar2": 0.0097750807181,
            "max": -14.3213214874,
            "mean": -16.0406322479,
            "median": -16.0534210205,
            "min": -17.4654808044,
            "stdev": 0.724541127682,
            "var": 0.524959802628
        }
    },
    "melbands_crest": {
        "dmean": 3.51920175552,
        "dmean2": 5.86504268646,
        "dvar": 8.2075843811,
        "dvar2": 23.2770957947,
        "max": 30.2458000183,
        "mean": 18.5550174713,
        "median": 18.4424476624,
        "min": 7.02565813065,
        "stdev": 4.67358350754,
        "var": 21.842382431
    },
    "melbands_flatness_db": {
        "dmean": 0.0419763922691,
        "dmean2": 0.0591605305672,
        "dvar": 0.00161469681188,
        "dvar2": 0.00276902527548,
        "max": 0.669450521469,
        "mean": 0.440713167191,
        "median": 0.449003100395,
        "min": 0.169268846512,
        "stdev": 0.0930395275354,
        "var": 0.00865635368973
    },
    "melbands_kurtosis": {
        "dmean": 30.2263221741,
        "dmean2": 48.0847511292,
        "dvar": 2472.44506836,
        "dvar2": 6548.34375,
        "max": 607.311584473,
        "mean": 53.9601554871,
        "median": 36.2067108154,
        "min": -1.54876863956,
        "stdev": 62.1870002747,
        "var": 3867.22314453
    },
    "melbands_skewness": {
        "dmean": 1.36826598644,
        "dmean2": 2.09865236282,
        "dvar": 2.70043706894,
        "dvar2": 6.33371019363,
        "max": 21.0102424622,
        "mean": 4.17460680008,
        "median": 3.66621780396,
        "min": -1.03081774712,
        "stdev": 2.69417738914,
        "var": 7.25859165192
    },
    "melbands_spread": {
        "dmean": 1.27864027023,
        "dmean2": 2.00678157806,
        "dvar": 4.88980150223,
        "dvar2": 9.98654174805,
        "max": 59.0283050537,
        "mean": 3.03192043304,
        "median": 2.13709783554,
        "min": 0.392081528902,
        "stdev": 3.07054281235,
        "var": 9.42823314667
    },
    "pitch_salience": {
        "dmean": 0.0986694470048,
        "dmean2": 0.1660374403,
        "dvar": 0.00653991987929,
        "dvar2": 0.0184300877154,
        "max": 0.8169246912,
        "mean": 0.480297029018,
        "median": 0.49096506834,
        "min": 0.0896555557847,
        "stdev": 0.127588510513,
        "var": 0.0162788294256
    },
    "silence_rate_20dB": {
        "dmean": 0.00103199179284,
        "dmean2": 0.00206504901871,
        "dvar": 0.00103093090001,
        "dvar2": 0.00309332367033,
        "max": 1,
        "mean": 0.999484241009,
        "median": 1,
        "min": 0,
        "stdev": 0.0227035079151,
        "var": 0.000515449268278
    },
    "silence_rate_30dB": {
        "dmean": 0.0939112454653,
        "dmean2": 0.187919467688,
        "dvar": 0.0850922465324,
        "dvar2": 0.172221809626,
        "max": 1,
        "mean": 0.740072190762,
        "median": 1,
        "min": 0,
        "stdev": 0.438597202301,
        "var": 0.192367509007
    },
    "silence_rate_60dB": {
        "dmean": 0.00103199179284,
        "dmean2": 0.00206504901871,
        "dvar": 0.00103092857171,
        "dvar2": 0.00309331552126,
        "max": 1,
        "mean": 0.000515729770996,
        "median": 0,
        "min": 0,
        "stdev": 0.0227036848664,
        "var": 0.000515457300935
    },
    "spectral_centroid": {
        "dmean": 99.915222168,
        "dmean2": 156.417892456,
        "dvar": 35364.0625,
        "dvar2": 74179.8046875,
        "max": 3076.79492188,
        "mean": 338.398406982,
        "median": 265.520050049,
        "min": 119.904533386,
        "stdev": 261.163024902,
        "var": 68206.1328125
    },
    "spectral_complexity": {
        "dmean": 1.50619196892,
        "dmean2": 2.38719677925,
        "dvar": 2.26132845879,
        "dvar2": 5.00442695618,
        "max": 22,
        "mean": 7.24445581436,
        "median": 7,
        "min": 2,
        "stdev": 2.78377914429,
        "var": 7.74942588806
    },
    "spectral_decrease": {
        "dmean": 8.10358891101e-09,
        "dmean2": 1.31665398584e-08,
        "dvar": 1.06954618639e-16,
        "dvar2": 2.49873740058e-16,
        "max": -6.15219042377e-10,
        "mean": -1.99356229302e-08,
        "median": -1.42698892702e-08,
        "min": -1.06804698419e-07,
        "stdev": 1.72987633107e-08,
        "var": 2.99247237614e-16
    },
    "spectral_energy": {
        "dmean": 0.0309259798378,
        "dmean2": 0.0502281300724,
        "dvar": 0.00155101646669,
        "dvar2": 0.00362209742889,
        "max": 0.407332748175,
        "mean": 0.0763251408935,
        "median": 0.0550878047943,
        "min": 0.00255694170482,
        "stdev": 0.0658946633339,
        "var": 0.00434210710227
    },
    "spectral_energyband_high": {
        "dmean": 0.000148341088789,
        "dmean2": 0.000205777745578,
        "dvar": 1.2774827951e-07,
        "dvar2": 2.40628423853e-07,
        "max": 0.00376876839437,
        "mean": 0.00016415969003,
        "median": 1.03713764474e-05,
        "min": 2.43735229333e-07,
        "stdev": 0.00042941243737,
        "var": 1.84395034353e-07
    },
    "spectral_energyband_low": {
        "dmean": 0.0277688447386,
        "dmean2": 0.0452892817557,
        "dvar": 0.00140165176708,
        "dvar2": 0.00333291385323,
        "max": 0.344928443432,
        "mean": 0.0591860972345,
        "median": 0.0359565727413,
        "min": 0.000724892830476,
        "stdev": 0.0612787380815,
        "var": 0.00375508377329
    },
    "spectral_energyband_middle_high": {
        "dmean": 0.000190674516489,
        "dmean2": 0.000255207181908,
        "dvar": 1.3470128124e-07,
        "dvar2": 2.45504111263e-07,
        "max": 0.00752802519128,
        "mean": 0.000401027908083,
        "median": 0.000182224845048,
        "min": 1.21298523936e-06,
        "stdev": 0.000621797749773,
        "var": 3.866324505e-07
    },
    "spectral_energyband_middle_low": {
        "dmean": 0.010701591149,
        "dmean2": 0.017492281273,
        "dvar": 0.000197017987375,
        "dvar2": 0.000543629634194,
        "max": 0.176109239459,
        "mean": 0.0237227864563,
        "median": 0.0178161598742,
        "min": 0.00023611690267,
        "stdev": 0.0213160477579,
        "var": 0.000454373919638
    },
    "spectral_entropy": {
        "dmean": 0.353067070246,
        "dmean2": 0.483020365238,
        "dvar": 0.128163173795,
        "dvar2": 0.212991058826,
        "max": 8.27506542206,
        "mean": 6.17134809494,
        "median": 6.09046697617,
        "min": 4.36507844925,
        "stdev": 0.734460890293,
        "var": 0.539432823658
    },
    "spectral_flux": {
        "dmean": 0.0460308790207,
        "dmean2": 0.0747166574001,
        "dvar": 0.00260862871073,
        "dvar2": 0.00623176153749,
        "max": 0.444319307804,
        "mean": 0.119479604065,
        "median": 0.100966610014,
        "min": 0.0148699562997,
        "stdev": 0.0714640393853,
        "var": 0.0051071094349
    },
    "spectral_kurtosis": {
        "dmean": 9.28978347778,
        "dmean2": 13.6309642792,
        "dvar": 130.411834717,
        "dvar2": 270.753967285,
        "max": 171.123748779,
        "mean": 21.1370353699,
        "median": 13.4117641449,
        "min": -0.735139846802,
        "stdev": 23.8645038605,
        "var": 569.514587402
    },
    "spectral_rms": {
        "dmean": 0.0016785528278,
        "dmean2": 0.0026976892259,
        "dvar": 3.02323383039e-06,
        "dvar2": 6.61305375615e-06,
        "max": 0.0199348386377,
        "mean": 0.00790730398148,
        "median": 0.00733104348183,
        "min": 0.00157942308579,
        "stdev": 0.00345516065136,
        "var": 1.19381356853e-05
    },
    "spectral_rolloff": {
        "dmean": 63.7660446167,
        "dmean2": 112.94606781,
        "dvar": 43845.6679688,
        "dvar2": 117278.007812,
        "max": 4478.90625,
        "mean": 241.162399292,
        "median": 193.798828125,
        "min": 64.599609375,
        "stdev": 207.452957153,
        "var": 43036.7304688
    },
    "spectral_skewness": {
        "dmean": 0.770359158516,
        "dmean2": 1.08131444454,
        "dvar": 0.572481334209,
        "dvar2": 1.08396589756,
        "max": 11.2847089767,
        "mean": 3.37856698036,
        "median": 3.0773537159,
        "min": 0.430304080248,
        "stdev": 1.76774549484,
        "var": 3.12492418289
    },
    "spectral_spread": {
        "dmean": 1007711.625,
        "dmean2": 1329796.875,
        "dvar": 1.46647482368e+12,
        "dvar2": 2.39194708378e+12,
        "max": 13076511,
        "mean": 3729773.5,
        "median": 2875797.5,
        "min": 574278.125,
        "stdev": 2275729.75,
        "var": 5.17894622413e+12
    },
    "spectral_strongpeak": {
        "dmean": 0.322113513947,
        "dmean2": 0.547732532024,
        "dvar": 0.138111397624,
        "dvar2": 0.364942401648,
        "max": 3.91804885864,
        "mean": 0.685293257236,
        "median": 0.57492595911,
        "min": 0.064480908215,
        "stdev": 0.484550356865,
        "var": 0.234789058566
    },
    "zerocrossingrate": {
        "dmean": 0.0055197449401,
        "dmean2": 0.00667813466862,
        "dvar": 7.30972460588e-05,
        "dvar2": 9.07650028239e-05,
        "max": 0.11572265625,
        "mean": 0.0159123279154,
        "median": 0.0107421875,
        "min": 0.00244140625,
        "stdev": 0.0150620266795,
        "var": 0.000226864649449
    },
    "barkbands": {
        "dmean": [0.000518793181982, 0.0196881443262, 0.011621562764, 0.007872200571, 0.00416523730382, 0.0015916711418, 0.000780251692049, 0.000283047615085, 0.000255386694334, 9.86998275039e-05, 2.2715274099e-05, 1.69350023498e-05, 1.96261717065e-05, 1.50090900206e-05, 9.27871042222e-06, 8.16361898615e-06, 1.23454292407e-05, 3.42026723956e-05, 3.06432048092e-05, 1.91636136151e-05, 1.53304299602e-05, 1.96490727831e-05, 2.952228715e-05, 2.95131285384e-05, 4.34876346844e-05, 1.28992332975e-05, 7.65857421925e-08],
        "dmean2": [0.000818552623969, 0.0323298983276, 0.0204979386181, 0.0130895357579, 0.00721814623103, 0.00238942308351, 0.00109883106779, 0.000453436921816, 0.000342409417499, 0.000141981232446, 3.63331782864e-05, 2.7075106118e-05, 2.96406196867e-05, 2.08089404623e-05, 1.45664698721e-05, 1.19110354717e-05, 1.83501124411e-05, 5.02340117237e-05, 4.38041133748e-05, 2.91007854685e-05, 2.30897239817e-05, 2.78923525912e-05, 4.34485191363e-05, 4.33056447946e-05, 6.15278040641e-05, 1.79054823093e-05, 1.19545163102e-07],
        "dvar": [1.11336953523e-06, 0.00101617746986, 0.000241828252911, 0.000145725643961, 4.70414670417e-05, 1.15455613923e-05, 3.18709749081e-06, 8.13815290712e-07, 5.40266171356e-07, 9.20538667515e-08, 1.81790082987e-09, 1.45938927609e-09, 2.75315925613e-09, 1.65463465152e-09, 5.30517074715e-10, 2.77150136174e-10, 1.52376988805e-09, 1.38807170202e-08, 1.68542388934e-08, 2.40426634157e-09, 1.59090396412e-09, 2.43023712265e-09, 6.94605439833e-09, 5.41051914382e-09, 1.42949057036e-08, 1.68520875032e-09, 1.03052454265e-13],
        "dvar2": [2.64143795903e-06, 0.00256611476652, 0.000708487525117, 0.000416358438088, 0.000126731727505, 2.76259015664e-05, 6.02855425313e-06, 2.1920789095e-06, 8.34794434468e-07, 1.80922015147e-07, 4.41647607374e-09, 3.45470185792e-09, 6.34354524465e-09, 2.80949330467e-09, 1.22157028937e-09, 5.33379007628e-10, 3.26975446718e-09, 2.69939306463e-08, 3.45994735085e-08, 5.61421131806e-09, 3.76354281073e-09, 4.90159512978e-09, 1.51880321653e-08, 1.15602185602e-08, 2.76730638404e-08, 3.15832870967e-09, 2.27896857202e-13],
        "max": [0.0130958249792, 0.282269954681, 0.146833270788, 0.144468694925, 0.0621464848518, 0.0784223899245, 0.0400449633598, 0.0176283810288, 0.018914943561, 0.0079560643062, 0.000477659690659, 0.000785720068961, 0.00138303404674, 0.00138966715895, 0.00032386413659, 0.00048389332369, 0.0012575808214, 0.00362656847574, 0.0031684380956, 0.000690204731654, 0.000651939306408, 0.000536592968274, 0.00128285668325, 0.000708084437065, 0.00143358123023, 0.000504121766426, 4.53120901511e-06],
        "mean": [0.000583716202527, 0.0365891382098, 0.0149095868692, 0.0114242536947, 0.00653308816254, 0.00319325760938, 0.00164179794956, 0.000401214696467, 0.000450057035778, 0.000155278947204, 3.10012947011e-05, 2.6134406653e-05, 3.20475046465e-05, 2.86712420348e-05, 1.2205906387e-05, 1.55726065714e-05, 2.20067249757e-05, 5.41821209481e-05, 4.50220395578e-05, 2.03551535378e-05, 1.51652184286e-05, 2.28283679462e-05, 2.90408206638e-05, 2.98537433991e-05, 4.63771502837e-05, 1.33291468956e-05, 7.10301861773e-08],
        "median": [9.96278104139e-05, 0.0145067125559, 0.00897110532969, 0.00562241580337, 0.00415087584406, 0.00130021711811, 0.000493396131787, 8.96756901057e-05, 0.000101764089777, 4.25328471465e-05, 9.91716387944e-06, 7.95113737695e-06, 9.46594627749e-06, 7.1158128776e-06, 3.91284356738e-06, 4.37982907897e-06, 7.0375363066e-06, 1.02655576484e-05, 6.51166055832e-06, 2.48227252087e-06, 1.37449956128e-06, 2.16925786845e-06, 1.21588766433e-06, 1.41786881613e-06, 1.50718426539e-06, 1.8089264131e-07, 4.85189932675e-09],
        "min": [1.01846900691e-07, 3.96323739551e-05, 6.8569330324e-05, 2.41059897235e-05, 7.36977308406e-05, 2.95948098028e-06, 3.10339919452e-06, 2.59250384715e-07, 3.39142474104e-07, 8.24964132562e-08, 1.09913811386e-08, 1.74193885982e-08, 1.34099149562e-08, 3.0296448017e-08, 1.6073387954e-08, 2.38884982906e-08, 2.31838281906e-08, 2.17181010953e-08, 1.53325547814e-08, 1.11048761298e-08, 1.49560364093e-08, 1.54347397086e-08, 1.91192519594e-08, 3.51466020732e-08, 3.7636830541e-08, 2.25726441982e-08, 2.3629881038e-11],
        "stdev": [0.00121794803999, 0.0474695749581, 0.0177515204996, 0.015373814851, 0.0075241564773, 0.00565860141069, 0.00377410743386, 0.00124477199279, 0.00130224134773, 0.000451163214166, 5.38115746167e-05, 5.27068405063e-05, 7.53623535275e-05, 8.01832793513e-05, 2.99587482004e-05, 3.76330244762e-05, 6.55676849419e-05, 0.000177467183676, 0.000177665671799, 5.13301492902e-05, 4.04127749789e-05, 5.86301503063e-05, 8.73872486409e-05, 8.09813645901e-05, 0.000140544725582, 4.87754368805e-05, 3.25142707425e-07],
        "var": [1.48339745465e-06, 0.00225336058065, 0.000315116485581, 0.0002363541862, 5.66129310755e-05, 3.2019772334e-05, 1.42438866533e-05, 1.54945723807e-06, 1.69583245224e-06, 2.03548239597e-07, 2.89568569123e-09, 2.77801115445e-09, 5.67948399421e-09, 6.42935837902e-09, 8.97526553079e-10, 1.41624445504e-09, 4.29912150324e-09, 3.14946007052e-08, 3.15650900973e-08, 2.63478416862e-09, 1.63319247015e-09, 3.43749451126e-09, 7.63653140723e-09, 6.55798126914e-09, 1.97528180479e-08, 2.37904318467e-09, 1.05717775571e-13]
    },
    "erbbands": {
        "dmean": [0.457009375095, 4.97698831558, 11.994852066, 21.6231021881, 16.9398555756, 12.9836196899, 13.6831302643, 9.67904090881, 10.2901926041, 12.5929880142, 4.52046442032, 4.48774290085, 4.75812911987, 1.48550713062, 0.779538691044, 0.732776045799, 0.832952678204, 0.683932721615, 0.57112467289, 0.407564461231, 0.486814886332, 0.761230707169, 1.67019283772, 2.10249114037, 1.1405608654, 0.865543842316, 0.476470947266, 0.735781669617, 0.608959138393, 0.980843365192, 0.815240740776, 0.590559303761, 0.507612466812, 0.514935672283, 0.28888219595, 0.102641634643, 0.0132252210751, 0.000954323098995, 3.63319632015e-05, 3.42952516803e-05],
        "dmean2": [0.748383700848, 8.23829555511, 20.8333454132, 36.768157959, 28.5329475403, 22.2539997101, 21.7911396027, 14.296746254, 15.4516038895, 18.0359802246, 6.44478940964, 6.11952018738, 6.76158475876, 2.18674468994, 1.23597192764, 1.13596820831, 1.23345470428, 0.961908876896, 0.798381626606, 0.618017852306, 0.707175970078, 1.11413097382, 2.40145015717, 3.11295628548, 1.66150963306, 1.30274224281, 0.69361191988, 1.10943460464, 0.853340387344, 1.44864428043, 1.19638872147, 0.873279631138, 0.74236702919, 0.736039996147, 0.401311904192, 0.140697985888, 0.0187082458287, 0.00135020480957, 5.20447865711e-05, 5.50420299987e-05],
        "dvar": [0.675940871239, 62.6503295898, 277.06640625, 1037.50195312, 576.625610352, 528.713867188, 755.881835938, 390.038238525, 648.981323242, 1412.09753418, 158.114929199, 170.801513672, 160.119537354, 12.2167959213, 2.37381863594, 3.00969529152, 4.45098352432, 2.7733259201, 2.29295420647, 0.775791466236, 1.03620004654, 6.36208677292, 35.5227279663, 70.2052993774, 11.9010810852, 4.79971885681, 1.14228773117, 4.698782444, 2.58641433716, 6.37941360474, 6.23845863342, 2.25679659843, 1.67039239407, 2.07361769676, 0.642949223518, 0.100073248148, 0.00195624842308, 1.08152980829e-05, 6.46865050413e-09, 1.84156323524e-09],
        "dvar2": [1.70979177952, 161.717376709, 791.11138916, 3035.01196289, 1580.48413086, 1447.74804688, 1900.72106934, 815.777954102, 1403.44152832, 2783.39501953, 299.961761475, 278.536865234, 330.319366455, 25.8984069824, 5.65618228912, 7.2607049942, 9.90393352509, 4.8289232254, 3.86522126198, 1.77992403507, 1.91808235645, 13.7138872147, 72.1041793823, 138.350479126, 25.6889648438, 11.0241975784, 2.35829091072, 11.4930782318, 5.08457899094, 14.6407651901, 13.7424650192, 5.08547687531, 3.39026045799, 4.16573095322, 1.2392166853, 0.186478063464, 0.00371442502365, 2.06476943276e-05, 1.17050591442e-08, 4.28085833448e-09],
        "max": [6.5921254158, 71.8740539551, 152.557327271, 364.670806885, 286.056243896, 273.253692627, 572.654846191, 424.815612793, 735.710021973, 836.62310791, 304.623321533, 309.660125732, 279.893218994, 69.8314971924, 18.4800720215, 43.9657783508, 60.8806648254, 50.7535209656, 58.5708656311, 13.0192089081, 31.351190567, 84.7617034912, 189.42427063, 191.781600952, 81.3807907104, 28.8766155243, 12.3535327911, 34.8690109253, 20.9439640045, 28.2530937195, 47.8203086853, 15.3185110092, 13.5814685822, 18.5835895538, 9.25120925903, 4.01587295532, 0.498669832945, 0.043431289494, 0.00120382604655, 0.000442775955889],
        "mean": [0.914450228214, 8.79772853851, 17.2478599548, 31.9155921936, 27.4303627014, 20.7984237671, 25.908908844, 20.3438434601, 20.1612663269, 23.6488609314, 8.40796279907, 7.96538305283, 7.5486240387, 2.38290119171, 1.15095889568, 1.22127306461, 1.45610308647, 1.25079452991, 1.06163930893, 0.649960935116, 0.942344367504, 1.40093421936, 2.67561435699, 3.18090772629, 1.52792668343, 0.938022077084, 0.542224824429, 0.696521639824, 0.656861960888, 1.08477175236, 0.81116604805, 0.574565768242, 0.534628093243, 0.543797969818, 0.306218832731, 0.107470452785, 0.013285620138, 0.000947043474298, 5.95095370954e-05, 8.5117360868e-05],
        "median": [0.249446928501, 3.90302705765, 10.8726005554, 17.9314174652, 17.1826972961, 12.5274620056, 12.2719583511, 7.71444225311, 6.30016756058, 5.89103984833, 2.26857209206, 2.00507998466, 1.95596885681, 0.901688814163, 0.399305462837, 0.374208718538, 0.461230754852, 0.36870932579, 0.291628718376, 0.224951133132, 0.264513522387, 0.454697310925, 0.589009642601, 0.471073776484, 0.274619549513, 0.121368013322, 0.0716873258352, 0.0428406000137, 0.0546696409583, 0.0830069407821, 0.0358616262674, 0.0284322295338, 0.0263037849218, 0.0193343572319, 0.00769680738449, 0.00168623169884, 0.000195357410121, 2.43691665673e-05, 3.05526664306e-05, 6.23449450359e-05],
        "min": [0.00113954709377, 0.0194346308708, 0.205729484558, 0.30889737606, 0.233983427286, 0.235301166773, 0.15056091547, 0.0187076479197, 0.0167039558291, 0.0222060661763, 0.00523774931207, 0.00667055509984, 0.00701061077416, 0.0030650915578, 0.000864320201799, 0.000644418876618, 0.000645035819616, 0.00128722272348, 0.00198341882788, 0.00099024863448, 0.00171890878119, 0.00132840289734, 0.00110753567424, 0.000970525899902, 0.000795780681074, 0.000466983707156, 0.00050271692453, 0.000617027748376, 0.000488862511702, 0.000642770726699, 0.000651218637358, 0.000571247132029, 0.000748132122681, 0.000510440673679, 0.000297599937767, 0.000132442291942, 4.3003972678e-05, 7.02681518305e-06, 1.52191648795e-06, 2.90564935312e-06],
        "stdev": [1.26569616795, 11.2076854706, 18.9101829529, 39.7326889038, 30.9699077606, 26.068780899, 40.6845436096, 37.7490882874, 47.8247337341, 68.0845947266, 22.2144031525, 21.8060398102, 18.8221626282, 4.78911399841, 1.9628187418, 2.41689896584, 3.32617282867, 2.99236536026, 3.41177415848, 1.20772135258, 2.26903223991, 3.97135972977, 8.74410629272, 11.931555748, 4.57661533356, 2.34696626663, 1.26515471935, 2.10240626335, 1.855260849, 2.79147100449, 2.59572553635, 1.58005523682, 1.46782445908, 1.64438641071, 0.956338942051, 0.38063031435, 0.0510185174644, 0.00373378861696, 9.82726051006e-05, 7.15722489986e-05],
        "var": [1.60198676586, 125.612213135, 357.595031738, 1578.68652344, 959.135192871, 679.581359863, 1655.23217773, 1424.99353027, 2287.20507812, 4635.51171875, 493.479705811, 475.503356934, 354.273773193, 22.9356136322, 3.85265731812, 5.84140062332, 11.0634260178, 8.95425033569, 11.6402025223, 1.45859086514, 5.14850759506, 15.771697998, 76.4593887329, 142.362014771, 20.9454097748, 5.50825119019, 1.60061633587, 4.42011165619, 3.44199299812, 7.79231071472, 6.73779153824, 2.49657464027, 2.1545085907, 2.70400667191, 0.914584159851, 0.144879445434, 0.0026028889697, 1.39411768032e-05, 9.65750501791e-09, 5.1225863551e-09]
    },
    "gfcc": {
        "mean": [-87.7328414917, 154.620025635, -39.9469451904, 48.7293777466, -47.5360107422, 5.05160951614, -36.9692955017, 10.3514823914, -17.4885253906, -10.2866630554, -5.73104715347, -9.79234313965, -8.5023651123],
        "cov": [[4331.34472656, -1634.34606934, -561.666809082, 371.550384521, -459.072143555, 534.212463379, -263.351928711, 226.076812744, -418.504150391, 225.486022949, -145.782302856, 178.767852783, -45.8184509277], [-1634.34606934, 1798.74475098, 41.1187705994, -739.69354248, 421.183044434, -371.304595947, 369.094360352, -85.640045166, 361.519989014, -195.784881592, 241.667282104, -125.380348206, 47.8571472168], [-561.666809082, 41.1187705994, 748.25958252, 79.9682846069, -138.395019531, 25.0440769196, 50.4786300659, -71.143661499, 75.0425186157, 93.4991607666, -4.0698184967, 15.9117527008, 58.2509040833], [371.550384521, -739.69354248, 79.9682846069, 697.073852539, -25.2286968231, 61.0360717773, -103.817138672, 32.1970977783, -87.3568496704, 25.2708320618, -7.17482757568, 33.2030982971, 31.1947479248], [-459.072143555, 421.183044434, -138.395019531, -25.2286968231, 484.370117188, -34.0382499695, 84.5898971558, -15.2466220856, 135.636169434, -84.4137191772, 79.8468933105, -20.4101238251, 34.7025299072], [534.212463379, -371.304595947, 25.0440769196, 61.0360717773, -34.0382499695, 341.608551025, -14.5499982834, 14.9509449005, -10.3237228394, 58.5390930176, -88.266166687, 19.3430233002, 8.62581634521], [-263.351928711, 369.094360352, 50.4786300659, -103.817138672, 84.5898971558, -14.5499982834, 242.047180176, 50.0400085449, 93.9824981689, -53.467376709, 64.5724868774, -42.748085022, 5.42012500763], [226.076812744, -85.640045166, -71.143661499, 32.1970977783, -15.2466220856, 14.9509449005, 50.0400085449, 146.894943237, 9.4594745636, -1.50707376003, -3.63283824921, -13.9951267242, -10.0579214096], [-418.504150391, 361.519989014, 75.0425186157, -87.3568496704, 135.636169434, -10.3237228394, 93.9824981689, 9.4594745636, 220.954910278, -15.0263357162, 27.357755661, -38.4278678894, 18.9218883514], [225.486022949, -195.784881592, 93.4991607666, 25.2708320618, -84.4137191772, 58.5390930176, -53.467376709, -1.50707376003, -15.0263357162, 135.192687988, -12.9137639999, 20.425447464, -4.1739282608], [-145.782302856, 241.667282104, -4.0698184967, -7.17482757568, 79.8468933105, -88.266166687, 64.5724868774, -3.63283824921, 27.357755661, -12.9137639999, 161.115646362, 14.7324829102, 6.53079652786], [178.767852783, -125.380348206, 15.9117527008, 33.2030982971, -20.4101238251, 19.3430233002, -42.748085022, -13.9951267242, -38.4278678894, 20.425447464, 14.7324829102, 99.2960128784, 13.9311418533], [-45.8184509277, 47.8571472168, 58.2509040833, 31.1947479248, 34.7025299072, 8.62581634521, 5.42012500763, -10.0579214096, 18.9218883514, -4.1739282608, 6.53079652786, 13.9311418533, 86.4899902344]],
        "icov": [[0.000568440707866, -3.52920360456e-05, 0.000541543529835, -0.000171194842551, 0.000395180337364, -0.000740426185075, 2.39467790379e-05, -0.000596708850935, 0.000509007193614, -0.000646569766104, -0.000129957974423, -0.000571488693822, -0.00017862515233], [-3.52920360456e-05, 0.017822496593, -0.00214984640479, 0.0145376864821, -0.0049776067026, 0.0102349547669, -0.00805772282183, 0.00822615250945, -0.0115619106218, 0.00985546410084, -0.0124238338321, 0.00929986312985, -0.00879255868495], [0.000541543529835, -0.00214984640479, 0.00302580511197, -0.00244690780528, 0.00194961216766, -0.00159252237063, -0.000506021140609, 0.000193934014533, 0.000688480096869, -0.00338184949942, 0.00186951248907, -0.00209987326525, -0.000364806706784], [-0.000171194842551, 0.0145376864821, -0.00244690780528, 0.0137494625524, -0.00450658192858, 0.00808516982943, -0.0053168986924, 0.00568530708551, -0.00872639473528, 0.00867362972349, -0.0107321282849, 0.00796686951071, -0.00759485084563], [0.000395180337364, -0.0049776067026, 0.00194961216766, -0.00450658192858, 0.0051565556787, -0.00361230201088, 0.00187578250188, -0.00157267204486, 0.00135124020744, -0.00201524957083, 0.00218622689135, -0.00300693651661, 0.00119316810742], [-0.000740426185075, 0.0102349547669, -0.00159252237063, 0.00808516982943, -0.00361230201088, 0.0108803287148, -0.00605692062527, 0.00565773248672, -0.00729091325775, 0.00427344674245, -0.00404170993716, 0.00475866859779, -0.0051572965458], [2.39467790379e-05, -0.00805772282183, -0.000506021140609, -0.0053168986924, 0.00187578250188, -0.00605692062527, 0.0120805343613, -0.00722178490832, 0.00409533502534, -0.000857166131027, 0.00182842789218, -0.0017071996117, 0.00418386654928], [-0.000596708850935, 0.00822615250945, 0.000193934014533, 0.00568530708551, -0.00157267204486, 0.00565773248672, -0.00722178490832, 0.0136509072036, -0.00676106102765, 0.00357394781895, -0.00438768882304, 0.00474036484957, -0.00372282718308], [0.000509007193614, -0.0115619106218, 0.000688480096869, -0.00872639473528, 0.00135124020744, -0.00729091325775, 0.00409533502534, -0.00676106102765, 0.0153869334608, -0.00758195389062, 0.007971749641, -0.00455443933606, 0.00489241071045], [-0.000646569766104, 0.00985546410084, -0.00338184949942, 0.00867362972349, -0.00201524957083, 0.00427344674245, -0.000857166131027, 0.00357394781895, -0.00758195389062, 0.0174276959151, -0.0089745670557, 0.00544061511755, -0.00349365803413], [-0.000129957974423, -0.0124238338321, 0.00186951248907, -0.0107321282849, 0.00218622689135, -0.00404170993716, 0.00182842789218, -0.00438768882304, 0.007971749641, -0.0089745670557, 0.0187046620995, -0.00948069710284, 0.00625592563301], [-0.000571488693822, 0.00929986312985, -0.00209987326525, 0.00796686951071, -0.00300693651661, 0.00475866859779, -0.0017071996117, 0.00474036484957, -0.00455443933606, 0.00544061511755, -0.00948069710284, 0.0183396432549, -0.00649682804942], [-0.00017862515233, -0.00879255868495, -0.000364806706784, -0.00759485084563, 0.00119316810742, -0.0051572965458, 0.00418386654928, -0.00372282718308, 0.00489241071045, -0.00349365803413, 0.00625592563301, -0.00649682804942, 0.0179931502789]]
    },
    "melbands": {
        "dmean": [0.00484736822546, 0.00576585624367, 0.00324545684271, 0.001049550483, 0.000442546705017, 0.000242101988988, 0.000152697975864, 0.00012295221677, 4.01237921324e-05, 2.8843211112e-05, 2.39576947934e-05, 6.62173761157e-06, 2.85725627691e-06, 1.85114686246e-06, 2.78769243778e-06, 1.20061622511e-06, 1.42516535107e-06, 1.02847832295e-06, 6.95817334417e-07, 5.38741687706e-07, 5.63515470731e-07, 7.9045014445e-07, 9.75675902737e-07, 1.88515502941e-06, 1.82356268397e-06, 1.00055410712e-06, 8.73118892741e-07, 5.01815463849e-07, 2.83078634311e-07, 3.77929637807e-07, 4.31891550079e-07, 3.50770704927e-07, 3.4676611449e-07, 6.49257003715e-07, 5.03047886014e-07, 3.24527633211e-07, 4.19785266104e-07, 3.81452906595e-07, 3.7195863456e-07, 4.56825404171e-07],
        "dmean2": [0.00789383333176, 0.00971745885909, 0.00547518534586, 0.00180075434037, 0.000710972526576, 0.000357790879207, 0.000221894355491, 0.00018069264479, 5.44804934179e-05, 3.95205097448e-05, 3.4163640521e-05, 9.80021104624e-06, 4.55498502561e-06, 2.97620158562e-06, 4.21029881181e-06, 1.81926236564e-06, 1.99287410396e-06, 1.42585236063e-06, 1.11316148832e-06, 7.93869673998e-07, 8.41931580453e-07, 1.21039397527e-06, 1.44539728808e-06, 2.74771218756e-06, 2.78024231193e-06, 1.47160028519e-06, 1.36314713473e-06, 7.66202731484e-07, 4.15132518583e-07, 5.9399235397e-07, 6.54418442991e-07, 4.9690021342e-07, 4.99235966345e-07, 9.74579165813e-07, 7.39090012303e-07, 4.91508728828e-07, 6.34145067124e-07, 5.68845450744e-07, 5.46707553895e-07, 6.51991058476e-07],
        "dvar": [6.73155882396e-05, 6.3773142756e-05, 2.11336300708e-05, 2.72275724456e-06, 6.69739051773e-07, 2.4249817443e-07, 1.22289890214e-07, 1.37878686246e-07, 1.58205786249e-08, 6.08103478683e-09, 4.15353529348e-09, 3.13422510168e-10, 3.01776728606e-11, 1.84822730037e-11, 8.37743208137e-11, 6.22179434709e-12, 1.39167358193e-11, 9.34612283399e-12, 3.19719077602e-12, 1.17938254648e-12, 1.46597144146e-12, 6.68231529138e-12, 1.13198400306e-11, 4.22995180549e-11, 6.15210729582e-11, 1.973667757e-11, 5.5119459344e-12, 1.74816639029e-12, 4.30122680094e-13, 1.05850441259e-12, 1.75323763753e-12, 9.81957896072e-13, 7.68959711444e-13, 3.1409787965e-12, 2.29829913781e-12, 1.04174611645e-12, 1.24050379344e-12, 1.01064219927e-12, 1.07222260584e-12, 1.7223377672e-12],
        "dvar2": [0.000165395540535, 0.000173156484379, 6.11580107943e-05, 7.42116253605e-06, 1.68147505519e-06, 5.2060283906e-07, 2.58513324525e-07, 2.90125512947e-07, 2.49301734812e-08, 1.01254196139e-08, 8.51497272691e-09, 6.67136679233e-10, 7.3107832288e-11, 4.28796720353e-11, 2.07514935791e-10, 1.34354038311e-11, 2.42581909421e-11, 1.50937699839e-11, 7.85687400556e-12, 2.29650673478e-12, 2.84381285881e-12, 1.47044546678e-11, 2.19957767278e-11, 8.46604869542e-11, 1.26536628398e-10, 4.52432258324e-11, 1.37608821907e-11, 4.06741827719e-12, 8.7958476223e-13, 2.649554404e-12, 4.2348420777e-12, 2.02524021858e-12, 1.62553716147e-12, 7.35657194884e-12, 4.99242184052e-12, 2.40523161284e-12, 2.91868222299e-12, 2.13452454496e-12, 2.35680268704e-12, 3.44128068056e-12],
        "max": [0.0689432471991, 0.0767652615905, 0.0516278520226, 0.0144480820745, 0.0153316101059, 0.0101739140227, 0.00947430357337, 0.00819208938628, 0.00339065678418, 0.00170935248025, 0.00144241249654, 0.000365017331205, 6.17350742687e-05, 8.71364027262e-05, 0.000286951690214, 4.7011373681e-05, 0.000113001471618, 0.000121721197502, 2.02182982321e-05, 3.21519255522e-05, 3.32154195348e-05, 8.02816066425e-05, 0.000101921730675, 0.000209555975744, 0.000184882228496, 0.000117778203276, 3.32785348292e-05, 1.69866179931e-05, 8.29983036965e-06, 1.36063781611e-05, 1.96191613213e-05, 1.40158581416e-05, 1.08231342892e-05, 2.15562558878e-05, 2.47853422479e-05, 2.21660284296e-05, 1.26370250655e-05, 1.27483299366e-05, 1.56698952196e-05, 1.82788262464e-05],
        "mean": [0.00965810753405, 0.00994821358472, 0.00525975273922, 0.00167124916334, 0.000870345160365, 0.000513348903041, 0.000311267067445, 0.000220500383875, 6.79634613334e-05, 5.04563540744e-05, 3.75254858227e-05, 1.00392289824e-05, 4.01994429922e-06, 2.68076155407e-06, 4.6485238272e-06, 1.99878422791e-06, 2.48198830377e-06, 2.01004900191e-06, 8.51048753248e-07, 9.88901888377e-07, 1.0431613191e-06, 1.38211760259e-06, 1.57787656008e-06, 2.94494134323e-06, 2.63247557086e-06, 1.36347080115e-06, 8.97432528291e-07, 5.29089845713e-07, 3.26828512698e-07, 3.46646459093e-07, 4.11663478417e-07, 3.61918978342e-07, 4.01104870207e-07, 6.77685477513e-07, 4.91977857564e-07, 3.16307222192e-07, 3.97258673956e-07, 3.88760071246e-07, 3.85270880088e-07, 4.77980847791e-07],
        "median": [0.00325306667946, 0.00634491303936, 0.00329221459106, 0.00107070512604, 0.000456430396298, 0.000200646274607, 9.88125393633e-05, 5.25316136191e-05, 1.51608865053e-05, 1.2076128769e-05, 9.36000287766e-06, 3.52210122401e-06, 1.29657462367e-06, 7.90498631886e-07, 1.21610935366e-06, 7.41016833672e-07, 6.12349595031e-07, 4.79505558815e-07, 2.95434716691e-07, 2.82408990415e-07, 2.69595005875e-07, 4.11597426364e-07, 4.6053324354e-07, 5.22499021827e-07, 3.57826309028e-07, 2.11499525449e-07, 1.28262882981e-07, 6.25521821007e-08, 4.65983411857e-08, 2.9028026205e-08, 2.1869341893e-08, 2.61016843695e-08, 3.86396266094e-08, 4.54192949917e-08, 1.75018737281e-08, 1.69339902101e-08, 1.72438632262e-08, 1.63798574704e-08, 2.03187795478e-08, 1.4923164926e-08],
        "min": [8.57288978295e-06, 9.46821091929e-05, 6.19422935415e-05, 1.28686397147e-05, 6.78747528582e-06, 3.55729355306e-07, 3.20194743608e-07, 1.6037546402e-07, 2.88545507487e-08, 3.8668034108e-08, 3.05715168736e-08, 1.09655831082e-08, 2.02207695033e-09, 1.76202974433e-09, 4.21996132483e-10, 1.33539046487e-09, 2.12589301718e-09, 1.64811242431e-09, 1.22784238332e-09, 1.2725673848e-09, 1.67326130729e-09, 1.43668099639e-09, 9.44841427319e-10, 5.43889433491e-10, 7.7802464471e-10, 4.53398624201e-10, 3.5963829137e-10, 2.02523942061e-10, 2.94346519381e-10, 2.8978738853e-10, 2.61971083715e-10, 2.34634672802e-10, 3.47595063843e-10, 3.04733432932e-10, 2.97781521663e-10, 2.93428503717e-10, 3.18383819309e-10, 4.46465281412e-10, 4.41673253526e-10, 3.5341132798e-10],
        "stdev": [0.0128838550299, 0.0103604355827, 0.00591956218705, 0.00184381275903, 0.00123903690837, 0.000949490931816, 0.00069685705239, 0.00064042408485, 0.000215372769162, 0.000133148932946, 9.50640751398e-05, 2.31675312534e-05, 6.94948539604e-06, 5.40093333257e-06, 1.25150236272e-05, 3.98586189476e-06, 6.65404832034e-06, 7.08343532096e-06, 1.85170779332e-06, 2.33695209317e-06, 2.61992613559e-06, 4.23079109169e-06, 4.8034557949e-06, 9.75678176474e-06, 1.05875978988e-05, 5.43272881259e-06, 2.32099750974e-06, 1.39143276101e-06, 7.9043036294e-07, 9.78749540081e-07, 1.2974760466e-06, 1.10092753403e-06, 1.02479441466e-06, 1.86470094832e-06, 1.58812486006e-06, 1.02190733742e-06, 1.13374983357e-06, 1.10937287445e-06, 1.12439670374e-06, 1.49422521645e-06],
        "var": [0.000165993711562, 0.000107338622911, 3.50412192347e-05, 3.39964549312e-06, 1.53521239099e-06, 9.01532985154e-07, 4.85609746192e-07, 4.10143002227e-07, 4.63854306076e-08, 1.77286381131e-08, 9.03717900513e-09, 5.36734545697e-10, 4.82953503578e-11, 2.91700830157e-11, 1.56625823422e-10, 1.58870937239e-11, 4.42763603559e-11, 5.0175055083e-11, 3.42882189655e-12, 5.46134535165e-12, 6.86401326402e-12, 1.78995932659e-11, 2.30731874579e-11, 9.51947895511e-11, 1.12097220395e-10, 2.95145401175e-11, 5.38702979794e-12, 1.93608518974e-12, 6.24780121302e-13, 9.57950624207e-13, 1.68344396582e-12, 1.21204153485e-12, 1.05020354392e-12, 3.47710944239e-12, 2.52214048257e-12, 1.04429464208e-12, 1.28538857076e-12, 1.23070813523e-12, 1.26426787875e-12, 2.23270902634e-12]
    },
    "melbands128": {
