{
"lowlevel": {
    "average_loudness": 0.972708702087,
    "barkbands_crest": {
        "dmean": 2.44132566452,
        "dmean2": 4.10584831238,
        "dvar": 4.22453022003,
        "dvar2": 11.8770561218,
        "max": 20.2724094391,
        "mean": 7.53155469894,
        "median": 7.05821228027,
        "min": 2.61447286606,
        "stdev": 2.66574525833,
        "var": 7.10619831085
    },
    "barkbands_flatness_db": {
        "dmean": 0.0175252519548,
        "dmean2": 0.0291680786759,
        "dvar": 0.000234902225202,
        "dvar2": 0.000645677035209,
        "max": 0.196016296744,
        "mean": 0.112441822886,
        "median": 0.110497385263,
        "min": 0.0614253506064,
        "stdev": 0.0201512929052,
        "var": 0.000406074570492
    },
    "barkbands_kurtosis": {
        "dmean": 1.47479045391,
        "dmean2": 2.48996543884,
        "dvar": 3.0815513134,
        "dvar2": 8.15280246735,
        "max": 16.0618839264,
        "mean": 1.16097307205,
        "median": 0.567749500275,
        "min": -1.56289029121,
        "stdev": 2.07824730873,
        "var": 4.31911230087
    },
    "barkbands_skewness": {
        "dmean": 0.436496734619,
        "dmean2": 0.722289085388,
        "dvar": 0.152997016907,
        "dvar2": 0.406991094351,
        "max": 3.70952415466,
        "mean": 1.29381585121,
        "median": 1.22569072247,
        "min": -0.203374952078,
        "stdev": 0.561869800091,
        "var": 0.315697699785
    },
    "barkbands_spread": {
        "dmean": 4.77031040192,
        "dmean2": 7.87167978287,
        "dvar": 17.5177745819,
        "dvar2": 46.9506340027,
        "max": 45.3102493286,
        "mean": 26.4366073608,
        "median": 26.5403499603,
        "min": 6.14133882523,
        "stdev": 6.91816663742,
        "var": 47.8610267639
    },
    "dissonance": {
        "dmean": 0.0116697633639,
        "dmean2": 0.0196853969246,
        "dvar": 0.000104343715066,
        "dvar2": 0.000280293432297,
        "max": 0.500000059605,
        "mean": 0.478130310774,
        "median": 0.480906069279,
        "min": 0.397471994162,
        "stdev": 0.0138713922352,
        "var": 0.000192415522179
    },
    "dynamic_complexity": 0.794020950794,
    "erbbands_crest": {
        "dmean": 1.71295106411,
        "dmean2": 2.81496477127,
        "dvar": 3.08524942398,
        "dvar2": 7.56394577026,
        "max": 26.4829978943,
        "mean": 6.07317113876,
        "median": 5.19843482971,
        "min": 2.53091669083,
        "stdev": 3.01976776123,
        "var": 9.11899757385
    },
    "erbbands_flatness_db": {
        "dmean": 0.00902821682394,
        "dmean2": 0.013553025201,
        "dvar": 6.43849634798e-05,
        "dvar2": 0.000130334025016,
        "max": 0.219608619809,
        "mean": 0.151445552707,
        "median": 0.152957156301,
        "min": 0.0995692759752,
        "stdev": 0.0161622017622,
        "var": 0.000261216773652
    },
    "erbbands_kurtosis": {
        "dmean": 0.33529406786,
        "dmean2": 0.531355261803,
        "dvar": 0.173303589225,
        "dvar2": 0.426217496395,
        "max": 5.60593128204,
        "mean": -0.636235296726,
        "median": -0.838000297546,
        "min": -1.5237994194,
        "stdev": 0.697849094868,
        "var": 0.48699337244
    },
    "erbbands_skewness": {
        "dmean": 0.222009241581,
        "dmean2": 0.356951981783,
        "dvar": 0.0375282540917,
        "dvar2": 0.0954555571079,
        "max": 2.31187224388,
        "mean": -0.0652810037136,
        "median": -0.126804992557,
        "min": -1.3405828476,
        "stdev": 0.448431462049,
        "var": 0.20109076798
    },
    "erbbands_spread": {
        "dmean": 5.89831590652,
        "dmean2": 9.34450626373,
        "dvar": 22.9473781586,
        "dvar2": 58.7592697144,
        "max": 73.3234710693,
        "mean": 44.3054122925,
        "median": 44.7227210999,
        "min": 16.7980575562,
        "stdev": 9.46921253204,
        "var": 89.6659927368
    },
    "hfc": {
        "dmean": 3.16798639297,
        "dmean2": 5.09521961212,
        "dvar": 7.97273731232,
        "dvar2": 18.4760837555,
        "max": 54.5997085571,
        "mean": 30.0610141754,
        "median": 28.8654880524,
        "min": 9.43521499634,
        "stdev": 6.59834718704,
        "var": 43.5381851196
    },
    "loudness_ebu128": {
        "integrated": -15.8280382156,
        "loudness_range": 1.00626182556,
        "momentary": {
            "dmean": 0.162387639284,
            "dmean2": 0.219734326005,
            "dvar": 0.0224413517863,
            "dvar2": 0.0321890413761,
            "max": -14.507982254,
            "mean": -15.8629455566,
            "median": -16.0085964203,
            "min": -17.6705265045,
            "stdev": 0.54335474968,
            "var": 0.29523435235
        },
        "short_term": {
            "dmean": 0.0265460386872,
            "dmean2": 0.0295051354915,
            "dvar": 0.000495750573464,
            "dvar2": 0.00052413996309,
            "max": -15.181886673,
            "mean": -15.8253307343,
            "median": -15.8460445404,
            "min": -16.3568649292,
            "stdev": 0.357167363167,
            "var": 0.127568528056
        }
    },
    "melbands_crest": {
        "dmean": 3.85118174553,
        "dmean2": 6.63979530334,
        "dvar": 10.612285614,
        "dvar2": 29.2875518799,
        "max": 26.9609909058,
        "mean": 12.7548732758,
        "median": 12.1885585785,
        "min": 4.16521072388,
        "stdev": 4.13467979431,
        "var": 17.0955753326
    },
    "melbands_flatness_db": {
        "dmean": 0.0241156369448,
        "dmean2": 0.0403376892209,
        "dvar": 0.000439404713688,
        "dvar2": 0.00119947118219,
        "max": 0.26975312829,
        "mean": 0.165325880051,
        "median": 0.162457063794,
        "min": 0.0693724602461,
        "stdev": 0.0283499285579,
        "var": 0.000803718459792
    },
    "melbands_kurtosis": {
        "dmean": 4.41343784332,
        "dmean2": 7.42052364349,
        "dvar": 25.8898868561,
        "dvar2": 69.1467285156,
        "max": 48.5339698792,
        "mean": 8.13048648834,
        "median": 6.61142539978,
        "min": -0.699422359467,
        "stdev": 6.02761888504,
        "var": 36.3321914673
    },
    "melbands_skewness": {
        "dmean": 0.627993106842,
        "dmean2": 1.04289150238,
        "dvar": 0.330249726772,
        "dvar2": 0.87414175272,
        "max": 6.22373628616,
        "mean": 2.50318908691,
        "median": 2.42060613632,
        "min": 0.43662160635,
        "stdev": 0.827000975609,
        "var": 0.683930635452
    },
    "melbands_spread": {
        "dmean": 6.9778547287,
        "dmean2": 11.4923648834,
        "dvar": 34.4596443176,
        "dvar2": 93.3458023071,
        "max": 68.1048355103,
        "mean": 26.012386322,
        "median": 25.3427715302,
        "min": 5.96205282211,
        "stdev": 9.35791110992,
        "var": 87.5704956055
    },
    "pitch_salience": {
        "dmean": 0.0768508911133,
        "dmean2": 0.12990398705,
        "dvar": 0.00463254097849,
        "dvar2": 0.012538718991,
        "max": 0.817451894283,
        "mean": 0.610395669937,
        "median": 0.616502523422,
        "min": 0.233390748501,
        "stdev": 0.0879131034017,
        "var": 0.00772871403024
    },
    "silence_rate_20dB": {
        "dmean": 0,
        "dmean2": 0,
        "dvar": 0,
        "dvar2": 0,
        "max": 1,
        "mean": 1,
        "median": 1,
        "min": 1,
        "stdev": 0,
        "var": 0
    },
    "silence_rate_30dB": {
        "dmean": 0,
        "dmean2": 0,
        "dvar": 0,
        "dvar2": 0,
        "max": 1,
        "mean": 1,
        "median": 1,
        "min": 1,
        "stdev": 0,
        "var": 0
    },
    "silence_rate_60dB": {
        "dmean": 0,
        "dmean2": 0,
        "dvar": 0,
        "dvar2": 0,
        "max": 0,
        "mean": 0,
        "median": 0,
        "min": 0,
        "stdev": 0,
        "var": 0
    },
    "spectral_centroid": {
        "dmean": 245.847183228,
        "dmean2": 404.395355225,
        "dvar": 42461.0273438,
        "dvar2": 113073.390625,
        "max": 2602.94555664,
        "mean": 1635.43566895,
        "median": 1646.86755371,
        "min": 552.589111328,
        "stdev": 378.986755371,
        "var": 143630.953125
    },
    "spectral_complexity": {
        "dmean": 3.9205365181,
        "dmean2": 6.44605064392,
        "dvar": 9.31355190277,
        "dvar2": 24.9470996857,
        "max": 55,
        "mean": 38.4491996765,
        "median": 39,
        "min": 16,
        "stdev": 5.29308462143,
        "var": 28.0167427063
    },
    "spectral_decrease": {
        "dmean": 3.07128522614e-09,
        "dmean2": 5.22434540073e-09,
        "dvar": 1.01010846173e-17,
        "dvar2": 2.65705368178e-17,
        "max": -3.09439740498e-09,
        "mean": -1.03445376709e-08,
        "median": -9.46619493902e-09,
        "min": -3.03866585227e-08,
        "stdev": 3.8134468916e-09,
        "var": 1.45423761448e-17
    },
    "spectral_energy": {
        "dmean": 0.0117345126346,
        "dmean2": 0.0199319757521,
        "dvar": 0.000145528931171,
        "dvar2": 0.000382971018553,
        "max": 0.117359541357,
        "mean": 0.0417693257332,
        "median": 0.0382688641548,
        "min": 0.012534789741,
        "stdev": 0.0146474931389,
        "var": 0.000214549058001
    },
    "spectral_energyband_high": {
        "dmean": 0.000310253089992,
        "dmean2": 0.000507478194777,
        "dvar": 7.25102609067e-08,
        "dvar2": 1.81604690397e-07,
        "max": 0.00399077357724,
        "mean": 0.00137520348653,
        "median": 0.00130964140408,
        "min": 0.000285070214886,
        "stdev": 0.000485576223582,
        "var": 2.3578427033e-07
    },
    "spectral_energyband_low": {
        "dmean": 0.00900013931096,
        "dmean2": 0.0155987218022,
        "dvar": 0.000143230892718,
        "dvar2": 0.000385946361348,
        "max": 0.101784192026,
        "mean": 0.0146777303889,
        "median": 0.011740591377,
        "min": 0.000881650368683,
        "stdev": 0.0117861041799,
        "var": 0.000138912248076
    },
    "spectral_energyband_middle_high": {
        "dmean": 0.00148452073336,
        "dmean2": 0.00224461732432,
        "dvar": 2.31123613048e-06,
        "dvar2": 4.66811388833e-06,
        "max": 0.0283720437437,
        "mean": 0.00819149147719,
        "median": 0.00761235691607,
        "min": 0.00221857451834,
        "stdev": 0.00335269374773,
        "var": 1.12405550681e-05
    },
    "spectral_energyband_middle_low": {
        "dmean": 0.00748299853876,
        "dmean2": 0.0126766385511,
        "dvar": 6.37790944893e-05,
        "dvar2": 0.000173489504959,
        "max": 0.090710863471,
        "mean": 0.0203777719289,
        "median": 0.017467347905,
        "min": 0.0046309903264,
        "stdev": 0.0108157070354,
        "var": 0.000116979521408
    },
    "spectral_entropy": {
        "dmean": 0.0786758288741,
        "dmean2": 0.131527379155,
        "dvar": 0.00504381535575,
        "dvar2": 0.0131091838703,
        "max": 8.13541316986,
        "mean": 7.78167295456,
        "median": 7.79121828079,
        "min": 7.26786231995,
        "stdev": 0.101302072406,
        "var": 0.0102621102706
    },
    "spectral_flux": {
        "dmean": 0.0256448183209,
        "dmean2": 0.0406069122255,
        "dvar": 0.000621774641331,
        "dvar2": 0.00122727779672,
        "max": 0.274289488792,
        "mean": 0.114807784557,
        "median": 0.107924133539,
        "min": 0.045857373625,
        "stdev": 0.0359405763447,
        "var": 0.00129172508605
    },
    "spectral_kurtosis": {
        "dmean": 1.07090711594,
        "dmean2": 1.91643309593,
        "dvar": 0.762353777885,
        "dvar2": 2.38534712791,
        "max": 8.06362915039,
        "mean": 2.54877614975,
        "median": 2.46331882477,
        "min": 0.165502786636,
        "stdev": 1.04841005802,
        "var": 1.09916353226
    },
    "spectral_rms": {
        "dmean": 0.0008626068593,
        "dmean2": 0.00145083409734,
        "dvar": 6.37304481188e-07,
        "dvar2": 1.68044232396e-06,
        "max": 0.0107003320009,
        "mean": 0.00629695411772,
        "median": 0.00611027656123,
        "min": 0.0034970077686,
        "stdev": 0.0010482808575,
        "var": 1.098892767e-06
    },
    "spectral_rolloff": {
        "dmean": 480.275604248,
        "dmean2": 814.093505859,
        "dvar": 204835.859375,
        "dvar2": 521099.1875,
        "max": 3423.77929688,
        "mean": 1506.31286621,
        "median": 1464.2578125,
        "min": 129.19921875,
        "stdev": 660.399597168,
        "var": 436127.625
    },
    "spectral_skewness": {
        "dmean": 0.150725051761,
        "dmean2": 0.255982220173,
        "dvar": 0.0143702011555,
        "dvar2": 0.0393974781036,
        "max": 1.70647275448,
        "mean": 0.973341226578,
        "median": 0.957060337067,
        "min": 0.402142882347,
        "stdev": 0.231200024486,
        "var": 0.0534534528852
    },
    "spectral_spread": {
        "dmean": 218750.578125,
        "dmean2": 337887.65625,
        "dvar": 38801580032,
        "dvar2": 78609940480,
        "max": 5853100.5,
        "mean": 3687678.75,
        "median": 3586337.25,
        "min": 2758783.25,
        "stdev": 473738.03125,
        "var": 224427720704
    },
    "spectral_strongpeak": {
        "dmean": 0.479088038206,
        "dmean2": 0.831632375717,
        "dvar": 0.462680220604,
        "dvar2": 1.25426578522,
        "max": 6.02814245224,
        "mean": 0.72739893198,
        "median": 0.480377972126,
        "min": 0.0585704818368,
        "stdev": 0.793960034847,
        "var": 0.630372583866
    },
    "zerocrossingrate": {
        "dmean": 0.00717758340761,
        "dmean2": 0.00945228803903,
        "dvar": 3.29110007442e-05,
        "dvar2": 5.5357835663e-05,
        "max": 0.119140625,
        "mean": 0.0590611286461,
        "median": 0.05859375,
        "min": 0.02392578125,
        "stdev": 0.0123382210732,
        "var": 0.000152231703396
    },
    "barkbands": {
        "dmean": [9.79941978585e-05, 0.00382881658152, 0.00527484761551, 0.00413581356406, 0.00323726772331, 0.00260142795742, 0.00107272260357, 0.000758380629122, 0.00136748002842, 0.000501156842802, 0.000412200315623, 0.00073882448487, 0.00033116035047, 0.00034000701271, 0.000308394344756, 0.000457546208054, 0.000281077052932, 0.000200727605261, 0.000234738137806, 0.000272081117146, 0.000159484305186, 7.06642531441e-05, 2.26551055675e-05, 2.4707393095e-05, 9.53630478762e-06, 1.79629216746e-06, 1.08838008828e-07],
        "dmean2": [0.000171043124283, 0.00675229402259, 0.00912464689463, 0.00723325228319, 0.00552241737023, 0.00425800215453, 0.00173514033668, 0.00124693743419, 0.00214070058428, 0.000800414476544, 0.000649171997793, 0.00118141865823, 0.000517230131663, 0.000555492297281, 0.000512333004735, 0.000761913543101, 0.000474711094284, 0.000336825760314, 0.000402014091378, 0.000451992207672, 0.000266481772996, 0.000118112155178, 3.64334373444e-05, 3.75912641175e-05, 1.35491172841e-05, 2.48154219662e-06, 1.63090874139e-07],
        "dvar": [1.75795076274e-08, 3.93876289309e-05, 5.16886611877e-05, 1.93683972611e-05, 2.07156645047e-05, 1.97660920094e-05, 1.86828276583e-06, 3.01436125483e-06, 6.07878791925e-06, 7.02479383108e-07, 4.81853646761e-07, 9.28407303036e-07, 5.43149155874e-07, 2.08525534617e-07, 1.22120340507e-07, 2.45239618835e-07, 7.09044130076e-08, 2.92572419625e-08, 4.60042031136e-08, 5.82931427573e-08, 2.08536174995e-08, 5.28180965631e-09, 7.07152003621e-10, 2.54865439864e-09, 4.14113326963e-10, 1.16963660979e-11, 6.36687154821e-14],
        "dvar2": [4.89869869114e-08, 0.000110498680442, 0.000143035460496, 5.55100377824e-05, 5.55545229872e-05, 5.00922033098e-05, 4.6335803745e-06, 7.47583180782e-06, 1.37996294143e-05, 1.48262563471e-06, 1.03598642909e-06, 2.16058515434e-06, 1.13840405902e-06, 5.21697245404e-07, 3.02482050074e-07, 6.59192096464e-07, 1.89389638194e-07, 7.74946329329e-08, 1.26114414911e-07, 1.59123217713e-07, 5.4541793304e-08, 1.3898885598e-08, 1.80214365653e-09, 4.79489381533e-09, 7.84363685113e-10, 2.04550508476e-11, 1.31662462508e-13],
        "max": [0.00149945029989, 0.0459405891597, 0.0707432106137, 0.0387528575957, 0.0424342900515, 0.0735595151782, 0.0268537160009, 0.0550460852683, 0.0504908487201, 0.0224219504744, 0.013262075372, 0.0164312738925, 0.0144201284274, 0.00615418981761, 0.00592284649611, 0.00788807496428, 0.00430375803262, 0.00184212892782, 0.00228380016051, 0.00290880352259, 0.00194933696184, 0.000845483795274, 0.000531513011083, 0.00104369292967, 0.000494603358675, 4.53848660982e-05, 4.37764992967e-06],
        "mean": [0.000114865673822, 0.00477735185996, 0.00703306589276, 0.00525709427893, 0.00482763396576, 0.00428461842239, 0.00206872820854, 0.00117927289102, 0.0025963189546, 0.000836663355585, 0.000766603450757, 0.00150945282076, 0.000634040683508, 0.000636614393443, 0.000659606244881, 0.00104078173172, 0.000676918542013, 0.000542812806088, 0.000643684063107, 0.000806837691925, 0.000526886840817, 0.000198446577997, 6.51708978694e-05, 6.036843115e-05, 2.12311260839e-05, 4.0938298298e-06, 1.69193555166e-07],
        "median": [6.69309520163e-05, 0.00323288654909, 0.00488896714523, 0.00366316153668, 0.003303213045, 0.00261588580906, 0.00157212268095, 0.000724451674614, 0.00147494766861, 0.000517967564519, 0.000400227087084, 0.00103169796057, 0.000325034226989, 0.000485551077873, 0.000547011382878, 0.000820335873868, 0.000591277261265, 0.000508510565851, 0.000591501884628, 0.000742086034734, 0.000495842017699, 0.000175298948307, 5.57930834475e-05, 3.81421486964e-05, 1.09238917503e-05, 1.97070562535e-06, 4.819047561e-08],
        "min": [5.22836387518e-08, 2.70275741059e-05, 6.60957666696e-05, 1.23702648125e-05, 0.000112059475214, 8.18818371044e-05, 4.39246177848e-05, 1.09765060188e-05, 9.25321728573e-05, 2.96954822261e-05, 2.33790124184e-05, 6.79469012539e-05, 2.92871081911e-05, 5.85449270147e-05, 7.15872520232e-05, 6.81607198203e-05, 9.60203251452e-05, 6.95134294801e-05, 9.53233611654e-05, 9.53136113822e-05, 0.000105531304143, 4.33168934251e-05, 6.5337644628e-06, 3.00858414448e-06, 1.20824290661e-06, 1.55628910647e-07, 9.2120920267e-12],
        "stdev": [0.000137752023875, 0.00551128154621, 0.00723651098087, 0.00505697261542, 0.00497914105654, 0.00555387651548, 0.00188908423297, 0.00209109834395, 0.00405535055324, 0.0011548937764, 0.00116577919107, 0.0015716701746, 0.00121958611999, 0.000579640618525, 0.000464929762529, 0.000818569154944, 0.000432528700912, 0.000239987377427, 0.000284448673483, 0.000399560522055, 0.000211357037188, 9.96930102701e-05, 4.41159099864e-05, 8.58888961375e-05, 3.00861611322e-05, 5.67357483305e-06, 3.5064357462e-07],
        "var": [1.89756210744e-08, 3.03742217511e-05, 5.23670933035e-05, 2.55729701166e-05, 2.4791845135e-05, 3.08455455524e-05, 3.56863938578e-06, 4.37269272879e-06, 1.64458670042e-05, 1.33377966449e-06, 1.35904122089e-06, 2.4701471375e-06, 1.48739025008e-06, 3.35983258992e-07, 2.16159691036e-07, 6.70055442242e-07, 1.87081070635e-07, 5.75939438363e-08, 8.09110431987e-08, 1.59648621434e-07, 4.46717969282e-08, 9.93869697652e-09, 1.9462136347e-09, 7.37690220021e-09, 9.0517704443e-10, 3.21894490229e-11, 1.22950925157e-13]
    },
    "erbbands": {
        "dmean": [0.0590511783957, 1.08430922031, 5.48606872559, 9.31361961365, 13.6068458557, 9.02419090271, 16.788602829, 22.419921875, 17.4805736542, 11.9541845322, 18.5824966431, 34.7423858643, 16.622838974, 13.7566614151, 17.9968528748, 25.5469856262, 15.4502782822, 13.5624923706, 16.5828094482, 18.5437297821, 25.2270240784, 15.7717704773, 10.0402173996, 12.572353363, 11.2061767578, 12.4535589218, 8.68127822876, 5.31065940857, 2.82908439636, 1.160785079, 0.637446761131, 0.59330457449, 0.378828108311, 0.160610496998, 0.0387379042804, 0.0109103219584, 0.00291831232607, 0.000442377844593, 1.30331491164e-05, 1.26977702166e-05],
        "dmean2": [0.103136777878, 1.91767454147, 9.47989368439, 16.3408603668, 24.0392150879, 15.2466201782, 27.7978649139, 36.7968521118, 28.4732608795, 19.5760192871, 29.5714683533, 53.5901794434, 27.1226577759, 21.88098526, 27.880531311, 41.335975647, 23.3897171021, 22.0124797821, 27.0637550354, 30.7971305847, 41.6339569092, 26.5457782745, 16.782365799, 21.5049228668, 19.0001907349, 20.6298274994, 14.4331169128, 8.78793239594, 4.71703672409, 1.91729342937, 1.02200901508, 0.936157941818, 0.563426315784, 0.230166584253, 0.0564736947417, 0.0154481418431, 0.00409423001111, 0.000629020854831, 1.91328854271e-05, 2.15061190829e-05],
        "dvar": [0.00482693547383, 3.37961530685, 66.0033187866, 88.2346343994, 327.319152832, 165.678161621, 556.522644043, 1966.04516602, 622.270446777, 661.383666992, 1265.15490723, 4661.54394531, 838.226928711, 503.112426758, 731.983398438, 1284.92028809, 1182.06469727, 421.109008789, 308.77331543, 466.698760986, 837.022094727, 250.60798645, 73.6446228027, 129.989089966, 108.129920959, 136.795944214, 67.6119384766, 23.5566082001, 9.55997657776, 1.66683590412, 0.619682133198, 1.02024662495, 0.884660899639, 0.140443459153, 0.00484151951969, 0.000381142337574, 3.55342053808e-05, 9.86460122476e-07, 6.10243244825e-10, 1.66705690918e-10],
        "dvar2": [0.0137896295637, 9.37042140961, 179.860015869, 253.376739502, 945.315979004, 411.091674805, 1366.19604492, 5086.7109375, 1628.83081055, 1534.1986084, 2681.32641602, 10624.203125, 1706.52160645, 1130.37756348, 1537.88500977, 2963.86230469, 2329.83422852, 1020.14367676, 746.78302002, 1165.39953613, 2219.59570312, 671.527770996, 201.593688965, 371.465759277, 292.636077881, 372.088897705, 178.718002319, 60.327205658, 25.8080749512, 4.1383638382, 1.58719861507, 2.21935844421, 1.67881476879, 0.276448965073, 0.00968503486365, 0.000706198858097, 6.37409175397e-05, 1.74512274498e-06, 1.0948283391e-09, 4.37026997924e-10],
        "max": [0.706151604652, 12.9113254547, 75.8589324951, 75.0677261353, 152.595245361, 193.951904297, 348.392333984, 735.244384766, 364.583984375, 654.764648438, 713.60760498, 1356.94213867, 867.16015625, 426.169555664, 539.590148926, 638.87097168, 803.853515625, 358.125366211, 254.780944824, 294.024078369, 490.205230713, 277.67388916, 106.169837952, 112.961807251, 112.160629272, 146.466964722, 108.302566528, 64.9153213501, 35.9363098145, 15.1595830917, 17.2801074982, 21.6764316559, 23.0132923126, 10.0695152283, 0.887511789799, 0.24340339005, 0.0673433840275, 0.0121541628614, 0.000447253783932, 0.000130897009512],
        "mean": [0.0912288427353, 1.31597113609, 7.40577840805, 13.5778665543, 16.6820926666, 14.2255687714, 28.4289035797, 35.7753944397, 32.0772705078, 23.3724689484, 32.5014038086, 63.7875976562, 32.3172645569, 28.2538642883, 41.2153053284, 52.8213768005, 32.7978172302, 28.6531848907, 37.0108642578, 41.3081474304, 58.4448738098, 40.589931488, 29.3421630859, 34.2069740295, 32.7315940857, 37.0927314758, 27.6092395782, 17.386838913, 8.15529727936, 3.18108773232, 1.78875768185, 1.46330845356, 0.835416555405, 0.351973414421, 0.089297875762, 0.0250651892275, 0.00645808316767, 0.000905119057279, 4.55248264188e-05, 5.07980657858e-05],
        "median": [0.0688707008958, 0.837441682816, 4.91963911057, 10.5445699692, 10.7173871994, 9.88530445099, 19.436706543, 19.4999504089, 22.5513801575, 16.8484840393, 21.3489246368, 31.2134304047, 22.1097431183, 18.5657138824, 25.1172332764, 37.3829689026, 18.4863452911, 21.1902370453, 30.8773403168, 33.4156837463, 44.0720214844, 34.9667320251, 27.4861011505, 31.6876983643, 30.0092887878, 33.9347686768, 26.0149497986, 16.3390483856, 7.25495958328, 2.72865390778, 1.5372531414, 1.06781148911, 0.424552738667, 0.178565368056, 0.0487187802792, 0.0131453322247, 0.00294137420133, 0.00034292662167, 3.21905645251e-05, 4.68898979307e-05],
        "min": [0.00143159099389, 0.0209065768868, 0.225549519062, 0.345612198114, 0.408198952675, 0.287438958883, 0.827401399612, 0.832061111927, 0.782990574837, 1.29236829281, 1.37261009216, 1.74957895279, 1.01846218109, 2.14612436295, 3.24531841278, 3.58694028854, 3.40872907639, 3.87684202194, 3.82014489174, 5.7158203125, 4.36687612534, 5.54696750641, 4.07068538666, 5.05347251892, 5.53534173965, 5.16414928436, 4.07910251617, 3.84184575081, 1.67181956768, 0.479784220457, 0.190478429198, 0.0762268081307, 0.0438657999039, 0.0204399842769, 0.00511652836576, 0.00135859264992, 0.000180301416549, 2.18410368689e-05, 1.42970575325e-05, 2.38779830397e-05],
        "stdev": [0.0776678323746, 1.59979510307, 8.02638053894, 10.4449520111, 17.8592281342, 14.7615642548, 29.6948394775, 54.5044822693, 31.9234790802, 29.1610450745, 49.1811027527, 111.087982178, 40.610458374, 35.9963340759, 50.5724105835, 53.32213974, 58.5639762878, 29.3962364197, 23.9345149994, 29.4077625275, 49.1044960022, 26.8449268341, 12.2117166519, 14.7569417953, 14.6820230484, 18.6093482971, 12.3434791565, 7.14654684067, 3.99362492561, 1.92644298077, 1.26311743259, 1.65537083149, 1.50323927402, 0.544383704662, 0.107340931892, 0.0318423770368, 0.00958512630314, 0.00156377325766, 3.94245253119e-05, 1.63642343978e-05],
        "var": [0.00603229226544, 2.55934429169, 64.4227905273, 109.097015381, 318.952026367, 217.903778076, 881.783508301, 2970.73852539, 1019.10852051, 850.366516113, 2418.78076172, 12340.5400391, 1649.20922852, 1295.73596191, 2557.56860352, 2843.25073242, 3429.73950195, 864.13873291, 572.861022949, 864.81652832, 2411.25170898, 720.650085449, 149.126022339, 217.767333984, 215.561813354, 346.307830811, 152.361480713, 51.0731315613, 15.9490404129, 3.71118235588, 1.5954657793, 2.74025273323, 2.25972819328, 0.296353638172, 0.0115220751613, 0.00101393694058, 9.18746518437e-05, 2.44538682637e-06, 1.55429313864e-09, 2.67788152764e-10]
    },
    "gfcc": {
        "mean": [51.4245147705, 113.750709534, -142.233551025, 55.3929672241, -60.6695175171, 6.91190195084, -31.0289955139, 2.63698124886, -23.4196720123, -0.946160614491, -15.0522794724, -7.66908025742, -4.74985599518],
        "cov": [[197.716461182, -100.570846558, 119.231483459, -80.3413391113, -29.2767658234, 53.6849441528, -29.5231494904, 33.6194419861, -44.7311935425, 28.2627677917, -21.277053833, 4.52840137482, -18.1469173431], [-100.570846558, 168.184860229, -56.1262664795, 59.3649291992, 36.961139679, -34.5512199402, 53.8532867432, -29.2694244385, 44.6637878418, -25.8728733063, 28.8321838379, -12.6991624832, 19.4980106354], [119.231483459, -56.1262664795, 207.98789978, -53.9521827698, 0.0769742354751, 7.00857543945, -54.0161056519, 30.1350841522, -42.1893234253, 39.9538879395, -31.5716629028, 18.3143939972, -23.2883796692], [-80.3413391113, 59.3649291992, -53.9521827698, 136.220092773, 48.9273262024, -18.6333599091, 17.267168045, -17.0523586273, 59.7112960815, -17.7980327606, 26.9875335693, -6.21541261673, 15.8820285797], [-29.2767658234, 36.961139679, 0.0769742354751, 48.9273262024, 91.7918930054, 0.0769798532128, 21.6675128937, 7.46080732346, 13.4280538559, 11.0095691681, -2.97301268578, 4.66322612762, -2.22411513329], [53.6849441528, -34.5512199402, 7.00857543945, -18.6333599091, 0.0769798532128, 88.7981185913, 36.7538757324, 18.047372818, -7.89483261108, -3.84788990021, 15.9781093597, -2.47223997116, -4.57555055618], [-29.5231494904, 53.8532867432, -54.0161056519, 17.267168045, 21.6675128937, 36.7538757324, 94.7143173218, 14.5402154922, 19.7806301117, -11.8000745773, 16.3859519958, -10.6699066162, 2.1868789196], [33.6194419861, -29.2694244385, 30.1350841522, -17.0523586273, 7.46080732346, 18.047372818, 14.5402154922, 56.8276557922, 14.6422367096, 20.9451904297, -8.63442993164, 1.17290234566, -7.98431444168], [-44.7311935425, 44.6637878418, -42.1893234253, 59.7112960815, 13.4280538559, -7.89483261108, 19.7806301117, 14.6422367096, 86.1637268066, 12.8525114059, 21.0405521393, -8.67134284973, 6.40845584869], [28.2627677917, -25.8728733063, 39.9538879395, -17.7980327606, 11.0095691681, -3.84788990021, -11.8000745773, 20.9451904297, 12.8525114059, 61.889175415, 6.56592321396, 14.4675445557, -7.39835691452], [-21.277053833, 28.8321838379, -31.5716629028, 26.9875335693, -2.97301268578, 15.9781093597, 16.3859519958, -8.63442993164, 21.0405521393, 6.56592321396, 65.0002365112, 19.2588348389, 12.0095596313], [4.52840137482, -12.6991624832, 18.3143939972, -6.21541261673, 4.66322612762, -2.47223997116, -10.6699066162, 1.17290234566, -8.67134284973, 14.4675445557, 19.2588348389, 46.5222816467, 12.862326622], [-18.1469173431, 19.4980106354, -23.2883796692, 15.8820285797, -2.22411513329, -4.57555055618, 2.1868789196, -7.98431444168, 6.40845584869, -7.39835691452, 12.0095596313, 12.862326622, 38.269405365]],
        "icov": [[0.0134790120646, 0.00394237739965, -0.00598054751754, 0.00314462766983, 0.000800817622803, -0.00545296585187, 0.000471363862744, -0.000547433213796, 0.000155865069246, -0.00104941532481, -0.00095014256658, 0.00372813898139, -0.00249185413122], [0.00394237739965, 0.0327094309032, -0.0130382189527, 0.0160974543542, -0.0178768690675, 0.0229434873909, -0.0229253210127, 0.0196851547807, -0.0206731893122, 0.0197879243642, -0.0218053702265, 0.0158320218325, -0.0134802786633], [-0.00598054751754, -0.0130382189527, 0.0157895348966, -0.0083404481411, 0.00642135832459, -0.00875895936042, 0.0126199955121, -0.0110564762726, 0.0115818968043, -0.0111294174567, 0.0114012509584, -0.00977342948318, 0.00879078917205], [0.00314462766983, 0.0160974543542, -0.0083404481411, 0.0295827630907, -0.020655233413, 0.0138749741018, -0.00904776435345, 0.0146218268201, -0.0237882174551, 0.0200305078179, -0.0184054840356, 0.0114817172289, -0.0102639803663], [0.000800817622803, -0.0178768690675, 0.00642135832459, -0.020655233413, 0.0300363656133, -0.015712402761, 0.0076407478191, -0.0125457635149, 0.0172645635903, -0.0197772458196, 0.0201232414693, -0.0138625362888, 0.0104102324694], [-0.00545296585187, 0.0229434873909, -0.00875895936042, 0.0138749741018, -0.015712402761, 0.0389365367591, -0.0239620879292, 0.0105527592823, -0.0137555673718, 0.0200014133006, -0.0249010026455, 0.0139197297394, -0.00874441210181], [0.000471363862744, -0.0229253210127, 0.0126199955121, -0.00904776435345, 0.0076407478191, -0.0239620879292, 0.0359725058079, -0.0203999076039, 0.0138009665534, -0.0110411122441, 0.0117806559429, -0.00707012601197, 0.00883954763412], [-0.000547433213796, 0.0196851547807, -0.0110564762726, 0.0146218268201, -0.0125457635149, 0.0105527592823, -0.0203999076039, 0.0433573015034, -0.0246129091829, 0.00793748907745, -0.00569217232987, 0.00488834409043, -0.0065419152379], [0.000155865069246, -0.0206731893122, 0.0115818968043, -0.0237882174551, 0.0172645635903, -0.0137555673718, 0.0138009665534, -0.0246129091829, 0.0418020784855, -0.0242602080107, 0.0106943678111, -0.00308503676206, 0.00695275422186], [-0.00104941532481, 0.0197879243642, -0.0111294174567, 0.0200305078179, -0.0197772458196, 0.0200014133006, -0.0110411122441, 0.00793748907745, -0.0242602080107, 0.0434456951916, -0.0220787469298, 0.00522593734786, -0.0045021045953], [-0.00095014256658, -0.0218053702265, 0.0114012509584, -0.0184054840356, 0.0201232414693, -0.0249010026455, 0.0117806559429, -0.00569217232987, 0.0106943678111, -0.0220787469298, 0.0459431186318, -0.0261974334717, 0.00989522505552], [0.00372813898139, 0.0158320218325, -0.00977342948318, 0.0114817172289, -0.0138625362888, 0.0139197297394, -0.00707012601197, 0.00488834409043, -0.00308503676206, 0.00522593734786, -0.0261974334717, 0.0454663932323, -0.020261593163], [-0.00249185413122, -0.0134802786633, 0.00879078917205, -0.0102639803663, 0.0104102324694, -0.00874441210181, 0.00883954763412, -0.0065419152379, 0.00695275422186, -0.0045021045953, 0.00989522505552, -0.020261593163, 0.0407856851816]]
    },
    "melbands": {
        "dmean": [0.000768110621721, 0.00223043048754, 0.00161865027621, 0.000765456235968, 0.00052105949726, 0.00048678717576, 0.000246768817306, 0.000135389171191, 0.000167449587025, 0.000214681844227, 8.46357070259e-05, 5.96651043452e-05, 5.86806163483e-05, 9.08998990781e-05, 5.22620393895e-05, 3.20812432619e-05, 2.80310632661e-05, 3.07890441036e-05, 2.14581668843e-05, 2.85766400339e-05, 3.08490343741e-05, 1.86066772585e-05, 1.34992169478e-05, 1.01584673757e-05, 1.18943908092e-05, 9.6349785963e-06, 9.82324672805e-06, 1.01081950561e-05, 7.80099981057e-06, 4.15889417127e-06, 3.29859699377e-06, 2.07946777664e-06, 1.08093115614e-06, 5.91515970427e-07, 4.15168955215e-07, 3.81485591561e-07, 3.92029164686e-07, 3.01351235521e-07, 2.30326548945e-07, 1.19402898235e-07],
        "dmean2": [0.00134756753687, 0.00386825064197, 0.00282320589758, 0.00132215186022, 0.000858017243445, 0.000792261795141, 0.000401739234803, 0.00022008936503, 0.000263135269051, 0.000332468334818, 0.000137347931741, 9.5205148682e-05, 9.07925787033e-05, 0.000146028061863, 8.09569464764e-05, 5.1235412684e-05, 4.59334369225e-05, 5.03786250192e-05, 3.54060030077e-05, 4.82278846903e-05, 5.0828406529e-05, 3.13311611535e-05, 2.29030229093e-05, 1.7313477656e-05, 2.03810905077e-05, 1.64570337802e-05, 1.65397595993e-05, 1.67513808265e-05, 1.30502930915e-05, 7.01180670148e-06, 5.45928924112e-06, 3.46123488271e-06, 1.81732013971e-06, 9.71418899098e-07, 6.80658331476e-07, 6.15906060375e-07, 6.21065055384e-07, 4.53160623692e-07, 3.37319846722e-07, 1.78221895908e-07],
        "dvar": [1.27832311136e-06, 1.12353027362e-05, 2.59595458374e-06, 1.19097944662e-06, 5.11946268489e-07, 8.3250517946e-07, 1.18327058374e-07, 9.83295578294e-08, 1.03893952996e-07, 1.67947987961e-07, 2.12951025702e-08, 9.50946255074e-09, 8.8544478416e-09, 1.53498955768e-08, 8.52509618454e-09, 5.88441384508e-09, 1.765253832e-09, 1.1727991911e-09, 7.25759341513e-10, 9.50456713333e-10, 1.21267806907e-09, 3.63215124644e-10, 1.6272218295e-10, 8.82456607787e-11, 1.19176210567e-10, 8.20103429611e-11, 1.05321605604e-10, 9.42500591461e-11, 5.41572169055e-11, 1.57657949196e-11, 9.34280257325e-12, 4.88956661618e-12, 1.58367980188e-12, 3.896242324e-13, 2.51078590427e-13, 3.41140174919e-13, 5.14542727002e-13, 5.52970592493e-13, 2.98286785896e-13, 7.52570477724e-14],
        "dvar2": [3.62584819413e-06, 3.04700097331e-05, 7.42779275242e-06, 3.23073663822e-06, 1.23404379337e-06, 2.13172916119e-06, 3.08640494495e-07, 2.37264131897e-07, 2.04675430382e-07, 3.80685804657e-07, 4.27918251944e-08, 2.21709175463e-08, 1.8720713868e-08, 3.66834846943e-08, 1.96632345961e-08, 1.22159207194e-08, 4.42327463546e-09, 2.8674695951e-09, 1.78946235607e-09, 2.53937360029e-09, 3.24029136856e-09, 9.67420032971e-10, 4.51397669243e-10, 2.38294717292e-10, 3.42925632335e-10, 2.27646651529e-10, 2.97181029785e-10, 2.59592541907e-10, 1.45741738122e-10, 4.19065337987e-11, 2.41092146247e-11, 1.35063947873e-11, 4.05183091939e-12, 1.00635190285e-12, 6.67884638653e-13, 7.90645598037e-13, 1.12817871364e-12, 1.09860926779e-12, 5.49733490066e-13, 1.62590522101e-13],
        "max": [0.00857099052519, 0.0287500619888, 0.0139648504555, 0.0112278796732, 0.0105293141678, 0.0149770742282, 0.00493240356445, 0.00942792836577, 0.00690198224038, 0.00813497882336, 0.00429171137512, 0.00184940011241, 0.00178341765422, 0.00239238841459, 0.00192914926447, 0.00168229173869, 0.000656358373817, 0.000467097270302, 0.000520776782651, 0.000457846559584, 0.00052459386643, 0.000387988751754, 0.000143278346513, 0.000135314840009, 0.000105936094769, 0.000101275392808, 9.93525536614e-05, 0.000119944794278, 9.54139177338e-05, 6.19302663836e-05, 3.34501819452e-05, 2.76402679447e-05, 1.56463684107e-05, 7.71861868998e-06, 9.72112229647e-06, 1.04993077912e-05, 1.66012705449e-05, 1.74817341758e-05, 1.49237685036e-05, 7.83379800851e-06],
        "mean": [0.00105357216671, 0.00312692997977, 0.00247086351737, 0.00109044322744, 0.000927935936488, 0.000811737612821, 0.000451782281743, 0.000248883938184, 0.000290891388431, 0.000393221678678, 0.000153233821038, 0.000114905415103, 0.000122186000226, 0.000177055073436, 9.84744256129e-05, 5.87791328144e-05, 5.29276549059e-05, 6.20215505478e-05, 4.63921387563e-05, 6.34577008896e-05, 6.60524819978e-05, 4.21309196099e-05, 3.01680229313e-05, 2.52697973337e-05, 2.79153373413e-05, 2.41677917074e-05, 2.294135993e-05, 2.57554947893e-05, 2.03143517865e-05, 1.14117428893e-05, 9.39208439377e-06, 5.21395713804e-06, 2.4179544198e-06, 1.45397279994e-06, 1.03172442323e-06, 9.30766589136e-07, 8.64521666699e-07, 5.98142833041e-07, 4.6329589054e-07, 2.40131157625e-07],
        "median": [0.00077019847231, 0.00216468912549, 0.00196316535585, 0.000730716041289, 0.000665592262521, 0.000492423365358, 0.000323029584251, 0.000179452516022, 0.000189468380995, 0.000194954045583, 0.000103194157418, 7.49057944631e-05, 7.19940217095e-05, 0.000105610291939, 5.71115342609e-05, 2.98438008031e-05, 3.90481145587e-05, 5.07921431563e-05, 3.79143093596e-05, 5.22676527908e-05, 4.86865210405e-05, 3.48311987182e-05, 2.65773396677e-05, 2.33666778513e-05, 2.52819045272e-05, 2.16279568122e-05, 1.98123925657e-05, 2.26417068916e-05, 1.87036766874e-05, 1.03256024886e-05, 8.66486607265e-06, 4.54519476989e-06, 1.9975889245e-06, 1.22134190406e-06, 8.85075905899e-07, 7.23993821339e-07, 5.9308638356e-07, 2.87060089477e-07, 2.27881088222e-07, 1.20335201359e-07],
        "min": [7.24789015294e-06, 0.000154367313371, 7.72848725319e-05, 5.07016557094e-05, 2.59214029938e-05, 1.87436180568e-05, 1.05691688077e-05, 7.04458807377e-06, 9.97099323286e-06, 1.13857468023e-05, 3.19729178955e-06, 5.6362387113e-06, 6.367048627e-06, 7.82711140346e-06, 5.98242513661e-06, 3.31394812747e-06, 5.38274616702e-06, 5.73432498641e-06, 4.81124288854e-06, 4.99827638123e-06, 3.22170876643e-06, 4.61281661046e-06, 3.23556537296e-06, 3.04249851979e-06, 3.83482392863e-06, 3.95208235204e-06, 2.89214290206e-06, 2.91466676572e-06, 2.68762050837e-06, 2.42107876147e-06, 2.1689343157e-06, 1.02648550637e-06, 2.56928899489e-07, 1.49207650679e-07, 8.34700415453e-08, 6.00097393999e-08, 3.79184861288e-08, 2.1095910796e-08, 2.50252636391e-08, 1.17043734704e-08],
        "stdev": [0.0010430602124, 0.00320677296259, 0.00181722850539, 0.00113305798732, 0.000927604036406, 0.00112940836698, 0.00043825909961, 0.000351771130227, 0.00046011977247, 0.000677284726407, 0.000201811693842, 0.000149455940118, 0.000166017067386, 0.000210954996874, 0.00013896850578, 0.000116297174827, 5.61157576158e-05, 4.46489502792e-05, 3.51505987055e-05, 4.46982194262e-05, 5.7003708207e-05, 3.32879571943e-05, 1.66295340023e-05, 1.19442238429e-05, 1.3733416381e-05, 1.15475477287e-05, 1.34072524816e-05, 1.46558513734e-05, 1.05727094706e-05, 5.3875805861e-06, 4.32644537796e-06, 2.7694493383e-06, 1.65173685218e-06, 9.58685291153e-07, 7.27379017462e-07, 9.12703626454e-07, 1.11319491225e-06, 1.16912906378e-06, 8.27234373446e-07, 3.59616905143e-07],
        "var": [1.08797462417e-06, 1.02833928395e-05, 3.30231932821e-06, 1.28382032472e-06, 8.60449233642e-07, 1.27556324969e-06, 1.92071041738e-07, 1.23742935898e-07, 2.11710215581e-07, 4.58714623619e-07, 4.07279578951e-08, 2.23370779651e-08, 2.7561668503e-08, 4.45020091888e-08, 1.93122460246e-08, 1.35250326494e-08, 3.14897841136e-09, 1.99352867547e-09, 1.23556453957e-09, 1.99793070976e-09, 3.24942295293e-09, 1.10808817677e-09, 2.76541373134e-10, 1.42664491332e-10, 1.88606727458e-10, 1.3334586213e-10, 1.79754419682e-10, 2.14793974274e-10, 1.11782187673e-10, 2.90260229047e-11, 1.87181312117e-11, 7.66984999817e-12, 2.72823452198e-12, 9.19077531095e-13, 5.29080197622e-13, 8.33027928322e-13, 1.23920296767e-12, 1.36686267773e-12, 6.84316698359e-13, 1.2932431276e-13]
    },
    "melbands128": {
