{
"lowlevel": {
    "average_loudness": 0.873477399349,
    "barkbands_crest": {
        "dmean": 2.68961334229,
        "dmean2": 4.24665641785,
        "dvar": 5.72574090958,
        "dvar2": 13.242064476,
        "max": 25.8204536438,
        "mean": 10.9296379089,
        "median": 9.98625278473,
        "min": 2.91491627693,
        "stdev": 4.26181602478,
        "var": 18.1630744934
    },
    "barkbands_flatness_db": {
        "dmean": 0.0215459465981,
        "dmean2": 0.0322796627879,
        "dvar": 0.000382825994166,
        "dvar2": 0.000746218371205,
        "max": 0.419452816248,
        "mean": 0.242972254753,
        "median": 0.244055777788,
        "min": 0.0539511032403,
        "stdev": 0.0433292724192,
        "var": 0.00187742582057
    },
    "barkbands_kurtosis": {
        "dmean": 1.13124215603,
        "dmean2": 1.77056705952,
        "dvar": 2.81381058693,
        "dvar2": 6.38972949982,
        "max": 31.6763000488,
        "mean": 0.794067680836,
        "median": 0.0902215242386,
        "min": -1.76178920269,
        "stdev": 2.46543121338,
        "var": 6.07835102081
    },
    "barkbands_skewness": {
        "dmean": 0.419253706932,
        "dmean2": 0.635796010494,
        "dvar": 0.156793996692,
        "dvar2": 0.335874170065,
        "max": 5.60512065887,
        "mean": 0.483939319849,
        "median": 0.449959397316,
        "min": -2.4374320507,
        "stdev": 0.824797451496,
        "var": 0.680290877819
    },
    "barkbands_spread": {
        "dmean": 2.36877584457,
        "dmean2": 3.58135294914,
        "dvar": 6.84759044647,
        "dvar2": 14.448843956,
        "max": 69.4224014282,
        "mean": 11.6394081116,
        "median": 10.8000469208,
        "min": 1.58964371681,
        "stdev": 5.18730592728,
        "var": 26.9081420898
    },
    "dissonance": {
        "dmean": 0.0292055476457,
        "dmean2": 0.0493176169693,
        "dvar": 0.000661589554511,
        "dvar2": 0.00181212462485,
        "max": 0.499999970198,
        "mean": 0.440158754587,
        "median": 0.4465482831,
        "min": 0.277863711119,
        "stdev": 0.0357573479414,
        "var": 0.00127858784981
    },
    "dynamic_complexity": 3.416670084,
    "erbbands_crest": {
        "dmean": 3.32371973991,
        "dmean2": 5.22904062271,
        "dvar": 8.0279417038,
        "dvar2": 19.0836429596,
        "max": 30.2562255859,
        "mean": 12.7315855026,
        "median": 11.6130962372,
        "min": 3.68590664864,
        "stdev": 5.02007198334,
        "var": 25.2011203766
    },
    "erbbands_flatness_db": {
        "dmean": 0.017691610381,
        "dmean2": 0.0253663528711,
        "dvar": 0.000286160298856,
        "dvar2": 0.000531729543582,
        "max": 0.470060318708,
        "mean": 0.3097422719,
        "median": 0.313555777073,
        "min": 0.108714818954,
        "stdev": 0.0435909740627,
        "var": 0.00190017302521
    },
    "erbbands_kurtosis": {
        "dmean": 0.988355755806,
        "dmean2": 1.55140995979,
        "dvar": 1.37654769421,
        "dvar2": 3.24876904488,
        "max": 16.316608429,
        "mean": 0.76344615221,
        "median": 0.242231965065,
        "min": -1.65889978409,
        "stdev": 1.90611088276,
        "var": 3.63325881958
    },
    "erbbands_skewness": {
        "dmean": 0.381757050753,
        "dmean2": 0.573056399822,
        "dvar": 0.113188013434,
        "dvar2": 0.257724970579,
        "max": 3.09675240517,
        "mean": 0.200622469187,
        "median": 0.199983298779,
        "min": -2.63038015366,
        "stdev": 0.683663725853,
        "var": 0.467396110296
    },
    "erbbands_spread": {
        "dmean": 3.48433661461,
        "dmean2": 5.21997404099,
        "dvar": 12.8465585709,
        "dvar2": 26.1134128571,
        "max": 83.6646575928,
        "mean": 16.9143199921,
        "median": 15.6472167969,
        "min": 1.94861280918,
        "stdev": 7.89285469055,
        "var": 62.2971534729
    },
    "hfc": {
        "dmean": 6.94151830673,
        "dmean2": 9.58263492584,
        "dvar": 76.8332138062,
        "dvar2": 136.605072021,
        "max": 157.52204895,
        "mean": 25.9259643555,
        "median": 22.5860710144,
        "min": 1.14367314981e-16,
        "stdev": 21.5076980591,
        "var": 462.581115723
    },
    "loudness_ebu128": {
        "integrated": -10.6112108231,
        "loudness_range": 6.35590362549,
        "momentary": {
            "dmean": 0.711295187473,
            "dmean2": 0.947549045086,
            "dvar": 0.479585826397,
            "dvar2": 1.08770227432,
            "max": -6.02313566208,
            "mean": -11.6221990585,
            "median": -10.7510585785,
            "min": -23.3752975464,
            "stdev": 3.20182275772,
            "var": 10.2516689301
        },
        "short_term": {
            "dmean": 0.126954570413,
            "dmean2": 0.108106046915,
            "dvar": 0.0154549591243,
            "dvar2": 0.0157090816647,
            "max": -8.02496051788,
            "mean": -11.1372213364,
            "median": -10.5767908096,
            "min": -16.7106513977,
            "stdev": 2.38563156128,
            "var": 5.69123792648
        }
    },
    "melbands_crest": {
        "dmean": 3.44226026535,
        "dmean2": 5.39685297012,
        "dvar": 8.66660404205,
        "dvar2": 19.7139110565,
        "max": 30.6324920654,
        "mean": 13.6485433578,
        "median": 12.514462471,
        "min": 1.87662041187,
        "stdev": 5.31730556488,
        "var": 28.2737388611
    },
    "melbands_flatness_db": {
        "dmean": 0.0197389908135,
        "dmean2": 0.0287782084197,
        "dvar": 0.000355933385435,
        "dvar2": 0.000673037720844,
        "max": 0.454964071512,
        "mean": 0.2280125916,
        "median": 0.225222170353,
        "min": 0.0052598095499,
        "stdev": 0.0418321639299,
        "var": 0.00174993008841
    },
    "melbands_kurtosis": {
        "dmean": 1.74931979179,
        "dmean2": 2.71103858948,
        "dvar": 7.21383571625,
        "dvar2": 16.127117157,
        "max": 59.4718437195,
        "mean": 2.09130764008,
        "median": 0.956358790398,
        "min": -1.74897289276,
        "stdev": 4.16449975967,
        "var": 17.3430595398
    },
    "melbands_skewness": {
        "dmean": 0.451877504587,
        "dmean2": 0.681413948536,
        "dvar": 0.180176585913,
        "dvar2": 0.383622765541,
        "max": 7.10481262207,
        "mean": 0.870582103729,
        "median": 0.80557179451,
        "min": -2.07194876671,
        "stdev": 0.937911212444,
        "var": 0.879677414894
    },
    "melbands_spread": {
        "dmean": 4.72311925888,
        "dmean2": 7.18966197968,
        "dvar": 33.632900238,
        "dvar2": 67.7998886108,
        "max": 128.859848022,
        "mean": 20.8460559845,
        "median": 19.3357887268,
        "min": 2.22674608231,
        "stdev": 9.99466514587,
        "var": 99.8933258057
    },
    "pitch_salience": {
        "dmean": 0.0705679133534,
        "dmean2": 0.110028676689,
        "dvar": 0.00366287585348,
        "dvar2": 0.00837970897555,
        "max": 0.970919668674,
        "mean": 0.551324307919,
        "median": 0.549504876137,
        "min": 0.121629096568,
        "stdev": 0.11627253145,
        "var": 0.0135193020105
    },
    "silence_rate_20dB": {
        "dmean": 0,
        "dmean2": 0,
        "dvar": 0,
        "dvar2": 0,
        "max": 1,
        "mean": 1,
        "median": 1,
        "min": 1,
        "stdev": 0,
        "var": 0
    },
    "silence_rate_30dB": {
        "dmean": 0,
        "dmean2": 0,
        "dvar": 0,
        "dvar2": 0,
        "max": 1,
        "mean": 1,
        "median": 1,
        "min": 1,
        "stdev": 0,
        "var": 0
    },
    "silence_rate_60dB": {
        "dmean": 0.0468830503523,
        "dmean2": 0.093814432621,
        "dvar": 0.0446843579412,
        "dvar2": 0.0942938998342,
        "max": 1,
        "mean": 0.102471679449,
        "median": 0,
        "min": 0,
        "stdev": 0.303264677525,
        "var": 0.0919694602489
    },
    "spectral_centroid": {
        "dmean": 180.89251709,
        "dmean2": 264.149780273,
        "dvar": 77386.453125,
        "dvar2": 104855.96875,
        "max": 11255.5683594,
        "mean": 1505.93078613,
        "median": 1522.28588867,
        "min": 399.436706543,
        "stdev": 461.779052734,
        "var": 213239.90625
    },
    "spectral_complexity": {
        "dmean": 2.29778456688,
        "dmean2": 3.43865990639,
        "dvar": 4.28019952774,
        "dvar2": 8.17097759247,
        "max": 33,
        "mean": 13.6915550232,
        "median": 14,
        "min": 0,
        "stdev": 5.18405294418,
        "var": 26.8744068146
    },
    "spectral_decrease": {
        "dmean": 1.32492217197e-09,
        "dmean2": 1.87921078698e-09,
        "dvar": 2.33787338656e-18,
        "dvar2": 4.64578877287e-18,
        "max": -3.29499560187e-29,
        "mean": -4.96996133137e-09,
        "median": -4.33552038714e-09,
        "min": -2.48235192402e-08,
        "stdev": 3.80068465589e-09,
        "var": 1.44452039295e-17
    },
    "spectral_energy": {
        "dmean": 0.00559402955696,
        "dmean2": 0.00790085829794,
        "dvar": 4.17439114244e-05,
        "dvar2": 8.15371822682e-05,
        "max": 0.102029763162,
        "mean": 0.021109316498,
        "median": 0.0184857398272,
        "min": 1.04978170086e-20,
        "stdev": 0.0161759983748,
        "var": 0.000261662906269
    },
    "spectral_energyband_high": {
        "dmean": 0.000100718803878,
        "dmean2": 0.000141541400808,
        "dvar": 2.4654230657e-08,
        "dvar2": 4.88901115148e-08,
        "max": 0.00303214951418,
        "mean": 0.000247506570304,
        "median": 0.00016536610201,
        "min": 8.05153293673e-21,
        "stdev": 0.000282250897726,
        "var": 7.96655612589e-08
    },
    "spectral_energyband_low": {
        "dmean": 1.89060592675e-05,
        "dmean2": 2.88574628939e-05,
        "dvar": 5.41548006439e-09,
        "dvar2": 1.19504210971e-08,
        "max": 0.00173430633731,
        "mean": 2.53579655691e-05,
        "median": 7.75948365117e-07,
        "min": 5.49501700133e-23,
        "stdev": 9.78474199655e-05,
        "var": 9.5741174988e-09
    },
    "spectral_energyband_middle_high": {
        "dmean": 0.00405547488481,
        "dmean2": 0.00562229612842,
        "dvar": 2.56880302913e-05,
        "dvar2": 4.60060946352e-05,
        "max": 0.0915440544486,
        "mean": 0.0129837039858,
        "median": 0.00997173413634,
        "min": 1.30072727588e-21,
        "stdev": 0.0123730236664,
        "var": 0.000153091707034
    },
    "spectral_energyband_middle_low": {
        "dmean": 0.00317045790143,
        "dmean2": 0.00478599732742,
        "dvar": 2.14661358768e-05,
        "dvar2": 5.02372677147e-05,
        "max": 0.0798982977867,
        "mean": 0.00833571981639,
        "median": 0.00607144460082,
        "min": 2.52271482333e-22,
        "stdev": 0.00843941606581,
        "var": 7.12237379048e-05
    },
    "spectral_entropy": {
        "dmean": 0.164787977934,
        "dmean2": 0.237980127335,
        "dvar": 0.0247524902225,
        "dvar2": 0.0425074212253,
        "max": 9.8000421524,
        "mean": 6.82518100739,
        "median": 6.8180437088,
        "min": 5.33643198013,
        "stdev": 0.35820287466,
        "var": 0.128309309483
    },
    "spectral_flux": {
        "dmean": 0.0220558568835,
        "dmean2": 0.0345065183938,
        "dvar": 0.000417748407926,
        "dvar2": 0.00101121119224,
        "max": 0.26197758317,
        "mean": 0.0691453665495,
        "median": 0.0626807361841,
        "min": 1.02458853901e-10,
        "stdev": 0.0368029661477,
        "var": 0.00135445827618
    },
    "spectral_kurtosis": {
        "dmean": 4.22866535187,
        "dmean2": 7.32910013199,
        "dvar": 12.9262914658,
        "dvar2": 38.1427879333,
        "max": 37.2845153809,
        "mean": 8.79399967194,
        "median": 8.04665470123,
        "min": -1.15196204185,
        "stdev": 4.7211766243,
        "var": 22.2895069122
    },
    "spectral_rms": {
        "dmean": 0.000614701537415,
        "dmean2": 0.000835665792692,
        "dvar": 3.57283568064e-07,
        "dvar2": 5.94575510604e-07,
        "max": 0.00997703522444,
        "mean": 0.00415794411674,
        "median": 0.00424674712121,
        "min": 3.20027684908e-12,
        "stdev": 0.00181823922321,
        "var": 3.30599391418e-06
    },
    "spectral_rolloff": {
        "dmean": 243.653915405,
        "dmean2": 411.10760498,
        "dvar": 330616.8125,
        "dvar2": 541773.125,
        "max": 18540.0878906,
        "mean": 1801.29309082,
        "median": 1787.25585938,
        "min": 344.53125,
        "stdev": 703.382385254,
        "var": 494746.75
    },
    "spectral_skewness": {
        "dmean": 0.386759221554,
        "dmean2": 0.652323246002,
        "dvar": 0.101456031203,
        "dvar2": 0.290955334902,
        "max": 4.2911362648,
        "mean": 1.82305014133,
        "median": 1.77646303177,
        "min": 0.000163989316206,
        "stdev": 0.46802431345,
        "var": 0.219046756625
    },
    "spectral_spread": {
        "dmean": 293321.71875,
        "dmean2": 429323.96875,
        "dvar": 618784358400,
        "dvar2": 722028724224,
        "max": 38944768,
        "mean": 2505884.75,
        "median": 2358111.5,
        "min": 1537841.75,
        "stdev": 1272585.125,
        "var": 1.61947294106e+12
    },
    "spectral_strongpeak": {
        "dmean": 1.25657784939,
        "dmean2": 1.99523246288,
        "dvar": 2.19840025902,
        "dvar2": 4.92509651184,
        "max": 18.1921043396,
        "mean": 3.05407190323,
        "median": 2.31546545029,
        "min": 0,
        "stdev": 2.6882390976,
        "var": 7.2266292572
    },
    "zerocrossingrate": {
        "dmean": 0.00665506441146,
        "dmean2": 0.00754671404138,
        "dvar": 0.000148472783621,
        "dvar2": 0.00016876294103,
        "max": 0.50439453125,
        "mean": 0.0633963569999,
        "median": 0.06298828125,
        "min": 0.01513671875,
        "stdev": 0.0209382455796,
        "var": 0.00043841014849
    },
    "barkbands": {
        "dmean": [1.63595188951e-07, 4.41597762801e-07, 3.39967050422e-06, 4.58698050352e-05, 0.000219132940401, 0.00046626108815, 0.000472436106065, 0.000969067797996, 0.00183409627061, 0.00119410222396, 0.000962463906035, 0.000728170445655, 0.00107168895192, 0.000846998242196, 0.00143794238102, 0.000341882638168, 0.000435696361819, 0.00011458996596, 0.000126265775179, 6.91596360411e-05, 4.1476363549e-05, 2.89902891382e-05, 4.58537942905e-06, 3.61224147127e-06, 1.79496487362e-06, 6.07571905675e-07, 4.11458067617e-08],
        "dmean2": [2.91015027187e-07, 7.46693501696e-07, 4.9185628086e-06, 7.23553312127e-05, 0.000328720372636, 0.000718728988431, 0.000722673721611, 0.00145895697642, 0.00276746903546, 0.00179577677045, 0.00139325589407, 0.00110595976003, 0.00154739420395, 0.00120572187006, 0.00205141329207, 0.000473952532047, 0.000651185109746, 0.000169192644535, 0.00018677591288, 0.00010306337208, 6.03300650255e-05, 4.24920508522e-05, 6.72818259773e-06, 5.15973806614e-06, 2.81253028334e-06, 9.88881879493e-07, 7.38177163839e-08],
        "dvar": [6.6667821437e-12, 1.27594783697e-11, 3.0601401968e-10, 2.21363407604e-08, 2.19789697553e-07, 7.85133920544e-07, 1.09632196654e-06, 6.09030166743e-06, 1.76367702807e-05, 4.59655939267e-06, 3.98180918637e-06, 3.49712149728e-06, 3.74533260583e-06, 5.34900664206e-06, 1.17102081276e-05, 4.1818191221e-07, 7.0175218525e-07, 4.21359089842e-08, 4.36622045186e-08, 1.12095888127e-08, 3.604087917e-09, 4.43465930644e-09, 2.96475261008e-10, 2.83208373419e-10, 8.34292773755e-11, 2.05557567495e-11, 1.42962085312e-13],
        "dvar2": [1.29715830091e-11, 2.63675227485e-11, 4.83155682129e-10, 5.1363112874e-08, 4.87346596856e-07, 1.81398343102e-06, 2.58537033915e-06, 1.33326766445e-05, 3.94754388253e-05, 1.1114307199e-05, 8.25931510917e-06, 8.0345216702e-06, 6.98311214364e-06, 1.0756220945e-05, 2.3960672479e-05, 7.1836097959e-07, 1.68809958723e-06, 8.42704679371e-08, 9.56656478479e-08, 2.44700260055e-08, 7.62925633779e-09, 9.30469123972e-09, 6.15223649802e-10, 6.07880801251e-10, 1.61432187062e-10, 5.24116548772e-11, 4.12689142842e-13],
        "max": [8.83440225152e-05, 0.000133332170662, 0.000613401818555, 0.00245787971653, 0.00788754131645, 0.0192759670317, 0.018286306411, 0.0440516769886, 0.0778260827065, 0.0335723608732, 0.0390328653157, 0.0374431498349, 0.0386377461255, 0.0603425167501, 0.061668228358, 0.010391083546, 0.0136998659, 0.0042415484786, 0.00393001409248, 0.00152099307161, 0.000701740151271, 0.00163532746956, 0.000463675911305, 0.000386520259781, 0.000217368724407, 0.000119457465189, 9.69820575847e-06],
        "mean": [1.64806877478e-07, 4.22088334062e-07, 3.96025461669e-06, 6.64260151098e-05, 0.000393733178498, 0.00112175114919, 0.000771140563302, 0.00167876994237, 0.00334161194041, 0.00200332864188, 0.00167105766013, 0.00127722811885, 0.0017542183632, 0.00201899954118, 0.00271205394529, 0.000639240839519, 0.000844088441227, 0.000229630895774, 0.000280896027107, 0.000138366784086, 8.45320901135e-05, 6.19877901045e-05, 7.25547397451e-06, 5.21149740962e-06, 2.63715446636e-06, 6.31707280263e-07, 2.90774586631e-08],
        "median": [2.13657216364e-08, 1.20810540238e-07, 1.82233833357e-07, 9.0094368943e-07, 7.42279080441e-05, 0.000324364111293, 0.000239369663177, 0.000115893089969, 0.000706170860212, 0.000543037662283, 0.000421069242293, 0.000255221093539, 0.000586642068811, 0.000176048662979, 0.00100519706029, 0.000164102442795, 0.000302987929899, 0.000107061168819, 0.000160962459631, 7.60697585065e-05, 4.48456412414e-05, 2.45088194788e-05, 2.97041947306e-06, 1.64446487361e-06, 8.24802100396e-07, 9.25021552689e-08, 1.52120183117e-09],
        "min": [3.91410030422e-23, 1.84393617577e-23, 1.14567933762e-23, 1.76623842532e-23, 3.71705294752e-23, 3.9126547955e-23, 4.55346512593e-23, 2.6692572854e-23, 8.25512581946e-23, 6.09048960227e-23, 3.6458651928e-23, 7.25678195423e-23, 3.95191482503e-23, 7.57378476236e-23, 7.30205184168e-23, 2.79334914476e-22, 1.79867531289e-22, 1.81244238719e-22, 2.00091387922e-22, 4.19125635963e-22, 6.49462392754e-22, 5.64884033401e-22, 5.22679697293e-22, 1.05055411307e-21, 1.2210188515e-21, 1.41366348083e-21, 2.48327919967e-21],
        "stdev": [2.71259341389e-06, 3.70074258171e-06, 2.40301142185e-05, 0.000191715123947, 0.000712906417903, 0.00206394889392, 0.00147670286242, 0.00402888050303, 0.00693679926917, 0.00327712181024, 0.00337180821225, 0.00299111800268, 0.00314584025182, 0.00643169088289, 0.00517344521359, 0.00122001732234, 0.00137754459865, 0.000337200792274, 0.000382459140383, 0.000185353055713, 0.000105353625258, 0.000102340258309, 2.0200277504e-05, 2.12415161513e-05, 1.20551485452e-05, 4.46401281806e-06, 2.95551870977e-07],
        "var": [7.35816269026e-12, 1.36954952587e-11, 5.7744642401e-10, 3.67546881819e-08, 5.08235586949e-07, 4.25988537245e-06, 2.18065133595e-06, 1.62318792718e-05, 4.81191818835e-05, 1.07395271698e-05, 1.13690912258e-05, 8.94678760233e-06, 9.89631098491e-06, 4.13666457462e-05, 2.67645355052e-05, 1.48844230807e-06, 1.89762909031e-06, 1.13704373916e-07, 1.46274985013e-07, 3.43557537974e-08, 1.1099386299e-08, 1.04735278228e-08, 4.08051203937e-10, 4.51202020191e-10, 1.45326611856e-10, 1.99274086815e-11, 8.73509164306e-14]
    },
    "erbbands": {
        "dmean": [1.8692759113e-05, 0.00012268833234, 0.00311446981505, 0.0743774026632, 0.406663715839, 0.893722653389, 1.60733771324, 4.8169965744, 5.09480285645, 8.44725799561, 29.8240013123, 48.6818847656, 38.2514839172, 33.7376060486, 26.0650272369, 35.8171577454, 44.7169837952, 48.0777359009, 65.4363555908, 43.3020935059, 18.7548046112, 15.125421524, 7.96556377411, 5.22215366364, 5.9987487793, 3.0930891037, 1.94591212273, 1.61219549179, 1.12179589272, 0.297859430313, 0.124728403986, 0.0903116241097, 0.0540719740093, 0.0257648080587, 0.0100483736023, 0.00342833693139, 0.00107825838495, 0.000195818196516, 7.38206199458e-06, 6.91029890731e-06],
        "dmean2": [3.07024929498e-05, 0.000193866537302, 0.00456772698089, 0.114680409431, 0.602906286716, 1.3586204052, 2.4052760601, 7.38114786148, 7.51182937622, 13.2230567932, 44.5616111755, 74.0807495117, 58.5170707703, 51.5283737183, 37.5182762146, 54.3613739014, 64.2875366211, 68.7110671997, 93.032119751, 61.2263793945, 26.7241859436, 22.3558864594, 11.8277254105, 7.65310382843, 9.06821346283, 4.59077215195, 2.80802607536, 2.3256289959, 1.68074131012, 0.436161726713, 0.182353913784, 0.136552065611, 0.0775767564774, 0.0388908572495, 0.0161025580019, 0.00544182211161, 0.001778380014, 0.000339685444487, 1.16463988888e-05, 9.73740316113e-06],
        "dvar": [6.45389164333e-08, 1.22690281046e-07, 0.000151663582074, 0.0601146146655, 1.00948023796, 4.61587190628, 13.8425798416, 97.7103729248, 100.583114624, 309.545501709, 5057.33398438, 13921.0136719, 6030.61328125, 4179.81982422, 2870.65112305, 8427.33886719, 6861.13720703, 12894.953125, 40862.8320312, 5705.21337891, 871.461791992, 756.110046387, 240.950164795, 67.6902694702, 125.134979248, 22.1035137177, 7.68284034729, 5.90414571762, 6.71609592438, 1.29220104218, 0.201122626662, 0.175064399838, 0.0873846784234, 0.0121540753171, 0.00404651742429, 0.000672347727232, 5.68275318074e-05, 2.93865514323e-06, 1.38443623232e-09, 6.33413113627e-11],
        "dvar2": [1.31064552988e-07, 2.67852328761e-07, 0.000266622868367, 0.139379501343, 2.06567144394, 10.1326131821, 30.4166908264, 218.284713745, 202.549804688, 758.389770508, 11080.3398438, 31737.7109375, 15314.5380859, 8904.89355469, 5844.81884766, 19262.7890625, 12718.6455078, 24630.6152344, 83113.3203125, 12024.1816406, 1827.60717773, 1893.01806641, 567.243774414, 129.248214722, 279.936584473, 47.861831665, 15.9199123383, 11.7122735977, 14.2202262878, 2.94552993774, 0.426082909107, 0.414313316345, 0.190174713731, 0.0221201982349, 0.00810556393117, 0.00163086305838, 0.000151713291416, 8.36441267893e-06, 3.79587117294e-09, 1.2228393298e-10],
        "max": [0.00941835064441, 0.00866948440671, 0.396333754063, 3.98552942276, 14.7562294006, 44.2299957275, 73.9254226685, 198.453964233, 218.256011963, 304.493438721, 1229.92871094, 2042.27514648, 1083.6673584, 1130.43615723, 929.483276367, 1832.03222656, 1579.08068848, 3066.3293457, 3829.49829102, 1355.73498535, 526.799621582, 482.101379395, 267.599578857, 188.729049683, 211.540084839, 69.2560272217, 35.1609306335, 34.6749534607, 61.8211898804, 36.1014099121, 11.9493427277, 9.06440639496, 8.33061599731, 2.70502543449, 1.42956674099, 0.763294219971, 0.14547906816, 0.0442436747253, 0.000912853691261, 0.000123216188513],
        "mean": [2.08266465052e-05, 0.00015646214888, 0.00447115162387, 0.113536655903, 0.694966197014, 1.54598283768, 3.20953416824, 11.2132806778, 9.60538291931, 14.6330537796, 53.9143447876, 87.3206253052, 68.2835845947, 70.2043991089, 47.1939353943, 65.6930618286, 79.4004516602, 124.606048584, 124.377555847, 94.7081680298, 40.3998680115, 31.7244586945, 16.8861026764, 12.6828861237, 12.4876995087, 6.69283771515, 4.18503475189, 3.65834283829, 2.28520274162, 0.545497894287, 0.197658449411, 0.132180675864, 0.0749697834253, 0.0392935350537, 0.0138094983995, 0.00375153077766, 0.00103847973514, 0.000161669537192, 1.66264380823e-05, 2.63910205831e-05],
        "median": [6.08374466537e-06, 5.05907009938e-05, 0.000348358065821, 0.00450133206323, 0.0447366498411, 0.25131136179, 0.863308191299, 2.52384090424, 4.36515331268, 5.67041444778, 8.10401916504, 23.9306964874, 23.2149543762, 23.9213352203, 18.8617038727, 16.9216651917, 32.870136261, 27.3019123077, 37.8239746094, 36.8802642822, 20.5325508118, 13.6339435577, 8.65395736694, 7.32412242889, 6.36035919189, 4.0195608139, 2.28864336014, 1.96814322472, 1.09987854958, 0.301872491837, 0.0868487358093, 0.0419357568026, 0.0228367783129, 0.0134497284889, 0.00373066798784, 0.000713451765478, 0.000146099075209, 2.00042377401e-05, 1.27408038679e-05, 2.33794489759e-05],
        "min": [6.46653795496e-22, 4.02077349633e-21, 9.02455502324e-21, 5.27763784405e-20, 3.23277499152e-20, 2.38047070656e-19, 1.42143634115e-19, 4.27807938344e-19, 6.20291936307e-19, 5.57723632882e-19, 6.78066728082e-19, 2.33800738982e-18, 1.19718728934e-18, 2.43530885207e-18, 1.73553700811e-18, 2.62162859671e-18, 2.14852471331e-18, 2.83628982388e-18, 3.74118405498e-18, 8.05567623918e-18, 1.46614752638e-17, 1.1362716204e-17, 9.19555676588e-18, 9.45419711827e-18, 1.23755426158e-17, 1.57776099166e-17, 2.64215979854e-17, 2.60926828497e-17, 2.29644197763e-17, 2.16618915529e-17, 1.27272879364e-17, 2.16596780176e-17, 1.67337777652e-17, 1.50581116762e-17, 7.52655444393e-18, 5.86764413904e-18, 2.30397635224e-18, 1.19282608296e-18, 3.3508212905e-19, 3.87621390998e-20],
        "stdev": [0.000263034919044, 0.000417797418777, 0.0177282094955, 0.323746830225, 1.49189329147, 3.22356319427, 6.69008255005, 22.2264080048, 15.3476991653, 23.9170246124, 116.241630554, 189.529083252, 111.993873596, 117.254005432, 78.1453018188, 148.371826172, 134.457733154, 332.901306152, 307.551544189, 146.803787231, 52.7188835144, 47.8568840027, 25.0335636139, 16.9966831207, 18.6951980591, 8.24174499512, 5.21478128433, 4.68346214294, 3.55244064331, 1.21429347992, 0.524391531944, 0.47445628047, 0.363787531853, 0.156742423773, 0.0774253085256, 0.026692956686, 0.00718428660184, 0.00141057430301, 3.30000475515e-05, 2.00466165552e-05],
        "var": [6.91873651704e-08, 1.74554685373e-07, 0.000314289442031, 0.104812011123, 2.22574543953, 10.3913602829, 44.7572059631, 494.013244629, 235.551879883, 572.024047852, 13512.1171875, 35921.2734375, 12542.6269531, 13748.5009766, 6106.68847656, 22014.1972656, 18078.8808594, 110823.289062, 94587.9609375, 21551.3535156, 2779.28051758, 2290.28125, 626.679321289, 288.887207031, 349.510406494, 67.926361084, 27.193944931, 21.9348182678, 12.6198348999, 1.47450876236, 0.274986475706, 0.225108772516, 0.132341369987, 0.0245681852102, 0.00599467894062, 0.000712513981853, 5.16139734827e-05, 1.98971974896e-06, 1.08900322093e-09, 4.01866817601e-10]
    },
    "gfcc": {
        "mean": [-88.3111190796, 78.5892105103, -233.287750244, -22.9898452759, -85.1379394531, -21.4193077087, -44.1963424683, -16.2389659882, -20.3790149689, -6.76006984711, -13.3324384689, -11.4837055206, 2.0861325264],
        "cov": [[3793.14013672, -700.353088379, -805.892028809, -305.847442627, -470.222137451, -83.2455062866, 111.508132935, 70.1187591553, 72.1552505493, 46.3780441284, 10.368429184, -38.2943000793, 55.0008926392], [-700.353088379, 1218.9934082, 581.926818848, 237.765441895, 251.329421997, -38.8213043213, -96.8452758789, -111.241531372, -197.718978882, -307.274108887, 13.2538347244, -215.808441162, -119.936058044], [-805.892028809, 581.926818848, 952.63092041, 294.621337891, 163.536056519, 114.093940735, -232.063980103, -13.8289880753, -282.915649414, -191.421020508, -41.0554962158, -102.278503418, -199.042251587], [-305.847442627, 237.765441895, 294.621337891, 325.784973145, 155.910095215, 34.5227127075, -115.330612183, -62.2916107178, -105.94506073, -101.816444397, -47.1121025085, -55.3478088379, -65.0908126831], [-470.222137451, 251.329421997, 163.536056519, 155.910095215, 296.141113281, 51.8224639893, -47.1398277283, -36.1088981628, -54.7028770447, -49.3862838745, -37.8008422852, -37.917842865, -50.7606887817], [-83.2455062866, -38.8213043213, 114.093940735, 34.5227127075, 51.8224639893, 179.577285767, 16.4945201874, 4.69489240646, -45.4615364075, -25.6921291351, -15.958070755, -34.0091323853, -59.6591567993], [111.508132935, -96.8452758789, -232.063980103, -115.330612183, -47.1398277283, 16.4945201874, 217.173080444, 44.1104240417, 67.0207138062, 32.8950843811, 0.462471455336, 2.04990792274, 19.3093013763], [70.1187591553, -111.241531372, -13.8289880753, -62.2916107178, -36.1088981628, 4.69489240646, 44.1104240417, 153.67326355, 26.9910545349, 4.80352115631, 1.35289978981, 1.78097474575, -27.9529132843], [72.1552505493, -197.718978882, -282.915649414, -105.94506073, -54.7028770447, -45.4615364075, 67.0207138062, 26.9910545349, 199.435089111, 116.640144348, 22.443315506, 70.5867156982, 91.0388641357], [46.3780441284, -307.274108887, -191.421020508, -101.816444397, -49.3862838745, -25.6921291351, 32.8950843811, 4.80352115631, 116.640144348, 216.816085815, 30.7672767639, 99.5098342896, 81.7844619751], [10.368429184, 13.2538347244, -41.0554962158, -47.1121025085, -37.8008422852, -15.958070755, 0.462471455336, 1.35289978981, 22.443315506, 30.7672767639, 137.661315918, 20.6801185608, 6.37552404404], [-38.2943000793, -215.808441162, -102.278503418, -55.3478088379, -37.917842865, -34.0091323853, 2.04990792274, 1.78097474575, 70.5867156982, 99.5098342896, 20.6801185608, 167.029632568, 89.2018508911], [55.0008926392, -119.936058044, -199.042251587, -65.0908126831, -50.7606887817, -59.6591567993, 19.3093013763, -27.9529132843, 91.0388641357, 81.7844619751, 6.37552404404, 89.2018508911, 173.233139038]],
        "icov": [[0.000455903704278, -5.25642790308e-05, 0.000700201024301, -6.88073050696e-05, 0.000690466258675, -0.000189230559045, 0.000467011879664, -0.00023324265203, 0.000577471277211, -3.20722319884e-05, 0.000200085400138, 0.000167304839124, 0.000263138179434], [-5.25642790308e-05, 0.00396886700764, -0.00317803141661, 0.00106408330612, -0.0027829229366, 0.00347125553526, -0.00233246851712, 0.00280572008342, -0.00192493700888, 0.00393300969154, -0.00232613482513, 0.00336107658222, -0.00188475800678], [0.000700201024301, -0.00317803141661, 0.00631632329896, -0.0018722814275, 0.00304364855401, -0.00380912423134, 0.00438474863768, -0.00338933174498, 0.00461270473897, -0.00289600435644, 0.00210028374568, -0.00290737743489, 0.00303856935352], [-6.88073050696e-05, 0.00106408330612, -0.0018722814275, 0.00646229833364, -0.00281690526754, 0.00107915722765, 0.000689927081112, 0.00236507086083, -0.000813269871287, 0.00226710317656, 0.000370882393327, 0.000999843236059, -0.00028496485902], [0.000690466258675, -0.0027829229366, 0.00304364855401, -0.00281690526754, 0.00764439208433, -0.00342750479467, 0.00214662449434, -0.00172666704748, 0.00174951262306, -0.00289226416498, 0.00242648739368, -0.00197276100516, 0.00220697233453], [-0.000189230559045, 0.00347125553526, -0.00380912423134, 0.00107915722765, -0.00342750479467, 0.0101153189316, -0.00392035534605, 0.00281298696063, -0.00141545268707, 0.00272805523127, -0.0016981967492, 0.00305115664378, -0.000190325532458], [0.000467011879664, -0.00233246851712, 0.00438474863768, 0.000689927081112, 0.00214662449434, -0.00392035534605, 0.00945653300732, -0.00317452917807, 0.00141642836388, -0.00177410908509, 0.0021255009342, -0.00119269511197, 0.00187580520287], [-0.00023324265203, 0.00280572008342, -0.00338933174498, 0.00236507086083, -0.00172666704748, 0.00281298696063, -0.00317452917807, 0.0104907723144, -0.00380856893025, 0.00341942324303, -0.00111230858602, 0.00145827559754, 0.00119758676738], [0.000577471277211, -0.00192493700888, 0.00461270473897, -0.000813269871287, 0.00174951262306, -0.00141545268707, 0.00141642836388, -0.00380856893025, 0.0131118111312, -0.00507709337398, 0.000901353429072, -0.00184318504762, -0.000846727751195], [-3.20722319884e-05, 0.00393300969154, -0.00289600435644, 0.00226710317656, -0.00289226416498, 0.00272805523127, -0.00177410908509, 0.00341942324303, -0.00507709337398, 0.0124036278576, -0.00284030288458, 0.000142860313645, -0.00205764523707], [0.000200085400138, -0.00232613482513, 0.00210028374568, 0.000370882393327, 0.00242648739368, -0.0016981967492, 0.0021255009342, -0.00111230858602, 0.000901353429072, -0.00284030288458, 0.009451742284, -0.00249697384425, 0.00239345803857], [0.000167304839124, 0.00336107658222, -0.00290737743489, 0.000999843236059, -0.00197276100516, 0.00305115664378, -0.00119269511197, 0.00145827559754, -0.00184318504762, 0.000142860313645, -0.00249697384425, 0.0130812283605, -0.00559273269027], [0.000263138179434, -0.00188475800678, 0.00303856935352, -0.00028496485902, 0.00220697233453, -0.000190325532458, 0.00187580520287, 0.00119758676738, -0.000846727751195, -0.00205764523707, 0.00239345803857, -0.00559273269027, 0.012541776523]]
    },
    "melbands": {
        "dmean": [1.40727962616e-07, 1.65380231465e-06, 2.11593851418e-05, 4.73125546705e-05, 5.30920478923e-05, 9.97801253106e-05, 8.63273089635e-05, 0.000102850535768, 0.000281062966678, 0.000294845696772, 0.000192258754396, 0.000135758382385, 0.000102956131741, 9.21737300814e-05, 6.16019460722e-05, 0.000132912493427, 8.67637281772e-05, 9.89430045593e-05, 8.69169671205e-05, 4.23329038313e-05, 2.39598739427e-05, 2.00972026505e-05, 1.07161786218e-05, 6.15548879068e-06, 4.2860456233e-06, 5.5262216847e-06, 2.65666562882e-06, 2.44322586695e-06, 1.40313602515e-06, 1.28922908971e-06, 1.00561305771e-06, 8.73659928402e-07, 2.80178483081e-07, 1.2554792761e-07, 7.58755760444e-08, 6.95707242926e-08, 5.15130196277e-08, 4.32636184655e-08, 2.73236615556e-08, 2.11910169412e-08],
        "dmean2": [2.36694447153e-07, 2.4584107905e-06, 3.20170474879e-05, 6.94625414326e-05, 7.95752712293e-05, 0.000153068598593, 0.000129064646899, 0.000160744079039, 0.000422419776442, 0.000447528407676, 0.000292064447422, 0.000209643927519, 0.000148287406773, 0.000139036666951, 9.20986421988e-05, 0.000188058096683, 0.000124811311252, 0.000141426440678, 0.000124178157421, 5.91035932302e-05, 3.46505512425e-05, 2.9224635e-05, 1.66331174114e-05, 9.05258275452e-06, 6.30146905678e-06, 8.44102851261e-06, 4.02233581553e-06, 3.62237733498e-06, 2.00980821319e-06, 1.91361755242e-06, 1.47198636569e-06, 1.31651472657e-06, 4.26609290116e-07, 1.86104173849e-07, 1.16937329153e-07, 1.05783229287e-07, 7.85982692264e-08, 6.54161027569e-08, 4.04402200616e-08, 3.3085537865e-08],
        "dvar": [2.78612679802e-12, 4.29975013927e-11, 3.13126324869e-09, 1.17258487364e-08, 1.28165895674e-08, 3.82921321318e-08, 2.81846546102e-08, 3.89421330738e-08, 4.16405981696e-07, 4.70999452773e-07, 1.54246890816e-07, 6.44582272002e-08, 4.58499087586e-08, 5.14585885014e-08, 1.38565718899e-08, 6.34880663597e-08, 5.96185003587e-08, 1.00418439786e-07, 3.2375631065e-08, 5.77607828234e-09, 2.01308592018e-09, 1.19786902619e-09, 1.23766363824e-09, 1.79375708731e-10, 5.47512798987e-11, 1.05411658569e-10, 2.36214520166e-11, 1.78574637716e-11, 4.95861685046e-12, 3.93818051087e-12, 2.60312344597e-12, 3.55539165817e-12, 1.56120429085e-12, 2.09249325224e-13, 7.23128154578e-14, 9.86504443672e-14, 6.15014698782e-14, 6.83252011826e-14, 1.46225923487e-14, 8.43619065664e-15],
        "dvar2": [5.60053912968e-12, 8.16108777779e-11, 6.98276103606e-09, 2.53791672122e-08, 2.86322396903e-08, 8.53595523154e-08, 5.96558464849e-08, 9.312790894e-08, 9.19423314372e-07, 1.08454764813e-06, 3.89208565821e-07, 1.3838086943e-07, 9.14063775781e-08, 1.2067738453e-07, 3.01437772521e-08, 1.12587734691e-07, 1.14026349252e-07, 2.07779820016e-07, 6.81530920588e-08, 1.10451692237e-08, 4.42207559459e-09, 2.54463250471e-09, 3.40626016282e-09, 3.28380128645e-10, 1.03818786901e-10, 2.51932058548e-10, 4.68982908064e-11, 3.85131024294e-11, 9.8590632186e-12, 8.59513675511e-12, 5.2072313475e-12, 7.50044731185e-12, 3.82368399096e-12, 4.53509354636e-13, 1.54513703807e-13, 2.57622753425e-13, 1.44058457654e-13, 1.62343459531e-13, 2.58980357504e-14, 1.67350586378e-14],
        "max": [6.1704107793e-05, 0.000201055896468, 0.000788262637798, 0.0020417147316, 0.00246383855119, 0.00411176681519, 0.00295476894826, 0.00266668153927, 0.00956602301449, 0.0121085969731, 0.00565643562004, 0.00414884695783, 0.00476588914171, 0.00465111527592, 0.00166028609965, 0.00534471962601, 0.00700209196657, 0.0058018239215, 0.0027861171402, 0.00135644420516, 0.000803039234597, 0.000609854003415, 0.000783611671068, 0.000342131621437, 0.000174300497747, 0.000162847238244, 9.94088914013e-05, 6.69234723318e-05, 2.91298347292e-05, 2.71532553597e-05, 2.47042025876e-05, 3.35859003826e-05, 4.01482066081e-05, 1.39141102409e-05, 7.61993896958e-06, 8.40710345074e-06, 5.92399874222e-06, 7.74338150222e-06, 3.35414961228e-06, 2.13248836189e-06],
        "mean": [1.40168651797e-07, 2.22888479584e-06, 3.49271467712e-05, 8.4431587311e-05, 0.000103054167994, 0.000240352470428, 0.00015944171173, 0.000172090891283, 0.000486412434839, 0.000528084521648, 0.000321065483149, 0.000272465142189, 0.000180174174602, 0.00015942461323, 0.000107619649498, 0.000223770664888, 0.000229139550356, 0.000179244598257, 0.000178695641807, 8.2922008005e-05, 4.5244818466e-05, 3.92893089156e-05, 2.04436128115e-05, 1.24729431263e-05, 9.46996806306e-06, 1.07927671706e-05, 5.23445805811e-06, 4.68967255074e-06, 2.82096402771e-06, 2.27724262913e-06, 2.21180698645e-06, 1.65509595718e-06, 4.69236738354e-07, 1.98449413347e-07, 1.08697570056e-07, 9.86503962963e-08, 7.1324436135e-08, 5.52685719413e-08, 4.108376217e-08, 3.02570626332e-08],
        "median": [3.53559350685e-08, 1.07228743218e-07, 1.44597447616e-06, 1.23757381516e-05, 3.16168370773e-05, 6.24641470495e-05, 6.69775981805e-05, 5.85456364206e-05, 6.03778134973e-05, 0.000127836232423, 7.95101950644e-05, 8.00610287115e-05, 5.14528182975e-05, 4.46263402409e-05, 3.53421710315e-05, 7.41901385481e-05, 2.5935631129e-05, 3.47032546415e-05, 5.31837577e-05, 1.91620201804e-05, 1.79349299287e-05, 1.49551897266e-05, 6.04383012615e-06, 4.85543114337e-06, 4.12078043155e-06, 5.31036994289e-06, 2.29005945585e-06, 2.24377981795e-06, 1.19038463708e-06, 1.11667804958e-06, 9.30492774387e-07, 6.03580929237e-07, 2.03872943416e-07, 9.05172328203e-08, 4.40125980106e-08, 2.82832530729e-08, 2.09229664705e-08, 1.47576297849e-08, 1.25676375973e-08, 9.56301615673e-09],
        "min": [7.11375437236e-24, 5.76057984644e-24, 7.40583801113e-24, 8.43970096971e-24, 6.71177925405e-24, 8.64880669644e-24, 9.8695058384e-24, 5.66878128619e-24, 6.0478541947e-24, 1.47200482504e-23, 5.70282891729e-24, 1.04594949094e-23, 5.01364334846e-24, 8.08456841195e-24, 5.73119043898e-24, 4.32653642811e-24, 5.55833208199e-24, 6.30994258083e-24, 6.20830416408e-24, 1.70801938611e-23, 1.61549452162e-23, 1.15692391873e-23, 8.00850959892e-24, 9.25032733617e-24, 7.21992952818e-24, 8.84142523025e-24, 8.27853510905e-24, 1.1769951434e-23, 1.81417182273e-23, 1.66068804734e-23, 1.35325995956e-23, 1.3243095532e-23, 9.77666479846e-24, 1.29445266677e-23, 7.18814001142e-24, 7.72625911133e-24, 1.51174716413e-23, 1.24320597467e-23, 9.75688253354e-24, 1.42682423664e-23],
        "stdev": [1.74138222064e-06, 9.30423357204e-06, 7.80668269726e-05, 0.000169848994119, 0.000196477776626, 0.000459632719867, 0.00025724992156, 0.000273297482636, 0.00102878303733, 0.00110882113222, 0.000563899229746, 0.000459098664578, 0.00034073626739, 0.000347312336089, 0.000193858941202, 0.000418255309341, 0.000745616795029, 0.000486726901727, 0.000299719686154, 0.00015363379498, 7.09385058144e-05, 6.1329214077e-05, 5.56699815206e-05, 2.24074537982e-05, 1.53288201545e-05, 1.60140752996e-05, 8.67181915964e-06, 7.11004759069e-06, 4.16939292336e-06, 3.23916242451e-06, 3.23979725181e-06, 2.7500352644e-06, 1.23370398342e-06, 5.06615776885e-07, 3.02305465993e-07, 3.31257638209e-07, 2.82793791939e-07, 2.9227268783e-07, 1.77925926437e-07, 1.20079761246e-07],
