{
"lowlevel": {
    "average_loudness": 0.97943764925,
    "barkbands_crest": {
        "dmean": 2.37362384796,
        "dmean2": 3.81370401382,
        "dvar": 4.34475851059,
        "dvar2": 10.7030210495,
        "max": 20.1518497467,
        "mean": 7.44493484497,
        "median": 6.89136600494,
        "min": 1.95008599758,
        "stdev": 3.03132247925,
        "var": 9.18891525269
    },
    "barkbands_flatness_db": {
        "dmean": 0.0178940389305,
        "dmean2": 0.0260137878358,
        "dvar": 0.000263914495008,
        "dvar2": 0.000558924628422,
        "max": 0.251967400312,
        "mean": 0.100246019661,
        "median": 0.0945168361068,
        "min": 0.0256365351379,
        "stdev": 0.03150241822,
        "var": 0.000992402434349
    },
    "barkbands_kurtosis": {
        "dmean": 0.944880962372,
        "dmean2": 1.50092983246,
        "dvar": 2.20163035393,
        "dvar2": 4.78891277313,
        "max": 22.2567691803,
        "mean": -0.059944935143,
        "median": -0.532409906387,
        "min": -1.88880562782,
        "stdev": 1.8348493576,
        "var": 3.36667203903
    },
    "barkbands_skewness": {
        "dmean": 0.432988137007,
        "dmean2": 0.676507592201,
        "dvar": 0.166899994016,
        "dvar2": 0.37536880374,
        "max": 4.32445764542,
        "mean": 0.741627752781,
        "median": 0.678102076054,
        "min": -1.22006487846,
        "stdev": 0.636273443699,
        "var": 0.404843866825
    },
    "barkbands_spread": {
        "dmean": 6.10695362091,
        "dmean2": 9.54264545441,
        "dvar": 36.0480651855,
        "dvar2": 83.9252243042,
        "max": 94.7063369751,
        "mean": 30.6301670074,
        "median": 29.8798732758,
        "min": 5.99299907684,
        "stdev": 9.49459552765,
        "var": 90.1473388672
    },
    "dissonance": {
        "dmean": 0.0121966665611,
        "dmean2": 0.0201260726899,
        "dvar": 0.000132999324705,
        "dvar2": 0.000358776800567,
        "max": 0.500000059605,
        "mean": 0.479905843735,
        "median": 0.483125895262,
        "min": 0.394462704659,
        "stdev": 0.0142644122243,
        "var": 0.000203473464353
    },
    "dynamic_complexity": 1.42074072361,
    "erbbands_crest": {
        "dmean": 1.97728085518,
        "dmean2": 3.24320101738,
        "dvar": 3.70172357559,
        "dvar2": 8.98426532745,
        "max": 24.7962322235,
        "mean": 6.32578611374,
        "median": 5.72511196136,
        "min": 2.62908291817,
        "stdev": 2.4829454422,
        "var": 6.16501808167
    },
    "erbbands_flatness_db": {
        "dmean": 0.0170767921954,
        "dmean2": 0.0244617238641,
        "dvar": 0.000259535416262,
        "dvar2": 0.00053754739929,
        "max": 0.306495130062,
        "mean": 0.156715363264,
        "median": 0.154483407736,
        "min": 0.0756592601538,
        "stdev": 0.0334901735187,
        "var": 0.00112159177661
    },
    "erbbands_kurtosis": {
        "dmean": 0.590602934361,
        "dmean2": 0.938133776188,
        "dvar": 0.429060190916,
        "dvar2": 1.01857721806,
        "max": 7.0916967392,
        "mean": -0.0432863608003,
        "median": -0.215149641037,
        "min": -1.66377449036,
        "stdev": 0.876847743988,
        "var": 0.768861949444
    },
    "erbbands_skewness": {
        "dmean": 0.315016567707,
        "dmean2": 0.479723155499,
        "dvar": 0.0700567141175,
        "dvar2": 0.160166531801,
        "max": 1.96450579166,
        "mean": -0.255191028118,
        "median": -0.259873539209,
        "min": -2.60181903839,
        "stdev": 0.484687566757,
        "var": 0.23492205143
    },
    "erbbands_spread": {
        "dmean": 7.6172170639,
        "dmean2": 11.3159322739,
        "dvar": 64.0810775757,
        "dvar2": 136.636734009,
        "max": 148.818695068,
        "mean": 35.0129585266,
        "median": 32.3215065002,
        "min": 11.506901741,
        "stdev": 13.068903923,
        "var": 170.79624939
    },
    "hfc": {
        "dmean": 9.67163276672,
        "dmean2": 13.459148407,
        "dvar": 102.264678955,
        "dvar2": 220.06098938,
        "max": 118.277030945,
        "mean": 28.4996776581,
        "median": 26.4102401733,
        "min": 0.661906421185,
        "stdev": 15.3725776672,
        "var": 236.316131592
    },
    "loudness_ebu128": {
        "integrated": -17.2074069977,
        "loudness_range": 1.42892074585,
        "momentary": {
            "dmean": 0.384495824575,
            "dmean2": 0.475997924805,
            "dvar": 0.107077248394,
            "dvar2": 0.118605338037,
            "max": -15.3442420959,
            "mean": -17.3291435242,
            "median": -17.1803855896,
            "min": -22.0077495575,
            "stdev": 1.0999212265,
            "var": 1.20982682705
        },
        "short_term": {
            "dmean": 0.0548092275858,
            "dmean2": 0.0597654022276,
            "dvar": 0.00181189412251,
            "dvar2": 0.00206370512024,
            "max": -16.3481388092,
            "mean": -17.2402019501,
            "median": -17.186498642,
            "min": -18.580039978,
            "stdev": 0.441211283207,
            "var": 0.194667384028
        }
    },
    "melbands_crest": {
        "dmean": 3.78278303146,
        "dmean2": 6.10710048676,
        "dvar": 10.9014358521,
        "dvar2": 25.8561992645,
        "max": 28.5202045441,
        "mean": 13.383682251,
        "median": 12.9183692932,
        "min": 2.97496938705,
        "stdev": 5.21065139771,
        "var": 27.1508865356
    },
    "melbands_flatness_db": {
        "dmean": 0.0249823387712,
        "dmean2": 0.0366870835423,
        "dvar": 0.000453780288808,
        "dvar2": 0.000994835630991,
        "max": 0.321936905384,
        "mean": 0.147448435426,
        "median": 0.141828835011,
        "min": 0.044022012502,
        "stdev": 0.0414132885635,
        "var": 0.00171506032348
    },
    "melbands_kurtosis": {
        "dmean": 3.22934103012,
        "dmean2": 5.00083065033,
        "dvar": 24.4772872925,
        "dvar2": 50.0062522888,
        "max": 99.2662353516,
        "mean": 4.33392381668,
        "median": 2.47483921051,
        "min": -1.26260089874,
        "stdev": 6.8806848526,
        "var": 47.3438262939
    },
    "melbands_skewness": {
        "dmean": 0.620447635651,
        "dmean2": 0.951360881329,
        "dvar": 0.348058283329,
        "dvar2": 0.784036517143,
        "max": 9.26204776764,
        "mean": 1.8113348484,
        "median": 1.66048312187,
        "min": -0.509111642838,
        "stdev": 1.00117909908,
        "var": 1.00235962868
    },
    "melbands_spread": {
        "dmean": 9.82642173767,
        "dmean2": 15.5755958557,
        "dvar": 97.6301498413,
        "dvar2": 230.047225952,
        "max": 139.417129517,
        "mean": 36.642074585,
        "median": 35.8081054688,
        "min": 4.27187347412,
        "stdev": 13.5426845551,
        "var": 183.404296875
    },
    "pitch_salience": {
        "dmean": 0.0795370489359,
        "dmean2": 0.124136961997,
        "dvar": 0.00444191833958,
        "dvar2": 0.0103180399165,
        "max": 0.832429528236,
        "mean": 0.583068311214,
        "median": 0.593691527843,
        "min": 0.228899687529,
        "stdev": 0.102333761752,
        "var": 0.0104721989483
    },
    "silence_rate_20dB": {
        "dmean": 0,
        "dmean2": 0,
        "dvar": 0,
        "dvar2": 0,
        "max": 1,
        "mean": 1,
        "median": 1,
        "min": 1,
        "stdev": 0,
        "var": 0
    },
    "silence_rate_30dB": {
        "dmean": 0,
        "dmean2": 0,
        "dvar": 0,
        "dvar2": 0,
        "max": 1,
        "mean": 1,
        "median": 1,
        "min": 1,
        "stdev": 0,
        "var": 0
    },
    "silence_rate_60dB": {
        "dmean": 0.0113519094884,
        "dmean2": 0.0227155387402,
        "dvar": 0.0112233990803,
        "dvar2": 0.0263292063028,
        "max": 1,
        "mean": 0.0128932436928,
        "median": 0,
        "min": 0,
        "stdev": 0.112813413143,
        "var": 0.0127268666402
    },
    "spectral_centroid": {
        "dmean": 293.094787598,
        "dmean2": 447.046173096,
        "dvar": 69021.7890625,
        "dvar2": 147089.6875,
        "max": 3825.0925293,
        "mean": 1871.89221191,
        "median": 1886.65466309,
        "min": 403.091430664,
        "stdev": 422.176208496,
        "var": 178232.75
    },
    "spectral_complexity": {
        "dmean": 7.29411745071,
        "dmean2": 9.7676820755,
        "dvar": 37.4759254456,
        "dvar2": 63.7250213623,
        "max": 62,
        "mean": 33.20835495,
        "median": 35,
        "min": 1,
        "stdev": 10.730047226,
        "var": 115.133903503
    },
    "spectral_decrease": {
        "dmean": 2.24498353241e-09,
        "dmean2": 3.480911559e-09,
        "dvar": 5.92985556573e-18,
        "dvar2": 1.35360290388e-17,
        "max": -1.54379592443e-10,
        "mean": -6.55122667226e-09,
        "median": -6.03528516052e-09,
        "min": -2.41909283716e-08,
        "stdev": 3.37431815822e-09,
        "var": 1.13860236721e-17
    },
    "spectral_energy": {
        "dmean": 0.00909076351672,
        "dmean2": 0.0139304129407,
        "dvar": 9.61472833296e-05,
        "dvar2": 0.000217727589188,
        "max": 0.0987443327904,
        "mean": 0.0273108780384,
        "median": 0.0253076143563,
        "min": 0.000689605192747,
        "stdev": 0.013749267906,
        "var": 0.000189042373677
    },
    "spectral_energyband_high": {
        "dmean": 0.000683586113155,
        "dmean2": 0.00101386581082,
        "dvar": 1.02366834653e-06,
        "dvar2": 2.3575043997e-06,
        "max": 0.0110169714317,
        "mean": 0.0012173303403,
        "median": 0.000795869971626,
        "min": 5.14345811098e-06,
        "stdev": 0.00125814508647,
        "var": 1.58292891683e-06
    },
    "spectral_energyband_low": {
        "dmean": 0.00420543411747,
        "dmean2": 0.00696188816801,
        "dvar": 2.61690474872e-05,
        "dvar2": 6.62239399389e-05,
        "max": 0.0492107607424,
        "mean": 0.00787247717381,
        "median": 0.00672069145367,
        "min": 1.43915997342e-06,
        "stdev": 0.00643123080954,
        "var": 4.13607303926e-05
    },
    "spectral_energyband_middle_high": {
        "dmean": 0.00289397779852,
        "dmean2": 0.00404876237735,
        "dvar": 6.8114586611e-06,
        "dvar2": 1.40473521242e-05,
        "max": 0.0331442281604,
        "mean": 0.00929934624583,
        "median": 0.00884268432856,
        "min": 0.00014059820387,
        "stdev": 0.00488743744791,
        "var": 2.38870470639e-05
    },
    "spectral_energyband_middle_low": {
        "dmean": 0.00530706951395,
        "dmean2": 0.00832446292043,
        "dvar": 5.38405147381e-05,
        "dvar2": 0.000124891390442,
        "max": 0.0629160255194,
        "mean": 0.00998654589057,
        "median": 0.00749854929745,
        "min": 0.00012227287516,
        "stdev": 0.008575421758,
        "var": 7.35378635e-05
    },
    "spectral_entropy": {
        "dmean": 0.115025669336,
        "dmean2": 0.160336017609,
        "dvar": 0.0131554370746,
        "dvar2": 0.02492098324,
        "max": 8.62486171722,
        "mean": 7.81090211868,
        "median": 7.80684995651,
        "min": 7.02092075348,
        "stdev": 0.21172888577,
        "var": 0.0448291227221
    },
    "spectral_flux": {
        "dmean": 0.0242714993656,
        "dmean2": 0.0364295989275,
        "dvar": 0.000491069571581,
        "dvar2": 0.00105219508987,
        "max": 0.218646973372,
        "mean": 0.0966903716326,
        "median": 0.0920848548412,
        "min": 0.0133319543675,
        "stdev": 0.0331672132015,
        "var": 0.00110006413888
    },
    "spectral_kurtosis": {
        "dmean": 1.49033927917,
        "dmean2": 2.43215274811,
        "dvar": 2.02044177055,
        "dvar2": 5.54132032394,
        "max": 15.7137088776,
        "mean": 4.19027996063,
        "median": 3.94460344315,
        "min": -0.85462975502,
        "stdev": 1.97262382507,
        "var": 3.89124464989
    },
    "spectral_rms": {
        "dmean": 0.000834330858197,
        "dmean2": 0.00124548363965,
        "dvar": 6.02942122896e-07,
        "dvar2": 1.29955992634e-06,
        "max": 0.00981508754194,
        "mean": 0.00499491626397,
        "median": 0.00496893888339,
        "min": 0.0008202350582,
        "stdev": 0.00130215648096,
        "var": 1.69561144503e-06
    },
    "spectral_rolloff": {
        "dmean": 583.308288574,
        "dmean2": 945.637695312,
        "dvar": 616991.5,
        "dvar2": 1475865.625,
        "max": 10960.4003906,
        "mean": 2194.70068359,
        "median": 2196.38671875,
        "min": 150.732421875,
        "stdev": 990.524230957,
        "var": 981138.25
    },
    "spectral_skewness": {
        "dmean": 0.209360688925,
        "dmean2": 0.331913799047,
        "dvar": 0.0352901592851,
        "dvar2": 0.0869451612234,
        "max": 2.9580643177,
        "mean": 1.29940056801,
        "median": 1.29015696049,
        "min": 0.0710875168443,
        "stdev": 0.299274027348,
        "var": 0.0895649492741
    },
    "spectral_spread": {
        "dmean": 591683.625,
        "dmean2": 820109.9375,
        "dvar": 566463889408,
        "dvar2": 1.01504260506e+12,
        "max": 12361855,
        "mean": 3863484.75,
        "median": 3662588.5,
        "min": 1682755.875,
        "stdev": 1307187.125,
        "var": 1.70873808486e+12
    },
    "spectral_strongpeak": {
        "dmean": 0.470710843801,
        "dmean2": 0.828473806381,
        "dvar": 0.446375697851,
        "dvar2": 1.14195430279,
        "max": 6.66576862335,
        "mean": 0.655388712883,
        "median": 0.416923046112,
        "min": 0.0224885102361,
        "stdev": 0.677784979343,
        "var": 0.4593924582
    },
    "zerocrossingrate": {
        "dmean": 0.0114597445354,
        "dmean2": 0.0139355519786,
        "dvar": 0.000131512773805,
        "dvar2": 0.000181474955752,
        "max": 0.23974609375,
        "mean": 0.0737815871835,
        "median": 0.07080078125,
        "min": 0.0107421875,
        "stdev": 0.0257117561996,
        "var": 0.000661094440147
    },
    "barkbands": {
        "dmean": [3.41442791978e-05, 0.00122291373555, 0.00302846403793, 0.00196744618006, 0.00228095101193, 0.000943453400396, 0.000619927770458, 0.000700538686942, 0.00107339047827, 0.000835361366626, 0.000555560225621, 0.000581421831157, 0.000436665432062, 0.00038300268352, 0.000515114981681, 0.000463594333269, 0.00058501114836, 0.000542895810213, 0.000332026189426, 0.000306599424221, 0.000210252328543, 0.000131097709527, 0.000132174493046, 7.80464906711e-05, 6.8277666287e-05, 1.25069582282e-05, 7.30409169591e-07],
        "dmean2": [5.71196651435e-05, 0.00209957570769, 0.00495607266203, 0.00327494600788, 0.00372601416893, 0.00152091565542, 0.000996081857011, 0.00115307944361, 0.0016252992209, 0.00129679264501, 0.000919089536183, 0.000946963438764, 0.00070916878758, 0.000593066157307, 0.000820252404083, 0.000731530017219, 0.00089948537061, 0.000816725601908, 0.00049787433818, 0.000470563041745, 0.000326554494677, 0.000201773218578, 0.000206973127206, 0.000117641786346, 0.000103145132016, 1.89791262528e-05, 1.17999979921e-06],
        "dvar": [1.19760761308e-08, 4.25015605288e-06, 1.40700694828e-05, 9.37592267292e-06, 1.68340866367e-05, 2.49788854489e-06, 8.79739957327e-07, 1.66970846749e-06, 4.04549564337e-06, 1.50593302806e-06, 4.51515120403e-07, 3.71025919321e-07, 2.47571705358e-07, 2.18682416175e-07, 3.51773280727e-07, 2.45404550014e-07, 3.61691007811e-07, 3.24055690726e-07, 1.19144019095e-07, 1.32192440105e-07, 6.17332673869e-08, 6.91297614708e-08, 7.97804560193e-08, 4.32068318901e-08, 3.32633263156e-08, 7.3388650712e-10, 2.15221482129e-12],
        "dvar2": [3.06695930874e-08, 1.09034763227e-05, 3.4756212699e-05, 2.36422092712e-05, 4.11714281654e-05, 6.03018315815e-06, 1.9554379378e-06, 4.17635419581e-06, 9.25676340557e-06, 3.28700821228e-06, 1.15985289995e-06, 9.26361678921e-07, 5.78174251586e-07, 5.10074301019e-07, 8.68975689627e-07, 6.1951857333e-07, 8.36128549508e-07, 6.98892677065e-07, 2.68248641078e-07, 3.07749246531e-07, 1.46138077639e-07, 1.64572696804e-07, 1.86813323921e-07, 9.31882198074e-08, 7.10184551167e-08, 1.7381499573e-09, 5.12970221855e-12],
        "max": [0.00289646117017, 0.0390262715518, 0.0407109446824, 0.0298986267298, 0.033963419497, 0.0184844154865, 0.0139317382127, 0.0266821943223, 0.0245554689318, 0.0170097071677, 0.00796934124082, 0.0105251958594, 0.00614291196689, 0.00628073746338, 0.00680124852806, 0.00575829809532, 0.0062339711003, 0.00662802904844, 0.00315678794868, 0.00402543833479, 0.0023456341587, 0.0040285680443, 0.00397604098544, 0.0031973819714, 0.00283093098551, 0.000526762392838, 2.11131045944e-05],
        "mean": [2.83275221591e-05, 0.00160924415104, 0.00533168530092, 0.00249461224303, 0.00249151955359, 0.00132443651091, 0.000908205576707, 0.000929191999603, 0.00159223587252, 0.00148309243377, 0.000889965915121, 0.00104373914655, 0.000748184625991, 0.000691182678565, 0.00092479219893, 0.000797463872004, 0.00101029139478, 0.00098299595993, 0.000558658619411, 0.00054965086747, 0.000361945771147, 0.000175787557964, 0.000162786061992, 0.000105561448436, 9.5298193628e-05, 1.91057351913e-05, 9.1247477485e-07],
        "median": [5.82896063861e-06, 0.00111388636287, 0.00447190925479, 0.0010573141044, 0.00112223322503, 0.000733648543246, 0.000607447058428, 0.000574494770262, 0.000722400087398, 0.000814812257886, 0.000626410008408, 0.000843477726448, 0.000570869829971, 0.000462361611426, 0.000719103962183, 0.000654779723845, 0.000828990479931, 0.000757215369958, 0.000419007148594, 0.000433496461483, 0.000270285527222, 5.86072856095e-05, 6.30595241091e-05, 3.86680949305e-05, 3.46701090166e-05, 9.24634514377e-06, 3.76496956278e-07],
        "min": [5.96088778337e-09, 2.71563305176e-08, 3.01939763858e-07, 1.95206538933e-07, 3.50840491592e-06, 1.99264263756e-06, 3.1342156035e-06, 2.03231115847e-06, 2.45912428909e-06, 1.96419796339e-06, 1.27826945118e-06, 1.09737811727e-05, 4.31273838331e-06, 4.92415802e-06, 2.49823779086e-06, 2.22284552365e-06, 3.8944294829e-06, 6.36123968434e-06, 6.63753098706e-06, 2.59254511548e-06, 2.08065966945e-06, 4.614543343e-07, 3.31058373604e-07, 9.47024503262e-08, 5.9810773223e-08, 8.5814662043e-09, 5.044703804e-13],
        "stdev": [9.71911504166e-05, 0.00217173225246, 0.00486671505496, 0.00338299409486, 0.00404049316421, 0.00178297061939, 0.00115472148173, 0.001351314364, 0.00249437778257, 0.00197932240553, 0.000906331464648, 0.000841313390993, 0.000680153723806, 0.000717988645192, 0.000797047337983, 0.000628774345387, 0.00080502423225, 0.000846539565828, 0.000470054481411, 0.000470931845484, 0.000308022834361, 0.000293531513307, 0.000306428351905, 0.000259500549873, 0.000239996734308, 3.29690701619e-05, 1.67329017131e-06],
        "var": [9.4461194422e-09, 4.71642078992e-06, 2.36849155044e-05, 1.14446493171e-05, 1.63255845109e-05, 3.17898434332e-06, 1.33338176056e-06, 1.82605049304e-06, 6.22192101218e-06, 3.91771709474e-06, 8.21436685783e-07, 7.07808226252e-07, 4.62609079932e-07, 5.15507679211e-07, 6.35284493455e-07, 3.9535717633e-07, 6.48064030884e-07, 7.16629244835e-07, 2.20951207552e-07, 2.21776815579e-07, 9.48780751742e-08, 8.61607460934e-08, 9.38983291121e-08, 6.7340529597e-08, 5.75984344664e-08, 1.08695952239e-09, 2.7998998519e-12]
    },
    "erbbands": {
        "dmean": [0.0153439464048, 0.382207930088, 3.10310435295, 4.04074192047, 10.5363769531, 4.85062932968, 5.97233867645, 8.68967819214, 7.64713287354, 12.7882518768, 15.9002666473, 26.1956710815, 19.6165370941, 22.8053951263, 21.707025528, 23.1115455627, 18.8266716003, 17.6705474854, 28.8606681824, 22.4177265167, 26.1852340698, 33.7017555237, 29.3374137878, 21.4012298584, 13.2790126801, 15.5759382248, 12.4727048874, 5.06409502029, 4.59684276581, 4.57445287704, 3.74778437614, 1.96977102757, 1.26203763485, 1.0015412569, 0.356135636568, 0.0808271914721, 0.0204686149955, 0.00322761479765, 8.09238117654e-05, 1.32310478875e-05],
        "dmean2": [0.0259081628174, 0.656340360641, 5.08743715286, 6.58390331268, 17.6667251587, 8.11602306366, 9.62503147125, 13.8566417694, 12.4036855698, 20.7135543823, 25.4302940369, 39.931728363, 29.5246219635, 36.8642311096, 35.1004371643, 37.4739112854, 30.3432655334, 27.4309959412, 45.9341278076, 36.4978713989, 40.7351531982, 50.6569290161, 43.6777572632, 32.3659286499, 20.1707496643, 23.9104270935, 19.1829586029, 7.81788063049, 7.16686820984, 7.01701450348, 5.84586381912, 3.02763581276, 1.94376015663, 1.52199959755, 0.545847713947, 0.123919777572, 0.0313064493239, 0.00493914913386, 0.000122627738165, 1.97704630409e-05],
        "dvar": [0.00154495961033, 0.329390048981, 14.011920929, 26.1157264709, 398.836273193, 64.7438812256, 84.2356109619, 252.720733643, 123.618530273, 508.856262207, 791.107971191, 2952.90722656, 952.61541748, 835.573425293, 595.381408691, 665.811096191, 457.52355957, 393.212249756, 1446.82104492, 530.73828125, 842.709350586, 1220.36218262, 936.969665527, 484.74798584, 206.112442017, 327.94720459, 201.985046387, 64.710609436, 89.3883285522, 79.4188079834, 69.1859436035, 24.1351718903, 13.1355133057, 7.82306194305, 0.917518436909, 0.0428303666413, 0.00164058525115, 3.78840413759e-05, 2.34187300663e-08, 2.22359006208e-10],
        "dvar2": [0.00377322896384, 0.871367514133, 35.4074859619, 63.6554374695, 999.690124512, 167.186294556, 209.914352417, 603.064453125, 293.92489624, 1206.64599609, 1847.93945312, 6781.59082031, 2101.17700195, 2109.74951172, 1489.82312012, 1629.3104248, 1069.74206543, 903.378356934, 3562.86865234, 1359.93530273, 2042.03967285, 2759.23535156, 1968.67236328, 1126.14233398, 468.702484131, 756.624389648, 479.146942139, 154.049331665, 221.335952759, 175.95211792, 168.673461914, 54.4568367004, 27.9109687805, 16.2080211639, 2.19194149971, 0.106703601778, 0.00373146682978, 8.4504019469e-05, 5.23080245785e-08, 4.91617691001e-10],
        "max": [0.572446584702, 10.3317222595, 39.2246627808, 52.4053268433, 138.892959595, 85.4244613647, 145.999465942, 191.262695312, 144.270187378, 379.655792236, 599.317504883, 744.144592285, 362.048095703, 474.441375732, 359.507751465, 495.334320068, 245.600784302, 251.624923706, 489.721832275, 233.512588501, 385.476837158, 376.858795166, 339.937408447, 206.550216675, 128.742324829, 205.064300537, 151.281967163, 86.2562103271, 159.320495605, 146.677566528, 133.716918945, 91.7974472046, 59.9787521362, 52.0707206726, 18.1339492798, 4.83364582062, 0.597874045372, 0.0974936485291, 0.00241670734249, 0.000151031868882],
        "mean": [0.0169041100889, 0.564924240112, 5.553814888, 6.53639268875, 11.1843547821, 5.75831985474, 8.52783870697, 11.6083641052, 10.9711275101, 17.6571826935, 24.9953403473, 38.3313751221, 35.2948684692, 42.1402435303, 40.7934455872, 42.5635757446, 35.5023651123, 35.5064468384, 50.99376297, 41.6735687256, 46.0595207214, 61.5163421631, 55.3006591797, 36.8725700378, 24.2483119965, 27.6668872833, 22.0832500458, 8.05897808075, 6.12761449814, 5.9918012619, 4.44379806519, 2.51317405701, 1.72449874878, 1.36308932304, 0.487695097923, 0.119230255485, 0.0303781013936, 0.00472122197971, 0.000129387946799, 3.89369379263e-05],
        "median": [0.0079986276105, 0.44000467658, 4.65827035904, 4.69641399384, 4.17690229416, 3.20332479477, 5.30077266693, 5.80762243271, 6.86209726334, 9.69567394257, 16.1750144958, 16.2199287415, 16.7656764984, 30.1226768494, 32.5288848877, 33.6620483398, 27.8881263733, 25.4108428955, 36.285572052, 35.2995529175, 37.9969520569, 50.050365448, 43.8790245056, 28.1329517365, 19.7946472168, 21.745716095, 17.3625640869, 4.68770837784, 2.0207388401, 2.129560709, 1.71440696716, 0.930100500584, 0.620922505856, 0.461840867996, 0.177111908793, 0.0551248900592, 0.0136944875121, 0.00211107032374, 6.76604613545e-05, 3.54277653969e-05],
        "min": [2.15285604099e-06, 5.4006017308e-05, 0.000738480361179, 0.00441662361845, 0.0128933610395, 0.0320523381233, 0.159817069769, 0.0674367025495, 0.0651729851961, 0.0813615471125, 0.0735126286745, 0.157509818673, 0.0550933554769, 0.0861441642046, 0.121174648404, 0.475689649582, 0.565120518208, 0.318173736334, 0.111835710704, 0.108352392912, 0.182625383139, 0.234202727675, 0.385573148727, 0.510128498077, 0.255795955658, 0.155720546842, 0.156549662352, 0.0459358729422, 0.019929535687, 0.0122776031494, 0.00798271317035, 0.00301902298816, 0.00133339047898, 0.000660737976432, 0.000482104776893, 0.000104033118987, 6.76483796269e-06, 5.05358002556e-07, 7.10889992206e-07, 1.03768070403e-06],
        "stdev": [0.0377060994506, 0.620815575123, 4.85574626923, 6.46658468246, 18.9279899597, 7.88346624374, 10.4296779633, 17.6938838959, 12.6485452652, 26.0104885101, 33.643951416, 65.4605712891, 49.7274665833, 42.7558670044, 34.5885391235, 34.8555488586, 30.2040748596, 33.2039756775, 50.0547447205, 30.6503620148, 37.6049499512, 49.0925483704, 45.3325881958, 29.8476104736, 19.0869750977, 23.5973758698, 17.8824424744, 9.33192634583, 10.1690206528, 10.4055700302, 8.74073982239, 5.65479564667, 4.68928194046, 3.79822134972, 1.1259560585, 0.230413645506, 0.0514471754432, 0.00794317387044, 0.000194067906705, 2.06739896385e-05],
        "var": [0.00142175005749, 0.38541200757, 23.5782737732, 41.8167152405, 358.268829346, 62.1490402222, 108.778175354, 313.073516846, 159.985702515, 676.545532227, 1131.91540527, 4285.0859375, 2472.82104492, 1828.06420898, 1196.36694336, 1214.90917969, 912.286193848, 1102.50402832, 2505.47753906, 939.444641113, 1414.13232422, 2410.078125, 2055.04345703, 890.879882812, 364.312652588, 556.836181641, 319.781768799, 87.0848464966, 103.408988953, 108.275894165, 76.4005355835, 31.9767131805, 21.9893665314, 14.4264860153, 1.26777696609, 0.0530904494226, 0.00264681177214, 6.30940048723e-05, 3.76623532361e-08, 4.27413854309e-10]
    },
    "gfcc": {
        "mean": [34.8403282166, 87.3341522217, -145.662139893, 35.8276443481, -52.7071495056, 11.5882587433, -37.0291137695, 11.3003396988, -32.0948753357, -3.28823256493, -20.6067867279, -6.85309457779, -14.6943874359],
        "cov": [[1891.20507812, -496.492431641, 377.307556152, 100.352531433, -142.862731934, 186.808578491, -114.009849548, 98.8308029175, -18.2828350067, 25.6958198547, -142.331497192, 89.5362854004, -104.903312683], [-496.492431641, 934.782348633, -250.578979492, 101.336181641, 279.760131836, -125.865859985, 228.667541504, -23.0777893066, 79.900970459, -86.4405136108, 108.492523193, -129.312957764, 101.06879425], [377.307556152, -250.578979492, 579.315490723, 117.364814758, -79.1826858521, 202.976867676, -87.7938690186, 53.7256278992, 1.93689060211, 26.4696540833, -66.7066345215, 32.4605445862, -91.8412704468], [100.352531433, 101.336181641, 117.364814758, 231.884368896, 66.5598297119, 62.4657897949, 36.5284614563, -26.1459617615, 48.8900871277, -21.0346927643, -0.169686585665, -16.7007350922, -12.0892114639], [-142.862731934, 279.760131836, -79.1826858521, 66.5598297119, 248.095626831, -10.1954126358, 72.3355026245, 24.5210189819, 13.0124464035, -6.62852573395, 28.1669940948, -56.7100257874, 34.1445922852], [186.808578491, -125.865859985, 202.976867676, 62.4657897949, -10.1954126358, 179.383499146, 6.18830776215, 26.3570899963, 7.8074464798, -2.23780059814, -31.7204742432, -0.0190545618534, -37.9052352905], [-114.009849548, 228.667541504, -87.7938690186, 36.5284614563, 72.3355026245, 6.18830776215, 154.964019775, 16.9874897003, 25.4537754059, -32.6072006226, 21.0706310272, -33.3622589111, 15.4975194931], [98.8308029175, -23.0777893066, 53.7256278992, -26.1459617615, 24.5210189819, 26.3570899963, 16.9874897003, 99.4703598022, 12.203748703, 15.9465808868, -4.74802875519, -2.66015934944, -5.99029016495], [-18.2828350067, 79.900970459, 1.93689060211, 48.8900871277, 13.0124464035, 7.8074464798, 25.4537754059, 12.203748703, 73.2681274414, 12.1000785828, 9.30620288849, -13.3273916245, -4.07877826691], [25.6958198547, -86.4405136108, 26.4696540833, -21.0346927643, -6.62852573395, -2.23780059814, -32.6072006226, 15.9465808868, 12.1000785828, 69.8767929077, 5.97986984253, 11.6817140579, -10.4294805527], [-142.331497192, 108.492523193, -66.7066345215, -0.169686585665, 28.1669940948, -31.7204742432, 21.0706310272, -4.74802875519, 9.30620288849, 5.97986984253, 61.7141952515, 0.78976213932, 24.3891735077], [89.5362854004, -129.312957764, 32.4605445862, -16.7007350922, -56.7100257874, -0.0190545618534, -33.3622589111, -2.66015934944, -13.3273916245, 11.6817140579, 0.78976213932, 86.2279663086, 6.76322841644], [-104.903312683, 101.06879425, -91.8412704468, -12.0892114639, 34.1445922852, -37.9052352905, 15.4975194931, -5.99029016495, -4.07877826691, -10.4294805527, 24.3891735077, 6.76322841644, 65.5101394653]],
        "icov": [[0.000878539227415, -0.000394975213567, 0.000491226790473, -0.00104357139207, 0.000647286477033, -0.000705586047843, 0.00081386853708, -0.00153915176634, 0.00099051441066, -0.000562228902709, 0.00177568150684, -0.00105257774703, 0.000853125820868], [-0.000394975213567, 0.00674668280408, -0.00348946871236, 0.00248706736602, -0.00474770786241, 0.00557753862813, -0.00623704632744, 0.00458957161754, -0.00689790118486, 0.0063554784283, -0.00651812553406, 0.00548925064504, -0.00543503370136], [0.000491226790473, -0.00348946871236, 0.0068723699078, -0.00455164350569, 0.00366062158719, -0.00655600382015, 0.00592313474044, -0.00594636704773, 0.00549153983593, -0.00406199321151, 0.00451475288719, -0.0037887096405, 0.00572406919673], [-0.00104357139207, 0.00248706736602, -0.00455164350569, 0.0112958308309, -0.00562685215846, 0.0018566371873, -0.00410438142717, 0.00863508507609, -0.00983189046383, 0.00567009625956, -0.00424484862015, 0.00162696663756, -0.00233420240693], [0.000647286477033, -0.00474770786241, 0.00366062158719, -0.00562685215846, 0.0107700228691, -0.00419399840757, 0.00337575608864, -0.0069903456606, 0.00816620513797, -0.00676311040297, 0.00409264164045, -1.58627590281e-05, 0.000886587949935], [-0.000705586047843, 0.00557753862813, -0.00655600382015, 0.0018566371873, -0.00419399840757, 0.0152702480555, -0.00781743973494, 0.00386030576192, -0.00589168863371, 0.0057329358533, -0.00400051986799, 0.00491412216797, -0.00383154675364], [0.00081386853708, -0.00623704632744, 0.00592313474044, -0.00410438142717, 0.00337575608864, -0.00781743973494, 0.0171215422451, -0.00813098438084, 0.00443290453404, -0.00101808726322, 0.00415454432368, -0.00434911483899, 0.0064117484726], [-0.00153915176634, 0.00458957161754, -0.00594636704773, 0.00863508507609, -0.0069903456606, 0.00386030576192, -0.00813098438084, 0.0205433517694, -0.0101761631668, 0.00286832242273, -0.00521324202418, 0.00378027535044, -0.00523563940078], [0.00099051441066, -0.00689790118486, 0.00549153983593, -0.00983189046383, 0.00816620513797, -0.00589168863371, 0.00443290453404, -0.0101761631668, 0.0283758640289, -0.0129231354222, 0.0057754223235, -0.00298729422502, 0.00633565196767], [-0.000562228902709, 0.0063554784283, -0.00406199321151, 0.00567009625956, -0.00676311040297, 0.0057329358533, -0.00101808726322, 0.00286832242273, -0.0129231354222, 0.0266140457243, -0.0105442088097, 0.0025554865133, -0.000914342701435], [0.00177568150684, -0.00651812553406, 0.00451475288719, -0.00424484862015, 0.00409264164045, -0.00400051986799, 0.00415454432368, -0.00521324202418, 0.0057754223235, -0.0105442088097, 0.0309251826257, -0.0080070765689, 0.000532461097464], [-0.00105257774703, 0.00548925064504, -0.0037887096405, 0.00162696663756, -1.58627590281e-05, 0.00491412216797, -0.00434911483899, 0.00378027535044, -0.00298729422502, 0.0025554865133, -0.0080070765689, 0.0211315229535, -0.00991918891668], [0.000853125820868, -0.00543503370136, 0.00572406919673, -0.00233420240693, 0.000886587949935, -0.00383154675364, 0.0064117484726, -0.00523563940078, 0.00633565196767, -0.000914342701435, 0.000532461097464, -0.00991918891668, 0.0290102139115]]
    },
    "melbands": {
        "dmean": [0.000222884307732, 0.00114083173685, 0.000920960505027, 0.000545283430256, 0.000195191183593, 0.000185328812222, 0.000118497955555, 0.000143574085087, 0.000141685028211, 0.000160926196259, 0.000103491169284, 0.000101662873931, 7.54977954784e-05, 6.42313825665e-05, 5.61037813895e-05, 4.2313728045e-05, 3.3719377825e-05, 5.11160469614e-05, 3.25200489897e-05, 3.14187454933e-05, 3.23911808664e-05, 3.58309334842e-05, 4.16865113948e-05, 2.12937120523e-05, 1.87145269592e-05, 1.0273170119e-05, 9.96098424366e-06, 1.096093456e-05, 8.7483695097e-06, 5.36617244506e-06, 2.58867999037e-06, 2.6538189104e-06, 2.65081166617e-06, 2.57106353274e-06, 2.34740969063e-06, 1.73172281848e-06, 1.01124783214e-06, 8.17607485715e-07, 1.02635067378e-06, 8.33814283396e-07],
        "dmean2": [0.000380279147066, 0.0018896937836, 0.00151357089635, 0.00090409925906, 0.00031592650339, 0.000295702600852, 0.000191556566278, 0.000233782309806, 0.000225230367505, 0.000244909140747, 0.000155660658493, 0.000164103155839, 0.00012445919856, 0.000104682185338, 9.20410166145e-05, 6.86687999405e-05, 5.24292190676e-05, 8.1637648691e-05, 5.26260591869e-05, 5.0966249546e-05, 5.10057616339e-05, 5.53716527065e-05, 6.45688996883e-05, 3.29118010995e-05, 2.8770251447e-05, 1.57967424457e-05, 1.53487198986e-05, 1.69942632056e-05, 1.35288173624e-05, 8.53830442793e-06, 4.11195105698e-06, 4.18627814724e-06, 4.1091498133e-06, 4.00192629968e-06, 3.71560827261e-06, 2.75255274573e-06, 1.56102112214e-06, 1.26180373172e-06, 1.57508225129e-06, 1.27040607367e-06],
        "dvar": [2.02453989573e-07, 1.9164178866e-06, 1.7157997263e-06, 1.00686918358e-06, 8.12420495322e-08, 1.0715404386e-07, 3.04771887727e-08, 6.48161275763e-08, 6.16003816845e-08, 1.148608888e-07, 2.71970321819e-08, 1.81164363511e-08, 8.14824385742e-09, 4.93530238899e-09, 3.8776928335e-09, 2.57846322071e-09, 1.5966504785e-09, 4.91208274056e-09, 1.32719701895e-09, 1.02354724696e-09, 1.29705646223e-09, 1.47227896541e-09, 2.12424722257e-09, 5.51185541653e-10, 3.98308691585e-10, 1.3059375803e-10, 1.31526317615e-10, 1.66994959527e-10, 1.05231115488e-10, 4.00127465883e-11, 2.41338928009e-11, 3.01612831932e-11, 2.81702942223e-11, 2.74469127981e-11, 2.76711500935e-11, 1.81145393824e-11, 6.97432216146e-12, 5.60504247182e-12, 8.55716452558e-12, 5.59668370675e-12],
        "dvar2": [5.00668534187e-07, 4.94688674735e-06, 4.2628976189e-06, 2.50484322351e-06, 1.96659058815e-07, 2.55974498486e-07, 7.03651537037e-08, 1.57322403993e-07, 1.36549033414e-07, 2.62073541535e-07, 5.89341979662e-08, 4.43649028625e-08, 2.04174437357e-08, 1.22699734817e-08, 9.20789577918e-09, 6.00800875716e-09, 3.60073437733e-09, 1.21064092085e-08, 3.3065417071e-09, 2.68495381484e-09, 3.1506786069e-09, 3.3995790627e-09, 4.66942262634e-09, 1.2756273815e-09, 9.51243306346e-10, 3.04579667043e-10, 3.19762216705e-10, 3.8664091373e-10, 2.53646076365e-10, 9.74156449951e-11, 5.8483294596e-11, 7.62799129417e-11, 6.64030219699e-11, 6.30638735677e-11, 6.82725542767e-11, 4.49956252813e-11, 1.55476603814e-11, 1.22883578313e-11, 1.77898824144e-11, 1.22000022931e-11],
        "max": [0.00811388343573, 0.0139827104285, 0.0108833583072, 0.00816927384585, 0.00409325864166, 0.00420757010579, 0.00225124065764, 0.00425596954301, 0.00408239662647, 0.00469982763752, 0.00195874529891, 0.00222558737732, 0.00127717864234, 0.000966476567555, 0.00104925397318, 0.0006882235175, 0.000542118272278, 0.000928202760406, 0.000469393533422, 0.000320994557114, 0.000472468673252, 0.000394567730837, 0.000548163021449, 0.000346353772329, 0.000201333721634, 0.000108702253783, 0.000113095578854, 0.000139573210618, 0.000102061560028, 5.67006572965e-05, 4.96141292388e-05, 8.63487148308e-05, 8.02920330898e-05, 0.000101924357296, 9.50206740526e-05, 7.21823162166e-05, 4.55105146102e-05, 3.66369386029e-05, 5.19123859704e-05, 4.6314784413e-05],
        "mean": [0.000277855928289, 0.00205335090868, 0.00137472408824, 0.000603109481744, 0.000284297857434, 0.000256908097072, 0.000168085636687, 0.000193490166566, 0.000226510281209, 0.00022836329299, 0.000180555609404, 0.000182403018698, 0.000130207889015, 0.000116772760521, 9.82452984317e-05, 7.30232859496e-05, 6.15842145635e-05, 8.32853693282e-05, 5.78905346629e-05, 5.40014661965e-05, 5.20142602909e-05, 5.96902318648e-05, 7.01875542291e-05, 3.6834841012e-05, 2.97116130241e-05, 1.69759077835e-05, 1.73996359081e-05, 1.83115917025e-05, 1.46995434989e-05, 8.87503938429e-06, 3.40940232491e-06, 3.38012387147e-06, 3.38285940416e-06, 3.26383019456e-06, 2.66658730652e-06, 2.0390446025e-06, 1.2951828694e-06, 1.08265396648e-06, 1.35803873036e-06, 1.08781694053e-06],
        "median": [0.000172852902324, 0.00172660220414, 0.000902033178136, 0.000279082887573, 0.000178677466465, 0.000137639275636, 0.000105324252218, 0.000109251493996, 0.000141341253766, 8.93428805284e-05, 8.17191539682e-05, 0.000122140467283, 9.65693470789e-05, 9.25380809349e-05, 7.57427769713e-05, 5.53391546418e-05, 4.08890773542e-05, 5.52109631826e-05, 4.65982921014e-05, 4.57792993984e-05, 4.06855178881e-05, 4.64889999421e-05, 5.18603446835e-05, 2.92754084512e-05, 2.1798095986e-05, 1.29030304379e-05, 1.37493716466e-05, 1.38383102239e-05, 1.13661535579e-05, 6.58337921777e-06, 1.40256065606e-06, 1.06297898128e-06, 1.0731363318e-06, 1.16358080504e-06, 1.00705972272e-06, 7.18789294751e-07, 4.4828288992e-07, 3.75636886929e-07, 4.59463592506e-07, 3.36684138347e-07],
        "min": [8.79126726971e-09, 3.20432661738e-07, 1.04781872778e-06, 1.40499400914e-06, 5.62362356504e-06, 6.06997502928e-07, 4.39316579559e-07, 1.05265053207e-06, 2.80538330344e-07, 3.6352605548e-07, 1.95218262888e-07, 2.9572152016e-07, 2.55339074329e-07, 7.33230990591e-07, 8.20231264242e-07, 4.26165570389e-07, 5.12283236276e-07, 1.70637179053e-07, 1.56095865123e-07, 8.36599198806e-08, 2.75458774013e-07, 2.77664213399e-07, 2.41214308971e-07, 2.73035965392e-07, 2.76640150787e-07, 1.91650485704e-07, 1.60574032293e-07, 9.00819472349e-08, 9.22263012626e-08, 4.00872863793e-08, 1.35239588417e-08, 8.1955011666e-09, 7.71702790558e-09, 5.96225069316e-09, 3.96261867763e-09, 2.57695398354e-09, 1.42640976808e-09, 7.16405601509e-10, 7.0848621414e-10, 4.51314374761e-10],
        "stdev": [0.000457024201751, 0.00174507556949, 0.00145207089372, 0.000963308790233, 0.000331065704813, 0.00036723841913, 0.000202199749765, 0.000282846245682, 0.000315347919241, 0.000405850441894, 0.000263602560153, 0.000201410846785, 0.000124464582768, 9.65561921475e-05, 8.44087262521e-05, 7.05787242623e-05, 6.44071405986e-05, 9.03192703845e-05, 4.81919814774e-05, 4.10116954299e-05, 4.55323242932e-05, 5.19971763424e-05, 6.52708622511e-05, 3.12912306981e-05, 2.60862434516e-05, 1.4562274373e-05, 1.46336005855e-05, 1.65963865584e-05, 1.2689889445e-05, 7.80807476986e-06, 5.28633108843e-06, 5.76631828153e-06, 5.95010442339e-06, 5.85898123973e-06, 5.36111792826e-06, 4.50276411357e-06, 3.04917239191e-06, 2.97203587252e-06, 3.84574468626e-06, 3.1318065794e-06],
        "var": [2.08871128393e-07, 3.04528862216e-06, 2.10850976146e-06, 9.27963867525e-07, 1.09604506804e-07, 1.3486405237e-07, 4.08847391498e-08, 8.00020032443e-08, 9.94443070113e-08, 1.64714577977e-07, 6.94863118156e-08, 4.0566330739e-08, 1.54914339134e-08, 9.32309784929e-09, 7.1248327238e-09, 4.9813562164e-09, 4.14827994177e-09, 8.15757061901e-09, 2.32246710752e-09, 1.68195912753e-09, 2.07319250656e-09, 2.7037063699e-09, 4.26028501366e-09, 9.79141212554e-10, 6.80492051597e-10, 2.12059828031e-10, 2.14142273358e-10, 2.75440031894e-10, 1.6103328393e-10, 6.09660377737e-11, 2.7945297118e-11, 3.32504267175e-11, 3.54037424377e-11, 3.43276587711e-11, 2.87415855005e-11, 2.02748842021e-11, 9.29745256478e-12, 8.83299683396e-12, 1.47897527558e-11, 9.80821240198e-12]
    },
    "melbands128": {
