{
"lowlevel": {
    "average_loudness": 0.971781492233,
    "barkbands_crest": {
        "dmean": 3.07675409317,
        "dmean2": 4.8137383461,
        "dvar": 8.74457263947,
        "dvar2": 18.7587032318,
        "max": 24.9481506348,
        "mean": 11.4656801224,
        "median": 10.5652961731,
        "min": 3.7681055069,
        "stdev": 4.23284912109,
        "var": 17.917011261
    },
    "barkbands_flatness_db": {
        "dmean": 0.039417244494,
        "dmean2": 0.0677614584565,
        "dvar": 0.000992022105493,
        "dvar2": 0.00278508779593,
        "max": 0.614119768143,
        "mean": 0.401763290167,
        "median": 0.400328785181,
        "min": 0.0649429485202,
        "stdev": 0.0445547811687,
        "var": 0.00198512850329
    },
    "barkbands_kurtosis": {
        "dmean": 1.49653625488,
        "dmean2": 2.3776910305,
        "dvar": 4.37519884109,
        "dvar2": 10.9972867966,
        "max": 27.6666545868,
        "mean": 0.563535690308,
        "median": -0.356012105942,
        "min": -1.86059331894,
        "stdev": 2.58632588387,
        "var": 6.68908166885
    },
    "barkbands_skewness": {
        "dmean": 0.612359166145,
        "dmean2": 0.869708001614,
        "dvar": 0.328576683998,
        "dvar2": 0.667540967464,
        "max": 3.71284651756,
        "mean": 0.22358135879,
        "median": 0.224123492837,
        "min": -4.84524440765,
        "stdev": 1.13875746727,
        "var": 1.29676866531
    },
    "barkbands_spread": {
        "dmean": 2.35415506363,
        "dmean2": 3.62804079056,
        "dvar": 5.1238193512,
        "dvar2": 11.6964740753,
        "max": 29.243516922,
        "mean": 9.90610122681,
        "median": 9.46971607208,
        "min": 1.02440309525,
        "stdev": 4.07687330246,
        "var": 16.6208953857
    },
    "dissonance": {
        "dmean": 0.0363807491958,
        "dmean2": 0.0609904751182,
        "dvar": 0.0010688288603,
        "dvar2": 0.00296445656568,
        "max": 0.499639958143,
        "mean": 0.423266321421,
        "median": 0.43138512969,
        "min": 0.16635389626,
        "stdev": 0.0444198846817,
        "var": 0.00197312631644
    },
    "dynamic_complexity": 2.97553658485,
    "erbbands_crest": {
        "dmean": 4.26514434814,
        "dmean2": 6.50423383713,
        "dvar": 15.7496147156,
        "dvar2": 31.6511478424,
        "max": 32.9457130432,
        "mean": 15.7575817108,
        "median": 14.6434326172,
        "min": 2.91334414482,
        "stdev": 6.45679092407,
        "var": 41.6901473999
    },
    "erbbands_flatness_db": {
        "dmean": 0.0223055891693,
        "dmean2": 0.0337803997099,
        "dvar": 0.000442599848611,
        "dvar2": 0.000997607363388,
        "max": 0.641604363918,
        "mean": 0.435064226389,
        "median": 0.43093585968,
        "min": 0.0752067267895,
        "stdev": 0.0416661091149,
        "var": 0.00173606479075
    },
    "erbbands_kurtosis": {
        "dmean": 2.26240158081,
        "dmean2": 3.44320201874,
        "dvar": 12.7222528458,
        "dvar2": 28.8865642548,
        "max": 48.6826400757,
        "mean": 1.54168379307,
        "median": 0.0126533508301,
        "min": -1.83672261238,
        "stdev": 4.14044189453,
        "var": 17.1432609558
    },
    "erbbands_skewness": {
        "dmean": 0.569743573666,
        "dmean2": 0.840956807137,
        "dvar": 0.309453964233,
        "dvar2": 0.70257884264,
        "max": 2.06541919708,
        "mean": -0.730717599392,
        "median": -0.611223578453,
        "min": -5.31270980835,
        "stdev": 0.938852012157,
        "var": 0.881443142891
    },
    "erbbands_spread": {
        "dmean": 3.6807410717,
        "dmean2": 5.37558746338,
        "dvar": 12.7243671417,
        "dvar2": 25.575586319,
        "max": 50.5910453796,
        "mean": 13.7561311722,
        "median": 12.6481018066,
        "min": 1.20692157745,
        "stdev": 7.13722372055,
        "var": 50.9399604797
    },
    "hfc": {
        "dmean": 13.2425956726,
        "dmean2": 19.2458877563,
        "dvar": 429.797912598,
        "dvar2": 916.823547363,
        "max": 174.285018921,
        "mean": 22.7745742798,
        "median": 14.4334373474,
        "min": 1.08811592792e-16,
        "stdev": 25.5058498383,
        "var": 650.548400879
    },
    "loudness_ebu128": {
        "integrated": -12.6922969818,
        "loudness_range": 2.06719970703,
        "momentary": {
            "dmean": 0.770866334438,
            "dmean2": 0.89802891016,
            "dvar": 0.711437106133,
            "dvar2": 1.21848332882,
            "max": -9.92789745331,
            "mean": -13.1517505646,
            "median": -12.7287368774,
            "min": -22.7427387238,
            "stdev": 2.1391992569,
            "var": 4.57617330551
        },
        "short_term": {
            "dmean": 0.103994213045,
            "dmean2": 0.121181100607,
            "dvar": 0.00709487404674,
            "dvar2": 0.00924869906157,
            "max": -11.2006387711,
            "mean": -12.738781929,
            "median": -12.6888465881,
            "min": -14.3603858948,
            "stdev": 0.688527703285,
            "var": 0.474070429802
        }
    },
    "melbands_crest": {
        "dmean": 2.99856591225,
        "dmean2": 4.77481603622,
        "dvar": 8.55595779419,
        "dvar2": 20.4052963257,
        "max": 31.9823360443,
        "mean": 12.6042118073,
        "median": 11.9042024612,
        "min": 1.91115391254,
        "stdev": 4.30891180038,
        "var": 18.5667228699
    },
    "melbands_flatness_db": {
        "dmean": 0.0412530601025,
        "dmean2": 0.0710647851229,
        "dvar": 0.0010297682602,
        "dvar2": 0.00282407272607,
        "max": 0.658466637135,
        "mean": 0.487904161215,
        "median": 0.487830847502,
        "min": 0.00553624844179,
        "stdev": 0.0490115880966,
        "var": 0.00240213586949
    },
    "melbands_kurtosis": {
        "dmean": 1.67053627968,
        "dmean2": 2.62979269028,
        "dvar": 4.58734273911,
        "dvar2": 10.7488965988,
        "max": 32.2878341675,
        "mean": 1.29020130634,
        "median": -0.057724237442,
        "min": -1.89594101906,
        "stdev": 3.67989850044,
        "var": 13.5416536331
    },
    "melbands_skewness": {
        "dmean": 0.614560842514,
        "dmean2": 0.859447777271,
        "dvar": 0.320110023022,
        "dvar2": 0.637049794197,
        "max": 5.50587940216,
        "mean": 0.716479539871,
        "median": 0.671892464161,
        "min": -3.53242969513,
        "stdev": 1.1731338501,
        "var": 1.37624299526
    },
    "melbands_spread": {
        "dmean": 4.64424943924,
        "dmean2": 7.35822105408,
        "dvar": 26.4395751953,
        "dvar2": 62.3069953918,
        "max": 131.380630493,
        "mean": 18.3905925751,
        "median": 17.3038692474,
        "min": 2.69104218483,
        "stdev": 8.6440114975,
        "var": 74.7189331055
    },
    "pitch_salience": {
        "dmean": 0.0647469460964,
        "dmean2": 0.105610318482,
        "dvar": 0.00346906902269,
        "dvar2": 0.0086488686502,
        "max": 0.867358207703,
        "mean": 0.474084198475,
        "median": 0.469206869602,
        "min": 0.175027102232,
        "stdev": 0.0910659730434,
        "var": 0.00829301122576
    },
    "silence_rate_20dB": {
        "dmean": 0,
        "dmean2": 0,
        "dvar": 0,
        "dvar2": 0,
        "max": 1,
        "mean": 1,
        "median": 1,
        "min": 1,
        "stdev": 0,
        "var": 0
    },
    "silence_rate_30dB": {
        "dmean": 0.00206185574643,
        "dmean2": 0.00412583816797,
        "dvar": 0.00205762451515,
        "dvar2": 0.00617180578411,
        "max": 1,
        "mean": 0.998969614506,
        "median": 1,
        "min": 0,
        "stdev": 0.0320833362639,
        "var": 0.0010293405503
    },
    "silence_rate_60dB": {
        "dmean": 0.0237113405019,
        "dmean2": 0.0469314083457,
        "dvar": 0.0231490042061,
        "dvar2": 0.0498871095479,
        "max": 1,
        "mean": 0.0443070568144,
        "median": 0,
        "min": 0,
        "stdev": 0.205776363611,
        "var": 0.0423439145088
    },
    "spectral_centroid": {
        "dmean": 143.814682007,
        "dmean2": 206.811157227,
        "dvar": 63857.5820312,
        "dvar2": 111390.445312,
        "max": 11285.3828125,
        "mean": 895.617980957,
        "median": 871.879272461,
        "min": 275.021484375,
        "stdev": 458.37487793,
        "var": 210107.53125
    },
    "spectral_complexity": {
        "dmean": 2.45360827446,
        "dmean2": 3.63795781136,
        "dvar": 5.16949987411,
        "dvar2": 9.95866394043,
        "max": 26,
        "mean": 13.6398763657,
        "median": 14,
        "min": 0,
        "stdev": 4.70901060104,
        "var": 22.1747817993
    },
    "spectral_decrease": {
        "dmean": 2.51519272076e-09,
        "dmean2": 3.52717322016e-09,
        "dvar": 1.08783862389e-17,
        "dvar2": 2.23491297494e-17,
        "max": 5.15142505403e-29,
        "mean": -5.85930104435e-09,
        "median": -4.77797623688e-09,
        "min": -2.8982412914e-08,
        "stdev": 4.61110172267e-09,
        "var": 2.12622590923e-17
    },
    "spectral_energy": {
        "dmean": 0.0106523223221,
        "dmean2": 0.0149935483932,
        "dvar": 0.000203476185561,
        "dvar2": 0.00041952720494,
        "max": 0.122437812388,
        "mean": 0.0241800844669,
        "median": 0.0193362571299,
        "min": 1.00929839924e-20,
        "stdev": 0.0195924211293,
        "var": 0.000383862934541
    },
    "spectral_energyband_high": {
        "dmean": 8.66790372811e-08,
        "dmean2": 1.44099573163e-07,
        "dvar": 8.11840693412e-14,
        "dvar2": 2.18011562579e-13,
        "max": 5.89336832491e-06,
        "mean": 7.97725689949e-08,
        "median": 1.49341232714e-08,
        "min": 7.36387846803e-21,
        "stdev": 2.56230663354e-07,
        "var": 6.56541539342e-14
    },
    "spectral_energyband_low": {
        "dmean": 0.00056641997071,
        "dmean2": 0.000889226736035,
        "dvar": 1.55456018547e-06,
        "dvar2": 3.35218737746e-06,
        "max": 0.0222998317331,
        "mean": 0.00084519101074,
        "median": 0.000235789397266,
        "min": 3.53005914973e-23,
        "stdev": 0.00174657360185,
        "var": 3.05051935356e-06
    },
    "spectral_energyband_middle_high": {
        "dmean": 0.00942521635443,
        "dmean2": 0.0137691879645,
        "dvar": 0.000209986566915,
        "dvar2": 0.000446129328338,
        "max": 0.115866370499,
        "mean": 0.0141166243702,
        "median": 0.00794697925448,
        "min": 1.4220967447e-21,
        "stdev": 0.0175828319043,
        "var": 0.000309155962896
    },
    "spectral_energyband_middle_low": {
        "dmean": 0.00312378490344,
        "dmean2": 0.00419456092641,
        "dvar": 1.25233764265e-05,
        "dvar2": 2.53816215263e-05,
        "max": 0.0443789325655,
        "mean": 0.0104369837791,
        "median": 0.00898611545563,
        "min": 3.39162403207e-22,
        "stdev": 0.00717273773625,
        "var": 5.14481689606e-05
    },
    "spectral_entropy": {
        "dmean": 0.151197299361,
        "dmean2": 0.227213382721,
        "dvar": 0.0260291695595,
        "dvar2": 0.0484833978117,
        "max": 9.81132221222,
        "mean": 6.09551095963,
        "median": 6.10775947571,
        "min": 4.96752023697,
        "stdev": 0.297351717949,
        "var": 0.0884180441499
    },
    "spectral_flux": {
        "dmean": 0.0316908247769,
        "dmean2": 0.05212039873,
        "dvar": 0.00140132417437,
        "dvar2": 0.00362511537969,
        "max": 0.27291226387,
        "mean": 0.0696389824152,
        "median": 0.0571386106312,
        "min": 6.80780987139e-11,
        "stdev": 0.0467897392809,
        "var": 0.00218927953392
    },
    "spectral_kurtosis": {
        "dmean": 33.0297889709,
        "dmean2": 58.2120513916,
        "dvar": 697.919128418,
        "dvar2": 1985.71875,
        "max": 182.130783081,
        "mean": 73.2364273071,
        "median": 78.222076416,
        "min": -1.26798558235,
        "stdev": 32.0710639954,
        "var": 1028.55310059
    },
    "spectral_rms": {
        "dmean": 0.000985102378763,
        "dmean2": 0.00131908594631,
        "dvar": 1.13744010832e-06,
        "dvar2": 2.15817522076e-06,
        "max": 0.0109293879941,
        "mean": 0.00448883324862,
        "median": 0.00434334436432,
        "min": 3.13796319658e-12,
        "stdev": 0.00185490341391,
        "var": 3.44066666003e-06
    },
    "spectral_rolloff": {
        "dmean": 140.886520386,
        "dmean2": 250.768081665,
        "dvar": 206034.96875,
        "dvar2": 399186.4375,
        "max": 19401.4160156,
        "mean": 1287.73022461,
        "median": 1313.52539062,
        "min": 215.33203125,
        "stdev": 697.592712402,
        "var": 486635.59375
    },
    "spectral_skewness": {
        "dmean": 2.11584472656,
        "dmean2": 3.75207257271,
        "dvar": 2.41746068001,
        "dvar2": 7.13359928131,
        "max": 10.9018955231,
        "mean": 4.79209661484,
        "median": 5.01919794083,
        "min": -0.0281690210104,
        "stdev": 1.92665934563,
        "var": 3.71201610565
    },
    "spectral_spread": {
        "dmean": 260416.828125,
        "dmean2": 435993.34375,
        "dvar": 613978013696,
        "dvar2": 580237524992,
        "max": 41024928,
        "mean": 914434.9375,
        "median": 809626.4375,
        "min": 411441.1875,
        "stdev": 1531166.625,
        "var": 2.34447123251e+12
    },
    "spectral_strongpeak": {
        "dmean": 1.87632501125,
        "dmean2": 2.89903593063,
        "dvar": 5.88911771774,
        "dvar2": 12.9431390762,
        "max": 19.4422607422,
        "mean": 3.08033275604,
        "median": 1.8536529541,
        "min": 0,
        "stdev": 3.12088012695,
        "var": 9.73989295959
    },
    "zerocrossingrate": {
        "dmean": 0.00554954307154,
        "dmean2": 0.00674024550244,
        "dvar": 0.000138860574225,
        "dvar2": 0.0002745759557,
        "max": 0.50244140625,
        "mean": 0.0440977588296,
        "median": 0.0439453125,
        "min": 0.00732421875,
        "stdev": 0.0202026907355,
        "var": 0.000408148684073
    },
    "barkbands": {
        "dmean": [6.09793175954e-08, 9.69484699453e-06, 0.000329203205183, 0.000560605200008, 0.00111088354606, 0.000645685882773, 0.000422932906076, 0.000252402416663, 0.000688198080752, 0.00118367734831, 0.00136431260034, 0.0028213178739, 0.00126609916333, 0.00347807235084, 0.000888389593456, 0.000241577712586, 0.000134980597068, 1.57328486239e-05, 4.47269985671e-06, 1.41579747037e-07, 8.48841441581e-09, 4.6540891141e-09, 2.45446107883e-09, 1.2018763762e-09, 1.15516340937e-09, 1.12444453748e-09, 1.16129716954e-09],
        "dmean2": [1.0721481658e-07, 1.70378789335e-05, 0.000529022421688, 0.000919515034184, 0.00169231276959, 0.000895041564945, 0.000612768984865, 0.000357338343747, 0.000894038064871, 0.00163367006462, 0.00215107458644, 0.00417154375464, 0.00190486281645, 0.0054681552574, 0.0013644619612, 0.00038861707435, 0.000199062735192, 2.44992243097e-05, 7.0917285484e-06, 2.27205674719e-07, 1.55500536891e-08, 8.84289352854e-09, 4.66877336791e-09, 2.23390661525e-09, 2.14723927527e-09, 2.08889905373e-09, 2.15400719483e-09],
        "dvar": [1.03414303352e-14, 4.00803862322e-10, 7.16284262126e-07, 1.3099889884e-06, 3.42103840012e-06, 8.98738960586e-07, 3.55862226797e-07, 3.36896960107e-07, 1.86195143215e-06, 6.99380825608e-06, 1.54420249601e-05, 8.41427026899e-05, 1.82973999472e-05, 0.000105111219455, 1.50683154061e-05, 4.08926666751e-07, 6.83379681732e-08, 6.77376821301e-10, 9.77380260059e-11, 9.56207701452e-14, 5.9715039276e-15, 4.21444207522e-15, 9.77281415312e-16, 1.09799206739e-16, 1.05738861662e-16, 1.00004647133e-16, 8.68387375774e-17],
        "dvar2": [2.9505193319e-14, 1.09110898094e-09, 1.57587203375e-06, 3.77965011467e-06, 7.6158930824e-06, 1.70292776147e-06, 7.32922842417e-07, 6.74251339206e-07, 2.94298433801e-06, 1.34954598252e-05, 3.71959649783e-05, 0.0001719390566, 3.36947887263e-05, 0.000253002799582, 3.70072521036e-05, 1.0481321624e-06, 1.38943249794e-07, 1.50978363145e-09, 2.37591529784e-10, 2.2901374807e-13, 1.74317686479e-14, 1.2406711807e-14, 2.81918971098e-15, 2.49097275543e-16, 2.40039343433e-16, 2.26982833477e-16, 2.01477943517e-16],
        "max": [1.32117042995e-06, 0.00033553497633, 0.015683375299, 0.0210965592414, 0.0306976046413, 0.0165733192116, 0.00887331459671, 0.00847533531487, 0.0185407437384, 0.0278270822018, 0.0505700856447, 0.109807789326, 0.0825735256076, 0.100638113916, 0.0791307836771, 0.0102318143472, 0.00321089918725, 0.000342752871802, 0.000117148469144, 3.38595236826e-06, 2.17629053623e-06, 1.95509528567e-06, 9.09416598915e-07, 4.55201671912e-07, 4.46849185209e-07, 4.34606505451e-07, 4.02295796675e-07],
        "mean": [6.04796426273e-08, 8.13695896795e-06, 0.000457631162135, 0.000946826301515, 0.00282736960799, 0.00208367384039, 0.00125478743576, 0.000577121623792, 0.0013270562049, 0.00198579346761, 0.00185678876005, 0.00358968833461, 0.00169585063122, 0.00383315421641, 0.00122560025193, 0.000309669034323, 0.000174895889359, 2.07673510886e-05, 5.0706194088e-06, 1.36271751217e-07, 6.12183592708e-09, 3.29891491901e-09, 1.92548577083e-09, 1.20841547879e-09, 1.17108112097e-09, 1.15292153602e-09, 1.11365117128e-09],
        "median": [2.8093555926e-08, 2.33135961025e-06, 8.36502367747e-05, 0.00041721764137, 0.00184270110913, 0.00148575566709, 0.00086762936553, 0.000111936045869, 0.00023619249987, 0.000425241683843, 0.00042421836406, 0.000228781951591, 0.000272835692158, 0.000613332551438, 0.000197422050405, 0.000108830397949, 6.18387784925e-05, 9.69753637037e-06, 1.91703406927e-06, 2.2211601447e-08, 6.89560630818e-10, 4.40938591195e-10, 3.42624123517e-10, 3.04470199053e-10, 2.98712110602e-10, 3.09901437845e-10, 2.78150086297e-10],
        "min": [3.14040319887e-23, 9.37883829965e-24, 6.83715134e-24, 1.42672101419e-24, 3.02672234708e-23, 6.31650393141e-23, 6.8858254778e-23, 3.78659482284e-23, 5.17217504478e-23, 5.75310830815e-23, 3.25139245724e-23, 3.43306396827e-23, 7.28999552269e-23, 7.91635802341e-23, 1.4473507445e-22, 1.16381495006e-22, 1.79835547712e-22, 2.08752739874e-22, 2.25433045942e-22, 3.38613759914e-22, 4.7551051046e-22, 5.02460270902e-22, 4.29043397212e-22, 5.41173525163e-22, 1.02727208883e-21, 1.49174046512e-21, 2.11536800402e-21],
        "stdev": [9.83987220593e-08, 1.84466680366e-05, 0.001176403719, 0.00163695157971, 0.00355656421743, 0.00207153987139, 0.00127495499328, 0.00112917926162, 0.00248413882218, 0.00392840290442, 0.0041938428767, 0.0109624648467, 0.00532875815406, 0.0104409595951, 0.00417389767244, 0.000683712365571, 0.000305708264932, 2.98750292131e-05, 1.00405968624e-05, 3.13626827619e-07, 5.88899418119e-08, 4.88473368421e-08, 2.54866936444e-08, 1.36121123262e-08, 1.33512214617e-08, 1.29868054088e-08, 1.18492273771e-08],
        "var": [9.68230825919e-15, 3.40279554534e-10, 1.38392579174e-06, 2.67961058853e-06, 1.26491486299e-05, 4.29127703683e-06, 1.62551009453e-06, 1.27504586089e-06, 6.17094610789e-06, 1.54323497554e-05, 1.75883178599e-05, 0.000120175631309, 2.83956615021e-05, 0.000109013642941, 1.74214201252e-05, 4.67462569986e-07, 9.3457543926e-08, 8.92517337814e-10, 1.00813586645e-10, 9.83617890913e-14, 3.46802541891e-15, 2.38606237802e-15, 6.4957151486e-16, 1.85289595412e-16, 1.78255105899e-16, 1.68657110876e-16, 1.40404194572e-16]
    },
    "erbbands": {
        "dmean": [0.000125156613649, 0.00689577078447, 0.231957644224, 1.24372375011, 4.24330997467, 2.74425435066, 2.32892680168, 5.58749389648, 8.73332118988, 3.81406450272, 7.47081041336, 15.4151706696, 43.3814277649, 27.1051082611, 64.0025177002, 128.782730103, 67.0279464722, 164.724746704, 68.479927063, 36.8070907593, 8.99055957794, 5.73197793961, 1.10047197342, 0.529314219952, 0.0601907633245, 0.0091509912163, 0.00101124634966, 0.000350733549567, 0.00020839345234, 0.000131079810672, 6.54031173326e-05, 3.55292286258e-05, 2.68212479568e-05, 2.04465559364e-05, 1.50237556227e-05, 1.0321148693e-05, 5.83436985835e-06, 2.33406854022e-06, 6.1412983996e-06, 1.30596235977e-05],
        "dmean2": [0.000204776733881, 0.0116345593706, 0.378305584192, 1.95679962635, 6.47853899002, 4.38314676285, 3.44318795204, 7.93078804016, 11.8513717651, 5.89133310318, 10.4016962051, 20.0797138214, 58.6493911743, 39.9973182678, 100.84085083, 186.077728271, 98.7123641968, 259.121643066, 106.340538025, 57.909526825, 13.893494606, 8.32605934143, 1.65148556232, 0.819119095802, 0.0910712331533, 0.0141176106408, 0.00158521183766, 0.000605561595876, 0.000376731535653, 0.000238916967646, 0.000115067705337, 5.90044728597e-05, 4.35393012594e-05, 3.24446154991e-05, 2.31708963838e-05, 1.54903718794e-05, 8.62298293214e-06, 3.48899811797e-06, 8.72830514709e-06, 1.8462904336e-05],
        "dvar": [6.79798120018e-08, 0.000202297524083, 0.325512379408, 5.51501083374, 55.0989112854, 24.9646568298, 11.1226015091, 76.5401992798, 200.49546814, 55.5942611694, 234.069488525, 883.378540039, 8607.37402344, 3180.80224609, 27123.5039062, 182914.578125, 34536.3359375, 220784.1875, 53514.9882812, 11441.4453125, 397.390960693, 103.918273926, 3.10436272621, 0.799802958965, 0.00832896027714, 0.000298599450616, 1.25437081806e-05, 8.64182948135e-06, 7.00048076396e-06, 3.29564591084e-06, 3.32542043679e-07, 5.50062040361e-08, 2.85391497101e-08, 1.39260851739e-08, 5.39787325948e-09, 1.72722536274e-09, 3.85459275609e-10, 5.43470095316e-11, 7.51620987671e-11, 3.20272308674e-10],
        "dvar2": [1.62577876495e-07, 0.000508551369421, 0.744129955769, 13.2583723068, 128.966049194, 53.6112174988, 22.1283397675, 150.521316528, 342.062164307, 135.48928833, 466.094146729, 1445.04260254, 16602.796875, 6494.18066406, 64958.0820312, 355078.5, 63935.5390625, 518134.78125, 134391.015625, 26734.453125, 942.106262207, 204.806472778, 6.94871520996, 1.854383111, 0.0192733611912, 0.000712682784069, 3.48177127307e-05, 2.52995923802e-05, 2.06802906177e-05, 9.70774908637e-06, 9.20666991533e-07, 1.24669782053e-07, 6.45371969199e-08, 3.14955066472e-08, 1.21628866978e-08, 3.88116605521e-09, 8.61472060354e-10, 1.21477800041e-10, 1.56356386172e-10, 6.63299470904e-10],
        "max": [0.00474221352488, 0.216029465199, 10.0631532669, 33.6990470886, 114.606613159, 142.142303467, 62.9291381836, 145.181564331, 253.810256958, 106.458305359, 227.341781616, 423.340087891, 1055.48474121, 708.495117188, 1970.79455566, 5579.453125, 3404.14160156, 4395.95410156, 4311.88769531, 1432.93994141, 399.280792236, 120.723052979, 23.6607074738, 9.0408744812, 1.07254803181, 0.1676017344, 0.0870189890265, 0.0839784890413, 0.0802553445101, 0.0552844703197, 0.015104426071, 0.0101262768731, 0.00729888351634, 0.00508106593043, 0.00313722831197, 0.00174498045817, 0.000803053320851, 0.000292662181892, 7.37334485166e-05, 0.000149132334627],
        "mean": [0.000178447997314, 0.00827792659402, 0.322022557259, 2.17469239235, 9.93966579437, 6.23134994507, 6.67461395264, 16.9532546997, 27.8536453247, 8.5909614563, 16.8388519287, 30.9692077637, 76.2206344604, 47.6995277405, 82.2041702271, 166.464096069, 95.157661438, 184.097366333, 81.3733520508, 57.8296699524, 13.2074222565, 8.16524124146, 1.58504462242, 0.691930711269, 0.0831432417035, 0.010791843757, 0.00116127729416, 0.000355201977072, 0.000200679074624, 0.000131078326376, 8.24639137136e-05, 5.72988683416e-05, 4.60659975943e-05, 3.71173591702e-05, 2.88182418444e-05, 2.06446729862e-05, 1.18530824693e-05, 4.09130370826e-06, 1.31794904519e-05, 2.87801431114e-05],
        "median": [8.13540682429e-05, 0.00285005918704, 0.0848808139563, 1.00941646099, 4.49137926102, 4.37775325775, 3.7450325489, 10.0749483109, 16.2051105499, 3.77577733994, 4.65829324722, 8.52869987488, 16.6033802032, 17.0517101288, 19.8675880432, 16.5034503937, 23.114402771, 36.6577720642, 19.5708045959, 11.2397089005, 5.19317293167, 3.21318340302, 0.767350792885, 0.346057385206, 0.0418912544847, 0.00415067886934, 0.000447060767328, 0.000129511026898, 7.13346744305e-05, 4.9275753554e-05, 3.85923412978e-05, 3.18154852721e-05, 2.71744029305e-05, 2.30930072576e-05, 1.90013433894e-05, 1.42397739182e-05, 8.39001040731e-06, 2.4846094675e-06, 1.02330668597e-05, 2.27562341024e-05],
        "min": [3.73818993905e-22, 2.15275753706e-21, 6.45829139238e-21, 7.06178629221e-21, 3.24459818128e-20, 1.7011359623e-19, 4.78371783129e-19, 5.73812295796e-19, 1.42657884547e-18, 6.29959816511e-19, 7.19538875658e-19, 1.32948686671e-18, 1.88471861799e-18, 1.91304438409e-18, 2.4148661172e-18, 1.54236489927e-18, 3.16086949919e-18, 4.0488207966e-18, 4.87857476804e-18, 8.88724669924e-18, 7.78070651432e-18, 9.40133448686e-18, 1.19087298546e-17, 8.42766266937e-18, 1.12000412104e-17, 1.67527218556e-17, 1.74582605959e-17, 1.78611389133e-17, 1.67010793155e-17, 1.56176613103e-17, 1.20813169535e-17, 9.69313568283e-18, 1.08270712625e-17, 9.43399819489e-18, 7.60045062395e-18, 4.43095342418e-18, 2.83092845274e-18, 1.24214228089e-18, 2.81911967401e-19, 3.08061931836e-20],
        "stdev": [0.000313937023748, 0.0173027925193, 0.770469605923, 3.33529281616, 14.6361865997, 9.01348972321, 8.34910392761, 18.7769374847, 32.0290908813, 11.4546175003, 28.8457660675, 53.8759384155, 144.233703613, 82.1145782471, 173.927444458, 513.233947754, 236.860916138, 481.728942871, 224.926208496, 148.645065308, 22.9365596771, 12.5944633484, 2.11292648315, 0.992763161659, 0.112231880426, 0.0183680485934, 0.00301004643552, 0.00223750434816, 0.00197284622118, 0.00136947224382, 0.000535033817869, 0.000304582965327, 0.000219809066039, 0.000153397850227, 9.56664516707e-05, 5.41149529454e-05, 2.55711365753e-05, 9.51113270276e-06, 1.14826261779e-05, 2.4120663511e-05],
        "var": [9.85564483358e-08, 0.000299386651022, 0.593623399734, 11.1241788864, 214.217971802, 81.2430038452, 69.70753479, 352.573364258, 1025.8626709, 131.208267212, 832.07824707, 2902.61669922, 20803.3632812, 6742.80419922, 30250.7539062, 263409.0625, 56103.09375, 232062.78125, 50591.796875, 22095.3574219, 526.085754395, 158.620498657, 4.46445798874, 0.985578715801, 0.012595994398, 0.000337385194143, 9.0603789431e-06, 5.00642545376e-06, 3.89212209484e-06, 1.87545435892e-06, 2.86261212068e-07, 9.27707830556e-08, 4.83160249587e-08, 2.35308998953e-08, 9.15206932461e-09, 2.92842794458e-09, 6.53883003299e-10, 9.04616381803e-11, 1.31850710905e-10, 5.81806436362e-10]
    },
    "gfcc": {
        "mean": [-190.563980103, 241.082046509, -177.150527954, -85.7915344238, 14.009262085, -33.9602165222, -53.3777160645, -18.5351810455, -24.8608932495, -31.9778499603, -7.7895450592, -17.9815635681, -10.9308395386],
        "cov": [[4864.88769531, 372.470428467, -595.616210938, -148.809112549, 111.456993103, -74.4525985718, 28.7022953033, -22.1000671387, -57.7803764343, -4.54926776886, 15.4260559082, -155.10345459, -157.636001587], [372.470428467, 982.883850098, 604.821350098, 89.8550262451, 41.6147193909, -156.024246216, -207.167709351, -140.550292969, -90.3429946899, 14.066280365, 167.895141602, 5.75663614273, -144.168807983], [-595.616210938, 604.821350098, 773.011413574, 200.011352539, 28.3653049469, 5.51706600189, -140.860855103, -130.797119141, -42.1538658142, 13.9882831573, 83.41431427, 0.406771272421, -103.816543579], [-148.809112549, 89.8550262451, 200.011352539, 220.832687378, 101.637573242, 52.3566818237, 19.5882835388, -8.37348937988, -4.69795370102, -19.4794273376, -43.2321395874, -34.8640365601, -12.4193019867], [111.456993103, 41.6147193909, 28.3653049469, 101.637573242, 200.499252319, 113.647445679, 59.6944503784, 21.9953365326, 11.5842456818, -33.8179740906, -79.5199813843, -75.8575592041, -9.97168540955], [-74.4525985718, -156.024246216, 5.51706600189, 52.3566818237, 113.647445679, 218.514419556, 102.894165039, 30.0188121796, 52.427154541, -19.6063899994, -109.983306885, -64.6944503784, -2.11967539787], [28.7022953033, -207.167709351, -140.860855103, 19.5882835388, 59.6944503784, 102.894165039, 165.052566528, 105.748931885, 21.6596641541, -34.629234314, -72.8259506226, -30.8179359436, 30.9227027893], [-22.1000671387, -140.550292969, -130.797119141, -8.37348937988, 21.9953365326, 30.0188121796, 105.748931885, 124.781265259, 46.9845809937, -26.066783905, -52.6787414551, -9.42299175262, 40.3439559937], [-57.7803764343, -90.3429946899, -42.1538658142, -4.69795370102, 11.5842456818, 52.427154541, 21.6596641541, 46.9845809937, 102.51259613, 42.3997612, -47.2013206482, -31.2473659515, 10.282034874], [-4.54926776886, 14.066280365, 13.9882831573, -19.4794273376, -33.8179740906, -19.6063899994, -34.629234314, -26.066783905, 42.3997612, 111.851882935, 79.5684204102, -5.46141052246, -54.457244873], [15.4260559082, 167.895141602, 83.41431427, -43.2321395874, -79.5199813843, -109.983306885, -72.8259506226, -52.6787414551, -47.2013206482, 79.5684204102, 190.604034424, 77.5642242432, -81.7902832031], [-155.10345459, 5.75663614273, 0.406771272421, -34.8640365601, -75.8575592041, -64.6944503784, -30.8179359436, -9.42299175262, -31.2473659515, -5.46141052246, 77.5642242432, 108.176109314, 33.4742240906], [-157.636001587, -144.168807983, -103.816543579, -12.4193019867, -9.97168540955, -2.11967539787, 30.9227027893, 40.3439559937, 10.282034874, -54.457244873, -81.7902832031, 33.4742240906, 147.822525024]],
        "icov": [[0.000420954631409, -0.000864534988068, 0.0012214978924, -0.000486123346491, 0.000583379762247, -0.000503677700181, -0.000436526839621, 0.000910120841581, -0.000690543325618, 0.00101100862958, -0.000933884934057, 0.00108600198291, -4.43469944003e-05], [-0.000864534988068, 0.00606767181307, -0.00563582964242, 0.0027326582931, -0.00464099692181, 0.00499619310722, 0.00113535532728, -0.000333335192408, -0.00174597790465, 0.00301314587705, -0.00283446442336, 0.000945905339904, 0.000328290974721], [0.0012214978924, -0.00563582964242, 0.00940381269902, -0.00695036491379, 0.00672638788819, -0.00824535917491, 0.00258979923092, 0.00233697285876, -0.00373099115677, 0.00739982211962, -0.00952856522053, 0.00756464386359, -0.00301716593094], [-0.000486123346491, 0.0027326582931, -0.00695036491379, 0.0128084821627, -0.00912656355649, 0.00851881783456, -0.0052770874463, -2.86927734123e-05, 0.00610124412924, -0.0121696805581, 0.0171148236841, -0.0125954253599, 0.00637399731204], [0.000583379762247, -0.00464099692181, 0.00672638788819, -0.00912656355649, 0.0177611485124, -0.0135064292699, 0.00444344151765, -0.00177237170283, -0.00298154028133, 0.0119257615879, -0.016253836453, 0.0173891764134, -0.00771854445338], [-0.000503677700181, 0.00499619310722, -0.00824535917491, 0.00851881783456, -0.0135064292699, 0.0287835374475, -0.0227968767285, 0.0184452272952, -0.0106266718358, -0.00523891951889, 0.0205639414489, -0.0173375755548, 0.0126101700589], [-0.000436526839621, 0.00113535532728, 0.00258979923092, -0.0052770874463, 0.00444344151765, -0.0227968767285, 0.0449135489762, -0.0417651534081, 0.0287885051221, -0.0114134885371, -0.00200767070055, 0.0069366064854, -0.00489540072158], [0.000910120841581, -0.000333335192408, 0.00233697285876, -2.86927734123e-05, -0.00177237170283, 0.0184452272952, -0.0417651534081, 0.060960367322, -0.053041767329, 0.0420315228403, -0.0277683399618, 0.0126138236374, -0.00451836083084], [-0.000690543325618, -0.00174597790465, -0.00373099115677, 0.00610124412924, -0.00298154028133, -0.0106266718358, 0.0287885051221, -0.053041767329, 0.0820170491934, -0.0793758407235, 0.0699611827731, -0.0392777509987, 0.0162109918892], [0.00101100862958, 0.00301314587705, 0.00739982211962, -0.0121696805581, 0.0119257615879, -0.00523891951889, -0.0114134885371, 0.0420315228403, -0.0793758407235, 0.109254956245, -0.105835720897, 0.0703929364681, -0.0288922265172], [-0.000933884934057, -0.00283446442336, -0.00952856522053, 0.0171148236841, -0.016253836453, 0.0205639414489, -0.00200767070055, -0.0277683399618, 0.0699611827731, -0.105835720897, 0.133312880993, -0.0937073603272, 0.0493089146912], [0.00108600198291, 0.000945905339904, 0.00756464386359, -0.0125954253599, 0.0173891764134, -0.0173375755548, 0.0069366064854, 0.0126138236374, -0.0392777509987, 0.0703929364681, -0.0937073603272, 0.0832360014319, -0.0396666228771], [-4.43469944003e-05, 0.000328290974721, -0.00301716593094, 0.00637399731204, -0.00771854445338, 0.0126101700589, -0.00489540072158, -0.00451836083084, 0.0162109918892, -0.0288922265172, 0.0493089146912, -0.0396666228771, 0.0318654030561]]
    },
    "melbands": {
        "dmean": [1.50328241943e-06, 9.38295415835e-05, 0.000285438349238, 0.000269708049018, 7.63725547586e-05, 0.000139599433169, 0.0001190016701, 3.9453523641e-05, 6.90242013661e-05, 0.000101566307421, 0.000216308442759, 9.46248910623e-05, 0.000218706511077, 0.000314378965413, 0.000207983262953, 0.000162092634127, 0.000343385530869, 0.000133163615828, 6.91512395861e-05, 2.7636941013e-05, 1.03422016764e-05, 7.91570073488e-06, 1.60617355505e-06, 7.52679056859e-07, 4.39485262405e-07, 5.21820808785e-08, 1.11101154943e-08, 4.79951856036e-09, 3.63052810037e-10, 1.95895910604e-10, 1.53966991934e-10, 1.12859568913e-10, 7.10786082769e-11, 6.40079100833e-11, 3.50319634412e-11, 1.90891174395e-11, 1.56133925233e-11, 1.36799235134e-11, 1.20244508794e-11, 1.07212103778e-11],
        "dmean2": [2.62995763478e-06, 0.000150984764332, 0.000441755109932, 0.000417861825554, 0.00011610310321, 0.000193504107301, 0.000161863979883, 5.96200079599e-05, 9.46068248595e-05, 0.000132580287755, 0.000293196877465, 0.000139225783641, 0.000349707959685, 0.000469305959996, 0.000293867313303, 0.000245169328991, 0.000541976827662, 0.000209388468647, 0.000105700746644, 4.33685345342e-05, 1.61432581081e-05, 1.15823731903e-05, 2.47570460488e-06, 1.17513241094e-06, 6.92924004397e-07, 8.25456183406e-08, 1.76972054788e-08, 7.81598252786e-09, 6.25737239801e-10, 3.56890128561e-10, 2.89799850783e-10, 2.14573123158e-10, 1.3612569405e-10, 1.2289319562e-10, 6.63063354223e-11, 3.55476897917e-11, 2.90210685344e-11, 2.5426848127e-11, 2.23490340817e-11, 1.99356156583e-11],
        "dvar": [1.17505302363e-11, 5.07908062275e-08, 2.36737051296e-07, 2.10954738122e-07, 1.1323591842e-08, 4.78558668249e-08, 3.49318796111e-08, 6.09239236837e-09, 1.59175694847e-08, 3.6997835906e-08, 2.17108379275e-07, 4.30481001956e-08, 3.9481082581e-07, 1.03347838376e-06, 3.39990805287e-07, 3.56866934226e-07, 1.03346405922e-06, 1.86114803569e-07, 6.85855638949e-08, 7.16865633521e-09, 4.87449858255e-10, 2.39042535766e-10, 8.8115261615e-12, 1.64978989671e-12, 6.68589586906e-13, 8.37697543033e-15, 4.99409196333e-16, 1.36344590649e-16, 5.54699750075e-18, 2.41917159229e-18, 3.14670609915e-18, 2.55141605875e-18, 1.11155124508e-18, 1.06801373091e-18, 1.44293631623e-19, 2.59061658742e-20, 1.81982222766e-20, 1.42341659861e-20, 1.11980245893e-20, 9.18639080982e-21],
        "dvar2": [3.09350288441e-11, 1.12632108085e-07, 6.08331333751e-07, 4.75871843264e-07, 2.38488020443e-08, 8.79308998947e-08, 5.97883840214e-08, 1.40616105426e-08, 3.07102183683e-08, 6.1215288838e-08, 4.20319423711e-07, 8.26648474117e-08, 9.50301114244e-07, 2.22826474783e-06, 6.39933887214e-07, 6.5897938839e-07, 2.49150912168e-06, 4.62691048142e-07, 1.5510488538e-07, 1.79780990095e-08, 1.15912379695e-09, 4.82862028139e-10, 2.29065256346e-11, 3.75979716111e-12, 1.59715058019e-12, 2.10306490105e-14, 1.22970824502e-15, 3.43139029103e-16, 1.56700797457e-17, 6.96657550311e-18, 9.24490884276e-18, 7.53465585085e-18, 3.26538480356e-18, 3.1501854276e-18, 4.05588238579e-19, 5.91166273629e-20, 4.12280549787e-20, 3.229991658e-20, 2.53935643104e-20, 2.08702159879e-20],
        "max": [7.11214088369e-05, 0.00407991698012, 0.0073861554265, 0.0084759267047, 0.00205556163564, 0.00383712979965, 0.00341155799106, 0.00117504491936, 0.00172967230901, 0.00276293745264, 0.00526223750785, 0.00313714728691, 0.00826160702854, 0.00974498968571, 0.00850921683013, 0.0110946828499, 0.00965187326074, 0.00589309865609, 0.00439525954425, 0.00128749839496, 0.000318270816933, 0.000185590572073, 3.09195565933e-05, 1.38547584356e-05, 9.22943399928e-06, 1.05988499399e-06, 3.40340704952e-07, 1.19024612388e-07, 6.05921712804e-08, 4.12420888551e-08, 5.15343465679e-08, 4.82306177219e-08, 3.18182742376e-08, 3.15856674149e-08, 1.03512141081e-08, 6.93604285118e-09, 5.86103476863e-09, 5.18283149731e-09, 4.59798199515e-09, 4.16459444708e-09],
        "mean": [1.30219655148e-06, 0.000133232184453, 0.000604906992521, 0.000644137209747, 0.000208782759728, 0.000442299584392, 0.000379729986889, 8.54464524309e-05, 0.000147148311953, 0.000200207738089, 0.000375413103029, 0.000166418758454, 0.000281596177956, 0.000399476848543, 0.000280076579656, 0.000201986273169, 0.000374794733943, 0.000150943757035, 0.000105345257907, 3.73083130398e-05, 1.30842181534e-05, 1.04799519249e-05, 2.13272301153e-06, 9.70963583313e-07, 5.35976369065e-07, 6.53376375226e-08, 1.29205695032e-08, 4.38632330457e-09, 2.84515994098e-10, 1.454962123e-10, 1.06233681574e-10, 7.77729824986e-11, 5.15128946443e-11, 4.55478051109e-11, 2.87555639022e-11, 1.87810079988e-11, 1.56583981892e-11, 1.37652077237e-11, 1.21230690417e-11, 1.08338659224e-11],
        "median": [4.08699065702e-07, 3.33820134983e-05, 0.000324646593072, 0.000389679888031, 0.000119569980598, 0.000268681731541, 0.000231268000789, 2.49046097451e-05, 3.80522360501e-05, 4.42982454842e-05, 7.56696827011e-05, 5.2777955716e-05, 6.50840447634e-05, 2.49920922215e-05, 4.06269682571e-05, 4.48472856078e-05, 5.78714862058e-05, 2.65204562311e-05, 1.45992498801e-05, 9.47535500018e-06, 4.27494978794e-06, 3.44631462212e-06, 8.68283507316e-07, 4.03574659913e-07, 2.45281881917e-07, 2.50482905528e-08, 2.98210300897e-09, 5.81751813389e-10, 3.0900733361e-11, 1.61677997379e-11, 1.25614189189e-11, 9.39685915885e-12, 7.72661882392e-12, 6.53736049669e-12, 5.58185008631e-12, 4.60220143245e-12, 4.01307979903e-12, 3.54959377863e-12, 3.07572023406e-12, 2.76993922591e-12],
        "min": [5.36009015321e-24, 3.01747401793e-24, 1.94878127266e-24, 6.10432835247e-24, 1.53536976171e-23, 1.45807527695e-23, 1.91854837568e-23, 6.73217761934e-24, 6.23921252321e-24, 8.07543419153e-24, 9.44767430224e-24, 7.91195223526e-24, 5.71235204614e-24, 6.03672218403e-24, 3.93812813965e-24, 7.36250667047e-24, 6.35879989214e-24, 6.22406402725e-24, 1.27982111136e-23, 9.31699949329e-24, 8.86047069909e-24, 8.11067260817e-24, 1.08535277761e-23, 9.31015928038e-24, 6.09867537522e-24, 6.39552610044e-24, 1.26658970517e-23, 9.47676591471e-24, 8.75043564686e-24, 1.25568464979e-23, 8.35869363221e-24, 8.3720174929e-24, 1.20279334047e-23, 7.79932025293e-24, 7.17419295061e-24, 6.08521425274e-24, 5.77116438763e-24, 6.76463766787e-24, 7.55822542763e-24, 8.37818165202e-24],
        "stdev": [3.17692570206e-06, 0.000310293282382, 0.000814022088889, 0.000863564491738, 0.000249024102231, 0.000484148913529, 0.000425389182055, 0.000130805114168, 0.000233764338191, 0.00034961415804, 0.000721785530914, 0.000315436394885, 0.000649492023513, 0.00120540056378, 0.000718120543752, 0.000693771289662, 0.00102907884866, 0.000431716063758, 0.000340636819601, 9.6380856121e-05, 2.36752603087e-05, 1.83972206287e-05, 3.37777714776e-06, 1.46427430536e-06, 8.66578318437e-07, 1.05480140178e-07, 2.51621301572e-08, 1.11265858749e-08, 1.88080395702e-09, 1.22224008692e-09, 1.32967759026e-09, 1.18682252914e-09, 8.00966459824e-10, 7.73306862989e-10, 3.36435462822e-10, 2.0770019038e-10, 1.75462866459e-10, 1.54953785914e-10, 1.37525824062e-10, 1.24350266195e-10],
