{
"lowlevel": {
    "average_loudness": 0.120637908578,
    "barkbands_crest": {
        "dmean": 1.68344843388,
        "dmean2": 2.5315861702,
        "dvar": 3.95766019821,
        "dvar2": 8.92167854309,
        "max": 26.0667514801,
        "mean": 11.1725053787,
        "median": 10.3393096924,
        "min": 4.22330093384,
        "stdev": 3.92646408081,
        "var": 15.4171209335
    },
    "barkbands_flatness_db": {
        "dmean": 0.0171630717814,
        "dmean2": 0.0246182028204,
        "dvar": 0.000436198170064,
        "dvar2": 0.000894341152161,
        "max": 0.457531899214,
        "mean": 0.258935600519,
        "median": 0.261344701052,
        "min": 0.0669668391347,
        "stdev": 0.0420697517693,
        "var": 0.0017698641168
    },
    "barkbands_kurtosis": {
        "dmean": 1.2673060894,
        "dmean2": 1.82876873016,
        "dvar": 11.2866954803,
        "dvar2": 24.7643718719,
        "max": 94.5003433228,
        "mean": 2.63380122185,
        "median": 1.18119525909,
        "min": -1.53406059742,
        "stdev": 6.16247034073,
        "var": 37.9760398865
    },
    "barkbands_skewness": {
        "dmean": 0.287960678339,
        "dmean2": 0.420316874981,
        "dvar": 0.1611802876,
        "dvar2": 0.344022452831,
        "max": 9.3293838501,
        "mean": 0.978843331337,
        "median": 0.876811742783,
        "min": -2.55667185783,
        "stdev": 0.975369572639,
        "var": 0.951345801353
    },
    "barkbands_spread": {
        "dmean": 1.24363481998,
        "dmean2": 1.75904595852,
        "dvar": 3.02924466133,
        "dvar2": 6.69951438904,
        "max": 27.8391914368,
        "mean": 7.86981010437,
        "median": 7.21076393127,
        "min": 0.333267271519,
        "stdev": 3.71903419495,
        "var": 13.8312158585
    },
    "dissonance": {
        "dmean": 0.033984888345,
        "dmean2": 0.0578512512147,
        "dvar": 0.00131863506977,
        "dvar2": 0.00358082982711,
        "max": 0.499614387751,
        "mean": 0.396626383066,
        "median": 0.405043631792,
        "min": 0.159871742129,
        "stdev": 0.0585820935667,
        "var": 0.00343186175451
    },
    "dynamic_complexity": 8.64141368866,
    "erbbands_crest": {
        "dmean": 2.02709007263,
        "dmean2": 2.96604633331,
        "dvar": 6.16673851013,
        "dvar2": 12.9368000031,
        "max": 33.1757965088,
        "mean": 12.7772817612,
        "median": 11.7238636017,
        "min": 3.49808287621,
        "stdev": 4.9727897644,
        "var": 24.728635788
    },
    "erbbands_flatness_db": {
        "dmean": 0.0138787375763,
        "dmean2": 0.0189076438546,
        "dvar": 0.000437705137301,
        "dvar2": 0.000809432298411,
        "max": 0.533343076706,
        "mean": 0.288329482079,
        "median": 0.294828802347,
        "min": 0.0425628013909,
        "stdev": 0.0501629635692,
        "var": 0.00251632276922
    },
    "erbbands_kurtosis": {
        "dmean": 0.720268726349,
        "dmean2": 1.08508872986,
        "dvar": 2.31538510323,
        "dvar2": 4.69319915771,
        "max": 32.5720558167,
        "mean": 1.01150870323,
        "median": 0.24013209343,
        "min": -1.55065894127,
        "stdev": 2.75990343094,
        "var": 7.61706638336
    },
    "erbbands_skewness": {
        "dmean": 0.218728393316,
        "dmean2": 0.305933982134,
        "dvar": 0.0895289853215,
        "dvar2": 0.176532939076,
        "max": 4.93547916412,
        "mean": 0.360784769058,
        "median": 0.324709177017,
        "min": -2.64324426651,
        "stdev": 0.643724739552,
        "var": 0.414381533861
    },
    "erbbands_spread": {
        "dmean": 1.95061147213,
        "dmean2": 2.81052517891,
        "dvar": 12.7355747223,
        "dvar2": 25.4881649017,
        "max": 131.078063965,
        "mean": 14.7371730804,
        "median": 13.2873106003,
        "min": 0.592297494411,
        "stdev": 11.6423206329,
        "var": 135.543640137
    },
    "hfc": {
        "dmean": 3.908411026,
        "dmean2": 4.39130115509,
        "dvar": 119.264556885,
        "dvar2": 201.16545105,
        "max": 231.972991943,
        "mean": 9.45162200928,
        "median": 1.90888333321,
        "min": 1.12791449887e-16,
        "stdev": 19.7412853241,
        "var": 389.718383789
    },
    "loudness_ebu128": {
        "integrated": -17.0298080444,
        "loudness_range": 12.7837257385,
        "momentary": {
            "dmean": 1.18207085133,
            "dmean2": 1.51964533329,
            "dvar": 2.17603898048,
            "dvar2": 3.26409006119,
            "max": -8.70872879028,
            "mean": -22.6977977753,
            "median": -21.6721687317,
            "min": -51.4781646729,
            "stdev": 8.48554325104,
            "var": 72.0044403076
        },
        "short_term": {
            "dmean": 0.290087163448,
            "dmean2": 0.259305566549,
            "dvar": 0.12206813693,
            "dvar2": 0.0964388176799,
            "max": -12.5754470825,
            "mean": -20.2143783569,
            "median": -19.3899173737,
            "min": -39.3429336548,
            "stdev": 5.79290437698,
            "var": 33.5577392578
        }
    },
    "melbands_crest": {
        "dmean": 1.98345696926,
        "dmean2": 2.99548721313,
        "dvar": 4.96501111984,
        "dvar2": 10.8617448807,
        "max": 33.2945137024,
        "mean": 13.4993534088,
        "median": 12.5888957977,
        "min": 2.49507522583,
        "stdev": 4.71602964401,
        "var": 22.2409343719
    },
    "melbands_flatness_db": {
        "dmean": 0.0182632692158,
        "dmean2": 0.0256582405418,
        "dvar": 0.000650402682368,
        "dvar2": 0.00126753351651,
        "max": 0.533143639565,
        "mean": 0.345420539379,
        "median": 0.349545925856,
        "min": 0.0054737329483,
        "stdev": 0.0566577985883,
        "var": 0.00321010616608
    },
    "melbands_kurtosis": {
        "dmean": 2.10944485664,
        "dmean2": 3.06512546539,
        "dvar": 108.45891571,
        "dvar2": 247.860839844,
        "max": 338.394622803,
        "mean": 5.52134561539,
        "median": 1.84270501137,
        "min": -1.60777509212,
        "stdev": 24.6004676819,
        "var": 605.182983398
    },
    "melbands_skewness": {
        "dmean": 0.319776982069,
        "dmean2": 0.467607855797,
        "dvar": 0.263757944107,
        "dvar2": 0.56786853075,
        "max": 14.7666912079,
        "mean": 1.32061064243,
        "median": 1.1719442606,
        "min": -2.13676190376,
        "stdev": 1.42063438892,
        "var": 2.01820206642
    },
    "melbands_spread": {
        "dmean": 2.02156591415,
        "dmean2": 2.92043018341,
        "dvar": 18.4009056091,
        "dvar2": 32.894367218,
        "max": 143.518157959,
        "mean": 11.9605484009,
        "median": 10.7254323959,
        "min": 0.729025125504,
        "stdev": 7.05650758743,
        "var": 49.7942962646
    },
    "pitch_salience": {
        "dmean": 0.0450440384448,
        "dmean2": 0.0691028013825,
        "dvar": 0.00259074661881,
        "dvar2": 0.00631852913648,
        "max": 0.833822548389,
        "mean": 0.528532087803,
        "median": 0.52886223793,
        "min": 0.127159997821,
        "stdev": 0.096454270184,
        "var": 0.00930342637002
    },
    "silence_rate_20dB": {
        "dmean": 0,
        "dmean2": 0,
        "dvar": 0,
        "dvar2": 0,
        "max": 1,
        "mean": 1,
        "median": 1,
        "min": 1,
        "stdev": 0,
        "var": 0
    },
    "silence_rate_30dB": {
        "dmean": 0.010303966701,
        "dmean2": 0.0206185560673,
        "dvar": 0.0101979281753,
        "dvar2": 0.0222548190504,
        "max": 1,
        "mean": 0.988156557083,
        "median": 1,
        "min": 0,
        "stdev": 0.108182482421,
        "var": 0.0117034493014
    },
    "silence_rate_60dB": {
        "dmean": 0.0731581673026,
        "dmean2": 0.146391749382,
        "dvar": 0.067808650434,
        "dvar2": 0.134235441685,
        "max": 1,
        "mean": 0.424304842949,
        "median": 0,
        "min": 0,
        "stdev": 0.494233965874,
        "var": 0.244267210364
    },
    "spectral_centroid": {
        "dmean": 73.4845657349,
        "dmean2": 104.27192688,
        "dvar": 65173.8125,
        "dvar2": 81957.0546875,
        "max": 10977.1708984,
        "mean": 637.065368652,
        "median": 573.543945312,
        "min": 280.893249512,
        "stdev": 346.17779541,
        "var": 119839.070312
    },
    "spectral_complexity": {
        "dmean": 1.37867081165,
        "dmean2": 2.0731959343,
        "dvar": 3.88705921173,
        "dvar2": 7.03686332703,
        "max": 32,
        "mean": 8.4824924469,
        "median": 7,
        "min": 0,
        "stdev": 6.16152429581,
        "var": 37.9643821716
    },
    "spectral_decrease": {
        "dmean": 1.1645934217e-09,
        "dmean2": 1.32201749548e-09,
        "dvar": 7.04938207269e-18,
        "dvar2": 1.12767580763e-17,
        "max": -1.34567289109e-28,
        "mean": -3.30999316844e-09,
        "median": -1.10307785128e-09,
        "min": -5.69304354769e-08,
        "stdev": 5.7550364474e-09,
        "var": 3.31204440755e-17
    },
    "spectral_energy": {
        "dmean": 0.00473976554349,
        "dmean2": 0.00537038082257,
        "dvar": 0.000120300588605,
        "dvar2": 0.00019304084708,
        "max": 0.234049320221,
        "mean": 0.0133499624208,
        "median": 0.00433186348528,
        "min": 1.07384029744e-20,
        "stdev": 0.0234572663903,
        "var": 0.000550243305042
    },
    "spectral_energyband_high": {
        "dmean": 1.18796851893e-05,
        "dmean2": 1.6520225472e-05,
        "dvar": 2.01842254022e-09,
        "dvar2": 4.14075751465e-09,
        "max": 0.000633809773717,
        "mean": 1.64528373716e-05,
        "median": 3.00635861095e-07,
        "min": 7.93523005013e-21,
        "stdev": 5.66749586142e-05,
        "var": 3.21205084752e-09
    },
    "spectral_energyband_low": {
        "dmean": 0.000253220408922,
        "dmean2": 0.000370925641619,
        "dvar": 1.02148112546e-06,
        "dvar2": 2.40594431489e-06,
        "max": 0.0360414907336,
        "mean": 0.000886383117177,
        "median": 0.000275391095784,
        "min": 1.14700388241e-22,
        "stdev": 0.00247043045238,
        "var": 6.1030264078e-06
    },
    "spectral_energyband_middle_high": {
        "dmean": 0.00221495004371,
        "dmean2": 0.00279472814873,
        "dvar": 5.65311092942e-05,
        "dvar2": 0.00010639289394,
        "max": 0.168582171202,
        "mean": 0.00421332381666,
        "median": 0.000503844581544,
        "min": 1.59719700652e-21,
        "stdev": 0.0111560355872,
        "var": 0.000124457132188
    },
    "spectral_energyband_middle_low": {
        "dmean": 0.00293001160026,
        "dmean2": 0.00337976799347,
        "dvar": 3.60193989764e-05,
        "dvar2": 5.1771508879e-05,
        "max": 0.120742514729,
        "mean": 0.00885944254696,
        "median": 0.00326179014519,
        "min": 3.60847596268e-22,
        "stdev": 0.0147869251668,
        "var": 0.000218653163756
    },
    "spectral_entropy": {
        "dmean": 0.154952764511,
        "dmean2": 0.222958907485,
        "dvar": 0.0554433315992,
        "dvar2": 0.106871031225,
        "max": 9.7867565155,
        "mean": 6.1318564415,
        "median": 6.07835865021,
        "min": 4.60060214996,
        "stdev": 0.485787332058,
        "var": 0.235989332199
    },
    "spectral_flux": {
        "dmean": 0.0150813022628,
        "dmean2": 0.0231791324914,
        "dvar": 0.000837432569824,
        "dvar2": 0.00190590880811,
        "max": 0.348633944988,
        "mean": 0.030913354829,
        "median": 0.0174125023186,
        "min": 1.03626267289e-10,
        "stdev": 0.0385296754539,
        "var": 0.00148453575093
    },
    "spectral_kurtosis": {
        "dmean": 12.5113010406,
        "dmean2": 21.3766021729,
        "dvar": 125.513275146,
        "dvar2": 349.815338135,
        "max": 115.352043152,
        "mean": 38.7785758972,
        "median": 34.7812461853,
        "min": -1.18642270565,
        "stdev": 22.4575920105,
        "var": 504.343475342
    },
    "spectral_rms": {
        "dmean": 0.000504572992213,
        "dmean2": 0.000548596843146,
        "dvar": 6.51663128792e-07,
        "dvar2": 9.91809315565e-07,
        "max": 0.0151109499857,
        "mean": 0.00272138323635,
        "median": 0.00205577397719,
        "min": 3.23674073655e-12,
        "stdev": 0.0023703163024,
        "var": 5.61839988222e-06
    },
    "spectral_rolloff": {
        "dmean": 104.237800598,
        "dmean2": 170.278060913,
        "dvar": 179446.125,
        "dvar2": 228457.4375,
        "max": 17764.8925781,
        "mean": 834.972839355,
        "median": 775.1953125,
        "min": 64.599609375,
        "stdev": 524.233886719,
        "var": 274821.15625
    },
    "spectral_skewness": {
        "dmean": 0.802844703197,
        "dmean2": 1.37709772587,
        "dvar": 0.510334312916,
        "dvar2": 1.43919277191,
        "max": 8.86196517944,
        "mean": 4.44983053207,
        "median": 4.42308139801,
        "min": 0.0380546301603,
        "stdev": 1.51452720165,
        "var": 2.29379248619
    },
    "spectral_spread": {
        "dmean": 307082.03125,
        "dmean2": 487768.28125,
        "dvar": 767375769600,
        "dvar2": 842959683584,
        "max": 39515868,
        "mean": 1895308.5,
        "median": 1560359.25,
        "min": 692546.25,
        "stdev": 1472923.125,
        "var": 2.16950256435e+12
    },
    "spectral_strongpeak": {
        "dmean": 0.427716881037,
        "dmean2": 0.60147857666,
        "dvar": 0.891411364079,
        "dvar2": 1.70186495781,
        "max": 14.036075592,
        "mean": 1.07639479637,
        "median": 0.45523506403,
        "min": 4.02440969438e-09,
        "stdev": 1.62135887146,
        "var": 2.62880444527
    },
    "zerocrossingrate": {
        "dmean": 0.00342425773852,
        "dmean2": 0.00394878583029,
        "dvar": 5.93620025029e-05,
        "dvar2": 5.40123801329e-05,
        "max": 0.47412109375,
        "mean": 0.0304232910275,
        "median": 0.02880859375,
        "min": 0.00537109375,
        "stdev": 0.0159611143172,
        "var": 0.000254757149378
    },
    "barkbands": {
        "dmean": [1.6589065126e-06, 7.24382261978e-05, 0.000136729548103, 0.000215665379073, 0.000825001043268, 0.000328871567035, 0.000340349739417, 0.000583794375416, 0.00108653667849, 0.000530417135451, 0.0010140753584, 0.000403676676797, 0.000200835798751, 0.000104680679215, 0.000112017303763, 0.000219956345973, 5.92392352701e-05, 1.27316425278e-05, 3.10053183057e-05, 7.88809211372e-06, 3.24325787915e-06, 2.98484042105e-06, 9.89259092421e-07, 2.48403893011e-07, 1.70415006551e-07, 1.93911482427e-08, 2.172934499e-09],
        "dmean2": [2.92187974082e-06, 0.000112286841613, 0.000203319796128, 0.000332521769451, 0.0011125896126, 0.000455796776805, 0.000519414781593, 0.000679298536852, 0.0012084353948, 0.00078605057206, 0.0012300653616, 0.000635967531707, 0.000277519313386, 0.000133162495331, 0.000141989032272, 0.000296880112728, 8.58902494656e-05, 1.71415413206e-05, 4.93810402986e-05, 1.12901525426e-05, 4.69323776997e-06, 4.55753615825e-06, 1.70890746176e-06, 4.18341841169e-07, 3.05753957264e-07, 3.34277991954e-08, 3.84566289924e-09],
        "dvar": [9.09310040459e-12, 3.94485475397e-08, 3.01477939502e-07, 4.28134711683e-07, 4.20113428845e-06, 7.45724207718e-07, 2.25609596782e-06, 2.50121706813e-06, 1.68031692738e-05, 8.49430307426e-06, 2.4216957172e-05, 5.05262232764e-06, 8.13276983536e-07, 1.10473948212e-07, 2.17343014697e-07, 8.91827198757e-07, 4.95021197366e-08, 3.52315554508e-09, 1.17587601878e-08, 9.33043087237e-10, 4.72504757543e-10, 2.20428925113e-10, 2.91725428536e-11, 2.08684350182e-12, 1.41185240582e-12, 3.71714013804e-15, 7.25440044187e-18],
        "dvar2": [2.72482106323e-11, 1.01316018686e-07, 7.45144461689e-07, 9.28713348003e-07, 7.48555794416e-06, 1.32220327487e-06, 5.23484231962e-06, 3.58049828719e-06, 2.44164475589e-05, 1.95557404368e-05, 4.16887596657e-05, 1.35166983455e-05, 1.78136724571e-06, 1.93820994809e-07, 3.68548711549e-07, 1.47577907228e-06, 1.11726983221e-07, 6.20819262664e-09, 3.04062872658e-08, 1.99685046276e-09, 9.30719057379e-10, 5.1826393177e-10, 7.75195671543e-11, 5.15994408659e-12, 4.00401196574e-12, 9.86526144656e-15, 2.0913203763e-17],
        "max": [3.19599421346e-05, 0.00463600317016, 0.018018161878, 0.0234728958458, 0.046421084553, 0.0204010158777, 0.0373116880655, 0.0386283174157, 0.0868778973818, 0.0557880848646, 0.120869666338, 0.0595205873251, 0.017485877499, 0.00754879880697, 0.00932325981557, 0.0207900535315, 0.00415743468329, 0.00150745781139, 0.00204697111621, 0.000560022890568, 0.00054362002993, 0.000276406441117, 9.52669070102e-05, 3.4194032196e-05, 2.61970781139e-05, 1.60431773111e-06, 2.77432032902e-08],
        "mean": [1.73169485151e-06, 0.000169952632859, 0.000402695499361, 0.000602483574767, 0.00212487648241, 0.000733636145014, 0.000708963721991, 0.00155325408559, 0.00244489405304, 0.00110682065133, 0.00163308111951, 0.000523221795447, 0.000347533234162, 0.000269983313046, 0.000207814431633, 0.000358046818292, 8.4294937551e-05, 1.90160881175e-05, 3.81113532057e-05, 1.10404762381e-05, 4.12872168454e-06, 3.02034868582e-06, 9.301558066e-07, 2.4485447625e-07, 1.50317731595e-07, 4.43080097057e-08, 2.62874477741e-09],
        "median": [6.95003905093e-07, 3.49283509422e-05, 7.18138908269e-05, 8.47861520015e-05, 0.000581103144214, 0.000213468156289, 9.84235957731e-05, 0.0002491963387, 0.000138480521855, 0.000103390208096, 0.000143807716086, 3.1420680898e-05, 1.42691551446e-05, 1.60449926625e-05, 7.9361252574e-06, 1.13544947453e-05, 3.60701142199e-06, 2.76963135093e-07, 9.86505256151e-07, 1.37224702712e-07, 2.47956322141e-08, 2.2035170133e-08, 2.26011529492e-08, 2.88799935078e-08, 3.74080322274e-08, 3.88770828863e-08, 1.66026326021e-09],
        "min": [2.23912645921e-23, 7.3264692955e-23, 1.21874876226e-23, 1.89478110101e-23, 2.45396373373e-23, 6.20550110463e-23, 3.276670085e-23, 5.29249999865e-23, 9.62184122171e-23, 1.29945434468e-22, 1.29966449722e-22, 7.2487406217e-23, 2.01997755497e-22, 7.09266670042e-23, 1.08287857849e-22, 1.33266273821e-22, 1.16614959969e-22, 2.179670139e-22, 2.79060971482e-22, 3.23028746191e-22, 4.43656029429e-22, 5.08976438684e-22, 7.55581324876e-22, 1.00160141901e-21, 1.42656495384e-21, 1.77196142817e-21, 2.0814105839e-21],
        "stdev": [3.08407470584e-06, 0.000408923719078, 0.0010120581137, 0.00180875184014, 0.00424151821062, 0.00163012277335, 0.00227442570031, 0.00349474162795, 0.00775201804936, 0.00458651920781, 0.00695201847702, 0.00224585598335, 0.00118940207176, 0.000685755803715, 0.000731150910724, 0.00136799796019, 0.000264498201432, 8.96136261872e-05, 0.000125367572764, 3.80751152989e-05, 2.58647378359e-05, 1.51800304593e-05, 4.82079713038e-06, 1.40248801017e-06, 9.74525960373e-07, 5.53809620385e-08, 3.04602165713e-09],
        "var": [9.51151744172e-12, 1.67218601632e-07, 1.02426156445e-06, 3.27158318214e-06, 1.79904782271e-05, 2.65730022875e-06, 5.17301214131e-06, 1.22132187244e-05, 6.00937819399e-05, 2.10361595236e-05, 4.83305630041e-05, 5.04386889588e-06, 1.41467717185e-06, 4.7026102834e-07, 5.3458165894e-07, 1.8714183625e-06, 6.99593059039e-08, 8.0306019612e-09, 1.57170294557e-08, 1.44971434857e-09, 6.68984700969e-10, 2.30433311321e-10, 2.32400834688e-11, 1.96697259175e-12, 9.49700929877e-13, 3.06705082135e-15, 9.27824753017e-18]
    },
    "erbbands": {
        "dmean": [0.00115760450717, 0.0204609986395, 0.122270643711, 0.430308133364, 1.37178003788, 3.45234537125, 3.13317227364, 3.06160092354, 4.21233272552, 11.9061508179, 10.2233695984, 27.7277374268, 18.1713695526, 10.7776346207, 49.2838058472, 20.192817688, 11.4017009735, 5.93225860596, 2.23329281807, 12.0917263031, 7.89658641815, 2.29563546181, 1.52514350414, 1.71494317055, 0.83987480402, 0.406125217676, 0.214919090271, 0.132607832551, 0.087858453393, 0.0544704534113, 0.0153667898849, 0.00687040388584, 0.00326645094901, 0.00305807986297, 0.000543299305718, 0.000124299811432, 3.70397974621e-05, 7.22032382328e-06, 2.53166717812e-06, 5.55159931537e-06],
        "dmean2": [0.00193007057533, 0.0311684887856, 0.177466839552, 0.657111763954, 2.14566683769, 4.6958117485, 4.20715856552, 4.20442485809, 6.11424303055, 13.6255369186, 12.4327144623, 30.827583313, 26.660867691, 14.4070196152, 60.2277259827, 29.9549484253, 15.8629693985, 7.54668331146, 2.96528172493, 15.0409841537, 10.7354898453, 3.38551211357, 2.15515065193, 2.70569086075, 1.37254047394, 0.594902813435, 0.28645414114, 0.199532434344, 0.131090939045, 0.0900496020913, 0.0266578011215, 0.0115551101044, 0.00567706068978, 0.00548440031707, 0.000951827445533, 0.000214671948925, 6.38448764221e-05, 1.21529783428e-05, 2.89196987069e-06, 6.27994268143e-06],
        "dvar": [1.08933463707e-05, 0.00318980007432, 0.179049000144, 2.97101664543, 9.32580566406, 83.3001174927, 54.5830383301, 79.2805023193, 372.483795166, 1053.12768555, 714.1171875, 12019.7158203, 7076.15478516, 5658.9453125, 60685.9648438, 9119.52148438, 2868.34448242, 334.504547119, 42.4892616272, 2056.95288086, 999.694946289, 78.9598083496, 39.2974433899, 51.2741851807, 13.8325424194, 2.85542154312, 1.71839821339, 0.565991461277, 0.183123677969, 0.0744614452124, 0.00790731981397, 0.00168673030566, 0.00038343979395, 0.000432815606473, 1.00839552033e-05, 2.38175374534e-07, 9.43477029836e-09, 9.40198197075e-11, 3.54821970416e-11, 1.71088143652e-10],
        "dvar2": [3.52162751369e-05, 0.00771954189986, 0.429742753506, 6.45607852936, 23.5500869751, 159.707092285, 92.4390869141, 135.611419678, 827.563781738, 1358.28405762, 1261.76586914, 17192.6777344, 17955.1425781, 11262.4052734, 107031.789062, 23929.53125, 6684.67089844, 588.600524902, 83.5091781616, 3302.28344727, 1716.0177002, 184.52053833, 76.764793396, 136.648406982, 33.1136169434, 6.34166622162, 3.05961847305, 1.4312030077, 0.410969287157, 0.193390771747, 0.020872598514, 0.00444699171931, 0.00102128961589, 0.001223061583, 2.75672136922e-05, 6.40143696273e-07, 2.58089212224e-08, 2.58076893189e-10, 5.67517942363e-11, 2.75451272902e-10],
        "max": [0.0980625748634, 1.34493684769, 13.0526132584, 65.9072952271, 46.0279350281, 204.127853394, 158.675262451, 196.194046021, 481.764038086, 825.664550781, 511.718261719, 2346.86938477, 1984.52197266, 1998.88415527, 6158.17675781, 2274.94726562, 1086.37878418, 388.547515869, 186.473190308, 778.135192871, 673.672058105, 151.340866089, 107.99066925, 162.725738525, 70.1584320068, 37.777633667, 35.1551933289, 20.761548996, 8.0567035675, 4.66625595093, 1.83867025375, 0.909763753414, 0.362497121096, 0.450044035912, 0.0546978190541, 0.0108756944537, 0.00245605572127, 0.000149957064423, 0.000126879254822, 0.000277191866189],
        "mean": [0.00203428813256, 0.0524579398334, 0.38498583436, 1.40880286694, 2.86057877541, 8.66234397888, 7.91921234131, 6.80751466751, 9.614320755, 30.5649795532, 25.1002216339, 63.9416236877, 40.4783782959, 22.5180625916, 78.6516265869, 28.8520183563, 19.3422851562, 15.365193367, 5.79611158371, 21.8170528412, 13.1274108887, 3.42667531967, 2.18362879753, 2.1294760704, 1.06423616409, 0.566236138344, 0.311091035604, 0.151954680681, 0.0961437821388, 0.0511578470469, 0.0144295394421, 0.00658150855452, 0.00319526484236, 0.00249889749102, 0.000616004865151, 0.000225058378419, 8.07418400655e-05, 1.53550718096e-05, 7.15003488949e-06, 1.54776535055e-05],
        "median": [0.000944876403082, 0.0102540366352, 0.0872391760349, 0.32156842947, 0.914249420166, 1.61916565895, 2.81188058853, 1.5544116497, 1.7276443243, 3.47846508026, 5.20983600616, 3.91361904144, 4.32342338562, 2.74783039093, 6.02713060379, 2.18221282959, 1.08197128773, 1.27210307121, 0.593318104744, 0.71512389183, 0.596689939499, 0.160118713975, 0.0515826307237, 0.0605121441185, 0.0136927459389, 0.00612094439566, 0.00304928142577, 0.00103224487975, 0.000796056818217, 0.000713041983545, 0.000631505914498, 0.000584786408581, 0.000496714026667, 0.000386911444366, 0.000287070579361, 0.000180841219844, 6.92459580023e-05, 1.30791559059e-05, 2.43111389864e-06, 4.86261615151e-06],
        "min": [4.01594087131e-21, 9.09590581342e-21, 1.30214537768e-20, 4.0205630661e-20, 1.08039016233e-19, 5.82246617062e-20, 2.32812826836e-19, 4.78453570612e-19, 5.69888771355e-19, 5.77544689816e-19, 1.87753910387e-18, 1.99696020288e-18, 4.11543654646e-18, 3.14914380041e-18, 5.4299932167e-18, 3.47157363331e-18, 1.00113793614e-17, 3.05875591372e-18, 5.50553507255e-18, 6.83670938771e-18, 7.13172707549e-18, 7.11841608507e-18, 9.89393377653e-18, 1.45291445637e-17, 1.34245672784e-17, 1.40358372075e-17, 1.09185764634e-17, 2.45428574017e-17, 1.8001556131e-17, 1.71326707263e-17, 2.28091530122e-17, 1.52348719013e-17, 2.15429098936e-17, 1.47444629859e-17, 1.05335114805e-17, 6.66486716494e-18, 3.29220137863e-18, 1.18765920266e-18, 3.32952552563e-19, 2.73234170692e-20],
        "stdev": [0.00477285031229, 0.122794054449, 0.856018722057, 4.80183935165, 4.99517297745, 18.7865619659, 14.7944431305, 16.4138259888, 32.5904960632, 71.9932632446, 51.4071159363, 207.825012207, 143.057891846, 113.450935364, 343.126831055, 101.880172729, 65.2476196289, 36.8854026794, 14.0016202927, 72.4201049805, 45.1775932312, 10.3058843613, 8.21898269653, 7.86202383041, 4.4731965065, 2.04932260513, 1.69000709057, 0.733170509338, 0.462731063366, 0.250838458538, 0.0785757824779, 0.0368365198374, 0.0176969375461, 0.0172538217157, 0.00264503341168, 0.000418216513935, 9.42216647672e-05, 1.40978963827e-05, 1.23668769447e-05, 2.75369511655e-05],
        "var": [2.27801010624e-05, 0.0150783807039, 0.732768058777, 23.0576629639, 24.951751709, 352.934875488, 218.875549316, 269.413696289, 1062.14050293, 5183.02978516, 2642.69140625, 43191.2382812, 20465.5605469, 12871.1152344, 117736.015625, 10379.5703125, 4257.25146484, 1360.53283691, 196.045379639, 5244.67138672, 2041.01489258, 106.211257935, 67.5516815186, 61.8114204407, 20.0094852448, 4.19972324371, 2.85612392426, 0.53753900528, 0.214120030403, 0.0629199296236, 0.00617415318266, 0.00135692919139, 0.000313181604724, 0.000297694379697, 6.99620159139e-06, 1.74905053996e-07, 8.87772166891e-09, 1.98750682578e-10, 1.52939647058e-10, 7.58283713598e-10]
    },
    "gfcc": {
        "mean": [-194.446182251, 178.838928223, -120.391410828, -28.2452774048, -43.9362182617, -1.70388185978, -35.9183959961, -1.30591499805, -20.5331192017, -8.31439685822, -15.5097131729, -4.495262146, -3.6670525074],
        "cov": [[13229.5214844, 1723.86499023, -4478.54101562, 385.63482666, 267.461273193, -1334.77282715, 428.315002441, -810.983337402, 371.893157959, -826.694885254, 123.996414185, -1120.9876709, 23.300283432], [1723.86499023, 953.843444824, -260.306640625, -292.880828857, 121.616539001, -265.256530762, -78.595161438, -185.317626953, -24.7813510895, -228.895355225, -43.9627952576, -225.269973755, 9.84676074982], [-4478.54101562, -260.306640625, 2152.35986328, -274.239654541, -80.6993179321, 518.713745117, -280.563751221, 204.27041626, -220.561218262, 209.922470093, -150.270767212, 405.82409668, -53.1333999634], [385.63482666, -292.880828857, -274.239654541, 484.720611572, -24.3554325104, 46.2607116699, 169.157974243, 14.7224845886, 63.6350021362, 10.0821304321, 7.91241407394, -64.8855438232, -11.4597330093], [267.461273193, 121.616539001, -80.6993179321, -24.3554325104, 192.347137451, -30.7117557526, -11.7112903595, 6.53062772751, 12.2014951706, -19.1379299164, -10.0493679047, -30.8484306335, -34.9808502197], [-1334.77282715, -265.256530762, 518.713745117, 46.2607116699, -30.7117557526, 303.196746826, 6.83108139038, 110.723365784, -19.4269504547, 83.4001235962, -42.240978241, 122.218322754, -24.598941803], [428.315002441, -78.595161438, -280.563751221, 169.157974243, -11.7112903595, 6.83108139038, 169.639785767, 19.8952903748, 53.5346679688, -15.005437851, 8.11001300812, -63.5908432007, 2.94809246063], [-810.983337402, -185.317626953, 204.27041626, 14.7224845886, 6.53062772751, 110.723365784, 19.8952903748, 158.479095459, 21.1440887451, 79.7042770386, 0.657203733921, 67.9185409546, -10.6020355225], [371.893157959, -24.7813510895, -220.561218262, 63.6350021362, 12.2014951706, -19.4269504547, 53.5346679688, 21.1440887451, 131.837661743, 22.0908641815, 15.1383485794, -45.7572174072, -3.38055205345], [-826.694885254, -228.895355225, 209.922470093, 10.0821304321, -19.1379299164, 83.4001235962, -15.005437851, 79.7042770386, 22.0908641815, 169.411178589, 55.7639884949, 96.4467391968, -11.3565073013], [123.996414185, -43.9627952576, -150.270767212, 7.91241407394, -10.0493679047, -42.240978241, 8.11001300812, 0.657203733921, 15.1383485794, 55.7639884949, 111.105918884, 19.9226837158, 4.56295251846], [-1120.9876709, -225.269973755, 405.82409668, -64.8855438232, -30.8484306335, 122.218322754, -63.5908432007, 67.9185409546, -45.7572174072, 96.4467391968, 19.9226837158, 199.115264893, 19.817325592], [23.300283432, 9.84676074982, -53.1333999634, -11.4597330093, -34.9808502197, -24.598941803, 2.94809246063, -10.6020355225, -3.38055205345, -11.3565073013, 4.56295251846, 19.817325592, 87.9350814819]],
        "icov": [[0.000584304623771, -0.000792922335677, 0.00116345158312, -0.000437890324974, 0.000252704456216, -2.7460102956e-06, 0.000272815464996, 0.000745822617318, -0.000186540477443, 0.000287854287308, 0.000584297638852, -0.000577298225835, 0.000890216964763], [-0.000792922335677, 0.00546835083514, -0.00316052767448, 0.00304129929282, -0.00255449092947, 0.0014862784883, -0.00100732373539, 0.000996050890535, -0.000920890714042, 0.00331047968939, -0.0035302194301, 0.00603708485141, -0.00314735760912], [0.00116345158312, -0.00316052767448, 0.00494625186548, -0.00144435127731, 0.00187577225734, -0.00243268650956, 0.00274537317455, 0.000219350724365, 0.00182819005568, -0.00222474057227, 0.00478886021301, -0.00430661858991, 0.00335119245574], [-0.000437890324974, 0.00304129929282, -0.00144435127731, 0.005092154257, -0.00116144714411, -0.000163356380654, -0.00344515498728, 0.00124570319895, -0.000499238376506, 0.000878648657817, -0.00153209629934, 0.00372021272779, -0.00134029355831], [0.000252704456216, -0.00255449092947, 0.00187577225734, -0.00116144714411, 0.00748425908387, -0.000348828005372, 0.00164860009681, -0.00213434477337, 0.000383318663808, -0.00123744597659, 0.00270609650761, -0.00303880870342, 0.00416755164042], [-2.7460102956e-06, 0.0014862784883, -0.00243268650956, -0.000163356380654, -0.000348828005372, 0.00947947520763, -0.00335326278582, -0.00118656596169, -0.00132991885766, 0.00109436421189, 0.000903602980543, -0.00100290717091, 0.00109481497202], [0.000272815464996, -0.00100732373539, 0.00274537317455, -0.00344515498728, 0.00164860009681, -0.00335326278582, 0.0138502391055, -0.00316847674549, -0.000220028727199, 0.000434404413681, 0.000744402001146, 0.00117374944966, -0.000133694833494], [0.000745822617318, 0.000996050890535, 0.000219350724365, 0.00124570319895, -0.00213434477337, -0.00118656596169, -0.00316847674549, 0.0131748691201, -0.00271724071354, -0.00129431230016, 0.000267199473456, 0.000133878638735, 0.00018376603839], [-0.000186540477443, -0.000920890714042, 0.00182819005568, -0.000499238376506, 0.000383318663808, -0.00132991885766, -0.000220028727199, -0.00271724071354, 0.0125074470416, -0.00558804906905, 0.00282473559491, 0.00104689481668, 2.90124462481e-05], [0.000287854287308, 0.00331047968939, -0.00222474057227, 0.000878648657817, -0.00123744597659, 0.00109436421189, 0.000434404413681, -0.00129431230016, -0.00558804906905, 0.0181388948113, -0.0103107038885, 0.000820552697405, 0.000444380537374], [0.000584297638852, -0.0035302194301, 0.00478886021301, -0.00153209629934, 0.00270609650761, 0.000903602980543, 0.000744402001146, 0.000267199473456, 0.00282473559491, -0.0103107038885, 0.0200855508447, -0.0076912548393, 0.00373902800493], [-0.000577298225835, 0.00603708485141, -0.00430661858991, 0.00372021272779, -0.00303880870342, -0.00100290717091, 0.00117374944966, 0.000133878638735, 0.00104689481668, 0.000820552697405, -0.0076912548393, 0.0204974655062, -0.00822710432112], [0.000890216964763, -0.00314735760912, 0.00335119245574, -0.00134029355831, 0.00416755164042, 0.00109481497202, -0.000133694833494, 0.00018376603839, 2.90124462481e-05, 0.000444380537374, 0.00373902800493, -0.00822710432112, 0.0170481558889]]
    },
    "melbands": {
        "dmean": [1.48903918671e-05, 5.10673344252e-05, 9.93098292383e-05, 0.000155078916578, 0.000137347116834, 6.56407864881e-05, 6.65456827846e-05, 0.000139221694553, 0.000112283996714, 0.000158331895364, 8.90966621228e-05, 3.83343613066e-05, 0.000138370349305, 7.95161249698e-05, 4.19246971433e-05, 1.50997666424e-05, 1.19083624668e-05, 3.38337576977e-06, 7.53177982915e-06, 2.32124348258e-05, 6.19838874627e-06, 2.14929082176e-06, 2.91839796773e-06, 7.00919827068e-07, 1.61715263403e-06, 6.33525417015e-07, 3.27719277493e-07, 2.75567344943e-07, 1.73909356249e-07, 7.4954350282e-08, 8.6824350376e-08, 6.36374011265e-08, 3.29366471874e-08, 3.05495220232e-08, 8.69479332977e-09, 4.97626251317e-09, 4.14513712244e-09, 2.57212295907e-09, 2.62093124981e-09, 2.30937735601e-09],
        "dmean2": [2.39834444073e-05, 7.42387710488e-05, 0.000153736094944, 0.000222239177674, 0.000178162110387, 8.97578138392e-05, 9.92621135083e-05, 0.000159048315254, 0.000131674809381, 0.000176522400579, 0.000133670007926, 5.37579326192e-05, 0.00016743488959, 0.000107282983663, 6.34513999103e-05, 2.12197155633e-05, 1.5171850464e-05, 4.76808418171e-06, 9.57894189924e-06, 2.98471004498e-05, 8.68026108947e-06, 3.07392224386e-06, 4.46512922281e-06, 9.38025152664e-07, 2.58595650848e-06, 1.03783270333e-06, 5.39732639027e-07, 3.99809209739e-07, 2.32241376352e-07, 1.09210112953e-07, 1.35705192861e-07, 9.40110282954e-08, 5.496004718e-08, 5.22194198993e-08, 1.53177843742e-08, 8.31927504663e-09, 7.2258523609e-09, 4.55377291431e-09, 4.69046179674e-09, 4.13467571292e-09],
        "dvar": [1.75544778713e-09, 3.23775530831e-08, 7.70480497181e-08, 1.39724562587e-07, 1.10325544256e-07, 3.40747199346e-08, 9.96325653091e-08, 1.48661428057e-07, 1.37876000394e-07, 3.54871446007e-07, 1.78133603868e-07, 1.12566361565e-07, 4.5056819431e-07, 1.02001123992e-07, 8.57719726355e-08, 4.06292821609e-09, 1.47947754048e-09, 1.06484182583e-10, 9.87758985715e-10, 8.53666382028e-09, 5.87699056087e-10, 6.38912325823e-11, 2.07533754071e-10, 7.64827264021e-12, 4.85939101458e-11, 8.93333844398e-12, 2.09850756563e-12, 1.31462928651e-12, 1.18983078598e-12, 1.04055991796e-13, 2.5577348399e-13, 1.1993921481e-13, 3.3252090995e-14, 2.87155892055e-14, 4.42837295154e-15, 8.70827108594e-16, 7.2926365679e-16, 2.73859966119e-16, 4.02793309647e-16, 2.25123093232e-16],
        "dvar2": [5.10160980127e-09, 7.76640050049e-08, 1.79610438522e-07, 2.74700454383e-07, 1.77358401743e-07, 5.72550753475e-08, 2.27485415394e-07, 1.89496688563e-07, 2.24079741429e-07, 5.03998705881e-07, 4.5903902901e-07, 2.25230877504e-07, 7.87594785834e-07, 2.04476279464e-07, 2.26951868854e-07, 9.21841625257e-09, 2.616496797e-09, 2.20964649356e-10, 1.63312563473e-09, 1.35534490298e-08, 1.07504960489e-09, 1.53434834282e-10, 4.67603455956e-10, 1.3862699183e-11, 1.30701949264e-10, 2.11897010355e-11, 4.91750650616e-12, 2.91369922981e-12, 2.10240657349e-12, 2.21588630149e-13, 6.52402394261e-13, 2.69728195942e-13, 8.85129982004e-14, 7.6089023862e-14, 1.19896734414e-14, 2.28905487094e-15, 1.989472023e-15, 7.7446440535e-16, 1.14218665992e-15, 6.30590512363e-16],
        "max": [0.00116852577776, 0.00576286111027, 0.00891156867146, 0.00698288949206, 0.00825116969645, 0.00430624652654, 0.00747721130028, 0.00981670804322, 0.00781875383109, 0.0126270120963, 0.00983570050448, 0.00892435573041, 0.0167861562222, 0.00718866614625, 0.00904555991292, 0.00108375959098, 0.000883290311322, 0.000290165829938, 0.000642769504339, 0.00188780436292, 0.000440913368948, 0.000177321591764, 0.000291386299068, 6.397535617e-05, 0.000155209956574, 5.92447831878e-05, 2.69251122518e-05, 2.50138346019e-05, 2.87477105303e-05, 6.0304314502e-06, 1.2001104551e-05, 7.01367707734e-06, 2.88818978333e-06, 3.26074518853e-06, 1.50642870267e-06, 7.54508334921e-07, 5.91478226397e-07, 3.10991481456e-07, 4.74613585766e-07, 2.91928813567e-07],
        "mean": [3.16598707286e-05, 0.00016646781296, 0.000277004903182, 0.000386992003769, 0.000351610826328, 0.000146071106428, 0.000142234974192, 0.000361882412108, 0.000256609346252, 0.000368544366211, 0.000188688354683, 7.69518082961e-05, 0.000220331174205, 0.000120807606436, 5.81937238167e-05, 2.63713081949e-05, 3.09719980578e-05, 8.63971035869e-06, 1.40157244459e-05, 3.98501069867e-05, 9.97681308945e-06, 3.26133613271e-06, 3.50013237949e-06, 1.08096458007e-06, 1.91140338757e-06, 7.97126119778e-07, 4.01137072004e-07, 3.84630567396e-07, 2.47312414103e-07, 9.91241932979e-08, 8.81245938444e-08, 6.94647468436e-08, 2.80891079285e-08, 2.88490440425e-08, 7.52419015981e-09, 4.84262541178e-09, 3.63030761008e-09, 2.33609820377e-09, 2.20594542633e-09, 1.85753723514e-09],
        "median": [9.20990351005e-06, 4.30615909863e-05, 8.37416300783e-05, 0.000112415240437, 0.000105460494524, 3.68331384379e-05, 2.23186179937e-05, 4.10810716858e-05, 3.96779068979e-05, 2.15609088627e-05, 1.84380769497e-05, 6.61610738462e-06, 1.89902166312e-05, 8.59057581692e-06, 2.19097000809e-06, 1.39457461046e-06, 1.78910693194e-06, 7.61219212109e-07, 5.63689468436e-07, 1.0850937997e-06, 5.03248372752e-07, 1.44382156009e-07, 7.63785976687e-08, 2.17475122355e-08, 4.4641300434e-08, 7.04555880304e-09, 5.00936092607e-09, 3.57388918459e-09, 2.18343187974e-09, 6.5761329715e-10, 4.9021880999e-10, 4.55956439271e-10, 4.04892841477e-10, 3.96080057641e-10, 3.51756734851e-10, 3.67783803412e-10, 3.53612195081e-10, 3.4121361292e-10, 3.26847188203e-10, 3.18331278004e-10],
        "min": [2.8239371317e-23, 8.15099050017e-24, 9.36912426647e-24, 5.96186677831e-24, 6.73801045687e-24, 1.17449737312e-23, 8.0857801023e-24, 7.24470054946e-24, 1.78617940905e-23, 1.15494135351e-23, 2.06984574419e-23, 1.17589854786e-23, 1.7678991353e-23, 1.04581861892e-23, 1.25426888112e-23, 2.14996103777e-23, 3.32071234711e-24, 9.17028556442e-24, 9.01013575661e-24, 1.00553559456e-23, 7.57500292137e-24, 6.08125259327e-24, 9.62128365482e-24, 9.4700811074e-24, 1.22384156937e-23, 1.07132225532e-23, 9.96813396193e-24, 9.35219688916e-24, 6.51621274704e-24, 9.47963973498e-24, 1.54289060381e-23, 8.94734006197e-24, 1.10729620587e-23, 9.43593447425e-24, 1.32374251998e-23, 1.11522307467e-23, 9.31423059152e-24, 1.51837738226e-23, 1.55173026356e-23, 1.12768060832e-23],
        "stdev": [7.58206660976e-05, 0.00037947439705, 0.000695867172908, 0.000775855325628, 0.000680478813592, 0.0003484475601, 0.000501373317093, 0.000860956672113, 0.000679252669215, 0.00114747521002, 0.000697482610121, 0.000494169129524, 0.000941320206039, 0.000427576393122, 0.000281519955024, 8.15167659312e-05, 7.93036087998e-05, 2.21704740397e-05, 5.01206741319e-05, 0.000140083808219, 3.37284727721e-05, 9.93555840978e-06, 1.53230630531e-05, 4.3068080231e-06, 7.55850805945e-06, 3.62630589734e-06, 1.66420534242e-06, 1.41508053275e-06, 1.41975760926e-06, 3.89410786283e-07, 4.76286203366e-07, 3.70781350512e-07, 1.60450014164e-07, 1.52427816147e-07, 5.60627846369e-08, 2.67531827802e-08, 2.30490826425e-08, 1.36499727077e-08, 1.68842699821e-08, 1.24408412461e-08],
