{
"lowlevel": {
    "average_loudness": 0.958413541317,
    "barkbands_crest": {
        "dmean": 2.53748774529,
        "dmean2": 4.19548892975,
        "dvar": 6.10127210617,
        "dvar2": 16.2641124725,
        "max": 23.9060649872,
        "mean": 10.7294387817,
        "median": 10.110033989,
        "min": 3.38322854042,
        "stdev": 3.74126410484,
        "var": 13.9970579147
    },
    "barkbands_flatness_db": {
        "dmean": 0.0292591694742,
        "dmean2": 0.0431190691888,
        "dvar": 0.000853759178426,
        "dvar2": 0.00176358432509,
        "max": 0.418084740639,
        "mean": 0.188848182559,
        "median": 0.18477922678,
        "min": 0.0306871887296,
        "stdev": 0.0737930014729,
        "var": 0.0054454067722
    },
    "barkbands_kurtosis": {
        "dmean": 3.80698490143,
        "dmean2": 6.17208623886,
        "dvar": 50.2513809204,
        "dvar2": 122.977874756,
        "max": 167.932617188,
        "mean": 6.50752305984,
        "median": 4.33823871613,
        "min": -1.89767503738,
        "stdev": 8.78763961792,
        "var": 77.2226028442
    },
    "barkbands_skewness": {
        "dmean": 0.538291871548,
        "dmean2": 0.839632928371,
        "dvar": 0.390052706003,
        "dvar2": 0.94460952282,
        "max": 10.3473300934,
        "mean": 1.84876906872,
        "median": 1.78126573563,
        "min": -2.0142519474,
        "stdev": 1.07122516632,
        "var": 1.14752328396
    },
    "barkbands_spread": {
        "dmean": 3.56250023842,
        "dmean2": 5.5168838501,
        "dvar": 29.218963623,
        "dvar2": 65.6229400635,
        "max": 137.984588623,
        "mean": 14.58066082,
        "median": 9.26620578766,
        "min": 0.813732206821,
        "stdev": 21.3430328369,
        "var": 455.525085449
    },
    "dissonance": {
        "dmean": 0.0270201638341,
        "dmean2": 0.0456420741975,
        "dvar": 0.000562294095289,
        "dvar2": 0.00145157740917,
        "max": 0.500000119209,
        "mean": 0.439961910248,
        "median": 0.444745600224,
        "min": 0.299684613943,
        "stdev": 0.0361015200615,
        "var": 0.00130331981927
    },
    "dynamic_complexity": 5.11991596222,
    "erbbands_crest": {
        "dmean": 2.37901639938,
        "dmean2": 3.78888106346,
        "dvar": 6.13342523575,
        "dvar2": 14.3412685394,
        "max": 26.994386673,
        "mean": 9.97833633423,
        "median": 9.27876472473,
        "min": 2.67541384697,
        "stdev": 4.33169031143,
        "var": 18.7635421753
    },
    "erbbands_flatness_db": {
        "dmean": 0.0230983886868,
        "dmean2": 0.0314701274037,
        "dvar": 0.000416703842347,
        "dvar2": 0.00083428400103,
        "max": 0.411599099636,
        "mean": 0.183086469769,
        "median": 0.177906364202,
        "min": 0.0608957223594,
        "stdev": 0.0627266317606,
        "var": 0.00393463019282
    },
    "erbbands_kurtosis": {
        "dmean": 0.948481023312,
        "dmean2": 1.50010156631,
        "dvar": 1.50914871693,
        "dvar2": 3.61998152733,
        "max": 18.5992774963,
        "mean": 0.971065998077,
        "median": 0.471700191498,
        "min": -1.64087378979,
        "stdev": 1.93835902214,
        "var": 3.75723576546
    },
    "erbbands_skewness": {
        "dmean": 0.293475419283,
        "dmean2": 0.460858315229,
        "dvar": 0.0839437320828,
        "dvar2": 0.211646601558,
        "max": 3.66261744499,
        "mean": 0.70785266161,
        "median": 0.68027985096,
        "min": -1.1547908783,
        "stdev": 0.579427480698,
        "var": 0.335736215115
    },
    "erbbands_spread": {
        "dmean": 6.5501832962,
        "dmean2": 9.73668479919,
        "dvar": 57.5547866821,
        "dvar2": 130.902542114,
        "max": 118.295166016,
        "mean": 29.0964031219,
        "median": 26.5511512756,
        "min": 4.68959856033,
        "stdev": 14.9716529846,
        "var": 224.150405884
    },
    "hfc": {
        "dmean": 6.53930807114,
        "dmean2": 9.29425811768,
        "dvar": 106.760650635,
        "dvar2": 233.447601318,
        "max": 112.55859375,
        "mean": 16.6505279541,
        "median": 12.8165616989,
        "min": 1.19145321957e-16,
        "stdev": 14.709939003,
        "var": 216.382293701
    },
    "loudness_ebu128": {
        "integrated": -10.6910934448,
        "loudness_range": 1.07811260223,
        "momentary": {
            "dmean": 0.77095413208,
            "dmean2": 0.997898101807,
            "dvar": 1.00142490864,
            "dvar2": 0.730983912945,
            "max": -8.1368522644,
            "mean": -14.1971521378,
            "median": -10.8127756119,
            "min": -87.8389892578,
            "stdev": 14.132273674,
            "var": 199.721160889
        },
        "short_term": {
            "dmean": 0.113993145525,
            "dmean2": 0.0782734230161,
            "dvar": 0.0390990935266,
            "dvar2": 0.00670723803341,
            "max": -9.78587913513,
            "mean": -11.356967926,
            "median": -10.7130365372,
            "min": -33.0629272461,
            "stdev": 3.02413082123,
            "var": 9.1453666687
        }
    },
    "melbands_crest": {
        "dmean": 3.04631781578,
        "dmean2": 4.93545246124,
        "dvar": 8.12973117828,
        "dvar2": 20.7062644958,
        "max": 33.2328338623,
        "mean": 14.8951787949,
        "median": 14.4275283813,
        "min": 1.88238251209,
        "stdev": 4.77344465256,
        "var": 22.785774231
    },
    "melbands_flatness_db": {
        "dmean": 0.0323243327439,
        "dmean2": 0.0477912910283,
        "dvar": 0.00129336188547,
        "dvar2": 0.00255282688886,
        "max": 0.53129440546,
        "mean": 0.26309722662,
        "median": 0.261854231358,
        "min": 0.0106521667913,
        "stdev": 0.0963346585631,
        "var": 0.00928036682308
    },
    "melbands_kurtosis": {
        "dmean": 6.28314828873,
        "dmean2": 10.1035966873,
        "dvar": 132.80090332,
        "dvar2": 334.219238281,
        "max": 278.712890625,
        "mean": 12.1526660919,
        "median": 8.4467124939,
        "min": -1.25661587715,
        "stdev": 14.5048847198,
        "var": 210.391693115
    },
    "melbands_skewness": {
        "dmean": 0.635438203812,
        "dmean2": 0.983863472939,
        "dvar": 0.527970790863,
        "dvar2": 1.23402166367,
        "max": 12.0592002869,
        "mean": 2.45640420914,
        "median": 2.2925696373,
        "min": -0.294474720955,
        "stdev": 1.23436379433,
        "var": 1.52365398407
    },
    "melbands_spread": {
        "dmean": 3.88471531868,
        "dmean2": 6.04051780701,
        "dvar": 33.7512245178,
        "dvar2": 73.001991272,
        "max": 196.54006958,
        "mean": 15.7260084152,
        "median": 9.75962734222,
        "min": 0.608638107777,
        "stdev": 25.3783798218,
        "var": 644.062133789
    },
    "pitch_salience": {
        "dmean": 0.0688938125968,
        "dmean2": 0.111066915095,
        "dvar": 0.00417624926195,
        "dvar2": 0.0111368186772,
        "max": 0.966079413891,
        "mean": 0.524589121342,
        "median": 0.522073626518,
        "min": 0.192654341459,
        "stdev": 0.103065922856,
        "var": 0.0106225851923
    },
    "silence_rate_20dB": {
        "dmean": 0,
        "dmean2": 0,
        "dvar": 0,
        "dvar2": 0,
        "max": 1,
        "mean": 1,
        "median": 1,
        "min": 1,
        "stdev": 0,
        "var": 0
    },
    "silence_rate_30dB": {
        "dmean": 0.0821632891893,
        "dmean2": 0.16441206634,
        "dvar": 0.0754118338227,
        "dvar2": 0.157155737281,
        "max": 1,
        "mean": 0.91632014513,
        "median": 1,
        "min": 0,
        "stdev": 0.27690911293,
        "var": 0.076678648591
    },
    "silence_rate_60dB": {
        "dmean": 0.0104004163295,
        "dmean2": 0.0208116546273,
        "dvar": 0.0102923000231,
        "dvar2": 0.0276628546417,
        "max": 1,
        "mean": 0.0764033272862,
        "median": 0,
        "min": 0,
        "stdev": 0.265642344952,
        "var": 0.0705658495426
    },
    "spectral_centroid": {
        "dmean": 167.988830566,
        "dmean2": 267.986633301,
        "dvar": 94335.8359375,
        "dvar2": 201517.703125,
        "max": 10786.5751953,
        "mean": 796.105529785,
        "median": 595.513305664,
        "min": 195.276916504,
        "stdev": 697.843261719,
        "var": 486985.1875
    },
    "spectral_complexity": {
        "dmean": 3.41965675354,
        "dmean2": 5.19667005539,
        "dvar": 20.574432373,
        "dvar2": 42.0957717896,
        "max": 47,
        "mean": 14.8804569244,
        "median": 14,
        "min": 0,
        "stdev": 7.59932661057,
        "var": 57.7497634888
    },
    "spectral_decrease": {
        "dmean": 4.28331992097e-09,
        "dmean2": 6.30217122932e-09,
        "dvar": 5.09376067587e-17,
        "dvar2": 1.03925377357e-16,
        "max": 1.41688463226e-28,
        "mean": -1.08752828964e-08,
        "median": -8.25862223053e-09,
        "min": -7.19500334867e-08,
        "stdev": 9.85053816294e-09,
        "var": 9.70331099698e-17
    },
    "spectral_energy": {
        "dmean": 0.0166461132467,
        "dmean2": 0.0244211666286,
        "dvar": 0.000744143209886,
        "dvar2": 0.00151740515139,
        "max": 0.273870766163,
        "mean": 0.0425560176373,
        "median": 0.0329531505704,
        "min": 1.02720710184e-20,
        "stdev": 0.0378301292658,
        "var": 0.00143111881334
    },
    "spectral_energyband_high": {
        "dmean": 0.000324759748764,
        "dmean2": 0.000500502763316,
        "dvar": 5.77347236685e-07,
        "dvar2": 1.44569412441e-06,
        "max": 0.00626418134198,
        "mean": 0.000364421313861,
        "median": 8.18050611997e-05,
        "min": 7.50660993675e-21,
        "stdev": 0.000778995396104,
        "var": 6.06833793881e-07
    },
    "spectral_energyband_low": {
        "dmean": 0.0118597764522,
        "dmean2": 0.0178424175829,
        "dvar": 0.00066943775164,
        "dvar2": 0.00138058175799,
        "max": 0.265095740557,
        "mean": 0.0199090838432,
        "median": 0.00798578001559,
        "min": 3.48879036479e-23,
        "stdev": 0.0324359610677,
        "var": 0.00105209148023
    },
    "spectral_energyband_middle_high": {
        "dmean": 0.00164825899992,
        "dmean2": 0.00241469638422,
        "dvar": 1.10396822492e-05,
        "dvar2": 2.23139704758e-05,
        "max": 0.0588218271732,
        "mean": 0.00406241603196,
        "median": 0.00225071469322,
        "min": 1.39835246059e-21,
        "stdev": 0.00578967481852,
        "var": 3.35203330906e-05
    },
    "spectral_energyband_middle_low": {
        "dmean": 0.00709249451756,
        "dmean2": 0.0114251961932,
        "dvar": 9.14115080377e-05,
        "dvar2": 0.000222353482968,
        "max": 0.111754186451,
        "mean": 0.0202138870955,
        "median": 0.0181173458695,
        "min": 1.44880944297e-22,
        "stdev": 0.0146130854264,
        "var": 0.000213542269194
    },
    "spectral_entropy": {
        "dmean": 0.246092140675,
        "dmean2": 0.351131975651,
        "dvar": 0.0641969740391,
        "dvar2": 0.130255430937,
        "max": 9.8026676178,
        "mean": 7.01372241974,
        "median": 6.99604034424,
        "min": 4.72809076309,
        "stdev": 0.717740535736,
        "var": 0.515151441097
    },
    "spectral_flux": {
        "dmean": 0.0393384322524,
        "dmean2": 0.0614030957222,
        "dvar": 0.00272047356702,
        "dvar2": 0.0067100818269,
        "max": 0.418657809496,
        "mean": 0.0922493264079,
        "median": 0.0757505446672,
        "min": 6.74146988233e-11,
        "stdev": 0.0686822831631,
        "var": 0.00471725640818
    },
    "spectral_kurtosis": {
        "dmean": 4.19734716415,
        "dmean2": 7.0584564209,
        "dvar": 46.3022766113,
        "dvar2": 138.169067383,
        "max": 133.494171143,
        "mean": 12.3784141541,
        "median": 7.26248121262,
        "min": -1.19849789143,
        "stdev": 19.1662349701,
        "var": 367.344543457
    },
    "spectral_rms": {
        "dmean": 0.0011402888922,
        "dmean2": 0.00163547124248,
        "dvar": 2.55025338447e-06,
        "dvar2": 4.94107052873e-06,
        "max": 0.0163459777832,
        "mean": 0.00579528836533,
        "median": 0.00567004550248,
        "min": 3.16568039144e-12,
        "stdev": 0.0028165075928,
        "var": 7.93271465227e-06
    },
    "spectral_rolloff": {
        "dmean": 243.213546753,
        "dmean2": 409.344604492,
        "dvar": 356883.75,
        "dvar2": 679430.3125,
        "max": 19444.4824219,
        "mean": 1185.97009277,
        "median": 602.9296875,
        "min": 64.599609375,
        "stdev": 2539.87084961,
        "var": 6450943.5
    },
    "spectral_skewness": {
        "dmean": 0.405892968178,
        "dmean2": 0.653398573399,
        "dvar": 0.208751812577,
        "dvar2": 0.55918443203,
        "max": 9.51422214508,
        "mean": 2.47266197205,
        "median": 2.20226788521,
        "min": -0.0080508030951,
        "stdev": 1.36185359955,
        "var": 1.85464525223
    },
    "spectral_spread": {
        "dmean": 648540.375,
        "dmean2": 960573.875,
        "dvar": 698571554816,
        "dvar2": 1.09018107085e+12,
        "max": 40687296,
        "mean": 3980171.5,
        "median": 3720620,
        "min": 621068.8125,
        "stdev": 2176493.75,
        "var": 4.73712505651e+12
    },
    "spectral_strongpeak": {
        "dmean": 0.387216955423,
        "dmean2": 0.632055938244,
        "dvar": 0.431557029486,
        "dvar2": 0.948762118816,
        "max": 8.80177116394,
        "mean": 0.895604848862,
        "median": 0.641295790672,
        "min": 0,
        "stdev": 0.926803767681,
        "var": 0.858965277672
    },
    "zerocrossingrate": {
        "dmean": 0.00769899925217,
        "dmean2": 0.00925574917346,
        "dvar": 0.000166593992617,
        "dvar2": 0.000282940774923,
        "max": 0.505859375,
        "mean": 0.0449096933007,
        "median": 0.02880859375,
        "min": 0.0048828125,
        "stdev": 0.0646918788552,
        "var": 0.0041850390844
    },
    "barkbands": {
        "dmean": [0.000495029787999, 0.00866596959531, 0.00421752315015, 0.0025606660638, 0.00357939023525, 0.00140933552757, 0.00135650299489, 0.000810402678326, 0.000808354292531, 0.000518239918165, 0.000403156736866, 0.000405547325499, 0.000206479104236, 0.000268179486739, 0.000253017671639, 0.000128673884319, 0.000133950641612, 0.000111598492367, 9.11096067284e-05, 9.63921484072e-05, 5.5085238273e-05, 5.93605291215e-05, 4.63957876491e-05, 4.92488907184e-05, 5.49410215172e-05, 2.11733495235e-05, 1.76643823124e-06],
        "dmean2": [0.000725780788343, 0.0137844951823, 0.00689015258104, 0.00440066400915, 0.00596033455804, 0.00199701357633, 0.00216498784721, 0.00128430163022, 0.0012597310124, 0.000753849220928, 0.000602041662205, 0.000648561166599, 0.000321355095366, 0.000420114432927, 0.000368142355001, 0.000201159215067, 0.000212323633605, 0.000175810564542, 0.000145908285049, 0.000156285139383, 8.61190492287e-05, 9.29736561375e-05, 7.4064169894e-05, 8.03999573691e-05, 9.25817439565e-05, 3.61103484465e-05, 3.16398882205e-06],
        "dvar": [1.61441460023e-06, 0.000426977057941, 7.19972958905e-05, 1.76688772626e-05, 4.43154021923e-05, 5.43504165762e-06, 4.40023131887e-06, 1.96306882572e-06, 1.38768893976e-06, 2.40578447119e-06, 1.53536143443e-06, 3.07020513901e-06, 1.36568971243e-07, 2.85330344241e-07, 6.45472596261e-07, 9.06924171318e-08, 5.84090855682e-08, 4.32844551312e-08, 3.63234882172e-08, 6.77978491126e-08, 1.60173581065e-08, 1.87428490506e-08, 1.30541284449e-08, 1.40256171122e-08, 1.93339193544e-08, 2.60902299765e-09, 3.73003815335e-11],
        "dvar2": [3.50604227606e-06, 0.000984583166428, 0.000183988915524, 4.91401842737e-05, 0.00011481038382, 9.23062088987e-06, 1.05887829704e-05, 4.3988438847e-06, 3.17054877996e-06, 3.61686875294e-06, 2.7574935757e-06, 7.65666663938e-06, 3.32611620024e-07, 6.25942902843e-07, 1.21634980133e-06, 1.73373905454e-07, 1.3593378867e-07, 1.03010556529e-07, 8.64853575422e-08, 1.75130935531e-07, 3.97836181776e-08, 4.59093456584e-08, 3.29335776428e-08, 3.59951677353e-08, 5.01113106566e-08, 6.68709709828e-09, 1.03738136137e-10],
        "max": [0.0103351892903, 0.191340982914, 0.0931584984064, 0.0428892448545, 0.090204320848, 0.0305587332696, 0.0283799935132, 0.0210498981178, 0.0139173744246, 0.0388587452471, 0.0446633063257, 0.038863774389, 0.00524627417326, 0.0135040944442, 0.0168231651187, 0.00609746295959, 0.00274501554668, 0.00286266370676, 0.0023138395045, 0.0025512361899, 0.0012350572506, 0.00124696199782, 0.00119711598381, 0.00149968359619, 0.00128897454124, 0.000605375214946, 7.705448661e-05],
        "mean": [0.000478081521578, 0.0118112210184, 0.00583597272635, 0.00351300369948, 0.00682066939771, 0.00411029998213, 0.00208354834467, 0.00161345000379, 0.00153365626466, 0.000879027182236, 0.00091309833806, 0.000722509401385, 0.000355322146788, 0.000408918131143, 0.000430386484368, 0.000184076969163, 0.000194737294805, 0.000145340382005, 0.000117802592285, 0.000106636267446, 6.59702491248e-05, 6.75386036164e-05, 5.09946476086e-05, 4.9332225899e-05, 4.55394183518e-05, 1.77666825039e-05, 1.16709884423e-06],
        "median": [2.71477056231e-05, 0.00235513062216, 0.00213676807471, 0.00140549743082, 0.00362394284457, 0.00181790743954, 0.00111714540981, 0.000792074250057, 0.000968366803136, 0.000285435526166, 0.00013009129907, 0.00013909455447, 0.000159561255714, 0.000175113382284, 0.0001331945532, 7.07519648131e-05, 7.01248500263e-05, 5.82630564168e-05, 3.49640249624e-05, 1.98333618755e-05, 1.59260780492e-05, 1.34357469506e-05, 1.05736771729e-05, 1.16151604743e-05, 6.52767630527e-06, 2.06441268347e-06, 1.13681721814e-08],
        "min": [1.8451247525e-24, 2.76521811244e-23, 4.3379110135e-24, 8.04877937041e-24, 3.91183067251e-24, 6.78991987102e-24, 3.65048917988e-23, 1.86442226239e-23, 5.05829729331e-23, 5.38094014137e-23, 2.49080953335e-23, 3.58854151071e-23, 9.48582456225e-23, 5.27220008321e-23, 7.0763303377e-23, 1.13608629992e-22, 1.53074003172e-22, 2.511297671e-22, 2.73858578963e-22, 2.1149495922e-22, 4.43901245263e-22, 5.93720294744e-22, 4.76133420275e-22, 7.04055353927e-22, 1.06808959484e-21, 1.71481245669e-21, 2.41085646743e-21],
        "stdev": [0.00135557493195, 0.0230597481132, 0.00969283655286, 0.00562297832221, 0.00933831185102, 0.00522945867851, 0.00273494445719, 0.00219039130025, 0.00171441549901, 0.00247778883204, 0.00290702562779, 0.00234440364875, 0.000523612368852, 0.00076717993943, 0.001280555618, 0.000428218831075, 0.000322230742313, 0.000234808860114, 0.000220408954192, 0.000265481940005, 0.000135661612148, 0.000147634593304, 0.000116467701446, 0.00011153624655, 0.000124649654026, 4.63612304884e-05, 4.87825946038e-06],
        "var": [1.8375833406e-06, 0.000531752011739, 9.39510719036e-05, 3.16178848152e-05, 8.7204069132e-05, 2.73472360277e-05, 7.47992135075e-06, 4.79781419926e-06, 2.93922039418e-06, 6.13943802819e-06, 8.4507973952e-06, 5.49622836843e-06, 2.74169906334e-07, 5.88565058024e-07, 1.63982281265e-06, 1.83371369644e-07, 1.03832654474e-07, 5.51352030698e-08, 4.85801088246e-08, 7.04806666363e-08, 1.84040747087e-08, 2.17959748028e-08, 1.35647262312e-08, 1.24403340962e-08, 1.55375374788e-08, 2.14936357601e-09, 2.37974171619e-11]
    },
    "erbbands": {
        "dmean": [0.31619951129, 1.83015620708, 4.27023077011, 6.72011899948, 11.2229251862, 12.6482782364, 9.49964141846, 12.0185804367, 18.17993927, 14.518614769, 20.4594116211, 17.353094101, 21.3764743805, 12.2000360489, 14.1678724289, 17.1222763062, 8.54754161835, 15.6911582947, 12.8949289322, 7.9082493782, 7.74302577972, 6.79157876968, 5.95651245117, 4.75230884552, 5.0174241066, 4.58179187775, 3.1313085556, 2.12930250168, 2.18313527107, 1.54040694237, 1.22366631031, 1.25247442722, 0.710886657238, 0.629853665829, 0.376067072153, 0.120692610741, 0.0376561433077, 0.00582690769807, 0.000180315197213, 2.25157509703e-05],
        "dmean2": [0.482984483242, 3.025598526, 6.87036466599, 11.4816970825, 19.1595306396, 20.6249027252, 14.3140277863, 17.2463417053, 28.4016590118, 23.4934406281, 32.0187606812, 27.1248569489, 31.2610187531, 18.591758728, 21.1270828247, 27.6067142487, 13.4180679321, 24.0153503418, 19.330821991, 11.9649028778, 11.6627969742, 10.7281570435, 9.32078647614, 7.59692668915, 7.984852314, 7.35993480682, 5.06116676331, 3.34364247322, 3.44640564919, 2.49322342873, 1.9306230545, 2.02028942108, 1.16229605675, 1.06407415867, 0.636215150356, 0.205441385508, 0.064485386014, 0.0100265480578, 0.000312995834975, 3.37378514814e-05],
        "dvar": [0.632627367973, 18.7002735138, 79.9841156006, 136.53074646, 439.554351807, 580.898742676, 186.863113403, 506.292572021, 888.767700195, 524.491027832, 1358.94677734, 646.530212402, 3706.38842773, 708.754455566, 1452.66723633, 6457.36865234, 243.359024048, 863.509277344, 1952.5435791, 233.043792725, 322.477813721, 160.030349731, 120.25138855, 88.0057067871, 116.62159729, 142.254455566, 71.2562179565, 24.6818141937, 25.8629684448, 13.7749176025, 8.63728523254, 10.2460451126, 2.80423378944, 2.75912070274, 0.890684366226, 0.0899125933647, 0.00864850450307, 0.000254640443018, 3.11003105935e-07, 1.1594043503e-09],
        "dvar2": [1.30038523674, 48.749622345, 199.380264282, 371.599853516, 1167.55969238, 1400.43408203, 360.001647949, 918.278808594, 2062.39794922, 1328.90209961, 2982.5246582, 1586.94091797, 5871.50585938, 1283.94604492, 2715.34863281, 15944.9755859, 595.145874023, 1797.09729004, 3758.30029297, 469.007385254, 555.447631836, 371.581451416, 279.517730713, 224.959320068, 271.085418701, 349.709899902, 188.073883057, 60.8006362915, 64.1999359131, 35.6463012695, 21.5228176117, 26.1415519714, 7.08445549011, 7.18886995316, 2.30378341675, 0.233595281839, 0.0222643055022, 0.000671671063174, 8.58196528952e-07, 2.44990516762e-09],
        "max": [6.62159538269, 45.1189079285, 107.598365784, 125.417671204, 255.780776978, 285.46697998, 155.389938354, 355.16696167, 431.375976562, 341.107025146, 576.866821289, 334.019836426, 1465.49951172, 549.474060059, 1290.95129395, 1840.46875, 184.160629272, 733.262634277, 979.69720459, 250.888046265, 401.446289062, 176.648925781, 110.76512146, 77.2234268188, 142.163238525, 153.179229736, 84.0813293457, 60.8894805908, 49.8995666504, 30.0126075745, 25.6761741638, 43.9585456848, 20.7751579285, 18.6973590851, 9.32104301453, 3.32640004158, 1.21006798744, 0.164397001266, 0.00773223442957, 0.000297481194139],
        "mean": [0.353916138411, 2.58644509315, 6.67039728165, 9.75199794769, 15.784532547, 25.7780017853, 31.6981372833, 30.9852714539, 29.7180423737, 24.4740161896, 43.5951118469, 34.2308273315, 39.9552955627, 24.373916626, 32.6976013184, 32.176361084, 15.7843999863, 25.8219146729, 22.1605892181, 13.3060064316, 11.8916368484, 9.98560810089, 8.28770446777, 6.23736619949, 6.41295099258, 5.43579149246, 3.42410302162, 2.62428832054, 2.45140576363, 1.63094174862, 1.37579774857, 1.29244923592, 0.699024140835, 0.532530784607, 0.302636355162, 0.0983575880527, 0.0316411368549, 0.00439155707136, 0.000145641839481, 5.19136083312e-05],
        "median": [0.0433030053973, 0.653074085712, 2.734790802, 4.46066713333, 7.57740402222, 9.14478874207, 19.3419303894, 11.1303005219, 15.5086917877, 16.3117141724, 23.0925827026, 23.6958675385, 15.1409797668, 10.1381053925, 8.20009422302, 7.65760803223, 8.42848300934, 11.6058139801, 6.63773918152, 5.36602115631, 4.65608263016, 3.64567399025, 3.46837425232, 2.41365838051, 1.70707917213, 1.03857159615, 0.761248171329, 0.594884991646, 0.47747862339, 0.359861969948, 0.305711776018, 0.277317553759, 0.158204436302, 0.0819225460291, 0.036723382771, 0.0117343105376, 0.00371208274737, 0.000269240466878, 2.78356383205e-05, 3.91570210923e-05],
        "min": [8.59501039012e-22, 4.96346535778e-21, 7.72964254838e-21, 1.46084199768e-20, 1.41086413281e-20, 1.38594434751e-20, 3.3928409024e-20, 9.97042668329e-20, 5.28085182847e-19, 2.826330621e-19, 6.48847658618e-19, 1.17213312596e-18, 1.59777669453e-18, 1.64965818634e-18, 1.39355738182e-18, 2.24493840397e-18, 3.15407503764e-18, 3.18084984009e-18, 5.54795082641e-18, 4.08948085961e-18, 5.88842250244e-18, 8.39035516938e-18, 1.43406880048e-17, 1.29475446268e-17, 1.13778577451e-17, 9.30120344653e-18, 1.50070829042e-17, 1.93755941183e-17, 2.3518806149e-17, 1.33704415422e-17, 1.36564408933e-17, 1.24454087719e-17, 1.12627290931e-17, 1.18402219291e-17, 7.73633654626e-18, 5.70497369491e-18, 3.34817524312e-18, 1.30313020405e-18, 3.16063049569e-19, 3.4524887025e-20],
        "stdev": [0.884865045547, 4.57378005981, 10.5767459869, 13.8413505554, 25.6087608337, 41.7385482788, 33.1723594666, 47.7169761658, 40.2132568359, 30.1299953461, 58.4311218262, 35.1456871033, 98.5482177734, 47.4082374573, 85.4661026001, 110.989830017, 21.3332481384, 46.2007751465, 69.7231750488, 24.2007522583, 27.171754837, 17.2932186127, 12.9184970856, 10.059012413, 12.823515892, 13.4991512299, 8.02308940887, 5.55578804016, 5.31527662277, 3.64839577675, 3.01805782318, 3.06220841408, 1.60631740093, 1.49058425426, 0.845316767693, 0.267280906439, 0.084579564631, 0.0138723291457, 0.000458313937997, 4.54655055364e-05],
        "var": [0.782986104488, 20.9194641113, 111.867546082, 191.582977295, 655.80859375, 1742.10644531, 1100.40551758, 2276.90966797, 1617.10595703, 907.816589355, 3414.19604492, 1235.21936035, 9711.75195312, 2247.54101562, 7304.45507812, 12318.7431641, 455.10748291, 2134.51171875, 4861.32128906, 585.676391602, 738.304260254, 299.055389404, 166.887557983, 101.18372345, 164.442565918, 182.227096558, 64.3699645996, 30.8667812347, 28.252166748, 13.3107919693, 9.1086730957, 9.37712097168, 2.58025550842, 2.22184157372, 0.714560389519, 0.0714390873909, 0.00715370243415, 0.000192441511899, 2.10051652516e-07, 2.06711225914e-09]
    },
    "gfcc": {
        "mean": [-55.4243278503, 123.752464294, -103.673416138, 17.2365207672, -61.1724205017, 8.44625854492, -40.980342865, 5.85157871246, -21.6563949585, -1.69786179066, -14.8146362305, -5.90976762772, -10.3774671555],
        "cov": [[39572.2695312, 3894.52148438, -2039.04663086, 1470.5826416, -73.5906677246, 1064.29846191, -277.545898438, 284.264587402, -326.355804443, -167.059356689, -271.226074219, -405.701202393, -467.397216797], [3894.52148438, 2941.72290039, 250.563858032, -11.5245933533, 248.542312622, -103.850952148, 264.380432129, -60.7001800537, 311.27456665, -248.394210815, 230.643203735, -301.170837402, 139.923950195], [-2039.04663086, 250.563858032, 797.801879883, 83.4845352173, 260.244628906, 62.0954551697, 174.103927612, 126.132141113, 132.207809448, 54.8283309937, 39.8182220459, 26.8129920959, 32.495098114], [1470.5826416, -11.5245933533, 83.4845352173, 370.942993164, 98.6819000244, 177.883972168, 83.5954666138, 81.3968734741, 58.4241256714, 38.459022522, 2.93233323097, -15.9728193283, -19.7437267303], [-73.5906677246, 248.542312622, 260.244628906, 98.6819000244, 312.215270996, 119.26133728, 148.906784058, 87.0895385742, 88.4505081177, 37.4622306824, 58.9009475708, 19.4126834869, 18.8159770966], [1064.29846191, -103.850952148, 62.0954551697, 177.883972168, 119.26133728, 230.398223877, 79.4347381592, 87.1352310181, 13.2124614716, 49.5612678528, 1.52916514874, 18.1558055878, -24.1587924957], [-277.545898438, 264.380432129, 174.103927612, 83.5954666138, 148.906784058, 79.4347381592, 197.782913208, 65.5593261719, 93.6074523926, -3.61872696877, 56.0859222412, -17.4410381317, 34.7570228577], [284.264587402, -60.7001800537, 126.132141113, 81.3968734741, 87.0895385742, 87.1352310181, 65.5593261719, 130.641769409, 29.2774677277, 32.9831886292, -6.60925245285, 36.097984314, -2.06151580811], [-326.355804443, 311.27456665, 132.207809448, 58.4241256714, 88.4505081177, 13.2124614716, 93.6074523926, 29.2774677277, 140.097915649, 9.63864612579, 59.0868186951, -35.5099334717, 32.3481674194], [-167.059356689, -248.394210815, 54.8283309937, 38.459022522, 37.4622306824, 49.5612678528, -3.61872696877, 32.9831886292, 9.63864612579, 111.442176819, 6.93409013748, 34.0873832703, -27.6449394226], [-271.226074219, 230.643203735, 39.8182220459, 2.93233323097, 58.9009475708, 1.52916514874, 56.0859222412, -6.60925245285, 59.0868186951, 6.93409013748, 105.182769775, -11.9299221039, 27.3353843689], [-405.701202393, -301.170837402, 26.8129920959, -15.9728193283, 19.4126834869, 18.1558055878, -17.4410381317, 36.097984314, -35.5099334717, 34.0873832703, -11.9299221039, 104.486083984, 4.59221076965], [-467.397216797, 139.923950195, 32.495098114, -19.7437267303, 18.8159770966, -24.1587924957, 34.7570228577, -2.06151580811, 32.3481674194, -27.6449394226, 27.3353843689, 4.59221076965, 89.6355209351]],
        "icov": [[0.000181563547812, -0.000675533839967, 0.000596294470597, -0.000663103768602, 0.000187847894267, -0.000604520726483, 0.0004496226029, -0.00065425503999, 0.000915153708775, -0.000723254517652, 0.000708504696377, -0.000519648718182, 0.000504518160596], [-0.000675533839967, 0.00343621452339, -0.00231777713634, 0.00264924950898, -0.00141270901076, 0.00240347953513, -0.00138771045022, 0.00221580709331, -0.00425687571988, 0.00448170723394, -0.00376622099429, 0.00388077343814, -0.0020611602813], [0.000596294470597, -0.00231777713634, 0.00403196457773, -0.00220772763714, -0.000547714647837, -0.00110243470408, 0.000675494316965, -0.00302201905288, 0.00222577177919, -0.00323652918451, 0.00323065905832, -0.00217622681521, 0.00159071257804], [-0.000663103768602, 0.00264924950898, -0.00220772763714, 0.00728497328237, -0.000509383273311, -0.00137279834598, -0.00145982299, 0.00171654508449, -0.00548883248121, 0.00294836657122, -0.00204917509109, 0.00324270315468, -0.00149685505312], [0.000187847894267, -0.00141270901076, -0.000547714647837, -0.000509383273311, 0.00775521760806, -0.0030991032254, -0.00215382664464, -0.000809710880276, 0.00040312926285, -0.00219192891382, -0.000137893803185, -0.00347066181712, 0.00102283409797], [-0.000604520726483, 0.00240347953513, -0.00110243470408, -0.00137279834598, -0.0030991032254, 0.0126018757001, -0.00406499532983, -0.000893298420124, 0.000316289515467, 0.00026827302645, -0.00247151707299, 0.00243415613659, -0.000606512418017], [0.0004496226029, -0.00138771045022, 0.000675494316965, -0.00145982299, -0.00215382664464, -0.00406499532983, 0.0136406347156, -0.00457872776315, -0.00143593200482, 0.00177269312553, -0.00131250661798, 0.00112863781396, -0.000686353247147], [-0.00065425503999, 0.00221580709331, -0.00302201905288, 0.00171654508449, -0.000809710880276, -0.000893298420124, -0.00457872776315, 0.0174214616418, -0.005796730984, 0.00155725586228, 0.00152608507778, -0.00385345937684, -0.000987264327705], [0.000915153708775, -0.00425687571988, 0.00222577177919, -0.00548883248121, 0.00040312926285, 0.000316289515467, -0.00143593200482, -0.005796730984, 0.0221794657409, -0.00859941076487, -0.000288741837721, 0.00185330596287, -0.000838017091155], [-0.000723254517652, 0.00448170723394, -0.00323652918451, 0.00294836657122, -0.00219192891382, 0.00026827302645, 0.00177269312553, 0.00155725586228, -0.00859941076487, 0.0201049149036, -0.00715727405623, 0.00110687525012, 0.00236621731892], [0.000708504696377, -0.00376622099429, 0.00323065905832, -0.00204917509109, -0.000137893803185, -0.00247151707299, -0.00131250661798, 0.00152608507778, -0.000288741837721, -0.00715727405623, 0.0193630736321, -0.00509550608695, 0.000110779357783], [-0.000519648718182, 0.00388077343814, -0.00217622681521, 0.00324270315468, -0.00347066181712, 0.00243415613659, 0.00112863781396, -0.00385345937684, 0.00185330596287, 0.00110687525012, -0.00509550608695, 0.0214976239949, -0.00628102757037], [0.000504518160596, -0.0020611602813, 0.00159071257804, -0.00149685505312, 0.00102283409797, -0.000606512418017, -0.000686353247147, -0.000987264327705, -0.000838017091155, 0.00236621731892, 0.000110779357783, -0.00628102757037, 0.0172836855054]]
    },
    "melbands": {
        "dmean": [0.00256612338126, 0.0019589823205, 0.00119183643255, 0.000879511819221, 0.000353571929736, 0.000265591341304, 0.000283432600554, 0.000145553742186, 0.000163322300068, 0.000112594258098, 0.000106444997073, 4.84787415189e-05, 5.7688983361e-05, 4.81827228214e-05, 2.54936785495e-05, 2.4424161893e-05, 2.89338877337e-05, 2.023324123e-05, 1.61392072187e-05, 8.92930802365e-06, 9.3489743449e-06, 7.11606435289e-06, 6.68164557283e-06, 6.05577088209e-06, 3.68380528926e-06, 3.79264770345e-06, 2.95791187455e-06, 3.31338151227e-06, 2.34809817812e-06, 1.16562534913e-06, 1.37610356887e-06, 1.35035566018e-06, 9.41506698382e-07, 8.68175391133e-07, 6.90583192409e-07, 8.45752083478e-07, 7.28366387648e-07, 4.90397553676e-07, 5.18083481893e-07, 5.53958841465e-07],
        "dmean2": [0.00401710858569, 0.0031463468913, 0.00200704997405, 0.00146889011376, 0.000541391549632, 0.000380449666409, 0.000444880628493, 0.00023614508973, 0.000255725084571, 0.000176138040842, 0.000155921821715, 7.48676247895e-05, 8.52614975884e-05, 7.7395059634e-05, 4.01826364396e-05, 3.76743410015e-05, 4.48887076345e-05, 3.11448129651e-05, 2.34345770878e-05, 1.41938407978e-05, 1.40906658999e-05, 1.12244042612e-05, 1.07076384666e-05, 9.72469661065e-06, 5.97602502239e-06, 6.07014044363e-06, 4.83935627926e-06, 5.40517703485e-06, 3.91079311157e-06, 1.84300438377e-06, 2.20407423512e-06, 2.18061086343e-06, 1.49484765188e-06, 1.44799457757e-06, 1.10901873995e-06, 1.34597507895e-06, 1.19775802432e-06, 8.04863077519e-07, 8.67507992552e-07, 9.46631985244e-07],
        "dvar": [3.93146801798e-05, 1.82511103048e-05, 3.55851557288e-06, 2.89590707325e-06, 2.30269478152e-07, 2.26008538107e-07, 2.0665993361e-07, 4.7540449799e-08, 7.83258826687e-08, 3.006875815e-08, 8.99151046951e-08, 1.20291936412e-08, 3.16236388187e-08, 4.36640625878e-08, 7.61003526861e-09, 2.0826445013e-09, 3.02361535809e-09, 4.32492486269e-09, 2.24291873963e-09, 3.14706427584e-10, 4.17011147835e-10, 1.8550813663e-10, 1.69193672961e-10, 1.23766150106e-10, 5.75409511705e-11, 6.95943094819e-11, 5.34469066227e-11, 9.37527763756e-11, 4.94654317507e-11, 7.35258728901e-12, 1.22796842139e-11, 1.01281595957e-11, 5.4547633771e-12, 4.89987477675e-12, 2.88013840208e-12, 4.93706464599e-12, 3.34454209119e-12, 1.31516564132e-12, 1.84255193568e-12, 2.29129172233e-12],
        "dvar2": [8.642472676e-05, 4.37786438852e-05, 9.58727196121e-06, 7.46290788811e-06, 4.83845667532e-07, 4.01541143447e-07, 4.83337657897e-07, 1.21901166494e-07, 1.74853369117e-07, 7.13286070209e-08, 1.42767547118e-07, 2.15996607267e-08, 5.67239659688e-08, 1.1007655587e-07, 1.83893131833e-08, 4.8002619657e-09, 6.58730270331e-09, 8.49536441194e-09, 3.99620558866e-09, 7.13938408392e-10, 7.32877702969e-10, 4.13206885375e-10, 3.97277849506e-10, 3.01849628626e-10, 1.50129741971e-10, 1.58608529088e-10, 1.37801145494e-10, 2.31599933675e-10, 1.34488781223e-10, 1.75447000678e-11, 3.06827757646e-11, 2.55714477371e-11, 1.33685276391e-11, 1.31233149347e-11, 7.32413088511e-12, 1.19289213923e-11, 8.68766517059e-12, 3.33437704531e-12, 4.65605245331e-12, 6.07672332592e-12],
        "max": [0.0534084290266, 0.0479890890419, 0.0191713422537, 0.0242901686579, 0.00535932416096, 0.00706668943167, 0.00659625884145, 0.00306537840515, 0.00429356656969, 0.00236899545416, 0.00724230054766, 0.00208755303174, 0.00641622254625, 0.00466117542237, 0.00189247704111, 0.00070646108361, 0.00128274585586, 0.00147622113582, 0.000949536333792, 0.000228001619689, 0.000434704415966, 0.000255502178334, 0.000173443069798, 0.000127420382341, 6.88845466357e-05, 0.000132229863084, 8.06873649708e-05, 0.000141485259519, 7.68279423937e-05, 2.97504466289e-05, 5.51075063413e-05, 3.22299201798e-05, 3.62307146133e-05, 2.01453949558e-05, 1.54902172653e-05, 3.74099727196e-05, 2.49669865298e-05, 1.47920736708e-05, 1.45473759403e-05, 1.4709484276e-05],
        "mean": [0.0032082053367, 0.00342553248629, 0.00185379234608, 0.00151484250091, 0.00111997756176, 0.000701021635905, 0.000457738962723, 0.000261986075202, 0.000346046959748, 0.000213083185372, 0.000195236876607, 9.04937624e-05, 0.000134784801048, 8.45911781653e-05, 4.68989164801e-05, 4.13329216826e-05, 4.57213718619e-05, 3.24513566738e-05, 2.6465369956e-05, 1.28421725094e-05, 1.37475090014e-05, 1.02590993265e-05, 8.74344732438e-06, 7.71004306444e-06, 4.49308527095e-06, 4.86951603307e-06, 3.44402837982e-06, 3.82705138691e-06, 2.39016253545e-06, 1.39007931921e-06, 1.64026221228e-06, 1.48244555476e-06, 1.04574576199e-06, 8.60047236984e-07, 7.53827976041e-07, 9.06441300685e-07, 7.22482297988e-07, 4.82620123421e-07, 4.56602208487e-07, 4.51069922747e-07],
        "median": [0.000560427026358, 0.00158863491379, 0.00100201927125, 0.000624737818725, 0.00079002243001, 0.000282805995084, 0.000239040688029, 0.000188219724805, 0.000207512362977, 0.00013429527462, 6.6273874836e-05, 3.57602948498e-05, 1.99820042326e-05, 1.63225813594e-05, 1.64343327924e-05, 1.79236631084e-05, 1.91877261386e-05, 8.74236866366e-06, 8.05288982519e-06, 5.29774933966e-06, 5.25124505657e-06, 3.54010944648e-06, 2.75685897577e-06, 3.03853857986e-06, 1.5503483155e-06, 1.20142055948e-06, 8.74586419286e-07, 6.10308291016e-07, 4.56958446193e-07, 3.35973595611e-07, 3.09775003871e-07, 2.79103687717e-07, 2.22080089429e-07, 1.78293674935e-07, 1.66991213746e-07, 1.69736551925e-07, 1.61140292221e-07, 1.17173875935e-07, 6.75995153188e-08, 6.1986256128e-08],
        "min": [8.00001120038e-24, 4.73638319496e-24, 3.89373183676e-24, 7.14955337328e-25, 1.18205126849e-24, 2.42024044279e-24, 7.64119860651e-24, 2.98238686537e-24, 5.86459983426e-24, 7.36830085381e-24, 7.78665114679e-24, 6.91057141331e-24, 4.04672036528e-24, 4.79559154463e-24, 7.01707552412e-24, 7.62811534839e-24, 5.28278927868e-24, 8.93961790257e-24, 4.73419805025e-24, 6.77418446254e-24, 4.96651798127e-24, 7.66774614255e-24, 1.35701856623e-23, 1.24087323409e-23, 1.00486553611e-23, 9.76341587956e-24, 6.5070536775e-24, 6.20268944659e-24, 6.92602835388e-24, 1.01536590585e-23, 1.08289153159e-23, 1.25896465454e-23, 8.471691646e-24, 6.71018102186e-24, 6.94417136584e-24, 7.91873565018e-24, 7.45508975289e-24, 8.06728999155e-24, 8.36681179979e-24, 1.00463944858e-23],
        "stdev": [0.00697007076815, 0.00512666255236, 0.00246268091723, 0.00233637634665, 0.00107154576108, 0.00102559663355, 0.000611136143561, 0.000289159419481, 0.000435132271377, 0.000238553548115, 0.000486033794004, 0.000184268166777, 0.000417365081375, 0.00027537040296, 0.000122821918922, 6.93126639817e-05, 8.18443586468e-05, 0.000102149570012, 7.60723269195e-05, 2.28447643167e-05, 3.0392786357e-05, 2.03427243832e-05, 1.59139526659e-05, 1.22648407341e-05, 7.8552220657e-06, 1.00456054497e-05, 7.45802253732e-06, 1.09021120807e-05, 6.22470861344e-06, 2.95446716336e-06, 3.93449317926e-06, 3.27866655425e-06, 2.38898701355e-06, 2.07164566746e-06, 1.70788075593e-06, 2.28600947594e-06, 1.70175155745e-06, 1.10054838842e-06, 1.27065561628e-06, 1.31966908157e-06],
        "var": [4.85818854941e-05, 2.62826706603e-05, 6.06479716225e-06, 5.45865486856e-06, 1.14821023089e-06, 1.05184847143e-06, 3.73487381466e-07, 8.36131661686e-08, 1.89340099155e-07, 5.69077975854e-08, 2.36228842709e-07, 3.39547590045e-08, 1.74193601765e-07, 7.58288578595e-08, 1.50852255132e-08, 4.80424589e-09, 6.69849864465e-09, 1.04345350138e-08, 5.78699932419e-09, 5.21883258831e-10, 9.23721488189e-10, 4.13826445333e-10, 2.53253862326e-10, 1.50426310297e-10, 6.17045095574e-11, 1.00914186729e-10, 5.56220972059e-11, 1.18856050002e-10, 3.87469986651e-11, 8.72887612885e-12, 1.5480236884e-11, 1.07496546387e-11, 5.70725845056e-12, 4.29171542055e-12, 2.91685664337e-12, 5.22583929255e-12, 2.89595842966e-12, 1.21120680759e-12, 1.61456557759e-12, 1.74152651935e-12]
    },
    "melbands128": {
