{
"lowlevel": {
    "average_loudness": 0.752778291702,
    "barkbands_crest": {
        "dmean": 2.36032271385,
        "dmean2": 3.73376464844,
        "dvar": 4.52424621582,
        "dvar2": 10.6035814285,
        "max": 25.0233459473,
        "mean": 8.91216945648,
        "median": 8.17845344543,
        "min": 3.00514125824,
        "stdev": 3.66535258293,
        "var": 13.4348096848
    },
    "barkbands_flatness_db": {
        "dmean": 0.0214734468609,
        "dmean2": 0.0342394411564,
        "dvar": 0.000331216404447,
        "dvar2": 0.000776066328399,
        "max": 0.378321677446,
        "mean": 0.232071697712,
        "median": 0.230634361506,
        "min": 0.0589272752404,
        "stdev": 0.0355239138007,
        "var": 0.00126194849145
    },
    "barkbands_kurtosis": {
        "dmean": 1.56891834736,
        "dmean2": 2.42003703117,
        "dvar": 8.92396640778,
        "dvar2": 18.075258255,
        "max": 64.8834381104,
        "mean": 1.73687255383,
        "median": 0.325335144997,
        "min": -1.78760242462,
        "stdev": 4.86001729965,
        "var": 23.6197662354
    },
    "barkbands_skewness": {
        "dmean": 0.422020941973,
        "dmean2": 0.626919269562,
        "dvar": 0.189807280898,
        "dvar2": 0.36682087183,
        "max": 7.26069498062,
        "mean": 0.938549280167,
        "median": 0.830117821693,
        "min": -1.99816250801,
        "stdev": 0.946911096573,
        "var": 0.896640658379
    },
    "barkbands_spread": {
        "dmean": 3.42731761932,
        "dmean2": 5.23594760895,
        "dvar": 13.9020347595,
        "dvar2": 29.9796695709,
        "max": 56.3725280762,
        "mean": 15.5643806458,
        "median": 14.3133068085,
        "min": 0.988934099674,
        "stdev": 7.77517747879,
        "var": 60.4533882141
    },
    "dissonance": {
        "dmean": 0.0223769471049,
        "dmean2": 0.0375707820058,
        "dvar": 0.000378661585273,
        "dvar2": 0.00103960826527,
        "max": 0.499384969473,
        "mean": 0.454170048237,
        "median": 0.45950448513,
        "min": 0.311029672623,
        "stdev": 0.0273451954126,
        "var": 0.000747759710066
    },
    "dynamic_complexity": 3.84897422791,
    "erbbands_crest": {
        "dmean": 2.51785612106,
        "dmean2": 3.98515963554,
        "dvar": 5.3281545639,
        "dvar2": 13.05123806,
        "max": 26.3470306396,
        "mean": 9.55111503601,
        "median": 8.7136220932,
        "min": 3.45682024956,
        "stdev": 3.80066156387,
        "var": 14.4450283051
    },
    "erbbands_flatness_db": {
        "dmean": 0.0145391663536,
        "dmean2": 0.0218354165554,
        "dvar": 0.000165395744261,
        "dvar2": 0.000311274838168,
        "max": 0.381989300251,
        "mean": 0.27844414115,
        "median": 0.277196139097,
        "min": 0.0985983833671,
        "stdev": 0.0327528938651,
        "var": 0.00107275194023
    },
    "erbbands_kurtosis": {
        "dmean": 0.647345423698,
        "dmean2": 0.991086244583,
        "dvar": 0.748226940632,
        "dvar2": 1.60192143917,
        "max": 15.6931724548,
        "mean": 0.0943877696991,
        "median": -0.299855709076,
        "min": -1.78977000713,
        "stdev": 1.50863611698,
        "var": 2.27598309517
    },
    "erbbands_skewness": {
        "dmean": 0.333946496248,
        "dmean2": 0.504815220833,
        "dvar": 0.0896244421601,
        "dvar2": 0.197730079293,
        "max": 3.50117540359,
        "mean": 0.125447943807,
        "median": 0.100046694279,
        "min": -2.38768148422,
        "stdev": 0.697814881802,
        "var": 0.48694562912
    },
    "erbbands_spread": {
        "dmean": 4.69710159302,
        "dmean2": 7.08067560196,
        "dvar": 23.7789974213,
        "dvar2": 50.5477676392,
        "max": 81.6370697021,
        "mean": 24.9158992767,
        "median": 23.4827003479,
        "min": 4.9867401123,
        "stdev": 10.6264429092,
        "var": 112.921279907
    },
    "hfc": {
        "dmean": 5.04842758179,
        "dmean2": 6.00758743286,
        "dvar": 79.2624359131,
        "dvar2": 105.718345642,
        "max": 229.5365448,
        "mean": 15.306014061,
        "median": 7.44774055481,
        "min": 1.15893655117e-16,
        "stdev": 21.5347900391,
        "var": 463.7472229
    },
    "loudness_ebu128": {
        "integrated": -19.2049865723,
        "loudness_range": 4.28086090088,
        "momentary": {
            "dmean": 1.00118517876,
            "dmean2": 1.10029172897,
            "dvar": 1.11487698555,
            "dvar2": 1.28684318066,
            "max": -12.5623197556,
            "mean": -20.2767238617,
            "median": -20.1957778931,
            "min": -32.4561729431,
            "stdev": 3.06650900841,
            "var": 9.40347766876
        },
        "short_term": {
            "dmean": 0.141784027219,
            "dmean2": 0.152666032314,
            "dvar": 0.0215131603181,
            "dvar2": 0.0175079423934,
            "max": -16.1110534668,
            "mean": -19.6946048737,
            "median": -19.3824176788,
            "min": -22.7680473328,
            "stdev": 1.4692851305,
            "var": 2.15879869461
        }
    },
    "melbands_crest": {
        "dmean": 2.86243367195,
        "dmean2": 4.6473069191,
        "dvar": 6.5397901535,
        "dvar2": 15.7065353394,
        "max": 26.4025115967,
        "mean": 10.8998422623,
        "median": 10.0378026962,
        "min": 2.05670809746,
        "stdev": 4.17741680145,
        "var": 17.4508094788
    },
    "melbands_flatness_db": {
        "dmean": 0.0234195031226,
        "dmean2": 0.0331839546561,
        "dvar": 0.000457901303889,
        "dvar2": 0.000852111668792,
        "max": 0.467394769192,
        "mean": 0.26812300086,
        "median": 0.263230383396,
        "min": 0.00480206916109,
        "stdev": 0.0518872216344,
        "var": 0.00269228359684
    },
    "melbands_kurtosis": {
        "dmean": 2.83885478973,
        "dmean2": 4.3255648613,
        "dvar": 22.7023105621,
        "dvar2": 47.3416023254,
        "max": 91.2127990723,
        "mean": 4.64568471909,
        "median": 2.19958400726,
        "min": -1.71133100986,
        "stdev": 7.49182891846,
        "var": 56.1274986267
    },
    "melbands_skewness": {
        "dmean": 0.482933104038,
        "dmean2": 0.71201056242,
        "dvar": 0.248198285699,
        "dvar2": 0.495216846466,
        "max": 7.66389226913,
        "mean": 1.53367209435,
        "median": 1.37265086174,
        "min": -1.24130797386,
        "stdev": 1.08730077744,
        "var": 1.18222296238
    },
    "melbands_spread": {
        "dmean": 5.5283408165,
        "dmean2": 8.24802684784,
        "dvar": 44.6081848145,
        "dvar2": 84.2465133667,
        "max": 132.492950439,
        "mean": 22.2505760193,
        "median": 19.744972229,
        "min": 1.44388628006,
        "stdev": 13.2161893845,
        "var": 174.667663574
    },
    "pitch_salience": {
        "dmean": 0.0648555457592,
        "dmean2": 0.103460587561,
        "dvar": 0.00300180306658,
        "dvar2": 0.00739235104993,
        "max": 0.974054098129,
        "mean": 0.562529861927,
        "median": 0.570145845413,
        "min": 0.234650090337,
        "stdev": 0.0900326967239,
        "var": 0.00810588616878
    },
    "silence_rate_20dB": {
        "dmean": 0,
        "dmean2": 0,
        "dvar": 0,
        "dvar2": 0,
        "max": 1,
        "mean": 1,
        "median": 1,
        "min": 1,
        "stdev": 0,
        "var": 0
    },
    "silence_rate_30dB": {
        "dmean": 0.00515198335052,
        "dmean2": 0.0103092780337,
        "dvar": 0.00512541038916,
        "dvar2": 0.0132954269648,
        "max": 1,
        "mean": 0.993820786476,
        "median": 1,
        "min": 0,
        "stdev": 0.0783644020557,
        "var": 0.00614097947255
    },
    "silence_rate_60dB": {
        "dmean": 0.0551262237132,
        "dmean2": 0.110309280455,
        "dvar": 0.0520868077874,
        "dvar2": 0.112571872771,
        "max": 1,
        "mean": 0.0942327529192,
        "median": 0,
        "min": 0,
        "stdev": 0.292153507471,
        "var": 0.0853536725044
    },
    "spectral_centroid": {
        "dmean": 212.70703125,
        "dmean2": 307.734558105,
        "dvar": 89180.609375,
        "dvar2": 125900.296875,
        "max": 11344.4091797,
        "mean": 1196.48266602,
        "median": 1113.76098633,
        "min": 224.255767822,
        "stdev": 591.236755371,
        "var": 349560.90625
    },
    "spectral_complexity": {
        "dmean": 2.64605879784,
        "dmean2": 3.63608241081,
        "dvar": 5.68977928162,
        "dvar2": 9.10159015656,
        "max": 41,
        "mean": 15.1637487411,
        "median": 14,
        "min": 0,
        "stdev": 6.98800325394,
        "var": 48.8321876526
    },
    "spectral_decrease": {
        "dmean": 1.2298230212e-09,
        "dmean2": 1.61070390359e-09,
        "dvar": 2.81838715388e-18,
        "dvar2": 4.29015404903e-18,
        "max": -3.51071179271e-29,
        "mean": -4.00600574935e-09,
        "median": -2.56948018418e-09,
        "min": -5.64272539805e-08,
        "stdev": 4.4144856659e-09,
        "var": 1.94876820544e-17
    },
    "spectral_energy": {
        "dmean": 0.00505536561832,
        "dmean2": 0.00656346324831,
        "dvar": 4.93617299071e-05,
        "dvar2": 7.30809551897e-05,
        "max": 0.23378919065,
        "mean": 0.0165078900754,
        "median": 0.0104695959017,
        "min": 1.06443927669e-20,
        "stdev": 0.0184887014329,
        "var": 0.000341832113918
    },
    "spectral_energyband_high": {
        "dmean": 7.04242556822e-05,
        "dmean2": 9.410893108e-05,
        "dvar": 4.72772718751e-08,
        "dvar2": 7.78148958602e-08,
        "max": 0.00690477434546,
        "mean": 0.000124739482999,
        "median": 3.85124585591e-05,
        "min": 7.58239551361e-21,
        "stdev": 0.000350033602444,
        "var": 1.22523516666e-07
    },
    "spectral_energyband_low": {
        "dmean": 0.000983912264928,
        "dmean2": 0.0015328329755,
        "dvar": 2.42506689574e-06,
        "dvar2": 5.51507491764e-06,
        "max": 0.0263816025108,
        "mean": 0.00157768314239,
        "median": 0.000810088356957,
        "min": 1.08953252556e-22,
        "stdev": 0.00228627561592,
        "var": 5.22705568073e-06
    },
    "spectral_energyband_middle_high": {
        "dmean": 0.00260704383254,
        "dmean2": 0.00316166807897,
        "dvar": 2.47623374889e-05,
        "dvar2": 3.30273105646e-05,
        "max": 0.132898122072,
        "mean": 0.00726206740364,
        "median": 0.00287798745558,
        "min": 1.7236638547e-21,
        "stdev": 0.0122786201537,
        "var": 0.000150764521095
    },
    "spectral_energyband_middle_low": {
        "dmean": 0.00290751643479,
        "dmean2": 0.0042245015502,
        "dvar": 1.57428439707e-05,
        "dvar2": 3.74042174371e-05,
        "max": 0.0950494110584,
        "mean": 0.00793620105833,
        "median": 0.00535771343857,
        "min": 2.57418313801e-22,
        "stdev": 0.00797612499446,
        "var": 6.36185723124e-05
    },
    "spectral_entropy": {
        "dmean": 0.157647579908,
        "dmean2": 0.229558184743,
        "dvar": 0.0223321206868,
        "dvar2": 0.0395347289741,
        "max": 9.79891777039,
        "mean": 6.95109415054,
        "median": 7.00018072128,
        "min": 5.51270151138,
        "stdev": 0.326682925224,
        "var": 0.106721736491
    },
    "spectral_flux": {
        "dmean": 0.0158146526664,
        "dmean2": 0.0250337272882,
        "dvar": 0.000268920615781,
        "dvar2": 0.000652629416436,
        "max": 0.235945314169,
        "mean": 0.0599101819098,
        "median": 0.0543332695961,
        "min": 1.03171665655e-10,
        "stdev": 0.0313950739801,
        "var": 0.000985650694929
    },
    "spectral_kurtosis": {
        "dmean": 6.36062669754,
        "dmean2": 11.1175479889,
        "dvar": 34.6025047302,
        "dvar2": 98.9831848145,
        "max": 65.0162200928,
        "mean": 9.65327358246,
        "median": 7.39407444,
        "min": -1.19957351685,
        "stdev": 8.41466522217,
        "var": 70.8065948486
    },
    "spectral_rms": {
        "dmean": 0.000609440263361,
        "dmean2": 0.000785725191236,
        "dvar": 3.52259263536e-07,
        "dvar2": 4.7183254992e-07,
        "max": 0.0151025494561,
        "mean": 0.00358172389679,
        "median": 0.00319597241469,
        "min": 3.22254137437e-12,
        "stdev": 0.00181011867244,
        "var": 3.27652946908e-06
    },
    "spectral_rolloff": {
        "dmean": 302.596801758,
        "dmean2": 489.970458984,
        "dvar": 318078.9375,
        "dvar2": 489098.03125,
        "max": 18884.6191406,
        "mean": 1402.02868652,
        "median": 1335.05859375,
        "min": 150.732421875,
        "stdev": 837.945678711,
        "var": 702152.9375
    },
    "spectral_skewness": {
        "dmean": 0.547184705734,
        "dmean2": 0.93397128582,
        "dvar": 0.223441421986,
        "dvar2": 0.601503551006,
        "max": 6.36341571808,
        "mean": 1.65475094318,
        "median": 1.49642908573,
        "min": -0.0347993150353,
        "stdev": 0.820495545864,
        "var": 0.673212945461
    },
    "spectral_spread": {
        "dmean": 246082.515625,
        "dmean2": 374858.09375,
        "dvar": 675491479552,
        "dvar2": 853857730560,
        "max": 45640316,
        "mean": 2160100.25,
        "median": 2057470.25,
        "min": 951476,
        "stdev": 1500004.25,
        "var": 2.25001288499e+12
    },
    "spectral_strongpeak": {
        "dmean": 0.741063654423,
        "dmean2": 1.21194708347,
        "dvar": 1.68445241451,
        "dvar2": 3.7609603405,
        "max": 19.8053760529,
        "mean": 1.32637119293,
        "median": 0.596322059631,
        "min": 4.3253187143e-10,
        "stdev": 1.94337177277,
        "var": 3.77669405937
    },
    "zerocrossingrate": {
        "dmean": 0.00653205113485,
        "dmean2": 0.00762498984113,
        "dvar": 0.000126620929223,
        "dvar2": 0.000210637663258,
        "max": 0.49951171875,
        "mean": 0.0477695949376,
        "median": 0.04541015625,
        "min": 0.00634765625,
        "stdev": 0.0236385688186,
        "var": 0.000558781961445
    },
    "barkbands": {
        "dmean": [7.35207549951e-07, 0.000300038431305, 0.000664802093524, 0.000226378702791, 0.00116103817709, 0.000575005775318, 0.000519474851899, 0.000678647484165, 0.00083725649165, 0.000744369346648, 0.000527194468305, 0.000504823517986, 0.000476461515063, 0.000493971863762, 0.000437901413534, 0.00022460015316, 0.000283808738459, 8.20940767881e-05, 0.00015529821394, 7.34047425794e-05, 4.28516832471e-05, 9.98470386548e-06, 2.39171384919e-07, 1.82840977914e-07, 6.66051818143e-08, 1.86511073252e-09, 8.04783517605e-10],
        "dmean2": [1.25804308482e-06, 0.000453754910268, 0.00104679726064, 0.000378617289243, 0.0018453685334, 0.000865949492436, 0.000770759768784, 0.00105501781218, 0.00125524459872, 0.00103299843613, 0.000777526642196, 0.000706856604666, 0.000683776044752, 0.000673756294418, 0.000612907460891, 0.000326739973389, 0.000404221820645, 0.000121614459204, 0.00021743265097, 0.000107352352643, 5.90976633248e-05, 1.4140856365e-05, 3.69327949556e-07, 2.77649007785e-07, 9.60735562217e-08, 3.08198266907e-09, 1.34947397701e-09],
        "dvar": [1.67954875268e-12, 1.906425382e-07, 1.58454690791e-06, 1.14107002958e-07, 2.29789225159e-06, 6.87351302986e-07, 7.13811459718e-07, 1.95394068214e-06, 6.7014511842e-06, 7.29985640646e-06, 1.14976421628e-06, 1.25311703414e-06, 3.76034267902e-06, 1.87961109077e-06, 2.6329762477e-06, 6.31651062122e-07, 1.04254013422e-06, 1.0744101786e-07, 3.89149818147e-07, 4.24782484743e-08, 3.36369474496e-08, 1.52260981601e-09, 6.59655652584e-13, 1.45103612285e-12, 1.67915228705e-13, 6.74817252443e-17, 2.79666787254e-17],
        "dvar2": [4.10621580141e-12, 4.36699849615e-07, 3.4928907553e-06, 2.98933031218e-07, 5.24659753864e-06, 1.52611050908e-06, 1.32972820666e-06, 4.521100891e-06, 1.70760358742e-05, 1.42187882375e-05, 2.47251955443e-06, 2.45426804213e-06, 7.59163094699e-06, 2.91567334898e-06, 3.79835455533e-06, 1.20274762594e-06, 1.96093492377e-06, 2.04039466212e-07, 7.20188950254e-07, 8.94126728213e-08, 5.79106114174e-08, 2.76598388638e-09, 1.4816303566e-12, 2.61445053974e-12, 3.61470646167e-13, 8.27129459704e-17, 2.24197957892e-17],
        "max": [2.48630603892e-05, 0.0059761563316, 0.0212601460516, 0.00393447931856, 0.0252365097404, 0.0152022028342, 0.0192239992321, 0.0273252110928, 0.0651988238096, 0.0721682235599, 0.0241658873856, 0.0196466632187, 0.0645227655768, 0.0354833304882, 0.0433093905449, 0.0216462798417, 0.0230695512146, 0.0120071927086, 0.0252233389765, 0.00464124092832, 0.00674120802432, 0.000986349536106, 1.61797815963e-05, 3.70304660464e-05, 1.2054159015e-05, 3.63971935258e-07, 2.68802523351e-07],
        "mean": [7.40866880733e-07, 0.000471642473713, 0.000941202626564, 0.000294322235277, 0.00213909870945, 0.00105441291817, 0.0010939904023, 0.00119538151193, 0.00165245647077, 0.00160719698761, 0.00101524300408, 0.00093027506955, 0.000889715971425, 0.000963454018347, 0.000750299775973, 0.000384314742405, 0.000478867004858, 0.000131165390485, 0.000310076051392, 0.000117265088193, 7.19068266335e-05, 1.41826312756e-05, 3.27378501197e-07, 2.70468518693e-07, 9.40082856005e-08, 1.7102680383e-09, 6.95754620583e-10],
        "median": [3.53401929942e-07, 0.000186028730241, 0.000291963922791, 0.000152142034494, 0.00132661010139, 0.000594725599512, 0.000562861154322, 0.000446084624855, 0.000180827628355, 0.000281008367892, 0.000290057214443, 0.000213902181713, 0.00011689713574, 0.000168360216776, 0.000141439581057, 9.02163446881e-05, 0.000113480557047, 5.04182135046e-05, 6.50192014291e-05, 3.81360732717e-05, 1.43531433423e-05, 2.04657021641e-06, 5.28086161466e-08, 5.0873140367e-08, 2.25012932731e-08, 3.41635081336e-10, 1.78941167439e-10],
        "min": [7.11266278608e-25, 8.81576042956e-23, 1.30684717043e-23, 2.61025301404e-23, 1.60009374794e-23, 2.22950503829e-23, 4.55082401962e-23, 5.32622222463e-23, 5.70702052971e-23, 6.88463650664e-23, 1.04440892448e-22, 9.6102115187e-23, 1.21793724526e-22, 1.87905228741e-22, 1.66488387228e-22, 1.80735240419e-22, 1.2085121876e-22, 2.24009032101e-22, 2.68304796242e-22, 2.94257537474e-22, 5.8215713373e-22, 5.38398451338e-22, 7.87019489298e-22, 7.56799275626e-22, 9.21187790855e-22, 1.82138526782e-21, 2.14794450104e-21],
        "stdev": [1.32907109673e-06, 0.000754977110773, 0.00187649554573, 0.000406265549827, 0.0024197595194, 0.00134848721791, 0.00155903352425, 0.00213144416921, 0.00430364487693, 0.00554427783936, 0.00194533029571, 0.00186912692152, 0.00303055089898, 0.00238417601213, 0.00270587112755, 0.00126084196381, 0.00144675478805, 0.000392536196159, 0.00111605459824, 0.000257801788393, 0.000290687399684, 5.31885889359e-05, 1.04368211851e-06, 1.53996268182e-06, 5.52564529244e-07, 9.2681364805e-09, 6.30199048501e-09],
        "var": [1.76642988431e-12, 5.6999044773e-07, 3.52123561242e-06, 1.65051687873e-07, 5.85523594054e-06, 1.81841767244e-06, 2.43058548222e-06, 4.54305381936e-06, 1.85213575605e-05, 3.0739018257e-05, 3.78431013814e-06, 3.49363540408e-06, 9.18423938856e-06, 5.68429550185e-06, 7.32173884899e-06, 1.58972238751e-06, 2.0930995106e-06, 1.54084673909e-07, 1.2455778915e-06, 6.64617658686e-08, 8.44991561166e-08, 2.82902590243e-09, 1.08927244395e-12, 2.3714851697e-12, 3.05327540594e-13, 8.58983589523e-17, 3.97150819521e-17]
    },
    "erbbands": {
        "dmean": [0.00226033013314, 0.0952714979649, 0.670675814152, 0.745450794697, 1.49936199188, 5.50719594955, 4.49576282501, 5.0936961174, 6.93981695175, 10.63098526, 14.8495101929, 17.4260597229, 23.9874134064, 21.4601554871, 19.2196063995, 21.3440055847, 20.0178260803, 25.1433029175, 22.3050880432, 16.2921123505, 17.6925888062, 11.466884613, 4.76954269409, 5.35724687576, 8.17850494385, 3.89397644997, 2.4829928875, 0.808588862419, 0.379889786243, 0.0670241340995, 0.00494732474908, 0.0022078412585, 0.00388899981044, 0.00133667013142, 0.000207204415346, 1.87759142136e-05, 4.37907465312e-06, 1.48177969095e-06, 2.82089081338e-06, 6.05440209256e-06],
        "dmean2": [0.00314334942959, 0.144703671336, 1.0480556488, 1.21710026264, 2.32842874527, 8.9571428299, 6.88163757324, 7.79874181747, 10.5177412033, 16.1390323639, 22.8983039856, 25.9965667725, 35.1789894104, 29.8771457672, 27.6527500153, 29.2068138123, 27.8231391907, 33.5957336426, 29.0783843994, 24.1297531128, 25.3624362946, 16.1237869263, 6.87556266785, 7.68329572678, 11.4007406235, 5.63505268097, 3.48203396797, 1.11501955986, 0.542284846306, 0.0968283638358, 0.00713309459388, 0.00314595480449, 0.0060477135703, 0.00192933343351, 0.000310991541483, 2.81570301013e-05, 6.02878208156e-06, 1.98576253752e-06, 3.54171424988e-06, 7.76875367592e-06],
        "dvar": [1.12505167635e-05, 0.0188132431358, 1.46657478809, 1.4643368721, 4.56320667267, 64.3293609619, 41.3453712463, 61.9477157593, 134.081192017, 384.412261963, 1129.14953613, 3036.00268555, 6994.02246094, 4890.79345703, 1282.32263184, 2386.95068359, 5550.40576172, 5209.19970703, 7019.19873047, 3525.38745117, 3973.15234375, 1351.56079102, 339.035095215, 153.115402222, 1422.5333252, 139.426681519, 118.358192444, 6.01936769485, 1.70787465572, 0.0379715189338, 0.000378402008209, 0.000125867154566, 0.000552501122002, 9.68267268036e-05, 2.60633851212e-06, 6.32701180336e-09, 2.37893593713e-10, 2.52401693296e-11, 1.72295580581e-11, 7.4032224795e-11],
        "dvar2": [1.92550378415e-05, 0.0427753217518, 3.08073377609, 3.88909649849, 9.34419155121, 149.784469604, 96.9616928101, 142.330444336, 277.792144775, 791.452087402, 2629.31494141, 8299.05078125, 16507.4980469, 8019.72998047, 2543.74389648, 4216.890625, 10336.9814453, 7498.65429688, 8966.6328125, 6843.546875, 7107.44287109, 2655.28808594, 653.710693359, 291.833648682, 2699.12817383, 297.120361328, 204.592208862, 11.6297769547, 3.50433278084, 0.081703864038, 0.000797829183284, 0.000254899758147, 0.00108418171294, 0.000172814965481, 5.7806228142e-06, 1.21804966113e-08, 2.2782832565e-10, 2.18054255208e-11, 2.30766222103e-11, 1.0586514998e-10],
        "max": [0.0659808814526, 1.82336592674, 21.4289398193, 23.7176914215, 47.652633667, 139.653015137, 95.3590774536, 140.263763428, 223.392105103, 549.027893066, 525.327697754, 1426.31225586, 2146.70214844, 2165.35107422, 707.605102539, 990.258972168, 2649.08349609, 1900.9708252, 2637.72973633, 1958.9921875, 1409.32080078, 1104.71826172, 651.391845703, 249.360046387, 1524.1015625, 303.706298828, 345.954956055, 84.6220169067, 33.3675193787, 3.33810281754, 0.427783429623, 0.258107602596, 0.676625669003, 0.329906016588, 0.0583465509117, 0.00256059458479, 0.000710189749952, 0.000237513726461, 0.000128304192913, 0.00027965332265],
        "mean": [0.00443880585954, 0.150677844882, 0.967436313629, 1.11143445969, 2.57303071022, 9.27945137024, 8.58682346344, 8.87949848175, 13.1247310638, 21.9852390289, 27.607131958, 33.3240585327, 50.3871002197, 50.3348274231, 39.0333061218, 40.8957710266, 40.1580352783, 53.4135704041, 42.746887207, 28.5841426849, 30.8139533997, 21.1004829407, 8.4998664856, 9.6857175827, 16.3100528717, 6.52266407013, 3.98539924622, 1.46836543083, 0.556706786156, 0.0981573536992, 0.00764533691108, 0.00334300776012, 0.00550761260092, 0.00211238977499, 0.000292913347948, 3.20429026033e-05, 1.03599859358e-05, 3.47277705259e-06, 9.26298253034e-06, 1.97974368348e-05],
        "median": [0.00182047695853, 0.0635164454579, 0.343292683363, 0.562008440495, 1.49024426937, 5.14497518539, 5.16892528534, 4.82118225098, 6.51596641541, 9.91273117065, 8.45467758179, 5.46375226974, 8.2532491684, 10.7189998627, 13.40076828, 10.9572372437, 7.8304605484, 8.98532104492, 8.54421520233, 6.99941444397, 7.24284553528, 6.17106485367, 3.62782096863, 3.50837659836, 3.14710783958, 2.07466220856, 0.997958958149, 0.342689692974, 0.0995222628117, 0.0129678379744, 0.00145981367677, 0.000846812326927, 0.00102175632492, 0.000436181842815, 8.60412983457e-05, 1.36753333209e-05, 5.89557657804e-06, 1.83925658348e-06, 5.57795738132e-06, 1.23043264466e-05],
        "min": [1.90309075984e-21, 2.19215043854e-20, 2.30711222625e-20, 4.35247639547e-20, 1.01402630189e-19, 3.4932076375e-20, 1.69124507937e-19, 1.4182085273e-19, 5.89482767212e-19, 6.09674452759e-19, 1.29824497875e-18, 1.47412580746e-18, 2.23227220084e-18, 2.81121694554e-18, 3.80595105618e-18, 5.05611088855e-18, 5.22184024659e-18, 7.99054569211e-18, 8.59446860297e-18, 8.58697021072e-18, 1.03697156572e-17, 8.20370103698e-18, 1.40489844161e-17, 8.24498065827e-18, 1.73485053092e-17, 1.51845925549e-17, 1.5302212675e-17, 2.81407307612e-17, 2.08332964615e-17, 2.27604585439e-17, 2.02562139072e-17, 1.43110782476e-17, 1.49132491899e-17, 1.06301981408e-17, 6.21229100922e-18, 6.14711207208e-18, 3.37863844392e-18, 1.14109410405e-18, 3.18192626056e-19, 3.37142177129e-20],
        "stdev": [0.00755095714703, 0.224570125341, 1.81561148167, 1.55518603325, 3.3031873703, 12.2027826309, 10.176366806, 12.3074560165, 18.9030628204, 34.5394020081, 53.0684661865, 86.1708908081, 143.246170044, 162.160491943, 64.8787765503, 81.8695983887, 122.599334717, 144.18939209, 150.932891846, 84.1390228271, 94.341217041, 56.4351425171, 22.1602020264, 19.3952980042, 68.1009292603, 14.7167959213, 15.2108068466, 4.55475854874, 1.70691633224, 0.266997903585, 0.0260716658086, 0.013872878626, 0.0298336111009, 0.0140702640638, 0.00190423522145, 0.000100206212664, 2.10560228879e-05, 7.15675514584e-06, 1.07732503238e-05, 2.25648054766e-05],
        "var": [5.70169504499e-05, 0.0504317432642, 3.29644489288, 2.41860365868, 10.9110460281, 148.907913208, 103.558433533, 151.473464966, 357.325805664, 1192.97021484, 2816.26196289, 7425.42236328, 20519.4648438, 26296.0253906, 4209.25585938, 6702.63085938, 15030.5976562, 20790.5820312, 22780.7382812, 7079.37548828, 8900.26464844, 3184.92529297, 491.074523926, 376.17755127, 4637.73681641, 216.584075928, 231.368637085, 20.7458267212, 2.9135632515, 0.0712878778577, 0.000679731776472, 0.000192456762306, 0.000890044379048, 0.00019797233108, 3.62611172022e-06, 1.00412851367e-08, 4.43356101831e-10, 5.12191435098e-11, 1.16062923161e-10, 5.09170428042e-10]
    },
    "gfcc": {
        "mean": [-108.623603821, 188.774154663, -183.817489624, 18.7482814789, -38.8490219116, -29.215970993, -15.3097343445, -16.3757610321, -19.269826889, -11.5727844238, -4.50139522552, -19.1585350037, 7.73554897308],
        "cov": [[5562.62646484, -248.954421997, -1484.40856934, 187.666183472, -241.076583862, -98.7624969482, 434.830657959, -294.729797363, 147.984191895, 43.9881858826, -114.864723206, -17.7203636169, -20.0415611267], [-248.954421997, 564.992858887, 256.475250244, -198.383560181, 196.560546875, -10.8317108154, -75.8796920776, 21.7147827148, 21.5689811707, 5.22123289108, 37.3884468079, -36.7579421997, 9.02982521057], [-1484.40856934, 256.475250244, 768.440063477, 76.049156189, 158.01739502, 75.0088577271, -166.812103271, 133.545883179, -50.8647880554, -34.5826454163, 40.3735122681, 26.4403839111, 13.2326850891], [187.666183472, -198.383560181, 76.049156189, 602.936767578, -3.17119121552, -13.8623952866, 96.5330429077, -7.80403804779, 18.046787262, 20.1458969116, -17.9872264862, 76.2481536865, 50.6672325134], [-241.076583862, 196.560546875, 158.01739502, -3.17119121552, 259.44934082, 75.869178772, -62.8359413147, 17.6377029419, 42.1131477356, 22.9577541351, -4.77459907532, 6.41257381439, 21.6021518707], [-98.7624969482, -10.8317108154, 75.0088577271, -13.8623952866, 75.869178772, 171.269943237, -0.754788398743, 28.7742729187, 31.3376064301, 12.7771196365, -4.71875715256, 21.9481945038, 8.58697319031], [434.830657959, -75.8796920776, -166.812103271, 96.5330429077, -62.8359413147, -0.754788398743, 232.845428467, 10.7207021713, -1.43419754505, -0.863927900791, -0.990273356438, 16.7925872803, -9.6419506073], [-294.729797363, 21.7147827148, 133.545883179, -7.80403804779, 17.6377029419, 28.7742729187, 10.7207021713, 126.492965698, -11.0239067078, -19.8574829102, 24.1953639984, -9.81396865845, -10.60704422], [147.984191895, 21.5689811707, -50.8647880554, 18.046787262, 42.1131477356, 31.3376064301, -1.43419754505, -11.0239067078, 138.986846924, 63.0728607178, -22.2674846649, 17.9748191833, 15.2924900055], [43.9881858826, 5.22123289108, -34.5826454163, 20.1458969116, 22.9577541351, 12.7771196365, -0.863927900791, -19.8574829102, 63.0728607178, 108.139328003, 20.9892406464, -0.397047400475, 13.5850019455], [-114.864723206, 37.3884468079, 40.3735122681, -17.9872264862, -4.77459907532, -4.71875715256, -0.990273356438, 24.1953639984, -22.2674846649, 20.9892406464, 83.2945709229, 2.52458190918, -10.5935897827], [-17.7203636169, -36.7579421997, 26.4403839111, 76.2481536865, 6.41257381439, 21.9481945038, 16.7925872803, -9.81396865845, 17.9748191833, -0.397047400475, 2.52458190918, 99.2006149292, 37.6622085571], [-20.0415611267, 9.02982521057, 13.2326850891, 50.6672325134, 21.6021518707, 8.58697319031, -9.6419506073, -10.60704422, 15.2924900055, 13.5850019455, -10.5935897827, 37.6622085571, 89.097442627]],
        "icov": [[0.000517203006893, -0.000755428511184, 0.00131453119684, -0.000617516052444, 0.000388522428693, -0.00056076067267, 0.00011921737314, -3.09642855427e-05, 7.80283007771e-05, 0.000187170589925, 0.000308956194203, -0.000151894273586, 0.000376902258722], [-0.000755428511184, 0.00592928146943, -0.00416505429894, 0.00299839163199, -0.0039807735011, 0.00344967772253, -0.00236161355861, 0.00239591230638, -0.00270628300495, 0.00151545880362, -0.00328040448949, 0.00249136518687, -0.00240472680889], [0.00131453119684, -0.00416505429894, 0.00708545325324, -0.0032314278651, 0.00153140409384, -0.00310275726952, 0.00347728445195, -0.00387220573612, 0.00274764047936, -0.000343668769347, 0.00180245470256, -0.00247272010893, 0.00218651350588], [-0.000617516052444, 0.00299839163199, -0.0032314278651, 0.00388812320307, -0.00188289803918, 0.00245957751758, -0.00244815181941, 0.0014416500926, -0.00118310353719, -0.000236046660575, -0.000701199052855, -5.04037998326e-05, -0.0018707663985], [0.000388522428693, -0.0039807735011, 0.00153140409384, -0.00188289803918, 0.00814298633486, -0.00408564787358, 0.00218772795051, -0.00117064872757, 0.000419244897785, -0.00134711456485, 0.00233154254965, -0.000851890770718, 0.000621744489763], [-0.00056076067267, 0.00344967772253, -0.00310275726952, 0.00245957751758, -0.00408564787358, 0.00964329857379, -0.00215008598752, -0.000150258128997, -0.00218322803266, -0.0001904584351, -0.000602395040914, -0.000611244700849, -0.00101248465944], [0.00011921737314, -0.00236161355861, 0.00347728445195, -0.00244815181941, 0.00218772795051, -0.00215008598752, 0.00786881800741, -0.00390137289651, 0.00226691155694, -0.00113794289064, 0.00150042271707, -0.00259644258767, 0.00226615043357], [-3.09642855427e-05, 0.00239591230638, -0.00387220573612, 0.0014416500926, -0.00117064872757, -0.000150258128997, -0.00390137289651, 0.013833174482, -0.00398994097486, 0.00480825128034, -0.00568178342655, 0.00442549772561, -0.00156612147111], [7.80283007771e-05, -0.00270628300495, 0.00274764047936, -0.00118310353719, 0.000419244897785, -0.00218322803266, 0.00226691155694, -0.00398994097486, 0.0148328272626, -0.0098171941936, 0.00771710835397, -0.00497094308957, 0.00240543368272], [0.000187170589925, 0.00151545880362, -0.000343668769347, -0.000236046660575, -0.00134711456485, -0.0001904584351, -0.00113794289064, 0.00480825128034, -0.0098171941936, 0.0182743761688, -0.00963884778321, 0.00510593410581, -0.00353769003414], [0.000308956194203, -0.00328040448949, 0.00180245470256, -0.000701199052855, 0.00233154254965, -0.000602395040914, 0.00150042271707, -0.00568178342655, 0.00771710835397, -0.00963884778321, 0.0198604818434, -0.00553162721917, 0.00435650534928], [-0.000151894273586, 0.00249136518687, -0.00247272010893, -5.04037998326e-05, -0.000851890770718, -0.000611244700849, -0.00259644258767, 0.00442549772561, -0.00497094308957, 0.00510593410581, -0.00553162721917, 0.0164258107543, -0.00690576806664], [0.000376902258722, -0.00240472680889, 0.00218651350588, -0.0018707663985, 0.000621744489763, -0.00101248465944, 0.00226615043357, -0.00156612147111, 0.00240543368272, -0.00353769003414, 0.00435650534928, -0.00690576806664, 0.0158605501056]]
    },
    "melbands": {
        "dmean": [4.99527195643e-05, 0.000259678141447, 0.00013280386338, 0.000235109691857, 0.00018582418852, 0.000114479014883, 0.000103421290987, 0.000122086101328, 0.00012010060891, 0.000117663883429, 0.000122320619994, 9.00241866475e-05, 7.40026225685e-05, 5.60324479011e-05, 5.01182003063e-05, 4.76582208648e-05, 4.75470551464e-05, 3.72885624529e-05, 2.67200139206e-05, 1.51607355292e-05, 2.58026630036e-05, 1.50108071466e-05, 5.42142015547e-06, 4.6172644943e-06, 4.18917397838e-06, 7.80060781835e-06, 4.09260655942e-06, 2.2903673198e-06, 1.66873360286e-06, 1.16766000247e-06, 3.60202250249e-07, 2.52346950447e-07, 1.18489630552e-07, 1.32059971847e-08, 2.62156696351e-09, 8.45861769516e-10, 1.39202083194e-09, 2.87784640562e-09, 2.27121477181e-09, 1.00799413261e-09],
        "dmean2": [7.29718303774e-05, 0.000404514896218, 0.000208442317671, 0.000379218399758, 0.000284206471406, 0.000174941771547, 0.000155190340593, 0.000186615638086, 0.000185678072739, 0.000176517874934, 0.000178148809937, 0.000126498649479, 0.000107960215246, 7.76303131715e-05, 7.18073351891e-05, 6.5863780037e-05, 6.33836534689e-05, 4.92584986205e-05, 3.89742745028e-05, 2.21720183617e-05, 3.72725007765e-05, 2.12587929127e-05, 7.82570987212e-06, 6.97925406712e-06, 6.15574617768e-06, 1.08651347546e-05, 6.01769033892e-06, 3.37131814376e-06, 2.4337632567e-06, 1.60917750236e-06, 5.19099160101e-07, 3.60637301355e-07, 1.74690896415e-07, 2.04443857399e-08, 4.03401845261e-09, 1.291290741e-09, 2.04555639094e-09, 4.57671189835e-09, 3.32022120908e-09, 1.46847978222e-09],
        "dvar": [5.36437116949e-09, 1.88773029208e-07, 3.62397898357e-08, 9.5666564448e-08, 6.48201208264e-08, 2.93871380563e-08, 2.76674931854e-08, 4.85791744609e-08, 6.76922482512e-08, 1.45485358871e-07, 1.82581857189e-07, 9.94575231061e-08, 2.11718411691e-08, 1.5335375636e-08, 3.24202638069e-08, 2.26666010406e-08, 1.96501144245e-08, 1.64840621153e-08, 7.83895259815e-09, 2.3578010655e-09, 1.01582848799e-08, 2.95113378179e-09, 1.14278135566e-10, 6.50797082891e-10, 9.2390033124e-11, 1.85022208665e-09, 1.54154744525e-10, 5.36313389532e-11, 3.34960358062e-11, 3.96097807331e-11, 1.51088766064e-12, 8.52094653517e-13, 1.72405045427e-13, 1.62347829797e-15, 2.31852769998e-16, 8.01625611991e-18, 7.16361703877e-17, 2.12426122292e-16, 3.85784252791e-16, 6.36363081603e-17],
        "dvar2": [1.11731353059e-08, 4.09244449884e-07, 9.08848321046e-08, 2.25785115049e-07, 1.50578074454e-07, 6.69993269753e-08, 5.4356849688e-08, 1.05381630533e-07, 1.58581087817e-07, 3.8726093976e-07, 4.21775268933e-07, 1.67807115758e-07, 4.41567742371e-08, 2.87089392259e-08, 6.79394034364e-08, 3.70083022005e-08, 2.76088609752e-08, 2.23728253701e-08, 1.37255202759e-08, 4.54624293766e-09, 1.86587740814e-08, 5.67355051828e-09, 2.05880798521e-10, 1.24415788783e-09, 1.7829074328e-10, 3.39281713835e-09, 3.57225304892e-10, 1.13064169138e-10, 6.26125470915e-11, 7.08677144745e-11, 2.83860760418e-12, 1.66120817189e-12, 3.80833792236e-13, 3.88908232062e-15, 5.22082256628e-16, 1.76046566751e-17, 1.48528219918e-16, 4.87658890591e-16, 6.31432621932e-16, 1.39669830241e-16],
        "max": [0.00119038438424, 0.00763649912551, 0.00329494010657, 0.00500009674579, 0.00372305396013, 0.00297903828323, 0.00312443077564, 0.00520069617778, 0.0040802010335, 0.00899786408991, 0.0116139063612, 0.00988485757262, 0.00312791019678, 0.00264414167032, 0.00682696793228, 0.00388959422708, 0.00433914829046, 0.00384382321499, 0.00208339607343, 0.0014355838066, 0.00217746337876, 0.00151576974895, 0.000226739561185, 0.000956250994932, 0.000199760514079, 0.00171998457517, 0.000251985155046, 0.000190836857655, 0.00013289960043, 0.000260116183199, 3.10591385642e-05, 2.0387396944e-05, 7.22230424799e-06, 1.02991123185e-06, 3.53748760062e-07, 6.94072355145e-08, 1.99746182261e-07, 2.73257455774e-07, 7.64024321143e-07, 2.1840632769e-07],
        "mean": [8.55035686982e-05, 0.000392806221498, 0.000223620445468, 0.000412545923609, 0.000355714815669, 0.000202826820896, 0.000205598975299, 0.000242012931267, 0.000220543370233, 0.000226167452638, 0.000253789796261, 0.000205474469112, 0.00014239315351, 0.000105364430055, 8.93457181519e-05, 9.73521528067e-05, 9.71238332568e-05, 6.86171333655e-05, 4.54990840808e-05, 2.69202137133e-05, 4.16336915805e-05, 2.61233326455e-05, 9.44118528423e-06, 6.7301693889e-06, 7.00390637576e-06, 1.4602193005e-05, 6.90074693921e-06, 3.48038793163e-06, 2.37518133872e-06, 2.03619629247e-06, 5.19276227351e-07, 3.53045720658e-07, 1.52191361735e-07, 1.81122175036e-08, 3.15912207505e-09, 1.18524023929e-09, 1.95263649694e-09, 3.81942788508e-09, 3.47781003995e-09, 1.32346911208e-09],
        "median": [3.35086770065e-05, 0.000171903491719, 0.000130610278575, 0.000253913342021, 0.000216556742089, 0.000111237764941, 0.000109927539597, 0.000107293642941, 6.22727238806e-05, 2.91664819088e-05, 4.05163409596e-05, 3.69116387446e-05, 4.38284405391e-05, 2.55863997154e-05, 2.29663892242e-05, 1.09997581603e-05, 1.5246424482e-05, 1.21207795019e-05, 8.88399335963e-06, 6.28489897281e-06, 8.34573620523e-06, 6.06904495726e-06, 3.04128388962e-06, 2.27933605856e-06, 2.13550310946e-06, 2.26956672122e-06, 1.45833712395e-06, 1.07905407276e-06, 5.81526762744e-07, 2.9130836765e-07, 1.15572767356e-07, 5.73196246023e-08, 1.20024692407e-08, 2.57944199333e-09, 4.52878290425e-10, 3.62357754913e-10, 4.62444582627e-10, 7.66880614567e-10, 5.09590925013e-10, 3.05076269802e-10],
        "min": [2.25050356895e-23, 1.78858354155e-23, 1.04433145834e-23, 4.25802149191e-24, 4.5441642192e-24, 3.19325904888e-24, 9.56305625368e-24, 7.1981246239e-24, 1.06468541076e-23, 9.00302733099e-24, 1.07919208949e-23, 1.02611295239e-23, 1.25302232312e-23, 1.00457413089e-23, 1.60421002415e-23, 1.05801101641e-23, 1.58607868733e-23, 1.39684562898e-23, 1.44709654196e-23, 8.75681043183e-24, 1.30831287399e-23, 8.44133627837e-24, 9.09194142134e-24, 1.22951955351e-23, 5.52277220453e-24, 1.12741988979e-23, 1.41302958377e-23, 8.41442665517e-24, 8.15581832891e-24, 1.24049465974e-23, 1.65393271586e-23, 1.04742560747e-23, 1.19353432226e-23, 1.4823819747e-23, 1.3056694011e-23, 8.18913350266e-24, 8.70502802429e-24, 1.02624824204e-23, 9.78015235252e-24, 8.56113348429e-24],
        "stdev": [0.000142791934195, 0.000643069215585, 0.00026837727637, 0.000467380421469, 0.00042007380398, 0.000271490425803, 0.000285972520942, 0.000371777336113, 0.000427235790994, 0.000602770072874, 0.000747704470996, 0.000714445952326, 0.000257946609054, 0.000208257406484, 0.000236300897086, 0.000304324872559, 0.000266960734734, 0.000229355049669, 0.000142202698044, 7.49007231207e-05, 0.000145129131852, 8.15293024061e-05, 1.85418957699e-05, 2.94793499052e-05, 1.50639243657e-05, 6.78646465531e-05, 1.82202838914e-05, 8.83059146872e-06, 7.51093330109e-06, 1.09193224489e-05, 1.64878667874e-06, 1.21537493669e-06, 5.24229335497e-07, 5.09588033992e-08, 1.7916896411e-08, 3.46075301749e-09, 1.001500749e-08, 1.6528225899e-08, 2.9139140878e-08, 9.34113053574e-09],
