{
"lowlevel": {
    "average_loudness": 0.981497049332,
    "barkbands_crest": {
        "dmean": 1.76982486248,
        "dmean2": 3.10718154907,
        "dvar": 2.33043456078,
        "dvar2": 7.5749540329,
        "max": 17.8246135712,
        "mean": 8.11192798615,
        "median": 7.70897483826,
        "min": 2.84047579765,
        "stdev": 2.66369485855,
        "var": 7.09526968002
    },
    "barkbands_flatness_db": {
        "dmean": 0.0103563852608,
        "dmean2": 0.017970200628,
        "dvar": 7.03801997588e-05,
        "dvar2": 0.000211312159081,
        "max": 0.192786082625,
        "mean": 0.1297673136,
        "median": 0.129455506802,
        "min": 0.0385634042323,
        "stdev": 0.0178857501596,
        "var": 0.000319900078466
    },
    "barkbands_kurtosis": {
        "dmean": 0.805003046989,
        "dmean2": 1.35241854191,
        "dvar": 0.550592243671,
        "dvar2": 1.53473615646,
        "max": 7.34114170074,
        "mean": 0.543228328228,
        "median": 0.268112659454,
        "min": -1.45987153053,
        "stdev": 1.2478004694,
        "var": 1.55700600147
    },
    "barkbands_skewness": {
        "dmean": 0.282238215208,
        "dmean2": 0.473862409592,
        "dvar": 0.0514348037541,
        "dvar2": 0.146318152547,
        "max": 2.76471924782,
        "mean": 1.04912793636,
        "median": 1.02981770039,
        "min": -1.96979379654,
        "stdev": 0.434886693954,
        "var": 0.189126446843
    },
    "barkbands_spread": {
        "dmean": 3.01170301437,
        "dmean2": 4.98869371414,
        "dvar": 5.42100477219,
        "dvar2": 14.5345716476,
        "max": 38.3053894043,
        "mean": 22.9663467407,
        "median": 22.8752288818,
        "min": 10.6104688644,
        "stdev": 4.55916690826,
        "var": 20.7860050201
    },
    "dissonance": {
        "dmean": 0.0155515978113,
        "dmean2": 0.0263635534793,
        "dvar": 0.000174046115717,
        "dvar2": 0.000476751389215,
        "max": 0.500000119209,
        "mean": 0.467159479856,
        "median": 0.468524247408,
        "min": 0.390391379595,
        "stdev": 0.017546325922,
        "var": 0.000307873560814
    },
    "dynamic_complexity": 0.648755669594,
    "erbbands_crest": {
        "dmean": 2.31776499748,
        "dmean2": 3.83701658249,
        "dvar": 4.4768447876,
        "dvar2": 10.7511806488,
        "max": 25.4339065552,
        "mean": 8.05384540558,
        "median": 7.23420333862,
        "min": 3.25812363625,
        "stdev": 3.28815245628,
        "var": 10.8119459152
    },
    "erbbands_flatness_db": {
        "dmean": 0.0100785344839,
        "dmean2": 0.0164088774472,
        "dvar": 6.50302245049e-05,
        "dvar2": 0.000158655035193,
        "max": 0.249177992344,
        "mean": 0.175676956773,
        "median": 0.174298942089,
        "min": 0.0957554280758,
        "stdev": 0.0170904509723,
        "var": 0.000292083510431
    },
    "erbbands_kurtosis": {
        "dmean": 0.460588097572,
        "dmean2": 0.745097160339,
        "dvar": 0.219733953476,
        "dvar2": 0.538238584995,
        "max": 6.50646114349,
        "mean": -0.196365877986,
        "median": -0.357960820198,
        "min": -1.40402114391,
        "stdev": 0.722230911255,
        "var": 0.521617472172
    },
    "erbbands_skewness": {
        "dmean": 0.282276362181,
        "dmean2": 0.451952546835,
        "dvar": 0.0504879131913,
        "dvar2": 0.123751334846,
        "max": 1.67655992508,
        "mean": 0.0142073500901,
        "median": 0.0101945688948,
        "min": -1.20968234539,
        "stdev": 0.389247685671,
        "var": 0.151513770223
    },
    "erbbands_spread": {
        "dmean": 4.24642419815,
        "dmean2": 6.78253173828,
        "dvar": 11.3122987747,
        "dvar2": 28.7798137665,
        "max": 49.9948043823,
        "mean": 28.9904766083,
        "median": 28.9711914062,
        "min": 8.8143157959,
        "stdev": 6.05447101593,
        "var": 36.6566200256
    },
    "hfc": {
        "dmean": 5.31373357773,
        "dmean2": 8.76976490021,
        "dvar": 19.5680408478,
        "dvar2": 50.5679512024,
        "max": 68.8500518799,
        "mean": 31.9412879944,
        "median": 31.2712097168,
        "min": 1.15130941652e-16,
        "stdev": 8.01950454712,
        "var": 64.3124542236
    },
    "loudness_ebu128": {
        "integrated": -13.4304428101,
        "loudness_range": 0.725527763367,
        "momentary": {
            "dmean": 0.179847553372,
            "dmean2": 0.195248067379,
            "dvar": 0.0211870130152,
            "dvar2": 0.0234204605222,
            "max": -12.229095459,
            "mean": -13.4581670761,
            "median": -13.4259786606,
            "min": -15.749250412,
            "stdev": 0.49526488781,
            "var": 0.245287314057
        },
        "short_term": {
            "dmean": 0.0233943238854,
            "dmean2": 0.0251074340194,
            "dvar": 0.000354131276254,
            "dvar2": 0.000371941510821,
            "max": -12.8757228851,
            "mean": -13.402387619,
            "median": -13.3653430939,
            "min": -14.2672157288,
            "stdev": 0.257920771837,
            "var": 0.0665231198072
        }
    },
    "melbands_crest": {
        "dmean": 2.75899577141,
        "dmean2": 4.99528646469,
        "dvar": 5.33933353424,
        "dvar2": 17.5259933472,
        "max": 28.8066539764,
        "mean": 13.3788499832,
        "median": 12.8706960678,
        "min": 1.95798742771,
        "stdev": 4.07814788818,
        "var": 16.6312885284
    },
    "melbands_flatness_db": {
        "dmean": 0.0138491299003,
        "dmean2": 0.0244795288891,
        "dvar": 0.000123121062643,
        "dvar2": 0.00038634572411,
        "max": 0.286290943623,
        "mean": 0.198244780302,
        "median": 0.197448968887,
        "min": 0.00614051474258,
        "stdev": 0.0237705074251,
        "var": 0.000565037014894
    },
    "melbands_kurtosis": {
        "dmean": 1.92859268188,
        "dmean2": 3.22788095474,
        "dvar": 3.39758372307,
        "dvar2": 9.41585636139,
        "max": 23.1207332611,
        "mean": 4.28690290451,
        "median": 3.74895167351,
        "min": -1.33879387379,
        "stdev": 2.97804093361,
        "var": 8.86872768402
    },
    "melbands_skewness": {
        "dmean": 0.36928665638,
        "dmean2": 0.614159107208,
        "dvar": 0.0966003909707,
        "dvar2": 0.267721772194,
        "max": 4.42324447632,
        "mean": 1.89307200909,
        "median": 1.86376214027,
        "min": 0.00364196626469,
        "stdev": 0.556064784527,
        "var": 0.309208035469
    },
    "melbands_spread": {
        "dmean": 4.2988152504,
        "dmean2": 7.20913028717,
        "dvar": 14.5491962433,
        "dvar2": 36.087562561,
        "max": 147.259155273,
        "mean": 24.5954589844,
        "median": 23.9971046448,
        "min": 9.05790042877,
        "stdev": 7.66148805618,
        "var": 58.6983985901
    },
    "pitch_salience": {
        "dmean": 0.0508611910045,
        "dmean2": 0.0873249098659,
        "dvar": 0.00159133877605,
        "dvar2": 0.0046188919805,
        "max": 0.920880079269,
        "mean": 0.542276024818,
        "median": 0.5441801548,
        "min": 0.298067927361,
        "stdev": 0.0670508220792,
        "var": 0.00449581304565
    },
    "silence_rate_20dB": {
        "dmean": 0,
        "dmean2": 0,
        "dvar": 0,
        "dvar2": 0,
        "max": 1,
        "mean": 1,
        "median": 1,
        "min": 1,
        "stdev": 0,
        "var": 0
    },
    "silence_rate_30dB": {
        "dmean": 0.0010303966701,
        "dmean2": 0.00206185574643,
        "dvar": 0.00102933659218,
        "dvar2": 0.00205761031248,
        "max": 1,
        "mean": 0.998970150948,
        "median": 1,
        "min": 0,
        "stdev": 0.0320750251412,
        "var": 0.00102880725171
    },
    "silence_rate_60dB": {
        "dmean": 0.000515198335052,
        "dmean2": 0.00103092787322,
        "dvar": 0.000514905899763,
        "dvar2": 0.00102987512946,
        "max": 1,
        "mean": 0.00154479919001,
        "median": 0,
        "min": 0,
        "stdev": 0.0392735339701,
        "var": 0.00154241058044
    },
    "spectral_centroid": {
        "dmean": 155.327636719,
        "dmean2": 257.589324951,
        "dvar": 56009.6171875,
        "dvar2": 111236.429688,
        "max": 11545.4003906,
        "mean": 1325.51782227,
        "median": 1309.68334961,
        "min": 686.484069824,
        "stdev": 400.065002441,
        "var": 160052
    },
    "spectral_complexity": {
        "dmean": 2.73055124283,
        "dmean2": 4.71546411514,
        "dvar": 4.87484312057,
        "dvar2": 12.6612977982,
        "max": 40,
        "mean": 28.4933052063,
        "median": 28,
        "min": 0,
        "stdev": 3.27108359337,
        "var": 10.6999874115
    },
    "spectral_decrease": {
        "dmean": 2.59231058841e-09,
        "dmean2": 4.57788384978e-09,
        "dvar": 4.42869191238e-18,
        "dvar2": 1.39478152641e-17,
        "max": -1.0933030335e-29,
        "mean": -1.41087728167e-08,
        "median": -1.38799496341e-08,
        "min": -2.91756556692e-08,
        "stdev": 3.31972938028e-09,
        "var": 1.10206025745e-17
    },
    "spectral_energy": {
        "dmean": 0.0100606419146,
        "dmean2": 0.0177144948393,
        "dvar": 6.62948441459e-05,
        "dvar2": 0.000207114731893,
        "max": 0.114348523319,
        "mean": 0.0561469756067,
        "median": 0.0553795322776,
        "min": 1.05703334449e-20,
        "stdev": 0.0128419790417,
        "var": 0.000164916433278
    },
    "spectral_energyband_high": {
        "dmean": 0.000106015329948,
        "dmean2": 0.000181062961929,
        "dvar": 8.98881857836e-09,
        "dvar2": 2.60288928189e-08,
        "max": 0.00121378886979,
        "mean": 0.000432171131251,
        "median": 0.000406868784921,
        "min": 7.34214155093e-21,
        "stdev": 0.000154669352924,
        "var": 2.3922609671e-08
    },
    "spectral_energyband_low": {
        "dmean": 0.00769287487492,
        "dmean2": 0.0142808007076,
        "dvar": 4.50117295259e-05,
        "dvar2": 0.000148178893141,
        "max": 0.0669356510043,
        "mean": 0.02451187931,
        "median": 0.0229850932956,
        "min": 7.29898979919e-23,
        "stdev": 0.0103848455474,
        "var": 0.000107845015009
    },
    "spectral_energyband_middle_high": {
        "dmean": 0.00306890136562,
        "dmean2": 0.00499106012285,
        "dvar": 7.55295786803e-06,
        "dvar2": 1.82396543096e-05,
        "max": 0.0418420620263,
        "mean": 0.0121459411457,
        "median": 0.0112886782736,
        "min": 1.28017761338e-21,
        "stdev": 0.00491942372173,
        "var": 2.42007299676e-05
    },
    "spectral_energyband_middle_low": {
        "dmean": 0.00465176859871,
        "dmean2": 0.00729098776355,
        "dvar": 1.83982847375e-05,
        "dvar2": 4.40711264673e-05,
        "max": 0.0632828474045,
        "mean": 0.0209192279726,
        "median": 0.0198310371488,
        "min": 3.8494372496e-22,
        "stdev": 0.0080687571317,
        "var": 6.51048394502e-05
    },
    "spectral_entropy": {
        "dmean": 0.0680647939444,
        "dmean2": 0.109884604812,
        "dvar": 0.00363975740038,
        "dvar2": 0.00783430784941,
        "max": 9.81013679504,
        "mean": 7.4729475975,
        "median": 7.47357320786,
        "min": 7.09049510956,
        "stdev": 0.124904260039,
        "var": 0.0156010733917
    },
    "spectral_flux": {
        "dmean": 0.0155573273078,
        "dmean2": 0.0260900575668,
        "dvar": 0.000195366403204,
        "dvar2": 0.000525909126736,
        "max": 0.212077051401,
        "mean": 0.103168159723,
        "median": 0.101350322366,
        "min": 6.69139327281e-11,
        "stdev": 0.0181046538055,
        "var": 0.000327778485371
    },
    "spectral_kurtosis": {
        "dmean": 1.83845293522,
        "dmean2": 3.2735748291,
        "dvar": 2.31168484688,
        "dvar2": 7.10742664337,
        "max": 18.1467895508,
        "mean": 4.60769939423,
        "median": 4.33293151855,
        "min": -1.2429356575,
        "stdev": 1.76742601395,
        "var": 3.12379455566
    },
    "spectral_rms": {
        "dmean": 0.000666432606522,
        "dmean2": 0.00116941123269,
        "dvar": 2.9027884807e-07,
        "dvar2": 8.69098357725e-07,
        "max": 0.0105621749535,
        "mean": 0.0073477732949,
        "median": 0.00735042942688,
        "min": 3.21131142511e-12,
        "stdev": 0.000887507223524,
        "var": 7.87669080182e-07
    },
    "spectral_rolloff": {
        "dmean": 294.631195068,
        "dmean2": 521.88092041,
        "dvar": 199612.96875,
        "dvar2": 420443,
        "max": 18949.21875,
        "mean": 1202.41760254,
        "median": 1184.32617188,
        "min": 258.3984375,
        "stdev": 695.130065918,
        "var": 483205.84375
    },
    "spectral_skewness": {
        "dmean": 0.201838299632,
        "dmean2": 0.356201499701,
        "dvar": 0.0267684683204,
        "dvar2": 0.0766172856092,
        "max": 3.61605906487,
        "mean": 1.43763005733,
        "median": 1.43078374863,
        "min": -0.0385229289532,
        "stdev": 0.218451440334,
        "var": 0.0477210320532
    },
    "spectral_spread": {
        "dmean": 185149.625,
        "dmean2": 307254.0625,
        "dvar": 429711360000,
        "dvar2": 520807841792,
        "max": 42214480,
        "mean": 3138703,
        "median": 3105049,
        "min": 2252866,
        "stdev": 1401912.75,
        "var": 1.96535949722e+12
    },
    "spectral_strongpeak": {
        "dmean": 0.481368273497,
        "dmean2": 0.864626407623,
        "dvar": 0.877546548843,
        "dvar2": 2.13558411598,
        "max": 10.0809993744,
        "mean": 0.6889950037,
        "median": 0.2615686059,
        "min": 0,
        "stdev": 1.14125406742,
        "var": 1.30246078968
    },
    "zerocrossingrate": {
        "dmean": 0.00413617724553,
        "dmean2": 0.00585056561977,
        "dvar": 0.000107506566565,
        "dvar2": 0.000229181663599,
        "max": 0.4970703125,
        "mean": 0.0443830564618,
        "median": 0.0439453125,
        "min": 0.0068359375,
        "stdev": 0.0167424660176,
        "var": 0.000280310137896
    },
    "barkbands": {
        "dmean": [0.0018309475854, 0.00588844483718, 0.00204896135256, 0.00112668145448, 0.00165570550598, 0.0017090504989, 0.00163919955958, 0.00141267024446, 0.00111722794827, 0.00114443956409, 0.000899178965483, 0.000836148275994, 0.000993432244286, 0.000675908580888, 0.00126927462406, 0.000471422827104, 0.00059536594199, 0.000219994588406, 0.000247046002187, 0.000142234115629, 6.39893114567e-05, 2.60059750872e-05, 1.31867809614e-05, 6.22050993115e-06, 1.92862216863e-06, 4.4339472538e-07, 3.97299935173e-08],
        "dmean2": [0.00353538244963, 0.0109183508903, 0.00359247741289, 0.00195817672648, 0.00279866484925, 0.00269223633222, 0.00235366937704, 0.00210140668787, 0.00177417951636, 0.00177687441465, 0.00148094387259, 0.00129690754693, 0.00160284806043, 0.00113962125033, 0.00214949483052, 0.000778811227065, 0.00103027257137, 0.000373206654331, 0.000422508252086, 0.000240581226535, 0.000110545959615, 4.55562621937e-05, 2.26567026402e-05, 1.053590222e-05, 3.33230332217e-06, 7.54749748921e-07, 6.83224214981e-08],
        "dvar": [1.59522915055e-06, 3.027072853e-05, 3.93424352296e-06, 1.32600678171e-06, 3.79626681024e-06, 5.11007101522e-06, 4.2001215661e-06, 2.9200384688e-06, 3.93201207771e-06, 2.4810137802e-06, 1.5315993096e-06, 1.44409193581e-06, 1.85424005394e-06, 9.42317228692e-07, 1.43834142818e-06, 2.7207508424e-07, 5.26417125002e-07, 6.59280701143e-08, 5.71676821437e-08, 1.98707237331e-08, 3.7542426945e-09, 5.92866311599e-10, 1.79877460149e-10, 4.75849186443e-11, 7.7832826989e-12, 6.40613592989e-13, 2.88999658318e-15],
        "dvar2": [5.59975433134e-06, 0.000101459947473, 1.0420554645e-05, 3.82497773899e-06, 9.56052463152e-06, 1.23077516037e-05, 8.27808798931e-06, 5.97463758822e-06, 8.24690050649e-06, 4.97852579429e-06, 3.37550977747e-06, 3.12690417559e-06, 4.29686679126e-06, 2.21613754547e-06, 3.89290562453e-06, 6.90205354203e-07, 1.53665575908e-06, 1.72990695546e-07, 1.59386573273e-07, 5.69954501373e-08, 1.08341131622e-08, 1.74875436354e-09, 5.19840170909e-10, 1.27172689046e-10, 2.42469481992e-11, 1.8995640564e-12, 8.36708886177e-15],
        "max": [0.0128834014758, 0.0521781556308, 0.0214149486274, 0.0164186581969, 0.0422740764916, 0.0413192734122, 0.0450362041593, 0.0387855172157, 0.0397438704967, 0.0278555881232, 0.0262757726014, 0.0238787923008, 0.0349958948791, 0.0195221100003, 0.0117934737355, 0.00843841768801, 0.0075996411033, 0.00292140268721, 0.00240629306063, 0.00146142323501, 0.000710745342076, 0.000283304369077, 0.000152608045028, 9.99523981591e-05, 5.50067343283e-05, 1.84837699635e-05, 9.12871200853e-07],
        "mean": [0.00259871268645, 0.0159294828773, 0.00452900351956, 0.0030878209509, 0.00364451739006, 0.00436393776909, 0.00380369299091, 0.00297254300676, 0.00219032471068, 0.00209700735286, 0.00146000029054, 0.00134328030981, 0.00159490155056, 0.00109306990635, 0.00201882841066, 0.00086800113786, 0.000987328123301, 0.000439779396402, 0.000516966916621, 0.000305850728182, 0.000157951842993, 7.3920658906e-05, 4.05008649977e-05, 2.1164507416e-05, 6.75822229823e-06, 1.57639135523e-06, 6.04571042118e-08],
        "median": [0.00234717596322, 0.0141583830118, 0.00379648571834, 0.00253417761996, 0.00258304690942, 0.00303331715986, 0.00282552838326, 0.00201684003696, 0.00115020386875, 0.00131873786449, 0.000977330608293, 0.000764230266213, 0.0010407945374, 0.000721245771274, 0.00156704359688, 0.000670800625812, 0.000756891793571, 0.000321626139339, 0.000446702120826, 0.000265719310846, 0.0001414961298, 6.91674649715e-05, 3.69475892512e-05, 1.77323909156e-05, 4.20682772528e-06, 8.97901486496e-07, 3.81448543862e-08],
        "min": [2.42899628608e-23, 3.00293913742e-23, 1.67500445282e-23, 7.37947743512e-24, 1.96104273492e-23, 8.40852897327e-23, 8.02572001951e-23, 4.67983622532e-23, 7.83743469866e-23, 1.82999369036e-23, 4.99692770142e-23, 3.00357874584e-23, 4.65120120555e-23, 1.52225517004e-22, 5.88009219469e-23, 9.39856455545e-23, 1.88272598109e-22, 1.23647724359e-22, 2.06363488451e-22, 2.84615839676e-22, 2.5584122308e-22, 4.66622862714e-22, 6.68337751623e-22, 9.39221479314e-22, 1.14526851464e-21, 1.52549563393e-21, 2.23557293744e-21],
        "stdev": [0.00180429057218, 0.00888319034129, 0.00313186622225, 0.00229665241204, 0.00363863399252, 0.00417598290369, 0.00367879401892, 0.0030913266819, 0.00335822952911, 0.00268564885482, 0.00188001734205, 0.00185901962686, 0.00209515728056, 0.00146744842641, 0.00154053105507, 0.000740363146178, 0.000837234256323, 0.000354510353645, 0.000311014533509, 0.000176902249223, 7.80716363806e-05, 3.36570301442e-05, 2.23232491408e-05, 1.35781829158e-05, 6.9195452852e-06, 2.01529701371e-06, 7.77681137265e-08],
        "var": [3.25546466229e-06, 7.89110781625e-05, 9.80858658295e-06, 5.2746122492e-06, 1.32396571644e-05, 1.74388314917e-05, 1.35335258165e-05, 9.55630002863e-06, 1.12777051982e-05, 7.21270998838e-06, 3.53446512236e-06, 3.45595390172e-06, 4.38968390881e-06, 2.15340492105e-06, 2.37323592955e-06, 5.48137620626e-07, 7.00961152234e-07, 1.25677587448e-07, 9.67300479715e-08, 3.12944052894e-08, 6.09517991634e-09, 1.13279574609e-09, 4.98327434872e-10, 1.84367049405e-10, 4.78801061299e-11, 4.06142177181e-12, 6.04787919438e-15]
    },
    "erbbands": {
        "dmean": [0.286610603333, 1.09497773647, 2.25277447701, 2.85651731491, 5.06694126129, 5.90769958496, 7.15972900391, 16.8471698761, 20.9312286377, 36.050983429, 23.4686450958, 30.1175003052, 27.7827949524, 30.6880512238, 37.0033531189, 41.9822044373, 47.7210693359, 37.6462059021, 52.9768676758, 56.9010314941, 22.0720539093, 22.69597435, 15.2618780136, 12.5509119034, 10.1265649796, 8.29464149475, 3.28572368622, 1.79928088188, 0.926491260529, 0.611535608768, 0.3868483603, 0.176125138998, 0.079098790884, 0.0333754234016, 0.00948055461049, 0.00335980462842, 0.000716263602953, 9.35248099267e-05, 5.64111496715e-06, 1.11683957584e-05],
        "dmean2": [0.540691673756, 1.97650134563, 3.93436932564, 5.05513286591, 8.62268447876, 9.90427970886, 11.4632863998, 26.7102794647, 30.9971561432, 52.3877296448, 34.9186897278, 47.5063819885, 42.4624061584, 49.1493377686, 60.508026123, 65.1053161621, 76.7588577271, 63.2845344543, 91.3021774292, 95.9902877808, 37.1469192505, 39.2272071838, 25.9644432068, 21.3380680084, 17.4491539001, 14.0034503937, 5.67450857162, 3.12049627304, 1.60992610455, 1.05497837067, 0.667862355709, 0.300133526325, 0.134137347341, 0.0576222874224, 0.0159331187606, 0.0057267989032, 0.00123356387485, 0.000158859242219, 9.82025267149e-06, 1.95956854441e-05],
        "dvar": [0.0569945946336, 1.15246391296, 4.49371051788, 6.54982328415, 42.5802116394, 56.6975212097, 86.6076583862, 592.813293457, 637.635986328, 2589.03857422, 982.08215332, 2997.80126953, 1969.72827148, 1977.06347656, 3039.01733398, 3720.35180664, 4476.36962891, 2702.21923828, 4418.03564453, 4446.65576172, 538.701477051, 794.729675293, 250.378707886, 154.626617432, 124.119369507, 71.0319747925, 9.99784088135, 3.05506110191, 0.746676802635, 0.386250644922, 0.172591090202, 0.0395103134215, 0.010066550225, 0.00231037498452, 0.000211100283195, 3.37311248586e-05, 1.44000046021e-06, 1.95205398512e-08, 2.3351922826e-11, 8.11731237782e-11],
        "dvar2": [0.184753522277, 3.8551697731, 12.0063781738, 19.1509971619, 131.509506226, 128.427597046, 193.425323486, 1422.89111328, 1388.07458496, 4955.47167969, 2185.22631836, 6172.23486328, 3718.07080078, 4238.03662109, 6560.04003906, 8061.62597656, 10362.7392578, 6337.79492188, 11915.1298828, 11857.6445312, 1465.74572754, 2365.88232422, 692.996582031, 435.753417969, 353.026733398, 203.293716431, 28.5434532166, 8.81956863403, 2.1626086235, 1.11448776722, 0.508591771126, 0.110482364893, 0.0279483385384, 0.00694334227592, 0.000630197348073, 9.94606234599e-05, 4.15808744947e-06, 5.52196901538e-08, 6.69423960709e-11, 2.50711784666e-10],
        "max": [2.53218173981, 11.4161472321, 23.0094451904, 38.75831604, 85.8355712891, 172.751205444, 144.514053345, 478.200927734, 344.302825928, 1045.85986328, 628.719909668, 1138.50622559, 817.519287109, 1013.97973633, 1323.69299316, 1215.55480957, 1726.71520996, 1040.39746094, 634.916259766, 664.726745605, 256.498046875, 326.412658691, 164.646957397, 138.613540649, 144.316543579, 86.9429168701, 39.9160232544, 19.1287441254, 9.92053508759, 8.09683418274, 5.88090467453, 2.77483987808, 1.66731548309, 0.864361464977, 0.335282415152, 0.133319064975, 0.0224051307887, 0.00338828098029, 0.000113552450784, 0.000128609957756],
        "mean": [0.709446072578, 2.54240632057, 5.33322572708, 8.52680492401, 11.0587644577, 11.7567110062, 16.0292816162, 41.4653663635, 54.0509223938, 70.1410217285, 56.7861213684, 61.7058105469, 53.3069953918, 57.3771438599, 67.3660736084, 72.6478881836, 79.7162399292, 67.149887085, 84.0812454224, 92.6288070679, 46.3067626953, 41.4232788086, 30.9768238068, 27.6859302521, 21.3265724182, 17.4994029999, 8.35201454163, 4.68566179276, 2.72477054596, 1.91087782383, 1.13996732235, 0.548242092133, 0.25940322876, 0.108877845109, 0.0345727950335, 0.0117770461366, 0.00230463640764, 0.000247767253313, 3.57550088665e-05, 6.5073290898e-05],
        "median": [0.613158881664, 2.13225436211, 4.55031204224, 7.18791770935, 7.98490142822, 7.6825428009, 11.5431632996, 26.5439434052, 39.5087509155, 43.3069114685, 38.862701416, 32.2975158691, 33.7797317505, 36.2587089539, 47.1726303101, 43.3266410828, 52.4594573975, 48.1646690369, 55.5768432617, 66.213432312, 38.2680282593, 32.696105957, 25.7138633728, 23.9507827759, 18.1479797363, 15.1196737289, 7.46481323242, 4.1475982666, 2.5519118309, 1.75983667374, 1.03330302238, 0.472356557846, 0.202732086182, 0.070938386023, 0.0207419823855, 0.00654068496078, 0.00146652502008, 0.00014988501789, 3.45102525898e-05, 6.41743899905e-05],
        "min": [1.2174184146e-21, 2.90493572861e-21, 2.32483489399e-20, 1.389403158e-20, 6.59063778623e-20, 3.74293055637e-20, 2.43739598385e-19, 6.90137050978e-19, 1.04324773657e-18, 8.84378807743e-19, 1.27572147106e-18, 1.94265579566e-18, 7.10131453949e-19, 1.14515928317e-18, 1.99298456606e-18, 9.88167433946e-19, 2.27394287176e-18, 5.65068045464e-18, 3.75151678161e-18, 6.53224943323e-18, 7.34565748859e-18, 1.11346955964e-17, 7.31912567044e-18, 1.10490344265e-17, 9.39079124277e-18, 1.45641673909e-17, 1.14108043489e-17, 1.04437185435e-17, 1.57853225486e-17, 1.82449606437e-17, 1.90805586461e-17, 1.844237226e-17, 1.62523454138e-17, 1.27169481788e-17, 8.08346868058e-18, 4.73002553773e-18, 2.78352934928e-18, 1.19644044865e-18, 2.65234584536e-19, 3.10546252484e-20],
        "stdev": [0.436262786388, 1.66885852814, 3.70076775551, 5.25853919983, 10.1811437607, 14.3760194778, 16.3211231232, 45.2136878967, 47.4722938538, 81.7406234741, 58.7091522217, 92.9235916138, 73.8812179565, 75.8132400513, 86.3262405396, 93.7768859863, 102.628913879, 78.767578125, 83.1048355103, 81.5315628052, 30.419467926, 32.3954772949, 19.7506847382, 16.0881767273, 13.3500785828, 10.3819894791, 4.02019166946, 2.36174893379, 1.18027567863, 0.97593331337, 0.637347042561, 0.330363482237, 0.198629811406, 0.103874817491, 0.0383480452001, 0.0147200971842, 0.00275550899096, 0.000325828208588, 9.83285553957e-06, 1.4218616343e-05],
        "var": [0.19032523036, 2.78508877754, 13.6956825256, 27.6522331238, 103.655685425, 206.669937134, 266.379058838, 2044.27758789, 2253.61865234, 6681.52978516, 3446.76464844, 8634.79394531, 5458.43408203, 5747.64746094, 7452.22021484, 8794.10449219, 10532.6933594, 6204.33154297, 6906.41357422, 6647.39599609, 925.344055176, 1049.46691895, 390.089569092, 258.829406738, 178.224594116, 107.785713196, 16.161939621, 5.57785749435, 1.39305067062, 0.952445805073, 0.406211227179, 0.10914003849, 0.0394538007677, 0.0107899773866, 0.00147057254799, 0.000216681248276, 7.59282966101e-06, 1.06164030456e-07, 9.66850557949e-11, 2.02169045393e-10]
    },
    "gfcc": {
        "mean": [45.4409103394, 138.895874023, -146.250549316, 42.3330917358, -47.7382316589, 13.5144948959, -25.6001987457, 6.89203596115, -9.12076377869, 4.20184612274, -3.68432807922, -4.5819940567, -5.11832857132],
        "cov": [[2632.23999023, 191.83631897, -205.084350586, 63.7139816284, -124.211898804, 32.5697174072, -75.8562393188, 50.9293556213, -32.6748161316, 20.0672264099, -29.6258106232, -10.8320884705, -20.301115036], [191.83631897, 164.594818115, -44.9991416931, 5.26926040649, 12.9996585846, -23.8578739166, 40.8338813782, -28.3105716705, 25.5864105225, -17.7300949097, 21.0051822662, -11.5154781342, 11.731051445], [-205.084350586, -44.9991416931, 117.369773865, -0.254603296518, -13.5720720291, -2.9996380806, -29.0902023315, 8.74273490906, -11.828455925, 11.3130807877, -1.53826498985, 18.0986633301, 8.76501464844], [63.7139816284, 5.26926040649, -0.254603296518, 54.090927124, 14.8872947693, -4.00179433823, -7.82564020157, -12.2717876434, 6.06730699539, -4.66360473633, 6.99359226227, -2.88339519501, 0.196622475982], [-124.211898804, 12.9996585846, -13.5720720291, 14.8872947693, 64.403503418, 9.27359104156, 17.0855350494, -15.7430200577, 6.17136096954, -5.53347730637, -3.07682704926, -2.97981452942, -2.76379704475], [32.5697174072, -23.8578739166, -2.9996380806, -4.00179433823, 9.27359104156, 53.2805976868, 13.1420650482, 5.86164474487, -6.40850257874, -7.444647789, -6.41920661926, -2.35134983063, 5.47256755829], [-75.8562393188, 40.8338813782, -29.0902023315, -7.82564020157, 17.0855350494, 13.1420650482, 81.9955825806, 9.91889667511, 19.577375412, -14.661488533, -0.309284329414, -8.20870018005, -3.86487007141], [50.9293556213, -28.3105716705, 8.74273490906, -12.2717876434, -15.7430200577, 5.86164474487, 9.91889667511, 59.7020111084, 7.15289497375, 1.66075897217, -12.2263755798, -4.2401471138, 0.99650812149], [-32.6748161316, 25.5864105225, -11.828455925, 6.06730699539, 6.17136096954, -6.40850257874, 19.577375412, 7.15289497375, 57.8974227905, 7.56485271454, 9.69689464569, -4.84235095978, -6.35578680038], [20.0672264099, -17.7300949097, 11.3130807877, -4.66360473633, -5.53347730637, -7.444647789, -14.661488533, 1.66075897217, 7.56485271454, 53.6509208679, 15.0750846863, 3.83770036697, -7.09827804565], [-29.6258106232, 21.0051822662, -1.53826498985, 6.99359226227, -3.07682704926, -6.41920661926, -0.309284329414, -12.2263755798, 9.69689464569, 15.0750846863, 56.6088867188, 15.6680011749, 6.00753450394], [-10.8320884705, -11.5154781342, 18.0986633301, -2.88339519501, -2.97981452942, -2.35134983063, -8.20870018005, -4.2401471138, -4.84235095978, 3.83770036697, 15.6680011749, 46.7778701782, 14.1625919342], [-20.301115036, 11.731051445, 8.76501464844, 0.196622475982, -2.76379704475, 5.47256755829, -3.86487007141, 0.99650812149, -6.35578680038, -7.09827804565, 6.00753450394, 14.1625919342, 49.9785423279]],
        "icov": [[0.00188793847337, -0.00595763558522, 0.0039838058874, -0.00517446175218, 0.00487046176568, -0.00566391833127, 0.00454850075766, -0.0048071006313, 0.00280929892324, -0.0035762747284, 0.00383661803789, -0.00423578126356, 0.00341253750958], [-0.00595763558522, 0.0305650383234, -0.0105785569176, 0.0175458732992, -0.0153421275318, 0.0243705362082, -0.0196035187691, 0.0209090728313, -0.012055227533, 0.014608153142, -0.0155897783116, 0.0175890848041, -0.0158265326172], [0.0039838058874, -0.0105785569176, 0.0190910492092, -0.0115958647802, 0.0111003248021, -0.0109696900472, 0.011416580528, -0.0111273434013, 0.00642210897058, -0.00874917767942, 0.00891810655594, -0.0119329690933, 0.00560206221417], [-0.00517446175218, 0.0175458732992, -0.0115958647802, 0.0369315929711, -0.0189507082105, 0.017404248938, -0.00865810830146, 0.0159339271486, -0.0112553006038, 0.0142878182232, -0.0147513113916, 0.015168517828, -0.0102001586929], [0.00487046176568, -0.0153421275318, 0.0111003248021, -0.0189507082105, 0.0329357199371, -0.0180585347116, 0.0071279508993, -0.00634246412665, 0.0057519543916, -0.0103380642831, 0.0134312743321, -0.0121052488685, 0.009262743406], [-0.00566391833127, 0.0243705362082, -0.0109696900472, 0.017404248938, -0.0180585347116, 0.0419809855521, -0.019569946453, 0.0151585517451, -0.00670019350946, 0.0134642869234, -0.0127489864826, 0.0160818789154, -0.0155411921442], [0.00454850075766, -0.0196035187691, 0.011416580528, -0.00865810830146, 0.0071279508993, -0.019569946453, 0.0311517231166, -0.0175074506551, 0.00277054053731, -0.00462861126289, 0.00814895797521, -0.0109463743865, 0.0115932719782], [-0.0048071006313, 0.0209090728313, -0.0111273434013, 0.0159339271486, -0.00634246412665, 0.0151585517451, -0.0175074506551, 0.0366275832057, -0.0125194480643, 0.00877894181758, -0.00601546978578, 0.0137348836288, -0.0125806936994], [0.00280929892324, -0.012055227533, 0.00642210897058, -0.0112553006038, 0.0057519543916, -0.00670019350946, 0.00277054053731, -0.0125194480643, 0.0270382016897, -0.00981439836323, 0.00317040691152, -0.00591727206483, 0.00774462101981], [-0.0035762747284, 0.014608153142, -0.00874917767942, 0.0142878182232, -0.0103380642831, 0.0134642869234, -0.00462861126289, 0.00877894181758, -0.00981439836323, 0.0317330211401, -0.0155337350443, 0.0097116259858, -0.00360831967555], [0.00383661803789, -0.0155897783116, 0.00891810655594, -0.0147513113916, 0.0134312743321, -0.0127489864826, 0.00814895797521, -0.00601546978578, 0.00317040691152, -0.0155337350443, 0.0333875082433, -0.0175315756351, 0.00575224775821], [-0.00423578126356, 0.0175890848041, -0.0119329690933, 0.015168517828, -0.0121052488685, 0.0160818789154, -0.0109463743865, 0.0137348836288, -0.00591727206483, 0.0097116259858, -0.0175315756351, 0.0388374663889, -0.0156380906701], [0.00341253750958, -0.0158265326172, 0.00560206221417, -0.0102001586929, 0.009262743406, -0.0155411921442, 0.0115932719782, -0.0125806936994, 0.00774462101981, -0.00360831967555, 0.00575224775821, -0.0156380906701, 0.0317409597337]]
    },
    "melbands": {
        "dmean": [0.0020163715817, 0.00112597283442, 0.000498061534017, 0.000369246146875, 0.000250469718594, 0.000366808439139, 0.000315339129884, 0.0003787765163, 0.000187882251339, 0.000181668932782, 0.000138092887937, 0.000130609420012, 0.000127466060803, 0.00010616464715, 0.000109440341475, 7.62870840845e-05, 8.00676789368e-05, 8.09096818557e-05, 6.51136433589e-05, 6.49288340355e-05, 2.58164236584e-05, 2.33934097196e-05, 2.67448431259e-05, 1.46221545947e-05, 1.08679132609e-05, 1.08187668957e-05, 4.70108398076e-06, 5.72929093323e-06, 2.19065873353e-06, 1.96398650587e-06, 1.34951949349e-06, 5.87212696246e-07, 5.27693316599e-07, 3.81376906944e-07, 3.02623107018e-07, 1.31593395736e-07, 1.06222671548e-07, 7.16600254691e-08, 5.36193027756e-08, 2.85844770076e-08],
        "dmean2": [0.00379730947316, 0.00198039971292, 0.000864274974447, 0.000626715715043, 0.000406680774176, 0.000579110870603, 0.000461724848719, 0.000554930593353, 0.000285619898932, 0.000288322655251, 0.000211498772842, 0.000209924502997, 0.000209500038181, 0.000164469209267, 0.000172060375917, 0.000123506528325, 0.000135071022669, 0.000139789495734, 0.000109636719571, 0.000107670100988, 4.4079759391e-05, 4.04311394959e-05, 4.6608311095e-05, 2.47467978625e-05, 1.85588869499e-05, 1.85083936231e-05, 7.99833378551e-06, 9.72747147898e-06, 3.78386994271e-06, 3.41082659361e-06, 2.34065510085e-06, 1.02459580376e-06, 9.16913847959e-07, 6.57733608023e-07, 5.20816854532e-07, 2.25243340424e-07, 1.81825228651e-07, 1.22702289218e-07, 9.27428800424e-08, 4.99267684972e-08],
        "dvar": [3.10092582367e-06, 1.00689271676e-06, 2.26313048302e-07, 2.20275381935e-07, 9.47243847804e-08, 2.55552663475e-07, 1.40354643463e-07, 2.64548987161e-07, 6.66343211719e-08, 1.08724528047e-07, 4.83956874575e-08, 3.94731074493e-08, 2.9861691786e-08, 1.96530756114e-08, 1.77048793404e-08, 8.55997761562e-09, 1.39834863688e-08, 1.05469775136e-08, 3.76003050917e-09, 4.90363660788e-09, 1.05104791537e-09, 7.92729937249e-10, 1.46256151634e-09, 3.97740729241e-10, 1.38013919737e-10, 1.37832481539e-10, 2.11483209417e-11, 2.99715634255e-11, 4.74690035543e-12, 4.8917037955e-12, 2.24969327021e-12, 3.01287071463e-13, 2.71488533694e-13, 1.60282716461e-13, 1.144458199e-13, 1.92951530404e-14, 1.326229894e-14, 9.00415504689e-15, 4.87438958486e-15, 1.60347286206e-15],
        "dvar2": [1.03876191133e-05, 2.94274127555e-06, 6.71790019169e-07, 5.61233264307e-07, 2.12997562699e-07, 6.1082727143e-07, 2.98079214645e-07, 5.12445808454e-07, 1.50189208625e-07, 2.24978663255e-07, 9.12997322189e-08, 8.43981311505e-08, 6.64485000357e-08, 4.20351220498e-08, 4.13145180289e-08, 1.99276453117e-08, 3.26113251958e-08, 2.83354353314e-08, 1.02366035648e-08, 1.29286750195e-08, 2.93636404081e-09, 2.28603225239e-09, 4.33244728981e-09, 1.01971242561e-09, 3.84515641549e-10, 3.93340526816e-10, 5.92583829229e-11, 8.47384246105e-11, 1.34403425889e-11, 1.37546172368e-11, 6.57823621963e-12, 8.67440288436e-13, 7.96822514654e-13, 4.62315190471e-13, 3.41049020622e-13, 5.74808280943e-14, 3.66518068066e-14, 2.55612690031e-14, 1.4055208176e-14, 4.80713262775e-15],
        "max": [0.0165588445961, 0.012345678173, 0.00689457217231, 0.0117098549381, 0.00441520661116, 0.00955607555807, 0.00506203994155, 0.0095327179879, 0.00469669699669, 0.00638712663203, 0.00405438477173, 0.00452496949583, 0.00355881964788, 0.00268187420443, 0.00330208451487, 0.00215440709144, 0.00236461590976, 0.00100365304388, 0.000576014921535, 0.00081274472177, 0.000398361647967, 0.000295891251881, 0.000484190793941, 0.000226017597015, 0.000125330378069, 0.000149352155859, 5.03334049426e-05, 5.76873135287e-05, 2.65306371148e-05, 2.87604307232e-05, 1.68701881194e-05, 6.09002472629e-06, 5.32917965756e-06, 4.82047744299e-06, 4.75429760627e-06, 1.62346714205e-06, 1.51920892222e-06, 1.62182118402e-06, 1.0282619769e-06, 6.6410115096e-07],
        "mean": [0.00520363263786, 0.00291332253255, 0.00153049186338, 0.000815050618257, 0.000561866036151, 0.000925181026105, 0.000821058347356, 0.000736935297027, 0.00044106511632, 0.000359871017281, 0.000256876664935, 0.00023006934498, 0.000211101971217, 0.00018527766224, 0.00018222478684, 0.000131082037115, 0.000126384358737, 0.000124639031128, 0.000107684412797, 0.000110331013275, 4.63897231384e-05, 4.18125964643e-05, 4.09271742683e-05, 2.61228869931e-05, 2.07660232263e-05, 1.99825426535e-05, 9.86205759546e-06, 1.15762186397e-05, 5.12424185217e-06, 3.80632400265e-06, 2.71992462331e-06, 1.53812152348e-06, 1.28992542159e-06, 9.59628323471e-07, 7.50385538595e-07, 3.74121327695e-07, 2.95395551575e-07, 1.94299033751e-07, 1.35835080073e-07, 7.77837314558e-08],
        "median": [0.00466003548354, 0.00249992706813, 0.00131914904341, 0.000571871409193, 0.000405807048082, 0.000620495411567, 0.000615911907516, 0.000466522062197, 0.000294319877867, 0.000182409450645, 0.000159345800057, 0.0001342149626, 0.000142128614243, 0.000113658585178, 0.00012857458205, 9.43168561207e-05, 8.10970595921e-05, 8.13982478576e-05, 8.57163540786e-05, 8.03887960501e-05, 3.47510867869e-05, 3.24405700667e-05, 2.72716351901e-05, 1.58166549227e-05, 1.6482121282e-05, 1.64074845088e-05, 8.45595968713e-06, 9.98998439172e-06, 4.34428420704e-06, 3.1738600228e-06, 2.22287621909e-06, 1.41788586916e-06, 1.14782142191e-06, 8.60492491483e-07, 6.59361376165e-07, 3.27990392179e-07, 2.53833604802e-07, 1.47473372181e-07, 9.45871008184e-08, 4.76225565649e-08],
        "min": [1.30344370894e-23, 8.50553535656e-24, 4.65614933558e-24, 3.18074653163e-24, 7.07953989718e-24, 1.62236628897e-23, 1.61102436242e-23, 9.2724540957e-24, 1.00969699361e-23, 1.20102589761e-23, 3.2131643761e-24, 4.31476583454e-24, 7.59302444875e-24, 4.21318618793e-24, 1.45048998491e-24, 7.73542094189e-24, 9.9765227088e-24, 6.81702592058e-24, 5.98165811513e-24, 8.03159245786e-24, 9.15984893464e-24, 1.08498635172e-23, 8.27494658079e-24, 7.43719286553e-24, 8.63575657048e-24, 8.64174086931e-24, 5.45236873532e-24, 1.08006748843e-23, 6.75118758943e-24, 5.97191923282e-24, 6.04391896207e-24, 7.68544187037e-24, 9.55996786324e-24, 1.00150901185e-23, 1.13051064682e-23, 1.12446529015e-23, 9.77914734373e-24, 1.037305942e-23, 1.2064586249e-23, 1.04538395656e-23],
        "stdev": [0.00290675857104, 0.00176742626354, 0.000908928981517, 0.000868752307724, 0.000541848712601, 0.000941251812037, 0.000711399305146, 0.000830465869512, 0.000456587731605, 0.000552970217541, 0.000366793392459, 0.000337481935276, 0.000260040920693, 0.000226849952014, 0.000207413599128, 0.000141826370964, 0.000178947273525, 0.000130275846459, 7.60920738685e-05, 9.5121198683e-05, 3.97048534069e-05, 3.38765676133e-05, 4.32037486462e-05, 2.61735585809e-05, 1.52159072968e-05, 1.4273035049e-05, 5.79826291869e-06, 6.87614647177e-06, 2.87057059722e-06, 2.55184022535e-06, 1.93672462956e-06, 7.22829270217e-07, 6.91159357302e-07, 5.68069708606e-07, 4.62070005369e-07, 2.3096077939e-07, 1.82316583164e-07, 1.64054256402e-07, 1.18406290994e-07, 8.30526829532e-08],
        "var": [8.44924579724e-06, 3.1237955227e-06, 8.26151904221e-07, 7.54730535846e-07, 2.93600010082e-07, 8.85954989371e-07, 5.06089008923e-07, 6.89673527177e-07, 2.08472343388e-07, 3.05776069354e-07, 1.34537401664e-07, 1.13894060405e-07, 6.76212792428e-08, 5.14608977653e-08, 4.30204032398e-08, 2.01147205559e-08, 3.20221253958e-08, 1.69717964127e-08, 5.79000403178e-09, 9.04804231538e-09, 1.57647539467e-09, 1.14762188641e-09, 1.86656401446e-09, 6.85055123739e-10, 2.31523827887e-10, 2.03719541236e-10, 3.3619853429e-11, 4.72813906083e-11, 8.24017503537e-12, 6.51188825085e-12, 3.75090236648e-12, 5.22482176881e-13, 4.77701266131e-13, 3.22703208556e-13, 2.13508694774e-13, 5.33428824116e-14, 3.32393346788e-14, 2.69137976608e-14, 1.40200495324e-14, 6.89774800794e-15]
    },
    "melbands128": {
