{
"lowlevel": {
    "average_loudness": 0.766164243221,
    "barkbands_crest": {
        "dmean": 2.79981207848,
        "dmean2": 4.74770879745,
        "dvar": 7.85014247894,
        "dvar2": 22.5540065765,
        "max": 24.9150218964,
        "mean": 11.2412452698,
        "median": 10.2423686981,
        "min": 3.92163419724,
        "stdev": 4.21287679672,
        "var": 17.7483310699
    },
    "barkbands_flatness_db": {
        "dmean": 0.0438357964158,
        "dmean2": 0.0681195780635,
        "dvar": 0.00223630503751,
        "dvar2": 0.00457450095564,
        "max": 0.64152443409,
        "mean": 0.276945322752,
        "median": 0.241274416447,
        "min": 0.0421809703112,
        "stdev": 0.124976061285,
        "var": 0.0156190162525
    },
    "barkbands_kurtosis": {
        "dmean": 8.84877586365,
        "dmean2": 15.5475606918,
        "dvar": 634.985717773,
        "dvar2": 1811.24255371,
        "max": 334.103485107,
        "mean": 11.9509429932,
        "median": 5.10341072083,
        "min": -1.0100992918,
        "stdev": 25.7205162048,
        "var": 661.54498291
    },
    "barkbands_skewness": {
        "dmean": 0.776586592197,
        "dmean2": 1.31379580498,
        "dvar": 1.52029240131,
        "dvar2": 4.16668891907,
        "max": 14.0310239792,
        "mean": 2.04510712624,
        "median": 1.71787714958,
        "min": -1.62775528431,
        "stdev": 1.55376362801,
        "var": 2.41418147087
    },
    "barkbands_spread": {
        "dmean": 2.36771178246,
        "dmean2": 3.77370762825,
        "dvar": 8.60928344727,
        "dvar2": 20.0248222351,
        "max": 36.9151687622,
        "mean": 7.38334703445,
        "median": 6.63511419296,
        "min": 0.191801860929,
        "stdev": 5.04329395294,
        "var": 25.4348125458
    },
    "dissonance": {
        "dmean": 0.032272849232,
        "dmean2": 0.0546136051416,
        "dvar": 0.000940483063459,
        "dvar2": 0.00256188027561,
        "max": 0.499997466803,
        "mean": 0.435029894114,
        "median": 0.444357872009,
        "min": 0.197678133845,
        "stdev": 0.0433667935431,
        "var": 0.00188067869749
    },
    "dynamic_complexity": 4.15852165222,
    "erbbands_crest": {
        "dmean": 2.49545478821,
        "dmean2": 4.1796002388,
        "dvar": 5.16254901886,
        "dvar2": 13.9303684235,
        "max": 22.8571834564,
        "mean": 9.08723163605,
        "median": 8.44735240936,
        "min": 2.77806067467,
        "stdev": 3.25780510902,
        "var": 10.6132936478
    },
    "erbbands_flatness_db": {
        "dmean": 0.0292501691729,
        "dmean2": 0.045150090009,
        "dvar": 0.000818449596409,
        "dvar2": 0.00188658386469,
        "max": 0.429311096668,
        "mean": 0.2257604599,
        "median": 0.211762934923,
        "min": 0.0880115404725,
        "stdev": 0.0759964957833,
        "var": 0.00577546702698
    },
    "erbbands_kurtosis": {
        "dmean": 1.55440950394,
        "dmean2": 2.5692088604,
        "dvar": 6.96412801743,
        "dvar2": 17.7576274872,
        "max": 35.1770858765,
        "mean": 1.59657454491,
        "median": 0.929353713989,
        "min": -1.54717135429,
        "stdev": 3.02204394341,
        "var": 9.1327495575
    },
    "erbbands_skewness": {
        "dmean": 0.434224486351,
        "dmean2": 0.696838796139,
        "dvar": 0.193117871881,
        "dvar2": 0.491189420223,
        "max": 5.16836595535,
        "mean": 0.954536557198,
        "median": 0.892011165619,
        "min": -1.37774825096,
        "stdev": 0.677044391632,
        "var": 0.458389103413
    },
    "erbbands_spread": {
        "dmean": 6.84358549118,
        "dmean2": 11.0432786942,
        "dvar": 75.1445159912,
        "dvar2": 174.983398438,
        "max": 109.134910583,
        "mean": 23.8837108612,
        "median": 21.8087348938,
        "min": 3.26172399521,
        "stdev": 13.6430902481,
        "var": 186.133911133
    },
    "hfc": {
        "dmean": 4.57041835785,
        "dmean2": 7.12350082397,
        "dvar": 61.6604766846,
        "dvar2": 144.973312378,
        "max": 104.323188782,
        "mean": 10.6462059021,
        "median": 6.31295585632,
        "min": 1.17761799517e-16,
        "stdev": 12.3900747299,
        "var": 153.513946533
    },
    "loudness_ebu128": {
        "integrated": -13.5690364838,
        "loudness_range": 12.4919118881,
        "momentary": {
            "dmean": 1.00953245163,
            "dmean2": 1.58105230331,
            "dvar": 2.16774177551,
            "dvar2": 2.92766571045,
            "max": -7.24470901489,
            "mean": -15.369263649,
            "median": -13.2627849579,
            "min": -23.5977230072,
            "stdev": 4.48794460297,
            "var": 20.1416473389
        },
        "short_term": {
            "dmean": 0.0728845968843,
            "dmean2": 0.0637536123395,
            "dvar": 0.0324111618102,
            "dvar2": 0.0416479445994,
            "max": -9.3150434494,
            "mean": -15.0565233231,
            "median": -14.7085361481,
            "min": -23.186662674,
            "stdev": 3.93442678452,
            "var": 15.4797143936
        }
    },
    "melbands_crest": {
        "dmean": 3.60476350784,
        "dmean2": 5.94215297699,
        "dvar": 11.1576805115,
        "dvar2": 24.3704280853,
        "max": 38.2940139771,
        "mean": 17.2780418396,
        "median": 15.4965934753,
        "min": 2.14563441277,
        "stdev": 7.38248109818,
        "var": 54.5010261536
    },
    "melbands_flatness_db": {
        "dmean": 0.0500843599439,
        "dmean2": 0.07713752985,
        "dvar": 0.00292607909068,
        "dvar2": 0.00599950039759,
        "max": 0.775051772594,
        "mean": 0.372823357582,
        "median": 0.328399717808,
        "min": 0.00817965064198,
        "stdev": 0.147735208273,
        "var": 0.0218256898224
    },
    "melbands_kurtosis": {
        "dmean": 15.4704618454,
        "dmean2": 26.8069915771,
        "dvar": 1510.96557617,
        "dvar2": 4100.20654297,
        "max": 833.574951172,
        "mean": 23.9321613312,
        "median": 9.46904754639,
        "min": -1.0574182272,
        "stdev": 52.9989852905,
        "var": 2808.89233398
    },
    "melbands_skewness": {
        "dmean": 0.899609148502,
        "dmean2": 1.4923030138,
        "dvar": 1.56732046604,
        "dvar2": 4.06733846664,
        "max": 23.1880187988,
        "mean": 2.84341549873,
        "median": 2.2973279953,
        "min": -0.0183638259768,
        "stdev": 2.1523873806,
        "var": 4.632771492
    },
    "melbands_spread": {
        "dmean": 2.51146841049,
        "dmean2": 3.9976978302,
        "dvar": 12.4559020996,
        "dvar2": 25.4124679565,
        "max": 121.874504089,
        "mean": 7.62464857101,
        "median": 6.54524993896,
        "min": 0.0981116220355,
        "stdev": 6.0323138237,
        "var": 36.3888092041
    },
    "pitch_salience": {
        "dmean": 0.0858341306448,
        "dmean2": 0.14435261488,
        "dvar": 0.00740349153057,
        "dvar2": 0.020522011444,
        "max": 0.900749027729,
        "mean": 0.547334909439,
        "median": 0.58042216301,
        "min": 0.0764485821128,
        "stdev": 0.155403509736,
        "var": 0.0241502504796
    },
    "silence_rate_20dB": {
        "dmean": 0.0432766601443,
        "dmean2": 0.0865979418159,
        "dvar": 0.0414034724236,
        "dvar2": 0.0997159034014,
        "max": 1,
        "mean": 0.964984536171,
        "median": 1,
        "min": 0,
        "stdev": 0.183817714453,
        "var": 0.0337889529765
    },
    "silence_rate_30dB": {
        "dmean": 0.0525502301753,
        "dmean2": 0.105154640973,
        "dvar": 0.0497889332473,
        "dvar2": 0.0971911326051,
        "max": 1,
        "mean": 0.867662191391,
        "median": 1,
        "min": 0,
        "stdev": 0.338861078024,
        "var": 0.114826835692
    },
    "silence_rate_60dB": {
        "dmean": 0.00257599167526,
        "dmean2": 0.00515463901684,
        "dvar": 0.00256938138045,
        "dvar2": 0.00615910021588,
        "max": 1,
        "mean": 0.00360453152098,
        "median": 0,
        "min": 0,
        "stdev": 0.0599284693599,
        "var": 0.00359142129309
    },
    "spectral_centroid": {
        "dmean": 128.088516235,
        "dmean2": 204.861877441,
        "dvar": 55973.0664062,
        "dvar2": 98713.234375,
        "max": 11060.0820312,
        "mean": 494.850189209,
        "median": 439.753356934,
        "min": 101.464530945,
        "stdev": 389.865203857,
        "var": 151994.875
    },
    "spectral_complexity": {
        "dmean": 2.64348268509,
        "dmean2": 4.13865995407,
        "dvar": 8.13976287842,
        "dvar2": 17.4516353607,
        "max": 39,
        "mean": 11.3017511368,
        "median": 11,
        "min": 0,
        "stdev": 6.40655136108,
        "var": 41.0439033508
    },
    "spectral_decrease": {
        "dmean": 7.81901210445e-09,
        "dmean2": 1.26840866699e-08,
        "dvar": 3.82642157604e-16,
        "dvar2": 9.03264394128e-16,
        "max": -2.73643860311e-29,
        "mean": -1.46001557511e-08,
        "median": -6.07767258742e-09,
        "min": -1.79921698873e-07,
        "stdev": 2.53869760769e-08,
        "var": 6.44498528659e-16
    },
    "spectral_energy": {
        "dmean": 0.0298571810126,
        "dmean2": 0.0484008975327,
        "dvar": 0.00553024094552,
        "dvar2": 0.0130565483123,
        "max": 0.686250388622,
        "mean": 0.0560699515045,
        "median": 0.0236284472048,
        "min": 1.07846224989e-20,
        "stdev": 0.0965770632029,
        "var": 0.00932712852955
    },
    "spectral_energyband_high": {
        "dmean": 9.30572277866e-05,
        "dmean2": 0.000149936255184,
        "dvar": 5.02578920702e-08,
        "dvar2": 1.18850493891e-07,
        "max": 0.00384777551517,
        "mean": 0.000111372726678,
        "median": 2.13970088225e-05,
        "min": 7.49517965778e-21,
        "stdev": 0.000256944651483,
        "var": 6.60205543568e-08
    },
    "spectral_energyband_low": {
        "dmean": 0.0257195178419,
        "dmean2": 0.0425113551319,
        "dvar": 0.00543812755495,
        "dvar2": 0.0134148290381,
        "max": 0.636921286583,
        "mean": 0.0383494608104,
        "median": 0.00632905308157,
        "min": 6.79676371269e-23,
        "stdev": 0.0901767164469,
        "var": 0.00813184026629
    },
    "spectral_energyband_middle_high": {
        "dmean": 0.000932068272959,
        "dmean2": 0.0014521451667,
        "dvar": 3.08573021357e-06,
        "dvar2": 7.47087779018e-06,
        "max": 0.0289773177356,
        "mean": 0.00192419416271,
        "median": 0.000814577215351,
        "min": 1.85720061315e-21,
        "stdev": 0.00289263972081,
        "var": 8.36736489873e-06
    },
    "spectral_energyband_middle_low": {
        "dmean": 0.00584068894386,
        "dmean2": 0.00933435652405,
        "dvar": 6.74252223689e-05,
        "dvar2": 0.000164050026797,
        "max": 0.115050323308,
        "mean": 0.0154498452321,
        "median": 0.00940297078341,
        "min": 3.19757586142e-22,
        "stdev": 0.0162842907012,
        "var": 0.000265178125119
    },
    "spectral_entropy": {
        "dmean": 0.337523519993,
        "dmean2": 0.528083741665,
        "dvar": 0.114281348884,
        "dvar2": 0.255442082882,
        "max": 9.79888343811,
        "mean": 6.63745260239,
        "median": 6.7409362793,
        "min": 4.73835659027,
        "stdev": 0.730638921261,
        "var": 0.5338332057
    },
    "spectral_flux": {
        "dmean": 0.0463252961636,
        "dmean2": 0.0750077292323,
        "dvar": 0.00658540986478,
        "dvar2": 0.0147603740916,
        "max": 0.711835920811,
        "mean": 0.107608579099,
        "median": 0.0757156312466,
        "min": 1.03849040478e-10,
        "stdev": 0.112389758229,
        "var": 0.012631457299
    },
    "spectral_kurtosis": {
        "dmean": 19.0279178619,
        "dmean2": 32.7602386475,
        "dvar": 1206.0111084,
        "dvar2": 3551.75708008,
        "max": 352.91305542,
        "mean": 35.2305030823,
        "median": 11.0743303299,
        "min": -1.28806817532,
        "stdev": 54.6204948425,
        "var": 2983.3984375
    },
    "spectral_rms": {
        "dmean": 0.0014459725935,
        "dmean2": 0.00223214691505,
        "dvar": 6.1912332967e-06,
        "dvar2": 1.25134711197e-05,
        "max": 0.0258749406785,
        "mean": 0.00597156118602,
        "median": 0.00480126496404,
        "min": 3.24369892925e-12,
        "stdev": 0.00436381716281,
        "var": 1.90429018403e-05
    },
    "spectral_rolloff": {
        "dmean": 133.259109497,
        "dmean2": 216.71862793,
        "dvar": 119047.054688,
        "dvar2": 173700.484375,
        "max": 18820.0195312,
        "mean": 432.22845459,
        "median": 344.53125,
        "min": 43.06640625,
        "stdev": 602.105651855,
        "var": 362531.21875
    },
    "spectral_skewness": {
        "dmean": 1.12374937534,
        "dmean2": 1.88662695885,
        "dvar": 2.25659537315,
        "dvar2": 6.72294616699,
        "max": 16.1966304779,
        "mean": 3.69049692154,
        "median": 2.63661384583,
        "min": 5.27483098267e-05,
        "stdev": 2.67955803871,
        "var": 7.18003177643
    },
    "spectral_spread": {
        "dmean": 719760.3125,
        "dmean2": 1095632.375,
        "dvar": 1.14929460838e+12,
        "dvar2": 2.0104192983e+12,
        "max": 43718032,
        "mean": 2744605.5,
        "median": 2603940.5,
        "min": 213986.546875,
        "stdev": 1979935.375,
        "var": 3.92014410547e+12
    },
    "spectral_strongpeak": {
        "dmean": 0.315262198448,
        "dmean2": 0.535999596119,
        "dvar": 0.205848366022,
        "dvar2": 0.54536062479,
        "max": 5.68619155884,
        "mean": 0.530877053738,
        "median": 0.301662743092,
        "min": 0,
        "stdev": 0.683346033096,
        "var": 0.46696177125
    },
    "zerocrossingrate": {
        "dmean": 0.00442874385044,
        "dmean2": 0.00566783780232,
        "dvar": 9.84122161753e-05,
        "dvar2": 0.00017765519442,
        "max": 0.48779296875,
        "mean": 0.0203277878463,
        "median": 0.01806640625,
        "min": 0.00146484375,
        "stdev": 0.0191554091871,
        "var": 0.000366929685697
    },
    "barkbands": {
        "dmean": [0.00768891582265, 0.021792659536, 0.00435155443847, 0.00200130580924, 0.00315654766746, 0.00128688302357, 0.000824879098218, 0.000957727141213, 0.000649129971862, 0.00032559997635, 0.000279709085589, 0.00026359281037, 0.000129175838083, 0.000100999779534, 0.000127033476019, 4.04240527132e-05, 3.27001689584e-05, 3.31459341396e-05, 3.01432100969e-05, 3.98350421165e-05, 1.85567205335e-05, 1.62152118719e-05, 1.42725657497e-05, 1.7821412257e-05, 9.64092487266e-06, 2.47274465437e-06, 6.43285673618e-08],
        "dmean2": [0.0135383084416, 0.0376786515117, 0.00705266883597, 0.00330997235142, 0.00516179995611, 0.00210062251426, 0.00135326758027, 0.00150677096099, 0.00106602907181, 0.000537525687832, 0.00046270454186, 0.000424972327892, 0.000217663138756, 0.000160725496244, 0.000196175373276, 6.66464184178e-05, 5.30739125679e-05, 5.30983306817e-05, 4.72045358038e-05, 6.88357176841e-05, 2.94892397505e-05, 2.67216692009e-05, 2.40524677793e-05, 2.84234192804e-05, 1.56469723152e-05, 4.24808013122e-06, 1.13798819257e-07],
        "dvar": [0.000581739353947, 0.00468268385157, 0.000164654178661, 1.36672360895e-05, 2.25916610361e-05, 4.85533291794e-06, 3.05239746012e-06, 7.1562812991e-06, 1.81654047537e-06, 4.71782442446e-07, 4.42040402504e-07, 3.83406984383e-07, 1.14398325479e-07, 4.66656331355e-08, 1.22514705936e-07, 7.24339432878e-09, 5.74283776089e-09, 4.58516380419e-09, 4.60972016114e-09, 7.02401603547e-09, 2.19394280521e-09, 1.58887636381e-09, 1.32074795545e-09, 4.98533525572e-09, 1.08051445569e-09, 9.41303354707e-11, 1.22623618074e-13],
        "dvar2": [0.00152900686953, 0.0132256895304, 0.000385490682675, 3.54789517587e-05, 5.63850298931e-05, 1.24069802041e-05, 7.83179439168e-06, 1.52780212375e-05, 4.48262608188e-06, 1.25638609916e-06, 1.10397888875e-06, 9.9170631529e-07, 3.12445990858e-07, 1.13303208593e-07, 2.46586125741e-07, 1.8530304402e-08, 1.50405696786e-08, 9.85084991356e-09, 9.89432713538e-09, 1.9295018916e-08, 5.46847012117e-09, 3.79258624505e-09, 3.26882854118e-09, 1.1728022109e-08, 2.50171816596e-09, 2.12816875234e-10, 3.34058193434e-13],
        "max": [0.259181380272, 0.583395063877, 0.138590797782, 0.0585236437619, 0.0609980374575, 0.0395536124706, 0.0229953676462, 0.0521468035877, 0.0196595750749, 0.0105510903522, 0.0100475493819, 0.00866062752903, 0.00720044830814, 0.00366350612603, 0.00802541524172, 0.00151675741654, 0.00153651402798, 0.000927963352297, 0.00097501691198, 0.00104506209027, 0.000730180821847, 0.000643727311399, 0.000486075965455, 0.0020300494507, 0.000760309456382, 0.000231032216107, 5.57688008485e-06],
        "mean": [0.00712185306475, 0.0267745833844, 0.00478146923706, 0.00290783285163, 0.00594443082809, 0.00229319813661, 0.00116553215776, 0.00186499825213, 0.00107425695751, 0.000483769545099, 0.000409257656429, 0.000354560237611, 0.000164338387549, 0.000165718971402, 0.000253017002251, 5.48160423932e-05, 4.55769659311e-05, 4.00207536586e-05, 4.06828949053e-05, 4.17724550061e-05, 2.44522670982e-05, 1.97375065909e-05, 1.42757735375e-05, 1.84012405953e-05, 9.3022490546e-06, 2.11011479223e-06, 4.55187745274e-08],
        "median": [0.000977001851425, 0.00331806880422, 0.000816816813312, 0.00104447465856, 0.00308632291853, 0.000702484860085, 0.000360083882697, 0.000335823890055, 0.000383240287192, 0.000202602124773, 7.48343300074e-05, 9.16116405278e-05, 5.29904937139e-05, 3.60281846952e-05, 4.39738796558e-05, 2.27204873227e-05, 1.47704013216e-05, 9.92744662653e-06, 1.07365931399e-05, 6.59889064991e-06, 4.87386523673e-06, 3.53174618795e-06, 2.18443528865e-06, 1.66666814039e-06, 8.60130398905e-07, 6.89736978643e-08, 5.05679054186e-10],
        "min": [2.34243095019e-23, 2.44578450832e-23, 2.22210126315e-24, 4.33626663294e-24, 2.70586579566e-23, 7.03322571566e-23, 8.3049243996e-23, 3.19239071024e-23, 6.19750205505e-23, 3.90342638509e-23, 2.00799507336e-22, 4.27332641899e-23, 1.23257181413e-22, 2.67878937571e-22, 6.55659027693e-23, 2.73983231608e-22, 1.84129854045e-22, 2.28277236604e-22, 2.11473842991e-22, 2.64681640146e-22, 4.49605025152e-22, 4.58179602404e-22, 5.26752693431e-22, 8.61282223827e-22, 1.20367744213e-21, 1.59706149915e-21, 2.36901841522e-21],
        "stdev": [0.022375440225, 0.0707273855805, 0.0131565881893, 0.00458959443495, 0.00692624086514, 0.00362206529826, 0.00226070801727, 0.00524831237271, 0.00181918998715, 0.000802032649517, 0.000963958154898, 0.000716495735105, 0.000343622581568, 0.000357030919986, 0.000736367190257, 9.65958679444e-05, 8.34420497995e-05, 8.34652382764e-05, 8.44524329295e-05, 9.14403863135e-05, 5.27593256265e-05, 4.47366510343e-05, 3.66388449038e-05, 7.63707430451e-05, 3.40377919201e-05, 1.00641045719e-05, 2.94155114489e-07],
        "var": [0.000500660331454, 0.00500236358494, 0.000173095802893, 2.10643756873e-05, 4.79728150822e-05, 1.31193573907e-05, 5.11080042997e-06, 2.75447819149e-05, 3.30945204041e-06, 6.43256328203e-07, 9.29215332235e-07, 5.13366103405e-07, 1.18076478373e-07, 1.27471082578e-07, 5.42236648471e-07, 9.33076105269e-09, 6.96257540511e-09, 6.96644653075e-09, 7.13221304238e-09, 8.36134450566e-09, 2.78354628236e-09, 2.00136796025e-09, 1.34240485394e-09, 5.83249004649e-09, 1.15857123895e-09, 1.01286208587e-10, 8.65272344877e-14]
    },
    "erbbands": {
        "dmean": [0.711419463158, 5.17798900604, 7.29240846634, 4.60417890549, 9.48440933228, 12.2110033035, 10.7601547241, 11.7197875977, 9.3966999054, 21.1862030029, 11.9919500351, 16.6273517609, 11.5814771652, 8.39419269562, 12.7561378479, 9.67419242859, 6.13607501984, 5.79627227783, 7.45189285278, 2.80125260353, 1.87468886375, 1.80250895023, 1.74720799923, 1.569886446, 1.49315667152, 2.10610318184, 0.926287293434, 0.723913192749, 0.620512962341, 0.444043695927, 0.42301300168, 0.383323132992, 0.281945735216, 0.133147165179, 0.0563317388296, 0.0181155707687, 0.00343198771589, 0.000374996685423, 2.07897555811e-05, 3.27120615111e-05],
        "dmean2": [1.08844661713, 9.1871175766, 12.1089277267, 7.65994787216, 15.56590271, 19.8712043762, 17.4014625549, 19.4659118652, 15.3157606125, 32.9844703674, 19.6710834503, 27.429857254, 19.2646408081, 13.9125680923, 20.6881446838, 15.4543237686, 10.2224988937, 9.1460018158, 11.4110422134, 4.68258428574, 3.06704187393, 2.94043707848, 2.74985647202, 2.44299960136, 2.42466282845, 3.71319198608, 1.51984548569, 1.14919102192, 1.02242600918, 0.739275634289, 0.710124671459, 0.621816694736, 0.450513631105, 0.213069334626, 0.0942666679621, 0.0301205180585, 0.00601959833875, 0.000662525359076, 3.41171507898e-05, 5.2885596233e-05],
        "dvar": [3.08759427071, 355.744293213, 587.190429688, 75.5889968872, 237.387176514, 440.260498047, 274.528594971, 471.325927734, 295.397247314, 3056.71801758, 656.840820312, 1242.01672363, 630.921081543, 233.970687866, 977.397216797, 548.947692871, 274.557983398, 152.789749146, 468.250732422, 27.1244087219, 18.7887363434, 16.5476493835, 12.9253263474, 11.08989048, 9.85000896454, 21.7956390381, 4.64151954651, 3.33681535721, 2.30676364899, 1.23033356667, 1.18554902077, 2.31824588776, 1.13180780411, 0.211950048804, 0.0408328846097, 0.00555075518787, 0.000219604640733, 2.47961133937e-06, 2.58011567666e-09, 6.46525499803e-09],
        "dvar2": [7.13178825378, 996.306640625, 1434.39770508, 182.075866699, 622.373962402, 1134.2512207, 684.617553711, 1194.42285156, 770.018310547, 6906.42480469, 1585.31994629, 3048.0234375, 1677.21130371, 612.993469238, 2364.93115234, 1405.11608887, 745.43572998, 374.928497314, 925.85168457, 69.1109008789, 47.6614265442, 41.9478645325, 27.6052150726, 23.6009960175, 23.1585083008, 60.720249176, 11.5933351517, 8.33451366425, 5.58206987381, 3.06590890884, 2.91123342514, 5.46707582474, 2.68536567688, 0.491342693567, 0.0982090607285, 0.0120705896989, 0.00051498808898, 6.57588907416e-06, 6.38019681531e-09, 1.52663766073e-08],
        "max": [20.9858798981, 151.915740967, 207.906417847, 109.515731812, 198.698318481, 249.45904541, 230.750961304, 336.492767334, 172.995040894, 975.397583008, 396.707763672, 514.691467285, 337.046051025, 221.07144165, 492.189331055, 280.427978516, 355.538208008, 204.23260498, 524.149658203, 89.7340698242, 72.5105743408, 74.6051254272, 53.7567481995, 47.416759491, 45.5185585022, 61.9609489441, 26.8241977692, 31.1219558716, 23.6514167786, 15.1868467331, 15.4901075363, 45.0174293518, 27.2600822449, 11.923122406, 3.49218916893, 1.95469462872, 0.372872084379, 0.025073826313, 0.000722043449059, 0.000743965094443],
        "mean": [1.11639618874, 4.49431371689, 7.06988668442, 6.84257650375, 14.0231132507, 21.5635547638, 21.9979629517, 18.8209018707, 14.454873085, 40.0806236267, 23.9083633423, 27.5002498627, 17.1153049469, 12.993885994, 20.4698448181, 13.7014513016, 8.21133041382, 9.83511638641, 16.3458766937, 4.58238458633, 2.61517381668, 2.53603315353, 2.35270929337, 2.11099553108, 1.91578769684, 2.07774662971, 1.18206250668, 0.945272445679, 0.775450408459, 0.487934172153, 0.411400020123, 0.389076590538, 0.288336753845, 0.131849497557, 0.0514738708735, 0.0162183810025, 0.00277830567211, 0.000293067045277, 3.29353715642e-05, 6.18418052909e-05],
        "median": [0.154211044312, 0.430932343006, 0.969689190388, 2.74051451683, 5.77713298798, 10.0415029526, 10.4847507477, 6.43601608276, 5.7812166214, 6.7420797348, 6.76726102829, 10.1631698608, 7.15768432617, 5.64778184891, 4.24309301376, 3.80119895935, 2.91224169731, 2.2581448555, 2.38687348366, 2.13275027275, 1.07712841034, 0.831691205502, 0.670495688915, 0.596854686737, 0.431061923504, 0.326890230179, 0.219351038337, 0.196570336819, 0.146542161703, 0.0819532051682, 0.0612769275904, 0.0389024466276, 0.0262635089457, 0.0138185359538, 0.00361001072451, 0.000735130044632, 8.01511559985e-05, 6.31842613075e-06, 1.41560503835e-05, 2.67878895102e-05],
        "min": [5.82662156171e-22, 6.74938222761e-21, 3.0359440932e-21, 8.11932458845e-21, 2.53709040853e-20, 1.67308587999e-19, 3.01731783565e-19, 6.34253038987e-19, 1.02638783114e-18, 1.37544812347e-18, 8.28675689811e-19, 1.5221357838e-18, 1.30169721704e-18, 5.94105352328e-18, 3.72447459302e-18, 2.00544769635e-18, 4.94921723312e-18, 1.22717173869e-17, 6.5174329741e-18, 6.87675940501e-18, 1.55549262783e-17, 1.10406129007e-17, 1.30776700634e-17, 1.17476422205e-17, 1.4137155252e-17, 1.41026849815e-17, 1.9212861222e-17, 1.59240953313e-17, 1.52049660134e-17, 1.85855423347e-17, 1.41956137602e-17, 1.53558205961e-17, 1.46660710792e-17, 1.17759913545e-17, 8.25168082123e-18, 4.70597732937e-18, 3.10925342896e-18, 1.24393519487e-18, 2.99171375226e-19, 3.64414257302e-20],
        "stdev": [2.5699775219, 16.051158905, 22.7553901672, 10.6680326462, 19.4538421631, 29.0253429413, 28.6479530334, 30.9587669373, 22.2760887146, 106.115577698, 47.213218689, 47.6359443665, 28.5267715454, 20.2759590149, 46.9777946472, 26.6230602264, 16.79570961, 20.1665554047, 48.5190887451, 7.20126342773, 4.77109384537, 4.54105615616, 4.58690309525, 4.1550784111, 3.88751554489, 4.65694046021, 2.57588720322, 2.03610610962, 1.72177028656, 1.16800224781, 1.08545339108, 1.65517020226, 1.11998403072, 0.483947247267, 0.197125390172, 0.0788967758417, 0.0150707000867, 0.00139208009932, 5.71839700569e-05, 0.000104583174107],
        "var": [6.60478448868, 257.639678955, 517.807800293, 113.806915283, 378.451965332, 842.47052002, 820.70526123, 958.445251465, 496.224151611, 11260.5166016, 2229.08789062, 2269.18310547, 813.776672363, 411.114501953, 2206.91308594, 708.787353516, 282.095855713, 406.689971924, 2354.10180664, 51.8581962585, 22.7633342743, 20.6211929321, 21.0396785736, 17.2646770477, 15.11277771, 21.6870937347, 6.63519477844, 4.14572763443, 2.96449303627, 1.36422932148, 1.1782091856, 2.73958849907, 1.25436413288, 0.234204947948, 0.0388584211469, 0.00622470071539, 0.000227125987294, 1.93788696379e-06, 3.27000626577e-09, 1.09376401269e-08]
    },
    "gfcc": {
        "mean": [-101.997093201, 181.726928711, -89.9662246704, 21.2648200989, -48.1356315613, 8.71998310089, -24.3653202057, -1.78271436691, -11.3815402985, -6.1191906929, -3.25783061981, -9.45064067841, 4.17535209656],
        "cov": [[15492.0019531, -4745.4296875, -2680.19238281, 1690.7701416, -2221.06933594, 1292.49121094, -1174.51794434, 650.730163574, -899.387939453, 403.252166748, -359.144134521, 36.8553771973, -264.103668213], [-4745.4296875, 2694.56884766, 763.053405762, -935.901184082, 915.260986328, -632.512634277, 462.145019531, -388.5362854, 477.519744873, -227.303115845, 202.917358398, -93.7182998657, 150.2918396], [-2680.19238281, 763.053405762, 1182.30871582, -164.748825073, 527.856811523, -158.630432129, 307.858673096, -43.1069107056, 159.448440552, -20.4926509857, 61.6782264709, 14.7249279022, 9.46146678925], [1690.7701416, -935.901184082, -164.748825073, 634.269104004, -228.714996338, 226.61088562, -63.0721054077, 127.815673828, -131.005386353, 37.632144928, -29.656627655, 5.73253917694, 0.433421552181], [-2221.06933594, 915.260986328, 527.856811523, -228.714996338, 587.325805664, -208.108963013, 280.330078125, -105.429740906, 208.504196167, -67.9592514038, 85.668800354, -11.5139331818, 45.2518196106], [1292.49121094, -632.512634277, -158.630432129, 226.61088562, -208.108963013, 263.654693604, -101.327728271, 94.4378585815, -89.0900192261, 42.6032905579, -36.8388252258, -1.05784106255, -24.3656196594], [-1174.51794434, 462.145019531, 307.858673096, -63.0721054077, 280.330078125, -101.327728271, 247.10597229, -47.2295608521, 114.327011108, -36.9836273193, 62.376701355, -6.81532096863, 31.2684822083], [650.730163574, -388.5362854, -43.1069107056, 127.815673828, -105.429740906, 94.4378585815, -47.2295608521, 123.641532898, -57.0443344116, 42.7524528503, -27.6182136536, 22.1400661469, -24.9661140442], [-899.387939453, 477.519744873, 159.448440552, -131.005386353, 208.504196167, -89.0900192261, 114.327011108, -57.0443344116, 205.312561035, -26.507183075, 65.4022445679, -29.3628883362, 38.2890052795], [403.252166748, -227.303115845, -20.4926509857, 37.632144928, -67.9592514038, 42.6032905579, -36.9836273193, 42.7524528503, -26.507183075, 91.8389511108, -6.42858886719, 21.3468036652, -23.8586711884], [-359.144134521, 202.917358398, 61.6782264709, -29.656627655, 85.668800354, -36.8388252258, 62.376701355, -27.6182136536, 65.4022445679, -6.42858886719, 88.7687225342, -0.441912978888, 34.2690467834], [36.8553771973, -93.7182998657, 14.7249279022, 5.73253917694, -11.5139331818, -1.05784106255, -6.81532096863, 22.1400661469, -29.3628883362, 21.3468036652, -0.441912978888, 85.0693664551, 1.17723560333], [-264.103668213, 150.2918396, 9.46146678925, 0.433421552181, 45.2518196106, -24.3656196594, 31.2684822083, -24.9661140442, 38.2890052795, -23.8586711884, 34.2690467834, 1.17723560333, 82.4242401123]],
        "icov": [[0.00026849436108, -0.000297977763694, 0.000363184983144, -0.00053620885592, 0.000350465474185, -0.000638568249997, 0.000273608020507, -0.000371031230316, 0.000144891557284, -0.00056946388213, 8.22567380965e-05, -0.00012697094644, 0.00050287990598], [-0.000297977763694, 0.00552891287953, -0.0010567009449, 0.0045995991677, -0.00202130735852, 0.00449223164469, -0.0017136830138, 0.00378107884899, -0.00204616342671, 0.00447402894497, -0.00213595433161, 0.00296399346553, -0.00361469434574], [0.000363184983144, -0.0010567009449, 0.00215932144783, -0.00115978799295, -0.00058813841315, -0.00141808914486, -0.000390984292608, -0.00137061276473, 0.000636261072941, -0.00178297318053, 0.000682136043906, -0.000737755908631, 0.00140084826853], [-0.00053620885592, 0.0045995991677, -0.00115978799295, 0.00690071890131, -0.00151849712711, 0.00255682668649, -0.00275204144418, 0.00180715229362, -0.000593906152062, 0.0042151901871, -0.00204618740827, 0.00295996991917, -0.00452277390286], [0.000350465474185, -0.00202130735852, -0.00058813841315, -0.00151849712711, 0.00709892436862, -0.000891656673048, -0.0026236420963, -0.000770890444983, -0.00147914409172, -0.000639802776277, 0.000693388865329, -0.00160456518643, 0.00172147736885], [-0.000638568249997, 0.00449223164469, -0.00141808914486, 0.00255682668649, -0.000891656673048, 0.0117324339226, -0.000778652494773, 0.000584744906519, -0.00180330919102, 0.00357713247649, -0.00174826325383, 0.00362329906784, -0.0031093202997], [0.000273608020507, -0.0017136830138, -0.000390984292608, -0.00275204144418, -0.0026236420963, -0.000778652494773, 0.0111026093364, -0.00152326398529, -0.000360132602509, -0.000458563881693, -0.00203847745433, -0.00087265658658, 0.00149226072244], [-0.000371031230316, 0.00378107884899, -0.00137061276473, 0.00180715229362, -0.000770890444983, 0.000584744906519, -0.00152326398529, 0.0171883758157, -0.00158853596076, -1.67783255165e-05, 0.000351219787262, -0.000779850350227, -0.000956964388024], [0.000144891557284, -0.00204616342671, 0.000636261072941, -0.000593906152062, -0.00147914409172, -0.00180330919102, -0.000360132602509, -0.00158853596076, 0.0108711756766, -0.00271156150848, -0.00290238810703, 0.00220086425543, -0.000599916849751], [-0.00056946388213, 0.00447402894497, -0.00178297318053, 0.0042151901871, -0.000639802776277, 0.00357713247649, -0.000458563881693, -1.67783255165e-05, -0.00271156150848, 0.0191941335797, -0.00421803118661, -0.000653533963487, 0.000356118980562], [8.22567380965e-05, -0.00213595433161, 0.000682136043906, -0.00204618740827, 0.000693388865329, -0.00174826325383, -0.00203847745433, 0.000351219787262, -0.00290238810703, -0.00421803118661, 0.0186503008008, -0.00234930333681, -0.00352034438401], [-0.00012697094644, 0.00296399346553, -0.000737755908631, 0.00295996991917, -0.00160456518643, 0.00362329906784, -0.00087265658658, -0.000779850350227, 0.00220086425543, -0.000653533963487, -0.00234930333681, 0.0159336179495, -0.00415776437148], [0.00050287990598, -0.00361469434574, 0.00140084826853, -0.00452277390286, 0.00172147736885, -0.0031093202997, 0.00149226072244, -0.000956964388024, -0.000599916849751, 0.000356118980562, -0.00352034438401, -0.00415776437148, 0.0193822234869]]
    },
    "melbands": {
        "dmean": [0.00594411278144, 0.00484788278118, 0.000926939188503, 0.000697409326676, 0.000419180229073, 0.000249398988672, 0.000151564425323, 0.000242220732616, 8.96181445569e-05, 0.000107614607259, 5.65793488931e-05, 3.4633987525e-05, 3.80203091481e-05, 3.5967441363e-05, 1.72511245182e-05, 1.18826956168e-05, 1.14343183668e-05, 1.19991491374e-05, 5.86087026022e-06, 3.46637580151e-06, 1.96479368242e-06, 1.90967807612e-06, 1.78961306574e-06, 1.65443020705e-06, 1.28003284772e-06, 1.22677238323e-06, 1.11536621716e-06, 1.50635526097e-06, 6.34428431567e-07, 4.36172314267e-07, 4.45469055421e-07, 3.78428069325e-07, 2.88448376295e-07, 2.41328564243e-07, 2.60185913703e-07, 2.01941233513e-07, 2.59035203953e-07, 2.10367588238e-07, 1.49279372863e-07, 1.02664465373e-07],
        "dmean2": [0.0099378619343, 0.00825221184641, 0.00152416282799, 0.0011433531763, 0.000684072612785, 0.000412065448472, 0.000245815812377, 0.000374737253878, 0.000147636717884, 0.000178168556886, 9.45630963542e-05, 5.72928438487e-05, 6.2699225964e-05, 5.72008284507e-05, 2.78494990198e-05, 2.00101494556e-05, 1.82490366569e-05, 1.85334502021e-05, 9.45338069869e-06, 5.80786536375e-06, 3.26336635226e-06, 3.14475801133e-06, 2.87256239062e-06, 2.61033596871e-06, 2.00603062694e-06, 1.93663481696e-06, 1.87651016859e-06, 2.68192161457e-06, 1.05370475012e-06, 7.01627413946e-07, 7.09926212039e-07, 6.25263680831e-07, 4.78311164898e-07, 4.11948803958e-07, 4.43425221874e-07, 3.33635000516e-07, 4.22484276896e-07, 3.4091678458e-07, 2.40355774395e-07, 1.6635998179e-07],
        "dvar": [0.000250645069173, 0.000287405709969, 2.47573757406e-06, 1.2119095345e-06, 4.16919021973e-07, 2.00086944346e-07, 8.09302704852e-08, 4.2393199351e-07, 3.25569651238e-08, 5.58719293053e-08, 1.55432910987e-08, 4.24276436206e-09, 7.68538654938e-09, 6.63889831998e-09, 1.5069613335e-09, 1.00696950778e-09, 6.60071775016e-10, 1.1853428239e-09, 1.48965104141e-10, 4.84333823048e-11, 2.34230534274e-11, 2.28095910215e-11, 1.36319271843e-11, 1.16124609928e-11, 7.94905807844e-12, 8.21021028941e-12, 5.02492015012e-12, 1.20027598971e-11, 2.06793436541e-12, 1.3348961693e-12, 1.28923152536e-12, 8.38463521703e-13, 5.36897728966e-13, 3.82112446068e-13, 4.6908234675e-13, 3.41126486867e-13, 1.51891021462e-12, 5.72967888413e-13, 3.11629601247e-13, 1.20344083006e-13],
        "dvar2": [0.000652105780318, 0.000747177575249, 6.00044495513e-06, 3.00633109873e-06, 1.04241973986e-06, 5.09874780619e-07, 2.08157615589e-07, 9.36448429911e-07, 8.36756868239e-08, 1.3772097418e-07, 4.13086063134e-08, 1.10104796391e-08, 1.89968467623e-08, 1.70117893106e-08, 3.81142895023e-09, 2.73415667884e-09, 1.64180435913e-09, 2.35513963887e-09, 3.30540095295e-10, 1.26360172326e-10, 6.02339358946e-11, 6.03027558443e-11, 3.27722432525e-11, 2.48353820148e-11, 1.72080197314e-11, 1.81923486692e-11, 1.30545340163e-11, 3.37302338838e-11, 5.27358668886e-12, 3.3643580543e-12, 3.28490229809e-12, 2.03320628563e-12, 1.31456737856e-12, 9.92485607587e-13, 1.22006593196e-12, 7.52443463439e-13, 3.66496459916e-12, 1.38305155089e-12, 7.3193751407e-13, 2.79783032679e-13],
        "max": [0.136177808046, 0.125242054462, 0.0195593554527, 0.0140983005986, 0.00769220665097, 0.00698506366462, 0.00340083288029, 0.0122004384175, 0.0026328144595, 0.00361655559391, 0.00168645486701, 0.00104290631134, 0.00134924869053, 0.0010760796722, 0.000682005251292, 0.000617118377704, 0.00044055460603, 0.000858233019244, 0.000233146929531, 0.000118624098832, 8.37080806377e-05, 0.000104221668153, 6.93251859047e-05, 4.55559347756e-05, 3.91629328078e-05, 4.07152911066e-05, 2.86650029011e-05, 4.72873398394e-05, 1.86585730262e-05, 1.69292743522e-05, 1.90649589058e-05, 1.31109227368e-05, 1.238013283e-05, 7.37967320674e-06, 9.49167224462e-06, 8.52512039273e-06, 3.86888605135e-05, 1.76746762008e-05, 1.1355828974e-05, 9.53156813921e-06],
        "mean": [0.00874812342227, 0.00439811777323, 0.00146505457815, 0.00124072132166, 0.000880597042851, 0.000413947505876, 0.000221462731133, 0.00046298536472, 0.000175541019416, 0.000170530809555, 8.1645885075e-05, 5.12807928317e-05, 5.79705665587e-05, 5.24486349605e-05, 2.25281528401e-05, 1.5119834643e-05, 1.82200237759e-05, 2.64684786089e-05, 9.98094401439e-06, 4.72375268146e-06, 2.5517551876e-06, 2.51039023169e-06, 2.50472089647e-06, 1.95566190087e-06, 1.66754853126e-06, 1.53491544097e-06, 1.24931841583e-06, 1.42295357364e-06, 8.24069900318e-07, 5.32411320364e-07, 5.48316108961e-07, 4.71611684816e-07, 3.18991396853e-07, 2.50130000268e-07, 2.40014088604e-07, 2.06480905263e-07, 2.57272262161e-07, 2.05934981068e-07, 1.56396325224e-07, 9.66626672039e-08],
        "median": [0.00116455857642, 0.000584602763411, 0.000597369333263, 0.000625597778708, 0.000454390828963, 0.000135630660225, 8.33036683616e-05, 7.50919061829e-05, 5.4226424254e-05, 6.08525442658e-05, 3.32868112309e-05, 2.06368440558e-05, 1.23683948914e-05, 1.22189885587e-05, 6.78543710819e-06, 4.87483612233e-06, 3.43885085385e-06, 3.60996432391e-06, 2.93082030112e-06, 2.14294891521e-06, 9.66057996266e-07, 8.33667684219e-07, 6.70996428198e-07, 4.82430664306e-07, 4.2961158897e-07, 3.09530889808e-07, 2.10627831621e-07, 1.98721679112e-07, 1.46356882169e-07, 9.15500706355e-08, 1.02774926347e-07, 8.3830464348e-08, 5.48121583677e-08, 3.95631190031e-08, 3.53679041609e-08, 2.47664431186e-08, 2.06610906162e-08, 1.68346012686e-08, 1.63274300746e-08, 8.94208884716e-09],
        "min": [5.86190074667e-24, 3.70382777333e-24, 1.72806292176e-24, 6.58272121553e-24, 1.02088887882e-23, 1.49591725011e-23, 1.52870152048e-23, 1.28003773256e-23, 6.10791688073e-24, 1.01611674366e-23, 5.91276294797e-24, 2.2930398956e-23, 1.9155447089e-23, 4.44816497463e-24, 5.5764679942e-24, 1.48230119535e-23, 2.41352277942e-23, 1.32968248482e-23, 5.9355282904e-24, 1.45708509874e-23, 1.84662603369e-23, 1.10320406881e-23, 1.06000715004e-23, 1.17641935383e-23, 9.5765228982e-24, 7.60222651121e-24, 1.10794180963e-23, 8.97294727581e-24, 1.05951332312e-23, 1.20230921653e-23, 8.34687255155e-24, 8.27170830678e-24, 9.71400952106e-24, 9.35326500683e-24, 8.12508825235e-24, 7.53187510682e-24, 1.05930821928e-23, 1.10156694577e-23, 1.08151915027e-23, 8.74168165739e-24],
        "stdev": [0.0206191856414, 0.0150727750733, 0.00205693324097, 0.0015312274918, 0.00108422746416, 0.000665028230287, 0.000365978077753, 0.00127595360391, 0.000314467324642, 0.000309005001327, 0.000139292242238, 8.42173321871e-05, 0.000129217267386, 0.000102372083347, 4.3279487727e-05, 3.18966558552e-05, 4.07998122682e-05, 7.92723221821e-05, 2.19610683416e-05, 7.93995877757e-06, 5.05018715558e-06, 4.84857400807e-06, 4.69315409646e-06, 4.17910632677e-06, 3.42378370988e-06, 3.45756075149e-06, 2.64974869424e-06, 3.33888237947e-06, 1.7964870267e-06, 1.24728217088e-06, 1.22966116578e-06, 1.06555808088e-06, 7.63503351209e-07, 6.20567504939e-07, 6.42373663595e-07, 6.32567093817e-07, 1.30949570121e-06, 7.76421813953e-07, 5.94210121108e-07, 3.56546252078e-07],
