{
"lowlevel": {
    "average_loudness": 0.920341193676,
    "barkbands_crest": {
        "dmean": 2.84631752968,
        "dmean2": 4.62796449661,
        "dvar": 5.45916366577,
        "dvar2": 13.8983535767,
        "max": 25.036693573,
        "mean": 11.1232261658,
        "median": 10.5945501328,
        "min": 2.97454380989,
        "stdev": 3.74220895767,
        "var": 14.0041275024
    },
    "barkbands_flatness_db": {
        "dmean": 0.0335144028068,
        "dmean2": 0.0483976863325,
        "dvar": 0.00107417302206,
        "dvar2": 0.00235129892826,
        "max": 0.542789518833,
        "mean": 0.201882869005,
        "median": 0.199567988515,
        "min": 0.0356766805053,
        "stdev": 0.0716113597155,
        "var": 0.00512818666175
    },
    "barkbands_kurtosis": {
        "dmean": 7.54910230637,
        "dmean2": 11.669547081,
        "dvar": 158.831314087,
        "dvar2": 377.582946777,
        "max": 225.654724121,
        "mean": 12.2245731354,
        "median": 6.62505149841,
        "min": -1.89178264141,
        "stdev": 18.6338443756,
        "var": 347.220184326
    },
    "barkbands_skewness": {
        "dmean": 0.926748812199,
        "dmean2": 1.38710808754,
        "dvar": 0.880527555943,
        "dvar2": 2.03992819786,
        "max": 11.9428873062,
        "mean": 2.28428292274,
        "median": 2.20555138588,
        "min": -2.1073756218,
        "stdev": 1.79004502296,
        "var": 3.20426130295
    },
    "barkbands_spread": {
        "dmean": 6.0979385376,
        "dmean2": 9.57058620453,
        "dvar": 84.4508972168,
        "dvar2": 192.706878662,
        "max": 97.1386032104,
        "mean": 14.0418672562,
        "median": 9.82252502441,
        "min": 0.31245842576,
        "stdev": 13.8601121902,
        "var": 192.102706909
    },
    "dissonance": {
        "dmean": 0.0243702735752,
        "dmean2": 0.0382477976382,
        "dvar": 0.000653114984743,
        "dvar2": 0.00158245419152,
        "max": 0.499659240246,
        "mean": 0.441823959351,
        "median": 0.45381885767,
        "min": 0.063542291522,
        "stdev": 0.0424528829753,
        "var": 0.00180224736687
    },
    "dynamic_complexity": 4.06048345566,
    "erbbands_crest": {
        "dmean": 3.49699449539,
        "dmean2": 5.57268285751,
        "dvar": 10.7316150665,
        "dvar2": 25.7682113647,
        "max": 30.7616004944,
        "mean": 12.4095859528,
        "median": 11.1410541534,
        "min": 2.49629950523,
        "stdev": 5.67840433121,
        "var": 32.2442741394
    },
    "erbbands_flatness_db": {
        "dmean": 0.0301304403692,
        "dmean2": 0.0397596880794,
        "dvar": 0.000980018521659,
        "dvar2": 0.00185600202531,
        "max": 0.608808875084,
        "mean": 0.209953337908,
        "median": 0.204294383526,
        "min": 0.0481804832816,
        "stdev": 0.0768771097064,
        "var": 0.00591008970514
    },
    "erbbands_kurtosis": {
        "dmean": 2.94759511948,
        "dmean2": 4.60469245911,
        "dvar": 36.4325561523,
        "dvar2": 87.685546875,
        "max": 151.232925415,
        "mean": 3.4168920517,
        "median": 0.720118045807,
        "min": -1.89220392704,
        "stdev": 9.11573219299,
        "var": 83.0965652466
    },
    "erbbands_skewness": {
        "dmean": 0.70082628727,
        "dmean2": 1.01766014099,
        "dvar": 0.479719877243,
        "dvar2": 0.972483515739,
        "max": 10.2288198471,
        "mean": 0.882636070251,
        "median": 0.82402920723,
        "min": -3.85600709915,
        "stdev": 1.61201500893,
        "var": 2.59859251976
    },
    "erbbands_spread": {
        "dmean": 11.5128326416,
        "dmean2": 17.322719574,
        "dvar": 180.297698975,
        "dvar2": 408.868164062,
        "max": 141.446716309,
        "mean": 33.3337860107,
        "median": 27.7645759583,
        "min": 0.80207914114,
        "stdev": 23.3094081879,
        "var": 543.328552246
    },
    "hfc": {
        "dmean": 5.06366157532,
        "dmean2": 7.10272598267,
        "dvar": 80.7930297852,
        "dvar2": 172.60987854,
        "max": 155.591278076,
        "mean": 12.1601018906,
        "median": 7.18088197708,
        "min": 1.18599382753e-16,
        "stdev": 14.9941797256,
        "var": 224.825439453
    },
    "loudness_ebu128": {
        "integrated": -14.9301729202,
        "loudness_range": 2.86252689362,
        "momentary": {
            "dmean": 1.32337546349,
            "dmean2": 1.45232713223,
            "dvar": 1.59255993366,
            "dvar2": 2.75009250641,
            "max": -9.05565834045,
            "mean": -15.7240200043,
            "median": -15.4497251511,
            "min": -28.1185016632,
            "stdev": 2.72591614723,
            "var": 7.43061876297
        },
        "short_term": {
            "dmean": 0.143507704139,
            "dmean2": 0.153838425875,
            "dvar": 0.0173193737864,
            "dvar2": 0.0182772688568,
            "max": -12.8089618683,
            "mean": -15.0916671753,
            "median": -15.321844101,
            "min": -17.8247566223,
            "stdev": 1.03781938553,
            "var": 1.07706916332
        }
    },
    "melbands_crest": {
        "dmean": 4.19875049591,
        "dmean2": 6.6850194931,
        "dvar": 14.4357013702,
        "dvar2": 36.6736679077,
        "max": 34.8003692627,
        "mean": 16.004283905,
        "median": 14.9926900864,
        "min": 2.94083213806,
        "stdev": 6.07886791229,
        "var": 36.9526329041
    },
    "melbands_flatness_db": {
        "dmean": 0.0388895533979,
        "dmean2": 0.0560516305268,
        "dvar": 0.00145128730219,
        "dvar2": 0.00318280723877,
        "max": 0.634828150272,
        "mean": 0.276484340429,
        "median": 0.272676736116,
        "min": 0.010886172764,
        "stdev": 0.0789045467973,
        "var": 0.00622592773288
    },
    "melbands_kurtosis": {
        "dmean": 15.2486076355,
        "dmean2": 23.8037586212,
        "dvar": 798.38671875,
        "dvar2": 1975.7722168,
        "max": 544.29675293,
        "mean": 25.1017608643,
        "median": 14.5606517792,
        "min": -1.89087963104,
        "stdev": 36.1206092834,
        "var": 1304.69836426
    },
    "melbands_skewness": {
        "dmean": 1.15484297276,
        "dmean2": 1.77015304565,
        "dvar": 1.54291164875,
        "dvar2": 3.68602108955,
        "max": 14.9626913071,
        "mean": 3.11727428436,
        "median": 2.89951467514,
        "min": -1.0789706707,
        "stdev": 2.09006023407,
        "var": 4.36835193634
    },
    "melbands_spread": {
        "dmean": 6.97758436203,
        "dmean2": 10.7463951111,
        "dvar": 125.371894836,
        "dvar2": 260.456970215,
        "max": 165.314208984,
        "mean": 14.9860610962,
        "median": 8.83579158783,
        "min": 0.410699278116,
        "stdev": 16.2053260803,
        "var": 262.612579346
    },
    "pitch_salience": {
        "dmean": 0.0901110321283,
        "dmean2": 0.144041001797,
        "dvar": 0.00587382819504,
        "dvar2": 0.0148875927553,
        "max": 0.874305188656,
        "mean": 0.569903373718,
        "median": 0.582995116711,
        "min": 0.0973879769444,
        "stdev": 0.126247867942,
        "var": 0.0159385241568
    },
    "silence_rate_20dB": {
        "dmean": 0,
        "dmean2": 0,
        "dvar": 0,
        "dvar2": 0,
        "max": 1,
        "mean": 1,
        "median": 1,
        "min": 1,
        "stdev": 0,
        "var": 0
    },
    "silence_rate_30dB": {
        "dmean": 0.00412371149287,
        "dmean2": 0.00825167633593,
        "dvar": 0.00410679867491,
        "dvar2": 0.00921496748924,
        "max": 1,
        "mean": 0.99381762743,
        "median": 1,
        "min": 0,
        "stdev": 0.0783844515681,
        "var": 0.00614412175491
    },
    "silence_rate_60dB": {
        "dmean": 0.0752577334642,
        "dmean2": 0.150077357888,
        "dvar": 0.0695924982429,
        "dvar2": 0.154371336102,
        "max": 1,
        "mean": 0.144255533814,
        "median": 0,
        "min": 0,
        "stdev": 0.351351886988,
        "var": 0.123448140919
    },
    "spectral_centroid": {
        "dmean": 251.165145874,
        "dmean2": 381.159606934,
        "dvar": 158538.671875,
        "dvar2": 301216.21875,
        "max": 10474.5185547,
        "mean": 839.003601074,
        "median": 649.671569824,
        "min": 189.53225708,
        "stdev": 591.252990723,
        "var": 349580.125
    },
    "spectral_complexity": {
        "dmean": 2.92319583893,
        "dmean2": 4.26817941666,
        "dvar": 10.6791267395,
        "dvar2": 21.3514556885,
        "max": 44,
        "mean": 10.249871254,
        "median": 9,
        "min": 0,
        "stdev": 6.39955186844,
        "var": 40.9542655945
    },
    "spectral_decrease": {
        "dmean": 2.01155159196e-09,
        "dmean2": 2.99302738149e-09,
        "dvar": 7.88549375431e-18,
        "dvar2": 1.60266905427e-17,
        "max": -1.74515541905e-28,
        "mean": -4.90453144764e-09,
        "median": -3.02766656191e-09,
        "min": -3.46242536864e-08,
        "stdev": 5.17917442266e-09,
        "var": 2.68238492998e-17
    },
    "spectral_energy": {
        "dmean": 0.00793819129467,
        "dmean2": 0.0117670428008,
        "dvar": 0.00012051568774,
        "dvar2": 0.000243836766458,
        "max": 0.140390247107,
        "mean": 0.0196137912571,
        "median": 0.0122705884278,
        "min": 1.14159745638e-20,
        "stdev": 0.0204886961728,
        "var": 0.000419786665589
    },
    "spectral_energyband_high": {
        "dmean": 0.000192986874026,
        "dmean2": 0.000289009854896,
        "dvar": 7.35266041829e-07,
        "dvar2": 2.0255824893e-06,
        "max": 0.0205420590937,
        "mean": 0.000250942452112,
        "median": 2.47646803473e-05,
        "min": 8.33221777523e-21,
        "stdev": 0.000781859620474,
        "var": 6.11304471931e-07
    },
    "spectral_energyband_low": {
        "dmean": 0.00336803938262,
        "dmean2": 0.00551180541515,
        "dvar": 5.70297524973e-05,
        "dvar2": 0.000131539563881,
        "max": 0.0730092823505,
        "mean": 0.00386600708589,
        "median": 0.00133278733119,
        "min": 8.49112586549e-23,
        "stdev": 0.0077641736716,
        "var": 6.02823929512e-05
    },
    "spectral_energyband_middle_high": {
        "dmean": 0.00149433675688,
        "dmean2": 0.00204559252597,
        "dvar": 9.12281848287e-06,
        "dvar2": 1.47531191033e-05,
        "max": 0.0740647539496,
        "mean": 0.002979981713,
        "median": 0.000688580330461,
        "min": 1.43171766706e-21,
        "stdev": 0.00575251644477,
        "var": 3.3091444493e-05
    },
    "spectral_energyband_middle_low": {
        "dmean": 0.00538936443627,
        "dmean2": 0.00775486184284,
        "dvar": 7.47461235733e-05,
        "dvar2": 0.000144388090121,
        "max": 0.12892653048,
        "mean": 0.0130307301879,
        "median": 0.00632441788912,
        "min": 6.53754603872e-22,
        "stdev": 0.0168907660991,
        "var": 0.000285297981463
    },
    "spectral_entropy": {
        "dmean": 0.289227515459,
        "dmean2": 0.412631720304,
        "dvar": 0.0853622108698,
        "dvar2": 0.184656322002,
        "max": 9.79644680023,
        "mean": 6.99458360672,
        "median": 6.99139118195,
        "min": 4.19865655899,
        "stdev": 0.62462413311,
        "var": 0.390155315399
    },
    "spectral_flux": {
        "dmean": 0.0252082850784,
        "dmean2": 0.0403109528124,
        "dvar": 0.000871342257597,
        "dvar2": 0.00195404631086,
        "max": 0.268125325441,
        "mean": 0.0707357898355,
        "median": 0.058983605355,
        "min": 1.06845567116e-10,
        "stdev": 0.046382997185,
        "var": 0.00215138238855
    },
    "spectral_kurtosis": {
        "dmean": 5.94209861755,
        "dmean2": 9.66359615326,
        "dvar": 80.4090576172,
        "dvar2": 227.522994995,
        "max": 171.628158569,
        "mean": 11.5123386383,
        "median": 7.98994731903,
        "min": -1.14517593384,
        "stdev": 13.181804657,
        "var": 173.759979248
    },
    "spectral_rms": {
        "dmean": 0.000856982776895,
        "dmean2": 0.00123217818327,
        "dvar": 8.9497331146e-07,
        "dvar2": 1.68152416791e-06,
        "max": 0.0117032509297,
        "mean": 0.00384289841168,
        "median": 0.00345995742828,
        "min": 3.33729463335e-12,
        "stdev": 0.00208986760117,
        "var": 4.36754635302e-06
    },
    "spectral_rolloff": {
        "dmean": 439.512390137,
        "dmean2": 739.881469727,
        "dvar": 1096563.5,
        "dvar2": 2221212.75,
        "max": 18583.1542969,
        "mean": 1025.44177246,
        "median": 452.197265625,
        "min": 64.599609375,
        "stdev": 1305.89453125,
        "var": 1705360.625
    },
    "spectral_skewness": {
        "dmean": 0.548496425152,
        "dmean2": 0.865028679371,
        "dvar": 0.365326792002,
        "dvar2": 0.985947191715,
        "max": 10.1630325317,
        "mean": 2.26209640503,
        "median": 2.12220597267,
        "min": 0.0549724325538,
        "stdev": 1.00961208344,
        "var": 1.01931655407
    },
    "spectral_spread": {
        "dmean": 836324.25,
        "dmean2": 1124315.5,
        "dvar": 1.65144022221e+12,
        "dvar2": 2.42075697152e+12,
        "max": 40504468,
        "mean": 3929896.75,
        "median": 3110737.5,
        "min": 447329.6875,
        "stdev": 2419961.25,
        "var": 5.85621254963e+12
    },
    "spectral_strongpeak": {
        "dmean": 0.476256459951,
        "dmean2": 0.744798839092,
        "dvar": 0.564269661903,
        "dvar2": 1.27102804184,
        "max": 9.24395751953,
        "mean": 1.01655220985,
        "median": 0.59199744463,
        "min": 3.3217005535e-11,
        "stdev": 1.19316136837,
        "var": 1.42363417149
    },
    "zerocrossingrate": {
        "dmean": 0.0113188121468,
        "dmean2": 0.0122402720153,
        "dvar": 0.00026219166466,
        "dvar2": 0.000282402994344,
        "max": 0.48388671875,
        "mean": 0.0440476983786,
        "median": 0.03515625,
        "min": 0.0048828125,
        "stdev": 0.0350484363735,
        "var": 0.00122839293908
    },
    "barkbands": {
        "dmean": [0.00059521564981, 0.00183985661715, 0.00108031276613, 0.000637553283013, 0.00251898844726, 0.00196648645215, 0.000847246148624, 0.000469985126983, 0.000658804608975, 0.000202510607778, 0.00015701832308, 0.000184580232599, 0.000186743942322, 0.000353253795765, 0.000268396368483, 0.000448824284831, 0.00020828396373, 7.24371057004e-05, 3.47104542016e-05, 4.14802962041e-05, 3.39513098879e-05, 3.50916125171e-05, 3.81385689252e-05, 3.2677413401e-05, 3.25450382661e-05, 1.71405426954e-05, 2.6756540592e-06],
        "dmean2": [0.00104015716352, 0.00300527643412, 0.00192475237418, 0.00106647459324, 0.00370641681366, 0.00280419737101, 0.00134932890069, 0.000735999608878, 0.00092636764748, 0.000314453820465, 0.000250919780228, 0.000284618261503, 0.000285687943688, 0.000508375524078, 0.000374643335817, 0.000631324481219, 0.000320608465699, 0.000115631482913, 5.75300509809e-05, 6.83101898176e-05, 5.57090679649e-05, 5.76263191761e-05, 6.2918443291e-05, 4.7655281378e-05, 4.59666116512e-05, 2.36721825786e-05, 4.10928532801e-06],
        "dvar": [3.8353700802e-06, 2.42323458224e-05, 4.55119379694e-06, 1.38848531606e-06, 1.97444878722e-05, 1.51550048031e-05, 8.1100179159e-06, 3.85033126804e-06, 7.61231785873e-06, 6.36757988559e-07, 3.29160485535e-07, 4.27001680237e-07, 3.41441136698e-07, 1.71353826772e-06, 8.25916970371e-07, 1.30120372432e-06, 6.12920359799e-07, 3.18447064274e-08, 1.25050876321e-08, 7.55017950382e-08, 7.01412190551e-08, 3.4355373657e-08, 2.92455411e-08, 1.16741567524e-08, 8.96380747406e-09, 3.42144890197e-09, 5.42687145222e-11],
        "dvar2": [1.01165624073e-05, 5.53647660126e-05, 1.2793665519e-05, 3.64180186807e-06, 4.32904307672e-05, 2.84677989839e-05, 1.73900734808e-05, 8.26880477689e-06, 1.38318428071e-05, 1.58169177666e-06, 8.11031952708e-07, 9.89176328403e-07, 7.05359013864e-07, 3.72966087525e-06, 1.6428186882e-06, 2.49863364843e-06, 1.38532266192e-06, 7.27906268594e-08, 3.49159421376e-08, 2.14596482806e-07, 1.95535577063e-07, 9.94910607233e-08, 8.11629163877e-08, 2.50194425178e-08, 2.29293402043e-08, 8.89363604983e-09, 1.228191715e-10],
        "max": [0.0153145352378, 0.0428197793663, 0.0262444801629, 0.0178452190012, 0.0899072512984, 0.0511552169919, 0.0743566527963, 0.034438367933, 0.0910740345716, 0.0166936442256, 0.0119047407061, 0.0149471554905, 0.0121772801504, 0.0385936535895, 0.0182564277202, 0.0195703320205, 0.0191286038607, 0.00351769849658, 0.00227994262241, 0.00855848938227, 0.00865576416254, 0.004653503187, 0.00363102252595, 0.00214491318911, 0.00154330057558, 0.00149968883488, 8.69895666256e-05],
        "mean": [0.000426888727816, 0.00175631814636, 0.00119705148973, 0.000798003049567, 0.00478113442659, 0.00429689744487, 0.00123958184849, 0.000697929994203, 0.00110709737055, 0.000280249194475, 0.000195543310838, 0.000246548181167, 0.000262135115918, 0.000521962996572, 0.000380701298127, 0.000741066643968, 0.000280615029624, 8.81113082869e-05, 3.95826791646e-05, 4.40145995526e-05, 3.65089181287e-05, 3.90279274143e-05, 4.08823507314e-05, 4.45959158242e-05, 4.34883586422e-05, 2.46409745159e-05, 3.22923483509e-06],
        "median": [3.97223720938e-06, 0.000227552605793, 0.000491066719405, 0.00040750525659, 0.0016518200282, 0.00119792157784, 0.000264613248874, 9.10642556846e-05, 9.60314646363e-05, 3.95009992644e-05, 3.36956036335e-05, 3.53818431904e-05, 2.55217601079e-05, 4.54178407381e-05, 2.9150125556e-05, 5.44109389011e-05, 3.4102020436e-05, 1.85345761565e-05, 1.08031617856e-05, 6.52605376672e-06, 5.53705740458e-06, 4.56306224805e-06, 3.16109799314e-06, 1.67046391653e-06, 1.14284011943e-06, 3.2997775179e-07, 1.27198038768e-08],
        "min": [8.33005877022e-24, 2.07526348311e-23, 3.95164913668e-23, 6.72466939902e-23, 1.74796506198e-22, 2.13814595245e-23, 2.06148274574e-22, 7.37673740565e-23, 9.43096654382e-23, 6.38027670917e-23, 6.83499001889e-23, 5.12153585446e-23, 8.82584270302e-23, 1.11336925155e-22, 1.31111812648e-22, 1.21108311685e-22, 1.80619789048e-22, 2.2312459912e-22, 2.07327022093e-22, 4.69276010198e-22, 5.17186297141e-22, 7.35293337006e-22, 8.88199218142e-22, 1.0725334692e-21, 1.04246113224e-21, 1.70924049861e-21, 2.28073768551e-21],
        "stdev": [0.00167258654255, 0.00491484161466, 0.00197503133677, 0.00123259564862, 0.00841622054577, 0.00724844262004, 0.0033777852077, 0.0025613931939, 0.00427642930299, 0.000914158648811, 0.000644100131467, 0.000811040052213, 0.000872560834978, 0.00173800485209, 0.00125241780188, 0.00189820840023, 0.000947248248849, 0.000210492740734, 9.8599033663e-05, 0.000217025080929, 0.000212165614357, 0.00015330426686, 0.00015766787692, 0.000143405690324, 0.000106198247522, 6.47613996989e-05, 9.26747725316e-06],
        "var": [2.797545676e-06, 2.41556681431e-05, 3.90074910683e-06, 1.51929191361e-06, 7.08327715984e-05, 5.25399227627e-05, 1.14094327728e-05, 6.56073507344e-06, 1.82878484338e-05, 8.35686080336e-07, 4.14864985032e-07, 6.57785960811e-07, 7.61362457524e-07, 3.02066086988e-06, 1.56855037403e-06, 3.60319495485e-06, 8.97279278433e-07, 4.43071925815e-08, 9.72177005565e-09, 4.70998884339e-08, 4.50142501052e-08, 2.35021975215e-08, 2.48591582874e-08, 2.05651939922e-08, 1.12780673689e-08, 4.19403844987e-09, 8.58861384789e-11]
    },
    "erbbands": {
        "dmean": [0.0998811423779, 0.254030317068, 1.02898347378, 1.92907166481, 1.92666769028, 8.15939617157, 25.5913410187, 12.5037078857, 15.8967618942, 6.51308822632, 12.0188589096, 10.9673404694, 11.6155385971, 6.40038585663, 6.23693466187, 8.26684951782, 8.54121589661, 13.3340034485, 14.4535274506, 18.8920764923, 21.6548309326, 10.2848052979, 4.3387389183, 2.58389425278, 1.57523906231, 1.76159703732, 1.85363221169, 1.01786255836, 1.18889665604, 1.4511808157, 0.9775390625, 0.670980155468, 0.608264148235, 0.411579489708, 0.206067368388, 0.0809127911925, 0.0307923648506, 0.00748222088441, 0.000255059159826, 1.23637937577e-05],
        "dmean2": [0.167076125741, 0.428649157286, 1.83668339252, 3.2402279377, 3.11828184128, 12.8952856064, 35.0005874634, 18.4313831329, 25.2129669189, 9.97347831726, 17.5939540863, 15.4510622025, 16.0886116028, 9.9952507019, 10.2330522537, 12.8134250641, 12.5429782867, 19.5813026428, 19.7554340363, 25.8470439911, 30.3054084778, 15.1123962402, 6.74332809448, 4.16739559174, 2.58770823479, 2.91132164001, 3.13282513618, 1.62806713581, 1.94263315201, 2.38330769539, 1.61166632175, 1.03632128239, 0.893740415573, 0.596429586411, 0.295395553112, 0.120735816658, 0.0439109355211, 0.0101087735966, 0.000361550279194, 1.71405808942e-05],
        "dvar": [0.0904941111803, 0.387996733189, 4.55141067505, 11.5761814117, 11.286450386, 224.022888184, 3060.82055664, 730.753967285, 2721.76416016, 333.364807129, 2841.23706055, 1447.88696289, 4275.77929688, 428.567871094, 700.961364746, 1038.2019043, 775.360168457, 1386.89147949, 2947.91918945, 3255.85473633, 3195.08032227, 1067.70996094, 116.867530823, 51.4328727722, 33.3092498779, 125.215911865, 442.186950684, 16.1193180084, 45.7528839111, 40.8699188232, 23.5424957275, 5.85092544556, 3.92866683006, 1.58494377136, 0.337114006281, 0.110221289098, 0.00979237630963, 0.000340357335517, 4.75581941828e-07, 3.21298154748e-10],
        "dvar2": [0.223233908415, 0.874716579914, 12.7841062546, 30.3383159637, 27.4659614563, 562.580749512, 5645.07226562, 1371.4552002, 5892.81103516, 732.602172852, 4958.60839844, 2644.8659668, 8809.09082031, 1016.30072021, 1896.6126709, 2511.79516602, 1555.99780273, 2514.70898438, 6064.16699219, 6035.06689453, 5515.19189453, 2091.26123047, 249.783065796, 136.057434082, 91.0807113647, 353.648468018, 1258.13977051, 43.7776756287, 133.176818848, 115.737930298, 65.1946105957, 13.6160869598, 8.44806957245, 4.0834312439, 0.832425951958, 0.312582939863, 0.0243129748851, 0.000630819587968, 1.00954036952e-06, 6.8419830912e-10],
        "max": [2.57040286064, 8.96737480164, 27.2692947388, 56.8621330261, 60.1460380554, 209.004745483, 989.215515137, 528.10168457, 1402.04858398, 310.123687744, 1572.23901367, 950.145874023, 2820.36523438, 407.245178223, 627.298278809, 738.686462402, 609.918701172, 637.522583008, 1643.20800781, 1212.42468262, 962.297607422, 783.129333496, 201.825469971, 135.74319458, 117.121315002, 347.283721924, 692.620544434, 76.7759933472, 179.183181763, 128.862121582, 111.943847656, 51.792930603, 37.3378372192, 19.8357639313, 10.6578063965, 9.27386379242, 2.25429868698, 0.216688871384, 0.0108910240233, 0.000265927141299],
        "mean": [0.0825821980834, 0.278679907322, 1.14654612541, 2.48933148384, 2.86992311478, 14.5232610703, 48.7372016907, 28.4023780823, 26.5515079498, 9.85619544983, 19.199760437, 18.5073394775, 19.4284133911, 9.74861717224, 7.69114685059, 11.3053607941, 12.9548034668, 21.7645359039, 22.1502952576, 30.6552753448, 36.7409591675, 15.5817022324, 5.75633096695, 3.09453010559, 1.85769593716, 1.87696290016, 1.75478160381, 1.21288347244, 1.34947407246, 1.63941216469, 1.02187097073, 0.834461092949, 0.829505383968, 0.523611783981, 0.282294601202, 0.108720712364, 0.0422785393894, 0.0112911881879, 0.000345923472196, 3.05110861518e-05],
        "median": [0.0039163348265, 0.0631765648723, 0.445155501366, 1.38921165466, 1.49815928936, 4.91552114487, 14.2036457062, 6.31592321396, 5.41295576096, 2.66475105286, 2.50479793549, 2.01884102821, 1.77341520786, 1.55782747269, 1.52661192417, 1.56941747665, 1.42101883888, 2.19455385208, 1.87868392467, 2.30628561974, 2.8187186718, 2.12651872635, 1.20702362061, 0.891408860683, 0.490420132875, 0.296357929707, 0.211392447352, 0.218744784594, 0.176161453128, 0.14980340004, 0.0690520256758, 0.0361785069108, 0.027485569939, 0.0149987507612, 0.00637607555836, 0.00188056449406, 0.000576210964937, 9.75230068434e-05, 1.5238535525e-05, 1.75055920408e-05],
        "min": [3.4589104594e-22, 6.0993370118e-21, 3.72694981468e-20, 1.38736632268e-19, 5.85611923836e-19, 4.2709004897e-19, 3.40084658901e-19, 1.39332964866e-19, 1.70286761321e-18, 3.75502154586e-18, 1.30951417723e-18, 2.06416945483e-18, 1.90096423843e-18, 2.82153767804e-18, 2.49835924669e-18, 2.61925293399e-18, 4.24081272549e-18, 5.40361773569e-18, 4.93793118084e-18, 7.98928589604e-18, 8.52658106292e-18, 8.85929792071e-18, 9.30517308629e-18, 1.18881165137e-17, 1.45638828407e-17, 2.47432931903e-17, 1.65319539675e-17, 2.10784612145e-17, 2.21055085154e-17, 3.27461183786e-17, 2.33356468547e-17, 2.56304741757e-17, 1.4654510403e-17, 1.08539695216e-17, 8.64346830092e-18, 6.5325112359e-18, 2.93022321347e-18, 1.29911827469e-18, 2.94436179809e-19, 3.53647241471e-20],
        "stdev": [0.279581487179, 0.63658285141, 1.954179883, 3.60250997543, 4.61803150177, 24.8707103729, 101.176231384, 54.2570266724, 65.8862686157, 22.6181640625, 83.7929916382, 58.8357200623, 96.9293365479, 29.3690471649, 25.0310554504, 37.5530929565, 43.1047897339, 60.5949172974, 74.1082077026, 87.8014450073, 96.1317367554, 45.3676452637, 13.6913022995, 7.0464220047, 5.12743520737, 8.93068504333, 16.1868591309, 3.66264081001, 5.44951152802, 5.75823068619, 4.38356399536, 2.92937970161, 2.60620355606, 1.36009573936, 0.68638664484, 0.31524631381, 0.1124792099, 0.0279005467892, 0.000921493512578, 3.33713469445e-05],
        "var": [0.0781658142805, 0.40523776412, 3.8188188076, 12.9780788422, 21.326215744, 618.552246094, 10236.6298828, 2943.82495117, 4341.00048828, 511.581329346, 7021.265625, 3461.6418457, 9395.296875, 862.54095459, 626.553771973, 1410.23474121, 1858.02282715, 3671.74389648, 5492.02636719, 7709.09326172, 9241.31152344, 2058.22338867, 187.451766968, 49.6520652771, 26.2905902863, 79.7571411133, 262.014434814, 13.414937973, 29.697177887, 33.1572189331, 19.215631485, 8.58126544952, 6.79229736328, 1.84986031055, 0.471126586199, 0.0993802323937, 0.0126515729353, 0.000778440502472, 8.49150296744e-07, 1.11364673039e-09]
    },
    "gfcc": {
        "mean": [-82.8485794067, 122.871047974, -107.290496826, 23.7909832001, -51.6329460144, -1.91975545883, -54.4411659241, -4.92147636414, -18.9928207397, -3.83686304092, -14.6573171616, 0.156833305955, -3.19259357452],
        "cov": [[8546.01953125, -2541.62597656, 393.255889893, -236.888656616, -549.043273926, 305.581573486, -177.644271851, 518.465393066, -229.21585083, 584.250671387, -321.089141846, 466.296417236, -304.994903564], [-2541.62597656, 2591.5559082, -1064.72631836, -492.567474365, 464.274749756, -379.693664551, 204.006546021, -282.143707275, 365.871643066, -496.841125488, 246.366912842, -292.697967529, 278.69720459], [393.255889893, -1064.72631836, 1756.08532715, 453.735626221, -396.91885376, 149.732376099, 54.2936515808, 194.394287109, -401.03427124, 273.273803711, -32.9785957336, 210.508850098, -95.7986221313], [-236.888656616, -492.567474365, 453.735626221, 660.848388672, 12.0926265717, 118.129875183, -48.3193511963, 22.1839237213, -110.421951294, 87.8922119141, 3.11368727684, 30.9813327789, -41.2631988525], [-549.043273926, 464.274749756, -396.91885376, 12.0926265717, 527.969604492, 32.5961685181, -55.889251709, -78.0600814819, 173.549697876, -38.1943740845, 29.5530548096, -71.9842834473, 30.4158973694], [305.581573486, -379.693664551, 149.732376099, 118.129875183, 32.5961685181, 333.625671387, 61.2925338745, 82.3765869141, -19.0796833038, 104.879859924, -69.5077285767, 6.51151609421, -48.0539779663], [-177.644271851, 204.006546021, 54.2936515808, -48.3193511963, -55.889251709, 61.2925338745, 320.914215088, 113.595031738, -16.0715770721, -41.9017410278, 10.0539093018, -5.73420858383, 24.077293396], [518.465393066, -282.143707275, 194.394287109, 22.1839237213, -78.0600814819, 82.3765869141, 113.595031738, 230.444000244, -21.4703769684, 65.6440734863, -30.5805969238, 56.28125, -39.5429153442], [-229.21585083, 365.871643066, -401.03427124, -110.421951294, 173.549697876, -19.0796833038, -16.0715770721, -21.4703769684, 253.952377319, -38.5129089355, 18.8707370758, -61.5506210327, 24.107503891], [584.250671387, -496.841125488, 273.273803711, 87.8922119141, -38.1943740845, 104.879859924, -41.9017410278, 65.6440734863, -38.5129089355, 230.546401978, -20.5915317535, 60.8190422058, -72.1804504395], [-321.089141846, 246.366912842, -32.9785957336, 3.11368727684, 29.5530548096, -69.5077285767, 10.0539093018, -30.5805969238, 18.8707370758, -20.5915317535, 134.728164673, 5.48811864853, 37.5641174316], [466.296417236, -292.697967529, 210.508850098, 30.9813327789, -71.9842834473, 6.51151609421, -5.73420858383, 56.28125, -61.5506210327, 60.8190422058, 5.48811864853, 139.4478302, -11.0549974442], [-304.994903564, 278.69720459, -95.7986221313, -41.2631988525, 30.4158973694, -48.0539779663, 24.077293396, -39.5429153442, 24.107503891, -72.1804504395, 37.5641174316, -11.0549974442, 124.001434326]],
        "icov": [[0.000235461018747, 0.000106250357931, 0.000164390818099, 0.000156450943905, 9.63612401392e-05, -1.18761035992e-05, 0.000144153716974, -0.000335807242664, 0.000118028750876, -0.000297511025565, 0.000233824423049, -0.000479169597384, 4.64115073555e-05], [0.000106250357931, 0.00232971995138, -0.000260007742327, 0.000978328636847, -0.00120336259715, 0.00109542557038, -0.00160748092458, 0.00101938238367, -0.00126072380226, 0.0020768600516, -0.00217051594518, 0.00208840239793, -0.00119549920782], [0.000164390818099, -0.000260007742327, 0.00152895448264, -0.000608449801803, 0.000638628902379, -0.000136154922075, 0.000170288767549, -0.000791222497355, 0.00160087295808, -0.0014738648897, 0.000439166848082, -0.00126932130661, 5.73042270844e-05], [0.000156450943905, 0.000978328636847, -0.000608449801803, 0.00259509286843, -0.000883265049197, -0.000249561970122, -2.36080977629e-05, 0.000195875021745, -3.40296833201e-06, 0.000902947213035, -0.00135773490183, 0.000989618594758, -0.00020774967561], [9.63612401392e-05, -0.00120336259715, 0.000638628902379, -0.000883265049197, 0.00361310294829, -0.00131771096494, 0.00127161957789, -0.000279412372038, -0.000666358973831, -0.00133538595401, 0.000802203197964, -0.00123516388703, 0.000407258601626], [-1.18761035992e-05, 0.00109542557038, -0.000136154922075, -0.000249561970122, -0.00131771096494, 0.00530985649675, -0.00211584498174, 9.40200407058e-05, -0.000521447334904, -0.000986191560514, 0.0011515513761, 0.00165937934071, -0.000531285593752], [0.000144153716974, -0.00160748092458, 0.000170288767549, -2.36080977629e-05, 0.00127161957789, -0.00211584498174, 0.0062223020941, -0.00388856115751, 0.00149391009472, -0.000119002615975, 0.000429322681157, -0.000837236118969, -5.3341685998e-05], [-0.000335807242664, 0.00101938238367, -0.000791222497355, 0.000195875021745, -0.000279412372038, 9.40200407058e-05, -0.00388856115751, 0.0086308196187, -0.00236560427584, 0.000662968086544, -0.000273996847682, -0.00063587439945, 0.000821291294415], [0.000118028750876, -0.00126072380226, 0.00160087295808, -3.40296833201e-06, -0.000666358973831, -0.000521447334904, 0.00149391009472, -0.00236560427584, 0.00825642328709, -0.00234157894738, 0.000671228044666, -0.000113607413368, 9.47526859818e-05], [-0.000297511025565, 0.0020768600516, -0.0014738648897, 0.000902947213035, -0.00133538595401, -0.000986191560514, -0.000119002615975, 0.000662968086544, -0.00234157894738, 0.0105142015964, -0.00352529808879, 0.00111578544602, 0.00168503250461], [0.000233824423049, -0.00217051594518, 0.000439166848082, -0.00135773490183, 0.000802203197964, 0.0011515513761, 0.000429322681157, -0.000273996847682, 0.000671228044666, -0.00352529808879, 0.0121601652354, -0.00391835859045, -0.000795943487901], [-0.000479169597384, 0.00208840239793, -0.00126932130661, 0.000989618594758, -0.00123516388703, 0.00165937934071, -0.000837236118969, -0.00063587439945, -0.000113607413368, 0.00111578544602, -0.00391835859045, 0.0137771246955, -0.00253098434769], [4.64115073555e-05, -0.00119549920782, 5.73042270844e-05, -0.00020774967561, 0.000407258601626, -0.000531285593752, -5.3341685998e-05, 0.000821291294415, 9.47526859818e-05, 0.00168503250461, -0.000795943487901, -0.00253098434769, 0.0117850163952]]
    },
    "melbands": {
        "dmean": [0.000689312990289, 0.000439323659521, 0.000295023317449, 0.000318296311889, 0.000800928566605, 0.000300244952086, 0.00022232059564, 7.33060296625e-05, 0.0001029170744, 7.70578408265e-05, 5.76907295908e-05, 2.55524028034e-05, 2.08063665923e-05, 1.92934603547e-05, 2.18621389649e-05, 1.85417229659e-05, 2.76386072073e-05, 2.74195972452e-05, 1.99308869924e-05, 3.16293480864e-05, 2.47055813816e-05, 1.2302882169e-05, 5.44086742593e-06, 3.11490225613e-06, 2.11020005736e-06, 1.15723150884e-06, 1.38713596698e-06, 1.09914469704e-06, 1.40327767895e-06, 7.24722440282e-07, 5.40881842426e-07, 6.78400340348e-07, 7.20452760561e-07, 8.59658882746e-07, 5.95113078816e-07, 4.78937920434e-07, 4.0482424879e-07, 4.54897389091e-07, 3.75449900503e-07, 3.58885927199e-07],
        "dmean2": [0.00113445671741, 0.000754493696149, 0.000492913182825, 0.00050952762831, 0.00111170159653, 0.000444836943643, 0.000350973015884, 0.000113628608233, 0.000142928576679, 0.000109200744191, 8.01540154498e-05, 4.05691789638e-05, 3.38210629707e-05, 3.01999807562e-05, 3.33331990987e-05, 2.81547472696e-05, 4.09913154726e-05, 3.91629255319e-05, 2.74829435511e-05, 4.376441575e-05, 3.52088245563e-05, 1.85693952517e-05, 8.35889932205e-06, 4.94492860525e-06, 3.45242710864e-06, 1.93822165784e-06, 2.24867085308e-06, 1.85063572644e-06, 2.42616511059e-06, 1.18006084904e-06, 8.76920012161e-07, 1.13105340915e-06, 1.17161334856e-06, 1.42463284192e-06, 1.01328782875e-06, 7.69815699186e-07, 6.28752786724e-07, 6.82053723722e-07, 5.39039660907e-07, 5.42884663446e-07],
        "dvar": [3.9316114453e-06, 8.17182808532e-07, 2.62712632093e-07, 3.23996289353e-07, 2.76921946352e-06, 3.93966843149e-07, 4.78757272049e-07, 6.06157399829e-08, 2.37405188841e-07, 7.90480498836e-08, 1.02813345393e-07, 7.701000726e-09, 6.77262201876e-09, 4.24402735177e-09, 6.75172140419e-09, 2.93661162054e-09, 6.59830234895e-09, 1.39052955817e-08, 4.25135171511e-09, 7.5211863404e-09, 4.87621498735e-09, 1.87074733482e-09, 2.3285237627e-10, 6.69412997256e-11, 3.6105386042e-11, 1.9409869545e-11, 2.01763224184e-11, 6.90026646932e-11, 3.31354110816e-10, 1.5270250342e-11, 4.05238559723e-12, 1.46333726386e-11, 1.47313689025e-11, 1.30728500941e-11, 1.01567140115e-11, 4.12162274796e-12, 1.90171121038e-12, 2.34580128759e-12, 1.18824785081e-12, 1.50938896798e-12],
        "dvar2": [9.45759074966e-06, 2.1888270112e-06, 6.84359747538e-07, 8.03750140221e-07, 5.2239715842e-06, 7.62001434396e-07, 1.0307659295e-06, 1.40092652146e-07, 3.63906877965e-07, 1.43052275803e-07, 2.09735247836e-07, 1.90296649549e-08, 1.80745391987e-08, 1.00077262033e-08, 1.56749138114e-08, 5.94047877556e-09, 1.20954775085e-08, 3.12973114092e-08, 7.87303644501e-09, 1.45094327664e-08, 8.7010478822e-09, 3.88387899619e-09, 4.80737505359e-10, 1.58314583665e-10, 9.67141228214e-11, 5.3969252678e-11, 5.29188359799e-11, 1.97648356015e-10, 9.47594114287e-10, 4.1465442191e-11, 1.123391484e-11, 4.26843213552e-11, 4.23652397885e-11, 3.70690630969e-11, 2.8745672509e-11, 9.79927510664e-12, 4.54204382438e-12, 5.22327667229e-12, 2.40374603902e-12, 4.12676793779e-12],
        "max": [0.0171887651086, 0.0131519250572, 0.00873784441501, 0.0104931071401, 0.0317152887583, 0.01061562635, 0.0180751085281, 0.00501328427345, 0.0167237818241, 0.00941275339574, 0.0138415265828, 0.00188352074474, 0.0018186372472, 0.00127675291151, 0.00138267898001, 0.00108471745625, 0.00152795983013, 0.00367941008881, 0.00132394465618, 0.0017256148858, 0.00125459965784, 0.000957612122875, 0.000355224095983, 0.000160423573107, 0.000112042427645, 9.17927754926e-05, 9.03130130609e-05, 0.000258753134403, 0.000597034522798, 0.00011998883565, 3.5698289139e-05, 0.000100356031908, 9.6242656582e-05, 7.45923389331e-05, 7.71350096329e-05, 4.86376011395e-05, 2.7744750696e-05, 2.93592911476e-05, 1.88083395187e-05, 2.26629072131e-05],
        "mean": [0.000600405968726, 0.000521147041582, 0.000408553489251, 0.000546520634089, 0.00154313945677, 0.000673557282425, 0.000373980670702, 0.000103426951682, 0.000163013843121, 0.00013106536062, 9.5475174021e-05, 3.69221270375e-05, 2.5019995519e-05, 2.5313693186e-05, 3.0682029319e-05, 2.79360301647e-05, 4.30817563029e-05, 3.87382569897e-05, 3.05321009364e-05, 5.12469086971e-05, 4.01088145736e-05, 1.74861906999e-05, 7.30672081772e-06, 3.67990219274e-06, 2.40441431743e-06, 1.27320754473e-06, 1.58241937243e-06, 1.10327027869e-06, 1.23504071325e-06, 7.99418444331e-07, 6.29981684597e-07, 7.4734083455e-07, 7.87178407791e-07, 9.45113811213e-07, 5.81491462981e-07, 5.22478046605e-07, 4.98895701639e-07, 5.99415102442e-07, 5.06267099354e-07, 4.2983089088e-07],
        "median": [5.14590756211e-05, 0.000217860171688, 0.000245879113209, 0.000222651724471, 0.000468696467578, 0.000162120792083, 7.73435895098e-05, 2.40003992076e-05, 1.80080533028e-05, 1.28225474327e-05, 8.51437016536e-06, 5.79661536904e-06, 4.67754625788e-06, 4.2410115384e-06, 3.16590876537e-06, 2.79225037048e-06, 4.03463036491e-06, 3.06326114696e-06, 2.34444382841e-06, 3.81950621886e-06, 2.85588180304e-06, 2.08830920201e-06, 1.20890854305e-06, 7.86645955486e-07, 6.17088858235e-07, 3.2842203268e-07, 2.90404813086e-07, 1.48959159674e-07, 1.1314204329e-07, 1.36125777317e-07, 1.12298650379e-07, 9.84198678111e-08, 7.81905384883e-08, 8.05969762041e-08, 3.77503681648e-08, 2.39245903089e-08, 1.90437265957e-08, 1.82038562002e-08, 1.65425788623e-08, 1.0882991397e-08],
        "min": [4.90700552572e-24, 1.6107159178e-23, 3.83965770941e-23, 3.94973441349e-23, 1.25004618758e-23, 2.83458470288e-24, 3.19572916959e-23, 3.65448270933e-23, 9.44976793909e-24, 1.34822813139e-23, 9.01297881131e-24, 1.10208357078e-23, 8.6991943979e-24, 6.35334176353e-24, 7.1406269191e-24, 1.11474194841e-23, 9.28250023933e-24, 7.05865007155e-24, 1.11880986744e-23, 8.11095028721e-24, 1.20473740929e-23, 1.01828390234e-23, 8.205709048e-24, 9.56352562592e-24, 9.24039005534e-24, 9.38492278382e-24, 1.27708076635e-23, 1.74457094061e-23, 7.50041138961e-24, 1.62106813946e-23, 9.78830917428e-24, 9.38657702513e-24, 2.15067259031e-23, 1.73235606058e-23, 1.38355016728e-23, 1.29424914066e-23, 1.65890080407e-23, 1.02060891208e-23, 9.91823377651e-24, 8.48600947143e-24],
        "stdev": [0.00188965850975, 0.000867736060172, 0.000555844511837, 0.000914936419576, 0.00310209672898, 0.00121757865418, 0.000895510136615, 0.000287712609861, 0.000802033348009, 0.000446409540018, 0.000478870264487, 0.0001166390648, 8.06958705653e-05, 7.8871853475e-05, 0.00010533821478, 8.57747872942e-05, 0.000126263475977, 0.000143892859342, 9.70093169599e-05, 0.000138103816425, 0.000111712572107, 5.66975468246e-05, 1.9678946046e-05, 9.17503712117e-06, 5.72576936975e-06, 3.78885556529e-06, 4.30130558016e-06, 6.42762915959e-06, 1.38838395287e-05, 3.30435409523e-06, 1.86333011243e-06, 3.0684907415e-06, 3.19553009831e-06, 3.26630765812e-06, 2.6958671242e-06, 2.32298407354e-06, 1.6393827309e-06, 1.96260134544e-06, 1.45212266034e-06, 1.18882951483e-06],
        "var": [3.57080921276e-06, 7.52965888751e-07, 3.08963137741e-07, 8.37108643736e-07, 9.62300418905e-06, 1.48249773702e-06, 8.01938426775e-07, 8.27785413549e-08, 6.43257521915e-07, 1.99281473101e-07, 2.29316725608e-07, 1.36046711674e-08, 6.51182396894e-09, 6.22076923307e-09, 1.10961400068e-08, 7.35731386925e-09, 1.59424651258e-08, 2.07051567003e-08, 9.41080813277e-09, 1.90726652249e-08, 1.24796981638e-08, 3.21461191e-09, 3.87260917778e-10, 8.4181300819e-11, 3.27844348891e-11, 1.43554257023e-11, 1.85012300619e-11, 4.13144171652e-11, 1.92761001605e-10, 1.09187563505e-11, 3.47199916387e-12, 9.41563580575e-12, 1.02114124448e-11, 1.06687662177e-11, 7.2676990294e-12, 5.3962546237e-12, 2.68757585631e-12, 3.85180385851e-12, 2.10866025162e-12, 1.41331553665e-12]
    },
    "melbands128": {
