{
"lowlevel": {
    "average_loudness": 0.767329692841,
    "barkbands_crest": {
        "dmean": 1.99990475178,
        "dmean2": 3.08939671516,
        "dvar": 5.83905363083,
        "dvar2": 14.452331543,
        "max": 26.5673217773,
        "mean": 16.4538822174,
        "median": 16.1345863342,
        "min": 5.27768087387,
        "stdev": 5.03726053238,
        "var": 25.3739929199
    },
    "barkbands_flatness_db": {
        "dmean": 0.0394317135215,
        "dmean2": 0.0541572123766,
        "dvar": 0.00265402975492,
        "dvar2": 0.00453909533098,
        "max": 0.775982201099,
        "mean": 0.38431468606,
        "median": 0.375274628401,
        "min": 0.0468024834991,
        "stdev": 0.150971010327,
        "var": 0.02279224433
    },
    "barkbands_kurtosis": {
        "dmean": 11.0373687744,
        "dmean2": 16.7149581909,
        "dvar": 654.490783691,
        "dvar2": 1552.93737793,
        "max": 475.729095459,
        "mean": 25.6805286407,
        "median": 13.3180170059,
        "min": -1.60247468948,
        "stdev": 43.3288803101,
        "var": 1877.39172363
    },
    "barkbands_skewness": {
        "dmean": 0.758782088757,
        "dmean2": 1.12365818024,
        "dvar": 1.1437754631,
        "dvar2": 2.71128964424,
        "max": 16.7985286713,
        "mean": 3.08114695549,
        "median": 2.6124856472,
        "min": -2.78583168983,
        "stdev": 2.3432123661,
        "var": 5.49064397812
    },
    "barkbands_spread": {
        "dmean": 1.75969088078,
        "dmean2": 2.69617795944,
        "dvar": 13.2873153687,
        "dvar2": 31.8709697723,
        "max": 46.5240440369,
        "mean": 4.67087650299,
        "median": 2.27546262741,
        "min": 0.0985237881541,
        "stdev": 6.33741044998,
        "var": 40.1627693176
    },
    "dissonance": {
        "dmean": 0.0344875156879,
        "dmean2": 0.0546743012965,
        "dvar": 0.00102805544157,
        "dvar2": 0.00256521813571,
        "max": 0.5,
        "mean": 0.398196190596,
        "median": 0.410938203335,
        "min": 0.101751059294,
        "stdev": 0.0704116821289,
        "var": 0.00495780445635
    },
    "dynamic_complexity": 9.04717254639,
    "erbbands_crest": {
        "dmean": 2.31475520134,
        "dmean2": 3.48776435852,
        "dvar": 6.67703151703,
        "dvar2": 15.8457975388,
        "max": 29.6428794861,
        "mean": 14.2979955673,
        "median": 14.0522003174,
        "min": 2.84722805023,
        "stdev": 5.51676607132,
        "var": 30.4347057343
    },
    "erbbands_flatness_db": {
        "dmean": 0.0278452467173,
        "dmean2": 0.038222886622,
        "dvar": 0.00141341786366,
        "dvar2": 0.00263966619968,
        "max": 0.579326808453,
        "mean": 0.279159784317,
        "median": 0.281265556812,
        "min": 0.0703995078802,
        "stdev": 0.0954877063632,
        "var": 0.00911790225655
    },
    "erbbands_kurtosis": {
        "dmean": 3.7889111042,
        "dmean2": 5.65001010895,
        "dvar": 48.6508140564,
        "dvar2": 110.911949158,
        "max": 128.305831909,
        "mean": 8.98343372345,
        "median": 3.34866189957,
        "min": -1.81715774536,
        "stdev": 13.4215574265,
        "var": 180.138214111
    },
    "erbbands_skewness": {
        "dmean": 0.522921264172,
        "dmean2": 0.761816620827,
        "dvar": 0.392943143845,
        "dvar2": 0.856891095638,
        "max": 9.28126621246,
        "mean": 1.76666557789,
        "median": 1.55047082901,
        "min": -1.38090240955,
        "stdev": 1.43598008156,
        "var": 2.06203889847
    },
    "erbbands_spread": {
        "dmean": 5.97336483002,
        "dmean2": 8.85063266754,
        "dvar": 77.6132583618,
        "dvar2": 157.251968384,
        "max": 101.11063385,
        "mean": 22.8332138062,
        "median": 16.54504776,
        "min": 0.397484749556,
        "stdev": 20.427406311,
        "var": 417.278961182
    },
    "hfc": {
        "dmean": 2.8193359375,
        "dmean2": 3.53677678108,
        "dvar": 52.9516334534,
        "dvar2": 78.1372070312,
        "max": 113.551383972,
        "mean": 5.76221609116,
        "median": 1.59802508354,
        "min": 2.38444698653e-07,
        "stdev": 11.3900632858,
        "var": 129.733551025
    },
    "loudness_ebu128": {
        "integrated": -15.3971672058,
        "loudness_range": 7.46024608612,
        "momentary": {
            "dmean": 2.58260989189,
            "dmean2": 3.19123053551,
            "dvar": 12.5360431671,
            "dvar2": 21.437040329,
            "max": -8.67136573792,
            "mean": -20.1309223175,
            "median": -17.1821212769,
            "min": -71.0001220703,
            "stdev": 9.99874782562,
            "var": 99.9749603271
        },
        "short_term": {
            "dmean": 0.231852844357,
            "dmean2": 0.276227355003,
            "dvar": 0.114886395633,
            "dvar2": 0.174094855785,
            "max": -13.2051038742,
            "mean": -16.9224319458,
            "median": -15.9153213501,
            "min": -27.3233757019,
            "stdev": 3.14435791969,
            "var": 9.88698673248
        }
    },
    "melbands_crest": {
        "dmean": 1.99916541576,
        "dmean2": 3.09381890297,
        "dvar": 5.77655029297,
        "dvar2": 14.4289283752,
        "max": 30.9922389984,
        "mean": 18.751039505,
        "median": 19.1451797485,
        "min": 5.08349990845,
        "stdev": 4.43274927139,
        "var": 19.6492652893
    },
    "melbands_flatness_db": {
        "dmean": 0.0411337204278,
        "dmean2": 0.0532657764852,
        "dvar": 0.00315324869007,
        "dvar2": 0.00527950935066,
        "max": 0.942147552967,
        "mean": 0.487683445215,
        "median": 0.472780406475,
        "min": 0.0902405679226,
        "stdev": 0.176390245557,
        "var": 0.031113518402
    },
    "melbands_kurtosis": {
        "dmean": 13.5413446426,
        "dmean2": 20.7617168427,
        "dvar": 649.008422852,
        "dvar2": 1646.15771484,
        "max": 449.276672363,
        "mean": 32.6913528442,
        "median": 20.1745491028,
        "min": -1.50402772427,
        "stdev": 40.1890792847,
        "var": 1615.16223145
    },
    "melbands_skewness": {
        "dmean": 0.824136376381,
        "dmean2": 1.22162890434,
        "dvar": 1.18238687515,
        "dvar2": 2.79263758659,
        "max": 13.6705055237,
        "mean": 3.28738903999,
        "median": 2.87980127335,
        "min": -1.57044291496,
        "stdev": 2.28451919556,
        "var": 5.21902799606
    },
    "melbands_spread": {
        "dmean": 1.70370471478,
        "dmean2": 2.61230015755,
        "dvar": 15.7043676376,
        "dvar2": 37.3068504333,
        "max": 66.1549224854,
        "mean": 4.44228315353,
        "median": 2.13690781593,
        "min": 0.288825422525,
        "stdev": 5.94051837921,
        "var": 35.2897605896
    },
    "pitch_salience": {
        "dmean": 0.0511977449059,
        "dmean2": 0.0788555368781,
        "dvar": 0.00373603240587,
        "dvar2": 0.00870725885034,
        "max": 0.909904122353,
        "mean": 0.397943943739,
        "median": 0.397246897221,
        "min": 0.07326631248,
        "stdev": 0.130910173059,
        "var": 0.0171374753118
    },
    "silence_rate_20dB": {
        "dmean": 0.00412158668041,
        "dmean2": 0.00824742298573,
        "dvar": 0.00410460773855,
        "dvar2": 0.0112720448524,
        "max": 1,
        "mean": 0.995365619659,
        "median": 1,
        "min": 0,
        "stdev": 0.0679184347391,
        "var": 0.00461291382089
    },
    "silence_rate_30dB": {
        "dmean": 0.0432766601443,
        "dmean2": 0.0865979418159,
        "dvar": 0.0414034351707,
        "dvar2": 0.0852836892009,
        "max": 1,
        "mean": 0.924819767475,
        "median": 1,
        "min": 0,
        "stdev": 0.263683259487,
        "var": 0.0695288553834
    },
    "silence_rate_60dB": {
        "dmean": 0.0396702736616,
        "dmean2": 0.0793814435601,
        "dvar": 0.0380970574915,
        "dvar2": 0.0751423463225,
        "max": 1,
        "mean": 0.321318238974,
        "median": 0,
        "min": 0,
        "stdev": 0.466978371143,
        "var": 0.218068808317
    },
    "spectral_centroid": {
        "dmean": 99.8949050903,
        "dmean2": 149.04800415,
        "dvar": 40222.9882812,
        "dvar2": 92785.09375,
        "max": 2982.57202148,
        "mean": 410.096557617,
        "median": 295.269836426,
        "min": 87.7528305054,
        "stdev": 348.073303223,
        "var": 121155.03125
    },
    "spectral_complexity": {
        "dmean": 1.23235440254,
        "dmean2": 1.88041234016,
        "dvar": 5.4106965065,
        "dvar2": 10.3424434662,
        "max": 28,
        "mean": 4.51699256897,
        "median": 4,
        "min": 0,
        "stdev": 3.98948049545,
        "var": 15.9159545898
    },
    "spectral_decrease": {
        "dmean": 3.06032732489e-09,
        "dmean2": 3.96857169349e-09,
        "dvar": 6.16221630735e-17,
        "dvar2": 1.04074276485e-16,
        "max": -1.51389735442e-16,
        "mean": -8.04052380232e-09,
        "median": -2.62160337883e-09,
        "min": -1.49569913788e-07,
        "stdev": 1.45613503477e-08,
        "var": 2.12032926951e-16
    },
    "spectral_energy": {
        "dmean": 0.0117905773222,
        "dmean2": 0.0152750210837,
        "dvar": 0.000906140601728,
        "dvar2": 0.00152398494538,
        "max": 0.570842683315,
        "mean": 0.030869429931,
        "median": 0.0100673707202,
        "min": 5.93006532768e-10,
        "stdev": 0.0557514168322,
        "var": 0.00310822064057
    },
    "spectral_energyband_high": {
        "dmean": 3.6625075154e-05,
        "dmean2": 6.01220235694e-05,
        "dvar": 1.67586602373e-08,
        "dvar2": 4.31077644691e-08,
        "max": 0.00143459788524,
        "mean": 4.00396165787e-05,
        "median": 5.54679331799e-07,
        "min": 5.08088709994e-12,
        "stdev": 0.000141081764014,
        "var": 1.99040641746e-08
    },
    "spectral_energyband_low": {
        "dmean": 0.00792270991951,
        "dmean2": 0.0107456007972,
        "dvar": 0.000649260240607,
        "dvar2": 0.00120973505545,
        "max": 0.499348104,
        "mean": 0.0230473261327,
        "median": 0.0052070338279,
        "min": 1.590706733e-10,
        "stdev": 0.0481844507158,
        "var": 0.00232174131088
    },
    "spectral_energyband_middle_high": {
        "dmean": 0.000544367183466,
        "dmean2": 0.000745969300624,
        "dvar": 7.9261344581e-06,
        "dvar2": 1.31893866637e-05,
        "max": 0.0697281509638,
        "mean": 0.000682647863869,
        "median": 3.13341806759e-05,
        "min": 3.11104059181e-11,
        "stdev": 0.00351644493639,
        "var": 1.23653853734e-05
    },
    "spectral_energyband_middle_low": {
        "dmean": 0.00500174891204,
        "dmean2": 0.00642320234329,
        "dvar": 0.000208798650419,
        "dvar2": 0.000327449961333,
        "max": 0.251949131489,
        "mean": 0.00945204496384,
        "median": 0.00170344882645,
        "min": 4.25862484166e-10,
        "stdev": 0.0221093576401,
        "var": 0.000488823687192
    },
    "spectral_entropy": {
        "dmean": 0.298295557499,
        "dmean2": 0.410723656416,
        "dvar": 0.198934555054,
        "dvar2": 0.375153064728,
        "max": 8.39521026611,
        "mean": 5.64279603958,
        "median": 5.60379123688,
        "min": 2.98523569107,
        "stdev": 1.10955703259,
        "var": 1.2311167717
    },
    "spectral_flux": {
        "dmean": 0.021669505164,
        "dmean2": 0.0360522940755,
        "dvar": 0.0018796287477,
        "dvar2": 0.00453587481752,
        "max": 0.517507314682,
        "mean": 0.0411119274795,
        "median": 0.0157553367317,
        "min": 2.43517260969e-05,
        "stdev": 0.0617814101279,
        "var": 0.00381694245152
    },
    "spectral_kurtosis": {
        "dmean": 20.6304340363,
        "dmean2": 32.6936416626,
        "dvar": 1222.28869629,
        "dvar2": 2712.01513672,
        "max": 652.133972168,
        "mean": 55.5847511292,
        "median": 23.2976531982,
        "min": 0.827742815018,
        "stdev": 79.1186523438,
        "var": 6259.76123047
    },
    "spectral_rms": {
        "dmean": 0.000752734311391,
        "dmean2": 0.000924625142943,
        "dvar": 2.15814111471e-06,
        "dvar2": 3.24382631334e-06,
        "max": 0.023599145934,
        "mean": 0.00408094283193,
        "median": 0.00313397916034,
        "min": 7.60620139317e-07,
        "stdev": 0.00366911827587,
        "var": 1.34624297061e-05
    },
    "spectral_rolloff": {
        "dmean": 85.3114471436,
        "dmean2": 148.633865356,
        "dvar": 67556.59375,
        "dvar2": 168065.5625,
        "max": 3552.97851562,
        "mean": 310.886810303,
        "median": 193.798828125,
        "min": 64.599609375,
        "stdev": 337.957427979,
        "var": 114215.21875
    },
    "spectral_skewness": {
        "dmean": 1.06699693203,
        "dmean2": 1.67459487915,
        "dvar": 1.66377186775,
        "dvar2": 3.26896166801,
        "max": 22.3742141724,
        "mean": 4.85477924347,
        "median": 3.5875658989,
        "min": 0.845396995544,
        "stdev": 3.6599919796,
        "var": 13.3955421448
    },
    "spectral_spread": {
        "dmean": 538100.6875,
        "dmean2": 838502.1875,
        "dvar": 543657230336,
        "dvar2": 1.18145666253e+12,
        "max": 9675531,
        "mean": 2360763.5,
        "median": 1996854,
        "min": 194588.984375,
        "stdev": 1471373.125,
        "var": 2.16493889946e+12
    },
    "spectral_strongpeak": {
        "dmean": 0.248496189713,
        "dmean2": 0.356033623219,
        "dvar": 0.36500787735,
        "dvar2": 0.651232421398,
        "max": 9.14230251312,
        "mean": 0.600833833218,
        "median": 0.341718435287,
        "min": 0,
        "stdev": 0.917755186558,
        "var": 0.842274606228
    },
    "zerocrossingrate": {
        "dmean": 0.00326426466927,
        "dmean2": 0.00410332437605,
        "dvar": 3.03207016259e-05,
        "dvar2": 4.35163128714e-05,
        "max": 0.11083984375,
        "mean": 0.0158502832055,
        "median": 0.01025390625,
        "min": 0.001953125,
        "stdev": 0.0156545564532,
        "var": 0.000245065166382
    },
    "barkbands": {
        "dmean": [3.98518568545e-05, 0.00490200472996, 0.00352299027145, 0.00144839764107, 0.000709453772288, 0.00233472650871, 0.000975625764113, 4.6919718443e-05, 0.000119140022434, 8.56860933709e-05, 0.000239861750742, 5.76102756895e-05, 5.53180689167e-05, 2.73070618277e-05, 3.2109048334e-05, 3.17763988278e-05, 4.20152355218e-05, 3.21985098708e-05, 3.5174725781e-05, 1.11944518721e-05, 1.18999387269e-05, 6.85222357788e-06, 5.32458125235e-06, 6.11267751083e-06, 2.69075826509e-06, 1.48538435951e-06, 1.11674403058e-07],
        "dmean2": [6.20934952167e-05, 0.00679586920887, 0.0053748539649, 0.00208111223765, 0.000928948342334, 0.00304154702462, 0.0013240117114, 7.6771590102e-05, 0.00017287764058, 0.000134823887493, 0.000323158223182, 8.88862850843e-05, 7.77957684477e-05, 3.86616920878e-05, 5.23716080352e-05, 4.24761274189e-05, 6.44631727482e-05, 5.16638028785e-05, 5.67421229789e-05, 1.80554925464e-05, 1.98872985493e-05, 1.15739403554e-05, 8.34557795315e-06, 1.0384665984e-05, 4.79448135593e-06, 2.74419107882e-06, 2.0805954648e-07],
        "dvar": [1.60436162133e-08, 0.000252500263741, 0.000216963075218, 2.91847172775e-05, 1.15438588182e-05, 0.000100392207969, 1.79994858627e-05, 3.16627755126e-08, 3.15102909099e-07, 1.46864351791e-07, 4.64212780571e-06, 1.25003367657e-07, 5.43292451027e-08, 3.87957506121e-08, 2.83466121687e-08, 1.60455329024e-08, 4.43198260314e-08, 5.55253265588e-08, 3.93030532564e-08, 1.68299219006e-09, 1.96843230604e-09, 6.54492793295e-10, 4.20488782682e-10, 5.63213697902e-10, 1.01397494567e-10, 3.55648149819e-11, 3.27688370145e-13],
        "dvar2": [3.35748211455e-08, 0.000525516807102, 0.000429448584327, 6.01598076173e-05, 2.20790861931e-05, 0.000156925525516, 3.08094495267e-05, 8.36545765992e-08, 6.63064838591e-07, 3.21300774431e-07, 7.63354364608e-06, 3.25552662161e-07, 1.0705827691e-07, 7.6048152664e-08, 7.27332860606e-08, 3.0432577347e-08, 9.9355617067e-08, 1.44204904018e-07, 1.03126026829e-07, 4.34218350165e-09, 5.06014208312e-09, 1.72649505803e-09, 9.82063985688e-10, 1.52401447018e-09, 2.75742706446e-10, 1.03408996643e-10, 9.38223023578e-13],
        "max": [0.00371167995036, 0.376485586166, 0.323702394962, 0.123767547309, 0.0890861973166, 0.154273882508, 0.091270647943, 0.00360736693256, 0.0128615284339, 0.00627756351605, 0.0577743053436, 0.00956456176937, 0.00465564103797, 0.00518122734502, 0.00265407678671, 0.0020591923967, 0.00268242415041, 0.0048028100282, 0.0038915539626, 0.000723808829207, 0.000463228061562, 0.000271790282568, 0.000297677150229, 0.000228015356697, 8.89822185854e-05, 7.70501064835e-05, 8.2297847257e-06],
        "mean": [7.93950530351e-05, 0.0142707666382, 0.00635424908251, 0.00317427841946, 0.00122542411555, 0.00306207174435, 0.00174630736001, 6.3213010435e-05, 0.000154226159793, 9.68723325059e-05, 0.000248564319918, 6.46221815259e-05, 7.70013211877e-05, 3.26978042722e-05, 3.30356779159e-05, 3.69002264051e-05, 4.10363536503e-05, 2.93863267871e-05, 3.14474891638e-05, 1.38701789183e-05, 1.24216503536e-05, 7.03080559106e-06, 5.57250496058e-06, 5.45461716683e-06, 2.55755799117e-06, 9.93086700873e-07, 6.97433719665e-08],
        "median": [4.69770566269e-06, 0.00282471626997, 0.000574611360207, 0.00040013587568, 0.00020330886764, 7.37183072488e-05, 1.9445495127e-05, 3.03901697407e-06, 4.06810158893e-06, 2.24791847359e-06, 1.6311410036e-06, 1.2100991853e-06, 1.54692929755e-06, 3.5304142898e-07, 8.30922317618e-07, 7.98292717263e-07, 6.9587474627e-07, 3.94078739419e-07, 3.86134900054e-07, 2.93612032465e-07, 1.19023432887e-07, 5.56816956987e-08, 2.50912179922e-08, 1.36491831171e-08, 5.04838659765e-09, 1.84240900314e-09, 2.96415419987e-10],
        "min": [2.20450697627e-12, 5.40468052257e-11, 6.6735061921e-11, 6.64620372626e-11, 1.63469002223e-10, 1.29635815971e-10, 3.9339614899e-11, 8.42145624069e-12, 1.38558470253e-11, 1.28376666936e-11, 2.80908889899e-12, 1.04588766033e-12, 3.8885301229e-12, 1.60525618405e-12, 1.93947548993e-12, 4.2311041823e-12, 2.66539785035e-12, 9.92585896288e-13, 1.12575638915e-12, 6.83865399205e-13, 3.45480588582e-13, 7.25163906787e-13, 6.46218376119e-13, 6.87515311609e-13, 1.42701470215e-14, 3.47768921781e-15, 1.30705357629e-15],
        "stdev": [0.000232004618738, 0.0304555427283, 0.0204799510539, 0.00948635023087, 0.00465521914884, 0.0140930507332, 0.00632166536525, 0.000213983104913, 0.000725551159121, 0.00041136573418, 0.00267695775256, 0.00032829734846, 0.000296008365694, 0.000244336057222, 0.000154643770657, 0.000159468865604, 0.000214323954424, 0.000204703494092, 0.000174322878593, 4.45895166195e-05, 4.65866360173e-05, 2.60689066636e-05, 2.42309997702e-05, 2.34468770941e-05, 1.0379683772e-05, 4.68145253762e-06, 4.36084633293e-07],
        "var": [5.3826141766e-08, 0.000927540124394, 0.00041942842654, 8.99908336578e-05, 2.1671063223e-05, 0.000198614085093, 3.99634554924e-05, 4.57887665561e-08, 5.26424514646e-07, 1.69221777924e-07, 7.16610338714e-06, 1.07779158043e-07, 8.76209469425e-08, 5.97001132974e-08, 2.39146960013e-08, 2.54303174074e-08, 4.59347582193e-08, 4.19035224297e-08, 3.0388466854e-08, 1.98822514008e-09, 2.17031459471e-09, 6.79587941477e-10, 5.87141335551e-10, 5.49756073998e-10, 1.07737832544e-10, 2.19159985299e-11, 1.90169806443e-13]
    },
    "erbbands": {
        "dmean": [0.11632810533, 1.22477126122, 3.49499821663, 4.96728038788, 2.67357826233, 2.46064186096, 6.82763433456, 20.317855835, 20.875371933, 4.16049957275, 1.27653980255, 2.94988465309, 2.4497859478, 9.24554252625, 4.07416343689, 2.35198068619, 2.76492714882, 1.01912474632, 2.26128959656, 1.52805054188, 1.31810033321, 2.24375629425, 2.32289958, 1.02940165997, 1.98279929161, 0.547777175903, 0.550552845001, 0.40890750289, 0.231670692563, 0.215891256928, 0.14815993607, 0.136302232742, 0.0924963951111, 0.0337849743664, 0.0178916696459, 0.00731888413429, 0.00256311753765, 0.000498004083056, 1.5721154341e-05, 1.30233183882e-05],
        "dmean2": [0.165197506547, 1.65579724312, 5.10440683365, 7.37330532074, 3.7656917572, 3.3205177784, 8.98282623291, 26.6341285706, 27.767375946, 6.06194067001, 1.96942126751, 4.18872117996, 3.78204131126, 12.6640777588, 5.76860618591, 3.51984071732, 3.89116406441, 1.44546115398, 3.46036171913, 2.10819911957, 1.80165100098, 3.46237373352, 3.71619796753, 1.61064863205, 3.18639135361, 0.864122569561, 0.928905725479, 0.649941086769, 0.380678296089, 0.35499984026, 0.236242249608, 0.231659680605, 0.158108770847, 0.0592560879886, 0.0312495473772, 0.0129146529362, 0.00481245620176, 0.00093481480144, 2.62005851255e-05, 1.67938396771e-05],
        "dvar": [0.153492331505, 15.1395998001, 203.432815552, 310.881500244, 84.7183380127, 200.084686279, 1007.17919922, 7594.04052734, 11738.9306641, 214.960250854, 15.560385704, 218.180526733, 132.249771118, 7066.18505859, 515.434936523, 116.791572571, 123.115455627, 20.9736175537, 143.077758789, 35.0096626282, 23.5589199066, 139.140472412, 284.247802734, 18.6028156281, 162.789169312, 4.01432514191, 5.4884519577, 2.52476978302, 0.748768687248, 0.859717786312, 0.311520755291, 0.345228463411, 0.144595354795, 0.0156222656369, 0.00418067863211, 0.000836952298414, 0.000118476746138, 4.18589524998e-06, 2.6130788644e-09, 1.07422137852e-09],
        "dvar2": [0.320888549089, 31.1644515991, 370.131896973, 646.989990234, 179.832550049, 400.296936035, 1510.55383301, 12284.4589844, 17891.1425781, 491.259857178, 37.0753974915, 450.110351562, 296.271148682, 11556.3720703, 921.019836426, 292.652160645, 245.656784058, 39.5149497986, 326.199432373, 64.5064544678, 45.8870162964, 307.843780518, 739.542663574, 46.7940788269, 430.181213379, 9.81697177887, 14.6235179901, 6.36423683167, 1.91352474689, 2.284709692, 0.726821184158, 0.961129665375, 0.391953468323, 0.0421796441078, 0.0112873604521, 0.00236672232859, 0.000346701155649, 1.20984705063e-05, 6.87651491305e-09, 1.78819270502e-09],
        "max": [13.0715999603, 83.4745941162, 316.593139648, 356.676177979, 173.419937134, 355.258789062, 592.40612793, 1383.10656738, 2443.20288086, 331.976745605, 58.4255981445, 353.912353516, 170.625640869, 2210.57421875, 519.981384277, 235.399795532, 197.98135376, 69.3137435913, 238.215454102, 86.142906189, 77.3083343506, 169.320678711, 339.561706543, 52.9007568359, 266.056274414, 46.7718582153, 27.0631790161, 24.7537746429, 11.4935731888, 12.4592752457, 7.38075828552, 7.50347566605, 5.85102415085, 1.29004907608, 0.58498030901, 0.391742557287, 0.137477993965, 0.0166532676667, 0.00066966220038, 0.000619222933892],
        "mean": [0.306931316853, 3.60197377205, 7.63676166534, 10.4111557007, 5.59567117691, 4.08476114273, 9.88490772247, 26.2571868896, 29.7023639679, 12.5235290527, 2.08196616173, 4.01403427124, 2.61757230759, 10.0623426437, 4.22622537613, 2.93997383118, 3.90233469009, 1.38156247139, 2.42186307907, 1.96756911278, 1.60277915001, 2.17461490631, 2.05271458626, 1.02412521839, 1.82712519169, 0.689418613911, 0.527594268322, 0.457849085331, 0.247139438987, 0.218631386757, 0.15003067255, 0.11923084408, 0.0832330286503, 0.0317750051618, 0.0157145000994, 0.00559701537713, 0.0016664477298, 0.00030459757545, 2.18750847125e-05, 3.40378355759e-05],
        "median": [0.0846616998315, 0.604272484779, 1.21397101879, 1.29282712936, 1.32945096493, 0.684220194817, 0.69666159153, 0.645473361015, 0.425953537226, 0.194689542055, 0.149990200996, 0.146837428212, 0.103068776429, 0.122975930572, 0.0979920253158, 0.0677364468575, 0.0961771383882, 0.053252607584, 0.071682266891, 0.0542891360819, 0.0474250689149, 0.0388763099909, 0.031291756779, 0.0254306308925, 0.0164949819446, 0.0154845062643, 0.00888768583536, 0.00344165600836, 0.00211448967457, 0.00130700645968, 0.000659294542857, 0.000383188365959, 0.000198364461539, 9.27265209612e-05, 4.20563810621e-05, 2.29754405154e-05, 8.04300361779e-06, 8.71073439157e-07, 5.18714432474e-06, 1.12589041237e-05],
        "min": [1.55032220395e-09, 1.28042216829e-08, 6.53175291632e-08, 1.62315089369e-07, 3.4960774542e-07, 5.96626023253e-07, 8.81766652583e-07, 1.03643924376e-06, 7.61882063216e-07, 3.02109441463e-07, 2.18407109287e-07, 3.08751793909e-07, 3.97302784449e-07, 3.01749395248e-07, 6.65225883267e-08, 5.96686362542e-08, 1.86448616546e-07, 8.34167295238e-08, 1.05253128879e-07, 1.6526595914e-07, 1.71453706344e-07, 1.60031888186e-07, 8.51957366876e-08, 5.19106890806e-08, 5.21546752452e-08, 3.18711812497e-08, 1.95465155173e-08, 1.30360220396e-08, 2.21883933449e-08, 2.46476421495e-08, 2.02974685948e-08, 1.32392887764e-08, 1.12851212819e-08, 6.55836318586e-09, 5.45228351356e-09, 4.36279501415e-09, 1.78370296311e-09, 4.41642916682e-10, 1.42779565948e-10, 8.2146286301e-12],
        "stdev": [0.789406716824, 7.34952306747, 21.3348560333, 28.5320568085, 13.7577180862, 18.7288341522, 46.257068634, 120.647956848, 150.932327271, 37.4426078796, 5.23903608322, 19.5279121399, 11.8598546982, 104.509780884, 27.0460510254, 11.4024143219, 14.1999492645, 5.56680679321, 13.1353111267, 7.44979524612, 5.91486549377, 12.1735973358, 14.5661354065, 4.01211595535, 11.1860942841, 2.23307847977, 2.12786650658, 1.78010487556, 0.917939245701, 0.917462825775, 0.658506929874, 0.538722932339, 0.372601538897, 0.129050791264, 0.0647357925773, 0.0248523820192, 0.00830536242574, 0.00155712664127, 4.99985981151e-05, 6.08724585618e-05],
        "var": [0.623162925243, 54.0154876709, 455.176055908, 814.078308105, 189.274810791, 350.769226074, 2139.71655273, 14555.9296875, 22780.5683594, 1401.94885254, 27.4474983215, 381.339355469, 140.656143188, 10922.2949219, 731.488830566, 130.015045166, 201.638565063, 30.9893360138, 172.536392212, 55.4994506836, 34.9856338501, 148.196472168, 212.172286987, 16.0970745087, 125.128707886, 4.98663949966, 4.52781629562, 3.1687734127, 0.842612504959, 0.841738045216, 0.433631360531, 0.290222376585, 0.13883189857, 0.0166541077197, 0.00419072294608, 0.000617640849669, 6.89790467732e-05, 2.42464352596e-06, 2.49985965262e-09, 3.70545638617e-09]
    },
    "gfcc": {
        "mean": [-250.786376953, 178.034881592, -65.9183425903, 40.2941131592, -26.5660800934, -1.00709569454, -19.7025527954, -7.19854068756, -12.952580452, -9.36706352234, -0.987711012363, -11.0094585419, -2.22264695168],
        "cov": [[24045.1386719, -1310.52087402, -2867.91113281, 414.83380127, -1169.90246582, 314.150299072, -343.278076172, 604.31262207, 295.634216309, 912.135314941, 461.427124023, 454.031280518, 217.915405273], [-1310.52087402, 2113.08496094, 1090.67126465, -246.458190918, 812.786254883, -310.307556152, 449.250061035, -209.017745972, 444.865661621, -158.286697388, 154.294128418, -342.043701172, 88.667640686], [-2867.91113281, 1090.67126465, 2625.47509766, 111.294471741, 1022.58581543, 22.4385623932, 416.641418457, 49.0203895569, 316.510772705, -70.2774658203, -108.436332703, -203.282669067, 7.27036762238], [414.83380127, -246.458190918, 111.294471741, 520.430297852, 106.269073486, 101.99155426, -9.82660961151, 6.52993059158, 3.16649532318, -8.89895439148, -7.3877415657, -20.2818241119, 97.6240310669], [-1169.90246582, 812.786254883, 1022.58581543, 106.269073486, 841.201477051, 83.935760498, 350.836975098, -10.6145734787, 239.548538208, -7.21622180939, 4.54078102112, -151.967926025, 38.4399108887], [314.150299072, -310.307556152, 22.4385623932, 101.99155426, 83.935760498, 344.58493042, 78.3533782959, 77.9892807007, -70.0441360474, 61.8725776672, -22.490196228, 32.2277259827, -14.5988168716], [-343.278076172, 449.250061035, 416.641418457, -9.82660961151, 350.836975098, 78.3533782959, 292.710113525, 22.8224067688, 126.610443115, 19.5929851532, 62.6477737427, -67.2647323608, 2.76009225845], [604.31262207, -209.017745972, 49.0203895569, 6.52993059158, -10.6145734787, 77.9892807007, 22.8224067688, 205.372497559, 55.4862098694, 70.6117095947, -16.6986789703, 69.1626358032, -12.2439527512], [295.634216309, 444.865661621, 316.510772705, 3.16649532318, 239.548538208, -70.0441360474, 126.610443115, 55.4862098694, 284.303924561, 84.8453598022, 59.3546905518, -55.6682319641, 27.7282085419], [912.135314941, -158.286697388, -70.2774658203, -8.89895439148, -7.21622180939, 61.8725776672, 19.5929851532, 70.6117095947, 84.8453598022, 238.932022095, 52.4887313843, 15.5098199844, -46.189491272], [461.427124023, 154.294128418, -108.436332703, -7.3877415657, 4.54078102112, -22.490196228, 62.6477737427, -16.6986789703, 59.3546905518, 52.4887313843, 160.00579834, 8.1160326004, -7.18569612503], [454.031280518, -342.043701172, -203.282669067, -20.2818241119, -151.967926025, 32.2277259827, -67.2647323608, 69.1626358032, -55.6682319641, 15.5098199844, 8.1160326004, 202.636886597, 29.8185558319], [217.915405273, 88.667640686, 7.27036762238, 97.6240310669, 38.4399108887, -14.5988168716, 2.76009225845, -12.2439527512, 27.7282085419, -46.189491272, -7.18569612503, 29.8185558319, 178.330429077]],
        "icov": [[7.18658411643e-05, -0.000174080836587, 7.43810014683e-05, -0.000158100257977, 0.000118588293844, -0.000105228245957, 0.000111955589091, -0.000238394204644, 5.50331387785e-05, -0.000299378996715, -3.73296131784e-07, -0.000128728759591, -3.46136403095e-05], [-0.000174080836587, 0.00484866928309, -0.000567163631786, 0.00316475261934, -0.00188329082448, 0.00167146499734, -0.00207130610943, 0.0029269666411, -0.00401106430218, 0.00406571803614, -0.0031568899285, 0.00400204444304, -0.00225129583851], [7.43810014683e-05, -0.000567163631786, 0.000942626211327, -0.00052274815971, -0.00061571324477, 8.28107877169e-05, -3.6581994209e-05, -0.000700791191775, 0.000215599662624, -0.000398538802983, 0.00101716641802, -0.000506056123413, 0.000519651453942], [-0.000158100257977, 0.00316475261934, -0.00052274815971, 0.00474485009909, -0.00183110672515, 8.27870280773e-06, 0.000236691659666, 0.00159287499264, -0.00237767025828, 0.00285574910231, -0.00297390762717, 0.00350347626954, -0.00305172451772], [0.000118588293844, -0.00188329082448, -0.00061571324477, -0.00183110672515, 0.00527967978269, -0.00163297588006, -0.00250618718565, 0.000449351442512, -0.000719449599274, -0.00135391659569, 0.00242945691571, -0.00130513752811, 0.000694202433806], [-0.000105228245957, 0.00167146499734, 8.28107877169e-05, 8.27870280773e-06, -0.00163297588006, 0.00633665453643, -0.00327801029198, -0.00086136063328, 0.00235739490017, -0.000663493352477, 0.000153324304847, 0.000884458597284, -0.000528167292941], [0.000111955589091, -0.00207130610943, -3.6581994209e-05, 0.000236691659666, -0.00250618718565, -0.00327801029198, 0.0113202258945, -0.00291732093319, 0.000909585913178, -0.000587064772844, -0.00360300997272, 4.25105245085e-05, 0.000215572552406], [-0.000238394204644, 0.0029269666411, -0.000700791191775, 0.00159287499264, 0.000449351442512, -0.00086136063328, -0.00291732093319, 0.0108255343512, -0.00610662857071, 0.00200705230236, 0.00128402758855, -0.00118989718612, 0.000333675183356], [5.50331387785e-05, -0.00401106430218, 0.000215599662624, -0.00237767025828, -0.000719449599274, 0.00235739490017, 0.000909585913178, -0.00610662857071, 0.013143136166, -0.00654219510034, 0.000423538789619, -0.0012949265074, -0.000369874062017], [-0.000299378996715, 0.00406571803614, -0.000398538802983, 0.00285574910231, -0.00135391659569, -0.000663493352477, -0.000587064772844, 0.00200705230236, -0.00654219510034, 0.0106528867036, -0.00402576336637, 0.00313855428249, 0.000271080905804], [-3.73296131784e-07, -0.0031568899285, 0.00101716641802, -0.00297390762717, 0.00242945691571, 0.000153324304847, -0.00360300997272, 0.00128402758855, 0.000423538789619, -0.00402576336637, 0.0128967314959, -0.00498021021485, 0.00303326942958], [-0.000128728759591, 0.00400204444304, -0.000506056123413, 0.00350347626954, -0.00130513752811, 0.000884458597284, 4.25105245085e-05, -0.00118989718612, -0.0012949265074, 0.00313855428249, -0.00498021021485, 0.0113955400884, -0.0045503154397], [-3.46136403095e-05, -0.00225129583851, 0.000519651453942, -0.00305172451772, 0.000694202433806, -0.000528167292941, 0.000215572552406, 0.000333675183356, -0.000369874062017, 0.000271080905804, 0.00303326942958, -0.0045503154397, 0.00925616174936]]
    },
    "melbands": {
        "dmean": [0.00126233207993, 0.00161238445435, 0.000748687598389, 0.000180253380677, 0.00021001692221, 0.000482702598674, 0.000292698881822, 3.2044328691e-05, 1.09506745503e-05, 1.87571749848e-05, 1.08908334369e-05, 3.4786931792e-05, 1.96108358068e-05, 7.60459170124e-06, 5.29740555066e-06, 5.25093810211e-06, 1.64448010764e-06, 3.79529296879e-06, 2.19152821046e-06, 2.62286062025e-06, 1.27471162159e-06, 2.49262734542e-06, 2.52738436757e-06, 1.36643097903e-06, 7.53038591483e-07, 1.55126292611e-06, 8.08607808267e-07, 2.75845593478e-07, 4.04621431471e-07, 2.47239626106e-07, 2.56539891552e-07, 1.38328260846e-07, 1.24258775713e-07, 1.19725470427e-07, 9.7942255195e-08, 6.90968064987e-08, 9.34214341441e-08, 7.99165604803e-08, 3.39995729348e-08, 2.76479994454e-08],
        "dmean2": [0.00178069493268, 0.0022577913478, 0.00111892807763, 0.000240160297835, 0.000275169179076, 0.000629147631116, 0.000393583031837, 4.8814159527e-05, 1.63895292644e-05, 2.72763936664e-05, 1.71452120412e-05, 4.81295173813e-05, 2.70916261798e-05, 1.18236021081e-05, 7.67868823459e-06, 7.19163790563e-06, 2.46056288233e-06, 5.68833729631e-06, 3.4834406506e-06, 3.31823616762e-06, 1.87203181667e-06, 3.78394702238e-06, 4.15484964833e-06, 2.14111764762e-06, 1.1906047348e-06, 2.52684299085e-06, 1.29423801809e-06, 4.30680302088e-07, 7.00022951605e-07, 4.04708856649e-07, 4.23427081842e-07, 2.28256510582e-07, 2.12540982147e-07, 1.93125416104e-07, 1.57276105028e-07, 1.1855129145e-07, 1.59470715744e-07, 1.34794589712e-07, 6.09239378946e-08, 4.86240736564e-08],
        "dvar": [1.73367661773e-05, 3.15454235533e-05, 6.62555839881e-06, 8.40095651711e-07, 8.93641924904e-07, 4.39640143668e-06, 2.14405508814e-06, 1.45607579327e-08, 1.45663880957e-09, 8.82737438701e-09, 3.00218516713e-09, 9.68670477164e-08, 2.12522195397e-08, 2.33783481463e-09, 3.31909194573e-10, 6.79233946865e-10, 8.34670318972e-11, 4.91244211975e-10, 1.04505924747e-10, 1.23158719334e-10, 2.92498178456e-11, 2.35477831678e-10, 2.46959841466e-10, 9.46517031419e-11, 1.35189949513e-11, 1.05109761173e-10, 1.51105256779e-11, 1.27065263693e-12, 3.96271297026e-12, 9.17788848392e-13, 1.50085662214e-12, 3.65208568682e-13, 3.05417095694e-13, 2.4039524169e-13, 1.58846961734e-13, 7.11964599147e-14, 1.89293405169e-13, 1.14570259204e-13, 1.96449014147e-14, 1.08228499811e-14],
        "dvar2": [3.68772853108e-05, 5.72744647798e-05, 1.40219390232e-05, 1.65329902302e-06, 1.34639253702e-06, 6.88013187755e-06, 3.33419961862e-06, 3.42442767476e-08, 2.95077362544e-09, 1.9342225599e-08, 6.87150247813e-09, 1.58521771709e-07, 3.51649660502e-08, 6.04798611192e-09, 6.76756761742e-10, 1.28563337753e-09, 1.64236929612e-10, 1.04665431877e-09, 2.63714688975e-10, 2.0203569373e-10, 6.19669593416e-11, 5.00716912377e-10, 6.41769415388e-10, 2.42812242535e-10, 3.44958818455e-11, 2.77758954725e-10, 3.9343146796e-11, 3.13388833113e-12, 1.09136423856e-11, 2.2047704374e-12, 4.07127977164e-12, 9.43398787909e-13, 8.30613572714e-13, 6.1956895777e-13, 3.65703046188e-13, 1.9333483653e-13, 5.29709576983e-13, 3.03594199476e-13, 5.54438256645e-14, 2.91844659875e-14],
        "max": [0.11272136122, 0.119483418763, 0.0479109250009, 0.024411091581, 0.0175748541951, 0.0361075624824, 0.0331093706191, 0.00299169495702, 0.000992093235254, 0.00192997930571, 0.000837704574224, 0.00816175527871, 0.00384254334494, 0.00134905637242, 0.000273275305517, 0.000646715052426, 0.00016526239051, 0.000528251577634, 0.000133843830554, 0.000213444451219, 9.47412991081e-05, 0.000243571994361, 0.000230833640671, 0.000201170449145, 5.22691298102e-05, 0.000215434847632, 7.11577959009e-05, 3.11658805003e-05, 2.38261782215e-05, 1.66712361533e-05, 2.26498432312e-05, 9.09659229364e-06, 7.22578079149e-06, 6.12985877524e-06, 6.03432408752e-06, 3.65467394658e-06, 5.90097533859e-06, 4.44119905296e-06, 1.74651927409e-06, 9.33003832415e-07],
        "mean": [0.00354931922629, 0.0042617241852, 0.00158447260037, 0.000327376066707, 0.000305265508359, 0.000624766515102, 0.000441940443125, 0.000104645216197, 1.58787097462e-05, 2.40668887272e-05, 1.11884346552e-05, 3.7956979213e-05, 2.04326715902e-05, 7.71745362727e-06, 8.22256060928e-06, 6.94307345839e-06, 2.10664143196e-06, 4.10284837926e-06, 2.29943202612e-06, 3.22257687912e-06, 1.51641916091e-06, 2.47437765211e-06, 2.08574942917e-06, 1.33016601467e-06, 7.30273370664e-07, 1.34672143304e-06, 8.60170700889e-07, 3.68470637113e-07, 3.52077051957e-07, 2.90207395892e-07, 2.57622815525e-07, 1.47411029161e-07, 1.17214376871e-07, 1.19742225024e-07, 9.67315330058e-08, 6.15164950091e-08, 8.00599053719e-08, 7.23096604816e-08, 2.94458661898e-08, 2.56777994423e-08],
        "median": [0.000775241525844, 0.000923254119698, 0.000284454610664, 7.49408136471e-05, 2.40167137235e-05, 1.24316529764e-05, 5.66171274841e-06, 1.23393328977e-06, 8.76375452208e-07, 5.4220720358e-07, 3.86150077247e-07, 3.70927523363e-07, 2.43540853262e-07, 1.52950036636e-07, 1.46353272612e-07, 1.61625649753e-07, 5.32529433883e-08, 9.93131621385e-08, 6.10403247947e-08, 6.53553087204e-08, 3.94561645578e-08, 3.61489682632e-08, 2.10770867426e-08, 1.99202734308e-08, 1.63402411602e-08, 1.16633387393e-08, 8.80760353539e-09, 8.69247784863e-09, 6.01159655389e-09, 2.49134690655e-09, 1.5366139472e-09, 9.93410909089e-10, 8.66418603529e-10, 5.81866554938e-10, 3.55972418209e-10, 2.19851886696e-10, 1.99166821924e-10, 1.27559240948e-10, 8.31913704591e-11, 5.88428472614e-11],
        "min": [1.48352285317e-11, 2.87116858066e-11, 3.35799964224e-11, 3.37034289366e-11, 3.06327740951e-11, 2.35386970332e-11, 1.08577140334e-11, 2.74937950011e-12, 1.8298364126e-12, 1.96586648869e-12, 1.99974975815e-12, 1.29642119522e-12, 2.75882561154e-13, 1.31142872169e-13, 3.23569052411e-13, 3.18665992032e-13, 1.42895596614e-13, 1.64970508499e-13, 1.44485646863e-13, 3.32802497583e-13, 1.48113549962e-13, 1.45925765503e-13, 1.45136750925e-13, 3.90905908446e-14, 4.13619096926e-14, 4.2342296119e-14, 2.84920267176e-14, 2.01396211719e-14, 1.27268529916e-14, 8.99364167395e-15, 7.19307324479e-15, 1.09280878956e-14, 1.61258572955e-14, 1.2024036721e-14, 1.34411999217e-14, 7.93366294969e-15, 8.15567875549e-15, 7.48521829642e-15, 7.39133316455e-15, 1.05435048149e-16],
        "stdev": [0.00802795123309, 0.00931875221431, 0.00406258460134, 0.00123772223014, 0.00138176069595, 0.00292604835704, 0.00205746595748, 0.000324821972754, 5.48811585759e-05, 0.000116188377433, 5.54642501811e-05, 0.000386900326703, 0.000180960414582, 4.36527225247e-05, 2.58900709014e-05, 3.17209305649e-05, 1.07028090497e-05, 2.60348770098e-05, 9.59989210969e-06, 1.50662399392e-05, 6.12637950326e-06, 1.62783508131e-05, 1.36486451083e-05, 8.60515046952e-06, 3.33574985234e-06, 8.86718862603e-06, 3.69310851056e-06, 1.25182396005e-06, 1.67193729794e-06, 1.16128933314e-06, 1.15019486202e-06, 6.14248676811e-07, 5.02350644638e-07, 5.12398003139e-07, 4.57179794466e-07, 2.60892704773e-07, 3.91813614442e-07, 3.40610256444e-07, 1.27926085725e-07, 1.06096187835e-07],
