{
"lowlevel": {
    "average_loudness": 0.868606984615,
    "barkbands_crest": {
        "dmean": 1.88591754436,
        "dmean2": 2.986297369,
        "dvar": 3.84650158882,
        "dvar2": 9.92687034607,
        "max": 26.240606308,
        "mean": 15.7323360443,
        "median": 15.8409805298,
        "min": 2.84970068932,
        "stdev": 4.20729732513,
        "var": 17.7013511658
    },
    "barkbands_flatness_db": {
        "dmean": 0.0281913224608,
        "dmean2": 0.0381878018379,
        "dvar": 0.000911063689273,
        "dvar2": 0.00162538385484,
        "max": 0.570283651352,
        "mean": 0.284522116184,
        "median": 0.276087790728,
        "min": 0.0437236428261,
        "stdev": 0.0956129878759,
        "var": 0.00914184283465
    },
    "barkbands_kurtosis": {
        "dmean": 9.83971786499,
        "dmean2": 14.5533399582,
        "dvar": 619.159057617,
        "dvar2": 1417.56433105,
        "max": 472.499969482,
        "mean": 24.9050502777,
        "median": 5.14716529846,
        "min": -1.96337139606,
        "stdev": 42.511920929,
        "var": 1807.26342773
    },
    "barkbands_skewness": {
        "dmean": 0.746650695801,
        "dmean2": 1.07860386372,
        "dvar": 1.17180323601,
        "dvar2": 2.35644435883,
        "max": 20.1217460632,
        "mean": 3.16513466835,
        "median": 2.44215011597,
        "min": -6.25060176849,
        "stdev": 2.81885433197,
        "var": 7.9459400177
    },
    "barkbands_spread": {
        "dmean": 3.85731172562,
        "dmean2": 5.47983121872,
        "dvar": 42.4335327148,
        "dvar2": 77.764289856,
        "max": 111.547622681,
        "mean": 16.0505599976,
        "median": 12.8637495041,
        "min": 0.237527087331,
        "stdev": 15.1826248169,
        "var": 230.512084961
    },
    "dissonance": {
        "dmean": 0.0294890291989,
        "dmean2": 0.0509222559631,
        "dvar": 0.00206289091147,
        "dvar2": 0.00614051101729,
        "max": 0.499934434891,
        "mean": 0.451551228762,
        "median": 0.466849565506,
        "min": 0.0773093402386,
        "stdev": 0.0491694696248,
        "var": 0.00241763680242
    },
    "dynamic_complexity": 3.14952635765,
    "erbbands_crest": {
        "dmean": 1.89601778984,
        "dmean2": 2.86254644394,
        "dvar": 4.63267278671,
        "dvar2": 10.1633615494,
        "max": 32.7990150452,
        "mean": 15.9094009399,
        "median": 13.773604393,
        "min": 2.63684129715,
        "stdev": 8.33019828796,
        "var": 69.3921966553
    },
    "erbbands_flatness_db": {
        "dmean": 0.0218056533486,
        "dmean2": 0.0284243542701,
        "dvar": 0.00062763504684,
        "dvar2": 0.00110304972623,
        "max": 0.494643330574,
        "mean": 0.221214696765,
        "median": 0.209945380688,
        "min": 0.0478300713003,
        "stdev": 0.0815439224243,
        "var": 0.00664941174909
    },
    "erbbands_kurtosis": {
        "dmean": 3.10387468338,
        "dmean2": 4.45511293411,
        "dvar": 44.3627128601,
        "dvar2": 76.225151062,
        "max": 139.701065063,
        "mean": 6.39981365204,
        "median": 1.81434869766,
        "min": -1.87638187408,
        "stdev": 13.898525238,
        "var": 193.169006348
    },
    "erbbands_skewness": {
        "dmean": 0.546421945095,
        "dmean2": 0.794916450977,
        "dvar": 0.694273591042,
        "dvar2": 1.56598317623,
        "max": 7.58869314194,
        "mean": -0.607317864895,
        "median": -0.43457365036,
        "min": -9.30286502838,
        "stdev": 2.04705643654,
        "var": 4.19043970108
    },
    "erbbands_spread": {
        "dmean": 8.16994762421,
        "dmean2": 11.960600853,
        "dvar": 139.239120483,
        "dvar2": 261.550109863,
        "max": 184.239196777,
        "mean": 36.3986778259,
        "median": 28.2439117432,
        "min": 0.572870492935,
        "stdev": 28.4752101898,
        "var": 810.837646484
    },
    "hfc": {
        "dmean": 5.31965303421,
        "dmean2": 7.35275697708,
        "dvar": 169.977386475,
        "dvar2": 321.656799316,
        "max": 233.790740967,
        "mean": 20.7663497925,
        "median": 15.0484104156,
        "min": 1.24073028772e-16,
        "stdev": 21.9487419128,
        "var": 481.747283936
    },
    "loudness_ebu128": {
        "integrated": -12.5227031708,
        "loudness_range": 4.23959159851,
        "momentary": {
            "dmean": 0.716071784496,
            "dmean2": 0.666761875153,
            "dvar": 0.691394388676,
            "dvar2": 0.819313406944,
            "max": -7.52417898178,
            "mean": -13.474395752,
            "median": -13.0169229507,
            "min": -29.8505077362,
            "stdev": 3.22071576118,
            "var": 10.3730106354
        },
        "short_term": {
            "dmean": 0.0909449830651,
            "dmean2": 0.0711448341608,
            "dvar": 0.00972870737314,
            "dvar2": 0.00874751713127,
            "max": -10.6584501266,
            "mean": -12.8956165314,
            "median": -12.7333173752,
            "min": -16.6755275726,
            "stdev": 1.53048276901,
            "var": 2.34237766266
        }
    },
    "melbands_crest": {
        "dmean": 2.21638417244,
        "dmean2": 3.51086115837,
        "dvar": 5.40763378143,
        "dvar2": 14.7200708389,
        "max": 32.7746200562,
        "mean": 19.198600769,
        "median": 18.9097366333,
        "min": 1.75302827358,
        "stdev": 4.95830440521,
        "var": 24.5847835541
    },
    "melbands_flatness_db": {
        "dmean": 0.0324063673615,
        "dmean2": 0.0430141240358,
        "dvar": 0.00129833538085,
        "dvar2": 0.00230427808128,
        "max": 0.719109475613,
        "mean": 0.374897152185,
        "median": 0.364178061485,
        "min": 0.00332821905613,
        "stdev": 0.115003168583,
        "var": 0.0132257295772
    },
    "melbands_kurtosis": {
        "dmean": 18.8998203278,
        "dmean2": 28.064743042,
        "dvar": 1686.13085938,
        "dvar2": 3776.57983398,
        "max": 737.276977539,
        "mean": 53.4193763733,
        "median": 18.8498477936,
        "min": -1.94860231876,
        "stdev": 76.7741546631,
        "var": 5894.27050781
    },
    "melbands_skewness": {
        "dmean": 0.945991933346,
        "dmean2": 1.38829123974,
        "dvar": 1.73041260242,
        "dvar2": 3.29206752777,
        "max": 19.9935626984,
        "mean": 4.72825336456,
        "median": 3.96653056145,
        "min": -4.99903535843,
        "stdev": 3.3170144558,
        "var": 11.0025844574
    },
    "melbands_spread": {
        "dmean": 4.23843193054,
        "dmean2": 6.48276281357,
        "dvar": 94.2948989868,
        "dvar2": 205.637145996,
        "max": 152.046875,
        "mean": 15.6414480209,
        "median": 9.57921504974,
        "min": 0.295059114695,
        "stdev": 17.911699295,
        "var": 320.828979492
    },
    "pitch_salience": {
        "dmean": 0.0474775992334,
        "dmean2": 0.0781898275018,
        "dvar": 0.0025921901688,
        "dvar2": 0.00702610425651,
        "max": 0.850374877453,
        "mean": 0.38852211833,
        "median": 0.387835919857,
        "min": 0.086438819766,
        "stdev": 0.0909074470401,
        "var": 0.00826416444033
    },
    "silence_rate_20dB": {
        "dmean": 0,
        "dmean2": 0,
        "dvar": 0,
        "dvar2": 0,
        "max": 1,
        "mean": 1,
        "median": 1,
        "min": 1,
        "stdev": 0,
        "var": 0
    },
    "silence_rate_30dB": {
        "dmean": 0.0432989709079,
        "dmean2": 0.086642600596,
        "dvar": 0.0414237603545,
        "dvar2": 0.0915136113763,
        "max": 1,
        "mean": 0.82689332962,
        "median": 1,
        "min": 0,
        "stdev": 0.378339886665,
        "var": 0.143141075969
    },
    "silence_rate_60dB": {
        "dmean": 0.00567010324448,
        "dmean2": 0.0113460542634,
        "dvar": 0.00563799589872,
        "dvar2": 0.0132796056569,
        "max": 1,
        "mean": 0.0278207100928,
        "median": 0,
        "min": 0,
        "stdev": 0.164459601045,
        "var": 0.0270469598472
    },
    "spectral_centroid": {
        "dmean": 202.757644653,
        "dmean2": 284.899810791,
        "dvar": 141526.109375,
        "dvar2": 224576.125,
        "max": 11346.2607422,
        "mean": 1030.46984863,
        "median": 907.036499023,
        "min": 100.203674316,
        "stdev": 777.18371582,
        "var": 604014.5625
    },
    "spectral_complexity": {
        "dmean": 2.23608255386,
        "dmean2": 3.17741107941,
        "dvar": 10.2010030746,
        "dvar2": 16.8275470734,
        "max": 49,
        "mean": 8.99278736115,
        "median": 7,
        "min": 0,
        "stdev": 7.18626213074,
        "var": 51.6423606873
    },
    "spectral_decrease": {
        "dmean": 3.82553722034e-09,
        "dmean2": 5.93509641433e-09,
        "dvar": 4.4387448038e-17,
        "dvar2": 9.96870825692e-17,
        "max": 4.63563844543e-29,
        "mean": -1.68316471871e-08,
        "median": -1.25638388582e-08,
        "min": -8.86345290496e-08,
        "stdev": 1.49476040434e-08,
        "var": 2.23430853753e-16
    },
    "spectral_energy": {
        "dmean": 0.0147458035499,
        "dmean2": 0.0228204280138,
        "dvar": 0.000649849243928,
        "dvar2": 0.00144984771032,
        "max": 0.338689893484,
        "mean": 0.0654100179672,
        "median": 0.0494122244418,
        "min": 1.10788322251e-20,
        "stdev": 0.0572133287787,
        "var": 0.00327336485498
    },
    "spectral_energyband_high": {
        "dmean": 0.000304266635794,
        "dmean2": 0.00042667760863,
        "dvar": 2.01386683329e-06,
        "dvar2": 4.1566222535e-06,
        "max": 0.0318685136735,
        "mean": 0.000487447250634,
        "median": 6.70918234391e-05,
        "min": 8.08778590422e-21,
        "stdev": 0.00169518496841,
        "var": 2.87365219265e-06
    },
    "spectral_energyband_low": {
        "dmean": 0.0131218926981,
        "dmean2": 0.0207765772939,
        "dvar": 0.00058013346279,
        "dvar2": 0.00136071781162,
        "max": 0.312784940004,
        "mean": 0.0521500334144,
        "median": 0.0349476374686,
        "min": 5.28018966645e-23,
        "stdev": 0.0533431582153,
        "var": 0.00284549267963
    },
    "spectral_energyband_middle_high": {
        "dmean": 0.00159007159527,
        "dmean2": 0.00226883566938,
        "dvar": 1.47165155795e-05,
        "dvar2": 2.52834397543e-05,
        "max": 0.0808523222804,
        "mean": 0.00777976447716,
        "median": 0.00631752470508,
        "min": 1.59069921604e-21,
        "stdev": 0.00890060327947,
        "var": 7.92207356426e-05
    },
    "spectral_energyband_middle_low": {
        "dmean": 0.00304179242812,
        "dmean2": 0.00454217055812,
        "dvar": 3.52161732735e-05,
        "dvar2": 8.30109638628e-05,
        "max": 0.0726207196712,
        "mean": 0.00732471933588,
        "median": 0.00420822948217,
        "min": 2.36162841674e-22,
        "stdev": 0.00936229806393,
        "var": 8.76526246429e-05
    },
    "spectral_entropy": {
        "dmean": 0.243843019009,
        "dmean2": 0.334333270788,
        "dvar": 0.0934075117111,
        "dvar2": 0.168152779341,
        "max": 9.79641819,
        "mean": 6.74317455292,
        "median": 6.82735538483,
        "min": 4.38545036316,
        "stdev": 0.817311108112,
        "var": 0.667997479439
    },
    "spectral_flux": {
        "dmean": 0.0249165743589,
        "dmean2": 0.038774728775,
        "dvar": 0.00134966592304,
        "dvar2": 0.00289844442159,
        "max": 0.400129973888,
        "mean": 0.068142041564,
        "median": 0.0489422045648,
        "min": 1.05256033056e-10,
        "stdev": 0.0581691004336,
        "var": 0.00338364415802
    },
    "spectral_kurtosis": {
        "dmean": 4.77835273743,
        "dmean2": 7.71800851822,
        "dvar": 59.2523612976,
        "dvar2": 139.708175659,
        "max": 122.137382507,
        "mean": 10.3138370514,
        "median": 5.71560096741,
        "min": -1.23343324661,
        "stdev": 13.5312681198,
        "var": 183.095214844
    },
    "spectral_rms": {
        "dmean": 0.000842823006678,
        "dmean2": 0.0012642997317,
        "dvar": 1.45330534451e-06,
        "dvar2": 2.89203921966e-06,
        "max": 0.0181777104735,
        "mean": 0.00732182245702,
        "median": 0.00694312946871,
        "min": 3.28764619695e-12,
        "stdev": 0.0031946208328,
        "var": 1.02056019387e-05
    },
    "spectral_rolloff": {
        "dmean": 243.934906006,
        "dmean2": 406.966003418,
        "dvar": 631121.375,
        "dvar2": 1383404.25,
        "max": 18949.21875,
        "mean": 809.114196777,
        "median": 215.33203125,
        "min": 64.599609375,
        "stdev": 1197.89953613,
        "var": 1434963.375
    },
    "spectral_skewness": {
        "dmean": 0.451455026865,
        "dmean2": 0.696003317833,
        "dvar": 0.296395152807,
        "dvar2": 0.671931743622,
        "max": 9.05340480804,
        "mean": 2.05731463432,
        "median": 1.7891522646,
        "min": -0.197028234601,
        "stdev": 1.20258939266,
        "var": 1.44622123241
    },
    "spectral_spread": {
        "dmean": 598261.6875,
        "dmean2": 839155.75,
        "dvar": 801535492096,
        "dvar2": 1.11935527322e+12,
        "max": 41188988,
        "mean": 3840525,
        "median": 3517748.75,
        "min": 699141.375,
        "stdev": 1978258.125,
        "var": 3.91350504653e+12
    },
    "spectral_strongpeak": {
        "dmean": 0.392915695906,
        "dmean2": 0.726926445961,
        "dvar": 1.60665071011,
        "dvar2": 4.11497306824,
        "max": 20.1647644043,
        "mean": 1.34010159969,
        "median": 0.489436537027,
        "min": 0,
        "stdev": 2.49366950989,
        "var": 6.21838760376
    },
    "zerocrossingrate": {
        "dmean": 0.00652006501332,
        "dmean2": 0.007321448531,
        "dvar": 0.000174564804183,
        "dvar2": 0.000228173070354,
        "max": 0.4951171875,
        "mean": 0.0334838666022,
        "median": 0.025390625,
        "min": 0.00244140625,
        "stdev": 0.0320081934333,
        "var": 0.00102452444844
    },
    "barkbands": {
        "dmean": [0.000623659580015, 0.0100790075958, 0.00413614790887, 0.00181474152487, 0.000943641352933, 0.000339674850693, 0.000331508519594, 0.000194006788661, 0.000223726499826, 0.00011384361278, 0.000142665827298, 0.000302122003632, 0.000503554241732, 0.000504662340973, 9.18013829505e-05, 7.73417559685e-05, 0.000118437492347, 0.000208542580367, 9.41556645557e-05, 9.53536218731e-05, 9.52380942181e-05, 9.58486270974e-05, 4.26785554737e-05, 4.28682797065e-05, 2.54900296568e-05, 1.56628811965e-05, 6.76763420415e-07],
        "dmean2": [0.000972012523562, 0.0161749757826, 0.00610519433394, 0.00303395395167, 0.0013541119406, 0.000472888466902, 0.000521843670867, 0.000293925084407, 0.000299592618831, 0.000165891018696, 0.000221515758312, 0.000477964000311, 0.000792136706877, 0.000808529555798, 0.000136627772008, 0.000110621447675, 0.00017598013801, 0.000305257184664, 0.00014218519209, 0.000150724023115, 0.000142002609209, 0.000148188628373, 6.30348004051e-05, 6.02806358074e-05, 3.46631604771e-05, 2.22818562179e-05, 1.09499035261e-06],
        "dvar": [2.45367868956e-06, 0.000395405775635, 6.46963890176e-05, 1.59902483574e-05, 4.48225819127e-06, 1.2158861864e-06, 3.09099414153e-06, 1.70361897744e-06, 2.11873839362e-06, 4.04558505807e-07, 1.258087309e-06, 2.79145251625e-06, 4.86998760607e-06, 2.31035619436e-06, 2.04237977641e-07, 9.09877329036e-08, 3.26425265484e-07, 6.43897294594e-07, 2.10088757058e-07, 3.47969461245e-07, 2.79286496152e-07, 2.558161043e-07, 8.29749495779e-08, 3.95500450168e-08, 1.44251766088e-08, 6.46726538989e-09, 3.73121950004e-11],
        "dvar2": [5.39892425877e-06, 0.00100962247234, 0.000153982953634, 4.88256737299e-05, 9.44613930187e-06, 2.4563196348e-06, 7.11337042958e-06, 4.46962258138e-06, 4.59144257547e-06, 8.81030928213e-07, 2.63592369265e-06, 5.94462972003e-06, 1.01780378827e-05, 5.56666236662e-06, 3.32153149429e-07, 1.8436007565e-07, 6.67864469506e-07, 1.34887693548e-06, 4.80241908463e-07, 9.3243096444e-07, 6.51351911074e-07, 5.80232153879e-07, 1.81371490271e-07, 8.34954789752e-08, 3.12887245002e-08, 1.45128380424e-08, 9.6436324204e-11],
        "max": [0.0212392304093, 0.300758421421, 0.169894188643, 0.0571076050401, 0.0354816652834, 0.024513926357, 0.0390866026282, 0.0333830080926, 0.0453646183014, 0.0168653521687, 0.0331865549088, 0.0404984280467, 0.0436832755804, 0.0334259681404, 0.0149204963818, 0.00754550797865, 0.0162389352918, 0.0187825746834, 0.0107341278344, 0.0129635129124, 0.0108796413988, 0.0106245614588, 0.00967471767217, 0.00486639514565, 0.00342901237309, 0.00229013292119, 0.000202172523132],
        "mean": [0.00148870190606, 0.0366939604282, 0.0116681614891, 0.00338068255223, 0.00223419233225, 0.000628022884484, 0.000442955497419, 0.000240184861468, 0.000343371357303, 0.000208310113521, 0.000305061374092, 0.00155596015975, 0.00194934417959, 0.00291079119779, 0.000134694069857, 0.000111394918349, 0.000156162583153, 0.000283835775917, 0.000123568053823, 0.00011325381638, 0.000129806809127, 0.000126772254589, 5.74019286432e-05, 6.7327018769e-05, 3.79776611226e-05, 1.75091827259e-05, 7.3045254112e-07],
        "median": [0.000280681444565, 0.0254241582006, 0.00407373020425, 0.00155371497385, 0.000808878336102, 0.000151920889039, 4.03853191528e-05, 1.47313403431e-05, 2.9396978789e-05, 1.60033359862e-05, 1.42640401464e-05, 2.31927970162e-05, 7.06547361915e-05, 7.65680233599e-05, 2.50541197602e-05, 2.30276727962e-05, 2.2688320314e-05, 3.18134225381e-05, 1.63136810443e-05, 2.09765894397e-05, 1.47979189933e-05, 1.01438645288e-05, 5.54770440431e-06, 4.39975474364e-06, 2.18488253267e-06, 4.64583393978e-07, 5.1350075303e-09],
        "min": [4.49882128323e-24, 2.94042759048e-23, 1.459661834e-23, 2.18514912508e-23, 4.05452511842e-23, 5.10555511024e-23, 3.19135162266e-23, 2.81046591179e-23, 5.93931356057e-23, 3.42703391551e-23, 8.32201617551e-23, 9.67854454358e-23, 1.13764420554e-22, 1.3684129047e-22, 1.07895409015e-22, 1.41839992793e-22, 1.34490724786e-22, 2.05066159361e-22, 3.04368235167e-22, 4.37472622109e-22, 4.34464045456e-22, 5.49200216428e-22, 6.31949024326e-22, 1.1303934e-21, 1.25250311065e-21, 1.66471380649e-21, 2.45354754965e-21],
        "stdev": [0.00266647734679, 0.0401209630072, 0.01757472381, 0.00548687484115, 0.00347480177879, 0.00150430283975, 0.0018316876376, 0.00122297462076, 0.00166666356381, 0.000956583418883, 0.00175236642826, 0.0041871080175, 0.00397120323032, 0.00638982793316, 0.000605748093221, 0.000372333481209, 0.000654174247757, 0.0010808694642, 0.000536564737558, 0.000525558949448, 0.000550473690964, 0.000544752459973, 0.000299340317724, 0.000276307429885, 0.000158140945132, 8.75094410731e-05, 7.62052104619e-06],
        "var": [7.11010170562e-06, 0.00160969153512, 0.00030887091998, 3.01057953038e-05, 1.20742479339e-05, 2.26292695515e-06, 3.35507979798e-06, 1.49566699292e-06, 2.77776734947e-06, 9.15051828088e-07, 3.07078812511e-06, 1.75318727997e-05, 1.57704544108e-05, 4.08299019909e-05, 3.66930720475e-07, 1.38632231028e-07, 4.27943916748e-07, 1.16827868624e-06, 2.87901741558e-07, 2.7621223353e-07, 3.03021295167e-07, 2.96755246154e-07, 8.96046188359e-08, 7.63457919106e-08, 2.50085587794e-08, 7.65790275636e-09, 5.80723386046e-11]
    },
    "erbbands": {
        "dmean": [0.390007674694, 2.00258731842, 4.24479103088, 6.20817136765, 3.68603229523, 3.49773859978, 2.25795531273, 2.8360118866, 4.10491228104, 4.94380044937, 4.36134433746, 4.74635267258, 4.19326639175, 5.1916217804, 6.86480283737, 13.0333280563, 21.457485199, 20.7921333313, 16.5331878662, 4.29390096664, 3.83899378777, 7.08606004715, 11.626458168, 6.27519512177, 4.60066366196, 4.55489397049, 3.5434486866, 3.99267339706, 3.40267109871, 2.0509519577, 1.18099689484, 1.01136791706, 0.670714735985, 0.375039696693, 0.150305330753, 0.100600130856, 0.0180028583854, 0.00300379446708, 7.40426694392e-05, 1.79739818122e-05],
        "dmean2": [0.615195333958, 3.28528261185, 6.65908098221, 9.65977573395, 5.60109138489, 5.0244436264, 3.11435961723, 4.14703893661, 6.46465206146, 7.75875902176, 6.37442016602, 6.02859640121, 5.9505739212, 7.10747480392, 10.8943128586, 20.6213092804, 33.3435211182, 32.2261886597, 25.3818511963, 6.15636777878, 5.50383853912, 10.471203804, 16.8346977234, 9.46318340302, 7.30501794815, 7.29349470139, 5.3369550705, 5.99427604675, 5.18177986145, 3.03312253952, 1.72836017609, 1.45354700089, 0.931498110294, 0.514064848423, 0.209068596363, 0.148492634296, 0.02524629049, 0.00424568727612, 0.000105322804302, 2.71682347375e-05],
        "dvar": [0.691314280033, 14.8380060196, 61.5368499756, 153.957626343, 55.0923538208, 74.2095718384, 25.4181289673, 126.046424866, 571.677124023, 890.363708496, 665.444274902, 737.87322998, 1286.94995117, 1366.55700684, 2070.99707031, 4819.08007812, 8682.26757812, 7933.19335938, 2442.50439453, 264.772766113, 141.657821655, 1090.10473633, 2153.96484375, 809.635620117, 648.519714355, 803.285095215, 424.753570557, 440.553344727, 324.01159668, 153.776153564, 57.9776992798, 23.6066875458, 10.7118768692, 4.1396355629, 0.388839900494, 0.36586022377, 0.00493760500103, 0.000282002671156, 1.37498403774e-07, 9.16814457685e-10],
        "dvar2": [1.76300907135, 38.910243988, 161.11390686, 417.899780273, 136.470397949, 153.92098999, 48.9560928345, 273.9269104, 1192.859375, 2284.72607422, 1699.70361328, 1230.16247559, 3008.6652832, 3104.98291016, 5341.95605469, 11695.3007812, 19333.8066406, 20477.2011719, 5303.0859375, 446.141571045, 275.352478027, 2209.33300781, 4311.28027344, 2014.09033203, 1508.84802246, 2188.25146484, 1025.7545166, 1019.83172607, 702.427062988, 345.043762207, 131.917922974, 51.8318519592, 22.8731117249, 9.39233112335, 0.68230432272, 0.854405641556, 0.00956527329981, 0.000585632573348, 2.95328391076e-07, 1.96682092835e-09],
        "max": [9.9451713562, 62.18491745, 133.220169067, 202.315078735, 107.857627869, 165.977218628, 81.1799468994, 258.165252686, 496.704223633, 735.678100586, 713.959899902, 951.683227539, 1331.16577148, 1296.66943359, 1326.61547852, 1579.29345703, 2060.72363281, 2230.81005859, 1143.40661621, 420.179962158, 236.746368408, 917.994873047, 1239.66503906, 807.386657715, 576.073486328, 627.396057129, 459.233459473, 406.583221436, 396.545959473, 381.758728027, 243.566589355, 108.837211609, 89.4871673584, 62.6884002686, 17.0001296997, 18.791135788, 1.16091787815, 0.429205566645, 0.00936093181372, 0.000396692572394],
        "mean": [1.22871446609, 7.52626085281, 12.5142765045, 15.1546640396, 8.48568439484, 7.87522172928, 4.83020925522, 4.9972486496, 5.92860507965, 6.08289194107, 6.0984621048, 7.66702985764, 6.61672019958, 12.3434820175, 18.8300094604, 58.5190620422, 99.7035598755, 90.3231506348, 92.2842102051, 8.88076591492, 5.98189496994, 9.76229095459, 16.2144317627, 8.46084308624, 5.99045324326, 5.47965908051, 4.77443885803, 5.34295225143, 4.57993936539, 2.72924995422, 1.57915866375, 1.48531758785, 1.0352088213, 0.558046340942, 0.211377546191, 0.108474336565, 0.022134559229, 0.0036668390967, 0.000114720394777, 7.63619464124e-05],
        "median": [0.679102480412, 5.64292240143, 6.98244476318, 6.6439871788, 3.76881456375, 2.6730735302, 1.54018390179, 1.18659341335, 0.694771409035, 0.553329765797, 0.463575512171, 0.611563205719, 0.67061239481, 0.733828246593, 1.05738663673, 1.73617994785, 6.36257457733, 8.78250217438, 3.03044009209, 1.76417005062, 1.51839888096, 1.48299193382, 1.90999996662, 1.1648966074, 0.906808018684, 1.00681078434, 0.629900455475, 0.571251511574, 0.400746077299, 0.231718808413, 0.150063633919, 0.110637977719, 0.0606845803559, 0.0340051166713, 0.00944488402456, 0.0029691553209, 0.000694532936905, 6.68771972414e-05, 3.40357364621e-05, 5.95503515797e-05],
        "min": [5.91052051618e-22, 7.52161551005e-21, 1.8739981957e-20, 3.7532011669e-20, 1.31297008613e-19, 8.87637175573e-20, 4.63855693957e-19, 2.38461307197e-19, 4.0587232342e-19, 4.90824883854e-19, 7.85125302645e-19, 1.68168289734e-18, 6.0430579209e-19, 3.02217612588e-18, 2.1173447605e-18, 4.54851481438e-18, 4.46407911258e-18, 7.45323811752e-18, 5.23505032097e-18, 7.32850424423e-18, 7.33676198828e-18, 9.6958207111e-18, 1.1940548184e-17, 1.3716348622e-17, 1.39285750431e-17, 2.06776194159e-17, 1.74190406544e-17, 1.77468308244e-17, 1.83613532277e-17, 2.0961205054e-17, 1.76734582497e-17, 1.61678770383e-17, 2.31407300151e-17, 1.35879048437e-17, 8.4850168915e-18, 5.13315366362e-18, 3.45872855237e-18, 1.4071089784e-18, 3.38648259767e-19, 3.59942505985e-20],
        "stdev": [1.6196398735, 7.70215940475, 14.9682588577, 22.4887199402, 11.8974809647, 13.2866334915, 8.80936813354, 13.9205522537, 26.7515411377, 27.8411502838, 25.4150066376, 37.3832206726, 37.8587532043, 61.9945335388, 70.9767379761, 133.297637939, 186.198120117, 155.893875122, 246.057540894, 23.5381183624, 16.059463501, 38.9386367798, 63.8623580933, 32.6678695679, 28.1791572571, 25.0050487518, 20.9930057526, 22.1155948639, 19.7630672455, 12.9217786789, 7.86777734756, 5.88933610916, 4.81250810623, 2.62652277946, 0.881573796272, 0.624860346317, 0.0899317711592, 0.0220557376742, 0.000477278983453, 6.41046499368e-05],
        "var": [2.62323331833, 59.323261261, 224.048782349, 505.742523193, 141.550064087, 176.534637451, 77.60496521, 193.781768799, 715.644958496, 775.129638672, 645.922607422, 1397.50524902, 1433.28515625, 3843.32226562, 5037.69726562, 17768.2617188, 34669.7382812, 24302.9003906, 60544.3164062, 554.043029785, 257.906341553, 1516.2175293, 4078.40087891, 1067.18981934, 794.064941406, 625.252502441, 440.706268311, 489.09954834, 390.578796387, 166.972366333, 61.9019203186, 34.6842803955, 23.1602363586, 6.89862251282, 0.777172386646, 0.3904504776, 0.00808772351593, 0.000486455537612, 2.27795240448e-07, 4.10940570461e-09]
    },
    "gfcc": {
        "mean": [-64.2173309326, 122.537979126, -90.5330276489, 60.4525299072, -15.2644367218, 34.7035560608, -23.896024704, -3.08873438835, -17.3729152679, 3.74406862259, -2.42275881767, -8.36884689331, -8.62086677551],
        "cov": [[6224.83740234, -1406.90893555, -892.060974121, 182.253204346, -894.611022949, 306.566772461, -280.576843262, 226.061721802, -149.771499634, 196.43927002, -193.54598999, 141.850234985, -424.354797363], [-1406.90893555, 2579.24194336, -12.7352685928, -638.314331055, 529.074523926, -429.7762146, 185.106002808, -298.440185547, 271.390625, -423.397674561, 344.174255371, -192.167556763, 172.089889526], [-892.060974121, -12.7352685928, 944.449279785, 61.8737068176, 105.797172546, 19.4345645905, 91.6846847534, 94.966178894, -57.2202110291, -50.6685523987, -94.6086425781, 64.667388916, 78.1772918701], [182.253204346, -638.314331055, 61.8737068176, 676.181030273, -139.791778564, -120.213645935, -53.8072624207, 111.544578552, 37.4970245361, 5.89725065231, -152.539474487, -17.9633216858, 89.2288742065], [-894.611022949, 529.074523926, 105.797172546, -139.791778564, 662.54296875, 19.6754570007, 10.0684146881, -184.687545776, 42.9002418518, 50.6796188354, 103.054603577, -89.7595443726, 31.2840003967], [306.566772461, -429.7762146, 19.4345645905, -120.213645935, 19.6754570007, 474.144134521, 103.282844543, -75.6922836304, -149.835128784, 131.135787964, 64.5327377319, 19.5497112274, -96.1059417725], [-280.576843262, 185.106002808, 91.6846847534, -53.8072624207, 10.0684146881, 103.282844543, 329.233612061, 57.5675621033, -62.6007575989, -137.727050781, 81.3572311401, 44.2794799805, 33.2231369019], [226.061721802, -298.440185547, 94.966178894, 111.544578552, -184.687545776, -75.6922836304, 57.5675621033, 317.472290039, 16.9625530243, -95.040397644, -105.440727234, 74.6878356934, 34.4176292419], [-149.771499634, 271.390625, -57.2202110291, 37.4970245361, 42.9002418518, -149.835128784, -62.6007575989, 16.9625530243, 260.39440918, -2.69429278374, -33.709728241, -104.273414612, 51.5380020142], [196.43927002, -423.397674561, -50.6685523987, 5.89725065231, 50.6796188354, 131.135787964, -137.727050781, -95.040397644, -2.69429278374, 325.393920898, -7.69141578674, -58.0501785278, -83.3192214966], [-193.54598999, 344.174255371, -94.6086425781, -152.539474487, 103.054603577, 64.5327377319, 81.3572311401, -105.440727234, -33.709728241, -7.69141578674, 252.361495972, 7.16058015823, -33.1390342712], [141.850234985, -192.167556763, 64.667388916, -17.9633216858, -89.7595443726, 19.5497112274, 44.2794799805, 74.6878356934, -104.273414612, -58.0501785278, 7.16058015823, 213.6434021, -10.6883420944], [-424.354797363, 172.089889526, 78.1772918701, 89.2288742065, 31.2840003967, -96.1059417725, 33.2231369019, 34.4176292419, 51.5380020142, -83.3192214966, -33.1390342712, -10.6883420944, 173.428161621]],
        "icov": [[0.000343424122548, -0.000431218242738, 0.000345956854289, -0.00046384439338, 0.000355913362, -0.000662335893139, 0.000410865264712, -0.000557457853574, 0.000230550853303, -0.000338132696925, 0.000495047075674, -0.000396120361984, 0.00079080631258], [-0.000431218242738, 0.00487261544913, -0.0010647556046, 0.00418140878901, -0.00140439311508, 0.00462308945134, -0.0019997835625, 0.00429663527757, -0.00262580672279, 0.0049510076642, -0.00364494463429, 0.00330058624968, -0.00255004037172], [0.000345956854289, -0.0010647556046, 0.00174678023905, -0.00100786343683, 7.677571557e-05, -0.00127600948326, 0.000296063750284, -0.00137484876905, 0.000881296116859, -0.00108510337304, 0.00158068432938, -0.00112131598871, 0.0005790880532], [-0.00046384439338, 0.00418140878901, -0.00100786343683, 0.00555867608637, -0.000963157974184, 0.00440970389172, -0.00181639334187, 0.00344250630587, -0.00196508970112, 0.00371611048467, -0.00246104248799, 0.00317368702963, -0.00331293651834], [0.000355913362, -0.00140439311508, 7.677571557e-05, -0.000963157974184, 0.00272627198137, -0.00138021050952, 0.000570981821511, -0.000350415793946, 0.000476209213957, -0.00167246744968, 0.000647488341201, -0.000542875146493, 0.000574148201849], [-0.000662335893139, 0.00462308945134, -0.00127600948326, 0.00440970389172, -0.00138021050952, 0.00848741922528, -0.00404467759654, 0.00472170114517, -0.000904132379219, 0.00261387554929, -0.00336008146405, 0.00346696958877, -0.00201549543999], [0.000410865264712, -0.0019997835625, 0.000296063750284, -0.00181639334187, 0.000570981821511, -0.00404467759654, 0.00666051916778, -0.00330882356502, 0.00149644201156, 0.000584966037422, -0.000356927805115, -0.000999634037726, 0.000533624086529], [-0.000557457853574, 0.00429663527757, -0.00137484876905, 0.00344250630587, -0.000350415793946, 0.00472170114517, -0.00330882356502, 0.00935128889978, -0.00338196381927, 0.00474054506049, -0.00145125144627, 0.00135220808443, -0.00223257951438], [0.000230550853303, -0.00262580672279, 0.000881296116859, -0.00196508970112, 0.000476209213957, -0.000904132379219, 0.00149644201156, -0.00338196381927, 0.00779610872269, -0.00307487160899, 0.001988616772, 0.00112278282177, 0.000236165447859], [-0.000338132696925, 0.0049510076642, -0.00108510337304, 0.00371611048467, -0.00167246744968, 0.00261387554929, 0.000584966037422, 0.00474054506049, -0.00307487160899, 0.0107220718637, -0.00367735349573, 0.00409164465964, -0.00085122481687], [0.000495047075674, -0.00364494463429, 0.00158068432938, -0.00246104248799, 0.000647488341201, -0.00336008146405, -0.000356927805115, -0.00145125144627, 0.001988616772, -0.00367735349573, 0.00915652420372, -0.00331987137906, 0.00294677703641], [-0.000396120361984, 0.00330058624968, -0.00112131598871, 0.00317368702963, -0.000542875146493, 0.00346696958877, -0.000999634037726, 0.00135220808443, 0.00112278282177, 0.00409164465964, -0.00331987137906, 0.00938620977104, -0.00185329152737], [0.00079080631258, -0.00255004037172, 0.0005790880532, -0.00331293651834, 0.000574148201849, -0.00201549543999, 0.000533624086529, -0.00223257951438, 0.000236165447859, -0.00085122481687, 0.00294677703641, -0.00185329152737, 0.0107650058344]]
    },
    "melbands": {
        "dmean": [0.00305009516887, 0.00210084253922, 0.000938220357057, 0.000236530278926, 9.23010229599e-05, 6.54036339256e-05, 6.42898812657e-05, 5.06932228745e-05, 3.62163846148e-05, 3.0591054383e-05, 2.09308527701e-05, 2.0595278329e-05, 2.1323457986e-05, 2.79193645838e-05, 5.42987181689e-05, 4.57896421722e-05, 4.06756007578e-05, 3.56121709046e-05, 5.74758723815e-06, 6.04154911343e-06, 4.23997380494e-06, 5.94577113588e-06, 1.27876837723e-05, 8.43350971991e-06, 4.89841977469e-06, 3.63383060176e-06, 3.97358417104e-06, 2.75896036328e-06, 2.14199690163e-06, 2.34163053392e-06, 2.47639445661e-06, 2.08654250855e-06, 1.78865718681e-06, 9.31057059006e-07, 6.87344538619e-07, 7.11830352884e-07, 6.04235196988e-07, 4.93482502861e-07, 4.13396719523e-07, 3.07904514329e-07],
        "dmean2": [0.00480702472851, 0.00335221015848, 0.00145319267176, 0.000344897009199, 0.000128965257318, 9.49357126956e-05, 0.000101007943158, 7.88581528468e-05, 5.22435257153e-05, 3.99004093197e-05, 3.03137767332e-05, 2.88628598355e-05, 3.27242887579e-05, 4.14425594499e-05, 8.73887838679e-05, 7.24259298295e-05, 6.39296195004e-05, 5.62091699976e-05, 8.37584047986e-06, 8.74889155966e-06, 6.34848447589e-06, 8.71020074555e-06, 1.96635537577e-05, 1.26847780848e-05, 7.65192908148e-06, 5.41648159924e-06, 6.44078045298e-06, 4.44789066023e-06, 3.28601345245e-06, 3.49397350874e-06, 3.77815604224e-06, 3.1734264212e-06, 2.75789466286e-06, 1.38417726703e-06, 1.0262788237e-06, 1.04129276224e-06, 8.7580986019e-07, 7.09423261469e-07, 6.1826011688e-07, 4.43604136535e-07],
        "dvar": [3.90452660213e-05, 1.3140163901e-05, 3.02707803712e-06, 2.8331271551e-07, 3.56047031858e-08, 6.21760207764e-08, 1.29502396362e-07, 1.00577295825e-07, 4.69154137761e-08, 3.53652573892e-08, 3.17561728025e-08, 2.14095159379e-08, 2.26303757955e-08, 3.36869128148e-08, 5.72135441246e-08, 4.9865438001e-08, 2.71259281703e-08, 1.22942109826e-08, 6.26962315398e-10, 7.01873115183e-10, 1.53618062715e-10, 7.47688966296e-10, 3.53235130035e-09, 1.0690391905e-09, 5.70172797865e-10, 4.8178244727e-10, 7.07291114566e-10, 2.64770733116e-10, 1.61992752545e-10, 1.63317942503e-10, 1.81132359112e-10, 1.24610238794e-10, 9.16598602574e-11, 3.95616421567e-11, 2.27625973626e-11, 1.30141201635e-11, 8.0774492997e-12, 4.94395800341e-12, 6.02931767013e-12, 2.51901255931e-12],
        "dvar2": [9.8658267234e-05, 3.3274092857e-05, 8.18263470137e-06, 5.99699603754e-07, 7.42322825431e-08, 1.30104780283e-07, 2.77812972627e-07, 2.60004213715e-07, 1.18742420341e-07, 6.94577835247e-08, 7.52987929786e-08, 5.00292287597e-08, 5.43932614505e-08, 7.09632246298e-08, 1.44300884131e-07, 1.16178128451e-07, 7.03023914639e-08, 2.83669709944e-08, 1.06909947561e-09, 1.53039259043e-09, 3.03341490815e-10, 1.52441703705e-09, 7.18882953166e-09, 2.32952701573e-09, 1.44233336385e-09, 1.14183951183e-09, 1.94211335902e-09, 7.13711367784e-10, 4.04659528108e-10, 3.72303049501e-10, 4.36286506922e-10, 2.77452061326e-10, 2.16842474532e-10, 8.64475158124e-11, 5.27169384534e-11, 2.92662109824e-11, 1.78344526647e-11, 1.06719069345e-11, 1.34992373182e-11, 5.90537384618e-12],
        "max": [0.08929695189, 0.0521840639412, 0.027487559244, 0.00915047246963, 0.00261470652185, 0.0058051366359, 0.00821891333908, 0.00873793754727, 0.00604144344106, 0.00546766258776, 0.00660389056429, 0.00486018462107, 0.00442277593538, 0.00551566854119, 0.00504129147157, 0.00450921384618, 0.0041780997999, 0.00267094210722, 0.000664238468744, 0.000623322324827, 0.000229914308875, 0.000796044885647, 0.00106175802648, 0.000991926179267, 0.000694664369803, 0.00055461039301, 0.000607145542745, 0.000354790536221, 0.000305056455545, 0.000284590525553, 0.000252479279879, 0.000268398958724, 0.000237569765886, 0.000215227424633, 0.000160206764122, 8.70525764185e-05, 5.75250123802e-05, 5.69975600229e-05, 7.52888881834e-05, 4.61725649075e-05],
        "mean": [0.0106743490323, 0.00761691946536, 0.00238988734782, 0.000556730781682, 0.000200439360924, 0.000116240807984, 9.15045457077e-05, 6.29423375358e-05, 5.18703345733e-05, 4.74430635222e-05, 3.19325190503e-05, 4.7169654863e-05, 4.82950126752e-05, 0.00011364492093, 0.000269620417384, 0.000170444327523, 0.00018014255329, 0.000207037563086, 8.73925182532e-06, 8.13547558209e-06, 6.25377424512e-06, 7.99517147243e-06, 1.68286896951e-05, 1.17818572107e-05, 6.3177994889e-06, 4.5185347517e-06, 4.29639476351e-06, 3.35308050126e-06, 2.73070259027e-06, 3.16404066325e-06, 3.11404369313e-06, 2.67835866907e-06, 2.22606468014e-06, 1.21313485124e-06, 8.65201002398e-07, 9.4467333156e-07, 8.84557493919e-07, 7.35743697078e-07, 6.30370209365e-07, 4.18822025949e-07],
        "median": [0.00690177548677, 0.0052772955969, 0.00126692221966, 0.000237853484577, 7.00568707543e-05, 2.6958898161e-05, 1.08632857518e-05, 4.74280386698e-06, 3.83593396691e-06, 3.85863449992e-06, 3.14459111905e-06, 2.58572845269e-06, 2.11894143831e-06, 2.05451124202e-06, 3.74072214981e-06, 8.1412072177e-06, 7.58363603381e-06, 2.59657281276e-06, 1.77709750915e-06, 1.50189657688e-06, 1.36599282996e-06, 1.26074576201e-06, 1.91943354366e-06, 1.41735893067e-06, 7.87848080108e-07, 5.74961461552e-07, 5.96115569351e-07, 6.05912646279e-07, 3.44344130099e-07, 3.32092071176e-07, 2.71564971399e-07, 2.20060854872e-07, 1.42071328924e-07, 1.06392405996e-07, 7.59455645039e-08, 7.90409089291e-08, 5.33216990561e-08, 4.02584241499e-08, 3.25217790476e-08, 2.26557297367e-08],
        "min": [7.45525225823e-24, 9.88312315534e-24, 1.04498313633e-23, 7.23851351338e-24, 1.31269886174e-23, 6.83531013865e-24, 6.4253028386e-24, 5.65754514589e-24, 7.64111498725e-24, 9.32968358779e-24, 2.44287365102e-24, 1.15736662747e-23, 9.37986934086e-24, 6.90295338355e-24, 1.38235882954e-23, 1.21119328916e-23, 1.32455031355e-23, 8.75731924712e-24, 7.57929353583e-24, 1.0693782654e-23, 7.93045812323e-24, 9.09884868742e-24, 1.21871634007e-23, 8.52152951141e-24, 1.12167398473e-23, 1.1907499588e-23, 1.10096875255e-23, 1.38850310936e-23, 1.01178084858e-23, 1.29107082007e-23, 8.44295580981e-24, 1.09465683979e-23, 1.08423164849e-23, 1.17499522324e-23, 9.61532065524e-24, 8.97441061279e-24, 1.10051184431e-23, 1.76717922083e-23, 1.41043044485e-23, 1.05371827202e-23],
        "stdev": [0.0126506378874, 0.00744335912168, 0.00324697699398, 0.000849290227052, 0.000324420398101, 0.000317268975778, 0.000393547234125, 0.000293905090075, 0.000217157721636, 0.000234186692978, 0.000189195226994, 0.000235381274251, 0.000198450594326, 0.000421300617745, 0.000555339967832, 0.000336851342581, 0.000331082381308, 0.00057526800083, 3.33586431225e-05, 3.02290773107e-05, 1.6369167497e-05, 3.19236605719e-05, 7.33694178052e-05, 4.36359550804e-05, 2.63449910562e-05, 2.38286411332e-05, 2.26380889217e-05, 1.47237669808e-05, 1.26721342895e-05, 1.35155196404e-05, 1.37820852615e-05, 1.20305194287e-05, 9.90238913801e-06, 6.48636341793e-06, 4.79855725644e-06, 3.97366056859e-06, 3.55852330358e-06, 3.25306314153e-06, 3.36947914548e-06, 1.93421919903e-06],
        "var": [0.000160038631293, 5.54035941605e-05, 1.05428598545e-05, 7.2129387263e-07, 1.05248602722e-07, 1.00659605096e-07, 1.5487943017e-07, 8.63801972173e-08, 4.71574779226e-08, 5.48434080372e-08, 3.57948337637e-08, 5.54043459999e-08, 3.93826375955e-08, 1.7749420067e-07, 3.084024911e-07, 1.13468836105e-07, 1.09615548638e-07, 3.30933289661e-07, 1.11279918613e-09, 9.1379714906e-10, 2.67949662458e-10, 1.0191200106e-09, 5.38307176612e-09, 1.90409643608e-09, 6.9405858838e-10, 5.67804137042e-10, 5.12483055992e-10, 2.16789322605e-10, 1.60582977471e-10, 1.826692686e-10, 1.8994587847e-10, 1.44733405816e-10, 9.80573053311e-11, 4.20729111272e-11, 2.30261539003e-11, 1.57899786996e-11, 1.26630875924e-11, 1.05824203567e-11, 1.13533895826e-11, 3.74120396121e-12]
    },
    "melbands128": {
