{
"lowlevel": {
    "average_loudness": 0.904774665833,
    "barkbands_crest": {
        "dmean": 2.5902197361,
        "dmean2": 4.12841415405,
        "dvar": 6.5169005394,
        "dvar2": 15.2039937973,
        "max": 26.1088886261,
        "mean": 14.3593626022,
        "median": 14.0641784668,
        "min": 3.12544965744,
        "stdev": 4.1110868454,
        "var": 16.9010334015
    },
    "barkbands_flatness_db": {
        "dmean": 0.0360038429499,
        "dmean2": 0.0513944029808,
        "dvar": 0.00108741386794,
        "dvar2": 0.00212744576856,
        "max": 0.650779545307,
        "mean": 0.314184069633,
        "median": 0.297480821609,
        "min": 0.0314932763577,
        "stdev": 0.107169181108,
        "var": 0.0114852339029
    },
    "barkbands_kurtosis": {
        "dmean": 19.9196567535,
        "dmean2": 31.4591445923,
        "dvar": 656.292724609,
        "dvar2": 1550.51489258,
        "max": 332.814575195,
        "mean": 38.8352622986,
        "median": 28.4964694977,
        "min": -1.88691079617,
        "stdev": 36.7310180664,
        "var": 1349.16760254
    },
    "barkbands_skewness": {
        "dmean": 1.28753042221,
        "dmean2": 1.98957240582,
        "dvar": 1.78738868237,
        "dvar2": 4.13203430176,
        "max": 13.416888237,
        "mean": 3.75097703934,
        "median": 3.59806585312,
        "min": -2.1551220417,
        "stdev": 2.13584899902,
        "var": 4.56185102463
    },
    "barkbands_spread": {
        "dmean": 2.80894804001,
        "dmean2": 4.22089624405,
        "dvar": 54.969783783,
        "dvar2": 110.935829163,
        "max": 95.5565185547,
        "mean": 5.2468419075,
        "median": 2.17066764832,
        "min": 0.140938147902,
        "stdev": 10.7736358643,
        "var": 116.071220398
    },
    "dissonance": {
        "dmean": 0.0286895539612,
        "dmean2": 0.044869761914,
        "dvar": 0.000663770188112,
        "dvar2": 0.00156032305676,
        "max": 0.499607890844,
        "mean": 0.407436192036,
        "median": 0.419735848904,
        "min": 0.16461032629,
        "stdev": 0.0560814626515,
        "var": 0.00314513035119
    },
    "dynamic_complexity": 4.29492902756,
    "erbbands_crest": {
        "dmean": 3.03070640564,
        "dmean2": 4.88767051697,
        "dvar": 9.38800907135,
        "dvar2": 22.6313209534,
        "max": 29.6263809204,
        "mean": 15.2414121628,
        "median": 14.0820007324,
        "min": 2.27830576897,
        "stdev": 6.00640916824,
        "var": 36.0769500732
    },
    "erbbands_flatness_db": {
        "dmean": 0.0282305870205,
        "dmean2": 0.0397749990225,
        "dvar": 0.000734160130378,
        "dvar2": 0.00136932742316,
        "max": 0.501256883144,
        "mean": 0.24384714663,
        "median": 0.231173336506,
        "min": 0.0582861676812,
        "stdev": 0.0806691870093,
        "var": 0.00650751730427
    },
    "erbbands_kurtosis": {
        "dmean": 7.91708183289,
        "dmean2": 12.288848877,
        "dvar": 194.848205566,
        "dvar2": 461.04385376,
        "max": 207.234237671,
        "mean": 17.0696353912,
        "median": 8.06733131409,
        "min": -1.91160094738,
        "stdev": 25.7868766785,
        "var": 664.963012695
    },
    "erbbands_skewness": {
        "dmean": 0.831137239933,
        "dmean2": 1.24421370029,
        "dvar": 0.845389068127,
        "dvar2": 1.81487369537,
        "max": 10.7907037735,
        "mean": 2.81129312515,
        "median": 2.65291666985,
        "min": -3.3764128685,
        "stdev": 1.87809896469,
        "var": 3.52725553513
    },
    "erbbands_spread": {
        "dmean": 10.1128559113,
        "dmean2": 15.3933992386,
        "dvar": 230.148361206,
        "dvar2": 498.001525879,
        "max": 157.160140991,
        "mean": 25.7956905365,
        "median": 18.0912666321,
        "min": 0.557406067848,
        "stdev": 26.9296417236,
        "var": 725.205566406
    },
    "hfc": {
        "dmean": 3.52600312233,
        "dmean2": 5.30421972275,
        "dvar": 67.2972869873,
        "dvar2": 142.449356079,
        "max": 180.603210449,
        "mean": 8.82564258575,
        "median": 6.87322759628,
        "min": 1.26848914559e-16,
        "stdev": 11.2532987595,
        "var": 126.636741638
    },
    "loudness_ebu128": {
        "integrated": -18.3079128265,
        "loudness_range": 5.43166732788,
        "momentary": {
            "dmean": 0.725639879704,
            "dmean2": 0.967877328396,
            "dvar": 1.41651773453,
            "dvar2": 2.80836510658,
            "max": -15.1318721771,
            "mean": -20.6406955719,
            "median": -18.3552093506,
            "min": -52.8514556885,
            "stdev": 6.51067876816,
            "var": 42.3889389038
        },
        "short_term": {
            "dmean": 0.12273209542,
            "dmean2": 0.117905281484,
            "dvar": 0.0318706706166,
            "dvar2": 0.0157497674227,
            "max": -16.4128456116,
            "mean": -19.4355545044,
            "median": -17.9510593414,
            "min": -39.4952163696,
            "stdev": 3.49670934677,
            "var": 12.226975441
        }
    },
    "melbands_crest": {
        "dmean": 2.8623085022,
        "dmean2": 4.70099496841,
        "dvar": 7.73180103302,
        "dvar2": 19.8499565125,
        "max": 31.201259613,
        "mean": 19.2266273499,
        "median": 19.1533432007,
        "min": 2.56076216698,
        "stdev": 4.2130112648,
        "var": 17.7494621277
    },
    "melbands_flatness_db": {
        "dmean": 0.0403998717666,
        "dmean2": 0.0566736459732,
        "dvar": 0.00139938062057,
        "dvar2": 0.00260899704881,
        "max": 0.784421145916,
        "mean": 0.40813100338,
        "median": 0.391957104206,
        "min": 0.0107544409111,
        "stdev": 0.121822267771,
        "var": 0.014840664342
    },
    "melbands_kurtosis": {
        "dmean": 32.4071769714,
        "dmean2": 51.644405365,
        "dvar": 2089.56640625,
        "dvar2": 4800.35888672,
        "max": 897.047973633,
        "mean": 63.470161438,
        "median": 45.3363838196,
        "min": -1.82483935356,
        "stdev": 65.038230896,
        "var": 4229.97167969
    },
    "melbands_skewness": {
        "dmean": 1.45607352257,
        "dmean2": 2.26354503632,
        "dvar": 2.60884356499,
        "dvar2": 6.10509395599,
        "max": 21.9020385742,
        "mean": 4.53192567825,
        "median": 4.13928079605,
        "min": -0.423115640879,
        "stdev": 2.68821048737,
        "var": 7.22647619247
    },
    "melbands_spread": {
        "dmean": 2.57777476311,
        "dmean2": 3.82516074181,
        "dvar": 90.6748809814,
        "dvar2": 179.085159302,
        "max": 232.68560791,
        "mean": 4.50660276413,
        "median": 1.93584728241,
        "min": 0.278559982777,
        "stdev": 12.5014133453,
        "var": 156.285324097
    },
    "pitch_salience": {
        "dmean": 0.0835521519184,
        "dmean2": 0.137535050511,
        "dvar": 0.00696537597105,
        "dvar2": 0.018027799204,
        "max": 0.925011456013,
        "mean": 0.453613132238,
        "median": 0.477271199226,
        "min": 0.0462008863688,
        "stdev": 0.156645789742,
        "var": 0.0245379023254
    },
    "silence_rate_20dB": {
        "dmean": 0,
        "dmean2": 0,
        "dvar": 0,
        "dvar2": 0,
        "max": 1,
        "mean": 1,
        "median": 1,
        "min": 1,
        "stdev": 0,
        "var": 0
    },
    "silence_rate_30dB": {
        "dmean": 0.00618238002062,
        "dmean2": 0.0123711340129,
        "dvar": 0.00614411523566,
        "dvar2": 0.0173724051565,
        "max": 1,
        "mean": 0.994850695133,
        "median": 1,
        "min": 0,
        "stdev": 0.071574613452,
        "var": 0.00512292515486
    },
    "silence_rate_60dB": {
        "dmean": 0.0144255533814,
        "dmean2": 0.0288659799844,
        "dvar": 0.0142172938213,
        "dvar2": 0.0331861302257,
        "max": 1,
        "mean": 0.10556127876,
        "median": 0,
        "min": 0,
        "stdev": 0.307275086641,
        "var": 0.0944179818034
    },
    "spectral_centroid": {
        "dmean": 130.697097778,
        "dmean2": 192.194900513,
        "dvar": 119663.4375,
        "dvar2": 205469.921875,
        "max": 11001.0908203,
        "mean": 413.752532959,
        "median": 280.732788086,
        "min": 140.005584717,
        "stdev": 542.20324707,
        "var": 293984.375
    },
    "spectral_complexity": {
        "dmean": 1.46110248566,
        "dmean2": 2.18144321442,
        "dvar": 4.40196704865,
        "dvar2": 7.98255681992,
        "max": 36,
        "mean": 6.24510812759,
        "median": 5,
        "min": 0,
        "stdev": 4.06055593491,
        "var": 16.4881153107
    },
    "spectral_decrease": {
        "dmean": 3.24918070227e-09,
        "dmean2": 5.16390263883e-09,
        "dvar": 1.76383874461e-17,
        "dvar2": 4.36245724463e-17,
        "max": 8.82666994466e-29,
        "mean": -8.81777229012e-09,
        "median": -7.80087905383e-09,
        "min": -3.29396492305e-08,
        "stdev": 6.89971590973e-09,
        "var": 4.76060805934e-17
    },
    "spectral_energy": {
        "dmean": 0.0124964704737,
        "dmean2": 0.0198544804007,
        "dvar": 0.000258921441855,
        "dvar2": 0.000640781014226,
        "max": 0.126451715827,
        "mean": 0.0340807624161,
        "median": 0.0305235330015,
        "min": 1.11724344969e-20,
        "stdev": 0.0264887809753,
        "var": 0.000701655517332
    },
    "spectral_energyband_high": {
        "dmean": 0.000171272738953,
        "dmean2": 0.000247700838372,
        "dvar": 9.14677059427e-07,
        "dvar2": 1.7556938019e-06,
        "max": 0.0252429805696,
        "mean": 0.000216676606215,
        "median": 1.55008910951e-05,
        "min": 8.05803729053e-21,
        "stdev": 0.00126568973064,
        "var": 1.60197043897e-06
    },
    "spectral_energyband_low": {
        "dmean": 0.00695322034881,
        "dmean2": 0.0113380718976,
        "dvar": 0.000115523413115,
        "dvar2": 0.000315672747092,
        "max": 0.106144614518,
        "mean": 0.0141264600679,
        "median": 0.00858402997255,
        "min": 6.35565099606e-23,
        "stdev": 0.0157821606845,
        "var": 0.000249076576438
    },
    "spectral_energyband_middle_high": {
        "dmean": 0.000281291024294,
        "dmean2": 0.00039065713645,
        "dvar": 8.50402102515e-07,
        "dvar2": 1.93398409465e-06,
        "max": 0.0195964109153,
        "mean": 0.000479739246657,
        "median": 0.00011692570115,
        "min": 1.57279639014e-21,
        "stdev": 0.00117344153114,
        "var": 1.37696508773e-06
    },
    "spectral_energyband_middle_low": {
        "dmean": 0.00996581930667,
        "dmean2": 0.0162947867066,
        "dvar": 0.000197491885046,
        "dvar2": 0.000496315653436,
        "max": 0.123166531324,
        "mean": 0.0253213942051,
        "median": 0.0208882484585,
        "min": 1.68634341325e-22,
        "stdev": 0.022028291598,
        "var": 0.000485245662276
    },
    "spectral_entropy": {
        "dmean": 0.363734006882,
        "dmean2": 0.519247591496,
        "dvar": 0.132136449218,
        "dvar2": 0.239837482572,
        "max": 9.79759120941,
        "mean": 5.98742866516,
        "median": 6.07255363464,
        "min": 3.15111541748,
        "stdev": 1.04979801178,
        "var": 1.10207593441
    },
    "spectral_flux": {
        "dmean": 0.0331901535392,
        "dmean2": 0.0528497584164,
        "dvar": 0.00158266234212,
        "dvar2": 0.00400046445429,
        "max": 0.33310046792,
        "mean": 0.071817368269,
        "median": 0.0640048086643,
        "min": 1.05699740627e-10,
        "stdev": 0.055415250361,
        "var": 0.00307084992528
    },
    "spectral_kurtosis": {
        "dmean": 8.79482078552,
        "dmean2": 13.7673816681,
        "dvar": 165.273910522,
        "dvar2": 372.761230469,
        "max": 205.852355957,
        "mean": 20.8460979462,
        "median": 10.8399782181,
        "min": -1.26612818241,
        "stdev": 28.0479125977,
        "var": 786.685424805
    },
    "spectral_rms": {
        "dmean": 0.00100987916812,
        "dmean2": 0.0015610702103,
        "dvar": 1.40201984777e-06,
        "dvar2": 3.3435549085e-06,
        "max": 0.0111070936546,
        "mean": 0.0051858657971,
        "median": 0.00545701943338,
        "min": 3.30150511964e-12,
        "stdev": 0.00252118846402,
        "var": 6.35639162283e-06
    },
    "spectral_rolloff": {
        "dmean": 181.328445435,
        "dmean2": 305.259399414,
        "dvar": 683750.5625,
        "dvar2": 1296042.375,
        "max": 19078.4179688,
        "mean": 433.958007812,
        "median": 236.865234375,
        "min": 107.666015625,
        "stdev": 1042.04772949,
        "var": 1085863.375
    },
    "spectral_skewness": {
        "dmean": 0.702012300491,
        "dmean2": 1.04661810398,
        "dvar": 0.576155602932,
        "dvar2": 1.16589808464,
        "max": 12.1470823288,
        "mean": 3.20648598671,
        "median": 2.66716837883,
        "min": 0.0433062240481,
        "stdev": 2.02637720108,
        "var": 4.10620450974
    },
    "spectral_spread": {
        "dmean": 756034.5625,
        "dmean2": 1119615,
        "dvar": 1.09087509709e+12,
        "dvar2": 1.8278865961e+12,
        "max": 45400892,
        "mean": 3648115.25,
        "median": 3316284.75,
        "min": 480925.3125,
        "stdev": 2249079.25,
        "var": 5.05835736269e+12
    },
    "spectral_strongpeak": {
        "dmean": 0.288167536259,
        "dmean2": 0.488496601582,
        "dvar": 0.147291466594,
        "dvar2": 0.389779776335,
        "max": 4.16449165344,
        "mean": 0.811528503895,
        "median": 0.764185547829,
        "min": 0,
        "stdev": 0.527962625027,
        "var": 0.278744548559
    },
    "zerocrossingrate": {
        "dmean": 0.0061582303606,
        "dmean2": 0.00730811059475,
        "dvar": 0.000240638080868,
        "dvar2": 0.000304677785607,
        "max": 0.50341796875,
        "mean": 0.0213470924646,
        "median": 0.013671875,
        "min": 0.00537109375,
        "stdev": 0.0296475496143,
        "var": 0.000878977240063
    },
    "barkbands": {
        "dmean": [4.56894595118e-05, 0.00107302423567, 0.0036427883897, 0.00560377025977, 0.00588941387832, 0.000784949806985, 0.000565138238017, 0.000301101012155, 9.46655418375e-05, 5.89504234085e-05, 3.71995774913e-05, 2.93725788651e-05, 4.50984116469e-05, 2.60069373326e-05, 1.72324344021e-05, 2.22086109716e-05, 1.68271326402e-05, 2.87820676022e-05, 5.84086810704e-05, 6.52363014524e-05, 3.64012557839e-05, 4.94688138133e-05, 3.84357845178e-05, 2.9129534596e-05, 1.41335822263e-05, 5.32979765921e-06, 2.53436496678e-07],
        "dmean2": [7.89630139479e-05, 0.00161087454762, 0.00595760392025, 0.00958833470941, 0.00947656109929, 0.00122488848865, 0.000902038125787, 0.000458265974885, 0.000137200404424, 8.45889735501e-05, 5.56646737095e-05, 4.44969773525e-05, 7.04301055521e-05, 4.03625563195e-05, 2.61260520347e-05, 3.32940544467e-05, 2.57824340224e-05, 4.41267329734e-05, 9.06630957616e-05, 0.000110501176096, 5.12253209308e-05, 7.73544088588e-05, 5.85246707487e-05, 4.18850249844e-05, 2.09806839848e-05, 7.86725740909e-06, 3.84676326348e-07],
        "dvar": [2.97595246224e-08, 2.93217635772e-06, 3.53261893906e-05, 7.8538323578e-05, 9.2302550911e-05, 2.23686697609e-06, 2.86551312456e-06, 1.22197275232e-06, 8.78454500253e-08, 4.71414374204e-08, 2.28598882046e-08, 9.85862147473e-09, 4.53151152158e-08, 8.63323634803e-09, 3.67738284268e-09, 8.19343792813e-09, 2.34190156156e-09, 1.64936242442e-08, 1.63575833767e-07, 2.55342456512e-07, 5.06576682824e-08, 1.2898944135e-07, 6.4403522515e-08, 3.80805253997e-08, 8.10618505653e-09, 1.66967928372e-09, 5.51138084823e-12],
        "dvar2": [7.94654511083e-08, 6.40960070086e-06, 9.33367700782e-05, 0.000220191024709, 0.000215875887079, 4.96311486131e-06, 6.61996500639e-06, 3.181635293e-06, 1.76864091372e-07, 9.39791249266e-08, 3.9599861168e-08, 2.08359924869e-08, 1.08584536918e-07, 1.98540455187e-08, 9.02603058961e-09, 1.72339582605e-08, 5.00870322995e-09, 3.77370668048e-08, 3.91741025396e-07, 7.56693395942e-07, 8.68007816734e-08, 3.3077782291e-07, 1.4209238941e-07, 6.91828674348e-08, 1.69666911631e-08, 2.63101673781e-09, 1.09950703056e-11],
        "max": [0.00265107490122, 0.0168759506196, 0.0834668502212, 0.0731192454696, 0.10316196084, 0.0315343402326, 0.0306231994182, 0.0244642887264, 0.00721574528143, 0.00496119726449, 0.0049869925715, 0.001870910055, 0.00532541004941, 0.00182703486644, 0.00112455349881, 0.00216484954581, 0.000963419617619, 0.00363015569746, 0.0113538429141, 0.0118590537459, 0.00630485033616, 0.00964208506048, 0.00591943552718, 0.00588262500241, 0.00307303154841, 0.00113274389878, 8.00994239398e-05],
        "mean": [3.50630361936e-05, 0.00120959884953, 0.00683965301141, 0.009725112468, 0.0125887058675, 0.0015517504653, 0.000893443531822, 0.000373849412426, 0.00015050957154, 8.85113622644e-05, 5.42684392713e-05, 4.45855876023e-05, 5.76786696911e-05, 3.78899312636e-05, 2.06729309866e-05, 2.96600446745e-05, 2.19118865061e-05, 3.72966387658e-05, 6.54604737065e-05, 5.69779440411e-05, 4.70660634164e-05, 5.09234014316e-05, 4.03260128223e-05, 3.53874565917e-05, 1.7316229787e-05, 6.94559912517e-06, 2.63422919033e-07],
        "median": [8.8102456175e-07, 0.000372048525605, 0.00359921110794, 0.00488202273846, 0.00736219575629, 0.000856126192957, 0.000264215428615, 3.46430497302e-05, 4.06859435316e-05, 1.02855265141e-05, 9.40034806263e-06, 8.29684358905e-06, 4.20050491812e-06, 6.78590822645e-06, 3.11295298161e-06, 4.88131809107e-06, 3.68586370314e-06, 5.05423849972e-06, 7.29937164579e-06, 5.80722280574e-06, 2.37881863541e-06, 1.69175507381e-06, 1.91985441234e-06, 1.40727433973e-06, 7.94771040091e-07, 2.9873288554e-07, 6.86741863376e-09],
        "min": [5.15240650604e-23, 9.99568650677e-24, 2.18249413482e-23, 4.77389037556e-24, 3.64545750948e-23, 4.88772103203e-24, 1.26020434946e-23, 3.13078256681e-23, 5.9911385666e-23, 4.38262088859e-23, 1.02126690096e-22, 3.00364343244e-23, 9.25710791119e-23, 1.45097066942e-22, 1.66248371564e-22, 2.163714449e-22, 2.14387402926e-22, 2.73113237936e-22, 2.33162241983e-22, 1.32345616347e-22, 4.27916727135e-22, 6.53767175159e-22, 6.94656423341e-22, 8.54470100677e-22, 1.40654439613e-21, 1.61317173015e-21, 2.52013336753e-21],
        "stdev": [0.000147428174387, 0.0020259830635, 0.00850320700556, 0.0119182905182, 0.0148767055944, 0.00211447337642, 0.00221057096496, 0.00125597300939, 0.000404494232498, 0.000327079294948, 0.00022481236374, 0.000133330308017, 0.000239069529925, 0.000131905209855, 6.6887048888e-05, 0.000110505330667, 5.74825535296e-05, 0.000136090253363, 0.00038562642294, 0.000404447404435, 0.000321447587339, 0.000363965984434, 0.000272160978056, 0.000267008552328, 0.000115392220323, 5.37983542017e-05, 2.75984143627e-06],
        "var": [2.17350653031e-08, 4.10460734201e-06, 7.23045232007e-05, 0.000142045653774, 0.000221316382522, 4.47099728262e-06, 4.88662362841e-06, 1.57746808327e-06, 1.63615581528e-07, 1.06980856174e-07, 5.05405992612e-08, 1.77769710064e-08, 5.71542386751e-08, 1.73989835872e-08, 4.47387682456e-09, 1.2211428313e-08, 3.30424376749e-09, 1.8520557532e-08, 1.48707727021e-07, 1.635777096e-07, 1.0332854572e-07, 1.32471242864e-07, 7.40716004088e-08, 7.12935630531e-08, 1.33153648108e-08, 2.8942628294e-09, 7.61672495908e-12]
    },
    "erbbands": {
        "dmean": [0.00913449935615, 0.342612624168, 3.13391256332, 12.5374088287, 24.9925479889, 14.259469986, 8.24608039856, 5.66854286194, 6.78937578201, 9.77599906921, 3.5937743187, 2.30654001236, 1.9760748148, 1.41199588776, 1.23512172699, 1.31966650486, 2.04905128479, 1.5292339325, 0.957325398922, 0.938405632973, 1.04172837734, 1.01071667671, 1.60383534431, 1.91326165199, 3.80732584, 2.59421086311, 1.45617377758, 1.70935070515, 1.66969060898, 1.56738567352, 0.952394843102, 0.806083798409, 0.385309815407, 0.194498375058, 0.0832391604781, 0.0301754362881, 0.00947930384427, 0.00135344837327, 3.32167255692e-05, 1.44606310641e-05],
        "dmean2": [0.0144735146314, 0.514399111271, 5.02120018005, 21.1463661194, 42.1426696777, 21.3150253296, 12.9177284241, 8.83094882965, 10.9789142609, 14.6673259735, 5.36490011215, 3.32823014259, 2.80681777, 2.00013136864, 1.72625815868, 1.93486392498, 3.10992527008, 2.31711196899, 1.40325319767, 1.42897891998, 1.56011772156, 1.52223038673, 2.41400551796, 2.96209955215, 6.17013502121, 4.32226371765, 2.06876397133, 2.54388046265, 2.57211089134, 2.45556282997, 1.41636002064, 1.18562138081, 0.578717470169, 0.310004323721, 0.123786307871, 0.0471074469388, 0.0134877320379, 0.00192533805966, 4.72743049613e-05, 2.27674881899e-05],
        "dvar": [0.000378183438443, 0.292547553778, 24.1694793701, 431.915405273, 2204.05200195, 521.283935547, 319.388214111, 184.761764526, 470.475952148, 774.336975098, 104.836906433, 61.2740211487, 51.4389266968, 20.54479599, 28.2753067017, 19.8397274017, 80.4963684082, 32.1233062744, 7.50211906433, 10.4328584671, 23.6403980255, 9.35902500153, 52.8810844421, 159.80519104, 592.438110352, 350.979217529, 56.8765335083, 147.13508606, 141.446731567, 126.855041504, 36.823589325, 25.7842483521, 6.66229343414, 1.79632234573, 0.248056024313, 0.039489004761, 0.00786881241947, 0.000110715795017, 4.92639564698e-08, 3.65789981638e-10],
        "dvar2": [0.000966982683167, 0.642925024033, 60.5694732666, 1233.83483887, 5556.18505859, 1110.13696289, 667.858642578, 419.581542969, 1097.82092285, 1848.86962891, 243.845565796, 123.540748596, 98.1383743286, 37.3481292725, 48.1224708557, 37.9828567505, 184.238952637, 77.5844116211, 16.4849662781, 22.0025596619, 53.7406806946, 18.3291873932, 116.723571777, 375.357757568, 1559.73791504, 1027.27075195, 115.614471436, 282.308441162, 347.212738037, 298.533294678, 82.0642318726, 49.6565475464, 13.2169494629, 3.8962430954, 0.496506094933, 0.0803969427943, 0.0122020626441, 0.000182193980436, 7.66757111137e-08, 8.43213998625e-10],
        "max": [0.357638329268, 5.27482461929, 61.7709350586, 176.987121582, 433.637390137, 337.394683838, 430.32019043, 341.289733887, 339.571899414, 444.657867432, 200.789382935, 202.515625, 150.923721313, 122.583854675, 203.566711426, 93.1414031982, 217.365829468, 97.8554916382, 46.5329360962, 69.1079559326, 141.211791992, 67.3834609985, 197.264785767, 376.158477783, 562.698974609, 385.058776855, 185.098144531, 357.580596924, 320.938751221, 218.112579346, 143.629470825, 155.250549316, 84.871963501, 42.5726509094, 16.8224563599, 4.87678956985, 2.41112232208, 0.299232900143, 0.00653183227405, 0.000276137754554],
        "mean": [0.0102434558794, 0.429103136063, 5.43031597137, 25.9931526184, 45.3706436157, 34.4934158325, 17.8207569122, 10.0862445831, 11.5163612366, 13.1717824936, 5.36879777908, 3.66537475586, 3.22304344177, 2.17930054665, 1.849573493, 2.10695028305, 2.75303459167, 2.13790678978, 1.42328822613, 1.31965756416, 1.35741007328, 1.37556517124, 2.11988019943, 2.21093773842, 4.01477718353, 2.43980956078, 1.68552565575, 2.09263753891, 1.80477499962, 1.56892383099, 1.00190317631, 0.89139342308, 0.481123894453, 0.236493512988, 0.0989311039448, 0.0372406803071, 0.0122781638056, 0.00154508615378, 5.12121187057e-05, 3.91617868445e-05],
        "median": [0.00403619231656, 0.183485358953, 3.32610726357, 14.9916143417, 23.5720329285, 19.0256080627, 10.8529624939, 5.34819078445, 4.44084262848, 1.52308106422, 1.42446160316, 0.866115927696, 0.420564770699, 0.371822297573, 0.289607256651, 0.364368081093, 0.297314107418, 0.306433141232, 0.349000573158, 0.237137630582, 0.24599802494, 0.234225913882, 0.29752022028, 0.296976864338, 0.395984828472, 0.268169432878, 0.135943740606, 0.0839799642563, 0.0591177344322, 0.0634038001299, 0.05288926512, 0.0374265909195, 0.0187037214637, 0.00892570987344, 0.00593832787126, 0.00222107069567, 0.000322413106915, 3.56460732291e-05, 1.76816720341e-05, 3.46917513525e-05],
        "min": [8.32076800824e-22, 1.46178899428e-21, 2.10680995624e-20, 1.90482731406e-20, 1.88961236067e-20, 1.58663141806e-19, 1.4668882356e-19, 6.47275744036e-20, 1.67726689024e-19, 2.91807348124e-19, 7.59885592313e-19, 1.41979224213e-18, 1.76691879298e-18, 3.55175349085e-18, 2.06006974092e-18, 1.34976220089e-18, 3.7064106228e-18, 7.47351562305e-18, 6.49662690015e-18, 9.64849688107e-18, 1.66463629724e-17, 8.63620565514e-18, 1.22960886093e-17, 1.55109368133e-17, 9.81176661756e-18, 6.8534473874e-18, 1.81240318012e-17, 1.48824102423e-17, 2.11756334298e-17, 1.88363534226e-17, 2.21486426756e-17, 1.61355706723e-17, 1.35051834737e-17, 1.52908918811e-17, 9.299007282e-18, 6.09120789756e-18, 3.12002249336e-18, 1.16847212797e-18, 3.20946620508e-19, 3.94594814368e-20],
        "stdev": [0.0190972983837, 0.6433634758, 6.39812040329, 30.0915088654, 63.7334518433, 42.4363212585, 25.7847614288, 17.254524231, 26.6270980835, 36.2485389709, 13.6819524765, 10.2036218643, 11.1460361481, 6.97292709351, 8.11542701721, 6.4579167366, 10.5899782181, 7.74610948563, 3.64622020721, 4.30481624603, 5.27041244507, 3.75959682465, 7.94155931473, 12.229973793, 21.6126098633, 15.4939498901, 9.66665267944, 16.3662071228, 12.802687645, 11.1440839767, 6.51982307434, 6.61731147766, 3.51380586624, 1.73836171627, 0.606946766376, 0.238166943192, 0.117226816714, 0.0133408233523, 0.000295369914966, 3.14318713208e-05],
        "var": [0.000364706793334, 0.41391658783, 40.9359474182, 905.498962402, 4061.95288086, 1800.84143066, 664.853881836, 297.71862793, 709.002380371, 1313.95654297, 187.19581604, 104.11390686, 124.234115601, 48.6217155457, 65.8601608276, 41.7046890259, 112.147644043, 60.0022125244, 13.294921875, 18.5314426422, 27.7772483826, 14.1345691681, 63.0683670044, 149.572265625, 467.104919434, 240.062469482, 93.4441757202, 267.852752686, 163.908813477, 124.190605164, 42.5080909729, 43.78881073, 12.3468322754, 3.02190160751, 0.368384361267, 0.0567234903574, 0.0137421265244, 0.00017797757755, 8.72433929544e-08, 9.87962600618e-10]
    },
    "gfcc": {
        "mean": [-135.766693115, 136.296951294, -61.3880729675, 47.1340179443, -54.9962005615, -9.1271905899, -46.964515686, -12.5517368317, -32.4867973328, -15.1721391678, -15.0604200363, -15.2018480301, -14.3678569794],
        "cov": [[14610.1630859, -473.809814453, -2012.15710449, 113.393218994, -848.863647461, 123.167304993, -585.745178223, 711.555603027, -520.488708496, 231.028961182, 145.170288086, -329.462188721, -220.430175781], [-473.809814453, 2005.68835449, 184.550628662, -429.748291016, 328.846374512, -285.484375, 243.268051147, -304.369262695, 182.527740479, -318.802185059, 199.004699707, -280.667633057, 96.7097320557], [-2012.15710449, 184.550628662, 1070.75195312, 167.63571167, 237.350357056, 42.991733551, 153.210372925, -163.339416504, 89.6001205444, -83.2193603516, -92.5260543823, 7.21380758286, -26.8816814423], [113.393218994, -429.748291016, 167.63571167, 494.707855225, 74.4690551758, 62.145565033, 17.8587703705, 19.2923736572, 44.5434837341, 29.6547622681, -50.9115524292, 37.6160125732, -23.6225585938], [-848.863647461, 328.846374512, 237.350357056, 74.4690551758, 335.977416992, 14.1778268814, 85.2939987183, -62.8761024475, 79.9686126709, -72.1562423706, 3.27710938454, -58.2193870544, -6.59898090363], [123.167304993, -285.484375, 42.991733551, 62.145565033, 14.1778268814, 279.381408691, 42.1914672852, 77.8030395508, -21.5773487091, 67.2741470337, -24.5482616425, 9.72918319702, -43.6736297607], [-585.745178223, 243.268051147, 153.210372925, 17.8587703705, 85.2939987183, 42.1914672852, 217.914718628, -65.2293930054, 33.9040412903, -48.0854873657, 12.2751092911, -26.8627204895, -0.774268388748], [711.555603027, -304.369262695, -163.339416504, 19.2923736572, -62.8761024475, 77.8030395508, -65.2293930054, 246.116516113, -45.8377304077, 63.8286476135, -4.59576797485, 17.7402820587, -39.5130844116], [-520.488708496, 182.527740479, 89.6001205444, 44.5434837341, 79.9686126709, -21.5773487091, 33.9040412903, -45.8377304077, 138.520675659, -11.9453811646, 6.9742975235, -9.02754974365, 21.6426239014], [231.028961182, -318.802185059, -83.2193603516, 29.6547622681, -72.1562423706, 67.2741470337, -48.0854873657, 63.8286476135, -11.9453811646, 177.878448486, -8.15739059448, 60.7346916199, -2.2862663269], [145.170288086, 199.004699707, -92.5260543823, -50.9115524292, 3.27710938454, -24.5482616425, 12.2751092911, -4.59576797485, 6.9742975235, -8.15739059448, 124.268661499, -19.8400554657, -0.547793269157], [-329.462188721, -280.667633057, 7.21380758286, 37.6160125732, -58.2193870544, 9.72918319702, -26.8627204895, 17.7402820587, -9.02754974365, 60.7346916199, -19.8400554657, 149.107849121, 12.095659256], [-220.430175781, 96.7097320557, -26.8816814423, -23.6225585938, -6.59898090363, -43.6736297607, -0.774268388748, -39.5130844116, 21.6426239014, -2.2862663269, -0.547793269157, 12.095659256, 105.006240845]],
        "icov": [[0.000221212641918, -0.000575459736865, 0.000314731500112, -0.000718197086826, 0.0006220464129, -0.00033842868288, 0.000584980938584, -0.000340395112289, 0.000832884747069, -0.000379180390155, 0.000412461551605, 0.000202655166504, 0.000486815522891], [-0.000575459736865, 0.0044667343609, -0.00108492851723, 0.00408306205645, -0.00296473596245, 0.00244542979635, -0.00317178061232, 0.0016211058246, -0.00425909319893, 0.00267114443704, -0.00389106245711, 0.00242681289092, -0.00262748752721], [0.000314731500112, -0.00108492851723, 0.00193584628869, -0.00142375356518, 0.00034969652188, -0.00080185639672, 0.000488958321512, 0.000211668128031, 0.00105821760371, -0.000368215492927, 0.00186516728718, -0.000484572810819, 0.00144633289892], [-0.000718197086826, 0.00408306205645, -0.00142375356518, 0.00640055118129, -0.00345532223582, 0.00203157123178, -0.00312089850195, 0.00137081334833, -0.00496623106301, 0.00219854828902, -0.00271908799186, 0.000960283156019, -0.00212542130612], [0.0006220464129, -0.00296473596245, 0.00034969652188, -0.00345532223582, 0.00693901441991, -0.00210877065547, 0.00190788635518, -0.0012042397866, 0.00146496947855, -0.000768158584833, 0.00198618602008, 0.000477687339298, 0.00210509705357], [-0.00033842868288, 0.00244542979635, -0.00080185639672, 0.00203157123178, -0.00210877065547, 0.00649811327457, -0.00345736881718, -0.000491623359267, -0.00156665360555, -0.000675506598782, -0.00132608355489, 0.00159260816872, -0.000233425045735], [0.000584980938584, -0.00317178061232, 0.000488958321512, -0.00312089850195, 0.00190788635518, -0.00345736881718, 0.00875051412731, -7.77306704549e-05, 0.00278447172605, -0.000642710947432, 0.00155184383038, -0.000867772789206, 0.00180962332524], [-0.000340395112289, 0.0016211058246, 0.000211668128031, 0.00137081334833, -0.0012042397866, -0.000491623359267, -7.77306704549e-05, 0.00668133236468, -0.00113385799341, 0.00026690622326, -0.00115533429198, 0.000317632919177, 0.000585290952586], [0.000832884747069, -0.00425909319893, 0.00105821760371, -0.00496623106301, 0.00146496947855, -0.00156665360555, 0.00278447172605, -0.00113385799341, 0.0140491137281, -0.00359956151806, 0.00274547748268, -0.00106505642179, 0.00102200685069], [-0.000379180390155, 0.00267114443704, -0.000368215492927, 0.00219854828902, -0.000768158584833, -0.000675506598782, -0.000642710947432, 0.00026690622326, -0.00359956151806, 0.0100800655782, -0.00259367912076, -0.00125700049102, -0.00199664779939], [0.000412461551605, -0.00389106245711, 0.00186516728718, -0.00271908799186, 0.00198618602008, -0.00132608355489, 0.00155184383038, -0.00115533429198, 0.00274547748268, -0.00259367912076, 0.0129557112232, -0.00184484617785, 0.00312300235964], [0.000202655166504, 0.00242681289092, -0.000484572810819, 0.000960283156019, 0.000477687339298, 0.00159260816872, -0.000867772789206, 0.000317632919177, -0.00106505642179, -0.00125700049102, -0.00184484617785, 0.0117631675676, -0.00208461889997], [0.000486815522891, -0.00262748752721, 0.00144633289892, -0.00212542130612, 0.00210509705357, -0.000233425045735, 0.00180962332524, 0.000585290952586, 0.00102200685069, -0.00199664779939, 0.00312300235964, -0.00208461889997, 0.0131282769144]]
    },
    "melbands": {
        "dmean": [0.000174610206159, 0.00128665787634, 0.00230242544785, 0.00139295763802, 0.000332164519932, 0.00013128957653, 0.000106814681203, 0.000102422563941, 2.44283419306e-05, 1.45733501995e-05, 9.77289073489e-06, 5.84237932344e-06, 4.58434669781e-06, 3.03550632452e-06, 4.21762797487e-06, 4.37268545284e-06, 2.84387647298e-06, 1.60096874424e-06, 1.37684025958e-06, 1.60093577506e-06, 1.15812508739e-06, 9.62064291343e-07, 1.48266599354e-06, 1.34802576213e-06, 1.55243242261e-06, 2.54738597505e-06, 3.39971779795e-06, 1.32826050958e-06, 9.36868843837e-07, 9.04466560314e-07, 1.09423967842e-06, 1.01724219803e-06, 8.34260561078e-07, 9.21513617413e-07, 5.4264381788e-07, 5.64884544474e-07, 4.96787606608e-07, 2.66615046485e-07, 2.67748163196e-07, 1.39909815289e-07],
        "dmean2": [0.000265422801021, 0.00205894908868, 0.0038895518519, 0.00225930404849, 0.00050852476852, 0.000204891446629, 0.000170586266904, 0.000153451095684, 3.67167558579e-05, 2.11095175473e-05, 1.3919671801e-05, 8.39925542095e-06, 6.54816858514e-06, 4.3771115088e-06, 6.25299981039e-06, 6.69970131639e-06, 4.36992650066e-06, 2.38605707636e-06, 2.10928214983e-06, 2.49442291533e-06, 1.73044395524e-06, 1.46874390339e-06, 2.28137810154e-06, 2.05258061214e-06, 2.44033776653e-06, 3.92525771531e-06, 5.92373953623e-06, 2.18652212425e-06, 1.4331036482e-06, 1.30572516355e-06, 1.66655797784e-06, 1.58749583079e-06, 1.30469481974e-06, 1.48429330693e-06, 8.13905444375e-07, 8.70198164193e-07, 7.37668472084e-07, 3.91192457982e-07, 4.44836189217e-07, 2.23143942435e-07],
        "dvar": [8.34695441654e-08, 3.7982140384e-06, 1.19653059301e-05, 5.27140855411e-06, 5.35368712917e-07, 8.34103630609e-08, 1.11496206046e-07, 9.24258287682e-08, 4.94379071014e-09, 2.74569500469e-09, 1.32073985082e-09, 3.73925390651e-10, 4.18933027158e-10, 9.99421378989e-11, 2.25193516612e-10, 5.16030940201e-10, 1.19319193415e-10, 1.99425146535e-11, 2.55900873408e-11, 3.3527829818e-11, 3.44142388198e-11, 7.32390363634e-12, 3.91247555187e-11, 4.07947009506e-11, 1.14452919364e-10, 2.99562930017e-10, 8.45646830339e-10, 9.45641134842e-11, 2.7458330748e-11, 3.40599597137e-11, 7.56570500693e-11, 7.09806866062e-11, 3.00520129615e-11, 4.75754088902e-11, 1.45687888836e-11, 1.2545339767e-11, 1.11460805863e-11, 2.50445150729e-12, 5.75655625598e-12, 7.68564573962e-13],
        "dvar2": [1.85620734783e-07, 9.54989718593e-06, 3.27793059114e-05, 1.24088637676e-05, 1.17260674415e-06, 1.9159173803e-07, 2.57363041101e-07, 2.27018873034e-07, 1.05732773648e-08, 5.52611378879e-09, 2.51853959909e-09, 7.0345645975e-10, 6.86709911157e-10, 2.03979430569e-10, 4.14451140074e-10, 1.31264665804e-09, 2.84353651736e-10, 4.22141349654e-11, 6.33745625422e-11, 7.10716416275e-11, 7.90500651049e-11, 1.58529543659e-11, 8.25083057432e-11, 9.49942138839e-11, 2.72059902384e-10, 7.05913605348e-10, 2.51236298432e-09, 2.6988164481e-10, 6.54609630391e-11, 6.62405963414e-11, 1.52262799591e-10, 1.82600282117e-10, 7.13662601237e-11, 1.12009908293e-10, 3.25067923967e-11, 3.05773704967e-11, 2.07708242966e-11, 4.39469424393e-12, 1.49202733501e-11, 1.6349918381e-12],
        "max": [0.00290821515955, 0.0231792889535, 0.0261105969548, 0.0242431145161, 0.0157541837543, 0.00717188091949, 0.005241622217, 0.00564727466553, 0.00144513777923, 0.00138616783079, 0.00077959446935, 0.000593779433984, 0.000796623935457, 0.000237329251831, 0.00045080439304, 0.000703151512425, 0.000208261713851, 9.81717021205e-05, 9.61074110819e-05, 0.000117841133033, 0.000184617965715, 4.86805074615e-05, 0.000175242297701, 0.00021236219618, 0.000327695772285, 0.000495247892104, 0.000749382190406, 0.00026163412258, 9.33822739171e-05, 0.000180432514753, 0.000240934183239, 0.00024977629073, 0.000121344448416, 0.000135811103974, 9.25681451918e-05, 9.17807410588e-05, 0.000100982084405, 4.59789262095e-05, 8.34146194393e-05, 2.30241366808e-05],
        "mean": [0.000196518158191, 0.00236591650173, 0.00484722200781, 0.00308373663574, 0.000706212536898, 0.000243924077949, 0.000175706387381, 0.000133156558149, 3.710915189e-05, 2.23907609325e-05, 1.56778096425e-05, 8.76388185134e-06, 6.75888441037e-06, 4.49753815701e-06, 6.28422912996e-06, 5.60320495424e-06, 3.82469715987e-06, 2.37891845245e-06, 1.61108096108e-06, 2.1495538931e-06, 1.40884037592e-06, 1.25132385165e-06, 1.90565003777e-06, 1.71518479419e-06, 1.6830150571e-06, 2.83140207102e-06, 2.98841791846e-06, 1.26006250412e-06, 9.63869638326e-07, 1.10926589514e-06, 1.28666329147e-06, 1.06596758087e-06, 8.477782103e-07, 8.92252330686e-07, 5.66139362945e-07, 5.38872996003e-07, 5.63088747185e-07, 3.3085629525e-07, 2.95578558962e-07, 1.65391554674e-07],
        "median": [6.73638278386e-05, 0.00149360694923, 0.00317587051541, 0.00183883705176, 0.000396166578867, 0.000131987093482, 6.1015067331e-05, 8.53878009366e-06, 1.06352235889e-05, 4.59084503746e-06, 1.87791169992e-06, 1.43746592585e-06, 1.05394985894e-06, 7.40930545362e-07, 1.00209672382e-06, 3.77730600576e-07, 5.73783211166e-07, 5.85117845731e-07, 2.22003080808e-07, 3.57463761702e-07, 2.22655557991e-07, 2.10335144857e-07, 2.61377408606e-07, 2.22079336254e-07, 2.23600011395e-07, 2.74946614809e-07, 2.35574418639e-07, 1.4220944422e-07, 7.84520963748e-08, 5.09912183588e-08, 3.89619287944e-08, 2.98161317858e-08, 2.74273901368e-08, 3.32283569549e-08, 2.81019776338e-08, 2.3177488373e-08, 1.91168432195e-08, 1.41488643024e-08, 6.6561502976e-09, 6.06704819717e-09],
        "min": [8.85230756644e-24, 7.23919272262e-24, 3.34915038831e-24, 5.65005964476e-24, 6.66131029992e-24, 1.27472092839e-24, 2.4491409537e-24, 3.62648430031e-24, 6.42051011417e-24, 9.40634903486e-24, 8.1339637264e-24, 1.31583766039e-23, 9.67758150218e-24, 3.10855609526e-24, 4.36515471929e-24, 1.13875653097e-23, 1.37048962836e-23, 9.14478800224e-24, 1.57865266631e-23, 9.1778002534e-24, 2.42759779347e-23, 1.11072538422e-23, 5.38595571901e-24, 1.57090258123e-23, 1.26056572664e-23, 7.88996825955e-24, 5.17157409054e-24, 3.30154440762e-24, 1.3818758889e-23, 6.0659731464e-24, 9.38776583852e-24, 1.23673849854e-23, 1.07266631653e-23, 1.07122830199e-23, 1.26572061711e-23, 1.18854004386e-23, 8.94732112931e-24, 8.08337723199e-24, 1.22899685427e-23, 1.31268750214e-23],
        "stdev": [0.000333376257913, 0.00267484341748, 0.00505523523316, 0.00357951922342, 0.00106601917651, 0.000373643473722, 0.00042149759247, 0.000383129663533, 9.97131937766e-05, 6.79094519001e-05, 5.66820417589e-05, 2.94264937111e-05, 3.10034592985e-05, 1.38377254189e-05, 2.19123940042e-05, 2.37647891481e-05, 1.48949020513e-05, 6.14933287579e-06, 5.59796035304e-06, 7.46629257264e-06, 6.11788300375e-06, 3.20314961755e-06, 7.13900135452e-06, 6.53363895253e-06, 1.01698178696e-05, 1.67487833096e-05, 2.25562944252e-05, 8.08604909253e-06, 5.67349252378e-06, 7.88160195953e-06, 1.10033588498e-05, 8.56410224515e-06, 5.54914049644e-06, 6.76247145748e-06, 3.97847452405e-06, 3.74653973267e-06, 4.46496505901e-06, 2.22955372919e-06, 2.64658115157e-06, 1.11748227027e-06],
        "var": [1.1113973386e-07, 7.15478699931e-06, 2.5555402317e-05, 1.28129586301e-05, 1.13639680421e-06, 1.39609440453e-07, 1.77660211875e-07, 1.46788337929e-07, 9.94272042476e-09, 4.6116932495e-09, 3.21285376081e-09, 8.65918559079e-10, 9.61214441375e-10, 1.91482649181e-10, 4.80153028448e-10, 5.64765234579e-10, 2.21858101335e-10, 3.78142933632e-11, 3.13371585625e-11, 5.57455227812e-11, 3.74284908622e-11, 1.02601668481e-11, 5.09653430569e-11, 4.26884395888e-11, 1.03425198961e-10, 2.80521772478e-10, 5.08786401898e-10, 6.5384184178e-11, 3.21885192112e-11, 6.21196497019e-11, 1.21073900905e-10, 7.33438448863e-11, 3.07929619303e-11, 4.5731023135e-11, 1.58282588425e-11, 1.40365592413e-11, 1.99359140307e-11, 4.97090996837e-12, 7.00439142451e-12, 1.24876671503e-12]
    },
    "melbands128": {
