{
"lowlevel": {
    "average_loudness": 0.95500856638,
    "barkbands_crest": {
        "dmean": 2.7818043232,
        "dmean2": 4.49803161621,
        "dvar": 6.0182299614,
        "dvar2": 14.9806652069,
        "max": 25.2676277161,
        "mean": 9.99652194977,
        "median": 9.18235111237,
        "min": 2.79552268982,
        "stdev": 4.30941343307,
        "var": 18.5710430145
    },
    "barkbands_flatness_db": {
        "dmean": 0.0223839748651,
        "dmean2": 0.0347932800651,
        "dvar": 0.000442888296675,
        "dvar2": 0.00104115146678,
        "max": 0.332805931568,
        "mean": 0.128141418099,
        "median": 0.11993175745,
        "min": 0.0366875566542,
        "stdev": 0.0498987846076,
        "var": 0.00248988857493
    },
    "barkbands_kurtosis": {
        "dmean": 2.52267861366,
        "dmean2": 4.10146474838,
        "dvar": 16.8220424652,
        "dvar2": 44.0538902283,
        "max": 50.9137916565,
        "mean": 2.83735227585,
        "median": 1.12323832512,
        "min": -1.81286478043,
        "stdev": 5.37679386139,
        "var": 28.9099121094
    },
    "barkbands_skewness": {
        "dmean": 0.554455280304,
        "dmean2": 0.867162227631,
        "dvar": 0.30994912982,
        "dvar2": 0.75360584259,
        "max": 6.34274768829,
        "mean": 1.39201486111,
        "median": 1.29541921616,
        "min": -1.97325587273,
        "stdev": 1.02109730244,
        "var": 1.04263973236
    },
    "barkbands_spread": {
        "dmean": 5.77189302444,
        "dmean2": 9.04116535187,
        "dvar": 32.252571106,
        "dvar2": 75.9000320435,
        "max": 62.7891197205,
        "mean": 23.7175235748,
        "median": 22.7666873932,
        "min": 1.10014283657,
        "stdev": 11.4295253754,
        "var": 130.634048462
    },
    "dissonance": {
        "dmean": 0.0181909110397,
        "dmean2": 0.0307912286371,
        "dvar": 0.00043512400589,
        "dvar2": 0.00113793672062,
        "max": 0.5,
        "mean": 0.469459891319,
        "median": 0.479109853506,
        "min": 0.291436582804,
        "stdev": 0.029468903318,
        "var": 0.00086841621669
    },
    "dynamic_complexity": 2.32157182693,
    "erbbands_crest": {
        "dmean": 2.8661134243,
        "dmean2": 4.68558454514,
        "dvar": 8.64576721191,
        "dvar2": 20.3340778351,
        "max": 29.0955238342,
        "mean": 8.81418991089,
        "median": 7.01632404327,
        "min": 2.60275864601,
        "stdev": 5.21960449219,
        "var": 27.2442722321
    },
    "erbbands_flatness_db": {
        "dmean": 0.0180820524693,
        "dmean2": 0.0266773477197,
        "dvar": 0.000363291619578,
        "dvar2": 0.000750930630602,
        "max": 0.371931016445,
        "mean": 0.162156969309,
        "median": 0.151725441217,
        "min": 0.0634231343865,
        "stdev": 0.0521342456341,
        "var": 0.00271797948517
    },
    "erbbands_kurtosis": {
        "dmean": 0.963746249676,
        "dmean2": 1.5419960022,
        "dvar": 3.21137666702,
        "dvar2": 8.06822967529,
        "max": 32.5717048645,
        "mean": 0.404605567455,
        "median": -0.320217847824,
        "min": -1.69608080387,
        "stdev": 2.565294981,
        "var": 6.58073854446
    },
    "erbbands_skewness": {
        "dmean": 0.396512061357,
        "dmean2": 0.614281833172,
        "dvar": 0.153832927346,
        "dvar2": 0.362005740404,
        "max": 4.78066158295,
        "mean": 0.104138255119,
        "median": -0.0945552289486,
        "min": -2.23585748672,
        "stdev": 0.855749905109,
        "var": 0.732307910919
    },
    "erbbands_spread": {
        "dmean": 7.55007362366,
        "dmean2": 11.6710290909,
        "dvar": 51.4564208984,
        "dvar2": 115.761894226,
        "max": 103.825737,
        "mean": 38.4363632202,
        "median": 37.9581222534,
        "min": 3.06973767281,
        "stdev": 16.4371623993,
        "var": 270.180297852
    },
    "hfc": {
        "dmean": 7.01248884201,
        "dmean2": 11.1137905121,
        "dvar": 125.414619446,
        "dvar2": 322.731445312,
        "max": 149.480651855,
        "mean": 18.3609733582,
        "median": 15.8293848038,
        "min": 1.11257711447e-16,
        "stdev": 13.7205190659,
        "var": 188.252655029
    },
    "loudness_ebu128": {
        "integrated": -15.3166866302,
        "loudness_range": 3.48523712158,
        "momentary": {
            "dmean": 0.544076621532,
            "dmean2": 0.797551453114,
            "dvar": 0.301982402802,
            "dvar2": 0.633825063705,
            "max": -12.1677875519,
            "mean": -15.616484642,
            "median": -15.3883781433,
            "min": -21.2211685181,
            "stdev": 1.69121229649,
            "var": 2.86019921303
        },
        "short_term": {
            "dmean": 0.0786084756255,
            "dmean2": 0.106238640845,
            "dvar": 0.00448131468147,
            "dvar2": 0.00877706985921,
            "max": -13.7754135132,
            "mean": -15.4245481491,
            "median": -15.0894470215,
            "min": -19.0545654297,
            "stdev": 1.19233465195,
            "var": 1.42166185379
        }
    },
    "melbands_crest": {
        "dmean": 3.92990159988,
        "dmean2": 6.52815198898,
        "dvar": 11.1396999359,
        "dvar2": 29.006816864,
        "max": 30.8243598938,
        "mean": 14.8525075912,
        "median": 13.9620199203,
        "min": 2.26763629913,
        "stdev": 5.75672388077,
        "var": 33.1398696899
    },
    "melbands_flatness_db": {
        "dmean": 0.0270659066737,
        "dmean2": 0.0425774753094,
        "dvar": 0.000627462519333,
        "dvar2": 0.00146848917939,
        "max": 0.397072464228,
        "mean": 0.185356006026,
        "median": 0.180017545819,
        "min": 0.00516358530149,
        "stdev": 0.0554552972317,
        "var": 0.00307529000565
    },
    "melbands_kurtosis": {
        "dmean": 6.3069434166,
        "dmean2": 10.1859207153,
        "dvar": 100.917205811,
        "dvar2": 259.143554688,
        "max": 126.982223511,
        "mean": 11.063076973,
        "median": 6.6865029335,
        "min": -1.50415444374,
        "stdev": 14.0673923492,
        "var": 197.891540527
    },
    "melbands_skewness": {
        "dmean": 0.752956628799,
        "dmean2": 1.18421888351,
        "dvar": 0.618877768517,
        "dvar2": 1.47778117657,
        "max": 9.61993408203,
        "mean": 2.53338646889,
        "median": 2.29428958893,
        "min": -0.649947404861,
        "stdev": 1.53262269497,
        "var": 2.34893226624
    },
    "melbands_spread": {
        "dmean": 7.93982934952,
        "dmean2": 12.5873355865,
        "dvar": 84.6054840088,
        "dvar2": 188.57434082,
        "max": 138.562362671,
        "mean": 25.0640544891,
        "median": 21.9899482727,
        "min": 1.72687268257,
        "stdev": 15.4430093765,
        "var": 238.486526489
    },
    "pitch_salience": {
        "dmean": 0.0895478278399,
        "dmean2": 0.146321341395,
        "dvar": 0.00656856875867,
        "dvar2": 0.017170118168,
        "max": 0.871737837791,
        "mean": 0.550954818726,
        "median": 0.560253083706,
        "min": 0.153887942433,
        "stdev": 0.131106883287,
        "var": 0.017189014703
    },
    "silence_rate_20dB": {
        "dmean": 0,
        "dmean2": 0,
        "dvar": 0,
        "dvar2": 0,
        "max": 1,
        "mean": 1,
        "median": 1,
        "min": 1,
        "stdev": 0,
        "var": 0
    },
    "silence_rate_30dB": {
        "dmean": 0.00412158668041,
        "dmean2": 0.00824742298573,
        "dvar": 0.0041046300903,
        "dvar2": 0.0123031865805,
        "max": 1,
        "mean": 0.99794024229,
        "median": 1,
        "min": 0,
        "stdev": 0.0453378744423,
        "var": 0.00205552298576
    },
    "silence_rate_60dB": {
        "dmean": 0.020092735067,
        "dmean2": 0.0402061864734,
        "dvar": 0.0196895413101,
        "dvar2": 0.0488997064531,
        "max": 1,
        "mean": 0.0185375902802,
        "median": 0,
        "min": 0,
        "stdev": 0.134883835912,
        "var": 0.0181936509907
    },
    "spectral_centroid": {
        "dmean": 297.397460938,
        "dmean2": 469.165466309,
        "dvar": 137186.078125,
        "dvar2": 295279.53125,
        "max": 11261.9384766,
        "mean": 1514.8828125,
        "median": 1497.47583008,
        "min": 322.39453125,
        "stdev": 643.960998535,
        "var": 414685.75
    },
    "spectral_complexity": {
        "dmean": 4.83101511002,
        "dmean2": 7.29845380783,
        "dvar": 22.6205825806,
        "dvar2": 46.5918655396,
        "max": 55,
        "mean": 22.5087547302,
        "median": 23,
        "min": 0,
        "stdev": 10.0759010315,
        "var": 101.523780823
    },
    "spectral_decrease": {
        "dmean": 2.94120794386e-09,
        "dmean2": 4.80561812566e-09,
        "dvar": 2.15917400195e-17,
        "dvar2": 5.5783088512e-17,
        "max": 5.50115286707e-29,
        "mean": -6.41834407844e-09,
        "median": -5.16450526789e-09,
        "min": -5.94231117645e-08,
        "stdev": 5.19748644123e-09,
        "var": 2.7013864267e-17
    },
    "spectral_energy": {
        "dmean": 0.0116056408733,
        "dmean2": 0.0189602077007,
        "dvar": 0.000338224635925,
        "dvar2": 0.000872787204571,
        "max": 0.2338296175,
        "mean": 0.0258896835148,
        "median": 0.0209077484906,
        "min": 1.04249823016e-20,
        "stdev": 0.0205587781966,
        "var": 0.000422663346399
    },
    "spectral_energyband_high": {
        "dmean": 0.000253012520261,
        "dmean2": 0.000397226627683,
        "dvar": 5.75050137286e-07,
        "dvar2": 1.40467307119e-06,
        "max": 0.019373100251,
        "mean": 0.000603232474532,
        "median": 0.0004699974088,
        "min": 7.62556400183e-21,
        "stdev": 0.000814702536445,
        "var": 6.63740252094e-07
    },
    "spectral_energyband_low": {
        "dmean": 0.00438561430201,
        "dmean2": 0.00724197831005,
        "dvar": 4.40231779066e-05,
        "dvar2": 0.000116318056826,
        "max": 0.0643467232585,
        "mean": 0.00897725764662,
        "median": 0.00591389695182,
        "min": 3.8393980164e-23,
        "stdev": 0.0102034173906,
        "var": 0.000104109720269
    },
    "spectral_energyband_middle_high": {
        "dmean": 0.0020695545245,
        "dmean2": 0.00317790079862,
        "dvar": 8.42559347802e-06,
        "dvar2": 1.94153853954e-05,
        "max": 0.052583232522,
        "mean": 0.00526485824957,
        "median": 0.00385632109828,
        "min": 1.63015861912e-21,
        "stdev": 0.00544724613428,
        "var": 2.96724902e-05
    },
    "spectral_energyband_middle_low": {
        "dmean": 0.00814809836447,
        "dmean2": 0.0135575607419,
        "dvar": 0.000252782221651,
        "dvar2": 0.000675787276123,
        "max": 0.199466615915,
        "mean": 0.0120639745146,
        "median": 0.00629706773907,
        "min": 2.55353467226e-22,
        "stdev": 0.0158232674003,
        "var": 0.000250375800533
    },
    "spectral_entropy": {
        "dmean": 0.139063075185,
        "dmean2": 0.213887557387,
        "dvar": 0.0247488729656,
        "dvar2": 0.0560172200203,
        "max": 9.80403614044,
        "mean": 7.62474822998,
        "median": 7.69721317291,
        "min": 5.86001348495,
        "stdev": 0.360557466745,
        "var": 0.130001679063
    },
    "spectral_flux": {
        "dmean": 0.0302802268416,
        "dmean2": 0.0467859059572,
        "dvar": 0.00132354046218,
        "dvar2": 0.00253434013575,
        "max": 0.392373681068,
        "mean": 0.0926702171564,
        "median": 0.0787092596292,
        "min": 6.58564730527e-11,
        "stdev": 0.0515825487673,
        "var": 0.00266075925902
    },
    "spectral_kurtosis": {
        "dmean": 1.62292218208,
        "dmean2": 2.80090856552,
        "dvar": 3.41096496582,
        "dvar2": 9.79533958435,
        "max": 21.7898864746,
        "mean": 4.03925323486,
        "median": 3.28176355362,
        "min": -1.24359035492,
        "stdev": 2.53790688515,
        "var": 6.44097137451
    },
    "spectral_rms": {
        "dmean": 0.00102839723695,
        "dmean2": 0.00161405012477,
        "dvar": 1.58981413279e-06,
        "dvar2": 3.85211251341e-06,
        "max": 0.0151038561016,
        "mean": 0.00469875568524,
        "median": 0.00451639248058,
        "min": 3.18915575372e-12,
        "stdev": 0.00178322382271,
        "var": 3.17988724419e-06
    },
    "spectral_rolloff": {
        "dmean": 501.555267334,
        "dmean2": 834.645996094,
        "dvar": 512273.96875,
        "dvar2": 1119330.5,
        "max": 18712.3535156,
        "mean": 1468.65930176,
        "median": 1270.45898438,
        "min": 107.666015625,
        "stdev": 1099.31640625,
        "var": 1208496.625
    },
    "spectral_skewness": {
        "dmean": 0.228633508086,
        "dmean2": 0.374715268612,
        "dvar": 0.0522826090455,
        "dvar2": 0.132074549794,
        "max": 3.00698065758,
        "mean": 1.31658303738,
        "median": 1.24946713448,
        "min": -0.0543938167393,
        "stdev": 0.377760767937,
        "var": 0.142703205347
    },
    "spectral_spread": {
        "dmean": 409362.3125,
        "dmean2": 612743.5,
        "dvar": 534300950528,
        "dvar2": 705871282176,
        "max": 42008168,
        "mean": 3862254,
        "median": 3812235,
        "min": 1784263,
        "stdev": 1602619.375,
        "var": 2.56838887014e+12
    },
    "spectral_strongpeak": {
        "dmean": 0.497826427221,
        "dmean2": 0.836555480957,
        "dvar": 0.562788546085,
        "dvar2": 1.40699613094,
        "max": 7.6492524147,
        "mean": 0.85857129097,
        "median": 0.485579311848,
        "min": 0,
        "stdev": 0.983315706253,
        "var": 0.966909825802
    },
    "zerocrossingrate": {
        "dmean": 0.0085083199665,
        "dmean2": 0.0106603875756,
        "dvar": 0.000152117558173,
        "dvar2": 0.000267553230515,
        "max": 0.49560546875,
        "mean": 0.05729585886,
        "median": 0.05419921875,
        "min": 0.005859375,
        "stdev": 0.0262646377087,
        "var": 0.000689831213094
    },
    "barkbands": {
        "dmean": [5.82101965847e-05, 0.00219580880366, 0.00252069788985, 0.000980566372164, 0.00295099103823, 0.00186362070963, 0.00204400718212, 0.00160080380738, 0.00104946480133, 0.000586434965953, 0.000544976850506, 0.000397052266635, 0.000366591586499, 0.000289316958515, 0.000231817743042, 0.000264511327259, 0.000312470743665, 0.000214244122617, 0.000228586955927, 0.000156855370733, 0.00011239831656, 6.71838934068e-05, 3.64119478036e-05, 2.04062980629e-05, 7.1233403105e-06, 4.55485769635e-06, 1.1831205029e-06],
        "dmean2": [9.68013555394e-05, 0.00364277046174, 0.0042585041374, 0.00158303393982, 0.0050017205067, 0.00325288344175, 0.00353338406421, 0.00262702116743, 0.00166267622262, 0.000950340589043, 0.000914365518838, 0.000667462998535, 0.000590055307839, 0.00048780371435, 0.000392223097151, 0.000442822114564, 0.000512344995514, 0.000354489311576, 0.000377905525966, 0.000262696412392, 0.000183279058547, 0.000110136490548, 5.72328281123e-05, 3.33752432198e-05, 1.15075526992e-05, 6.94922619005e-06, 1.96988571588e-06],
        "dvar": [1.271445349e-08, 1.72606651176e-05, 1.74980632437e-05, 3.11144117404e-06, 3.59844198101e-05, 1.96598684852e-05, 2.9329694371e-05, 1.52468746819e-05, 9.25072617974e-06, 2.43681165557e-06, 1.79186679361e-06, 1.17317210879e-06, 4.89498802381e-07, 3.4599298715e-07, 2.04896124956e-07, 1.61283523425e-07, 1.51245245661e-07, 8.19586603029e-08, 1.40013540317e-07, 1.11020689531e-07, 1.76901593818e-07, 5.04900548037e-08, 4.60977211958e-09, 1.55913582045e-09, 1.74182154811e-10, 1.22713991746e-10, 1.02607063471e-11],
        "dvar2": [3.03456886286e-08, 4.44347206212e-05, 4.68002690468e-05, 7.6632368291e-06, 9.63633210631e-05, 5.24876268173e-05, 7.89250407252e-05, 3.79721677746e-05, 2.26385091082e-05, 5.58662850381e-06, 4.45033856522e-06, 3.16715590998e-06, 1.12868144697e-06, 9.58157443165e-07, 5.42167754247e-07, 4.27520717494e-07, 3.84650661545e-07, 2.13901913071e-07, 3.58935608347e-07, 2.55289478446e-07, 4.55259993259e-07, 1.36038067922e-07, 9.46238731814e-09, 4.41521708083e-09, 4.68932059849e-10, 2.60563792764e-10, 2.61335293683e-11],
        "max": [0.00165151781403, 0.0489337295294, 0.0553781017661, 0.0372171550989, 0.0670085996389, 0.0606624782085, 0.0565565824509, 0.045375905931, 0.0508452877402, 0.0225131772459, 0.0269761867821, 0.0188971180469, 0.0111214099452, 0.0112783815712, 0.00753481313586, 0.0049396683462, 0.0043332031928, 0.00414961157367, 0.00714425789192, 0.00658499309793, 0.0117518566549, 0.00507134478539, 0.00162089022342, 0.000875538913533, 0.000274864170933, 0.000154187757289, 3.96815958084e-05],
        "mean": [5.80449814152e-05, 0.00341730169021, 0.0046333023347, 0.00146646320354, 0.00314801046625, 0.00194815860596, 0.00201932969503, 0.00189115025569, 0.00127990485635, 0.000793412269559, 0.000789528421592, 0.000598231272306, 0.000546149502043, 0.00040774178342, 0.000339996331604, 0.000435144494986, 0.000590188486967, 0.000395002949517, 0.000400207267376, 0.000233008817304, 0.000204546056921, 0.000124039695947, 8.85164990905e-05, 5.26159237779e-05, 1.90206774278e-05, 9.41198595683e-06, 1.26968279801e-06],
        "median": [2.21594164032e-05, 0.00125797651708, 0.00211118464358, 0.000821017078124, 0.00134134618565, 0.000644999206997, 0.000596396741457, 0.000418221694417, 0.000321989296935, 0.000288340903353, 0.000262415211182, 0.000239057146246, 0.000244580907747, 0.000184833625099, 0.000195016735233, 0.00028985273093, 0.000415037502535, 0.000272671109997, 0.000282184395473, 0.000148928083945, 0.000141289492603, 8.50778669701e-05, 5.49515862076e-05, 3.3251100831e-05, 1.08783005999e-05, 4.28028579336e-06, 2.03887864814e-07],
        "min": [4.46712997965e-24, 9.9972476625e-24, 1.64389840515e-23, 3.26869919776e-24, 1.96803630239e-23, 2.5357618254e-23, 3.53496902001e-23, 3.73987122252e-23, 5.81318290598e-23, 5.58063175983e-23, 4.47975049196e-23, 5.63770363751e-23, 8.7404362038e-23, 4.56782176331e-23, 9.72617470286e-23, 1.31029379839e-22, 1.46676808236e-22, 1.29519298118e-22, 3.66584344232e-22, 3.69469909071e-22, 3.81828948697e-22, 4.36161068279e-22, 7.3392831734e-22, 8.49876279636e-22, 1.23068258692e-21, 1.58026535044e-21, 2.36821506451e-21],
        "stdev": [0.000115720351459, 0.00619937060401, 0.00612928112969, 0.00211797212251, 0.00586433382705, 0.00450770184398, 0.00497197732329, 0.00476588774472, 0.00359291653149, 0.00197479478084, 0.00196393043734, 0.00152324058581, 0.000902581086848, 0.000722410331946, 0.000522955902852, 0.000502138282172, 0.000601186475251, 0.000446186633781, 0.000502736365888, 0.000361030077329, 0.000391916895751, 0.000214352839976, 0.000119967698993, 6.38379206066e-05, 2.16563275899e-05, 1.50210098582e-05, 3.15701458931e-06],
        "var": [1.33911992606e-08, 3.84321974707e-05, 3.75680865545e-05, 4.48580567536e-06, 3.4390410292e-05, 2.03193740163e-05, 2.47205607593e-05, 2.27136861213e-05, 1.29090485643e-05, 3.89981414628e-06, 3.85702287531e-06, 2.32026172853e-06, 8.14652594272e-07, 5.21876700077e-07, 2.73482868351e-07, 2.52142882573e-07, 3.61425151141e-07, 1.99082506924e-07, 2.52743831197e-07, 1.30342726834e-07, 1.53598847419e-07, 4.59471429792e-08, 1.43922491702e-08, 4.07528055746e-09, 4.68996508296e-10, 2.25630750195e-10, 9.9667409742e-12]
    },
    "erbbands": {
        "dmean": [0.0371391661465, 0.601954877377, 2.68880200386, 2.92236828804, 6.94148206711, 10.2566366196, 12.9763374329, 14.9673347473, 19.0486545563, 42.0514030457, 31.300239563, 24.451839447, 17.9114017487, 16.4043445587, 21.5475273132, 14.238026619, 16.1389770508, 13.7452278137, 12.413230896, 11.752989769, 16.1173858643, 15.1108732224, 12.8184022903, 9.5422334671, 12.2458715439, 7.11440467834, 5.37405109406, 3.61574292183, 2.63418340683, 1.33784997463, 1.07763314247, 0.602929651737, 0.261898040771, 0.104060016572, 0.0437689125538, 0.0163726825267, 0.00966380815953, 0.00338315172121, 0.000101852143416, 1.42227099786e-05],
        "dmean2": [0.0624926798046, 0.999665737152, 4.53840208054, 4.71856117249, 11.8186826706, 17.5056438446, 22.4344272614, 25.7620754242, 32.7571258545, 72.0323638916, 49.87682724, 39.3708496094, 29.1874790192, 26.5873794556, 35.7751998901, 23.407579422, 26.0439548492, 22.6236305237, 20.3242549896, 19.8769054413, 27.0836353302, 24.6106510162, 20.9431056976, 15.6676187515, 20.2973194122, 11.8349847794, 8.71809101105, 5.85885715485, 4.31257820129, 2.14415335655, 1.69756662846, 0.991272687912, 0.419879406691, 0.169494584203, 0.0707788988948, 0.0264885220677, 0.0147646553814, 0.00521663436666, 0.00016301398864, 2.27946347877e-05],
        "dvar": [0.00599988456815, 1.19935369492, 19.5205421448, 22.9967365265, 190.842315674, 487.73260498, 975.820800781, 1451.45922852, 2122.88916016, 13196.1953125, 5780.91552734, 5767.51269531, 2507.16259766, 1612.41369629, 3329.71411133, 1469.54943848, 1037.03088379, 787.198913574, 425.672119141, 743.128112793, 575.313476562, 330.103546143, 260.959411621, 209.557510376, 445.539306641, 225.995880127, 250.551559448, 244.05859375, 94.1728744507, 7.59159231186, 4.22027301788, 1.31053745747, 0.229364827275, 0.045824047178, 0.00479455059394, 0.000844376860186, 0.000766166718677, 7.274581003e-05, 7.90647618487e-08, 4.80808781678e-10],
        "dvar2": [0.0154038034379, 3.13200736046, 53.618812561, 58.5446014404, 495.397735596, 1305.68310547, 2655.50415039, 3718.81982422, 5427.20947266, 35169.4570312, 13742.9755859, 14640.2998047, 5555.24072266, 3512.1262207, 8470.23828125, 3867.6340332, 2359.73657227, 2162.46826172, 1069.30224609, 2048.67700195, 1482.21716309, 853.098144531, 689.651367188, 517.832397461, 1158.7755127, 515.526977539, 601.708007812, 636.855712891, 254.907928467, 18.2689762115, 8.43070220947, 3.28686618805, 0.64395236969, 0.124332465231, 0.0126967122778, 0.00210557086393, 0.00167717400473, 0.000165012825164, 1.937506795e-07, 1.2339891331e-09],
        "max": [1.11005806923, 12.8850288391, 56.4813423157, 94.5980377197, 139.653137207, 301.365447998, 376.200531006, 772.170349121, 550.086975098, 1178.35974121, 1250.97106934, 1583.96154785, 733.48840332, 799.62322998, 1422.734375, 787.738037109, 530.600830078, 488.32901001, 315.907623291, 628.983642578, 334.66986084, 204.860031128, 211.13583374, 244.993896484, 418.516784668, 303.857666016, 493.166381836, 387.733978271, 222.454620361, 52.1044464111, 57.5740737915, 26.0764465332, 11.7256574631, 5.13634538651, 0.811191856861, 0.442591160536, 0.442407816648, 0.105738736689, 0.00388995767571, 0.000270471529802],
        "mean": [0.0494761504233, 0.987523913383, 5.00257015228, 5.3477063179, 7.47431135178, 10.9636859894, 13.271727562, 16.0555343628, 21.6269950867, 42.0084915161, 39.8659095764, 30.5010623932, 25.0386276245, 24.6028785706, 35.3987884521, 23.3395462036, 24.7786235809, 21.7105674744, 20.3930625916, 17.535276413, 29.7153205872, 30.1576499939, 24.6524295807, 17.4642047882, 21.3609485626, 10.9987878799, 9.85559082031, 6.22710084915, 4.70931911469, 2.91955447197, 2.52387189865, 1.51148235798, 0.681075870991, 0.267215430737, 0.110970154405, 0.0348403267562, 0.0178960487247, 0.00505993701518, 0.000142705714097, 3.39797588822e-05],
        "median": [0.0201838947833, 0.391476422548, 2.28288912773, 3.64266872406, 3.58778858185, 4.50583171844, 3.91038513184, 5.23936891556, 7.75282812119, 9.22591209412, 9.7359790802, 8.76427745819, 7.75581359863, 10.8491039276, 12.3932743073, 10.8578624725, 11.5022754669, 11.1662368774, 10.9573698044, 11.2552814484, 20.1213531494, 22.5648326874, 18.2470169067, 11.7567930222, 14.5325889587, 7.26275587082, 6.88600540161, 4.17437553406, 3.19516897202, 1.98749744892, 1.54197263718, 0.908094882965, 0.42050999403, 0.166902005672, 0.0536144524813, 0.0183069258928, 0.0070875287056, 0.00129732466303, 4.80497328681e-05, 2.91241121886e-05],
        "min": [5.29284924315e-22, 1.69567602904e-21, 1.75884964611e-20, 2.66978116477e-20, 2.75177398896e-20, 6.05333098712e-20, 1.58993535837e-19, 2.1142943252e-19, 4.55000415307e-19, 4.18695406523e-19, 8.03649030186e-19, 1.47610276913e-18, 1.45961809349e-18, 2.21511750891e-18, 1.66851128686e-18, 3.03161136154e-18, 4.36972923755e-18, 2.99514944693e-18, 3.87222724839e-18, 6.17359095067e-18, 6.37713817913e-18, 1.06520605244e-17, 7.9109403115e-18, 1.47587980259e-17, 1.85605995305e-17, 1.77030481546e-17, 1.51223604487e-17, 1.25882579006e-17, 1.31249550159e-17, 1.77428504313e-17, 2.17349779231e-17, 1.7357668816e-17, 1.32552657409e-17, 1.03762743722e-17, 1.03173683593e-17, 5.24941100358e-18, 3.19166460621e-18, 1.31852713718e-18, 3.4582451687e-19, 3.24457297812e-20],
        "stdev": [0.0855764523149, 1.69320321083, 6.50037765503, 6.1632809639, 12.7699337006, 22.2245025635, 31.3267688751, 41.615032196, 46.239276886, 113.172843933, 98.8674316406, 85.8423995972, 66.3787918091, 54.7733154297, 98.8036727905, 54.3236274719, 41.7840919495, 35.5238723755, 29.1279296875, 26.7657661438, 33.9385147095, 27.7179775238, 24.9084758759, 22.4095363617, 27.2759075165, 16.4851989746, 16.4519233704, 13.9506368637, 8.89184951782, 3.94541144371, 3.48906254768, 1.88715267181, 0.815591692924, 0.309054166079, 0.131684824824, 0.0442333072424, 0.0346228145063, 0.0100407917053, 0.000291866483167, 2.47627849603e-05],
        "var": [0.0073233298026, 2.86693692207, 42.2549095154, 37.9860305786, 163.071212769, 493.928527832, 981.366455078, 1731.81091309, 2138.07055664, 12808.0917969, 9774.76953125, 7368.91748047, 4406.14355469, 3000.11621094, 9762.16503906, 2951.05639648, 1745.91027832, 1261.94555664, 848.436279297, 716.406188965, 1151.82287598, 768.286254883, 620.432128906, 502.187286377, 743.975158691, 271.761779785, 270.665802002, 194.620269775, 79.0649795532, 15.5662717819, 12.1735572815, 3.56134533882, 0.665189802647, 0.0955144688487, 0.0173408947885, 0.00195658532903, 0.00119873927906, 0.000100817502243, 8.51860377793e-08, 6.13195494381e-10]
    },
    "gfcc": {
        "mean": [1.61334633827, 101.614227295, -133.26524353, 41.6059761047, -56.1221199036, 7.58872079849, -33.029750824, 6.38511753082, -20.4578208923, -3.77999067307, -14.0560951233, -2.98540258408, -13.8575878143],
        "cov": [[5176.78222656, -734.269165039, 208.863998413, 354.396759033, -106.712585449, 253.187011719, -202.348144531, 198.949066162, -156.360610962, 96.1537017822, -163.563034058, 186.607757568, -139.487213135], [-734.269165039, 1012.87469482, -374.518005371, -136.885314941, -15.756652832, -212.448135376, 119.12374115, -130.071426392, 132.789901733, -142.837356567, 119.437568665, -192.409255981, 126.812515259], [208.863998413, -374.518005371, 674.447387695, 139.39390564, 70.2025909424, 102.835441589, -64.4454193115, 96.8915481567, -71.0170593262, 65.3952636719, -101.542457581, 88.5751037598, -115.166503906], [354.396759033, -136.885314941, 139.39390564, 342.888305664, 72.1276245117, 104.465133667, -26.2746181488, 38.8781204224, 11.2424020767, 3.69455575943, -24.0431098938, -11.474032402, 6.15248966217], [-106.712585449, -15.756652832, 70.2025909424, 72.1276245117, 370.741943359, 67.5899810791, 67.6941375732, 34.6775474548, -53.7524604797, 53.2305259705, -24.59715271, 34.3620605469, 3.18291211128], [253.187011719, -212.448135376, 102.835441589, 104.465133667, 67.5899810791, 224.052978516, 44.6581878662, 60.1805725098, -41.4698486328, 5.77685976028, -23.5760135651, 33.1423683167, -26.2106208801], [-202.348144531, 119.12374115, -64.4454193115, -26.2746181488, 67.6941375732, 44.6581878662, 169.040267944, 37.4491348267, 4.75320386887, -27.0743122101, 13.9738893509, -13.7530708313, 11.9217643738], [198.949066162, -130.071426392, 96.8915481567, 38.8781204224, 34.6775474548, 60.1805725098, 37.4491348267, 122.819625854, -3.10540270805, 12.8488140106, -24.6777763367, 21.8399944305, -28.7172279358], [-156.360610962, 132.789901733, -71.0170593262, 11.2424020767, -53.7524604797, -41.4698486328, 4.75320386887, -3.10540270805, 135.101791382, -0.0930929705501, 27.2164649963, -46.8877639771, 24.0531253815], [96.1537017822, -142.837356567, 65.3952636719, 3.69455575943, 53.2305259705, 5.77685976028, -27.0743122101, 12.8488140106, -0.0930929705501, 118.62940979, 1.92874443531, 45.7882499695, -13.9832859039], [-163.563034058, 119.437568665, -101.542457581, -24.0431098938, -24.59715271, -23.5760135651, 13.9738893509, -24.6777763367, 27.2164649963, 1.92874443531, 95.1990966797, -1.25370049477, 27.4595909119], [186.607757568, -192.409255981, 88.5751037598, -11.474032402, 34.3620605469, 33.1423683167, -13.7530708313, 21.8399944305, -46.8877639771, 45.7882499695, -1.25370049477, 117.31401825, -10.506896019], [-139.487213135, 126.812515259, -115.166503906, 6.15248966217, 3.18291211128, -26.2106208801, 11.9217643738, -28.7172279358, 24.0531253815, -13.9832859039, 27.4595909119, -10.506896019, 91.2145004272]],
        "icov": [[0.000318993930705, -0.000317326688673, 0.000365794956451, -0.000478040397866, 0.000360580423148, -0.000298875354929, 0.000496166874655, -0.000616955861915, 0.000402353762183, -0.000423135614255, 0.000716008478776, -0.000812923128251, 0.000585366273299], [-0.000317326688673, 0.00422112876549, -0.000935938267503, 0.00148437113967, -0.0017158924602, 0.00251825177111, -0.00247905775905, 0.00250083976425, -0.00187462638132, 0.00343182147481, -0.00387956993654, 0.00491713546216, -0.00298597104847], [0.000365794956451, -0.000935938267503, 0.00329311541282, -0.00165839085821, 0.000545500312001, -0.000645997293759, 0.00148786662612, -0.00185159337707, 0.000885713729076, -0.0013359230943, 0.00290702003986, -0.00300471461378, 0.00348862051032], [-0.000478040397866, 0.00148437113967, -0.00165839085821, 0.00551138678566, -0.0018456709804, -0.00125182222109, 0.000656736781821, 0.000636926735751, -0.00205624918453, 0.00200513284653, -0.00217419117689, 0.0038987561129, -0.00348769663833], [0.000360580423148, -0.0017158924602, 0.000545500312001, -0.0018456709804, 0.00480372365564, -0.00105455622543, -0.000979888718575, -0.00119124131743, 0.00265127699822, -0.00387277873233, 0.00281258602627, -0.00232517626137, 0.000625183049124], [-0.000298875354929, 0.00251825177111, -0.000645997293759, -0.00125182222109, -0.00105455622543, 0.00855863373727, -0.00377514935099, 0.000240163746639, 0.000384868442779, 0.00219208793715, -0.00219060759991, 0.00160061917268, -0.000545720104128], [0.000496166874655, -0.00247905775905, 0.00148786662612, 0.000656736781821, -0.000979888718575, -0.00377514935099, 0.0112030683085, -0.005269496236, 0.000518396613188, 0.000476152665215, 0.000965851766523, -0.00212129577994, 0.00126689893659], [-0.000616955861915, 0.00250083976425, -0.00185159337707, 0.000636926735751, -0.00119124131743, 0.000240163746639, -0.005269496236, 0.0141726071015, -0.0033861566335, 0.00172180403024, -0.000875940721016, 0.00153863208834, 5.80391351832e-05], [0.000402353762183, -0.00187462638132, 0.000885713729076, -0.00205624918453, 0.00265127699822, 0.000384868442779, 0.000518396613188, -0.0033861566335, 0.0120746381581, -0.00443479884416, 4.64076692879e-05, 0.00175068539102, -0.000313474214636], [-0.000423135614255, 0.00343182147481, -0.0013359230943, 0.00200513284653, -0.00387277873233, 0.00219208793715, 0.000476152665215, 0.00172180403024, -0.00443479884416, 0.0151000004262, -0.00475825136527, -5.73369252379e-05, -0.00108516635373], [0.000716008478776, -0.00387956993654, 0.00290702003986, -0.00217419117689, 0.00281258602627, -0.00219060759991, 0.000965851766523, -0.000875940721016, 4.64076692879e-05, -0.00475825136527, 0.0183660369366, -0.00758412666619, 0.00203169090673], [-0.000812923128251, 0.00491713546216, -0.00300471461378, 0.0038987561129, -0.00232517626137, 0.00160061917268, -0.00212129577994, 0.00153863208834, 0.00175068539102, -5.73369252379e-05, -0.00758412666619, 0.0202678591013, -0.00668588047847], [0.000585366273299, -0.00298597104847, 0.00348862051032, -0.00348769663833, 0.000625183049124, -0.000545720104128, 0.00126689893659, 5.80391351832e-05, -0.000313474214636, -0.00108516635373, 0.00203169090673, -0.00668588047847, 0.0188581626862]]
    },
    "melbands": {
        "dmean": [0.000461463496322, 0.00109817204066, 0.000549500982743, 0.000666466075927, 0.000431039428804, 0.000335267221089, 0.000328995927703, 0.000436723988969, 0.000246593699558, 0.000147214304889, 9.03302425286e-05, 6.84907427058e-05, 7.52070191083e-05, 4.71114653919e-05, 3.83744081773e-05, 3.27420311805e-05, 2.68876137852e-05, 2.22822691285e-05, 1.65034271049e-05, 1.61116968229e-05, 2.08236979233e-05, 1.72919135366e-05, 1.48262552102e-05, 1.10526862045e-05, 7.94419520389e-06, 1.00190682133e-05, 7.26303915144e-06, 4.6043896873e-06, 3.29108047481e-06, 3.43626993526e-06, 1.93333653442e-06, 1.70994781001e-06, 1.21378832318e-06, 7.21391018033e-07, 6.6556128786e-07, 5.49899311864e-07, 3.62517624808e-07, 2.17733358454e-07, 1.44807088986e-07, 8.60425970473e-08],
        "dmean2": [0.000767641409766, 0.00183763925452, 0.000901405699551, 0.00113744731061, 0.000744228367694, 0.000579281244427, 0.000567741983104, 0.000747031124774, 0.000388240470784, 0.000236343927099, 0.000147476093844, 0.000111358844151, 0.000125965409097, 7.80167320045e-05, 6.26975524938e-05, 5.35548279004e-05, 4.47495040135e-05, 3.66104395653e-05, 2.78359639196e-05, 2.73730620393e-05, 3.513505726e-05, 2.84049274342e-05, 2.42231744778e-05, 1.84860564332e-05, 1.30708222059e-05, 1.67397211044e-05, 1.21022258099e-05, 7.68191694078e-06, 5.39233087693e-06, 5.72314638703e-06, 3.12618567477e-06, 2.83443341687e-06, 2.02075943889e-06, 1.16144076401e-06, 1.06296306512e-06, 8.68882864324e-07, 6.03207013228e-07, 3.5331609638e-07, 2.34023573853e-07, 1.41881272953e-07],
        "dvar": [8.40016184611e-07, 3.05156368086e-06, 7.70630606439e-07, 1.90779087461e-06, 1.04329831174e-06, 6.84426595399e-07, 6.74704040193e-07, 1.33777564315e-06, 3.89850924876e-07, 2.07961022625e-07, 6.34681214251e-08, 3.14328936213e-08, 3.33431025012e-08, 1.50264423127e-08, 9.60380486248e-09, 4.4307881808e-09, 3.15921400151e-09, 1.48750733953e-09, 1.24480736829e-09, 9.41297817469e-10, 1.03768327264e-09, 4.49704218308e-10, 3.7464670255e-10, 2.2006897693e-10, 1.57528851075e-10, 3.37997435595e-10, 1.98805680252e-10, 1.02171111849e-10, 6.97132351846e-11, 1.68347655261e-10, 7.45134162705e-11, 4.55764592733e-11, 8.22552529561e-12, 1.8005428962e-12, 1.54524711169e-12, 1.22814258763e-12, 3.95453499591e-13, 1.7122794068e-13, 5.75015634608e-14, 3.25488571371e-14],
        "dvar2": [2.15238242163e-06, 8.34770071378e-06, 1.92600987248e-06, 5.03663432028e-06, 2.88860883302e-06, 1.78554228114e-06, 1.78140749085e-06, 3.53145514964e-06, 9.28984320581e-07, 5.2999359923e-07, 1.4126688086e-07, 7.01907723055e-08, 8.49386836421e-08, 3.98333988016e-08, 2.46180675845e-08, 1.10144586785e-08, 8.82055850582e-09, 3.79215192581e-09, 3.34708794014e-09, 2.56827514811e-09, 2.63496935382e-09, 1.16349418988e-09, 9.56537626884e-10, 5.79620074159e-10, 3.92966909013e-10, 8.69909588808e-10, 5.05277375495e-10, 2.41350800456e-10, 1.54647725181e-10, 4.55678467182e-10, 1.93812299543e-10, 1.24969132265e-10, 2.16527386299e-11, 3.9314085841e-12, 3.2150100724e-12, 2.69060099721e-12, 1.06567857837e-12, 4.94423404128e-13, 1.55319550624e-13, 8.98223823879e-14],
        "max": [0.0113387666643, 0.0195328202099, 0.0152406049892, 0.0152628319338, 0.0125953489915, 0.0148138217628, 0.00863713398576, 0.0114004658535, 0.0100572584197, 0.00912524573505, 0.00355201773345, 0.00359883019701, 0.00432722363621, 0.00258880411275, 0.00216067139991, 0.001133503858, 0.00101876014378, 0.000648342946079, 0.000553520512767, 0.000621976796538, 0.000482127739815, 0.000264952686848, 0.000248777883826, 0.000279085768852, 0.000234533930779, 0.000491243088618, 0.000217732143938, 0.000219496898353, 0.000240552471951, 0.000382405560231, 0.000245545932557, 0.000150213745655, 5.20624562341e-05, 3.90715649701e-05, 3.11702133331e-05, 3.03234992316e-05, 1.09986040115e-05, 1.07336909423e-05, 3.55697898158e-06, 4.50538846053e-06],
        "mean": [0.000698992051184, 0.00212778756395, 0.000976176874246, 0.000707592000253, 0.000459422008134, 0.000360649632057, 0.000354508840246, 0.000454254914075, 0.000315874698572, 0.000176770379767, 0.000120816242998, 9.57030206337e-05, 0.00011623591854, 7.71976774558e-05, 5.67318238609e-05, 4.85957098135e-05, 3.9626895159e-05, 3.43343162967e-05, 2.29662309721e-05, 2.44177354034e-05, 3.7396010157e-05, 3.2404121157e-05, 2.60897504631e-05, 1.91882591025e-05, 1.28603878693e-05, 1.69112954609e-05, 1.1313615687e-05, 6.35352034806e-06, 5.76085903958e-06, 5.7151250985e-06, 2.99525640912e-06, 2.78147444988e-06, 2.15351087718e-06, 1.45914020777e-06, 1.44679825098e-06, 1.23120378248e-06, 8.23115840376e-07, 5.02158059135e-07, 3.44741494018e-07, 1.81742819905e-07],
        "median": [0.000266011280473, 0.00108467973769, 0.000713693851139, 0.000321110652294, 0.000146733611473, 0.00012080304441, 0.000121990167827, 9.58558302955e-05, 7.47619851609e-05, 4.79355658172e-05, 3.65641099052e-05, 4.04982929467e-05, 4.06989565818e-05, 2.94722631224e-05, 2.44901930273e-05, 2.2595464543e-05, 1.92727529793e-05, 1.65867149917e-05, 1.31466686071e-05, 1.60496492754e-05, 2.44386865234e-05, 2.31213180086e-05, 1.85014723684e-05, 1.270406392e-05, 7.76769957156e-06, 1.09774282464e-05, 7.63599200582e-06, 3.95890947402e-06, 3.96250379708e-06, 3.62373066309e-06, 1.79156654667e-06, 1.76594926415e-06, 1.42464841701e-06, 9.37566142056e-07, 8.92588332135e-07, 6.82347035763e-07, 4.90164154598e-07, 3.01446107187e-07, 2.04994904607e-07, 1.09941723281e-07],
        "min": [3.93486304436e-24, 6.75633964001e-24, 5.59567439066e-24, 2.61493210306e-24, 6.78141752818e-24, 4.80616228076e-24, 7.78471528213e-24, 6.00220636399e-24, 6.45454039033e-24, 9.05894021423e-24, 6.80530108095e-24, 8.83409040155e-24, 6.10271394863e-24, 5.02950260809e-24, 1.1344733318e-23, 7.20185988028e-24, 5.10672814641e-24, 5.2994086058e-24, 6.56807877384e-24, 8.5836743958e-24, 6.33277418758e-24, 1.01233809992e-23, 7.31519237109e-24, 6.99596639516e-24, 1.12106111869e-23, 1.72293958572e-23, 9.07846215505e-24, 1.19389491058e-23, 9.38189198022e-24, 7.64039633497e-24, 7.47063110158e-24, 6.32579592402e-24, 1.07750716148e-23, 8.91831550268e-24, 1.37614749655e-23, 1.03945621906e-23, 9.84316261733e-24, 9.26280159366e-24, 9.440104393e-24, 8.16385287723e-24],
        "stdev": [0.00125042593572, 0.0026396990288, 0.00105989468284, 0.00129626470152, 0.00103635387495, 0.000880232604686, 0.000787756463978, 0.00119437801186, 0.000821975525469, 0.000510214769747, 0.000329879898345, 0.000231913116295, 0.000294449942885, 0.000206505326787, 0.000117797360872, 7.98778928583e-05, 6.8737201218e-05, 5.31829900865e-05, 3.77220712835e-05, 3.12421725539e-05, 4.61281997559e-05, 3.19432510878e-05, 2.72879278782e-05, 2.21159334615e-05, 1.86506367754e-05, 2.36986597884e-05, 1.54957524501e-05, 1.05779317892e-05, 9.30965143198e-06, 1.14404974738e-05, 7.69919552113e-06, 5.93203549215e-06, 3.17680428452e-06, 2.17685419557e-06, 2.05101287065e-06, 1.76032460786e-06, 1.00359011412e-06, 6.40745554392e-07, 4.0002802848e-07, 2.26015032467e-07],
        "var": [1.56356497882e-06, 6.96801089362e-06, 1.12337670544e-06, 1.68030226178e-06, 1.07402934191e-06, 7.74809393533e-07, 6.20560228981e-07, 1.42653880175e-06, 6.75643718751e-07, 2.60319097833e-07, 1.08820742639e-07, 5.37836903902e-08, 8.6700765678e-08, 4.26444479729e-08, 1.38762183965e-08, 6.38047747969e-09, 4.72480277125e-09, 2.82843060084e-09, 1.422954643e-09, 9.76073444292e-10, 2.12781081643e-09, 1.02037134297e-09, 7.44630967997e-10, 4.89114526658e-10, 3.47846224047e-10, 5.61626467555e-10, 2.40118369632e-10, 1.11892634047e-10, 8.66696020507e-11, 1.30884983407e-10, 5.92776105979e-11, 3.51890461214e-11, 1.0092086021e-11, 4.73869381235e-12, 4.20665368858e-12, 3.09874261667e-12, 1.00719313532e-12, 4.10554890865e-13, 1.60022413072e-13, 5.10827918322e-14]
    },
    "melbands128": {
