{
"lowlevel": {
    "average_loudness": 0.973451375961,
    "barkbands_crest": {
        "dmean": 2.53053069115,
        "dmean2": 4.11533689499,
        "dvar": 5.64973831177,
        "dvar2": 15.0489597321,
        "max": 25.3862304688,
        "mean": 13.382021904,
        "median": 12.809551239,
        "min": 3.65571832657,
        "stdev": 4.63093662262,
        "var": 21.4455757141
    },
    "barkbands_flatness_db": {
        "dmean": 0.0313424319029,
        "dmean2": 0.0455754213035,
        "dvar": 0.0009878865676,
        "dvar2": 0.00177469837945,
        "max": 0.538545370102,
        "mean": 0.343221068382,
        "median": 0.352150142193,
        "min": 0.0423341505229,
        "stdev": 0.0813819244504,
        "var": 0.00662301806733
    },
    "barkbands_kurtosis": {
        "dmean": 5.01283454895,
        "dmean2": 7.92378902435,
        "dvar": 37.346572876,
        "dvar2": 89.5968017578,
        "max": 98.5783462524,
        "mean": 12.7443084717,
        "median": 7.97316741943,
        "min": -1.54861176014,
        "stdev": 13.5861949921,
        "var": 184.584701538
    },
    "barkbands_skewness": {
        "dmean": 0.628953576088,
        "dmean2": 0.97910374403,
        "dvar": 0.325374305248,
        "dvar2": 0.777623772621,
        "max": 8.85910606384,
        "mean": 2.41717338562,
        "median": 2.16794061661,
        "min": -1.78160655499,
        "stdev": 1.44919788837,
        "var": 2.10017442703
    },
    "barkbands_spread": {
        "dmean": 1.5238711834,
        "dmean2": 2.36672401428,
        "dvar": 5.50473022461,
        "dvar2": 12.4974861145,
        "max": 31.0378932953,
        "mean": 4.61428785324,
        "median": 3.01727724075,
        "min": 0.519459247589,
        "stdev": 4.37645339966,
        "var": 19.153345108
    },
    "dissonance": {
        "dmean": 0.033271484077,
        "dmean2": 0.0540376454592,
        "dvar": 0.000865962356329,
        "dvar2": 0.00206146272831,
        "max": 0.500000238419,
        "mean": 0.442647963762,
        "median": 0.4506085217,
        "min": 0.235199898481,
        "stdev": 0.040182929486,
        "var": 0.00161466782447
    },
    "dynamic_complexity": 1.96465611458,
    "erbbands_crest": {
        "dmean": 2.2720887661,
        "dmean2": 3.62857341766,
        "dvar": 3.99760770798,
        "dvar2": 9.63410949707,
        "max": 24.9375514984,
        "mean": 10.0169239044,
        "median": 9.31925773621,
        "min": 2.6156873703,
        "stdev": 3.91662120819,
        "var": 15.3399209976
    },
    "erbbands_flatness_db": {
        "dmean": 0.0202641580254,
        "dmean2": 0.0283806528896,
        "dvar": 0.000428495724918,
        "dvar2": 0.000727600010578,
        "max": 0.428179234266,
        "mean": 0.272113651037,
        "median": 0.277856439352,
        "min": 0.0713553726673,
        "stdev": 0.0472386032343,
        "var": 0.00223148567602
    },
    "erbbands_kurtosis": {
        "dmean": 1.7765917778,
        "dmean2": 2.73770713806,
        "dvar": 8.56970214844,
        "dvar2": 17.9540538788,
        "max": 45.2507743835,
        "mean": 2.71633076668,
        "median": 1.18401527405,
        "min": -1.77621650696,
        "stdev": 4.92158079147,
        "var": 24.2219562531
    },
    "erbbands_skewness": {
        "dmean": 0.385599404573,
        "dmean2": 0.601304888725,
        "dvar": 0.140171080828,
        "dvar2": 0.320911496878,
        "max": 4.82125854492,
        "mean": 1.17308557034,
        "median": 1.09041166306,
        "min": -1.37550246716,
        "stdev": 0.858871221542,
        "var": 0.737659811974
    },
    "erbbands_spread": {
        "dmean": 5.27296447754,
        "dmean2": 7.7505402565,
        "dvar": 32.1383018494,
        "dvar2": 62.7167015076,
        "max": 74.9058227539,
        "mean": 21.4152793884,
        "median": 19.4264469147,
        "min": 2.11826467514,
        "stdev": 11.6307296753,
        "var": 135.273880005
    },
    "hfc": {
        "dmean": 3.27139258385,
        "dmean2": 5.09445810318,
        "dvar": 22.7253170013,
        "dvar2": 49.9735412598,
        "max": 80.9974822998,
        "mean": 11.9019136429,
        "median": 10.6065702438,
        "min": 1.10608963619e-16,
        "stdev": 8.82350635529,
        "var": 77.8542709351
    },
    "loudness_ebu128": {
        "integrated": -8.54627418518,
        "loudness_range": 1.46935558319,
        "momentary": {
            "dmean": 0.61413538456,
            "dmean2": 0.47442945838,
            "dvar": 0.204692870378,
            "dvar2": 0.163101822138,
            "max": -5.56380653381,
            "mean": -8.94896697998,
            "median": -8.99024772644,
            "min": -13.2044620514,
            "stdev": 1.89055132866,
            "var": 3.57418417931
        },
        "short_term": {
            "dmean": 0.0930253267288,
            "dmean2": 0.0614583678544,
            "dvar": 0.00438708811998,
            "dvar2": 0.00233884644695,
            "max": -7.39358139038,
            "mean": -8.55197811127,
            "median": -8.45485687256,
            "min": -10.2476682663,
            "stdev": 0.553420245647,
            "var": 0.306273937225
        }
    },
    "melbands_crest": {
        "dmean": 2.52684903145,
        "dmean2": 3.98621439934,
        "dvar": 5.37408638,
        "dvar2": 12.971654892,
        "max": 30.4335479736,
        "mean": 17.2699832916,
        "median": 15.8306217194,
        "min": 2.09863996506,
        "stdev": 5.8796710968,
        "var": 34.5705299377
    },
    "melbands_flatness_db": {
        "dmean": 0.0350268483162,
        "dmean2": 0.0496208965778,
        "dvar": 0.00139399420004,
        "dvar2": 0.00230099656619,
        "max": 0.687831163406,
        "mean": 0.455358088017,
        "median": 0.465820282698,
        "min": 0.00698644341901,
        "stdev": 0.097729049623,
        "var": 0.00955096725374
    },
    "melbands_kurtosis": {
        "dmean": 8.23026657104,
        "dmean2": 12.7929897308,
        "dvar": 88.8868484497,
        "dvar2": 196.767990112,
        "max": 134.592483521,
        "mean": 23.3391304016,
        "median": 15.0373058319,
        "min": -1.16111552715,
        "stdev": 22.9765472412,
        "var": 527.92175293
    },
    "melbands_skewness": {
        "dmean": 0.699318349361,
        "dmean2": 1.0758317709,
        "dvar": 0.382972002029,
        "dvar2": 0.862669587135,
        "max": 8.84802436829,
        "mean": 3.15920424461,
        "median": 2.88727998734,
        "min": -0.125363066792,
        "stdev": 1.66247093678,
        "var": 2.76380944252
    },
    "melbands_spread": {
        "dmean": 1.76519274712,
        "dmean2": 2.75768470764,
        "dvar": 14.4430904388,
        "dvar2": 29.3937797546,
        "max": 126.814277649,
        "mean": 4.85304927826,
        "median": 2.99175429344,
        "min": 0.502612352371,
        "stdev": 6.51492261887,
        "var": 42.4442138672
    },
    "pitch_salience": {
        "dmean": 0.0829424634576,
        "dmean2": 0.133627161384,
        "dvar": 0.0056218621321,
        "dvar2": 0.0139424558729,
        "max": 0.898156940937,
        "mean": 0.504538059235,
        "median": 0.549962162971,
        "min": 0.115660138428,
        "stdev": 0.178679078817,
        "var": 0.0319262109697
    },
    "silence_rate_20dB": {
        "dmean": 0,
        "dmean2": 0,
        "dvar": 0,
        "dvar2": 0,
        "max": 1,
        "mean": 1,
        "median": 1,
        "min": 1,
        "stdev": 0,
        "var": 0
    },
    "silence_rate_30dB": {
        "dmean": 0.0577319599688,
        "dmean2": 0.115523464978,
        "dvar": 0.0543996952474,
        "dvar2": 0.135186195374,
        "max": 1,
        "mean": 0.86965483427,
        "median": 1,
        "min": 0,
        "stdev": 0.336678177118,
        "var": 0.113352201879
    },
    "silence_rate_60dB": {
        "dmean": 0.000515463936608,
        "dmean2": 0.00103145954199,
        "dvar": 0.000515170977451,
        "dvar2": 0.00103040458634,
        "max": 1,
        "mean": 0.00154559500515,
        "median": 0,
        "min": 0,
        "stdev": 0.0392836034298,
        "var": 0.00154320150614
    },
    "spectral_centroid": {
        "dmean": 77.2389678955,
        "dmean2": 119.365531921,
        "dvar": 63846.4609375,
        "dvar2": 126652.265625,
        "max": 11006.1269531,
        "mean": 358.968902588,
        "median": 285.714019775,
        "min": 129.890304565,
        "stdev": 390.363677979,
        "var": 152383.8125
    },
    "spectral_complexity": {
        "dmean": 2.73917531967,
        "dmean2": 4.33419275284,
        "dvar": 8.81336784363,
        "dvar2": 17.997713089,
        "max": 42,
        "mean": 12.6331787109,
        "median": 10,
        "min": 0,
        "stdev": 7.4867310524,
        "var": 56.0511398315
    },
    "spectral_decrease": {
        "dmean": 4.01706090614e-09,
        "dmean2": 6.47876952087e-09,
        "dvar": 1.34702731431e-17,
        "dvar2": 3.26932913159e-17,
        "max": -6.22954859983e-29,
        "mean": -1.59214632589e-08,
        "median": -1.38887683576e-08,
        "min": -5.8808431902e-08,
        "stdev": 9.85577397472e-09,
        "var": 9.71362759358e-17
    },
    "spectral_energy": {
        "dmean": 0.0153743652627,
        "dmean2": 0.0247872788459,
        "dvar": 0.000197969129658,
        "dvar2": 0.000480629940284,
        "max": 0.22379501164,
        "mean": 0.0611707679927,
        "median": 0.0536761507392,
        "min": 1.02676790447e-20,
        "stdev": 0.0375445261598,
        "var": 0.00140959140845
    },
    "spectral_energyband_high": {
        "dmean": 2.0043209588e-05,
        "dmean2": 2.55790364463e-05,
        "dvar": 5.14722309219e-09,
        "dvar2": 8.98279317596e-09,
        "max": 0.00104112515692,
        "mean": 2.34168237512e-05,
        "median": 1.12886209536e-06,
        "min": 7.3807710471e-21,
        "stdev": 9.01444218471e-05,
        "var": 8.12601630429e-09
    },
    "spectral_energyband_low": {
        "dmean": 0.0124929537997,
        "dmean2": 0.0199181865901,
        "dvar": 0.000168846381712,
        "dvar2": 0.000378916942282,
        "max": 0.215726718307,
        "mean": 0.0413428768516,
        "median": 0.0246959216893,
        "min": 4.86242123728e-23,
        "stdev": 0.0395906530321,
        "var": 0.0015674198512
    },
    "spectral_energyband_middle_high": {
        "dmean": 0.00107671308797,
        "dmean2": 0.001659924048,
        "dvar": 7.12051087248e-06,
        "dvar2": 1.5692492525e-05,
        "max": 0.0535859912634,
        "mean": 0.00208144308999,
        "median": 0.00057667499641,
        "min": 1.68102548101e-21,
        "stdev": 0.00417241221294,
        "var": 1.74090237124e-05
    },
    "spectral_energyband_middle_low": {
        "dmean": 0.00770661979914,
        "dmean2": 0.0126141300425,
        "dvar": 8.05868839961e-05,
        "dvar2": 0.000203470699489,
        "max": 0.0963789224625,
        "mean": 0.0210083089769,
        "median": 0.0157320145518,
        "min": 2.10477177191e-22,
        "stdev": 0.0167830195278,
        "var": 0.000281669752439
    },
    "spectral_entropy": {
        "dmean": 0.222828924656,
        "dmean2": 0.316029071808,
        "dvar": 0.0547616630793,
        "dvar2": 0.0958117842674,
        "max": 9.80457115173,
        "mean": 6.26408576965,
        "median": 6.26738500595,
        "min": 4.41810560226,
        "stdev": 0.590260803699,
        "var": 0.348407834768
    },
    "spectral_flux": {
        "dmean": 0.0282810330391,
        "dmean2": 0.046875897795,
        "dvar": 0.00068873987766,
        "dvar2": 0.0017034842167,
        "max": 0.247229620814,
        "mean": 0.0907817184925,
        "median": 0.0857043713331,
        "min": 6.62709401245e-11,
        "stdev": 0.0399884544313,
        "var": 0.00159907643683
    },
    "spectral_kurtosis": {
        "dmean": 18.6301059723,
        "dmean2": 32.0727348328,
        "dvar": 270.457946777,
        "dvar2": 762.548217773,
        "max": 208.993209839,
        "mean": 38.0217285156,
        "median": 32.7029037476,
        "min": -1.20589768887,
        "stdev": 26.4309158325,
        "var": 698.593322754
    },
    "spectral_rms": {
        "dmean": 0.00100494292565,
        "dmean2": 0.00162702437956,
        "dvar": 7.57656209771e-07,
        "dvar2": 1.91922822523e-06,
        "max": 0.0147762177512,
        "mean": 0.007383370772,
        "median": 0.00723650306463,
        "min": 3.16500363244e-12,
        "stdev": 0.00227259052917,
        "var": 5.16466798217e-06
    },
    "spectral_rolloff": {
        "dmean": 94.4903259277,
        "dmean2": 156.03994751,
        "dvar": 180268.046875,
        "dvar2": 344042.4375,
        "max": 18604.6875,
        "mean": 323.70803833,
        "median": 215.33203125,
        "min": 86.1328125,
        "stdev": 644.204284668,
        "var": 414999.1875
    },
    "spectral_skewness": {
        "dmean": 1.19160270691,
        "dmean2": 2.03731131554,
        "dvar": 0.996445178986,
        "dvar2": 2.88547945023,
        "max": 11.6009521484,
        "mean": 4.02613401413,
        "median": 3.80894207954,
        "min": 0.0269298143685,
        "stdev": 1.71167349815,
        "var": 2.92982602119
    },
    "spectral_spread": {
        "dmean": 379722.625,
        "dmean2": 572120.0625,
        "dvar": 800840351744,
        "dvar2": 1.19665799987e+12,
        "max": 41193308,
        "mean": 1608280.875,
        "median": 1343966.125,
        "min": 607926.875,
        "stdev": 1683733.5,
        "var": 2.83495838515e+12
    },
    "spectral_strongpeak": {
        "dmean": 0.246769577265,
        "dmean2": 0.409441322088,
        "dvar": 0.117604084313,
        "dvar2": 0.278721213341,
        "max": 4.8842086792,
        "mean": 0.766058266163,
        "median": 0.585451364517,
        "min": 0,
        "stdev": 0.571894109249,
        "var": 0.327062904835
    },
    "zerocrossingrate": {
        "dmean": 0.00285594188608,
        "dmean2": 0.00367910740897,
        "dvar": 0.000132363755256,
        "dvar2": 0.000249962002272,
        "max": 0.51123046875,
        "mean": 0.0119901848957,
        "median": 0.0087890625,
        "min": 0.001953125,
        "stdev": 0.0178119409829,
        "var": 0.000317265250487
    },
    "barkbands": {
        "dmean": [8.61915759742e-05, 0.0099501023069, 0.00340888812207, 0.00352361984551, 0.00476080412045, 0.00157859525643, 0.000757154135499, 0.000449773331638, 0.0004547862045, 0.000308742193738, 0.000293314369628, 0.000140039002872, 0.000173892171006, 0.000127043153043, 0.000130374653963, 0.000185016455362, 6.78117066855e-05, 2.14792798943e-05, 1.86944052984e-05, 7.2489442573e-06, 8.78785704117e-06, 3.23536028191e-06, 2.34752883443e-06, 1.90140383438e-06, 8.04174305813e-07, 2.75274885553e-07, 1.72527983011e-08],
        "dmean2": [0.00014312750136, 0.0159237291664, 0.00500682229176, 0.00590414134786, 0.00780141586438, 0.00252755335532, 0.00123052741401, 0.000739922223147, 0.000725383753888, 0.000495068496093, 0.000475066277431, 0.000233112383285, 0.000292065320536, 0.000207489865716, 0.000224732037168, 0.000308232032694, 0.000108049702249, 3.36557968694e-05, 2.75958082057e-05, 9.45890042203e-06, 1.16144756248e-05, 4.39285668108e-06, 3.2548789477e-06, 2.61896616394e-06, 1.1294507658e-06, 3.98829570258e-07, 2.68957229821e-08],
        "dvar": [1.06570663405e-08, 0.000110770677566, 1.78413774847e-05, 1.66197405633e-05, 3.75639829144e-05, 1.24694652186e-05, 2.58977411249e-06, 6.74350474128e-07, 1.20605375287e-06, 7.27443534743e-07, 6.75148157825e-07, 1.50631251472e-07, 4.01504593128e-07, 1.03179175426e-07, 1.31077939614e-07, 2.07576974276e-07, 3.54329898755e-08, 3.20002069287e-09, 2.13446482711e-09, 6.15766104772e-10, 1.03399588891e-09, 1.49625450918e-10, 1.01931123264e-10, 5.93101817659e-11, 1.09003084336e-11, 1.30713452215e-12, 4.31077047363e-15],
        "dvar2": [2.8194843793e-08, 0.000254346930888, 3.2337175071e-05, 4.62379975943e-05, 9.16933422559e-05, 2.76794071397e-05, 6.17302293904e-06, 1.62329286013e-06, 2.70902069133e-06, 1.39461758408e-06, 1.62852268204e-06, 3.45641495869e-07, 1.05004301076e-06, 2.48914830081e-07, 3.51373017793e-07, 5.31711066287e-07, 7.96016550453e-08, 7.7156814271e-09, 4.37027214417e-09, 1.1076074502e-09, 1.99944016899e-09, 2.80655804152e-10, 2.23483703765e-10, 1.17646434261e-10, 2.12515560705e-11, 2.75589035099e-12, 9.3139819113e-15],
        "max": [0.000950925110374, 0.200152441859, 0.0806808322668, 0.0509774833918, 0.0794105678797, 0.0816809237003, 0.0429472625256, 0.0184993594885, 0.0294157080352, 0.0257956385612, 0.0120012592524, 0.00959337130189, 0.0103438673541, 0.00571143161505, 0.00425412366167, 0.00531780021265, 0.00353769608773, 0.00103674677666, 0.000621023529675, 0.000330748705892, 0.000392875401303, 0.000167552701896, 0.000201613031095, 0.000123904377688, 4.15099420934e-05, 1.41854634421e-05, 9.1374886324e-07],
        "mean": [0.000172098501935, 0.0266754198819, 0.0113471355289, 0.00548804411665, 0.00989617034793, 0.00275106239133, 0.00116578815505, 0.000741712399758, 0.000760996364988, 0.000493771862239, 0.00042539552669, 0.000199423520826, 0.00021198655304, 0.000205533287954, 0.000180409304448, 0.000269772135653, 9.91961205727e-05, 3.02613698295e-05, 2.91796422971e-05, 8.56121914694e-06, 1.01939604065e-05, 3.62130481335e-06, 2.26713746088e-06, 1.86223223864e-06, 8.06859475233e-07, 2.57571485918e-07, 1.57090838115e-08],
        "median": [0.000104954357084, 0.0149049125612, 0.00401893723756, 0.00400926684961, 0.00560225779191, 0.00140608265065, 0.000690001237672, 0.000333272706484, 0.000269474054221, 0.000133435198222, 0.000100737655885, 5.17831031175e-05, 4.09111889894e-05, 4.45622608822e-05, 3.30681214109e-05, 5.09177007189e-05, 1.8381890186e-05, 5.4341435316e-06, 4.67742529509e-06, 5.9165932953e-07, 5.01381975937e-07, 1.40898805512e-07, 5.53499006628e-08, 4.03935196402e-08, 1.5050547475e-08, 4.21801749084e-09, 1.13920517464e-09],
        "min": [5.68081299272e-24, 1.6751775289e-23, 1.34420178533e-23, 1.43817704947e-23, 3.05465843609e-23, 1.92383721473e-23, 1.58988778109e-23, 5.27496393627e-23, 5.45477499774e-23, 9.32728876385e-23, 6.80487004735e-23, 7.35598089751e-23, 4.28352228841e-23, 1.79669748083e-22, 5.44210273616e-23, 8.45253920763e-23, 1.15209399162e-22, 1.8656464483e-22, 2.55970924434e-22, 3.12555904544e-22, 3.62296121595e-22, 4.90077653802e-22, 5.61258151001e-22, 7.93630017466e-22, 1.35043212672e-21, 1.44683562463e-21, 2.04896494944e-21],
        "stdev": [0.000182485935511, 0.031355433166, 0.01584937796, 0.00559999328107, 0.0118697714061, 0.00531582068652, 0.00180873193312, 0.00114638218656, 0.00178453477565, 0.00136866676621, 0.000999341602437, 0.000511198944878, 0.000633910531178, 0.000457737449324, 0.000426918064477, 0.000597185455263, 0.000250194920227, 6.78682117723e-05, 6.4409650804e-05, 3.12329029839e-05, 3.90955465264e-05, 1.46117363329e-05, 1.05185426946e-05, 8.52624634717e-06, 3.67376128452e-06, 1.2166938177e-06, 6.93779611538e-08],
        "var": [3.3301116531e-08, 0.000983163248748, 0.000251202756772, 3.1359923014e-05, 0.000140891468618, 2.82579494524e-05, 3.27151110469e-06, 1.31419210447e-06, 3.18456454806e-06, 1.87324872059e-06, 9.98683731268e-07, 2.61324345274e-07, 4.01842555675e-07, 2.09523577155e-07, 1.82259029202e-07, 3.56630494025e-07, 6.25975005164e-08, 4.60609461683e-09, 4.14860323872e-09, 9.7549424094e-10, 1.52846180157e-09, 2.13502826529e-10, 1.10639733486e-10, 7.26968762965e-11, 1.34965216086e-11, 1.48034395072e-12, 4.81330114519e-15]
    },
    "erbbands": {
        "dmean": [0.135452628136, 2.6955909729, 4.89372634888, 7.64462947845, 16.2638339996, 15.6933135986, 9.66387081146, 15.5046396255, 11.5291585922, 9.02973556519, 10.4990434647, 11.6568975449, 10.1687641144, 9.43077087402, 8.71468067169, 6.2758231163, 7.65062379837, 6.11542606354, 6.12690496445, 9.97003650665, 7.50569868088, 3.84004187584, 1.31551349163, 1.10657191277, 0.703529894352, 0.336037755013, 0.345060318708, 0.339678913355, 0.116783641279, 0.0954662263393, 0.0642740800977, 0.0460065864027, 0.028137722984, 0.0115995518863, 0.00458996696398, 0.00163877184968, 0.000365539483028, 6.95271082805e-05, 7.95758114691e-06, 1.67376638274e-05],
        "dmean2": [0.219596356153, 4.2983379364, 7.44345521927, 12.4831514359, 26.7717857361, 26.409986496, 15.8119468689, 24.5347309113, 18.4114151001, 15.0406112671, 17.1845607758, 18.7976703644, 15.6423063278, 15.6221942902, 13.9768857956, 10.4322414398, 12.8979768753, 9.6188993454, 10.2794075012, 16.5102767944, 12.3658752441, 6.11434984207, 2.02261281013, 1.64964318275, 1.00253140926, 0.43755248189, 0.457121789455, 0.451316028833, 0.1560934484, 0.131285339594, 0.0905700623989, 0.0646608322859, 0.0388082824647, 0.015836359933, 0.00670822057873, 0.00238601840101, 0.000533662911039, 0.000103802325611, 1.24019061332e-05, 2.69362062681e-05],
        "dvar": [0.0222289208323, 8.28850269318, 38.5650177002, 76.3664398193, 493.210723877, 396.938873291, 196.788833618, 1743.2109375, 418.205474854, 1052.16186523, 294.78918457, 816.051452637, 829.15032959, 451.275726318, 643.251953125, 335.557037354, 720.489807129, 271.291595459, 268.970581055, 644.18536377, 392.756164551, 107.428649902, 10.5125408173, 8.01307201385, 3.05663967133, 1.23895728588, 1.55541753769, 1.62455141544, 0.185621038079, 0.138098806143, 0.0852390453219, 0.03813014552, 0.0127559378743, 0.00214158697054, 0.000405316561228, 4.85444361402e-05, 2.32858701565e-06, 8.76803056826e-08, 8.39246450113e-11, 2.355538542e-10],
        "dvar2": [0.0505784973502, 18.8283882141, 72.0285720825, 198.517974854, 1207.58886719, 1081.35559082, 490.452636719, 3701.88085938, 1053.89929199, 2059.51513672, 713.797241211, 1825.95446777, 1524.82165527, 1106.80004883, 1477.24414062, 762.473388672, 1894.77185059, 600.332336426, 695.798034668, 1695.09606934, 973.669677734, 243.582870483, 23.7758674622, 17.5829181671, 5.84836196899, 2.20283770561, 3.06223988533, 3.34621977806, 0.346130013466, 0.26960632205, 0.194841966033, 0.0792524665594, 0.0254885610193, 0.00409210193902, 0.000869668263476, 0.000104276638012, 4.8189485824e-06, 1.83287298228e-07, 1.77438633231e-10, 5.71313496511e-10],
        "max": [2.67513680458, 53.4950408936, 109.403533936, 134.391143799, 317.050384521, 184.597579956, 288.440490723, 1002.09918213, 255.997741699, 1152.62060547, 256.402984619, 770.080810547, 860.18536377, 289.565979004, 372.291473389, 468.139251709, 449.111114502, 290.178436279, 328.219573975, 316.176605225, 282.21472168, 194.734725952, 60.4511260986, 44.1409492493, 26.3666687012, 13.9852848053, 17.2329673767, 15.3355064392, 5.39005565643, 4.45221710205, 6.25089073181, 3.23904156685, 1.66333293915, 0.683139324188, 0.313006609678, 0.0908419713378, 0.0181702096015, 0.00374012649991, 0.000128175553982, 0.000242066918872],
        "mean": [0.407118350267, 7.12750148773, 16.3509273529, 15.3453807831, 32.5206794739, 27.0694351196, 18.4935417175, 25.9853134155, 19.2346553802, 13.8596277237, 17.8490066528, 19.8577270508, 17.8021907806, 15.1790895462, 13.4683094025, 9.0866985321, 9.74826622009, 10.018371582, 9.31173706055, 14.4331684113, 11.5445451736, 5.68807840347, 2.0242536068, 1.64829897881, 1.04883372784, 0.413114726543, 0.395434528589, 0.381412446499, 0.134700998664, 0.0963949337602, 0.0614761225879, 0.0445152036846, 0.0277382358909, 0.0116160903126, 0.00451415590942, 0.00155300600454, 0.00036520633148, 6.85898121446e-05, 2.95201098197e-05, 6.69878063491e-05],
        "median": [0.273294627666, 3.75906395912, 6.03836107254, 11.9301614761, 17.5056476593, 17.4078865051, 11.4720363617, 11.4910306931, 11.2026376724, 7.52817964554, 8.30104064941, 6.94345283508, 5.01655483246, 5.21506929398, 2.97419571877, 2.2726111412, 2.0023651123, 2.13521170616, 1.91057240963, 2.66210627556, 2.31871461868, 1.07742917538, 0.38791719079, 0.277248352766, 0.159849703312, 0.0363850109279, 0.0233298875391, 0.0176305864006, 0.00581211270764, 0.00267133698799, 0.00150135508738, 0.00105257821269, 0.000603426597081, 0.000253478676314, 0.000118616844702, 5.93905351707e-05, 2.25811327255e-05, 2.92234676635e-06, 2.61118493654e-05, 5.95115925535e-05],
        "min": [1.91786096229e-22, 4.90662536734e-21, 1.7819076288e-20, 3.59431721957e-20, 6.0252404505e-20, 9.75653199405e-20, 1.07080281591e-19, 1.74891068331e-19, 2.58641541463e-19, 1.91328051831e-19, 1.4689660616e-18, 1.15525130024e-18, 1.44128497938e-18, 4.01990504392e-18, 2.48859189802e-18, 3.54788269918e-18, 2.66431525222e-18, 8.87111833166e-18, 2.74954297945e-18, 4.76941960081e-18, 4.83317826884e-18, 7.45549962931e-18, 1.12733699445e-17, 1.03951589056e-17, 1.30267240094e-17, 1.37110761728e-17, 1.40695530892e-17, 1.57265761815e-17, 1.69483864664e-17, 1.45278409271e-17, 1.5344365799e-17, 1.24290793994e-17, 1.4727783716e-17, 1.21644510866e-17, 1.0145878929e-17, 4.48793582863e-18, 3.3180284389e-18, 9.69137523569e-19, 2.93751920497e-19, 3.10017987803e-20],
        "stdev": [0.465243250132, 8.59428882599, 22.4088668823, 14.5647888184, 45.8062553406, 26.4126548767, 24.0406932831, 63.0942573547, 25.9567775726, 37.8116340637, 26.3826541901, 46.6563415527, 48.7697715759, 27.5334777832, 32.3796768188, 24.0833873749, 27.4287757874, 23.6839294434, 20.289850235, 32.4371871948, 26.6040706635, 13.8868951797, 4.32284975052, 3.69832491875, 2.41005444527, 1.4242619276, 1.49898743629, 1.49858951569, 0.526166856289, 0.420131653547, 0.293649405241, 0.20997402072, 0.125013172626, 0.0521619096398, 0.0211370773613, 0.00730204768479, 0.00164930091705, 0.000318194914144, 1.84155724128e-05, 4.06588442274e-05],
        "var": [0.21645128727, 73.8617935181, 502.157287598, 212.133071899, 2098.21289062, 697.628356934, 577.954956055, 3980.88525391, 673.754272461, 1429.71960449, 696.044433594, 2176.81420898, 2378.49072266, 758.092407227, 1048.44348145, 580.00958252, 752.337768555, 560.928527832, 411.678039551, 1052.17114258, 707.776550293, 192.845870972, 18.6870307922, 13.6776075363, 5.80836200714, 2.02852201462, 2.24696326256, 2.24577069283, 0.276851564646, 0.176510617137, 0.0862299725413, 0.0440890863538, 0.0156282950193, 0.00272086495534, 0.000446776015451, 5.33199017809e-05, 2.72019360636e-06, 1.0124799843e-07, 3.39133277016e-10, 1.65314173461e-09]
    },
    "gfcc": {
        "mean": [-112.928649902, 225.753662109, -94.3876190186, 15.7092199326, -12.3330106735, -10.7459039688, -21.7221794128, -6.73054504395, -4.02979755402, -15.3046884537, -5.76712179184, -13.6425790787, 3.78458046913],
        "cov": [[6159.77734375, -809.900817871, -1748.86425781, -12.4192047119, -489.998138428, 246.543182373, -296.151977539, 182.534439087, -211.483123779, 4.87492179871, -215.148529053, 18.3548984528, -153.796203613], [-809.900817871, 920.13470459, 84.0633468628, -305.324127197, 410.847045898, -177.24810791, 83.673614502, -79.9187011719, 161.413955688, -90.770401001, 102.168067932, -45.5729560852, 55.4855232239], [-1748.86425781, 84.0633468628, 1186.7980957, 310.107269287, -16.2734050751, 8.10421085358, 125.456634521, -32.3769264221, 54.753780365, 121.5756073, 90.679977417, 37.9808311462, 74.8114242554], [-12.4192047119, -305.324127197, 310.107269287, 332.610748291, -166.297973633, 77.1555633545, 31.5976924896, 7.07700252533, -49.2069473267, 65.8863296509, -10.3401584625, 10.097782135, 24.4122085571], [-489.998138428, 410.847045898, -16.2734050751, -166.297973633, 426.292633057, -84.8168945312, 84.4262237549, -9.7611284256, 76.6002426147, -50.1852645874, 17.4363155365, -42.0634613037, -26.9764518738], [246.543182373, -177.24810791, 8.10421085358, 77.1555633545, -84.8168945312, 101.193557739, 6.54521131516, 35.5879859924, -5.16061401367, 38.5865440369, -2.97609710693, 18.2744026184, 5.43711805344], [-296.151977539, 83.673614502, 125.456634521, 31.5976924896, 84.4262237549, 6.54521131516, 101.385314941, 19.0602226257, 36.114780426, 19.5331535339, 20.3728141785, -8.15183639526, 11.0386753082], [182.534439087, -79.9187011719, -32.3769264221, 7.07700252533, -9.7611284256, 35.5879859924, 19.0602226257, 61.0807609558, 20.0014629364, 30.1377773285, 0.373674035072, 15.7097940445, -6.65084266663], [-211.483123779, 161.413955688, 54.753780365, -49.2069473267, 76.6002426147, -5.16061401367, 36.114780426, 20.0014629364, 94.421005249, 28.3357486725, 46.0581169128, 12.8975200653, 29.4327964783], [4.87492179871, -90.770401001, 121.5756073, 65.8863296509, -50.1852645874, 38.5865440369, 19.5331535339, 30.1377773285, 28.3357486725, 82.6324768066, 28.0502853394, 32.644241333, 14.8368730545], [-215.148529053, 102.168067932, 90.679977417, -10.3401584625, 17.4363155365, -2.97609710693, 20.3728141785, 0.373674035072, 46.0581169128, 28.0502853394, 63.2372970581, 24.7501411438, 31.8709201813], [18.3548984528, -45.5729560852, 37.9808311462, 10.097782135, -42.0634613037, 18.2744026184, -8.15183639526, 15.7097940445, 12.8975200653, 32.644241333, 24.7501411438, 48.0903167725, 21.8153629303], [-153.796203613, 55.4855232239, 74.8114242554, 24.4122085571, -26.9764518738, 5.43711805344, 11.0386753082, -6.65084266663, 29.4327964783, 14.8368730545, 31.8709201813, 21.8153629303, 56.4101371765]],
        "icov": [[0.000798882450908, -0.00219838018529, 0.00155720906332, -0.0019966638647, 0.000825825554784, -0.00166144606192, 0.00170504208654, -0.00238473899662, 0.00198383303359, -0.00255294027738, 0.00211182213388, -0.00164186861366, 0.00215774774551], [-0.00219838018529, 0.0145010631531, -0.00529127102345, 0.00995666719973, -0.00499056559056, 0.00869281496853, -0.00696124462411, 0.0116531178355, -0.0120488647372, 0.0125786000863, -0.0126472841948, 0.0106792831793, -0.0120430691168], [0.00155720906332, -0.00529127102345, 0.00489206425846, -0.00618730811402, 0.00184409867506, -0.00276624434628, 0.00215286808088, -0.0029617571272, 0.0036381368991, -0.0067670866847, 0.00406104465947, -0.0051955464296, 0.00561433378607], [-0.0019966638647, 0.00995666719973, -0.00618730811402, 0.0159539915621, -0.00224635796621, 0.00322601106018, -0.00755939725786, 0.00799363479018, -0.00172953389119, 0.00393459992483, -0.00634502759203, 0.0121211959049, -0.0141344880685], [0.000825825554784, -0.00499056559056, 0.00184409867506, -0.00224635796621, 0.00754410400987, -0.00113215041347, -0.00268914061598, -0.00198334199376, -0.000910745409783, -0.00121692661196, 0.00476710312068, -0.00452221464366, 0.00954681728035], [-0.00166144606192, 0.00869281496853, -0.00276624434628, 0.00322601106018, -0.00113215041347, 0.0231968257576, -0.00599608011544, 0.000430923595559, -0.00737120257691, 0.00516095152125, -0.00669942656532, 0.00497201969847, -0.00800980441272], [0.00170504208654, -0.00696124462411, 0.00215286808088, -0.00755939725786, -0.00268914061598, -0.00599608011544, 0.0252302531153, -0.0165001433343, 0.00742675736547, -0.00893247313797, 0.00167818751652, 0.00558176124468, -0.000311017502099], [-0.00238473899662, 0.0116531178355, -0.0029617571272, 0.00799363479018, -0.00198334199376, 0.000430923595559, -0.0165001433343, 0.0475403741002, -0.0232731327415, 0.00647077616304, -0.000984624261037, -0.00711434148252, 0.00409739743918], [0.00198383303359, -0.0120488647372, 0.0036381368991, -0.00172953389119, -0.000910745409783, -0.00737120257691, 0.00742675736547, -0.0232731327415, 0.0447061061859, -0.0227020941675, -0.00126437714789, 0.00436511961743, -0.00906742177904], [-0.00255294027738, 0.0125786000863, -0.0067670866847, 0.00393459992483, -0.00121692661196, 0.00516095152125, -0.00893247313797, 0.00647077616304, -0.0227020941675, 0.0450288280845, -0.017141930759, -0.00541889900342, 0.00115287094377], [0.00211182213388, -0.0126472841948, 0.00406104465947, -0.00634502759203, 0.00476710312068, -0.00669942656532, 0.00167818751652, -0.000984624261037, -0.00126437714789, -0.017141930759, 0.0499317087233, -0.0227968078107, 0.00381251447834], [-0.00164186861366, 0.0106792831793, -0.0051955464296, 0.0121211959049, -0.00452221464366, 0.00497201969847, 0.00558176124468, -0.00711434148252, 0.00436511961743, -0.00541889900342, -0.0227968078107, 0.0575245991349, -0.0281275510788], [0.00215774774551, -0.0120430691168, 0.00561433378607, -0.0141344880685, 0.00954681728035, -0.00800980441272, -0.000311017502099, 0.00409739743918, -0.00906742177904, 0.00115287094377, 0.00381251447834, -0.0281275510788, 0.0531599484384]]
    },
    "melbands": {
        "dmean": [0.00203974521719, 0.00283022387885, 0.00138848752249, 0.00119856116362, 0.000357602082659, 0.000322506006341, 0.00017287171795, 9.24722044147e-05, 7.80910631875e-05, 7.70450715208e-05, 5.16831387358e-05, 3.82830949093e-05, 3.80774217774e-05, 1.64673092513e-05, 1.53308683366e-05, 1.76647881744e-05, 1.1470771824e-05, 1.06201478047e-05, 1.07616042442e-05, 1.58518068929e-05, 7.21652531865e-06, 4.63480955659e-06, 1.6520976942e-06, 9.83783706943e-07, 9.41099358442e-07, 6.89075079663e-07, 3.02573340605e-07, 2.11075430911e-07, 2.09915810956e-07, 2.29736528468e-07, 1.79263636824e-07, 6.56270131572e-08, 5.65578126555e-08, 4.9732609142e-08, 3.66753916126e-08, 3.57296165987e-08, 2.5781355717e-08, 2.18899174342e-08, 1.34824853504e-08, 8.75643557663e-09],
        "dmean2": [0.00329301087186, 0.00443706149235, 0.00228489912115, 0.00197335914709, 0.000586098758504, 0.000511661812197, 0.00027551111998, 0.000154099005158, 0.000128056795802, 0.000123546138639, 7.96977765276e-05, 6.36369077256e-05, 6.14979944658e-05, 2.73593486781e-05, 2.60235701717e-05, 2.95000081678e-05, 1.81388841156e-05, 1.79446269613e-05, 1.82646945177e-05, 2.6462274036e-05, 1.17718764159e-05, 7.42413658372e-06, 2.62592652689e-06, 1.52858945057e-06, 1.43560714605e-06, 1.01529394669e-06, 4.27178918017e-07, 2.79420419247e-07, 2.84591493482e-07, 3.1736246342e-07, 2.42409413431e-07, 9.09009258976e-08, 7.84691707167e-08, 6.93452975042e-08, 5.23385210727e-08, 5.08929609566e-08, 3.6784975066e-08, 3.05902077002e-08, 1.86125603818e-08, 1.2455580567e-08],
        "dvar": [4.63128617412e-06, 1.0620874491e-05, 2.34652134168e-06, 2.4233959266e-06, 2.65173468961e-07, 6.86154805862e-07, 9.78309344646e-08, 9.56743519964e-08, 1.56628576775e-08, 3.91802004174e-08, 2.16700506428e-08, 7.22150428345e-09, 1.29361605872e-08, 1.83445469926e-09, 2.08097694632e-09, 5.091941091e-09, 8.59688431554e-10, 8.08618449977e-10, 8.9140472781e-10, 1.46507039833e-09, 3.9975309174e-10, 1.66753916231e-10, 1.64158409088e-11, 7.25606163696e-12, 6.02393569055e-12, 2.75224179384e-12, 9.47811490751e-13, 5.31597281386e-13, 5.73629739629e-13, 7.90625973978e-13, 4.69644451367e-13, 5.98420035855e-14, 5.26547562333e-14, 3.79121071288e-14, 2.95681448076e-14, 2.57792952838e-14, 1.19227154869e-14, 8.27300891232e-15, 2.74017276019e-15, 1.36650766589e-15],
        "dvar2": [1.06800634967e-05, 2.20376768993e-05, 6.40045118416e-06, 5.99906888965e-06, 6.58056478642e-07, 1.47469086187e-06, 2.46593231168e-07, 1.87694425335e-07, 3.77835256415e-08, 8.74209220569e-08, 3.99088015968e-08, 1.77126810996e-08, 3.02872145141e-08, 4.38154001969e-09, 5.39986899639e-09, 1.31094530786e-08, 1.82389792158e-09, 2.12566297897e-09, 2.41603936857e-09, 3.83333187415e-09, 9.79748282504e-10, 3.76878417363e-10, 3.78589590233e-11, 1.77645866767e-11, 1.36090591921e-11, 5.80469743452e-12, 1.73158536121e-12, 9.92884919247e-13, 1.16193231252e-12, 1.629204909e-12, 9.95555417618e-13, 1.19779606698e-13, 1.03830044063e-13, 7.61951875834e-14, 7.062956448e-14, 5.6660530895e-14, 2.50499728111e-14, 1.68635518418e-14, 5.25822171788e-15, 2.80656235556e-15],
        "max": [0.0430859401822, 0.0464823096991, 0.018662141636, 0.0190527159721, 0.0106064425781, 0.0196894966066, 0.00371686369181, 0.0107120610774, 0.00180990458466, 0.00543682835996, 0.00440828036517, 0.00118474825285, 0.00172834238037, 0.000850284588523, 0.000752090069, 0.00134551047813, 0.000587770482525, 0.000580827181693, 0.000342580053257, 0.000426490529208, 0.000293623510515, 0.000250444019912, 8.27879557619e-05, 4.87226388941e-05, 3.79289340344e-05, 2.52389672823e-05, 1.4275774447e-05, 9.12235555006e-06, 9.00557733985e-06, 1.25294945974e-05, 8.07096785138e-06, 3.19962396134e-06, 3.59109344572e-06, 2.50566267823e-06, 3.88482931157e-06, 2.76539321931e-06, 1.75197908447e-06, 1.52482459725e-06, 5.66181768136e-07, 6.0445370309e-07],
        "mean": [0.00571838952601, 0.00891570933163, 0.00311540509574, 0.00232402281836, 0.000698026793543, 0.000551734061446, 0.00028637048672, 0.000146786172991, 0.000134172994876, 0.000126480823383, 8.7553569756e-05, 5.9941332438e-05, 5.59151376365e-05, 2.32374859479e-05, 2.07022621908e-05, 2.12301983993e-05, 1.86862544069e-05, 1.5416288079e-05, 1.47213268065e-05, 2.26744759857e-05, 1.08617632577e-05, 6.55636586089e-06, 2.44596458288e-06, 1.36218682201e-06, 1.34152480769e-06, 1.0283534948e-06, 3.84274358112e-07, 2.46643764967e-07, 2.36092375872e-07, 2.60148738107e-07, 2.0036300441e-07, 7.38953929158e-08, 5.91624953472e-08, 4.88713745028e-08, 3.42182531199e-08, 3.36499255127e-08, 2.46958862249e-08, 2.14429203282e-08, 1.34249562578e-08, 8.44063219319e-09],
        "median": [0.00355277233757, 0.00426282966509, 0.00242512277327, 0.00133352912962, 0.000447108963272, 0.000256757746683, 0.000166816229466, 7.89451078163e-05, 6.31157890894e-05, 4.00420321967e-05, 2.32241200138e-05, 2.07702578336e-05, 1.17167846838e-05, 6.3267762016e-06, 5.15145529789e-06, 3.86648525819e-06, 4.01882471124e-06, 3.04425225295e-06, 2.73758564617e-06, 4.19472098656e-06, 2.13624684875e-06, 1.21951245546e-06, 4.67973762852e-07, 2.45898831963e-07, 2.14265938325e-07, 1.65291197618e-07, 4.22854355975e-08, 1.59789319554e-08, 1.42663036939e-08, 1.22671881542e-08, 8.63337223933e-09, 3.18045723091e-09, 1.82321613362e-09, 1.21164667188e-09, 8.23033696751e-10, 7.35943583852e-10, 5.57817569913e-10, 4.36383096325e-10, 2.64880950507e-10, 1.55626983522e-10],
        "min": [4.64413735058e-24, 8.73068493638e-24, 7.13956590118e-24, 6.10915420906e-24, 4.33084794739e-24, 3.96972477991e-24, 3.71623142777e-24, 2.8123303451e-24, 1.16057768579e-23, 7.84151484503e-24, 7.69805102308e-24, 1.54747357012e-23, 7.5318956172e-24, 7.08722103581e-24, 6.89936012212e-24, 6.35308814475e-24, 1.76742297885e-23, 2.79980836152e-24, 5.20094062103e-24, 6.50219942192e-24, 4.92342448217e-24, 6.89184543314e-24, 1.1261670209e-23, 7.89098036809e-24, 8.32968090584e-24, 8.70936044839e-24, 8.12131355292e-24, 8.64552030191e-24, 9.16902180925e-24, 9.86061695372e-24, 8.13621907972e-24, 7.66910061672e-24, 8.01289172124e-24, 8.05696064685e-24, 8.97747928171e-24, 7.20211862666e-24, 7.3467830949e-24, 1.02090812702e-23, 1.18566606581e-23, 8.4697786583e-24],
        "stdev": [0.00670675141737, 0.0104269962758, 0.00251442496665, 0.00282076233998, 0.000856749655213, 0.00125085667241, 0.000390859495383, 0.000367057713447, 0.000197380504687, 0.000321716448525, 0.000246765557677, 0.000108455016743, 0.000139825540828, 5.51399316464e-05, 5.15532919962e-05, 7.10007661837e-05, 4.4601270929e-05, 3.39029502356e-05, 3.48035100615e-05, 4.98640365549e-05, 2.6262128813e-05, 1.68746300915e-05, 5.35490926268e-06, 3.12996394314e-06, 3.0898956993e-06, 2.29878105529e-06, 1.22279152492e-06, 9.0859583679e-07, 8.93499418453e-07, 1.03187790046e-06, 7.93231095031e-07, 2.89348037086e-07, 2.59204824715e-07, 2.15726430497e-07, 1.66686646708e-07, 1.65747692904e-07, 1.16642084436e-07, 9.92308599734e-08, 5.91200510769e-08, 3.97849788669e-08],
        "var": [4.49805156677e-05, 0.000108722248115, 6.32233286524e-06, 7.95670075604e-06, 7.34019977244e-07, 1.56464238898e-06, 1.52771150397e-07, 1.3473136562e-07, 3.89590653072e-08, 1.03501470505e-07, 6.08932424484e-08, 1.17624914253e-08, 1.95511802303e-08, 3.04041192223e-09, 2.65774202646e-09, 5.04110930777e-09, 1.98927341266e-09, 1.14941012264e-09, 1.21128429509e-09, 2.48642217926e-09, 6.89699408696e-10, 2.84753137736e-10, 2.8675053651e-11, 9.79667475615e-12, 9.54745484061e-12, 5.2843944498e-12, 1.49521909611e-12, 8.2554644544e-13, 7.98341210848e-13, 1.06477196851e-12, 6.2921559239e-13, 8.3722288271e-14, 6.71871344909e-14, 4.65378908641e-14, 2.77844391103e-14, 2.74722956108e-14, 1.36053752357e-14, 9.84676394106e-15, 3.49518023641e-15, 1.58284464518e-15]
    },
    "melbands128": {
