{
"lowlevel": {
    "average_loudness": 0.924005866051,
    "barkbands_crest": {
        "dmean": 1.84636962414,
        "dmean2": 3.00455594063,
        "dvar": 2.86011791229,
        "dvar2": 8.13490200043,
        "max": 22.6394424438,
        "mean": 9.01165962219,
        "median": 8.44819450378,
        "min": 3.48222017288,
        "stdev": 3.19257354736,
        "var": 10.1925258636
    },
    "barkbands_flatness_db": {
        "dmean": 0.0150060309097,
        "dmean2": 0.0233449190855,
        "dvar": 0.00016765332839,
        "dvar2": 0.000381436839234,
        "max": 0.283364236355,
        "mean": 0.165805757046,
        "median": 0.162783816457,
        "min": 0.033967744559,
        "stdev": 0.0313476473093,
        "var": 0.000982675002888
    },
    "barkbands_kurtosis": {
        "dmean": 1.44239807129,
        "dmean2": 2.30033683777,
        "dvar": 3.42535209656,
        "dvar2": 7.73249483109,
        "max": 42.8021774292,
        "mean": 2.88614964485,
        "median": 1.2770857811,
        "min": -1.76554894447,
        "stdev": 4.72527217865,
        "var": 22.3281955719
    },
    "barkbands_skewness": {
        "dmean": 0.342814564705,
        "dmean2": 0.540586769581,
        "dvar": 0.0894225165248,
        "dvar2": 0.215143069625,
        "max": 5.98006820679,
        "mean": 1.37276780605,
        "median": 1.24898731709,
        "min": -2.02557277679,
        "stdev": 0.915066242218,
        "var": 0.837346196175
    },
    "barkbands_spread": {
        "dmean": 2.94909620285,
        "dmean2": 4.65328645706,
        "dvar": 11.5785732269,
        "dvar2": 28.049747467,
        "max": 68.0985717773,
        "mean": 16.8011932373,
        "median": 15.3388881683,
        "min": 2.9788582325,
        "stdev": 8.43828010559,
        "var": 71.2045669556
    },
    "dissonance": {
        "dmean": 0.0227080006152,
        "dmean2": 0.0389511138201,
        "dvar": 0.000472923507914,
        "dvar2": 0.00133388570976,
        "max": 0.499513417482,
        "mean": 0.447941958904,
        "median": 0.455611020327,
        "min": 0.275365889072,
        "stdev": 0.032974511385,
        "var": 0.00108731840737
    },
    "dynamic_complexity": 2.31686472893,
    "erbbands_crest": {
        "dmean": 2.39917230606,
        "dmean2": 3.98117899895,
        "dvar": 5.77292299271,
        "dvar2": 15.6255187988,
        "max": 28.0303173065,
        "mean": 9.20561599731,
        "median": 8.15211772919,
        "min": 3.11719727516,
        "stdev": 3.96717596054,
        "var": 15.7384843826
    },
    "erbbands_flatness_db": {
        "dmean": 0.0125343361869,
        "dmean2": 0.0190818738192,
        "dvar": 0.000141740121762,
        "dvar2": 0.000305291847326,
        "max": 0.302407562733,
        "mean": 0.195171877742,
        "median": 0.196067661047,
        "min": 0.0769076794386,
        "stdev": 0.0325898341835,
        "var": 0.00106209737714
    },
    "erbbands_kurtosis": {
        "dmean": 0.693296313286,
        "dmean2": 1.11130952835,
        "dvar": 0.896653413773,
        "dvar2": 2.25051403046,
        "max": 12.9428186417,
        "mean": 0.564178586006,
        "median": 0.201885938644,
        "min": -1.6593991518,
        "stdev": 1.70957767963,
        "var": 2.92265582085
    },
    "erbbands_skewness": {
        "dmean": 0.283910930157,
        "dmean2": 0.451923340559,
        "dvar": 0.0678207650781,
        "dvar2": 0.177545949817,
        "max": 2.63458895683,
        "mean": 0.292004436255,
        "median": 0.299957066774,
        "min": -2.18121170998,
        "stdev": 0.60213470459,
        "var": 0.362566202879
    },
    "erbbands_spread": {
        "dmean": 5.25052642822,
        "dmean2": 8.20834159851,
        "dvar": 31.3261928558,
        "dvar2": 70.3430252075,
        "max": 119.554443359,
        "mean": 32.4266052246,
        "median": 29.5972290039,
        "min": 5.12174654007,
        "stdev": 15.8891391754,
        "var": 252.464752197
    },
    "hfc": {
        "dmean": 4.11296653748,
        "dmean2": 6.21730709076,
        "dvar": 26.553024292,
        "dvar2": 58.4264068604,
        "max": 103.545455933,
        "mean": 20.3411846161,
        "median": 16.6022777557,
        "min": 1.19059983387e-16,
        "stdev": 14.9088087082,
        "var": 222.272583008
    },
    "loudness_ebu128": {
        "integrated": -7.70166969299,
        "loudness_range": 3.93683290482,
        "momentary": {
            "dmean": 0.480039060116,
            "dmean2": 0.36779487133,
            "dvar": 0.170579388738,
            "dvar2": 0.154927998781,
            "max": -3.1260945797,
            "mean": -8.22015190125,
            "median": -8.13258934021,
            "min": -14.5122089386,
            "stdev": 2.17888522148,
            "var": 4.74754095078
        },
        "short_term": {
            "dmean": 0.0701388642192,
            "dmean2": 0.0408041365445,
            "dvar": 0.00348458020017,
            "dvar2": 0.0015461652074,
            "max": -5.60437250137,
            "mean": -7.83051729202,
            "median": -7.82216119766,
            "min": -10.8507099152,
            "stdev": 1.30731713772,
            "var": 1.70907795429
        }
    },
    "melbands_crest": {
        "dmean": 2.39505124092,
        "dmean2": 3.88437604904,
        "dvar": 4.72931146622,
        "dvar2": 12.9829730988,
        "max": 27.5450019836,
        "mean": 13.2929134369,
        "median": 12.3828372955,
        "min": 2.12422609329,
        "stdev": 4.63837957382,
        "var": 21.5145664215
    },
    "melbands_flatness_db": {
        "dmean": 0.0160272661597,
        "dmean2": 0.0245141275227,
        "dvar": 0.000222907910938,
        "dvar2": 0.000466825003969,
        "max": 0.363266378641,
        "mean": 0.209011405706,
        "median": 0.203668311238,
        "min": 0.00586106954142,
        "stdev": 0.0451450645924,
        "var": 0.00203807698563
    },
    "melbands_kurtosis": {
        "dmean": 3.17622590065,
        "dmean2": 5.01305150986,
        "dvar": 22.8680038452,
        "dvar2": 56.264995575,
        "max": 95.4604110718,
        "mean": 8.1008348465,
        "median": 4.87774181366,
        "min": -1.56826519966,
        "stdev": 10.3101072311,
        "var": 106.298309326
    },
    "melbands_skewness": {
        "dmean": 0.43795517087,
        "dmean2": 0.687659442425,
        "dvar": 0.170435324311,
        "dvar2": 0.428703278303,
        "max": 7.93394422531,
        "mean": 2.13124990463,
        "median": 1.94228613377,
        "min": -0.363394886255,
        "stdev": 1.23547279835,
        "var": 1.52639317513
    },
    "melbands_spread": {
        "dmean": 4.03598403931,
        "dmean2": 6.4267950058,
        "dvar": 22.0806732178,
        "dvar2": 48.3878936768,
        "max": 150.462265015,
        "mean": 20.3492202759,
        "median": 18.7758178711,
        "min": 2.63599276543,
        "stdev": 11.0632171631,
        "var": 122.394775391
    },
    "pitch_salience": {
        "dmean": 0.0560786686838,
        "dmean2": 0.0906875804067,
        "dvar": 0.00242623081431,
        "dvar2": 0.00644637458026,
        "max": 0.856108009815,
        "mean": 0.544899523258,
        "median": 0.550509572029,
        "min": 0.174738496542,
        "stdev": 0.0990555733442,
        "var": 0.00981200672686
    },
    "silence_rate_20dB": {
        "dmean": 0,
        "dmean2": 0,
        "dvar": 0,
        "dvar2": 0,
        "max": 1,
        "mean": 1,
        "median": 1,
        "min": 1,
        "stdev": 0,
        "var": 0
    },
    "silence_rate_30dB": {
        "dmean": 0,
        "dmean2": 0,
        "dvar": 0,
        "dvar2": 0,
        "max": 1,
        "mean": 1,
        "median": 1,
        "min": 1,
        "stdev": 0,
        "var": 0
    },
    "silence_rate_60dB": {
        "dmean": 0.00103092787322,
        "dmean2": 0.00154718931299,
        "dvar": 0.00102987512946,
        "dvar2": 0.00154478580225,
        "max": 1,
        "mean": 0.00206079334021,
        "median": 0,
        "min": 0,
        "stdev": 0.0453496538103,
        "var": 0.00205659121275
    },
    "spectral_centroid": {
        "dmean": 146.024963379,
        "dmean2": 231.957748413,
        "dvar": 62496.859375,
        "dvar2": 120665.601562,
        "max": 11108.5107422,
        "mean": 1021.17248535,
        "median": 972.38482666,
        "min": 301.393554688,
        "stdev": 527.642211914,
        "var": 278406.3125
    },
    "spectral_complexity": {
        "dmean": 2.18917536736,
        "dmean2": 3.60030937195,
        "dvar": 4.35130882263,
        "dvar2": 9.65819644928,
        "max": 40,
        "mean": 18.4348278046,
        "median": 19,
        "min": 0,
        "stdev": 6.13026809692,
        "var": 37.5801849365
    },
    "spectral_decrease": {
        "dmean": 1.25776211668e-09,
        "dmean2": 2.00276994988e-09,
        "dvar": 1.70187530667e-18,
        "dvar2": 4.39672303607e-18,
        "max": 1.14279494926e-28,
        "mean": -6.77220768353e-09,
        "median": -6.01825744795e-09,
        "min": -2.64799542293e-08,
        "stdev": 3.56457308115e-09,
        "var": 1.27061807687e-17
    },
    "spectral_energy": {
        "dmean": 0.0050323298201,
        "dmean2": 0.0079880207777,
        "dvar": 2.75895417872e-05,
        "dvar2": 7.03973128111e-05,
        "max": 0.107848063111,
        "mean": 0.0274048484862,
        "median": 0.0243676956743,
        "min": 1.05189472727e-20,
        "stdev": 0.0146004166454,
        "var": 0.000213172170334
    },
    "spectral_energyband_high": {
        "dmean": 0.000151108382852,
        "dmean2": 0.000218614877667,
        "dvar": 9.52987662117e-08,
        "dvar2": 1.88588032302e-07,
        "max": 0.00524643668905,
        "mean": 0.000442841701442,
        "median": 0.000224090981646,
        "min": 7.69068912699e-21,
        "stdev": 0.000640993006527,
        "var": 4.10872047496e-07
    },
    "spectral_energyband_low": {
        "dmean": 0.00184685282875,
        "dmean2": 0.00297089340165,
        "dvar": 6.47781507723e-06,
        "dvar2": 1.94903132069e-05,
        "max": 0.0410358607769,
        "mean": 0.00497071817517,
        "median": 0.00325156655163,
        "min": 5.39168758234e-23,
        "stdev": 0.00524307554588,
        "var": 2.7489841159e-05
    },
    "spectral_energyband_middle_high": {
        "dmean": 0.00226527289487,
        "dmean2": 0.00352292740718,
        "dvar": 1.22980227388e-05,
        "dvar2": 2.79248597508e-05,
        "max": 0.0674675628543,
        "mean": 0.00789131876081,
        "median": 0.00536854937673,
        "min": 1.35193270424e-21,
        "stdev": 0.00814510509372,
        "var": 6.63427344989e-05
    },
    "spectral_energyband_middle_low": {
        "dmean": 0.00363225582987,
        "dmean2": 0.00575480982661,
        "dvar": 1.79042708623e-05,
        "dvar2": 4.77281209896e-05,
        "max": 0.0926045030355,
        "mean": 0.0160207878798,
        "median": 0.0139368157834,
        "min": 2.88912544146e-22,
        "stdev": 0.00987464096397,
        "var": 9.75085422397e-05
    },
    "spectral_entropy": {
        "dmean": 0.111282728612,
        "dmean2": 0.167261213064,
        "dvar": 0.0125877810642,
        "dvar2": 0.0223840605468,
        "max": 9.7974615097,
        "mean": 7.3371181488,
        "median": 7.32609272003,
        "min": 6.22230434418,
        "stdev": 0.305844306946,
        "var": 0.0935407429934
    },
    "spectral_flux": {
        "dmean": 0.0133383544162,
        "dmean2": 0.0222735516727,
        "dvar": 0.000163258169778,
        "dvar2": 0.00041931506712,
        "max": 0.17134411633,
        "mean": 0.0649514272809,
        "median": 0.0620384812355,
        "min": 6.68331223697e-11,
        "stdev": 0.0274842493236,
        "var": 0.000755383982323
    },
    "spectral_kurtosis": {
        "dmean": 1.79455375671,
        "dmean2": 3.03304958344,
        "dvar": 3.15241336823,
        "dvar2": 8.60191726685,
        "max": 30.9125900269,
        "mean": 4.69658851624,
        "median": 4.03937721252,
        "min": -1.20891726017,
        "stdev": 3.20397377014,
        "var": 10.2654485703
    },
    "spectral_rms": {
        "dmean": 0.000467959791422,
        "dmean2": 0.000734160537831,
        "dvar": 1.85991680723e-07,
        "dvar2": 4.62667998136e-07,
        "max": 0.0102575644851,
        "mean": 0.00499621080235,
        "median": 0.00487579358742,
        "min": 3.20349627901e-12,
        "stdev": 0.00133203424048,
        "var": 1.77431536486e-06
    },
    "spectral_rolloff": {
        "dmean": 259.996002197,
        "dmean2": 452.298034668,
        "dvar": 321188,
        "dvar2": 685446.5625,
        "max": 18970.7519531,
        "mean": 1232.29882812,
        "median": 1076.66015625,
        "min": 150.732421875,
        "stdev": 909.869506836,
        "var": 827862.5
    },
    "spectral_skewness": {
        "dmean": 0.218867748976,
        "dmean2": 0.360740631819,
        "dvar": 0.0366400703788,
        "dvar2": 0.0901077240705,
        "max": 4.14806556702,
        "mean": 1.62923073769,
        "median": 1.59322834015,
        "min": 0.00489531038329,
        "stdev": 0.482173115015,
        "var": 0.23249091208
    },
    "spectral_spread": {
        "dmean": 328444,
        "dmean2": 472776.34375,
        "dvar": 435130400768,
        "dvar2": 489337946112,
        "max": 40495472,
        "mean": 3869896,
        "median": 3647552.5,
        "min": 1812268.875,
        "stdev": 1615662.75,
        "var": 2.61036625101e+12
    },
    "spectral_strongpeak": {
        "dmean": 0.630287468433,
        "dmean2": 1.07520771027,
        "dvar": 1.65457820892,
        "dvar2": 4.10269737244,
        "max": 12.6966028214,
        "mean": 1.2367888689,
        "median": 0.727039039135,
        "min": 0,
        "stdev": 1.567040205,
        "var": 2.45561504364
    },
    "zerocrossingrate": {
        "dmean": 0.00559786753729,
        "dmean2": 0.00698174210265,
        "dvar": 0.000107302010292,
        "dvar2": 0.00019652073388,
        "max": 0.52685546875,
        "mean": 0.0469831712544,
        "median": 0.044921875,
        "min": 0.005859375,
        "stdev": 0.0246735122055,
        "var": 0.000608782225754
    },
    "barkbands": {
        "dmean": [7.13984763934e-06, 0.000300882238662, 0.00110654660966, 0.00119778839871, 0.0016539839562, 0.000712634471711, 0.000714298628736, 0.00124346651137, 0.000727540056687, 0.000770859071054, 0.000710550055373, 0.000571496842895, 0.00069009809522, 0.000326813285938, 0.000469333288493, 0.000208867932088, 0.000308943970595, 8.27382391435e-05, 9.31271642912e-05, 7.81865310273e-05, 4.25064681622e-05, 8.54448735481e-05, 3.08563212457e-05, 1.35288091769e-05, 6.60463865643e-06, 7.26723840216e-07, 9.08374886421e-09],
        "dmean2": [1.21626353575e-05, 0.000452894018963, 0.00183206098154, 0.00197845092043, 0.00264710700139, 0.00107583787758, 0.00117759953719, 0.00201049004681, 0.00118526187725, 0.00123988254927, 0.0011087320745, 0.000926138134673, 0.00106259959284, 0.000525242649019, 0.00075315812137, 0.000352008151822, 0.000511728343554, 0.000134453366627, 0.000152455584612, 0.000129869833472, 6.67487765895e-05, 0.000133119363454, 4.54769469798e-05, 1.94512358576e-05, 1.00606339402e-05, 1.15759473829e-06, 1.64427973459e-08],
        "dvar": [3.85527276769e-10, 3.09145093524e-07, 3.29406839228e-06, 2.99242560686e-06, 3.5560312881e-06, 8.0758201193e-07, 1.09020197669e-06, 5.43455416846e-06, 7.8016637417e-06, 6.41063206785e-06, 2.72349325314e-06, 1.61174830282e-06, 3.90396553485e-06, 4.68965708933e-07, 1.01208036085e-06, 4.20671568691e-07, 5.79976415338e-07, 3.99409749718e-08, 3.82228364515e-08, 2.45767513007e-08, 1.24012196068e-08, 2.91949220355e-08, 3.81801701366e-09, 1.27375199277e-09, 2.17998688545e-10, 3.54828688133e-12, 5.57141003254e-16],
        "dvar2": [1.00234365252e-09, 6.54436746572e-07, 1.08724480015e-05, 8.36161416373e-06, 9.95966274786e-06, 1.85845192391e-06, 3.10652808366e-06, 1.46114389281e-05, 2.07263110497e-05, 1.75756867975e-05, 6.49184448775e-06, 4.37317157775e-06, 7.85147130955e-06, 1.14501335702e-06, 2.40829149334e-06, 1.1126434174e-06, 1.56359476478e-06, 1.05243380233e-07, 1.04959241298e-07, 6.80590801494e-08, 2.70140017022e-08, 7.06576201992e-08, 7.31733695858e-09, 2.36572317291e-09, 4.69867256214e-10, 8.62750409308e-12, 1.67535663077e-15],
        "max": [0.000563955982216, 0.0188809335232, 0.0222652424127, 0.0232471562922, 0.0240418016911, 0.0151337608695, 0.0190700404346, 0.0268482137471, 0.0869107916951, 0.060627464205, 0.0332003794611, 0.0186762660742, 0.0414477549493, 0.0102176805958, 0.0146035356447, 0.0182083975524, 0.0126905906945, 0.00392281869426, 0.00345021439716, 0.00334558682516, 0.00229933182709, 0.00317758903839, 0.00092407426564, 0.000942312763073, 0.000238171269302, 3.64106854249e-05, 4.49776678124e-07],
        "mean": [1.20926506497e-05, 0.000822823611088, 0.00258497172035, 0.00279907858931, 0.00491238525137, 0.00233544711955, 0.00163039658219, 0.00219883979298, 0.00152099842671, 0.00147751753684, 0.00164312915877, 0.00102542899549, 0.00124004040845, 0.000606851419434, 0.000764517870266, 0.000357448356226, 0.000564145855606, 0.000149330822751, 0.00019336931291, 0.000152105523739, 8.15342427813e-05, 0.000218868197408, 6.70825247653e-05, 3.0975563277e-05, 1.44450787047e-05, 1.05152696506e-06, 7.7522042119e-09],
        "median": [2.44702800956e-06, 0.000130144951981, 0.00122833030764, 0.00154731888324, 0.00372305023484, 0.00151116203051, 0.000730064697564, 0.000964603386819, 0.000464553042548, 0.00054129504133, 0.000597036152612, 0.000362513383152, 0.000313474651193, 0.000237615444348, 0.000254216982285, 9.74908325588e-05, 0.000149407438585, 5.98048354732e-05, 6.87247375026e-05, 7.45104116504e-05, 3.66216881957e-05, 8.70162111823e-05, 2.70104810625e-05, 1.05382005131e-05, 4.67963491246e-06, 3.24114182604e-07, 1.80822545826e-09],
        "min": [1.13946392227e-24, 6.3362404424e-24, 2.53070680472e-23, 2.02137529027e-23, 5.88708024014e-23, 3.09317725191e-23, 5.27862141097e-23, 2.5160917365e-23, 4.21496175605e-23, 5.12403181037e-23, 3.79434837891e-23, 4.46763232627e-23, 1.19148314191e-22, 9.01183338527e-23, 7.41362959029e-23, 8.06158100518e-23, 1.39330758782e-22, 2.59588905603e-22, 1.78317451165e-22, 3.82541170187e-22, 3.01622872999e-22, 4.15033278023e-22, 5.98095405677e-22, 9.776192397e-22, 9.79295310377e-22, 1.60047412405e-21, 2.61368293077e-21],
        "stdev": [3.79290395358e-05, 0.00185992487241, 0.00330132478848, 0.00303847901523, 0.0039735622704, 0.00240064063109, 0.00217037205584, 0.00347873778082, 0.00484689045697, 0.00368635659106, 0.00290339114144, 0.00180135038681, 0.00343497237191, 0.00101452146191, 0.00139666756149, 0.000873467710335, 0.00114782538731, 0.000278967811028, 0.000343234249158, 0.000226711912546, 0.000151090425788, 0.000367478613043, 0.00011144552991, 7.03590994817e-05, 2.63356851065e-05, 2.38107782025e-06, 2.17379731993e-08],
        "var": [1.43861211832e-09, 3.45932062373e-06, 1.08987451313e-05, 9.23235438677e-06, 1.57891954586e-05, 5.76307547817e-06, 4.71051453133e-06, 1.21016164485e-05, 2.34923463722e-05, 1.3589225091e-05, 8.42968074721e-06, 3.24486336467e-06, 1.17990357467e-05, 1.02925378087e-06, 1.95068037101e-06, 7.629458878e-07, 1.31750300625e-06, 7.78230457854e-08, 1.1780974063e-07, 5.13982882921e-08, 2.28283170145e-08, 1.35040522764e-07, 1.24201067209e-08, 4.95040319848e-09, 6.93568313892e-10, 5.6695316844e-12, 4.72539511301e-16]
    },
    "erbbands": {
        "dmean": [0.00466836616397, 0.0939186140895, 0.941398262978, 2.92829751968, 4.88142728806, 4.17325687408, 8.46473503113, 4.63253879547, 8.86529159546, 15.590136528, 26.0028305054, 19.582490921, 20.348608017, 24.4299049377, 24.5644016266, 26.5599555969, 26.2830352783, 21.7188529968, 26.1225185394, 13.4287233353, 11.3833150864, 13.7543544769, 6.49263429642, 2.97218155861, 5.73709392548, 3.13021421432, 1.51910877228, 1.59487330914, 2.71066594124, 2.65661621094, 0.667959094048, 0.376921147108, 0.171964764595, 0.0820927396417, 0.048879634589, 0.0072630494833, 0.000523831753526, 4.92446561111e-05, 3.67947109225e-06, 5.91432308283e-06],
        "dmean2": [0.0073351864703, 0.143351361156, 1.53573799133, 4.79035329819, 7.80043697357, 6.9301199913, 12.768289566, 7.36718988419, 14.2296047211, 26.2788143158, 40.9488868713, 31.8413162231, 31.8650760651, 39.4798355103, 38.6722831726, 42.817237854, 40.3618812561, 33.6586837769, 41.6799545288, 22.0848369598, 18.8483486176, 22.3888759613, 10.6587123871, 4.7025809288, 9.58020401001, 5.22260379791, 2.44860553741, 2.44755983353, 4.26266288757, 4.11395215988, 1.00609862804, 0.544508635998, 0.263327419758, 0.128205418587, 0.0749201774597, 0.0110721485689, 0.000857005361468, 8.44970054459e-05, 5.65443906453e-06, 9.30198166316e-06],
        "dvar": [0.000111757246486, 0.0265845321119, 2.18092441559, 18.2767276764, 48.1158218384, 30.0659503937, 182.513336182, 51.4921188354, 172.215362549, 1077.49731445, 2053.19287109, 7283.60058594, 3097.52929688, 5768.77441406, 3548.83520508, 3493.68530273, 4603.17480469, 3682.63891602, 2713.56420898, 1175.78845215, 970.057556152, 808.904968262, 311.697814941, 36.3686943054, 129.569412231, 36.2271614075, 15.462231636, 14.1435527802, 32.3852081299, 27.9296512604, 1.98734986782, 1.08198010921, 0.200592055917, 0.0442370958626, 0.012174972333, 0.000388836517232, 1.90561991076e-06, 1.11075761922e-08, 2.27130900893e-11, 3.83315983121e-11],
        "dvar2": [0.000250179931754, 0.056580260396, 6.84608745575, 50.3169212341, 136.859146118, 83.611076355, 437.504669189, 120.409942627, 446.628845215, 3210.10449219, 5081.79394531, 19284.9414062, 7478.37548828, 16102.3623047, 8706.24414062, 9125.97167969, 9960.42578125, 7758.41650391, 6447.04052734, 2940.62646484, 2559.70800781, 2087.43701172, 772.58392334, 92.8505935669, 361.39175415, 100.588394165, 35.5235061646, 28.6050300598, 80.868812561, 67.2724685669, 4.12784194946, 2.1946978569, 0.396999835968, 0.0989663228393, 0.0249750427902, 0.000892138166819, 4.89870308229e-06, 3.1106761611e-08, 5.49575558673e-11, 9.59130067035e-11],
        "max": [0.38016808033, 5.85720205307, 29.8836135864, 52.4031906128, 93.830116272, 71.596862793, 196.600036621, 158.840316772, 211.837738037, 512.57989502, 679.563659668, 2662.51367188, 1682.55187988, 2068.59375, 1139.65966797, 947.151428223, 1495.39477539, 1679.86901855, 831.108459473, 735.64440918, 890.200927734, 546.562805176, 407.005859375, 130.24786377, 166.601226807, 105.852584839, 75.0297317505, 99.5064468384, 139.746322632, 76.032875061, 19.1793632507, 23.2654457092, 12.063249588, 4.19016361237, 2.40868163109, 0.445295333862, 0.0242785178125, 0.00154863472562, 9.60881588981e-05, 0.000128728846903],
        "mean": [0.0109485946596, 0.256738215685, 2.33256268501, 7.40756416321, 16.2088184357, 10.9821119308, 21.7952404022, 15.5463695526, 20.8994235992, 31.2594470978, 48.9281806946, 41.7732086182, 44.4566078186, 53.0886688232, 57.8726501465, 51.7299537659, 50.1034011841, 43.5194892883, 45.1007652283, 26.3158740997, 21.9333457947, 27.3377685547, 13.2177400589, 6.80894422531, 11.9517278671, 6.6196937561, 3.06004238129, 3.58551239967, 6.98778581619, 5.91367292404, 1.5204833746, 0.853476345539, 0.393619596958, 0.168890163302, 0.106061972678, 0.0131276454777, 0.000810856639873, 6.45891122986e-05, 1.80630413524e-05, 3.28523819917e-05],
        "median": [0.00294069759548, 0.0608033388853, 1.05589270592, 4.46023845673, 7.6331205368, 7.48778581619, 13.1174516678, 7.76227140427, 10.8483514786, 12.7525568008, 23.6236820221, 15.2494621277, 18.0406188965, 21.3707466125, 23.7036037445, 19.083896637, 16.4514198303, 15.8034219742, 17.8732051849, 10.4713544846, 6.21495056152, 7.95162391663, 5.58042573929, 2.92055940628, 5.29367399216, 3.58766126633, 1.60801768303, 1.73214292526, 2.81548142433, 2.55893802643, 0.6334810853, 0.284483402967, 0.148357063532, 0.0494300611317, 0.0373729392886, 0.00456390948966, 0.000303212902509, 2.70564123639e-05, 1.53873606905e-05, 2.91474407277e-05],
        "min": [2.01177403264e-22, 1.636725274e-21, 1.79418657569e-20, 7.394897741e-20, 2.0393539589e-19, 1.18811712468e-19, 1.17992273749e-19, 2.68322217118e-19, 3.0149094476e-19, 9.07269066641e-19, 7.15422204545e-19, 1.00396368851e-18, 1.46408745374e-18, 1.52389426639e-18, 2.35528533166e-18, 1.60374108034e-18, 6.34726372413e-18, 4.37790798586e-18, 3.80278502238e-18, 3.79246635783e-18, 5.98496316532e-18, 7.56906160125e-18, 1.33433679207e-17, 9.99862175485e-18, 9.891490285e-18, 1.67229747864e-17, 1.45893236076e-17, 1.34936550575e-17, 1.38098514641e-17, 1.65171457802e-17, 1.51285328705e-17, 1.62350589933e-17, 1.87557645243e-17, 1.17801140227e-17, 6.80543947901e-18, 4.69889335461e-18, 3.2508427616e-18, 1.41726003548e-18, 3.4184763928e-19, 3.5092200447e-20],
        "stdev": [0.0290415827185, 0.534148037434, 3.17748832703, 7.50601577759, 17.33801651, 10.345240593, 23.9083099365, 21.7941322327, 26.3149013519, 50.7887954712, 74.5102233887, 148.499435425, 101.577987671, 103.540168762, 99.3254776001, 88.8542709351, 113.755821228, 106.39251709, 71.0660476685, 53.3414039612, 46.1240882874, 48.4032211304, 28.2586917877, 11.1764669418, 18.8124465942, 9.02324771881, 5.1295042038, 6.65302848816, 12.1217298508, 8.96778583527, 2.54176306725, 1.90229594707, 0.879132568836, 0.365880221128, 0.188178017735, 0.0274999570101, 0.00162858283147, 0.00011857010395, 1.11824438136e-05, 1.76297016878e-05],
        "var": [0.000843413523398, 0.285314112902, 10.0964326859, 56.3402748108, 300.606811523, 107.024002075, 571.60723877, 474.984161377, 692.473999023, 2579.50170898, 5551.77392578, 22052.0839844, 10318.0869141, 10720.5664062, 9865.55078125, 7895.08154297, 12940.3867188, 11319.3681641, 5050.38330078, 2845.30517578, 2127.43139648, 2342.87182617, 798.553710938, 124.913406372, 353.908172607, 81.4189910889, 26.3118114471, 44.2627868652, 146.936340332, 80.4211883545, 6.46055936813, 3.61873006821, 0.772874116898, 0.133868336678, 0.0354109667242, 0.000756247609388, 2.65228186436e-06, 1.4058869624e-08, 1.25047056043e-10, 3.10806380632e-10]
    },
    "gfcc": {
        "mean": [-11.0665235519, 125.570625305, -144.463104248, 28.9316749573, -77.8879852295, 15.2234830856, -41.1100997925, -11.1098432541, -23.3158779144, -13.1951789856, -17.5122680664, -12.3978023529, -9.61819171906],
        "cov": [[3924.56665039, -329.323974609, -726.19329834, -14.5412750244, -219.920394897, -10.6988382339, -215.917251587, 106.004135132, -82.4625549316, -17.405954361, -108.849441528, -59.5501365662, -161.45753479], [-329.323974609, 630.483703613, 100.452346802, -115.932617188, 153.957839966, -52.4419708252, 103.71572876, -48.1403770447, 39.2664604187, -43.7618141174, 96.6756668091, -2.67065930367, 78.0926895142], [-726.19329834, 100.452346802, 535.654968262, 145.353973389, -12.3138961792, 199.040313721, 107.428916931, -15.0149850845, 23.1986503601, 76.5541229248, 0.616267263889, 15.6047430038, 36.0433044434], [-14.5412750244, -115.932617188, 145.353973389, 312.246734619, 33.4760131836, 11.752986908, -26.3573360443, 40.6371421814, 51.5439872742, 38.4962348938, -10.8017854691, 13.3003358841, 22.4416904449], [-219.920394897, 153.957839966, -12.3138961792, 33.4760131836, 207.076629639, -32.9608612061, 30.8516197205, 29.0669631958, 28.7743854523, -0.750548839569, 36.5372009277, -10.793548584, 14.1609783173], [-10.6988382339, -52.4419708252, 199.040313721, 11.752986908, -32.9608612061, 270.743499756, 95.4125900269, -4.98146390915, -23.3768215179, 61.948223114, -15.7680807114, -35.5265464783, -20.7173309326], [-215.917251587, 103.71572876, 107.428916931, -26.3573360443, 30.8516197205, 95.4125900269, 154.900115967, 28.3357124329, -30.5317058563, -2.36095142365, 37.5283317566, -20.4734020233, -20.6428985596], [106.004135132, -48.1403770447, -15.0149850845, 40.6371421814, 29.0669631958, -4.98146390915, 28.3357124329, 97.8355484009, 13.4053153992, 3.18734073639, 10.4065551758, 0.947738587856, -15.3908567429], [-82.4625549316, 39.2664604187, 23.1986503601, 51.5439872742, 28.7743854523, -23.3768215179, -30.5317058563, 13.4053153992, 114.52217865, 19.9046783447, -13.1662578583, 12.0796489716, 31.7406692505], [-17.405954361, -43.7618141174, 76.5541229248, 38.4962348938, -0.750548839569, 61.948223114, -2.36095142365, 3.18734073639, 19.9046783447, 98.1298065186, 9.42309474945, -5.37311506271, 1.25214660168], [-108.849441528, 96.6756668091, 0.616267263889, -10.8017854691, 36.5372009277, -15.7680807114, 37.5283317566, 10.4065551758, -13.1662578583, 9.42309474945, 87.6909332275, 9.77118778229, 2.72270011902], [-59.5501365662, -2.67065930367, 15.6047430038, 13.3003358841, -10.793548584, -35.5265464783, -20.4734020233, 0.947738587856, 12.0796489716, -5.37311506271, 9.77118778229, 84.268661499, 44.2663459778], [-161.45753479, 78.0926895142, 36.0433044434, 22.4416904449, 14.1609783173, -20.7173309326, -20.6428985596, -15.3908567429, 31.7406692505, 1.25214660168, 2.72270011902, 44.2663459778, 94.7113265991]],
        "icov": [[0.000999882700853, -0.00225264718756, 0.00268575525843, -0.00183007540181, 0.00200688652694, -0.0022956833709, 0.00206790911034, -0.00233786087483, 0.0015828962205, -0.00125296239275, 0.00209602504037, -0.00156576896552, 0.00239968276583], [-0.00225264718756, 0.0105334604159, -0.00812846794724, 0.00684960372746, -0.00722711719573, 0.00731087708846, -0.00732021592557, 0.00827310327441, -0.00636347243562, 0.00548349507153, -0.00903171766549, 0.00672373734415, -0.00944911595434], [0.00268575525843, -0.00812846794724, 0.0121035361663, -0.00794756039977, 0.00690362369642, -0.00857088249177, 0.00322425132617, -0.00527326669544, 0.00455316901207, -0.00591177120805, 0.00792615767568, -0.00687740091234, 0.00703530572355], [-0.00183007540181, 0.00684960372746, -0.00794756039977, 0.00961849279702, -0.00582798430696, 0.00549917388707, -0.0024493036326, 0.00294962897897, -0.0047531593591, 0.00336288637482, -0.00587786128744, 0.00483676185831, -0.00654549058527], [0.00200688652694, -0.00722711719573, 0.00690362369642, -0.00582798430696, 0.0117295403033, -0.00459334952757, 0.00343935657293, -0.00687939021736, 0.00301049207337, -0.00390216615051, 0.00432151043788, -0.00256342277862, 0.00512362690642], [-0.0022956833709, 0.00731087708846, -0.00857088249177, 0.00549917388707, -0.00459334952757, 0.0144280670211, -0.010542312637, 0.00724778417498, -0.00337598077022, -0.000821758818347, -0.00295710586943, 0.00672377087176, -0.00717534869909], [0.00206790911034, -0.00732021592557, 0.00322425132617, -0.0024493036326, 0.00343935657293, -0.010542312637, 0.0215432867408, -0.0117740174755, 0.00634644320235, 0.00160068226978, -1.47725486386e-05, -0.00259670685045, 0.00794225465506], [-0.00233786087483, 0.00827310327441, -0.00527326669544, 0.00294962897897, -0.00687939021736, 0.00724778417498, -0.0117740174755, 0.021515564993, -0.00752952508628, 0.00297771650366, -0.00656595500186, 0.0025813546963, -0.00448861252517], [0.0015828962205, -0.00636347243562, 0.00455316901207, -0.0047531593591, 0.00301049207337, -0.00337598077022, 0.00634644320235, -0.00752952508628, 0.0160570051521, -0.00594171695411, 0.00803912151605, -0.00345610594377, 0.00239147781394], [-0.00125296239275, 0.00548349507153, -0.00591177120805, 0.00336288637482, -0.00390216615051, -0.000821758818347, 0.00160068226978, 0.00297771650366, -0.00594171695411, 0.0186148155481, -0.00999679137021, 0.00473953271285, -0.00415052706376], [0.00209602504037, -0.00903171766549, 0.00792615767568, -0.00587786128744, 0.00432151043788, -0.00295710586943, -1.47725486386e-05, -0.00656595500186, 0.00803912151605, -0.00999679137021, 0.0246472395957, -0.00873745046556, 0.0078464942053], [-0.00156576896552, 0.00672373734415, -0.00687740091234, 0.00483676185831, -0.00256342277862, 0.00672377087176, -0.00259670685045, 0.0025813546963, -0.00345610594377, 0.00473953271285, -0.00873745046556, 0.0226351246238, -0.014266891405], [0.00239968276583, -0.00944911595434, 0.00703530572355, -0.00654549058527, 0.00512362690642, -0.00717534869909, 0.00794225465506, -0.00448861252517, 0.00239147781394, -0.00415052706376, 0.0078464942053, -0.014266891405, 0.025675887242]]
    },
    "melbands": {
        "dmean": [5.83321525482e-05, 0.000370207708329, 0.000514762999956, 0.000327992253006, 0.000270577031188, 0.000113079484436, 0.000141592958244, 0.000185364711797, 0.000198825888219, 0.000125242382637, 0.000101809739135, 0.000101384481241, 9.44391649682e-05, 6.61581434542e-05, 4.35851907241e-05, 7.69214020693e-05, 3.83849146601e-05, 4.26255355706e-05, 2.87445182039e-05, 1.70980947587e-05, 1.3806622519e-05, 1.52079092004e-05, 1.289476495e-05, 3.33440721079e-06, 2.61120021605e-06, 3.99021018893e-06, 4.79220852867e-06, 1.61510865837e-06, 8.1877874436e-07, 1.47584728438e-06, 9.06009063328e-07, 1.49944628447e-06, 2.68446433438e-06, 1.12159830223e-06, 4.32981750009e-07, 2.91249364182e-07, 2.23074266614e-07, 1.36690729846e-07, 9.38034503406e-08, 6.68654180913e-08],
        "dmean2": [8.91655799933e-05, 0.000599815452006, 0.000842262466904, 0.000537385232747, 0.000414191570599, 0.000175409455551, 0.000227920652833, 0.000312073010718, 0.000312609452521, 0.000205485150218, 0.000160049661645, 0.00016463486827, 0.000148869556142, 0.00010578281217, 6.96401839377e-05, 0.00011808299314, 6.1088372604e-05, 6.81764722685e-05, 4.59519760625e-05, 2.89952185994e-05, 2.2854490453e-05, 2.4819481041e-05, 2.16024691326e-05, 5.43204578207e-06, 4.16631746702e-06, 6.65367633701e-06, 7.92592163634e-06, 2.6994161999e-06, 1.38292625707e-06, 2.29636020777e-06, 1.41801058362e-06, 2.41268162426e-06, 4.33223885921e-06, 1.68593555827e-06, 6.75765704727e-07, 4.44991883342e-07, 3.34600713359e-07, 2.16411393694e-07, 1.42311805007e-07, 1.0606250811e-07],
        "dvar": [1.22923857759e-08, 3.02861678847e-07, 4.34104492797e-07, 1.694189109e-07, 1.83304223356e-07, 2.63733497263e-08, 4.12167615593e-08, 1.71008835537e-07, 1.22846429917e-07, 3.04158646713e-07, 7.99490393888e-08, 1.16306210884e-07, 5.68567877224e-08, 2.04985326491e-08, 6.95722457422e-09, 5.01807555509e-08, 1.10403428621e-08, 6.97065249966e-09, 5.32826982536e-09, 2.70017630477e-09, 1.33988553586e-09, 1.0944714024e-09, 1.94956673027e-09, 5.72093240836e-11, 3.10782927171e-11, 8.29430898963e-11, 9.87461987179e-11, 8.78855495323e-12, 4.46041597754e-12, 1.71016256711e-11, 3.88908653545e-12, 1.18060535306e-11, 3.36730747452e-11, 4.80273416523e-12, 7.66056705917e-13, 5.60921914385e-13, 3.93482718197e-13, 1.17775499639e-13, 6.3369875482e-14, 2.95526169996e-14],
        "dvar2": [2.66354032163e-08, 9.23180493828e-07, 1.25910787574e-06, 5.05384093685e-07, 4.45551222583e-07, 6.09758217252e-08, 1.10746036341e-07, 5.00967644257e-07, 3.08841720198e-07, 8.15770306417e-07, 1.94274093701e-07, 3.28729299781e-07, 1.35487624675e-07, 5.55973116434e-08, 1.76740115876e-08, 1.03596335066e-07, 2.43611317785e-08, 1.65521871764e-08, 1.21999050862e-08, 7.29840232694e-09, 3.66559138598e-09, 2.8994981971e-09, 4.89296425599e-09, 1.41133493781e-10, 8.05272099003e-11, 2.32032976166e-10, 2.77512512969e-10, 2.39578305111e-11, 1.1531007052e-11, 3.79488523938e-11, 8.03828704987e-12, 3.09005113164e-11, 9.08066399852e-11, 1.02162965587e-11, 1.70915300142e-12, 1.1919250309e-12, 8.01127447801e-13, 2.5091043067e-13, 1.3654188728e-13, 7.16502324052e-14],
        "max": [0.00287598581053, 0.0122601995245, 0.00770267751068, 0.00544412387535, 0.00621857307851, 0.00369117013179, 0.00291071133688, 0.00631432933733, 0.00510261254385, 0.0167032331228, 0.00850153993815, 0.00942539609969, 0.00513160135597, 0.00230193673633, 0.00112018734217, 0.00424700696021, 0.00268354965374, 0.00123318925034, 0.00156409596093, 0.00129123020452, 0.000809824559838, 0.000710755353794, 0.00105702166911, 0.000117218500236, 0.000116897725093, 0.000146529098856, 0.000203104995308, 4.4891537982e-05, 4.04157653975e-05, 9.23733241507e-05, 7.15061032679e-05, 8.95622288226e-05, 9.3200331321e-05, 4.08089836128e-05, 1.23368135974e-05, 1.52785687533e-05, 1.50085816131e-05, 1.01035566331e-05, 6.84864789946e-06, 3.06182232634e-06],
        "mean": [0.000150001709699, 0.000973303103819, 0.00152293813881, 0.000985340680927, 0.000686320476234, 0.000371252186596, 0.000332694500685, 0.000359373429092, 0.000369108747691, 0.000255621882388, 0.000215702893911, 0.000205480915611, 0.000209748992347, 0.000133100053063, 8.71023439686e-05, 0.000137428971357, 7.10429230821e-05, 7.18120791134e-05, 4.84752417833e-05, 3.01563140965e-05, 2.42575861193e-05, 2.89047784463e-05, 2.26624597417e-05, 6.02811087447e-06, 5.10092377226e-06, 7.97683969722e-06, 9.13440635486e-06, 3.0800129025e-06, 1.49762774981e-06, 2.37629546973e-06, 1.93767391465e-06, 3.50805566995e-06, 5.37713822268e-06, 2.35309516938e-06, 8.4064265593e-07, 6.12531323441e-07, 4.67775265633e-07, 2.88158219064e-07, 1.90691594071e-07, 1.21203001413e-07],
        "median": [2.93166522169e-05, 0.000497212575283, 0.00121975422371, 0.000681250880007, 0.000433630484622, 0.000211115417187, 0.000169303471921, 0.000157889255206, 0.000169715218362, 7.86283781053e-05, 8.0581929069e-05, 7.55254441174e-05, 7.90242411313e-05, 5.04927083966e-05, 3.55831507477e-05, 3.3070675272e-05, 2.37598796957e-05, 2.72791894531e-05, 1.63019340107e-05, 9.18856585486e-06, 6.20615583102e-06, 7.18142473488e-06, 6.67069980409e-06, 2.58274667431e-06, 1.9504195734e-06, 2.70616260423e-06, 3.99738019041e-06, 1.56341604907e-06, 7.55457733703e-07, 9.94064521365e-07, 8.19563467758e-07, 1.23087352222e-06, 1.98863426704e-06, 1.00447175555e-06, 3.44892384874e-07, 2.15104421386e-07, 1.46099111475e-07, 1.08562183243e-07, 5.32204644799e-08, 3.21120019464e-08],
        "min": [2.52072199502e-24, 8.10408483075e-24, 1.46004490486e-23, 1.50441738414e-23, 3.99351051393e-24, 5.64972595659e-24, 6.46806146625e-24, 8.45061722692e-24, 6.09321842991e-24, 5.97338335866e-24, 7.31850085373e-24, 6.30494120269e-24, 7.18721704416e-24, 5.6578666067e-24, 8.66178109175e-24, 1.19942064456e-23, 7.62275109424e-24, 6.03527659642e-24, 5.99141514123e-24, 4.42838902059e-24, 6.91941691064e-24, 7.54838596556e-24, 6.53882860033e-24, 1.10290430167e-23, 8.00863581666e-24, 6.51679295424e-24, 8.87152106265e-24, 1.17216778798e-23, 9.54147854134e-24, 6.2161288754e-24, 8.14533042318e-24, 7.82060056471e-24, 5.49932291969e-24, 1.11899146322e-23, 8.22928021185e-24, 8.34264662368e-24, 1.02999706683e-23, 1.23009210876e-23, 1.30541601897e-23, 8.30713526117e-24],
        "stdev": [0.000340840575518, 0.00126116664615, 0.00116629060358, 0.000904673419427, 0.000738093280233, 0.000477771071019, 0.000409541593399, 0.000594263779931, 0.000564905581996, 0.000930084148422, 0.000515415391419, 0.000447557191364, 0.000394370290451, 0.000210707439692, 0.000133987428853, 0.000386726809666, 0.000172269341419, 0.000113742316898, 0.00010636413208, 7.01945245964e-05, 5.34501450602e-05, 5.26982330484e-05, 6.55416297377e-05, 1.07962059701e-05, 9.38405355555e-06, 1.50901978486e-05, 1.47934479173e-05, 4.25902453571e-06, 2.5934457426e-06, 5.10183645019e-06, 4.15823024014e-06, 6.83231246512e-06, 9.33542469284e-06, 3.63591516361e-06, 1.41720113334e-06, 1.30149373945e-06, 1.11268639102e-06, 6.41320013983e-07, 4.57030608914e-07, 2.67077922445e-07],
        "var": [1.16172294895e-07, 1.5905412738e-06, 1.36023379582e-06, 8.18434045868e-07, 5.44781698864e-07, 2.28265193414e-07, 1.67724309108e-07, 3.53149459897e-07, 3.19118299785e-07, 8.65056506427e-07, 2.65653000042e-07, 2.00307439968e-07, 1.55527928314e-07, 4.43976269082e-08, 1.79526296051e-08, 1.49557635609e-07, 2.96767250774e-08, 1.29373143309e-08, 1.13133289403e-08, 4.92727103563e-09, 2.85691781343e-09, 2.77710388019e-09, 4.29570512495e-09, 1.16558068752e-10, 8.80604617004e-11, 2.277140837e-10, 2.18846094024e-10, 1.81392886822e-11, 6.72596136772e-12, 2.60287329884e-11, 1.72908805329e-11, 4.66804928045e-11, 8.71501620869e-11, 1.3219878317e-11, 2.00845893736e-12, 1.69388580853e-12, 1.2380710606e-12, 4.11291362296e-13, 2.0887696954e-13, 7.1330616381e-14]
    },
    "melbands128": {
