{
"lowlevel": {
    "average_loudness": 0.958022713661,
    "barkbands_crest": {
        "dmean": 2.7243206501,
        "dmean2": 4.50295639038,
        "dvar": 6.42705440521,
        "dvar2": 17.2298431396,
        "max": 23.8321971893,
        "mean": 9.8846244812,
        "median": 9.25023460388,
        "min": 2.55600333214,
        "stdev": 3.97929573059,
        "var": 15.8347940445
    },
    "barkbands_flatness_db": {
        "dmean": 0.0278226844966,
        "dmean2": 0.0415242537856,
        "dvar": 0.00107021827716,
        "dvar2": 0.00247311452404,
        "max": 0.458041042089,
        "mean": 0.138738200068,
        "median": 0.133258461952,
        "min": 0.0369012020528,
        "stdev": 0.0518973320723,
        "var": 0.00269333319739
    },
    "barkbands_kurtosis": {
        "dmean": 4.25040388107,
        "dmean2": 7.04676485062,
        "dvar": 200.768447876,
        "dvar2": 504.091766357,
        "max": 264.828308105,
        "mean": 3.82208371162,
        "median": 0.416710853577,
        "min": -1.88223743439,
        "stdev": 14.8561706543,
        "var": 220.705795288
    },
    "barkbands_skewness": {
        "dmean": 0.67233890295,
        "dmean2": 1.05756175518,
        "dvar": 1.0047249794,
        "dvar2": 2.48166441917,
        "max": 13.6727390289,
        "mean": 1.30913734436,
        "median": 1.01847290993,
        "min": -2.21770167351,
        "stdev": 1.43914496899,
        "var": 2.07113814354
    },
    "barkbands_spread": {
        "dmean": 7.96794509888,
        "dmean2": 11.7022953033,
        "dvar": 86.3960266113,
        "dvar2": 177.563735962,
        "max": 86.5533599854,
        "mean": 28.199136734,
        "median": 23.8594760895,
        "min": 0.398771971464,
        "stdev": 16.7253780365,
        "var": 279.73828125
    },
    "dissonance": {
        "dmean": 0.0161115098745,
        "dmean2": 0.0266917422414,
        "dvar": 0.000313352415105,
        "dvar2": 0.000818903034087,
        "max": 0.500000059605,
        "mean": 0.466662317514,
        "median": 0.475519448519,
        "min": 0.275668799877,
        "stdev": 0.0280277151614,
        "var": 0.000785552838352
    },
    "dynamic_complexity": 2.937458992,
    "erbbands_crest": {
        "dmean": 2.61051440239,
        "dmean2": 4.13278055191,
        "dvar": 6.01419401169,
        "dvar2": 13.4074115753,
        "max": 27.2280883789,
        "mean": 10.5258827209,
        "median": 9.04206562042,
        "min": 2.34505939484,
        "stdev": 5.10088968277,
        "var": 26.019077301
    },
    "erbbands_flatness_db": {
        "dmean": 0.0185471419245,
        "dmean2": 0.0256449766457,
        "dvar": 0.000329323287588,
        "dvar2": 0.000636366836261,
        "max": 0.291866451502,
        "mean": 0.168323352933,
        "median": 0.170840710402,
        "min": 0.0622717700899,
        "stdev": 0.0414267107844,
        "var": 0.00171617243905
    },
    "erbbands_kurtosis": {
        "dmean": 1.08071279526,
        "dmean2": 1.74370062351,
        "dvar": 2.48385167122,
        "dvar2": 6.79582643509,
        "max": 20.9164409637,
        "mean": 0.430443912745,
        "median": -0.0984213352203,
        "min": -1.86342048645,
        "stdev": 1.93738234043,
        "var": 3.75345015526
    },
    "erbbands_skewness": {
        "dmean": 0.45835891366,
        "dmean2": 0.699192285538,
        "dvar": 0.270462781191,
        "dvar2": 0.614319860935,
        "max": 4.35429096222,
        "mean": -0.0741448402405,
        "median": 0.0445141755044,
        "min": -3.26796126366,
        "stdev": 0.971970260143,
        "var": 0.944726228714
    },
    "erbbands_spread": {
        "dmean": 10.0875844955,
        "dmean2": 15.7975158691,
        "dvar": 132.065124512,
        "dvar2": 336.26449585,
        "max": 122.843002319,
        "mean": 42.3712539673,
        "median": 36.9055519104,
        "min": 7.66907930374,
        "stdev": 21.7566642761,
        "var": 473.35244751
    },
    "hfc": {
        "dmean": 7.98610877991,
        "dmean2": 10.8736038208,
        "dvar": 135.32321167,
        "dvar2": 294.444946289,
        "max": 216.096054077,
        "mean": 23.3875789642,
        "median": 21.7559547424,
        "min": 1.157821247e-16,
        "stdev": 18.821149826,
        "var": 354.235656738
    },
    "loudness_ebu128": {
        "integrated": -17.8711872101,
        "loudness_range": 2.69019699097,
        "momentary": {
            "dmean": 0.570950984955,
            "dmean2": 0.727034091949,
            "dvar": 0.308424204588,
            "dvar2": 0.452851325274,
            "max": -15.2990245819,
            "mean": -18.2718658447,
            "median": -17.8469295502,
            "min": -22.9001407623,
            "stdev": 1.94322502613,
            "var": 3.77612328529
        },
        "short_term": {
            "dmean": 0.102903738618,
            "dmean2": 0.103869408369,
            "dvar": 0.00588568719104,
            "dvar2": 0.00855723768473,
            "max": -16.0788936615,
            "mean": -17.9406147003,
            "median": -17.9548072815,
            "min": -20.6940975189,
            "stdev": 1.01282560825,
            "var": 1.02581560612
        }
    },
    "melbands_crest": {
        "dmean": 3.41599726677,
        "dmean2": 5.72715902328,
        "dvar": 9.80607223511,
        "dvar2": 26.1102199554,
        "max": 32.2587089539,
        "mean": 14.6572532654,
        "median": 14.4839220047,
        "min": 1.96637499332,
        "stdev": 5.14799022675,
        "var": 26.5018043518
    },
    "melbands_flatness_db": {
        "dmean": 0.0335734039545,
        "dmean2": 0.0505316965282,
        "dvar": 0.00167851801962,
        "dvar2": 0.00395399099216,
        "max": 0.579618811607,
        "mean": 0.183439984918,
        "median": 0.172659680247,
        "min": 0.00360553106293,
        "stdev": 0.0661649033427,
        "var": 0.00437779398635
    },
    "melbands_kurtosis": {
        "dmean": 11.0719327927,
        "dmean2": 18.1064167023,
        "dvar": 814.481018066,
        "dvar2": 2069.65698242,
        "max": 383.384124756,
        "mean": 15.782579422,
        "median": 5.33549499512,
        "min": -1.56657278538,
        "stdev": 34.3506965637,
        "var": 1179.97045898
    },
    "melbands_skewness": {
        "dmean": 0.921170055866,
        "dmean2": 1.46626341343,
        "dvar": 1.69889032841,
        "dvar2": 4.37357759476,
        "max": 14.3397436142,
        "mean": 2.68414497375,
        "median": 2.06359982491,
        "min": -0.861054837704,
        "stdev": 2.20146489143,
        "var": 4.8464474678
    },
    "melbands_spread": {
        "dmean": 10.0634155273,
        "dmean2": 15.6661539078,
        "dvar": 156.18057251,
        "dvar2": 367.459350586,
        "max": 151.620803833,
        "mean": 30.0343742371,
        "median": 26.2327766418,
        "min": 0.43570959568,
        "stdev": 19.9081325531,
        "var": 396.333770752
    },
    "pitch_salience": {
        "dmean": 0.073475420475,
        "dmean2": 0.119564928114,
        "dvar": 0.00518727814779,
        "dvar2": 0.013255272992,
        "max": 0.966126203537,
        "mean": 0.549752533436,
        "median": 0.559504806995,
        "min": 0.0726691260934,
        "stdev": 0.124052807689,
        "var": 0.0153890987858
    },
    "silence_rate_20dB": {
        "dmean": 0,
        "dmean2": 0,
        "dvar": 0,
        "dvar2": 0,
        "max": 1,
        "mean": 1,
        "median": 1,
        "min": 1,
        "stdev": 0,
        "var": 0
    },
    "silence_rate_30dB": {
        "dmean": 0.0092783505097,
        "dmean2": 0.0185662712902,
        "dvar": 0.00919221527874,
        "dvar2": 0.0233786292374,
        "max": 1,
        "mean": 0.993302404881,
        "median": 1,
        "min": 0,
        "stdev": 0.0815640315413,
        "var": 0.00665269140154
    },
    "silence_rate_60dB": {
        "dmean": 0.0221649482846,
        "dmean2": 0.0443527586758,
        "dvar": 0.0216739643365,
        "dvar2": 0.0475431755185,
        "max": 1,
        "mean": 0.0391550734639,
        "median": 0,
        "min": 0,
        "stdev": 0.193964466453,
        "var": 0.0376222133636
    },
    "spectral_centroid": {
        "dmean": 367.595581055,
        "dmean2": 559.927307129,
        "dvar": 207150.390625,
        "dvar2": 456788.15625,
        "max": 11259.1318359,
        "mean": 1774.24975586,
        "median": 1690.40490723,
        "min": 126.123825073,
        "stdev": 750.865478516,
        "var": 563799
    },
    "spectral_complexity": {
        "dmean": 4.79742288589,
        "dmean2": 6.71222257614,
        "dvar": 26.8420639038,
        "dvar2": 46.8910713196,
        "max": 56,
        "mean": 18.7815551758,
        "median": 18,
        "min": 0,
        "stdev": 10.3501634598,
        "var": 107.12588501
    },
    "spectral_decrease": {
        "dmean": 3.20679105492e-09,
        "dmean2": 5.57227108899e-09,
        "dvar": 5.81942141185e-17,
        "dvar2": 1.65040121373e-16,
        "max": 1.30671253202e-28,
        "mean": -5.88855408878e-09,
        "median": -5.09935293991e-09,
        "min": -6.37995896113e-08,
        "stdev": 6.49309628287e-09,
        "var": 4.21603006347e-17
    },
    "spectral_energy": {
        "dmean": 0.0126636317,
        "dmean2": 0.0217728465796,
        "dvar": 0.000853088626172,
        "dvar2": 0.00241263327189,
        "max": 0.244632065296,
        "mean": 0.0243460405618,
        "median": 0.0217409003526,
        "min": 1.05693972121e-20,
        "stdev": 0.0253716465086,
        "var": 0.000643720442895
    },
    "spectral_energyband_high": {
        "dmean": 0.000511472637299,
        "dmean2": 0.000655458192341,
        "dvar": 6.86569364916e-07,
        "dvar2": 1.27945952499e-06,
        "max": 0.0149815352634,
        "mean": 0.000985317514278,
        "median": 0.000509894627612,
        "min": 7.79765634333e-21,
        "stdev": 0.00127367093228,
        "var": 1.62223750522e-06
    },
    "spectral_energyband_low": {
        "dmean": 0.00829032622278,
        "dmean2": 0.0152395600453,
        "dvar": 0.000718594470527,
        "dvar2": 0.00206489837728,
        "max": 0.220416218042,
        "mean": 0.00766711030155,
        "median": 0.00342076108791,
        "min": 7.72565689492e-23,
        "stdev": 0.0204797480255,
        "var": 0.000419420044636
    },
    "spectral_energyband_middle_high": {
        "dmean": 0.00185137917288,
        "dmean2": 0.00264284666628,
        "dvar": 7.02397437635e-06,
        "dvar2": 1.46847651195e-05,
        "max": 0.0373615249991,
        "mean": 0.00612583337352,
        "median": 0.00421863561496,
        "min": 1.28700569045e-21,
        "stdev": 0.00605155620724,
        "var": 3.66213353118e-05
    },
    "spectral_energyband_middle_low": {
        "dmean": 0.00496848206967,
        "dmean2": 0.00828423909843,
        "dvar": 0.000103348022094,
        "dvar2": 0.000280937674688,
        "max": 0.117857724428,
        "mean": 0.0107827512547,
        "median": 0.0072077261284,
        "min": 3.02682319506e-22,
        "stdev": 0.0111184855923,
        "var": 0.000123620717204
    },
    "spectral_entropy": {
        "dmean": 0.179802447557,
        "dmean2": 0.254830032587,
        "dvar": 0.0401229932904,
        "dvar2": 0.0859540775418,
        "max": 9.80715656281,
        "mean": 7.53248500824,
        "median": 7.53497123718,
        "min": 5.58852910995,
        "stdev": 0.366392493248,
        "var": 0.134243458509
    },
    "spectral_flux": {
        "dmean": 0.0372065007687,
        "dmean2": 0.0588064193726,
        "dvar": 0.00299095595255,
        "dvar2": 0.0057411021553,
        "max": 0.442341804504,
        "mean": 0.0870266035199,
        "median": 0.0687004551291,
        "min": 6.80328918201e-11,
        "stdev": 0.0678338706493,
        "var": 0.00460143433884
    },
    "spectral_kurtosis": {
        "dmean": 1.50186276436,
        "dmean2": 2.55234384537,
        "dvar": 3.20456767082,
        "dvar2": 8.65360927582,
        "max": 19.6289634705,
        "mean": 3.62931489944,
        "median": 3.13159942627,
        "min": -1.21194458008,
        "stdev": 2.15554118156,
        "var": 4.64635753632
    },
    "spectral_rms": {
        "dmean": 0.00104065379128,
        "dmean2": 0.00167519052047,
        "dvar": 3.16697446578e-06,
        "dvar2": 8.45782687975e-06,
        "max": 0.0154488002881,
        "mean": 0.00443936465308,
        "median": 0.0046055004932,
        "min": 3.21116917779e-12,
        "stdev": 0.00201104697771,
        "var": 4.04431011702e-06
    },
    "spectral_rolloff": {
        "dmean": 701.628845215,
        "dmean2": 1134.08691406,
        "dvar": 1108027.75,
        "dvar2": 2119347.5,
        "max": 19013.8183594,
        "mean": 2039.76135254,
        "median": 1593.45703125,
        "min": 86.1328125,
        "stdev": 1661.76586914,
        "var": 2761466
    },
    "spectral_skewness": {
        "dmean": 0.205956980586,
        "dmean2": 0.329505056143,
        "dvar": 0.0484040640295,
        "dvar2": 0.119826555252,
        "max": 3.0245206356,
        "mean": 1.20897066593,
        "median": 1.18596148491,
        "min": 0.00308732269332,
        "stdev": 0.34449955821,
        "var": 0.118679955602
    },
    "spectral_spread": {
        "dmean": 535900.9375,
        "dmean2": 756054.875,
        "dvar": 952357224448,
        "dvar2": 1.47679490867e+12,
        "max": 41376144,
        "mean": 4224102.5,
        "median": 3804662.25,
        "min": 1877621,
        "stdev": 1835358.75,
        "var": 3.36854174925e+12
    },
    "spectral_strongpeak": {
        "dmean": 0.616584122181,
        "dmean2": 1.0549441576,
        "dvar": 0.927786648273,
        "dvar2": 2.34128856659,
        "max": 8.83325767517,
        "mean": 1.37862801552,
        "median": 0.499425381422,
        "min": 0,
        "stdev": 1.5295586586,
        "var": 2.33954977989
    },
    "zerocrossingrate": {
        "dmean": 0.0133129628375,
        "dmean2": 0.0142022101209,
        "dvar": 0.00029819124029,
        "dvar2": 0.00041431558202,
        "max": 0.505859375,
        "mean": 0.0700878575444,
        "median": 0.0615234375,
        "min": 0.005859375,
        "stdev": 0.0392710901797,
        "var": 0.00154221861158
    },
    "barkbands": {
        "dmean": [8.34571037558e-05, 0.00435354700312, 0.00334081659093, 0.00186586542986, 0.000764100055676, 0.00119529443327, 0.00109556526877, 0.0012691130396, 0.000593618373387, 0.00030756383785, 0.000268071336905, 0.0005649838713, 0.000542753492482, 0.000322075764416, 0.000258770800428, 0.000278968305793, 0.000178710455657, 0.000219123685383, 0.000436748145148, 0.000327698944602, 0.000105481944047, 8.29837081255e-05, 0.000102424004581, 7.49865648686e-05, 4.37941562268e-05, 3.80449455406e-05, 2.46974013862e-06],
        "dmean2": [0.000134976857225, 0.00810796022415, 0.00616616616026, 0.00339562003501, 0.00130717211869, 0.00205734628253, 0.0018585199723, 0.00197002268396, 0.000877339800354, 0.00048879039241, 0.000410937384004, 0.000854805461131, 0.000833771598991, 0.000510729791131, 0.000398870412027, 0.000432578031905, 0.00028303131694, 0.000340524973581, 0.000657608848996, 0.000484966556542, 0.00015253519814, 0.000121494005725, 0.000144370962516, 0.000106480707473, 6.19413840468e-05, 5.54258622287e-05, 4.07064135288e-06],
        "dvar": [8.32456947819e-08, 0.000249232718488, 0.000101709512819, 1.25914575619e-05, 1.71627152667e-06, 2.05890864891e-05, 1.51188796735e-05, 6.47068418402e-06, 2.26599604503e-06, 5.29082626599e-07, 5.45769978544e-07, 2.04186972041e-06, 1.37675419865e-06, 4.78096751522e-07, 2.44211406653e-07, 3.55082732995e-07, 7.03387499357e-08, 1.19999725712e-07, 6.71819009312e-07, 3.81397512683e-07, 3.09347889527e-08, 2.07308499256e-08, 3.28935101379e-08, 1.84363599942e-08, 1.01303019306e-08, 1.1240558706e-08, 7.04636418658e-11],
        "dvar2": [2.17088299337e-07, 0.000712220731657, 0.000296509970212, 3.69169756596e-05, 4.79400796394e-06, 5.82505635975e-05, 4.00971875933e-05, 1.37935630846e-05, 4.39557925347e-06, 1.21974699141e-06, 1.15959358027e-06, 4.03588182962e-06, 2.9159452879e-06, 1.02099727428e-06, 5.54538644337e-07, 7.88590966749e-07, 1.71400259319e-07, 2.7489443255e-07, 1.6872515971e-06, 8.47517810598e-07, 6.4811167988e-08, 4.34407283478e-08, 6.21216855734e-08, 3.58147254076e-08, 2.06762535981e-08, 2.46744527033e-08, 1.7369629346e-10],
        "max": [0.00385043164715, 0.130104064941, 0.0814075171947, 0.0378997474909, 0.0187954623252, 0.0508819408715, 0.0511526316404, 0.042384237051, 0.0231741480529, 0.0127834212035, 0.0162307880819, 0.0213293042034, 0.0171534456313, 0.0130912661552, 0.00824871566147, 0.0122975576669, 0.00345020345412, 0.00606533652171, 0.0153867891058, 0.0103967906907, 0.00253958650865, 0.00184817006811, 0.0038493713364, 0.00207797298208, 0.00117576529738, 0.0012867229525, 0.000119317155622],
        "mean": [7.6085634646e-05, 0.00328330788761, 0.00319527322426, 0.00215361942537, 0.00116408511531, 0.00139140954707, 0.0011356723262, 0.00362524227239, 0.00108206376899, 0.000467320351163, 0.000400730874389, 0.00110142154153, 0.00101634685416, 0.000544951821212, 0.00042450838373, 0.000500476686284, 0.000340846047038, 0.000423522695201, 0.000772201630753, 0.000495858606882, 0.000178628426511, 0.000146775928442, 0.000185060853255, 0.000121742617921, 6.67154818075e-05, 4.99209163536e-05, 2.29413672059e-06],
        "median": [4.0720724428e-06, 0.000938163313549, 0.00113360153046, 0.00131902238354, 0.000833831203636, 0.000416072638473, 0.000153790169861, 0.000254610582488, 0.000133023859235, 0.000109105123556, 6.76647759974e-05, 0.000113885449537, 0.000151338768774, 0.000134286048706, 0.000143437835504, 0.000220597663429, 0.000209395206184, 0.000254910235526, 0.00048176155542, 0.000239160508499, 8.93196920515e-05, 6.46108892397e-05, 8.10430792626e-05, 3.59348559869e-05, 1.14258937174e-05, 2.89553963739e-06, 2.17933191493e-08],
        "min": [2.40979919818e-23, 1.50759712468e-23, 3.35714312701e-24, 1.55333527996e-23, 3.02802396757e-23, 3.62992105172e-23, 4.74257054658e-23, 4.38516796269e-23, 3.8424203003e-23, 4.14805088962e-23, 1.18224832594e-23, 6.18909405998e-23, 8.95802802283e-23, 9.30410571957e-23, 9.08360395043e-23, 1.16896867302e-22, 1.57374342712e-22, 2.20203466121e-22, 1.88379327835e-22, 2.1311265419e-22, 3.25091850961e-22, 5.47181641278e-22, 5.10521343881e-22, 7.55005216601e-22, 1.13884292071e-21, 1.89332251613e-21, 2.49527998285e-21],
        "stdev": [0.00027137316647, 0.0119839310646, 0.00768204871565, 0.00310455728322, 0.00129635853227, 0.00383287132718, 0.00344362296164, 0.00609917426482, 0.00256159785204, 0.00110800762195, 0.0011401202064, 0.00278356135823, 0.00193181121722, 0.00102727639023, 0.000750697916374, 0.000933562638238, 0.000403495097999, 0.00052195135504, 0.000979527481832, 0.000747286947444, 0.000247336603934, 0.000209385834751, 0.000274763966445, 0.000199934656848, 0.000138412418892, 0.000129730295157, 8.28183510748e-06],
        "var": [7.36433989346e-08, 0.00014361461217, 5.90138697589e-05, 9.63827642408e-06, 1.68054543792e-06, 1.46909032992e-05, 1.1858538528e-05, 3.71999267372e-05, 6.56178372083e-06, 1.22768096844e-06, 1.29987404307e-06, 7.74821364757e-06, 3.73189459424e-06, 1.0552968206e-06, 5.63547359889e-07, 8.71539214131e-07, 1.62808291293e-07, 2.72433226201e-07, 9.59474164119e-07, 5.58437818654e-07, 6.11753918633e-08, 4.38424265781e-08, 7.54952296234e-08, 3.99738695478e-08, 1.91579960784e-08, 1.68299507664e-08, 6.85887943663e-11]
    },
    "erbbands": {
        "dmean": [0.0913979932666, 1.10684156418, 3.62543272972, 5.27485847473, 3.90624690056, 2.2427945137, 6.25038480759, 10.8610601425, 11.8621816635, 21.6896972656, 29.9099369049, 15.3260850906, 10.3041372299, 9.11822605133, 11.8906078339, 24.2872657776, 22.5808525085, 18.0588665009, 12.2048063278, 13.6933574677, 10.8793201447, 9.65060710907, 11.3132915497, 15.6480426788, 22.8549861908, 16.7490844727, 6.90988397598, 2.60696363449, 2.66338682175, 3.91344070435, 2.82067036629, 1.7245272398, 1.12031412125, 0.463628143072, 0.362598985434, 0.218868389726, 0.0606433786452, 0.00790099613369, 0.000233774728258, 2.07148714253e-05],
        "dmean2": [0.167251259089, 2.0801448822, 6.73187112808, 9.63060092926, 6.89965486526, 3.81963992119, 10.5246257782, 18.9987106323, 19.6544246674, 35.7331504822, 45.381072998, 22.7183761597, 15.2446165085, 14.7609138489, 17.7377090454, 36.0972595215, 33.8096809387, 28.116437912, 18.638999939, 20.8707695007, 17.0493450165, 15.1335077286, 17.7490959167, 24.0197887421, 33.780506134, 24.8560810089, 9.97235012054, 3.76889920235, 3.90821909904, 5.61134529114, 3.98184347153, 2.44904971123, 1.63731622696, 0.655399143696, 0.525046348572, 0.319862604141, 0.0896008908749, 0.0120502719656, 0.000367451662896, 3.31487426593e-05],
        "dvar": [0.115873150527, 16.0197715759, 131.480422974, 142.599761963, 49.5687332153, 13.6869297028, 368.58972168, 1753.97839355, 1100.63391113, 5872.16503906, 3911.05883789, 1723.28991699, 648.388000488, 764.03729248, 826.343933105, 3684.0859375, 2424.89941406, 1195.25488281, 642.404052734, 746.982971191, 426.76852417, 214.493453979, 373.878875732, 828.379699707, 1550.04370117, 1022.59576416, 127.705596924, 17.1241073608, 24.3116474152, 51.1121444702, 21.1213035583, 10.0690307617, 4.10281896591, 1.12701320648, 0.724655866623, 0.327210754156, 0.0323342457414, 0.000544325856026, 5.66332232665e-07, 1.38075761935e-09],
        "dvar2": [0.325040251017, 46.1522445679, 383.88494873, 413.863433838, 141.309906006, 37.808139801, 1004.22406006, 5022.54931641, 2850.34228516, 15726.1044922, 7979.09570312, 3343.45727539, 1208.17944336, 1955.31640625, 1664.03942871, 7123.98046875, 4857.26269531, 2546.74926758, 1448.79956055, 1701.28710938, 949.153930664, 541.941650391, 860.679382324, 2126.06958008, 3641.86987305, 2252.76855469, 279.664123535, 35.6655883789, 52.7950897217, 101.594520569, 41.3823394775, 20.4718742371, 8.29084682465, 2.44076395035, 1.51351416111, 0.723852694035, 0.0698444247246, 0.00121962104458, 1.33413357162e-06, 3.58362828301e-09],
        "max": [2.3862349987, 34.40782547, 98.3755722046, 121.383750916, 103.600738525, 41.6768531799, 282.460479736, 476.908294678, 376.072631836, 1103.92175293, 1081.49133301, 716.640380859, 665.747802734, 523.319213867, 827.96081543, 1032.00756836, 932.69342041, 451.203643799, 548.534118652, 535.571777344, 411.770355225, 190.646713257, 396.313079834, 594.056030273, 663.960754395, 588.518981934, 144.272384644, 44.127117157, 62.7215385437, 150.941513062, 79.3045654297, 54.4040794373, 28.9649620056, 15.8204669952, 9.35221576691, 7.62025642395, 2.3354074955, 0.250618159771, 0.00893495604396, 0.000267283554422],
        "mean": [0.0622104331851, 0.860870778561, 3.3215303421, 5.93680334091, 5.12308549881, 3.3738899231, 8.43530368805, 11.9020004272, 13.582449913, 30.0570926666, 87.3110580444, 34.0561408997, 18.4186878204, 12.610991478, 21.6491222382, 50.0633430481, 47.9816703796, 36.8870620728, 22.0105113983, 27.5366287231, 21.4677600861, 19.5863113403, 23.0065975189, 30.1470031738, 38.9940452576, 25.9399547577, 11.0880212784, 4.87720441818, 4.65786409378, 6.9237036705, 4.9981007576, 2.8064596653, 1.72045361996, 0.697740972042, 0.527870357037, 0.288079679012, 0.0801685899496, 0.00957558955997, 0.000271722092293, 3.89541019103e-05],
        "median": [0.00774611253291, 0.277377218008, 1.35708725452, 3.50245857239, 3.34290671349, 2.26935482025, 3.39797782898, 2.95498323441, 2.86849379539, 6.21048212051, 7.85060214996, 5.49277210236, 4.11291742325, 4.92485332489, 4.05465126038, 7.27130270004, 10.6429004669, 13.0260381699, 8.50348949432, 10.9754295349, 11.2858963013, 13.1943502426, 14.6045160294, 19.4964542389, 23.1816196442, 12.6710538864, 5.93598031998, 2.56531977654, 1.8503292799, 2.90224480629, 2.19311761856, 0.929518580437, 0.490319043398, 0.131196990609, 0.0746861323714, 0.0267723277211, 0.00309950043447, 0.000276827689959, 2.56207695202e-05, 3.21839725075e-05],
        "min": [1.25603710653e-21, 1.58603481404e-21, 4.60264537795e-21, 2.60451112144e-20, 5.00669968117e-20, 8.56385968913e-20, 2.72750580226e-19, 3.46182867021e-19, 6.48894446022e-19, 8.83299854031e-19, 1.09248028586e-18, 6.2688322162e-19, 1.12489914843e-18, 1.33664290958e-18, 8.68339258677e-19, 2.62560836943e-18, 3.46092326933e-18, 4.52760823799e-18, 4.25411420333e-18, 8.24104741445e-18, 4.8982496725e-18, 9.81802093017e-18, 1.0628976395e-17, 1.05948006008e-17, 7.42270688111e-18, 9.38213810639e-18, 1.24025484085e-17, 1.43265498337e-17, 1.94417172821e-17, 1.48018229983e-17, 1.37148820308e-17, 1.57866212222e-17, 1.18551690827e-17, 1.16084062167e-17, 9.06437005663e-18, 6.25946925545e-18, 3.38520646478e-18, 1.35789659164e-18, 3.3564401733e-19, 3.59396372911e-20],
        "stdev": [0.266220718622, 2.99869203568, 8.60040473938, 9.74558353424, 6.56949043274, 3.95961594582, 17.6783256531, 35.0548782349, 32.4704933167, 76.4059677124, 156.663223267, 73.3085098267, 48.311000824, 29.0960140228, 52.6457481384, 119.925262451, 89.5251693726, 58.2602729797, 35.2040023804, 48.9382514954, 33.3611297607, 21.549823761, 28.2039756775, 37.2227249146, 49.3019599915, 38.9510002136, 14.7506399155, 6.19789981842, 6.99459171295, 10.3647317886, 7.07960939407, 4.53917360306, 2.90120887756, 1.43764781952, 1.13809764385, 0.697723388672, 0.219562441111, 0.027431178838, 0.000807170115877, 3.88581574953e-05],
        "var": [0.0708734691143, 8.9921541214, 73.9669647217, 94.9764022827, 43.1582069397, 15.6785593033, 312.523193359, 1228.84448242, 1054.33288574, 5837.87158203, 24543.3632812, 5374.13769531, 2333.95263672, 846.57800293, 2771.57470703, 14382.0683594, 8014.75537109, 3394.25952148, 1239.32189941, 2394.95263672, 1112.96496582, 464.394866943, 795.464294434, 1385.53125, 2430.68334961, 1517.18041992, 217.581375122, 38.4139633179, 48.9243125916, 107.42767334, 50.1208724976, 20.6040973663, 8.41701316833, 2.06683135033, 1.29526627064, 0.486817926168, 0.0482076667249, 0.000752469582949, 6.51523635042e-07, 1.50995649317e-09]
    },
    "gfcc": {
        "mean": [-8.44868373871, 85.5179748535, -130.757675171, 51.0419502258, -58.3848419189, 11.8472175598, -39.8367805481, 9.83530902863, -26.556230545, -2.41397595406, -11.9279346466, -11.8169660568, -19.6853923798],
        "cov": [[6891.64404297, -1134.83154297, -628.867126465, -663.063598633, -554.540039062, 94.8961257935, -194.484893799, 126.596748352, -5.21761798859, 440.673370361, -195.874725342, 240.376907349, -407.00692749], [-1134.83154297, 1604.17993164, -466.162628174, 15.4964675903, 287.500976562, -49.1976470947, 192.174316406, -147.878295898, 127.857696533, -250.019714355, 227.148666382, -252.543869019, 214.942962646], [-628.867126465, -466.162628174, 994.176696777, 364.665496826, 22.0721702576, 17.161775589, -21.4362869263, 95.9221191406, -72.661277771, 50.6217956543, -125.864524841, 54.5318031311, -12.1299781799], [-663.063598633, 15.4964675903, 364.665496826, 722.2265625, 245.898468018, 41.2874794006, -14.3783407211, 53.7571754456, -99.7172927856, -173.621948242, 41.2749710083, -65.3499908447, 80.2908096313], [-554.540039062, 287.500976562, 22.0721702576, 245.898468018, 319.184844971, 61.8475074768, 56.8039360046, -26.5433330536, -20.4117469788, -106.961227417, 65.2564315796, -35.3864593506, 71.2025222778], [94.8961257935, -49.1976470947, 17.161775589, 41.2874794006, 61.8475074768, 132.576522827, 32.1410102844, 0.25176820159, -12.9706926346, 6.81292772293, 9.63844680786, 15.6050901413, -6.92690324783], [-194.484893799, 192.174316406, -21.4362869263, -14.3783407211, 56.8039360046, 32.1410102844, 111.536125183, 2.78019833565, 38.5323982239, -16.7662830353, 18.5657062531, -33.2313117981, 19.1834030151], [126.596748352, -147.878295898, 95.9221191406, 53.7571754456, -26.5433330536, 0.25176820159, 2.78019833565, 115.230857849, 22.0855178833, 10.4293146133, -29.7960548401, -5.56100606918, -32.6836357117], [-5.21761798859, 127.857696533, -72.661277771, -99.7172927856, -20.4117469788, -12.9706926346, 38.5323982239, 22.0855178833, 125.722923279, 39.8245620728, 0.085945777595, -36.8533935547, -24.4104824066], [440.673370361, -250.019714355, 50.6217956543, -173.621948242, -106.961227417, 6.81292772293, -16.7662830353, 10.4293146133, 39.8245620728, 165.241958618, -37.1771469116, 59.7804985046, -65.572769165], [-195.874725342, 227.148666382, -125.864524841, 41.2749710083, 65.2564315796, 9.63844680786, 18.5657062531, -29.7960548401, 0.085945777595, -37.1771469116, 121.936790466, -15.2056255341, 46.1359901428], [240.376907349, -252.543869019, 54.5318031311, -65.3499908447, -35.3864593506, 15.6050901413, -33.2313117981, -5.56100606918, -36.8533935547, 59.7804985046, -15.2056255341, 139.059432983, -3.86178445816], [-407.00692749, 214.942962646, -12.1299781799, 80.2908096313, 71.2025222778, -6.92690324783, 19.1834030151, -32.6836357117, -24.4104824066, -65.572769165, 46.1359901428, -3.86178445816, 123.095184326]],
        "icov": [[0.000284443289274, -0.000196098757442, 0.000389959546737, -0.000215973137529, 0.000277653889498, -0.000305462512188, 0.000224123505177, -0.000478172063595, 0.000539595086593, -0.000781669688877, 0.000500558118802, -0.000412081892136, 0.000612601521425], [-0.000196098757442, 0.00326163135469, -0.000330218550516, 0.00121050165035, -0.00132209702861, 0.00132616178598, -0.00206809863448, 0.0026857254561, -0.00299730035476, 0.00311915017664, -0.00304973684251, 0.00353747839108, -0.00296982610598], [0.000389959546737, -0.000330218550516, 0.00257925246842, -0.00187697308138, 0.000506501412019, 3.32179552061e-05, -0.000627325905953, -0.00123167573474, 0.00157525460236, -0.00314253079705, 0.00281670270488, -0.00115460436791, 0.000370501540601], [-0.000215973137529, 0.00121050165035, -0.00187697308138, 0.00470459926873, -0.00259192753583, -0.000233847415075, 0.00152473628987, -0.000934292911552, -3.40795049851e-05, 0.00399306695908, -0.00290966918692, 0.00311933155172, -0.00177226797678], [0.000277653889498, -0.00132209702861, 0.000506501412019, -0.00259192753583, 0.00706120859832, -0.00260074180551, -0.00135505315848, 0.000700036238413, 0.00014792237198, 0.000269988988293, 0.000488161022076, -0.00249923905358, 0.00104519992601], [-0.000305462512188, 0.00132616178598, 3.32179552061e-05, -0.000233847415075, -0.00260074180551, 0.0109344124794, -0.0048204800114, 0.0012531154789, 0.000708476407453, -0.000484366813907, -0.00161982397549, 5.62623936275e-05, 0.000525099516381], [0.000224123505177, -0.00206809863448, -0.000627325905953, 0.00152473628987, -0.00135505315848, -0.0048204800114, 0.0157656334341, -0.00322467065416, -0.00181646482088, -0.000518145388924, 0.00107146822847, 0.000497876782902, -0.00052688102005], [-0.000478172063595, 0.0026857254561, -0.00123167573474, -0.000934292911552, 0.000700036238413, 0.0012531154789, -0.00322467065416, 0.0148958591744, -0.0064508812502, 0.00444348622113, -0.00149991200306, 0.00182809727266, 4.78236506751e-05], [0.000539595086593, -0.00299730035476, 0.00157525460236, -3.40795049851e-05, 0.00014792237198, 0.000708476407453, -0.00181646482088, -0.0064508812502, 0.0174665320665, -0.00878510437906, 0.0027707926929, 0.00106198200956, 0.00349863548763], [-0.000781669688877, 0.00311915017664, -0.00314253079705, 0.00399306695908, 0.000269988988293, -0.000484366813907, -0.000518145388924, 0.00444348622113, -0.00878510437906, 0.0194288026541, -0.00500934990123, -0.000910300877877, 0.000588389113545], [0.000500558118802, -0.00304973684251, 0.00281670270488, -0.00290966918692, 0.000488161022076, -0.00161982397549, 0.00107146822847, -0.00149991200306, 0.0027707926929, -0.00500934990123, 0.0159132368863, -0.00374542386271, 1.62736741913e-05], [-0.000412081892136, 0.00353747839108, -0.00115460436791, 0.00311933155172, -0.00249923905358, 5.62623936275e-05, 0.000497876782902, 0.00182809727266, 0.00106198200956, -0.000910300877877, -0.00374542386271, 0.0158872827888, -0.00620341813192], [0.000612601521425, -0.00296982610598, 0.000370501540601, -0.00177226797678, 0.00104519992601, 0.000525099516381, -0.00052688102005, 4.78236506751e-05, 0.00349863548763, 0.000588389113545, 1.62736741913e-05, -0.00620341813192, 0.0168538913131]]
    },
    "melbands": {
        "dmean": [0.00103086349554, 0.00171376543585, 0.000869970477652, 0.000176186687895, 0.000191772953258, 0.000234544990235, 0.000198235386051, 0.000247506017331, 0.000223981754971, 9.36700962484e-05, 5.04189847561e-05, 3.68971086573e-05, 3.646096593e-05, 6.2373590481e-05, 5.88390248595e-05, 5.3764313634e-05, 3.32764066115e-05, 2.0856206902e-05, 1.85737044376e-05, 2.26876127272e-05, 1.25093356473e-05, 1.08310850919e-05, 1.1542952052e-05, 1.02678650364e-05, 1.35215723276e-05, 1.94089534489e-05, 1.37728029586e-05, 1.10447781481e-05, 4.99261841469e-06, 2.50763014265e-06, 1.37330232519e-06, 1.58543639373e-06, 1.88100000287e-06, 2.40893336922e-06, 1.89198476619e-06, 1.11716224183e-06, 1.13585952022e-06, 9.23475283798e-07, 5.56150723696e-07, 3.73929424313e-07],
        "dmean2": [0.00190334871877, 0.00318347010761, 0.00158055173233, 0.000306966423523, 0.000323062326061, 0.000407051033108, 0.000331990857376, 0.000395184353692, 0.000334539043251, 0.000139665251481, 7.52093910705e-05, 6.02499276283e-05, 5.5356631492e-05, 9.35610878514e-05, 8.46927214297e-05, 8.19911365397e-05, 5.1626280765e-05, 3.23723106703e-05, 2.86357299046e-05, 3.51762973878e-05, 1.95983957383e-05, 1.72070722328e-05, 1.82353905984e-05, 1.61045009008e-05, 2.11691494769e-05, 2.93839730148e-05, 2.05689120776e-05, 1.66337395058e-05, 7.4552112892e-06, 3.72607655663e-06, 2.05873152481e-06, 2.44298303187e-06, 2.75442175734e-06, 3.52261599801e-06, 2.70087775789e-06, 1.62758817623e-06, 1.65907442806e-06, 1.38215705192e-06, 8.36795436499e-07, 5.48952471036e-07],
        "dvar": [1.42642229548e-05, 3.19027858495e-05, 3.55010274689e-06, 9.15114171107e-08, 2.83806599555e-07, 7.84159624345e-07, 3.80108133413e-07, 5.27790916749e-07, 2.07993736012e-07, 7.01724118812e-08, 1.58250372806e-08, 1.25099264281e-08, 8.95310847682e-09, 2.5745862331e-08, 2.12920188147e-08, 1.36852706945e-08, 4.759388883e-09, 2.34087704776e-09, 1.47223644387e-09, 3.00137004139e-09, 5.53727619312e-10, 2.95334340317e-10, 3.34367922239e-10, 2.71250966133e-10, 6.40211439418e-10, 1.41367872963e-09, 5.65586133483e-10, 4.82235140709e-10, 6.92369078736e-11, 2.03633568341e-11, 4.40171900665e-12, 9.1993565543e-12, 1.14422811504e-11, 2.22133388073e-11, 9.4309794349e-12, 5.04659682099e-12, 4.40276677963e-12, 2.84114442042e-12, 1.27279686356e-12, 8.95782471637e-13],
        "dvar2": [4.05276514357e-05, 9.27420478547e-05, 1.03085803858e-05, 2.56042142155e-07, 7.7547406363e-07, 2.22863195631e-06, 9.91567958408e-07, 1.38218786105e-06, 4.07103811995e-07, 1.36274493912e-07, 3.00457365654e-08, 3.21069109077e-08, 1.74969514433e-08, 5.39975424374e-08, 4.19236876326e-08, 2.90120123481e-08, 1.00996473407e-08, 5.13073272757e-09, 3.30978355834e-09, 6.84899248427e-09, 1.2289926854e-09, 7.58426876857e-10, 7.90739196344e-10, 6.41085906583e-10, 1.6679742032e-09, 3.53224915983e-09, 1.2604807198e-09, 1.07254827242e-09, 1.56573462529e-10, 4.20163175086e-11, 1.02588458561e-11, 2.13785985442e-11, 2.43978812847e-11, 4.37878067139e-11, 1.92308842462e-11, 1.11851266096e-11, 9.32712414248e-12, 6.08570095359e-12, 2.81214981857e-12, 2.01504915184e-12],
        "max": [0.0288835093379, 0.0490219630301, 0.0192890018225, 0.0044753071852, 0.00797730125487, 0.0100241303444, 0.00716970628127, 0.0104341618717, 0.00774092366919, 0.004294318147, 0.00320353568532, 0.00214818981476, 0.00225085904822, 0.00254600634798, 0.00236968882382, 0.00152576935943, 0.00107745919377, 0.00116470560897, 0.000671078858431, 0.00116703193635, 0.000396261748392, 0.000205469914363, 0.000294114492135, 0.000265607028268, 0.00052015366964, 0.000648002605885, 0.000392389396438, 0.000454711233033, 8.6493222625e-05, 6.06843204878e-05, 2.19606808969e-05, 3.19182909152e-05, 4.79799418827e-05, 0.000104161576019, 4.67515856144e-05, 4.20134747401e-05, 3.0875657103e-05, 1.96288638108e-05, 1.73451571754e-05, 1.26949798869e-05],
        "mean": [0.000738965522032, 0.00156643195078, 0.00103004742414, 0.000260528933723, 0.000269665586529, 0.000264683912974, 0.000216383676161, 0.000388591754017, 0.000656993302982, 0.000180939678103, 8.40554566821e-05, 4.69144142698e-05, 5.95476303715e-05, 0.000113059482828, 0.000119512871606, 0.000106151055661, 6.09198250459e-05, 3.31380433636e-05, 3.20425497193e-05, 4.11899709434e-05, 2.16246935452e-05, 1.99224141397e-05, 2.1450490749e-05, 1.94180483959e-05, 2.40278041019e-05, 3.15987381327e-05, 2.20757956413e-05, 1.59534647537e-05, 7.39467213862e-06, 4.03596686738e-06, 2.34467029259e-06, 2.51431106335e-06, 3.03513616018e-06, 4.13665247834e-06, 3.23863241647e-06, 1.76894900505e-06, 1.73124362846e-06, 1.34187916956e-06, 7.76591832619e-07, 5.26148028257e-07],
        "median": [0.000162911368534, 0.000684976461343, 0.00067673844751, 0.000184459058801, 0.000127565654111, 6.94474729244e-05, 3.92831498175e-05, 6.39437057544e-05, 5.50324330106e-05, 2.23370425374e-05, 1.55764009833e-05, 1.60207946465e-05, 9.35527623369e-06, 1.43857478179e-05, 1.73255102709e-05, 2.15429226955e-05, 1.61113730428e-05, 1.07758596641e-05, 1.12135667223e-05, 1.62087617355e-05, 1.09426100607e-05, 1.21244602269e-05, 1.23618392536e-05, 1.15840402941e-05, 1.43998868225e-05, 1.7953767383e-05, 1.16963674373e-05, 7.27863834982e-06, 3.78029517378e-06, 1.69665804606e-06, 1.23110544337e-06, 8.72036878263e-07, 1.18277137062e-06, 1.70334158156e-06, 1.42613316712e-06, 5.89032936205e-07, 5.13081147346e-07, 3.72551482997e-07, 1.8032766036e-07, 6.7316520358e-08],
        "min": [1.38582508436e-23, 2.53383246884e-24, 8.20897335443e-24, 4.41115280425e-24, 1.02532850911e-23, 7.32846968899e-24, 1.02533048126e-23, 8.96069232165e-24, 8.12682295748e-24, 4.44145571263e-24, 5.15185177905e-24, 5.60122166054e-24, 2.08788072165e-24, 6.22582792023e-24, 6.78242017039e-24, 8.5066239846e-24, 8.77718513129e-24, 6.78167233026e-24, 7.43401217836e-24, 1.19996606299e-23, 4.58902555558e-24, 9.14938627246e-24, 5.87613337513e-24, 1.12493411019e-23, 7.75472279052e-24, 5.61400002392e-24, 5.24220435726e-24, 6.81418365474e-24, 6.72908686231e-24, 8.28744292639e-24, 7.42380274052e-24, 1.03511156762e-23, 7.58720975501e-24, 7.93959786568e-24, 8.38464794486e-24, 6.94578616412e-24, 9.98552676717e-24, 6.65731156399e-24, 8.07561799612e-24, 9.49667045307e-24],
        "stdev": [0.00289699551649, 0.00423200428486, 0.00155319750775, 0.000290753785521, 0.000496723223478, 0.000749167869799, 0.000573756289668, 0.000831191835459, 0.00118979578838, 0.00045941254939, 0.000234494640608, 0.000116512579552, 0.000169798804563, 0.000261083041551, 0.000293938996037, 0.00019121299556, 0.000109235945274, 6.29140995443e-05, 6.25281172688e-05, 8.75766927493e-05, 3.53374052793e-05, 2.41891284531e-05, 2.698154276e-05, 2.47778498306e-05, 3.19520477206e-05, 4.3056836148e-05, 3.01752079395e-05, 2.59397220361e-05, 1.02452486317e-05, 6.31302191323e-06, 2.96158418678e-06, 3.99200780521e-06, 4.74640091852e-06, 6.66209098199e-06, 4.69801216241e-06, 2.97211659017e-06, 2.88613114208e-06, 2.30011301028e-06, 1.46808201862e-06, 1.21117670915e-06],
        "var": [8.39258245833e-06, 1.79098587978e-05, 2.41242241827e-06, 8.45377670089e-08, 2.46733947051e-07, 5.61252477382e-07, 3.29196268467e-07, 6.90879915055e-07, 1.41561406508e-06, 2.11059884236e-07, 5.49877334777e-08, 1.35751818675e-08, 2.88316321928e-08, 6.81643470557e-08, 8.64001350465e-08, 3.65624082121e-08, 1.19324914394e-08, 3.95818400278e-09, 3.90976540032e-09, 7.66967733767e-09, 1.24873222873e-09, 5.85113901774e-10, 7.28003657358e-10, 6.13941841809e-10, 1.02093344889e-09, 1.85389104068e-09, 9.10543196397e-10, 6.72869204799e-10, 1.04965126868e-10, 3.98542449043e-11, 8.77098133706e-12, 1.5936125683e-11, 2.25283212224e-11, 4.43834587138e-11, 2.20713169963e-11, 8.833476485e-12, 8.32975355358e-12, 5.29051975839e-12, 2.155264682e-12, 1.46694895814e-12]
    },
    "melbands128": {
