{
"lowlevel": {
    "average_loudness": 0.951658427715,
    "barkbands_crest": {
        "dmean": 2.7251060009,
        "dmean2": 4.43594789505,
        "dvar": 6.7682557106,
        "dvar2": 17.0373306274,
        "max": 24.6062602997,
        "mean": 11.7309217453,
        "median": 11.2178001404,
        "min": 2.4843788147,
        "stdev": 4.19654464722,
        "var": 17.6109867096
    },
    "barkbands_flatness_db": {
        "dmean": 0.0319058671594,
        "dmean2": 0.0454893782735,
        "dvar": 0.00128635554574,
        "dvar2": 0.00226844917051,
        "max": 0.566153764725,
        "mean": 0.198337286711,
        "median": 0.175584897399,
        "min": 0.0396370515227,
        "stdev": 0.100908569992,
        "var": 0.0101825390011
    },
    "barkbands_kurtosis": {
        "dmean": 7.86166715622,
        "dmean2": 11.9637870789,
        "dvar": 170.230117798,
        "dvar2": 381.815856934,
        "max": 156.361923218,
        "mean": 14.1671524048,
        "median": 8.71716308594,
        "min": -1.89449071884,
        "stdev": 19.3880405426,
        "var": 375.896148682
    },
    "barkbands_skewness": {
        "dmean": 0.849317073822,
        "dmean2": 1.25027704239,
        "dvar": 0.920577764511,
        "dvar2": 1.95569133759,
        "max": 11.0564165115,
        "mean": 2.63124728203,
        "median": 2.51208639145,
        "min": -3.43294262886,
        "stdev": 1.7424505949,
        "var": 3.03613424301
    },
    "barkbands_spread": {
        "dmean": 6.02920484543,
        "dmean2": 8.88696575165,
        "dvar": 86.3781738281,
        "dvar2": 170.338546753,
        "max": 93.7765350342,
        "mean": 16.6291656494,
        "median": 10.4378252029,
        "min": 0.34719774127,
        "stdev": 17.1204833984,
        "var": 293.110961914
    },
    "dissonance": {
        "dmean": 0.0231217388064,
        "dmean2": 0.0374555699527,
        "dvar": 0.000793332001194,
        "dvar2": 0.00182436208706,
        "max": 0.499999970198,
        "mean": 0.44608014822,
        "median": 0.469714462757,
        "min": 0.122736789286,
        "stdev": 0.0627015680075,
        "var": 0.00393148697913
    },
    "dynamic_complexity": 4.11836910248,
    "erbbands_crest": {
        "dmean": 2.1398627758,
        "dmean2": 3.45583939552,
        "dvar": 5.3631234169,
        "dvar2": 12.9616289139,
        "max": 26.2125530243,
        "mean": 7.78125715256,
        "median": 6.76801490784,
        "min": 2.50903511047,
        "stdev": 3.76163506508,
        "var": 14.1498975754
    },
    "erbbands_flatness_db": {
        "dmean": 0.0210311897099,
        "dmean2": 0.0300795640796,
        "dvar": 0.000727666774765,
        "dvar2": 0.00118578097317,
        "max": 0.495645344257,
        "mean": 0.174458414316,
        "median": 0.14739459753,
        "min": 0.053905852139,
        "stdev": 0.0823736786842,
        "var": 0.00678542349488
    },
    "erbbands_kurtosis": {
        "dmean": 1.87101221085,
        "dmean2": 2.85931539536,
        "dvar": 12.7615890503,
        "dvar2": 25.5252685547,
        "max": 46.5982131958,
        "mean": 2.16765427589,
        "median": -0.189686655998,
        "min": -1.79447126389,
        "stdev": 6.16565561295,
        "var": 38.0153083801
    },
    "erbbands_skewness": {
        "dmean": 0.510597646236,
        "dmean2": 0.76098304987,
        "dvar": 0.372231185436,
        "dvar2": 0.759393036366,
        "max": 5.44050788879,
        "mean": 0.665425181389,
        "median": 0.578863382339,
        "min": -3.26311635971,
        "stdev": 1.24859726429,
        "var": 1.55899500847
    },
    "erbbands_spread": {
        "dmean": 10.6971073151,
        "dmean2": 16.0915241241,
        "dvar": 152.492919922,
        "dvar2": 327.540588379,
        "max": 150.297363281,
        "mean": 44.4211616516,
        "median": 44.8982086182,
        "min": 1.61777102947,
        "stdev": 24.7155475616,
        "var": 610.858276367
    },
    "hfc": {
        "dmean": 8.05631446838,
        "dmean2": 10.6259737015,
        "dvar": 291.394989014,
        "dvar2": 506.406829834,
        "max": 192.179000854,
        "mean": 18.1046333313,
        "median": 8.46466445923,
        "min": 1.20070533398e-16,
        "stdev": 29.0508785248,
        "var": 843.953552246
    },
    "loudness_ebu128": {
        "integrated": -11.3655729294,
        "loudness_range": 2.74759101868,
        "momentary": {
            "dmean": 1.34072625637,
            "dmean2": 1.66803538799,
            "dvar": 6.72373533249,
            "dvar2": 11.6162843704,
            "max": -7.91291713715,
            "mean": -12.9756298065,
            "median": -11.5122756958,
            "min": -49.3833694458,
            "stdev": 4.9871301651,
            "var": 24.8714694977
        },
        "short_term": {
            "dmean": 0.131169572473,
            "dmean2": 0.16889436543,
            "dvar": 0.0139495972544,
            "dvar2": 0.0264308322221,
            "max": -9.83004665375,
            "mean": -11.5619421005,
            "median": -11.3283872604,
            "min": -15.1057529449,
            "stdev": 0.995376110077,
            "var": 0.990773558617
        }
    },
    "melbands_crest": {
        "dmean": 3.301872015,
        "dmean2": 5.44954967499,
        "dvar": 9.43902587891,
        "dvar2": 24.6837024689,
        "max": 33.610168457,
        "mean": 15.8119449615,
        "median": 15.5439224243,
        "min": 1.82635128498,
        "stdev": 5.03110456467,
        "var": 25.3120117188
    },
    "melbands_flatness_db": {
        "dmean": 0.0380245745182,
        "dmean2": 0.0521232262254,
        "dvar": 0.0017873068573,
        "dvar2": 0.00319602456875,
        "max": 0.703208565712,
        "mean": 0.268184274435,
        "median": 0.257807016373,
        "min": 0.00674799690023,
        "stdev": 0.120461419225,
        "var": 0.0145109537989
    },
    "melbands_kurtosis": {
        "dmean": 14.9166431427,
        "dmean2": 22.6629562378,
        "dvar": 507.858001709,
        "dvar2": 1216.98364258,
        "max": 350.920043945,
        "mean": 29.5381793976,
        "median": 20.5373840332,
        "min": -1.81012225151,
        "stdev": 31.4849643707,
        "var": 991.302978516
    },
    "melbands_skewness": {
        "dmean": 1.01677811146,
        "dmean2": 1.51631617546,
        "dvar": 1.26061236858,
        "dvar2": 2.69184398651,
        "max": 14.112657547,
        "mean": 3.82065820694,
        "median": 3.57004117966,
        "min": -1.04786479473,
        "stdev": 2.05619192123,
        "var": 4.22792482376
    },
    "melbands_spread": {
        "dmean": 7.01384782791,
        "dmean2": 10.197933197,
        "dvar": 222.149047852,
        "dvar2": 457.504119873,
        "max": 223.287979126,
        "mean": 16.773771286,
        "median": 7.77753067017,
        "min": 0.665473878384,
        "stdev": 25.3559532166,
        "var": 642.924377441
    },
    "pitch_salience": {
        "dmean": 0.0729519352317,
        "dmean2": 0.121497377753,
        "dvar": 0.00514512322843,
        "dvar2": 0.0133839678019,
        "max": 0.864077925682,
        "mean": 0.579238295555,
        "median": 0.585827827454,
        "min": 0.13787946105,
        "stdev": 0.105471044779,
        "var": 0.011124140583
    },
    "silence_rate_20dB": {
        "dmean": 0,
        "dmean2": 0,
        "dvar": 0,
        "dvar2": 0,
        "max": 1,
        "mean": 1,
        "median": 1,
        "min": 1,
        "stdev": 0,
        "var": 0
    },
    "silence_rate_30dB": {
        "dmean": 0.0638845935464,
        "dmean2": 0.127835050225,
        "dvar": 0.0598037429154,
        "dvar2": 0.13005001843,
        "max": 1,
        "mean": 0.916580855846,
        "median": 1,
        "min": 0,
        "stdev": 0.276513546705,
        "var": 0.0764597356319
    },
    "silence_rate_60dB": {
        "dmean": 0.0154559509829,
        "dmean2": 0.0309278350323,
        "dvar": 0.0152166811749,
        "dvar2": 0.0351259931922,
        "max": 1,
        "mean": 0.0844490230083,
        "median": 0,
        "min": 0,
        "stdev": 0.278062492609,
        "var": 0.0773187503219
    },
    "spectral_centroid": {
        "dmean": 291.925231934,
        "dmean2": 437.58895874,
        "dvar": 224774.59375,
        "dvar2": 451449.15625,
        "max": 11276.1181641,
        "mean": 1001.30749512,
        "median": 694.210083008,
        "min": 145.912338257,
        "stdev": 859.817993164,
        "var": 739287
    },
    "spectral_complexity": {
        "dmean": 3.81865024567,
        "dmean2": 5.5,
        "dvar": 32.2732810974,
        "dvar2": 57.5675239563,
        "max": 56,
        "mean": 14.9222450256,
        "median": 12,
        "min": 0,
        "stdev": 11.7669267654,
        "var": 138.460571289
    },
    "spectral_decrease": {
        "dmean": 4.38002256686e-09,
        "dmean2": 6.69792310504e-09,
        "dvar": 8.53035168302e-17,
        "dvar2": 1.83016820726e-16,
        "max": 1.17302290122e-28,
        "mean": -9.40609101718e-09,
        "median": -4.9767878707e-09,
        "min": -8.5554873408e-08,
        "stdev": 1.25913306448e-08,
        "var": 1.58541605192e-16
    },
    "spectral_energy": {
        "dmean": 0.0169719252735,
        "dmean2": 0.0257650911808,
        "dvar": 0.00125519675203,
        "dvar2": 0.00268081901595,
        "max": 0.325408935547,
        "mean": 0.0371429100633,
        "median": 0.0215289499611,
        "min": 1.04480229975e-20,
        "stdev": 0.0486088320613,
        "var": 0.00236281845719
    },
    "spectral_energyband_high": {
        "dmean": 0.000785473326687,
        "dmean2": 0.00106121785939,
        "dvar": 3.69758549823e-06,
        "dvar2": 6.69461951475e-06,
        "max": 0.0256023183465,
        "mean": 0.00126139610074,
        "median": 0.000182700707228,
        "min": 7.62864331091e-21,
        "stdev": 0.00323578994721,
        "var": 1.04703367469e-05
    },
    "spectral_energyband_low": {
        "dmean": 0.0114682912827,
        "dmean2": 0.0173506978899,
        "dvar": 0.000921140192077,
        "dvar2": 0.00193840696011,
        "max": 0.306601732969,
        "mean": 0.0214547682554,
        "median": 0.00275527173653,
        "min": 1.37258058308e-23,
        "stdev": 0.041543867439,
        "var": 0.00172589288559
    },
    "spectral_energyband_middle_high": {
        "dmean": 0.000963514437899,
        "dmean2": 0.00136006146204,
        "dvar": 3.53489622285e-06,
        "dvar2": 7.01360886524e-06,
        "max": 0.0230678617954,
        "mean": 0.00227068015374,
        "median": 0.00106123299338,
        "min": 1.25657752042e-21,
        "stdev": 0.00309054157697,
        "var": 9.5514478744e-06
    },
    "spectral_energyband_middle_low": {
        "dmean": 0.0074740704149,
        "dmean2": 0.012573171407,
        "dvar": 0.000361611397238,
        "dvar2": 0.00097048986936,
        "max": 0.194355204701,
        "mean": 0.0132653880864,
        "median": 0.0091515192762,
        "min": 3.00139890228e-22,
        "stdev": 0.0176710467786,
        "var": 0.000312265910907
    },
    "spectral_entropy": {
        "dmean": 0.259969055653,
        "dmean2": 0.369646757841,
        "dvar": 0.115143194795,
        "dvar2": 0.191861659288,
        "max": 9.79116249084,
        "mean": 7.24600076675,
        "median": 7.51048851013,
        "min": 3.96260118484,
        "stdev": 0.923384785652,
        "var": 0.852639436722
    },
    "spectral_flux": {
        "dmean": 0.0314338989556,
        "dmean2": 0.0481256991625,
        "dvar": 0.00265009677969,
        "dvar2": 0.00576688814908,
        "max": 0.475768953562,
        "mean": 0.083879455924,
        "median": 0.0631810724735,
        "min": 6.79733283548e-11,
        "stdev": 0.07653106004,
        "var": 0.0058570029214
    },
    "spectral_kurtosis": {
        "dmean": 6.26295804977,
        "dmean2": 9.52587795258,
        "dvar": 332.112060547,
        "dvar2": 663.91015625,
        "max": 342.76763916,
        "mean": 13.3457202911,
        "median": 3.42996549606,
        "min": -1.24132835865,
        "stdev": 37.374370575,
        "var": 1396.84350586
    },
    "spectral_rms": {
        "dmean": 0.00107156170998,
        "dmean2": 0.00155566597823,
        "dvar": 2.8710846891e-06,
        "dvar2": 5.60234047953e-06,
        "max": 0.0178177468479,
        "mean": 0.0050920159556,
        "median": 0.00458299601451,
        "min": 3.19267810973e-12,
        "stdev": 0.00321066984907,
        "var": 1.03084003058e-05
    },
    "spectral_rolloff": {
        "dmean": 529.546875,
        "dmean2": 853.992919922,
        "dvar": 1583254.875,
        "dvar2": 3290170,
        "max": 19143.0175781,
        "mean": 1178.11328125,
        "median": 387.59765625,
        "min": 64.599609375,
        "stdev": 1882.20495605,
        "var": 3542695.5
    },
    "spectral_skewness": {
        "dmean": 0.50459510088,
        "dmean2": 0.752049028873,
        "dvar": 0.823544979095,
        "dvar2": 1.49374496937,
        "max": 15.6656150818,
        "mean": 2.08243370056,
        "median": 1.47851157188,
        "min": -0.166817799211,
        "stdev": 2.15970134735,
        "var": 4.66430997849
    },
    "spectral_spread": {
        "dmean": 600035.6875,
        "dmean2": 888104.0625,
        "dvar": 992493699072,
        "dvar2": 1.47123116442e+12,
        "max": 42043636,
        "mean": 4378921,
        "median": 4269800.5,
        "min": 313857.5,
        "stdev": 2141132,
        "var": 4.58444609946e+12
    },
    "spectral_strongpeak": {
        "dmean": 0.283890455961,
        "dmean2": 0.491129904985,
        "dvar": 0.248809084296,
        "dvar2": 0.554149210453,
        "max": 7.92651224136,
        "mean": 0.52749735117,
        "median": 0.4075101614,
        "min": 0,
        "stdev": 0.619185209274,
        "var": 0.383390337229
    },
    "zerocrossingrate": {
        "dmean": 0.0116578722373,
        "dmean2": 0.0125845680013,
        "dvar": 0.000362808641512,
        "dvar2": 0.000440946576418,
        "max": 0.51953125,
        "mean": 0.0469697900116,
        "median": 0.02978515625,
        "min": 0.001953125,
        "stdev": 0.0478620715439,
        "var": 0.00229077786207
    },
    "barkbands": {
        "dmean": [0.000839448475745, 0.00985032599419, 0.00284104980528, 0.00189602049068, 0.00503978691995, 0.00109348690603, 0.000399992626626, 0.00050358165754, 0.00043546417146, 0.000226158139412, 0.000133709123475, 0.0001176750593, 0.000113198555482, 0.00012168136891, 0.00012196048192, 0.000160708645126, 0.000191922314116, 0.000120459772006, 0.000132872417453, 0.00011847539281, 0.000176742760232, 0.000224048562814, 0.000182043047971, 0.000130390180857, 7.99486297183e-05, 1.77453421202e-05, 7.75164039624e-07],
        "dmean2": [0.00127228815109, 0.0160368885845, 0.00460443040356, 0.00316729024053, 0.00881492439657, 0.00176915328484, 0.000665017985739, 0.00081877730554, 0.00071786128683, 0.000364490610082, 0.000219357039896, 0.000184162970982, 0.000179710652446, 0.00019205029821, 0.000192828869331, 0.000261387700448, 0.000301065098029, 0.000193507774384, 0.000203473246074, 0.000185369397514, 0.000263796595391, 0.000331277988153, 0.000261552893789, 0.000176517758518, 0.000111552224553, 2.64901882474e-05, 1.29242368985e-06],
        "dvar": [5.79349170948e-06, 0.000893211690709, 4.60558076156e-05, 1.50962168846e-05, 0.000210029713344, 4.15158001488e-06, 7.19918887171e-07, 1.22209792153e-06, 1.92619245354e-06, 2.62931024508e-07, 6.86235850367e-08, 1.1930987398e-07, 7.98076840169e-08, 6.52926743783e-08, 7.10703105256e-08, 1.07121572057e-07, 1.48468373595e-07, 7.16666761491e-08, 1.00471460485e-07, 7.81521123372e-08, 1.9823997377e-07, 3.56441546501e-07, 2.6026285127e-07, 1.995346679e-07, 8.4146847712e-08, 4.768891948e-09, 1.67351601327e-11],
        "dvar2": [1.24115940707e-05, 0.00213149748743, 0.000121838296764, 3.86907850043e-05, 0.000586402777117, 1.09275952127e-05, 1.83127940545e-06, 3.2513428323e-06, 5.2000686992e-06, 6.19481340891e-07, 1.7492872928e-07, 2.84860732336e-07, 2.00882794843e-07, 1.50885185235e-07, 1.68073512441e-07, 2.62573621512e-07, 3.28426040141e-07, 1.78350603619e-07, 2.28435197869e-07, 1.87140116736e-07, 4.34060837051e-07, 7.85575537066e-07, 5.41310555491e-07, 4.05287238436e-07, 1.78911790272e-07, 1.02686348313e-08, 4.19274857888e-11],
        "max": [0.0367161296308, 0.260196864605, 0.115151934326, 0.0447750538588, 0.155964553356, 0.0229485388845, 0.0104618687183, 0.0166186839342, 0.0214990861714, 0.0089563941583, 0.00345494574867, 0.00717520527542, 0.00461980886757, 0.00295213772915, 0.00347547093406, 0.00410662870854, 0.0067490641959, 0.00409252848476, 0.00577957648784, 0.00496672373265, 0.00676636304706, 0.00869332812726, 0.00616630585864, 0.00845435541123, 0.00647034822032, 0.00125760340597, 0.000103023870906],
        "mean": [0.00118371634744, 0.013999347575, 0.00521601596847, 0.00253131869249, 0.00668200850487, 0.00202220398933, 0.000570159056224, 0.000767539080698, 0.000573258730583, 0.00033344863914, 0.000201933347853, 0.00017464425764, 0.00017550944176, 0.000189521393622, 0.000179154259968, 0.000257211795542, 0.000377521151677, 0.000179062742973, 0.000193962740013, 0.000169421706232, 0.000251353951171, 0.000311309529934, 0.000269580516033, 0.00019064816297, 0.000114677714009, 2.7647243769e-05, 7.38820801871e-07],
        "median": [6.09272719885e-05, 0.000759670394473, 0.000986925559118, 0.000725364952814, 0.00419170456007, 0.00142725044861, 0.000284262758214, 0.000401123892516, 0.000145694968523, 0.000128794126795, 8.64907560754e-05, 6.77496718708e-05, 5.89579249208e-05, 6.26048640697e-05, 6.50500151096e-05, 6.91128079779e-05, 7.89565820014e-05, 4.84225602122e-05, 4.25772705057e-05, 3.50913760485e-05, 3.643659511e-05, 4.54478213214e-05, 4.27088598371e-05, 1.33228677441e-05, 4.6696895879e-06, 2.47746356763e-06, 9.48406153611e-09],
        "min": [1.31318519449e-23, 2.95977673132e-24, 2.59606590287e-24, 7.70823521737e-24, 1.46090066117e-23, 3.28924011021e-23, 6.84569454583e-23, 5.29486090157e-23, 5.6118693895e-23, 4.18706416346e-23, 4.13763193033e-23, 6.41003380469e-23, 4.07208011346e-23, 5.53528740391e-23, 6.94864909811e-23, 1.22841609488e-22, 1.89668099362e-22, 1.19446225934e-22, 2.51272923267e-22, 2.23304888547e-22, 2.3839719868e-22, 4.07162869569e-22, 5.93398035598e-22, 8.83871363133e-22, 1.19686198683e-21, 1.62089494347e-21, 2.57911825184e-21],
        "stdev": [0.00311439507641, 0.0339080244303, 0.00850137788802, 0.0043068556115, 0.0121839297935, 0.00236616609618, 0.000949611887336, 0.00121745374054, 0.00147058290895, 0.00064726540586, 0.000320884835673, 0.000376907060854, 0.000337756966474, 0.000338161655236, 0.000331542716594, 0.000425636477303, 0.00080412288662, 0.000347499852069, 0.000424242141889, 0.000388393818866, 0.000650676432997, 0.00083853630349, 0.000715757720172, 0.000670545501634, 0.000406357255997, 0.000101380705019, 4.35206129623e-06],
        "var": [9.69945722318e-06, 0.00114975403994, 7.22734257579e-05, 1.85490043805e-05, 0.000148448147229, 5.59874251849e-06, 9.01762746253e-07, 1.48219362472e-06, 2.16261423702e-06, 4.18952510017e-07, 1.02967071314e-07, 1.42058922847e-07, 1.14079767854e-07, 1.14353312597e-07, 1.09920577529e-07, 1.81166399216e-07, 6.46613614208e-07, 1.20756141087e-07, 1.79981384463e-07, 1.50849757574e-07, 4.23379816539e-07, 7.03143086866e-07, 5.12309100031e-07, 4.49631244237e-07, 1.65126223806e-07, 1.02780477462e-08, 1.89404394946e-11]
    },
    "erbbands": {
        "dmean": [0.408599376678, 1.85861301422, 2.99702000618, 4.4038105011, 16.2357826233, 14.751206398, 8.18089103699, 9.35897827148, 5.97476577759, 9.37996864319, 9.24123573303, 8.93806362152, 8.43301105499, 6.19558668137, 6.06605195999, 5.11207103729, 5.00735855103, 6.07539987564, 5.22785043716, 7.75626707077, 8.81236839294, 8.43508338928, 6.89410305023, 5.91181564331, 6.97076845169, 5.76592826843, 7.13005542755, 7.31554985046, 7.87933683395, 7.14766836166, 4.71377468109, 3.04110431671, 2.03037858009, 1.15697693825, 0.434200197458, 0.117059417069, 0.0270086713135, 0.00293818116188, 8.96647616173e-05, 2.13141374843e-05],
        "dmean2": [0.662327766418, 3.07269668579, 4.73962783813, 7.30245447159, 28.3548622131, 26.0020923615, 13.0170927048, 15.4079284668, 9.82305431366, 15.5202789307, 15.0454740524, 14.7511949539, 14.0037651062, 9.91928768158, 10.0571231842, 7.96554994583, 7.93780136108, 9.23101329803, 8.03468799591, 12.2662248611, 14.088344574, 13.2821054459, 11.1298923492, 9.25932598114, 10.8588666916, 9.10883712769, 11.1497001648, 10.8192710876, 11.8518018723, 10.3794374466, 6.75539445877, 4.16520404816, 2.78779149055, 1.60765969753, 0.613001048565, 0.17415471375, 0.0408266894519, 0.00449381163344, 0.000135899696033, 3.11055264319e-05],
        "dvar": [1.45592796803, 34.8970031738, 53.2569313049, 75.6621017456, 2269.79541016, 1626.27258301, 236.439529419, 384.543701172, 152.399887085, 582.719848633, 526.52545166, 552.742675781, 841.204711914, 335.711700439, 175.52583313, 269.626861572, 152.934616089, 181.911972046, 128.939193726, 301.602813721, 306.928710938, 268.234466553, 234.277481079, 153.361602783, 299.431121826, 193.621261597, 346.673248291, 343.223876953, 422.423309326, 451.475830078, 169.052352905, 105.654960632, 48.7071990967, 15.8355646133, 5.87086200714, 0.203539147973, 0.0106870513409, 0.000139302544994, 1.65017837617e-07, 1.6603602937e-09],
        "dvar2": [3.46413660049, 86.4833526611, 134.638763428, 191.299865723, 6240.49853516, 4629.21289062, 585.270324707, 1082.92749023, 390.356536865, 1578.14489746, 1408.85205078, 1486.63330078, 2239.31958008, 771.638916016, 463.767730713, 643.927734375, 389.046386719, 409.054260254, 269.311523438, 747.062927246, 687.191101074, 607.268615723, 544.535217285, 352.266906738, 720.121582031, 464.809295654, 809.471923828, 773.048156738, 953.990356445, 984.971679688, 335.047119141, 224.577224731, 94.0676956177, 29.3398189545, 15.2414169312, 0.420673400164, 0.0249219108373, 0.000297877006233, 3.9549667008e-07, 3.43630901511e-09],
        "max": [11.8495922089, 58.4864387512, 113.762451172, 111.254310608, 487.922729492, 447.959136963, 207.465591431, 249.889892578, 205.034698486, 312.193084717, 378.990356445, 320.245605469, 518.053344727, 358.853881836, 161.034713745, 357.978546143, 205.020965576, 158.86920166, 194.701553345, 250.658126831, 299.766174316, 202.763534546, 262.180999756, 161.185241699, 275.713623047, 237.926330566, 260.358642578, 308.818786621, 270.828613281, 280.812438965, 180.188995361, 202.529052734, 118.28326416, 68.7152328491, 79.0380325317, 8.52170944214, 2.0259680748, 0.328082770109, 0.00973478797823, 0.000457378773717],
        "mean": [0.545187175274, 2.62160801888, 5.72977638245, 7.58392906189, 19.8855228424, 20.1913414001, 13.8898534775, 16.2345981598, 9.33190727234, 13.3946781158, 14.1406173706, 12.8739109039, 11.5177698135, 9.47271823883, 8.91945934296, 7.84807777405, 8.11555671692, 9.84304332733, 8.95467758179, 12.111533165, 17.0390510559, 16.1971645355, 11.0092306137, 9.43609714508, 9.80039787292, 8.19905090332, 9.73804950714, 10.1667909622, 10.9184761047, 10.0992040634, 7.27952861786, 4.56405496597, 2.90710663795, 1.68357002735, 0.584891200066, 0.183609873056, 0.0386413298547, 0.0039642881602, 0.000131005450385, 4.89435078634e-05],
        "median": [0.0361804291606, 0.157483488321, 1.05682206154, 2.36417412758, 9.74931907654, 13.2678785324, 8.27321910858, 11.1484394073, 5.08936691284, 6.9284286499, 6.80486488342, 4.03437614441, 3.89752912521, 3.69400334358, 3.6212720871, 3.13764572144, 2.92047548294, 3.27730989456, 3.69608831406, 3.86916232109, 4.16082668304, 4.30900430679, 3.05580329895, 2.31121301651, 2.11113142967, 1.73490667343, 1.52015972137, 1.41562473774, 1.57672011852, 1.52266657352, 1.15540337563, 0.501461148262, 0.108563706279, 0.0533797591925, 0.0294362418354, 0.0140530075878, 0.00377192208543, 0.000409758707974, 2.69815973297e-05, 2.96177604469e-05],
        "min": [9.06085004648e-23, 8.701005023e-22, 3.42064749957e-21, 1.00814252742e-20, 6.14499035381e-20, 3.25662881243e-20, 7.48211424307e-20, 3.45518124001e-19, 1.012442083e-18, 7.3195583893e-19, 1.40114386881e-18, 1.35159182101e-18, 9.28789514445e-19, 2.21598646214e-18, 1.46007666174e-18, 3.0667694327e-18, 1.67945881547e-18, 3.23765626186e-18, 3.70456518286e-18, 3.56765976044e-18, 9.63268449648e-18, 9.72536181231e-18, 7.07295920169e-18, 7.87414070041e-18, 1.00347836097e-17, 1.00121130706e-17, 1.17194601771e-17, 8.47188126337e-18, 1.45021238818e-17, 1.82660554037e-17, 1.33533404102e-17, 1.75810555579e-17, 1.41841738523e-17, 1.17099889591e-17, 9.15765038713e-18, 5.2726928291e-18, 2.90875291349e-18, 1.20676645443e-18, 3.25191323671e-19, 3.96926235849e-20],
        "stdev": [1.38953781128, 6.28575611115, 9.49536037445, 11.1420841217, 40.6391563416, 33.7509498596, 18.9252738953, 20.1877593994, 13.9288568497, 23.4686965942, 26.6368083954, 28.3561382294, 28.6151866913, 20.8620052338, 15.1169424057, 17.5330142975, 14.9726629257, 18.1100749969, 15.9764823914, 20.8745346069, 31.2320461273, 29.1710605621, 22.1910247803, 17.4878425598, 22.3023166656, 18.8798217773, 25.0018558502, 26.2824954987, 28.7579269409, 28.2624130249, 19.2393760681, 15.1751356125, 10.4013061523, 5.94701194763, 2.60669326782, 0.674331963062, 0.142146497965, 0.0165316723287, 0.000503672112245, 6.09837334196e-05],
        "var": [1.93081533909, 39.5107269287, 90.1618728638, 124.14604187, 1651.54089355, 1139.12670898, 358.166015625, 407.545593262, 194.013061523, 550.779724121, 709.51953125, 804.070556641, 818.828857422, 435.223297119, 228.521942139, 307.406616211, 224.180648804, 327.974822998, 255.24798584, 435.746185303, 975.440673828, 850.950744629, 492.441558838, 305.824615479, 497.393310547, 356.447692871, 625.092834473, 690.769592285, 827.018310547, 798.764038086, 370.153564453, 230.284744263, 108.187171936, 35.3669509888, 6.79485034943, 0.454723626375, 0.0202056281269, 0.000273296172963, 2.53685584539e-07, 3.71901553997e-09]
    },
    "gfcc": {
        "mean": [-57.9493789673, 113.211463928, -99.7875747681, 41.8079147339, -67.4097824097, 4.24204778671, -43.3952903748, -4.97304964066, -18.2788276672, -7.70324707031, -17.6689300537, 0.182337194681, -9.52740287781],
        "cov": [[17853.5703125, -3202.6081543, -845.692260742, 1640.34521484, 586.081542969, 1769.42822266, -17.2926464081, 1338.84313965, -322.707580566, 711.376037598, -461.53326416, 302.749389648, -469.185791016], [-3202.6081543, 2695.18408203, 568.262695312, -703.370483398, 337.73135376, -428.884338379, 335.874237061, -371.477325439, 336.977233887, -317.491088867, 294.013824463, -156.145233154, 191.152694702], [-845.692260742, 568.262695312, 990.929748535, -92.2608566284, 220.233154297, -22.889043808, 90.5107116699, 28.1082553864, 35.9120521545, 65.4931106567, 63.3838539124, -29.250415802, 27.316696167], [1640.34521484, -703.370483398, -92.2608566284, 999.928649902, 270.821960449, 369.615386963, 155.393371582, 266.35244751, 128.716339111, 115.513137817, 0.737348496914, 6.71408367157, 4.70763111115], [586.081542969, 337.73135376, 220.233154297, 270.821960449, 646.723327637, 268.832427979, 226.685241699, 246.094360352, 163.207229614, 69.591506958, -1.14008462429, 28.223815918, -11.9978456497], [1769.42822266, -428.884338379, -22.889043808, 369.615386963, 268.832427979, 519.540527344, 143.986785889, 279.91003418, 23.3299865723, 142.522598267, -39.0103340149, 37.014793396, -62.3693580627], [-17.2926464081, 335.874237061, 90.5107116699, 155.393371582, 226.685241699, 143.986785889, 322.84967041, 50.9673423767, 127.727600098, -1.47923696041, 68.0909957886, 3.70472121239, 7.31839418411], [1338.84313965, -371.477325439, 28.1082553864, 266.35244751, 246.094360352, 279.91003418, 50.9673423767, 311.985961914, 12.5157394409, 127.114860535, -53.5330162048, 50.6618003845, -50.2973098755], [-322.707580566, 336.977233887, 35.9120521545, 128.716339111, 163.207229614, 23.3299865723, 127.727600098, 12.5157394409, 183.173355103, -17.4146404266, 58.6866836548, -28.2224121094, 39.227848053], [711.376037598, -317.491088867, 65.4931106567, 115.513137817, 69.591506958, 142.522598267, -1.47923696041, 127.114860535, -17.4146404266, 152.848831177, -35.3632392883, 32.0753250122, -46.1810874939], [-461.53326416, 294.013824463, 63.3838539124, 0.737348496914, -1.14008462429, -39.0103340149, 68.0909957886, -53.5330162048, 58.6866836548, -35.3632392883, 117.251029968, -26.1951999664, 57.9829559326], [302.749389648, -156.145233154, -29.250415802, 6.71408367157, 28.223815918, 37.014793396, 3.70472121239, 50.6618003845, -28.2224121094, 32.0753250122, -26.1951999664, 91.2958831787, -23.2860336304], [-469.185791016, 191.152694702, 27.316696167, 4.70763111115, -11.9978456497, -62.3693580627, 7.31839418411, -50.2973098755, 39.227848053, -46.1810874939, 57.9829559326, -23.2860336304, 121.799461365]],
        "icov": [[0.00011788825941, -0.0001197515885, 0.000105690814962, -0.000168072147062, 0.000112590714707, -0.000244498805841, 0.00010680280684, -0.000275722471997, 0.000289793417323, -0.00017679737357, 0.000149347193656, -0.000106626619527, 0.000138614326715], [-0.0001197515885, 0.00277140177786, -0.000762763025705, 0.00220930972137, -0.00214246474206, 0.000800661975518, -0.00115174823441, 0.00139133480843, -0.00272391177714, 0.00261400290765, -0.00275520072319, 0.00169516366441, -0.000378252472728], [0.000105690814962, -0.000762763025705, 0.00165034667589, -0.000424339843448, -0.000192067323951, 0.000188660385902, 2.27997752518e-05, -0.000457566668047, 0.00161206442863, -0.002095090691, -3.92551810364e-05, 0.000340487633366, -9.19313679333e-05], [-0.000168072147062, 0.00220930972137, -0.000424339843448, 0.00346490624361, -0.00156808714382, 0.000100637713331, -0.00111729931086, 0.000395043287426, -0.00325065758079, 0.00168460654095, -0.00212906673551, 0.00175479077734, -0.000991449924186], [0.000112590714707, -0.00214246474206, -0.000192067323951, -0.00156808714382, 0.00565187633038, -0.00124156789389, -0.000252031866694, -0.00359702738933, -0.000783137278631, -0.00090464821551, 0.00367677165195, -0.0020613677334, 0.000115293594718], [-0.000244498805841, 0.000800661975518, 0.000188660385902, 0.000100637713331, -0.00124156789389, 0.00581319537014, -0.00244528986514, -0.00194498698693, 0.000635073054582, -0.00109901430551, -0.000925824104343, 0.00178464537021, 0.000114276270324], [0.00010680280684, -0.00115174823441, 2.27997752518e-05, -0.00111729931086, -0.000252031866694, -0.00244528986514, 0.00692973099649, 0.000677821692079, -0.00138842978049, 0.000315892044455, -0.00189491803758, -0.00243535800837, 0.00184702558909], [-0.000275722471997, 0.00139133480843, -0.000457566668047, 0.000395043287426, -0.00359702738933, -0.00194498698693, 0.000677821692079, 0.0110267940909, -0.00113963300828, -0.00173228757922, -0.000416728114942, -0.00106502126437, -0.000290807394776], [0.000289793417323, -0.00272391177714, 0.00161206442863, -0.00325065758079, -0.000783137278631, 0.000635073054582, -0.00138842978049, -0.00113963300828, 0.0146808540449, -0.00338263646699, -0.000125331673189, 0.00132614851464, -0.000681398145389], [-0.00017679737357, 0.00261400290765, -0.002095090691, 0.00168460654095, -0.00090464821551, -0.00109901430551, 0.000315892044455, -0.00173228757922, -0.00338263646699, 0.0151115087792, -0.0023828081321, -0.000572635792196, 0.0020790186245], [0.000149347193656, -0.00275520072319, -3.92551810364e-05, -0.00212906673551, 0.00367677165195, -0.000925824104343, -0.00189491803758, -0.000416728114942, -0.000125331673189, -0.0023828081321, 0.0183014217764, -0.000714844383765, -0.00489191012457], [-0.000106626619527, 0.00169516366441, 0.000340487633366, 0.00175479077734, -0.0020613677334, 0.00178464537021, -0.00243535800837, -0.00106502126437, 0.00132614851464, -0.000572635792196, -0.000714844383765, 0.0151431076229, -0.000206811120734], [0.000138614326715, -0.000378252472728, -9.19313679333e-05, -0.000991449924186, 0.000115293594718, 0.000114276270324, 0.00184702558909, -0.000290807394776, -0.000681398145389, 0.0020790186245, -0.00489191012457, -0.000206811120734, 0.0125325489789]]
    },
    "melbands": {
        "dmean": [0.0031445955392, 0.00154528196435, 0.00103909627069, 0.00124506012071, 0.000305035879137, 0.000204525058507, 8.89700604603e-05, 0.00010682726861, 7.33711494831e-05, 5.87218746659e-05, 4.21371514676e-05, 2.62359590124e-05, 1.97440313059e-05, 1.48997833094e-05, 1.18898824439e-05, 1.11207800728e-05, 1.17875461001e-05, 8.49695243232e-06, 9.8564187283e-06, 1.17283971122e-05, 1.18747830129e-05, 9.76573483058e-06, 9.07999765332e-06, 5.426865755e-06, 4.93301695315e-06, 5.58077408641e-06, 4.10226311942e-06, 4.01499619329e-06, 4.68262533104e-06, 4.30157342635e-06, 4.51205960417e-06, 4.83479607283e-06, 4.13196539739e-06, 4.08086998505e-06, 2.92274421554e-06, 2.14812712329e-06, 1.90372247744e-06, 1.55218754117e-06, 1.19226899642e-06, 9.36200478918e-07],
        "dmean2": [0.00509219104424, 0.00235103094019, 0.00175543315709, 0.00220178300515, 0.00049301533727, 0.0003337651724, 0.000148174716742, 0.000175097113242, 0.000119933312817, 9.72957714112e-05, 6.99902229826e-05, 4.22458651883e-05, 3.22939013131e-05, 2.42218447966e-05, 1.89247584785e-05, 1.71929896169e-05, 1.82572002814e-05, 1.31006854645e-05, 1.57413451234e-05, 1.90821938304e-05, 1.89434394997e-05, 1.55732741405e-05, 1.46113170558e-05, 8.89091552381e-06, 7.79297533882e-06, 8.78177979757e-06, 6.43812245471e-06, 6.46453509034e-06, 7.57398402129e-06, 6.65500510877e-06, 6.86174098519e-06, 7.58374289944e-06, 6.02629870627e-06, 6.05211698712e-06, 4.34827643403e-06, 3.0894154861e-06, 2.66693632511e-06, 2.18478430725e-06, 1.69736540556e-06, 1.31896445055e-06],
        "dvar": [8.95047196536e-05, 1.47853997987e-05, 4.9283039516e-06, 1.3529660464e-05, 3.13164719046e-07, 1.69632585312e-07, 3.64021310872e-08, 6.60811210196e-08, 3.68732564482e-08, 2.93117725647e-08, 2.09720454336e-08, 6.01427840863e-09, 1.61733970661e-09, 1.73456993213e-09, 1.20218168753e-09, 6.53080922675e-10, 6.18112450113e-10, 3.28149396545e-10, 4.56993082265e-10, 6.41612762919e-10, 6.23214480022e-10, 3.6390401803e-10, 4.99295438328e-10, 1.54701015886e-10, 1.08982281533e-10, 1.96671998132e-10, 9.66703800342e-11, 9.61641669073e-11, 1.49409096206e-10, 1.2669514049e-10, 1.48179649107e-10, 1.76650860606e-10, 1.27913915571e-10, 1.56537560692e-10, 6.34523128484e-11, 4.19529133655e-11, 4.80664882896e-11, 2.88598485387e-11, 1.82064276849e-11, 1.03521627035e-11],
        "dvar2": [0.000216198008275, 3.26693552779e-05, 1.29244126583e-05, 3.81944228138e-05, 7.86065129432e-07, 4.68472791226e-07, 9.41270599242e-08, 1.77714227334e-07, 9.94765869677e-08, 7.89427332393e-08, 5.58495401037e-08, 1.38173978925e-08, 4.16026946226e-09, 4.3104906311e-09, 3.02587510603e-09, 1.48805923139e-09, 1.42899903022e-09, 6.91086077254e-10, 1.11562536986e-09, 1.58822777152e-09, 1.38422839857e-09, 8.54120718596e-10, 1.01190100743e-09, 4.06727790336e-10, 2.56111160057e-10, 4.66688354628e-10, 2.32692420887e-10, 2.34772229435e-10, 3.6518640889e-10, 2.85873130723e-10, 3.51211698613e-10, 4.34600105903e-10, 2.54083393214e-10, 3.6051686636e-10, 1.30563088119e-10, 8.7611570776e-11, 1.08392274323e-10, 5.76877018377e-11, 3.64995117463e-11, 1.92110476832e-11],
        "max": [0.0892349481583, 0.0430138595402, 0.0204782746732, 0.0398175008595, 0.00631816405803, 0.00504113035277, 0.00293220998719, 0.00330502097495, 0.00335310050286, 0.00253776018508, 0.0025916940067, 0.00151383865159, 0.000558972067665, 0.000754693348426, 0.000558278465178, 0.000325056404108, 0.000289194111247, 0.000306360889226, 0.000245667761192, 0.000414197653299, 0.000511544523761, 0.000238264445215, 0.000430891785072, 0.000196321256226, 0.000140205302159, 0.000265498674707, 0.000173656080733, 0.000154892681167, 0.000153475615662, 0.000157013666467, 0.00019961198268, 0.000181931711268, 0.000173700900632, 0.00015984865604, 9.4733251899e-05, 0.000122434430523, 0.000142262128065, 8.38382766233e-05, 7.52935302444e-05, 5.47171512153e-05],
        "mean": [0.00434298766777, 0.00301587674767, 0.00166880828328, 0.00161982746795, 0.000523405207787, 0.000369042914826, 0.000133404915687, 0.000155995759997, 0.00011142904259, 7.97962638899e-05, 5.61882443435e-05, 3.80537458113e-05, 2.9169523259e-05, 2.20175934373e-05, 1.83552147064e-05, 1.7306945665e-05, 1.83397514775e-05, 1.39615767694e-05, 1.39972407851e-05, 1.84872533282e-05, 2.21972695726e-05, 1.81529503607e-05, 1.4391224795e-05, 7.45258603274e-06, 7.52572987039e-06, 7.49349555917e-06, 5.95680330662e-06, 5.2733666962e-06, 5.9346875787e-06, 5.98762153459e-06, 5.89428691455e-06, 6.21015260549e-06, 5.95958863414e-06, 5.44862450624e-06, 4.36833670392e-06, 3.2682642086e-06, 2.64166078523e-06, 2.13250154957e-06, 1.67652183336e-06, 1.33565879423e-06],
        "median": [0.000249285250902, 0.000464962387923, 0.000610070419498, 0.00103112636134, 0.000318668258842, 0.000260023924056, 6.81627716403e-05, 7.78634275775e-05, 5.09139827045e-05, 2.26069969358e-05, 1.8234597519e-05, 1.40257288876e-05, 1.2820264601e-05, 8.0761146819e-06, 7.10360654921e-06, 5.58007377549e-06, 5.6589151427e-06, 5.13227178089e-06, 4.98455483466e-06, 4.76979175801e-06, 4.43562657892e-06, 4.51687446912e-06, 3.38867607752e-06, 2.12745908357e-06, 1.77467654794e-06, 1.54229974214e-06, 1.27748717205e-06, 1.03475042579e-06, 9.36749245284e-07, 8.36468302623e-07, 7.8426046457e-07, 8.62378612965e-07, 8.69547307047e-07, 8.06942125564e-07, 6.83115672473e-07, 4.8911056183e-07, 2.22839901198e-07, 6.62998544954e-08, 4.72255834438e-08, 3.99041013566e-08],
        "min": [1.95717278054e-24, 1.53724880866e-24, 3.85688651046e-24, 3.26092260695e-24, 2.20204684122e-24, 8.69081117306e-24, 1.47042410556e-23, 7.7139410483e-24, 1.08306302995e-23, 8.75664950421e-24, 3.92483031137e-24, 8.62121944172e-24, 4.26117535781e-24, 8.44803291859e-24, 3.91179083504e-24, 4.87655470592e-24, 5.92902925983e-24, 5.74514657169e-24, 5.38445175569e-24, 4.53768412129e-24, 1.16001893561e-23, 9.42420332373e-24, 5.81909281522e-24, 7.37666435713e-24, 5.48591110101e-24, 8.27324500782e-24, 6.35494591219e-24, 6.8214506414e-24, 6.62725280806e-24, 6.72384803704e-24, 4.25695179652e-24, 8.15047931831e-24, 8.38334711322e-24, 1.18625637043e-23, 5.88191572556e-24, 8.02388528682e-24, 1.18900247413e-23, 9.14931133067e-24, 1.09370137146e-23, 9.27974790363e-24],
        "stdev": [0.010743108578, 0.00518390117213, 0.00241773063317, 0.0030164939817, 0.0006770415348, 0.000440560863353, 0.000210859405342, 0.000257529609371, 0.000227585071116, 0.000189287617104, 0.000143048964674, 8.83889224497e-05, 4.82133691548e-05, 4.54586006526e-05, 3.68971304852e-05, 3.35835502483e-05, 3.33392126777e-05, 2.55332197412e-05, 2.581116496e-05, 3.2545907743e-05, 4.72997744509e-05, 3.4227505239e-05, 3.60380981874e-05, 1.43969728015e-05, 1.4305815057e-05, 1.76800986083e-05, 1.37056294989e-05, 1.25345895867e-05, 1.51366657519e-05, 1.60071977007e-05, 1.5725969206e-05, 1.66644585988e-05, 1.67485977727e-05, 1.54634017235e-05, 1.13801761472e-05, 9.70729615801e-06, 9.52687696554e-06, 7.76944762038e-06, 6.09111975791e-06, 4.76464447274e-06],
        "var": [0.000115414390166, 2.68728308583e-05, 5.84542158322e-06, 9.09923619474e-06, 4.58385216007e-07, 1.94093885852e-07, 4.44616894413e-08, 6.63215047325e-08, 5.17949629852e-08, 3.58298031244e-08, 2.04630072886e-08, 7.81260123262e-09, 2.32452879168e-09, 2.066484317e-09, 1.3613983274e-09, 1.12785492057e-09, 1.11150300075e-09, 6.51945275543e-10, 6.66216248835e-10, 1.05923603222e-09, 2.23726859261e-09, 1.17152210155e-09, 1.29874455634e-09, 2.07272837782e-10, 2.04656333547e-10, 3.12585873852e-10, 1.87844267918e-10, 1.57115945254e-10, 2.29118654604e-10, 2.5623039801e-10, 2.47306092271e-10, 2.77704192975e-10, 2.80515527473e-10, 2.3911678193e-10, 1.29508404001e-10, 9.42315947494e-11, 9.07613775802e-11, 6.03643107722e-11, 3.71017383483e-11, 2.27018386728e-11]
    },
    "melbands128": {
