{
"lowlevel": {
    "average_loudness": 0.953399479389,
    "barkbands_crest": {
        "dmean": 2.27042555809,
        "dmean2": 3.55310773849,
        "dvar": 5.25691509247,
        "dvar2": 13.4676856995,
        "max": 25.4656448364,
        "mean": 15.3743972778,
        "median": 15.1218900681,
        "min": 4.76569986343,
        "stdev": 4.37241458893,
        "var": 19.1180076599
    },
    "barkbands_flatness_db": {
        "dmean": 0.0219869296998,
        "dmean2": 0.0324807278812,
        "dvar": 0.000557106919587,
        "dvar2": 0.00118074147031,
        "max": 0.476146876812,
        "mean": 0.304794877768,
        "median": 0.309283822775,
        "min": 0.0820714235306,
        "stdev": 0.0533068925142,
        "var": 0.00284162489697
    },
    "barkbands_kurtosis": {
        "dmean": 17.5015106201,
        "dmean2": 26.011133194,
        "dvar": 855.403747559,
        "dvar2": 1763.12341309,
        "max": 585.362426758,
        "mean": 47.3148422241,
        "median": 35.7878189087,
        "min": -1.96611869335,
        "stdev": 49.7600021362,
        "var": 2476.05786133
    },
    "barkbands_skewness": {
        "dmean": 0.974078536034,
        "dmean2": 1.42239642143,
        "dvar": 1.31042933464,
        "dvar2": 2.68782329559,
        "max": 17.0390396118,
        "mean": 4.07514572144,
        "median": 3.85220265388,
        "min": -5.09670829773,
        "stdev": 2.57953667641,
        "var": 6.65400886536
    },
    "barkbands_spread": {
        "dmean": 1.92953574657,
        "dmean2": 2.96655750275,
        "dvar": 54.98279953,
        "dvar2": 107.519989014,
        "max": 104.405357361,
        "mean": 5.12365674973,
        "median": 2.49069261551,
        "min": 0.241857483983,
        "stdev": 12.1676416397,
        "var": 148.051498413
    },
    "dissonance": {
        "dmean": 0.0427338257432,
        "dmean2": 0.0704425424337,
        "dvar": 0.00157597742509,
        "dvar2": 0.0041928300634,
        "max": 0.497576713562,
        "mean": 0.326583087444,
        "median": 0.327488541603,
        "min": 0.109890423715,
        "stdev": 0.0791835039854,
        "var": 0.00627002771944
    },
    "dynamic_complexity": 3.8879942894,
    "erbbands_crest": {
        "dmean": 2.76306724548,
        "dmean2": 4.21102619171,
        "dvar": 7.58974552155,
        "dvar2": 17.9670753479,
        "max": 31.3311519623,
        "mean": 16.6924514771,
        "median": 16.1911811829,
        "min": 3.26232767105,
        "stdev": 5.60656929016,
        "var": 31.4336204529
    },
    "erbbands_flatness_db": {
        "dmean": 0.0194053519517,
        "dmean2": 0.027297064662,
        "dvar": 0.000504699302837,
        "dvar2": 0.00101039651781,
        "max": 0.522510945797,
        "mean": 0.263600587845,
        "median": 0.268557161093,
        "min": 0.100914463401,
        "stdev": 0.048836749047,
        "var": 0.00238502793945
    },
    "erbbands_kurtosis": {
        "dmean": 6.81379175186,
        "dmean2": 10.2261095047,
        "dvar": 91.4097518921,
        "dvar2": 194.550018311,
        "max": 152.7552948,
        "mean": 18.8633537292,
        "median": 14.6662635803,
        "min": -1.93772816658,
        "stdev": 16.1877346039,
        "var": 262.042724609
    },
    "erbbands_skewness": {
        "dmean": 0.686451256275,
        "dmean2": 0.966440737247,
        "dvar": 0.626900732517,
        "dvar2": 1.14883065224,
        "max": 10.3796300888,
        "mean": 2.85857772827,
        "median": 2.84926247597,
        "min": -5.75762701035,
        "stdev": 1.79667770863,
        "var": 3.22805070877
    },
    "erbbands_spread": {
        "dmean": 5.88467645645,
        "dmean2": 9.02590942383,
        "dvar": 212.76272583,
        "dvar2": 491.330383301,
        "max": 179.716323853,
        "mean": 15.9072637558,
        "median": 10.7838401794,
        "min": 1.29188609123,
        "stdev": 18.2997951508,
        "var": 334.882476807
    },
    "hfc": {
        "dmean": 3.21287679672,
        "dmean2": 4.40349149704,
        "dvar": 113.270500183,
        "dvar2": 173.495132446,
        "max": 351.812988281,
        "mean": 11.3023948669,
        "median": 8.02884578705,
        "min": 1.2374722549e-16,
        "stdev": 16.4678649902,
        "var": 271.190551758
    },
    "loudness_ebu128": {
        "integrated": -13.6403999329,
        "loudness_range": 3.82395267487,
        "momentary": {
            "dmean": 0.858752250671,
            "dmean2": 0.908183693886,
            "dvar": 1.08947837353,
            "dvar2": 1.4880284071,
            "max": -9.82056522369,
            "mean": -14.6608343124,
            "median": -13.428068161,
            "min": -26.1308269501,
            "stdev": 3.27476382256,
            "var": 10.7240781784
        },
        "short_term": {
            "dmean": 0.117206767201,
            "dmean2": 0.0904013887048,
            "dvar": 0.0114261927083,
            "dvar2": 0.00924766436219,
            "max": -11.7681713104,
            "mean": -13.8979454041,
            "median": -13.4811449051,
            "min": -18.7717723846,
            "stdev": 1.48899841309,
            "var": 2.21711611748
        }
    },
    "melbands_crest": {
        "dmean": 2.49149727821,
        "dmean2": 3.95890855789,
        "dvar": 6.36411809921,
        "dvar2": 16.4449558258,
        "max": 30.76404953,
        "mean": 18.5860881805,
        "median": 18.1854915619,
        "min": 2.01998806,
        "stdev": 4.73340892792,
        "var": 22.4051609039
    },
    "melbands_flatness_db": {
        "dmean": 0.0227528810501,
        "dmean2": 0.0323838479817,
        "dvar": 0.000701347540598,
        "dvar2": 0.00133202539291,
        "max": 0.597436189651,
        "mean": 0.392336189747,
        "median": 0.39739125967,
        "min": 0.00579662388191,
        "stdev": 0.0639075189829,
        "var": 0.00408417079598
    },
    "melbands_kurtosis": {
        "dmean": 20.3684158325,
        "dmean2": 30.401807785,
        "dvar": 954.647949219,
        "dvar2": 2076.06469727,
        "max": 519.944335938,
        "mean": 48.1992225647,
        "median": 32.6226005554,
        "min": -1.71691691875,
        "stdev": 53.6463088989,
        "var": 2877.92651367
    },
    "melbands_skewness": {
        "dmean": 0.952994227409,
        "dmean2": 1.39171147346,
        "dvar": 1.37256395817,
        "dvar2": 2.92018222809,
        "max": 14.7198877335,
        "mean": 3.33879423141,
        "median": 3.01294088364,
        "min": -1.95266056061,
        "stdev": 2.36245942116,
        "var": 5.58121490479
    },
    "melbands_spread": {
        "dmean": 2.47138214111,
        "dmean2": 3.49118685722,
        "dvar": 157.843536377,
        "dvar2": 252.67036438,
        "max": 240.089431763,
        "mean": 6.40030574799,
        "median": 2.99060034752,
        "min": 0.388388752937,
        "stdev": 18.7087078094,
        "var": 350.015777588
    },
    "pitch_salience": {
        "dmean": 0.061272457242,
        "dmean2": 0.0962452441454,
        "dvar": 0.00391636136919,
        "dvar2": 0.00962151773274,
        "max": 0.839860737324,
        "mean": 0.473457962275,
        "median": 0.478242456913,
        "min": 0.112832866609,
        "stdev": 0.122754231095,
        "var": 0.0150686018169
    },
    "silence_rate_20dB": {
        "dmean": 0,
        "dmean2": 0,
        "dvar": 0,
        "dvar2": 0,
        "max": 1,
        "mean": 1,
        "median": 1,
        "min": 1,
        "stdev": 0,
        "var": 0
    },
    "silence_rate_30dB": {
        "dmean": 0.00412371149287,
        "dmean2": 0.00825167633593,
        "dvar": 0.00410677632317,
        "dvar2": 0.0112781794742,
        "max": 1,
        "mean": 0.997424006462,
        "median": 1,
        "min": 0,
        "stdev": 0.0506889931858,
        "var": 0.00256937392987
    },
    "silence_rate_60dB": {
        "dmean": 0.0221649482846,
        "dmean2": 0.0443527586758,
        "dvar": 0.0216743182391,
        "dvar2": 0.0496068373322,
        "max": 1,
        "mean": 0.0556414201856,
        "median": 0,
        "min": 0,
        "stdev": 0.22923065722,
        "var": 0.0525466911495
    },
    "spectral_centroid": {
        "dmean": 78.213973999,
        "dmean2": 107.551223755,
        "dvar": 144036.421875,
        "dvar2": 188946.96875,
        "max": 10634.7373047,
        "mean": 432.598052979,
        "median": 309.933776855,
        "min": 153.024749756,
        "stdev": 576.646118164,
        "var": 332520.71875
    },
    "spectral_complexity": {
        "dmean": 0.787113428116,
        "dmean2": 1.32490980625,
        "dvar": 0.726323902607,
        "dvar2": 1.59220159054,
        "max": 15,
        "mean": 5.02730560303,
        "median": 5,
        "min": 0,
        "stdev": 1.90738320351,
        "var": 3.63811063766
    },
    "spectral_decrease": {
        "dmean": 1.65605817948e-09,
        "dmean2": 2.36764652328e-09,
        "dvar": 6.50172646863e-18,
        "dvar2": 1.28238927058e-17,
        "max": 4.78621396794e-29,
        "mean": -6.62151533604e-09,
        "median": -6.20047657662e-09,
        "min": -4.17589163249e-08,
        "stdev": 5.02080865772e-09,
        "var": 2.52085177647e-17
    },
    "spectral_energy": {
        "dmean": 0.0064822724089,
        "dmean2": 0.00927606318146,
        "dvar": 9.88494721241e-05,
        "dvar2": 0.00019449746469,
        "max": 0.164282754064,
        "mean": 0.0260162688792,
        "median": 0.024422807619,
        "min": 1.10436003087e-20,
        "stdev": 0.0196976643056,
        "var": 0.000387998006772
    },
    "spectral_energyband_high": {
        "dmean": 0.000161455202033,
        "dmean2": 0.000227571988944,
        "dvar": 1.89483534996e-06,
        "dvar2": 2.89763579531e-06,
        "max": 0.0446346662939,
        "mean": 0.000280037900666,
        "median": 4.16483453591e-05,
        "min": 7.92410269375e-21,
        "stdev": 0.00186879618559,
        "var": 3.49239940078e-06
    },
    "spectral_energyband_low": {
        "dmean": 0.00146789767314,
        "dmean2": 0.00248303683475,
        "dvar": 1.13275527838e-05,
        "dvar2": 2.97734914056e-05,
        "max": 0.0639195218682,
        "mean": 0.00298800505698,
        "median": 0.001525972737,
        "min": 2.09448660342e-23,
        "stdev": 0.00436593638733,
        "var": 1.90613991435e-05
    },
    "spectral_energyband_middle_high": {
        "dmean": 0.000339017889928,
        "dmean2": 0.000439452793216,
        "dvar": 1.27209034417e-06,
        "dvar2": 2.25008466259e-06,
        "max": 0.0267288703471,
        "mean": 0.000829672731925,
        "median": 4.76793502457e-05,
        "min": 1.60189836508e-21,
        "stdev": 0.00244458112866,
        "var": 5.97597681917e-06
    },
    "spectral_energyband_middle_low": {
        "dmean": 0.00604664674029,
        "dmean2": 0.00857441779226,
        "dvar": 9.05667475308e-05,
        "dvar2": 0.000181511728442,
        "max": 0.158977046609,
        "mean": 0.0231699198484,
        "median": 0.0213201772422,
        "min": 3.03856800865e-22,
        "stdev": 0.0189752578735,
        "var": 0.00036006042501
    },
    "spectral_entropy": {
        "dmean": 0.225313723087,
        "dmean2": 0.323542892933,
        "dvar": 0.0760157853365,
        "dvar2": 0.129547283053,
        "max": 9.79413986206,
        "mean": 5.77948331833,
        "median": 5.69733953476,
        "min": 4.18520307541,
        "stdev": 0.645953476429,
        "var": 0.417255908251
    },
    "spectral_flux": {
        "dmean": 0.021093737334,
        "dmean2": 0.0325139649212,
        "dvar": 0.000670549983624,
        "dvar2": 0.00147232273594,
        "max": 0.352872341871,
        "mean": 0.0510350950062,
        "median": 0.0388721451163,
        "min": 1.05088535096e-10,
        "stdev": 0.0420154072344,
        "var": 0.00176529446617
    },
    "spectral_kurtosis": {
        "dmean": 3.81554746628,
        "dmean2": 6.05944490433,
        "dvar": 23.6905345917,
        "dvar2": 56.8124961853,
        "max": 94.0626220703,
        "mean": 11.6344041824,
        "median": 9.82449054718,
        "min": -1.18120479584,
        "stdev": 8.85994434357,
        "var": 78.4986190796
    },
    "spectral_rms": {
        "dmean": 0.000622371444479,
        "dmean2": 0.000889922666829,
        "dvar": 6.17217267518e-07,
        "dvar2": 1.13869930374e-06,
        "max": 0.0126600097865,
        "mean": 0.00464150449261,
        "median": 0.00488130422309,
        "min": 3.28241427094e-12,
        "stdev": 0.00195913761854,
        "var": 3.83822043659e-06
    },
    "spectral_rolloff": {
        "dmean": 153.551300049,
        "dmean2": 264.672515869,
        "dvar": 825270.4375,
        "dvar2": 1474839.875,
        "max": 18949.21875,
        "mean": 601.708251953,
        "median": 344.53125,
        "min": 129.19921875,
        "stdev": 1266.99304199,
        "var": 1605271.5
    },
    "spectral_skewness": {
        "dmean": 0.388455539942,
        "dmean2": 0.579204499722,
        "dvar": 0.191186979413,
        "dvar2": 0.37916007638,
        "max": 9.30134105682,
        "mean": 2.86118483543,
        "median": 2.8719804287,
        "min": -0.696251928806,
        "stdev": 0.994603395462,
        "var": 0.989235937595
    },
    "spectral_spread": {
        "dmean": 682263.6875,
        "dmean2": 999088.5,
        "dvar": 1.38610409472e+12,
        "dvar2": 1.97155579494e+12,
        "max": 40386380,
        "mean": 4577398,
        "median": 4136787.25,
        "min": 1283108.125,
        "stdev": 2047505.625,
        "var": 4.19227919974e+12
    },
    "spectral_strongpeak": {
        "dmean": 0.361442804337,
        "dmean2": 0.565814137459,
        "dvar": 0.322335898876,
        "dvar2": 0.636069715023,
        "max": 7.79823303223,
        "mean": 1.35313403606,
        "median": 1.04667210579,
        "min": 0,
        "stdev": 1.27675378323,
        "var": 1.63010025024
    },
    "zerocrossingrate": {
        "dmean": 0.00572119653225,
        "dmean2": 0.00620714016259,
        "dvar": 0.000237099709921,
        "dvar2": 0.000180161063327,
        "max": 0.50537109375,
        "mean": 0.026702016592,
        "median": 0.01904296875,
        "min": 0.00634765625,
        "stdev": 0.0346273481846,
        "var": 0.0011990533676
    },
    "barkbands": {
        "dmean": [2.53437228821e-05, 4.74548432976e-05, 0.000789487385191, 0.00137326447293, 0.00358330761082, 0.000445350218797, 0.00147328723688, 0.00126595119946, 0.000772461586166, 0.000132185959956, 0.000195380052901, 9.72583948169e-05, 2.49582535616e-05, 1.22902829389e-05, 3.74996079699e-06, 4.42539385404e-06, 1.54926556206e-06, 2.54821952694e-06, 2.54686574408e-06, 6.08971049587e-06, 9.82891742751e-06, 4.59467155451e-05, 5.10240606673e-05, 5.6179229432e-05, 2.05018804991e-05, 3.91691492041e-06, 1.70054590853e-07],
        "dmean2": [4.5111435611e-05, 8.53505262057e-05, 0.00124801776838, 0.00241411360912, 0.00520272925496, 0.0006090545794, 0.0020369135309, 0.00170726759825, 0.00107195274904, 0.000182052055607, 0.0002680150792, 0.000132327055326, 3.65579981008e-05, 1.76186222234e-05, 5.7863053371e-06, 5.89926003158e-06, 2.21654249799e-06, 3.69595659322e-06, 3.83079304811e-06, 8.74507713888e-06, 1.52727316163e-05, 7.20471362001e-05, 6.93778129062e-05, 7.88499528426e-05, 2.59032440226e-05, 5.66543985769e-06, 2.85067073946e-07],
        "dvar": [1.28745742956e-08, 6.63823840341e-09, 3.80887468054e-06, 7.33169736122e-06, 3.88164080505e-05, 2.27501800509e-06, 2.28829339903e-05, 2.27022574109e-05, 7.552061561e-06, 4.32245968796e-07, 6.54346479223e-07, 1.92377484609e-07, 1.74522547525e-08, 6.33013108597e-09, 5.37320798966e-10, 3.85167231443e-10, 3.44154392484e-11, 4.75393335808e-11, 7.04223346304e-11, 3.43865991237e-10, 3.57598661793e-09, 3.13714593858e-07, 1.64072943676e-07, 9.61197557103e-08, 5.05388513261e-08, 6.31853513955e-10, 3.83399150101e-13],
        "dvar2": [3.29186100601e-08, 1.82594970255e-08, 9.19670674193e-06, 2.15884101635e-05, 8.78104037838e-05, 4.68041571366e-06, 5.09763376613e-05, 4.53642496723e-05, 1.41341351991e-05, 8.10564358744e-07, 1.17027900615e-06, 3.1757312513e-07, 3.38741479311e-08, 1.43532385977e-08, 1.33379984835e-09, 7.82626741191e-10, 5.18500346824e-11, 9.35809832403e-11, 1.57224608333e-10, 6.35518804248e-10, 9.26369914112e-09, 6.39329414298e-07, 2.95089563451e-07, 1.51966730755e-07, 7.40137977573e-08, 1.17308840419e-09, 1.00656744224e-12],
        "max": [0.00239882175811, 0.00142173864879, 0.0373427532613, 0.0301583390683, 0.0982312038541, 0.0262993462384, 0.0947845801711, 0.10856449604, 0.0638496279716, 0.0225202795118, 0.0224073324353, 0.0164719689637, 0.00412466563284, 0.00218637450598, 0.000685371051077, 0.000658601929899, 0.000202591749257, 0.00012560095638, 0.000236983265495, 0.000379343749955, 0.0018529392546, 0.0152425793931, 0.0108692478389, 0.00960478466004, 0.00991313625127, 0.000682250945829, 1.39182775456e-05],
        "mean": [2.50063967542e-05, 0.000112486995931, 0.0016467286041, 0.00253219506703, 0.0108963930979, 0.00102654099464, 0.00390617991798, 0.00257685733959, 0.00210245512426, 0.00024675577879, 0.000386269181035, 0.000177634996362, 4.96382490383e-05, 1.8830261979e-05, 6.08512027611e-06, 8.70755593496e-06, 2.79309369944e-06, 5.0532817113e-06, 4.83041094412e-06, 1.09474767669e-05, 1.39812136695e-05, 5.89064584346e-05, 7.29327293811e-05, 9.48438537307e-05, 2.70318232651e-05, 6.06086041444e-06, 1.81478753802e-07],
        "median": [5.72904946239e-06, 8.14726008684e-05, 0.000727236736566, 0.00143909244798, 0.00761185353622, 5.72592107346e-05, 0.000334296375513, 0.000153126180521, 7.65946897445e-05, 1.07615442175e-05, 4.07789684687e-06, 4.68070084025e-06, 2.73138607554e-06, 1.09008021809e-06, 7.83993812092e-07, 6.94910852417e-07, 7.87620592746e-07, 9.81603420769e-07, 1.19862636438e-06, 1.93278015104e-06, 2.53324628829e-06, 2.38587631429e-06, 7.8312932601e-06, 1.21137809401e-05, 2.69500378636e-06, 8.66615494033e-07, 2.5420284544e-08],
        "min": [4.00867912585e-24, 1.00679745647e-23, 5.44961679406e-24, 9.20731863961e-24, 3.52341283883e-23, 2.78638009509e-23, 8.42894848003e-23, 3.26949176631e-23, 7.7540786067e-23, 6.53469276038e-23, 1.2675814611e-22, 1.96749609045e-22, 1.17537283517e-22, 9.76217705239e-23, 1.06986149003e-22, 9.45440581012e-23, 9.88247076737e-23, 1.96808931385e-22, 2.9793062531e-22, 3.18424449077e-22, 5.68062499138e-22, 5.41466754227e-22, 6.38861768262e-22, 9.73739003301e-22, 1.2869554053e-21, 1.64633630089e-21, 2.43271637109e-21],
        "stdev": [0.00012015359971, 0.000102734331449, 0.00267221545801, 0.00318336719647, 0.0113478954881, 0.00267181708477, 0.00865548104048, 0.00774216698483, 0.00647942302749, 0.000979749369435, 0.00157030695118, 0.000896307232324, 0.000246834795689, 0.000104174258013, 3.12818738166e-05, 4.36434493167e-05, 1.02872891148e-05, 1.31223960125e-05, 1.32462309921e-05, 2.95434856525e-05, 6.28505877103e-05, 0.000683071499225, 0.000514226732776, 0.000416528491769, 0.000289941730443, 3.11013245664e-05, 6.24624078682e-07],
        "var": [1.44368881294e-08, 1.0554342289e-08, 7.14073576091e-06, 1.01338273453e-05, 0.000128774729092, 7.13860708856e-06, 7.49173559598e-05, 5.99411469011e-05, 4.19829229941e-05, 9.599087889e-07, 2.46586409958e-06, 8.03366617674e-07, 6.09274124486e-08, 1.08522755227e-08, 9.78555569908e-10, 1.90475057948e-09, 1.05828318331e-10, 1.72197284209e-10, 1.75462630536e-10, 8.72817540465e-10, 3.95019617017e-09, 4.66586669745e-07, 2.64429104391e-07, 1.73495976696e-07, 8.40662153223e-08, 9.67292468346e-10, 3.90155274624e-13]
    },
    "erbbands": {
        "dmean": [0.00120182102546, 0.0189338270575, 0.546624183655, 3.15114092827, 7.41117715836, 15.3520021439, 7.15290546417, 3.43976664543, 14.2131099701, 27.7774791718, 27.3853969574, 15.5721874237, 7.76670122147, 3.73844385147, 8.26065921783, 2.50376605988, 1.1273086071, 0.375686585903, 0.56136405468, 0.163632392883, 0.27677205205, 0.0919127762318, 0.146053195, 0.0848197415471, 0.168988242745, 0.302433937788, 0.285982877016, 0.573172271252, 1.35608518124, 1.78325641155, 1.43999564648, 1.44345402718, 0.786048054695, 0.272233426571, 0.123141333461, 0.0287600681186, 0.00543604930863, 0.000706606311724, 1.99947280635e-05, 7.91347429185e-06],
        "dmean2": [0.00201110728085, 0.0322721488774, 0.875205755234, 5.4396033287, 10.6668615341, 22.786283493, 9.33147907257, 4.80131196976, 19.4473514557, 38.136631012, 36.866481781, 20.9977912903, 9.84649372101, 5.19279003143, 11.2646741867, 3.38998937607, 1.66517555714, 0.541678011417, 0.808966696262, 0.240782305598, 0.359651952982, 0.125011071563, 0.204867616296, 0.124966710806, 0.237446129322, 0.438259810209, 0.433254063129, 0.87265175581, 2.03258395195, 2.84791755676, 1.95298194885, 2.08217835426, 1.0443598032, 0.367159038782, 0.175692856312, 0.0408796817064, 0.00779185257852, 0.00105320033617, 2.90168645734e-05, 1.12572679427e-05],
        "dvar": [6.34836987956e-06, 0.00152808555868, 1.79963040352, 44.07421875, 274.636230469, 666.871704102, 251.381271362, 172.823745728, 3358.0847168, 8228.02539062, 10710.9892578, 3823.05664062, 641.972473145, 540.213256836, 973.027587891, 97.3056335449, 31.8587532043, 2.73455834389, 15.2521524429, 0.59954559803, 1.6987349987, 0.0897593423724, 0.177979171276, 0.0773455575109, 0.270724177361, 0.919589698315, 1.9465212822, 16.0313091278, 254.67956543, 409.643707275, 130.86114502, 73.2795257568, 18.4291210175, 8.17885494232, 2.01091313362, 0.0359600707889, 0.00102890585549, 1.35294676511e-05, 7.78497799558e-09, 2.02204003541e-10],
        "dvar2": [1.45052217704e-05, 0.00407008919865, 4.42143201828, 123.59186554, 604.976318359, 1548.40368652, 462.434753418, 369.717803955, 7281.07470703, 17695.3085938, 19560.8535156, 6544.26513672, 935.790649414, 1030.46472168, 1749.02416992, 171.086608887, 61.1132965088, 5.53416395187, 32.9054298401, 1.22339451313, 3.41464090347, 0.125134155154, 0.366005986929, 0.170800507069, 0.531439304352, 1.55194580555, 5.05797767639, 39.0290679932, 508.655395508, 889.913452148, 214.029937744, 126.529373169, 27.9852771759, 11.1114416122, 4.11366510391, 0.0612309761345, 0.00216379133053, 2.65092003247e-05, 1.46716425675e-08, 3.52054718711e-10],
        "max": [0.0669364109635, 0.611827075481, 24.0419559479, 109.401504517, 313.991149902, 331.823883057, 333.743774414, 311.820343018, 1577.41430664, 2222.74169922, 1989.39025879, 1929.98693848, 806.664550781, 927.12902832, 717.661132812, 242.944442749, 137.195068359, 46.6111564636, 102.479537964, 24.0632915497, 45.5314064026, 12.4017038345, 8.66307830811, 7.2424197197, 13.3053874969, 21.8266124725, 42.8925209045, 91.1615219116, 421.61541748, 611.620361328, 335.913757324, 252.656021118, 139.865997314, 120.855110168, 58.1440620422, 6.11966180801, 0.845832407475, 0.112462118268, 0.00274106813595, 0.000389431632357],
        "mean": [0.00395240122452, 0.0496430061758, 1.23939824104, 6.13578605652, 17.9539260864, 44.083065033, 25.9718456268, 8.23502826691, 29.5206260681, 80.7448272705, 58.9028358459, 43.9465141296, 19.8590202332, 7.42576885223, 16.8706989288, 4.98533439636, 2.37826776505, 0.805362641811, 0.831257343292, 0.288351744413, 0.556496560574, 0.214400410652, 0.292904675007, 0.168005883694, 0.351898401976, 0.539163410664, 0.493421405554, 0.744771897793, 1.72862589359, 2.37643384933, 2.11987376213, 2.30309057236, 1.29959046841, 0.376487672329, 0.153726607561, 0.0443257763982, 0.00808404851705, 0.000988630927168, 3.86185565731e-05, 3.0953426176e-05],
        "median": [0.0029430417344, 0.0334371812642, 0.579553902149, 3.51327109337, 7.59453821182, 24.764421463, 5.53584480286, 1.6290551424, 3.15681815147, 11.1871910095, 6.06599760056, 2.64371109009, 1.0633790493, 0.422661155462, 0.279043793678, 0.213146284223, 0.173152342439, 0.0617650598288, 0.0640292614698, 0.0455606654286, 0.0363647900522, 0.0504013374448, 0.0543218590319, 0.0476892776787, 0.0862005501986, 0.0940590575337, 0.0899390205741, 0.102261044085, 0.0827567577362, 0.132125467062, 0.22674292326, 0.347113609314, 0.130637973547, 0.0340310633183, 0.0161115657538, 0.00600391114131, 0.00115248421207, 0.000200613954803, 2.02196642931e-05, 2.88280116365e-05],
        "min": [1.76752123937e-22, 2.74564550151e-21, 4.63899245339e-21, 1.69586258896e-20, 5.16697755708e-20, 1.76690548055e-19, 1.40846123776e-19, 2.98732555911e-19, 9.43534422454e-19, 1.00546409075e-18, 1.07873409505e-18, 1.56854113316e-18, 2.44946005119e-18, 4.10797413656e-18, 4.12121688458e-18, 9.14304651341e-18, 5.43594850352e-18, 5.49376470602e-18, 4.36189170125e-18, 5.80931053507e-18, 5.86123473007e-18, 5.34827480321e-18, 1.17600813626e-17, 1.39854486733e-17, 1.50992920358e-17, 1.63144766039e-17, 1.8148377381e-17, 2.15240435582e-17, 1.82245425174e-17, 2.30109023636e-17, 1.96626506063e-17, 1.882293159e-17, 1.57345402765e-17, 1.21310677314e-17, 9.81765862506e-18, 5.55355414788e-18, 3.25680880176e-18, 1.27174728181e-18, 3.65987199397e-19, 3.59283087941e-20],
        "stdev": [0.00352003541775, 0.0547854565084, 1.88764357567, 8.13960647583, 27.3700428009, 51.7453956604, 49.2311058044, 21.426940918, 83.6105804443, 171.836029053, 162.336486816, 148.958786011, 71.4265518188, 32.0563621521, 60.7206001282, 18.6396026611, 10.8944482803, 3.206148386, 5.03081798553, 1.26067662239, 2.92336058617, 0.717042028904, 0.768370449543, 0.423088520765, 0.901497721672, 1.54848027229, 1.55365073681, 4.41276216507, 19.1933441162, 24.5387992859, 15.0941591263, 10.8379631042, 6.01079130173, 3.89246678352, 1.5218834877, 0.242761075497, 0.0388743877411, 0.00437363050878, 0.00011133713997, 2.55558770732e-05],
        "var": [1.23906493172e-05, 0.00300144637004, 3.56319832802, 66.2531890869, 749.11920166, 2677.5859375, 2423.70166016, 459.113830566, 6990.72949219, 29527.6230469, 26353.1347656, 22188.71875, 5101.75195312, 1027.61047363, 3686.99121094, 347.434753418, 118.688995361, 10.2793874741, 25.309129715, 1.58930552006, 8.54603672028, 0.514149308205, 0.590393126011, 0.179003894329, 0.812698185444, 2.39779114723, 2.41383075714, 19.4724693298, 368.384490967, 602.152709961, 227.833648682, 117.46144104, 36.129611969, 15.1512975693, 2.31612944603, 0.0589329376817, 0.00151121802628, 1.91286435438e-05, 1.2395958926e-08, 6.53102849579e-10]
    },
    "gfcc": {
        "mean": [-119.889595032, 123.518516541, -46.7335205078, 21.9185123444, -97.2679977417, 2.32689785957, -42.2046356201, -3.73214030266, -27.2662792206, -15.5038747787, -17.5865268707, -17.4411849976, -16.8606853485],
        "cov": [[5693.91845703, -1237.13623047, -308.490783691, -987.407104492, -1238.48242188, 79.8335723877, -447.392486572, 462.987701416, -293.218109131, 37.4680519104, 30.7260532379, -14.3164625168, -77.8289413452], [-1237.13623047, 1222.63806152, -209.473098755, 0.164015650749, 453.435150146, -163.413024902, 310.674560547, -190.581115723, 44.1589851379, -114.161987305, 63.268573761, -124.405532837, -13.7416267395], [-308.490783691, -209.473098755, 612.682250977, 267.360046387, -120.459777832, -47.294719696, -213.814910889, -72.107963562, 43.4979133606, 13.9251127243, -43.883480072, 30.0794525146, 2.88421654701], [-987.407104492, 0.164015650749, 267.360046387, 961.163879395, 401.326385498, -45.4222946167, 24.9917144775, -171.292434692, 191.781600952, 58.6525154114, -123.381942749, -54.2109107971, -6.56847476959], [-1238.48242188, 453.435150146, -120.459777832, 401.326385498, 611.670349121, 5.65918874741, 198.486999512, -153.513092041, 88.1631851196, 13.334239006, -67.3078231812, -45.397228241, 11.3233833313], [79.8335723877, -163.413024902, -47.294719696, -45.4222946167, 5.65918874741, 242.984542847, 88.8599243164, -14.121011734, -63.8072395325, 20.3189983368, -4.40804338455, 31.4102973938, -15.1199512482], [-447.392486572, 310.674560547, -213.814910889, 24.9917144775, 198.486999512, 88.8599243164, 350.764923096, -45.2956504822, -48.0881271362, -11.8728370667, 12.7780847549, -26.2424087524, -42.5312805176], [462.987701416, -190.581115723, -72.107963562, -171.292434692, -153.513092041, -14.121011734, -45.2956504822, 216.769805908, -5.39443969727, -7.46140050888, 4.55405426025, 0.0138561520725, 8.36099433899], [-293.218109131, 44.1589851379, 43.4979133606, 191.781600952, 88.1631851196, -63.8072395325, -48.0881271362, -5.39443969727, 179.113388062, 22.4829616547, -55.2718544006, -26.1891078949, 4.38380622864], [37.4680519104, -114.161987305, 13.9251127243, 58.6525154114, 13.334239006, 20.3189983368, -11.8728370667, -7.46140050888, 22.4829616547, 121.966346741, -15.0886526108, -13.159403801, -9.37765026093], [30.7260532379, 63.268573761, -43.883480072, -123.381942749, -67.3078231812, -4.40804338455, 12.7780847549, 4.55405426025, -55.2718544006, -15.0886526108, 104.446151733, -3.21529102325, -12.1576194763], [-14.3164625168, -124.405532837, 30.0794525146, -54.2109107971, -45.397228241, 31.4102973938, -26.2424087524, 0.0138561520725, -26.1891078949, -13.159403801, -3.21529102325, 131.610321045, 19.3353462219], [-77.8289413452, -13.7416267395, 2.88421654701, -6.56847476959, 11.3233833313, -15.1199512482, -42.5312805176, 8.36099433899, 4.38380622864, -9.37765026093, -12.1576194763, 19.3353462219, 86.0221557617]],
        "icov": [[0.000588219612837, -3.58085562766e-05, 0.00088918133406, -0.000210111596971, 0.0012290335726, -0.00015296782658, 0.000876488280483, -0.000150344887516, 0.00101942254696, -0.000168425802258, 0.0012752211187, 0.000483894633362, 0.000741067749914], [-3.58085562766e-05, 0.00399489887059, -0.000876837875694, 0.00216722954065, -0.00277919508517, 0.00312303029932, -0.0031440993771, 0.00270071602426, -0.00213386467658, 0.00277312030084, -0.00232969992794, 0.0024125284981, -0.000562068133149], [0.00088918133406, -0.000876837875694, 0.00463497173041, -0.00200137984939, 0.00359248532914, -0.000787426833995, 0.00351590430364, 0.000429723935667, 0.00256634363905, -0.000523285823874, 0.00316524622031, -0.000208805780858, 0.00174792506732], [-0.000210111596971, 0.00216722954065, -0.00200137984939, 0.00369804981165, -0.00321885594167, 0.00177797488868, -0.00228790170513, 0.00196400121786, -0.0028535798192, 0.00106188689824, -0.000871066295076, 0.00157596508507, -0.000296436192002], [0.0012290335726, -0.00277919508517, 0.00359248532914, -0.00321885594167, 0.00836366228759, -0.00217170105316, 0.00239293230698, -0.000265087437583, 0.00284691154957, -0.00204505794682, 0.0053030452691, -0.000339672231348, 0.000485817581648], [-0.00015296782658, 0.00312303029932, -0.000787426833995, 0.00177797488868, -0.00217170105316, 0.00791044719517, -0.00396494893357, 0.00241015804932, -8.14592349343e-05, 0.000861970358528, -0.00067853461951, 0.000488456746098, -0.00010326046322], [0.000876488280483, -0.0031440993771, 0.00351590430364, -0.00228790170513, 0.00239293230698, -0.00396494893357, 0.00935329403728, -0.00204824469984, 0.00472564576194, -0.00153616268653, 0.00346956262365, -0.000709364830982, 0.00405133981258], [-0.000150344887516, 0.00270071602426, 0.000429723935667, 0.00196400121786, -0.000265087437583, 0.00241015804932, -0.00204824469984, 0.00860560219735, -0.00246573775075, 0.00208019209094, -0.00035629485501, 0.00204405584373, -0.00111701653805], [0.00101942254696, -0.00213386467658, 0.00256634363905, -0.0028535798192, 0.00284691154957, -8.14592349343e-05, 0.00472564576194, -0.00246573775075, 0.0122654447332, -0.00246230186895, 0.00648646987975, 0.000272340723313, 0.00242660730146], [-0.000168425802258, 0.00277312030084, -0.000523285823874, 0.00106188689824, -0.00204505794682, 0.000861970358528, -0.00153616268653, 0.00208019209094, -0.00246230186895, 0.011037026532, -0.00136264727917, 0.00245922524482, 0.000431570515502], [0.0012752211187, -0.00232969992794, 0.00316524622031, -0.000871066295076, 0.0053030452691, -0.00067853461951, 0.00346956262365, -0.00035629485501, 0.00648646987975, -0.00136264727917, 0.01754200086, 0.000620547041763, 0.00340234581381], [0.000483894633362, 0.0024125284981, -0.000208805780858, 0.00157596508507, -0.000339672231348, 0.000488456746098, -0.000709364830982, 0.00204405584373, 0.000272340723313, 0.00245922524482, 0.000620547041763, 0.0107961650938, -0.00155305559747], [0.000741067749914, -0.000562068133149, 0.00174792506732, -0.000296436192002, 0.000485817581648, -0.00010326046322, 0.00405133981258, -0.00111701653805, 0.00242660730146, 0.000431570515502, 0.00340234581381, -0.00155305559747, 0.0149072352797]]
    },
    "melbands": {
        "dmean": [1.16042983791e-05, 0.000227457800065, 0.000581951695494, 0.000860837113578, 0.00033606152283, 8.44312235131e-05, 0.000241157671553, 0.000290763244266, 0.000218790402869, 9.00756131159e-05, 3.64734078175e-05, 1.39796138683e-05, 3.03389151668e-05, 1.24900452647e-05, 4.12833060182e-06, 1.82632140877e-06, 7.02207444192e-07, 1.23707002331e-06, 1.68283264657e-07, 2.20503650894e-07, 3.33882610448e-07, 8.49026307037e-08, 1.51232626422e-07, 1.15404795054e-07, 6.77093936474e-08, 1.19812270327e-07, 1.68950649027e-07, 2.15105103507e-07, 1.9154585118e-07, 2.33461989296e-07, 3.63598076092e-07, 7.02590000401e-07, 1.12589941637e-06, 9.75237639977e-07, 8.41248208872e-07, 9.06664922695e-07, 9.39272183587e-07, 6.96431300184e-07, 2.74180507631e-07, 2.39164734239e-07],
        "dmean2": [1.97272693185e-05, 0.000369056215277, 0.000951138616074, 0.00125373597257, 0.000460013281554, 0.000117141360533, 0.000330160924932, 0.000399404088967, 0.000300132989651, 0.000120547127153, 4.60127303086e-05, 1.96670735022e-05, 4.15014037571e-05, 1.59561022883e-05, 6.17561317995e-06, 2.46705644713e-06, 1.05137792161e-06, 1.76065964297e-06, 2.57281271843e-07, 3.16180745585e-07, 4.44087760343e-07, 1.22068669839e-07, 2.1073439882e-07, 1.7254683371e-07, 1.01917230211e-07, 1.77504730914e-07, 2.43939012989e-07, 3.16504440434e-07, 2.90400777203e-07, 3.62615026006e-07, 5.58979650123e-07, 1.0534976127e-06, 1.75489981302e-06, 1.51117490077e-06, 1.18105674574e-06, 1.26444911075e-06, 1.42133251302e-06, 9.50687137902e-07, 4.26207805049e-07, 3.04690928488e-07],
        "dvar": [5.61932500531e-10, 2.98173205238e-07, 1.23191261991e-06, 2.50505536314e-06, 3.62658937547e-07, 9.10793573894e-08, 7.88697207099e-07, 8.91161619165e-07, 6.73831948461e-07, 1.16096657621e-07, 1.55089789899e-08, 9.47975120624e-09, 1.55601647123e-08, 3.17876569511e-09, 4.38284991633e-10, 7.16532735923e-11, 1.30987330357e-11, 7.62143126387e-11, 7.2599364671e-13, 6.70399282962e-13, 2.95206914469e-12, 8.29659488354e-14, 2.26998527939e-13, 1.10558053869e-13, 5.70627597366e-14, 1.74746000547e-13, 2.63481619335e-13, 4.75106336651e-13, 5.65831778133e-13, 2.91335315247e-12, 6.73060825823e-12, 6.3737098932e-11, 1.98054850298e-10, 9.46943704005e-11, 4.96308376341e-11, 3.29385130282e-11, 2.75567797747e-11, 1.22574268444e-11, 5.25972407989e-12, 7.51495306955e-12],
        "dvar2": [1.36939481976e-09, 7.38920164167e-07, 3.1280951589e-06, 5.68131281398e-06, 7.01973988271e-07, 1.88616141372e-07, 1.7272786863e-06, 1.87306989119e-06, 1.22060237118e-06, 1.97711656824e-07, 2.26259331271e-08, 1.81592625381e-08, 2.74393787691e-08, 5.3666879829e-09, 8.8772755813e-10, 1.30858476832e-10, 2.96829852364e-11, 1.63852445501e-10, 1.64694495021e-12, 1.33259668491e-12, 6.1195909451e-12, 1.14717697147e-13, 4.03469792298e-13, 2.48905334278e-13, 1.30515322399e-13, 3.95761087747e-13, 5.20787189415e-13, 7.88374899217e-13, 1.43171531488e-12, 7.65637813566e-12, 1.67189907752e-11, 1.35352951069e-10, 3.71142505617e-10, 2.20238174919e-10, 9.01342889215e-11, 5.24617294051e-11, 5.00887491206e-11, 1.9698668044e-11, 9.34324492774e-12, 1.08292385476e-11],
        "max": [0.00059058930492, 0.0102615728974, 0.0148675879464, 0.0251187290996, 0.0122858267277, 0.00615070527419, 0.0224744807929, 0.0269800852984, 0.0137934768572, 0.0107298474759, 0.00395325105637, 0.00398251228034, 0.00340047245845, 0.00191440864, 0.000697498908266, 0.000207969147596, 0.000102315301774, 0.000228649441851, 2.58963409578e-05, 1.84413747775e-05, 6.21294093435e-05, 9.70785004029e-06, 1.13351507025e-05, 6.139211564e-06, 6.17542173131e-06, 1.00158977148e-05, 1.40185111377e-05, 1.61197840498e-05, 1.71195624716e-05, 5.8156583691e-05, 6.76480049151e-05, 0.000228831922868, 0.000419269956183, 0.000295061297948, 0.000187136640307, 0.000190513048437, 0.000142675955431, 0.000104122009361, 7.77627647039e-05, 0.000119217220345],
        "mean": [3.29945178237e-05, 0.000498718349263, 0.00133709586225, 0.00228128116578, 0.00122791423928, 0.000189629354281, 0.000543743837625, 0.000826778821647, 0.000485001306515, 0.000251589546679, 9.19680605875e-05, 2.54746209976e-05, 6.18369958829e-05, 2.439531454e-05, 7.29579096514e-06, 3.383916237e-06, 1.29435443341e-06, 1.73548517068e-06, 2.87957817591e-07, 3.76214757125e-07, 6.81464427998e-07, 1.52733250047e-07, 3.19760545153e-07, 1.95168880168e-07, 1.17422416679e-07, 2.22544557005e-07, 3.20287171007e-07, 3.61471592214e-07, 3.04741035961e-07, 3.14536094947e-07, 4.54440908015e-07, 8.70675762599e-07, 1.41165594414e-06, 1.23439281197e-06, 1.15883335639e-06, 1.36395601658e-06, 1.44698026361e-06, 1.10006817522e-06, 4.26645442531e-07, 2.78908885321e-07],
        "median": [2.41360958171e-05, 0.000238542954321, 0.000787399243563, 0.00136275123805, 0.00034712132765, 1.15682350952e-05, 4.57423084299e-05, 8.26084506116e-05, 1.30412845465e-05, 1.10240962385e-05, 2.91108017336e-06, 1.45656383665e-06, 9.36656704198e-07, 4.27071057629e-07, 4.34271981931e-07, 2.28323671081e-07, 8.81511041939e-08, 1.06721316229e-07, 5.08271611466e-08, 4.98255445791e-08, 3.55392373308e-08, 4.71357779475e-08, 4.59532607522e-08, 4.52085657798e-08, 3.38825607571e-08, 4.68335059622e-08, 7.33627913974e-08, 5.26986561056e-08, 4.48828672006e-08, 6.208147596e-08, 5.12377518191e-08, 3.88018115416e-08, 4.25147845817e-08, 7.57072413649e-08, 8.93581244554e-08, 1.99698462211e-07, 1.89237781001e-07, 9.99535103574e-08, 2.52408778323e-08, 1.84499207023e-08],
        "min": [3.04355119566e-24, 3.11932049674e-24, 4.06086740232e-24, 8.79221845357e-24, 5.76860216741e-24, 6.60025680459e-24, 1.52874443451e-23, 9.02770684441e-24, 1.00051173389e-23, 1.02872029545e-23, 1.11234310128e-23, 1.49721965947e-23, 1.39449829447e-23, 2.05987044027e-23, 2.01896184922e-23, 9.2421807696e-24, 1.07557602998e-23, 6.604266979e-24, 8.41172086226e-24, 7.02739619134e-24, 6.89452834908e-24, 4.53571473004e-24, 9.31573100496e-24, 9.75946684187e-24, 1.1891109425e-23, 9.56884175956e-24, 1.40028758688e-23, 8.91079055851e-24, 9.46398400146e-24, 1.47912760792e-23, 1.07029160855e-23, 9.99422316979e-24, 1.0081079122e-23, 1.32623405826e-23, 1.32962836897e-23, 7.96584090141e-24, 1.27122457853e-23, 9.90263799642e-24, 1.1906734393e-23, 1.00764066989e-23],
        "stdev": [3.10387731588e-05, 0.000752938678488, 0.00156047171913, 0.00256165955216, 0.00185695767868, 0.000506203854457, 0.00135244312696, 0.00175706867594, 0.00136408093385, 0.000826350587886, 0.000353246985469, 0.000127621693537, 0.000239064436755, 0.000117881616461, 3.46192173311e-05, 1.52455513671e-05, 5.65201025893e-06, 1.09513166535e-05, 1.38901089031e-06, 1.35465734274e-06, 3.92647916669e-06, 5.00735495734e-07, 9.64056766861e-07, 5.11616690346e-07, 3.302216669e-07, 6.30964336779e-07, 8.43421162244e-07, 1.10647624751e-06, 8.721518725e-07, 1.68502288034e-06, 2.85696501123e-06, 9.23131392483e-06, 1.77103302121e-05, 1.124665323e-05, 8.90593310032e-06, 7.46219029679e-06, 6.47197293802e-06, 4.82646919409e-06, 3.08172184305e-06, 3.57013982466e-06],
