{
"lowlevel": {
    "average_loudness": 0.966132104397,
    "barkbands_crest": {
        "dmean": 2.40949249268,
        "dmean2": 3.99866509438,
        "dvar": 4.70238637924,
        "dvar2": 12.2084779739,
        "max": 22.9725437164,
        "mean": 8.49865150452,
        "median": 7.76864147186,
        "min": 2.87134385109,
        "stdev": 3.44973945618,
        "var": 11.9007024765
    },
    "barkbands_flatness_db": {
        "dmean": 0.0160639956594,
        "dmean2": 0.0252178497612,
        "dvar": 0.000177526628249,
        "dvar2": 0.000373041082639,
        "max": 0.246065229177,
        "mean": 0.136502459645,
        "median": 0.13782286644,
        "min": 0.0359120294452,
        "stdev": 0.0299716182053,
        "var": 0.000898297934327
    },
    "barkbands_kurtosis": {
        "dmean": 1.35750627518,
        "dmean2": 2.19917631149,
        "dvar": 2.51031470299,
        "dvar2": 6.21665763855,
        "max": 23.7190189362,
        "mean": 1.99854123592,
        "median": 1.45085072517,
        "min": -1.5973315239,
        "stdev": 2.61447525024,
        "var": 6.83548116684
    },
    "barkbands_skewness": {
        "dmean": 0.345988750458,
        "dmean2": 0.55505669117,
        "dvar": 0.0924458801746,
        "dvar2": 0.231800585985,
        "max": 4.21791219711,
        "mean": 1.26141953468,
        "median": 1.22622692585,
        "min": -1.81802892685,
        "stdev": 0.601525425911,
        "var": 0.361832857132
    },
    "barkbands_spread": {
        "dmean": 3.27149701118,
        "dmean2": 4.92496109009,
        "dvar": 13.5563697815,
        "dvar2": 23.9328079224,
        "max": 74.6417922974,
        "mean": 16.4389305115,
        "median": 14.8491039276,
        "min": 3.13466453552,
        "stdev": 8.62225723267,
        "var": 74.3433227539
    },
    "dissonance": {
        "dmean": 0.0189544446766,
        "dmean2": 0.0320955105126,
        "dvar": 0.000253761885688,
        "dvar2": 0.000699007359799,
        "max": 0.500000059605,
        "mean": 0.464020371437,
        "median": 0.468194425106,
        "min": 0.31964468956,
        "stdev": 0.0228477269411,
        "var": 0.000522018643096
    },
    "dynamic_complexity": 1.54958701134,
    "erbbands_crest": {
        "dmean": 2.5870680809,
        "dmean2": 4.27996349335,
        "dvar": 5.84655857086,
        "dvar2": 14.708193779,
        "max": 28.1786823273,
        "mean": 9.05154037476,
        "median": 7.96091651917,
        "min": 2.97819113731,
        "stdev": 4.01548337936,
        "var": 16.1241073608
    },
    "erbbands_flatness_db": {
        "dmean": 0.0146154565737,
        "dmean2": 0.0214582532644,
        "dvar": 0.000158088456374,
        "dvar2": 0.00029745415668,
        "max": 0.290073543787,
        "mean": 0.184615194798,
        "median": 0.18625664711,
        "min": 0.0760887861252,
        "stdev": 0.0324078686535,
        "var": 0.00105026992969
    },
    "erbbands_kurtosis": {
        "dmean": 0.661324858665,
        "dmean2": 1.09872972965,
        "dvar": 0.607333123684,
        "dvar2": 1.55990552902,
        "max": 9.63552379608,
        "mean": 0.0752923116088,
        "median": -0.249127864838,
        "min": -1.58997869492,
        "stdev": 1.23684620857,
        "var": 1.52978849411
    },
    "erbbands_skewness": {
        "dmean": 0.30899849534,
        "dmean2": 0.504079639912,
        "dvar": 0.0740567222238,
        "dvar2": 0.19139495492,
        "max": 2.93803358078,
        "mean": 0.476388633251,
        "median": 0.452212095261,
        "min": -1.54562962055,
        "stdev": 0.541317939758,
        "var": 0.293025106192
    },
    "erbbands_spread": {
        "dmean": 4.77723264694,
        "dmean2": 7.33982992172,
        "dvar": 23.0760574341,
        "dvar2": 42.2869758606,
        "max": 101.929656982,
        "mean": 29.6673259735,
        "median": 28.1137485504,
        "min": 6.96754980087,
        "stdev": 11.9371356964,
        "var": 142.49520874
    },
    "hfc": {
        "dmean": 3.95252585411,
        "dmean2": 5.6521487236,
        "dvar": 19.1223659515,
        "dvar2": 35.3553237915,
        "max": 82.9664077759,
        "mean": 23.0277805328,
        "median": 19.4915008545,
        "min": 1.21288024146e-16,
        "stdev": 12.0941085815,
        "var": 146.267471313
    },
    "loudness_ebu128": {
        "integrated": -3.86915254593,
        "loudness_range": 2.34379959106,
        "momentary": {
            "dmean": 0.362260639668,
            "dmean2": 0.349329382181,
            "dvar": 0.101811625063,
            "dvar2": 0.0996130183339,
            "max": -1.01099681854,
            "mean": -4.09062576294,
            "median": -3.98687171936,
            "min": -8.30966663361,
            "stdev": 1.41960227489,
            "var": 2.01527047157
        },
        "short_term": {
            "dmean": 0.0551413223147,
            "dmean2": 0.0449194312096,
            "dvar": 0.00188473740127,
            "dvar2": 0.00138638925273,
            "max": -2.35257863998,
            "mean": -3.8955745697,
            "median": -3.65025138855,
            "min": -6.56953048706,
            "stdev": 0.940017580986,
            "var": 0.88363301754
        }
    },
    "melbands_crest": {
        "dmean": 3.02446222305,
        "dmean2": 5.10515975952,
        "dvar": 7.52354717255,
        "dvar2": 20.3548946381,
        "max": 28.4126358032,
        "mean": 11.0537719727,
        "median": 10.29778862,
        "min": 2.57029247284,
        "stdev": 4.0613899231,
        "var": 16.4948863983
    },
    "melbands_flatness_db": {
        "dmean": 0.017944380641,
        "dmean2": 0.0272477902472,
        "dvar": 0.000226037562243,
        "dvar2": 0.000458146445453,
        "max": 0.32114225626,
        "mean": 0.190778136253,
        "median": 0.192085593939,
        "min": 0.00670904526487,
        "stdev": 0.0362162925303,
        "var": 0.00131161976606
    },
    "melbands_kurtosis": {
        "dmean": 2.40393567085,
        "dmean2": 3.8813521862,
        "dvar": 7.26017570496,
        "dvar2": 17.9255752563,
        "max": 36.3859901428,
        "mean": 5.46188020706,
        "median": 4.35981607437,
        "min": -1.21145629883,
        "stdev": 4.64223861694,
        "var": 21.5503807068
    },
    "melbands_skewness": {
        "dmean": 0.408120542765,
        "dmean2": 0.656019687653,
        "dvar": 0.122272372246,
        "dvar2": 0.307249903679,
        "max": 4.8882727623,
        "mean": 1.80403006077,
        "median": 1.74609172344,
        "min": -0.314271718264,
        "stdev": 0.731562495232,
        "var": 0.535183727741
    },
    "melbands_spread": {
        "dmean": 4.33309793472,
        "dmean2": 6.87361764908,
        "dvar": 21.150177002,
        "dvar2": 45.4812431335,
        "max": 132.732772827,
        "mean": 19.9368019104,
        "median": 18.3526153564,
        "min": 3.84047842026,
        "stdev": 8.97979736328,
        "var": 80.6367645264
    },
    "pitch_salience": {
        "dmean": 0.0603672228754,
        "dmean2": 0.10062853992,
        "dvar": 0.00255883811042,
        "dvar2": 0.00669462699443,
        "max": 0.942767858505,
        "mean": 0.631927669048,
        "median": 0.643179178238,
        "min": 0.222438380122,
        "stdev": 0.0783438310027,
        "var": 0.00613775569946
    },
    "silence_rate_20dB": {
        "dmean": 0,
        "dmean2": 0,
        "dvar": 0,
        "dvar2": 0,
        "max": 1,
        "mean": 1,
        "median": 1,
        "min": 1,
        "stdev": 0,
        "var": 0
    },
    "silence_rate_30dB": {
        "dmean": 0,
        "dmean2": 0,
        "dvar": 0,
        "dvar2": 0,
        "max": 1,
        "mean": 1,
        "median": 1,
        "min": 1,
        "stdev": 0,
        "var": 0
    },
    "silence_rate_60dB": {
        "dmean": 0.000515198335052,
        "dmean2": 0.00103092787322,
        "dvar": 0.000514905899763,
        "dvar2": 0.00102987512946,
        "max": 1,
        "mean": 0.00154479919001,
        "median": 0,
        "min": 0,
        "stdev": 0.0392735339701,
        "var": 0.00154241058044
    },
    "spectral_centroid": {
        "dmean": 155.176635742,
        "dmean2": 247.241348267,
        "dvar": 58978.0703125,
        "dvar2": 119038.695312,
        "max": 11041.6279297,
        "mean": 1063.79455566,
        "median": 1030.125,
        "min": 389.426483154,
        "stdev": 416.539642334,
        "var": 173505.28125
    },
    "spectral_complexity": {
        "dmean": 3.10716128349,
        "dmean2": 5.1381444931,
        "dvar": 5.97409009933,
        "dvar2": 15.2602901459,
        "max": 43,
        "mean": 24.6477851868,
        "median": 24,
        "min": 0,
        "stdev": 5.33303260803,
        "var": 28.4412345886
    },
    "spectral_decrease": {
        "dmean": 1.46790568589e-09,
        "dmean2": 2.35315056329e-09,
        "dvar": 1.77450796831e-18,
        "dvar2": 4.33083189643e-18,
        "max": -1.56495244352e-29,
        "mean": -7.49589013083e-09,
        "median": -7.1741430574e-09,
        "min": -2.02806926808e-08,
        "stdev": 3.12988457374e-09,
        "var": 9.79617757173e-18
    },
    "spectral_energy": {
        "dmean": 0.00575908832252,
        "dmean2": 0.00921425409615,
        "dvar": 2.73120567726e-05,
        "dvar2": 6.62933380227e-05,
        "max": 0.0812792629004,
        "mean": 0.0303798653185,
        "median": 0.0290047824383,
        "min": 1.10602562043e-20,
        "stdev": 0.0125757623464,
        "var": 0.000158149807248
    },
    "spectral_energyband_high": {
        "dmean": 0.000154492096044,
        "dmean2": 0.000193574844161,
        "dvar": 1.6410160697e-07,
        "dvar2": 2.18516987616e-07,
        "max": 0.00803210027516,
        "mean": 0.000422838842496,
        "median": 0.000209332356462,
        "min": 8.04452048077e-21,
        "stdev": 0.000857225095388,
        "var": 7.34834884497e-07
    },
    "spectral_energyband_low": {
        "dmean": 0.00185728655197,
        "dmean2": 0.00311058131047,
        "dvar": 4.39680343334e-06,
        "dvar2": 1.18888992802e-05,
        "max": 0.0319149903953,
        "mean": 0.00318971253,
        "median": 0.00243761599995,
        "min": 3.02378462907e-23,
        "stdev": 0.00266039301641,
        "var": 7.07769095243e-06
    },
    "spectral_energyband_middle_high": {
        "dmean": 0.00180227134842,
        "dmean2": 0.00278578256257,
        "dvar": 5.34770970262e-06,
        "dvar2": 1.24731750475e-05,
        "max": 0.0663676261902,
        "mean": 0.00756145874038,
        "median": 0.00600229529664,
        "min": 1.55028813117e-21,
        "stdev": 0.00580286327749,
        "var": 3.36732227879e-05
    },
    "spectral_energyband_middle_low": {
        "dmean": 0.00554963247851,
        "dmean2": 0.00899884290993,
        "dvar": 2.9877621273e-05,
        "dvar2": 7.51036641304e-05,
        "max": 0.0735887289047,
        "mean": 0.0202779024839,
        "median": 0.0188461467624,
        "min": 2.8845492909e-22,
        "stdev": 0.0109088765457,
        "var": 0.000119003590953
    },
    "spectral_entropy": {
        "dmean": 0.105004824698,
        "dmean2": 0.153553828597,
        "dvar": 0.0105543341488,
        "dvar2": 0.0173447858542,
        "max": 9.80434608459,
        "mean": 7.4718503952,
        "median": 7.44706583023,
        "min": 6.30575609207,
        "stdev": 0.263994902372,
        "var": 0.0696933120489
    },
    "spectral_flux": {
        "dmean": 0.0159792732447,
        "dmean2": 0.0270644258708,
        "dvar": 0.00021750551241,
        "dvar2": 0.000593089847825,
        "max": 0.207501351833,
        "mean": 0.087334856391,
        "median": 0.085291877389,
        "min": 7.02701438704e-11,
        "stdev": 0.0251447465271,
        "var": 0.000632258306723
    },
    "spectral_kurtosis": {
        "dmean": 2.10838222504,
        "dmean2": 3.58773994446,
        "dvar": 4.45791101456,
        "dvar2": 13.3567934036,
        "max": 25.8497161865,
        "mean": 6.29655075073,
        "median": 5.97748279572,
        "min": -1.18257820606,
        "stdev": 2.95590400696,
        "var": 8.73736858368
    },
    "spectral_rms": {
        "dmean": 0.000516319531016,
        "dmean2": 0.000820482266136,
        "dvar": 1.91107559999e-07,
        "dvar2": 4.44976507197e-07,
        "max": 0.00890487711877,
        "mean": 0.0053247353062,
        "median": 0.00531952502206,
        "min": 3.28488863714e-12,
        "stdev": 0.00113408453763,
        "var": 1.28614772166e-06
    },
    "spectral_rolloff": {
        "dmean": 346.528839111,
        "dmean2": 580.188232422,
        "dvar": 555721.0625,
        "dvar2": 1094557.25,
        "max": 18712.3535156,
        "mean": 1339.09069824,
        "median": 1098.19335938,
        "min": 279.931640625,
        "stdev": 1158.46350098,
        "var": 1342037.625
    },
    "spectral_skewness": {
        "dmean": 0.230251446366,
        "dmean2": 0.381897091866,
        "dvar": 0.042764339596,
        "dvar2": 0.117195151746,
        "max": 3.70783281326,
        "mean": 1.76805114746,
        "median": 1.76722002029,
        "min": -0.0274883713573,
        "stdev": 0.366552263498,
        "var": 0.134360551834
    },
    "spectral_spread": {
        "dmean": 369916.21875,
        "dmean2": 484794.875,
        "dvar": 590990671872,
        "dvar2": 618023485440,
        "max": 40209804,
        "mean": 3546295.25,
        "median": 3243280.5,
        "min": 1557644.25,
        "stdev": 1849929.875,
        "var": 3.42224037478e+12
    },
    "spectral_strongpeak": {
        "dmean": 0.64664208889,
        "dmean2": 1.09009289742,
        "dvar": 0.530221581459,
        "dvar2": 1.32004642487,
        "max": 8.94712257385,
        "mean": 1.29187345505,
        "median": 0.932025194168,
        "min": 0,
        "stdev": 1.16841995716,
        "var": 1.36520528793
    },
    "zerocrossingrate": {
        "dmean": 0.00632023625076,
        "dmean2": 0.00751021876931,
        "dvar": 0.000159652874572,
        "dvar2": 0.000264249101747,
        "max": 0.509765625,
        "mean": 0.0505308248103,
        "median": 0.04541015625,
        "min": 0.01416015625,
        "stdev": 0.0275970380753,
        "var": 0.000761596485972
    },
    "barkbands": {
        "dmean": [3.0280854844e-05, 0.000421771605033, 0.0010881627677, 0.00122940808069, 0.00249046343379, 0.0014789722627, 0.00264487299137, 0.00170909357257, 0.00145295402035, 0.000908895395696, 0.00056668225443, 0.000454137101769, 0.000428552943049, 0.00030989368679, 0.000241498812102, 0.000473006453831, 0.000146824997501, 0.000112085457658, 9.6192372439e-05, 6.943414337e-05, 2.61139120994e-05, 3.23130516335e-05, 4.1187631723e-05, 3.87049258279e-05, 3.32079544023e-05, 8.48255785968e-06, 3.4482098954e-07],
        "dmean2": [5.33556340088e-05, 0.000701970711816, 0.001818726887, 0.00207024579868, 0.00405988330022, 0.00241518742405, 0.00422893417999, 0.00280487537384, 0.00237682205625, 0.00143719278276, 0.000924490857869, 0.000758003385272, 0.000679736258462, 0.000500369875226, 0.000392852321966, 0.000793087761849, 0.000239794855588, 0.000180335831828, 0.000156436959514, 0.000116102244647, 4.14954811276e-05, 4.87758879899e-05, 5.77669707127e-05, 5.40743894817e-05, 4.12252447859e-05, 1.20891108963e-05, 5.82797838433e-07],
        "dvar": [7.54604769782e-08, 8.94137201612e-07, 1.43854026646e-06, 2.15509453483e-06, 7.12596920494e-06, 5.40044129593e-06, 1.56602782226e-05, 1.28157944346e-05, 6.17069645159e-06, 1.83436839052e-06, 2.83862527795e-06, 1.13538283131e-06, 1.08805841137e-06, 3.11588479462e-07, 1.44197571217e-07, 2.93431952514e-07, 2.76344049865e-08, 1.94239895279e-08, 1.24685133329e-08, 7.56620277542e-09, 1.3377342567e-09, 4.36377289859e-09, 1.4943470461e-08, 2.18314717415e-08, 1.84161521588e-08, 7.61304352892e-10, 2.02707924231e-12],
        "dvar2": [2.10777869825e-07, 2.34245430875e-06, 3.8992957343e-06, 5.80206824452e-06, 1.89434795175e-05, 1.37002880365e-05, 3.57074823114e-05, 3.24481370626e-05, 1.75128043338e-05, 4.45427986051e-06, 7.43969530959e-06, 2.74989315585e-06, 2.98938948617e-06, 8.00915358923e-07, 3.65170848227e-07, 8.29528573831e-07, 6.92528132618e-08, 4.94210254942e-08, 3.18193329463e-08, 1.99499581299e-08, 2.85027468294e-09, 9.19441678349e-09, 2.69011071197e-08, 3.66281440733e-08, 3.04373948268e-08, 1.50790446796e-09, 5.27456333818e-12],
        "max": [0.0084668006748, 0.0240614190698, 0.0120014147833, 0.0155377611518, 0.0300719663501, 0.0585777536035, 0.0605941228569, 0.0599475465715, 0.0406123548746, 0.0251766536385, 0.0523411817849, 0.0336318686604, 0.0228383094072, 0.0110254343599, 0.00615973165259, 0.0137740569189, 0.00312561029568, 0.00207930663601, 0.00167069223244, 0.00123567553237, 0.000650604837574, 0.00126752653159, 0.002526643686, 0.00256618019193, 0.00379803427495, 0.000568436167669, 3.11282856273e-05],
        "mean": [2.56119565165e-05, 0.000571251555812, 0.00164250959642, 0.00169801712036, 0.00484893424436, 0.00265328027308, 0.00522238435224, 0.00309031154029, 0.00250541861169, 0.00190055684652, 0.0010661680717, 0.000951102992985, 0.000741354480851, 0.000605964392889, 0.000484454852995, 0.00103862409014, 0.000329214468366, 0.000255793478573, 0.000229538287385, 0.00015268928837, 6.0881684476e-05, 7.10077874828e-05, 8.56228580233e-05, 7.19335366739e-05, 6.0341473727e-05, 1.66135232575e-05, 3.47411798884e-07],
        "median": [7.2331863521e-06, 0.000306662259391, 0.00113536929712, 0.001163822948, 0.00361282401718, 0.001800742466, 0.00281081907451, 0.00118358805776, 0.00137877999805, 0.00123340962455, 0.000567009206861, 0.000518020184245, 0.000311351381242, 0.000259352294961, 0.000249520875514, 0.000882613880094, 0.000244066948653, 0.000180417438969, 0.00017815415049, 0.000127058185171, 4.17107075918e-05, 3.82630205422e-05, 3.01564832625e-05, 1.69783015735e-05, 9.41023154155e-06, 4.43260069005e-06, 3.99034689735e-08],
        "min": [3.69197237721e-24, 1.0698648348e-23, 1.43656998204e-23, 4.14452294588e-24, 3.35210317357e-23, 4.45101631237e-24, 3.8400467756e-23, 4.09612806484e-23, 2.85953968653e-23, 8.18247236118e-23, 4.47550989127e-23, 1.24739886505e-22, 7.53244277112e-23, 1.21942674087e-22, 9.20035031569e-23, 1.40111983513e-22, 1.25018600529e-22, 1.87230405569e-22, 1.31282055142e-22, 2.93173301802e-22, 4.68402229994e-22, 2.82952062607e-22, 6.80884906176e-22, 1.06239020733e-21, 1.04415628704e-21, 1.44914328891e-21, 2.37705939433e-21],
        "stdev": [0.000218997127376, 0.00099607813172, 0.00159136159346, 0.00179174041841, 0.00408853078261, 0.00338894594461, 0.00686681410298, 0.00598569819704, 0.00345236132853, 0.00227422895841, 0.00255708280019, 0.00206540990621, 0.00143676879816, 0.000972482201178, 0.000643896346446, 0.000749100057874, 0.000285491987597, 0.000237920816289, 0.000191382147023, 0.000117286195746, 6.58767603454e-05, 0.00011951122724, 0.000227967408136, 0.000247065676376, 0.000240034627495, 4.93806437589e-05, 1.48407866618e-06],
        "var": [4.79597446201e-08, 9.92171749203e-07, 2.53243160842e-06, 3.2103337162e-06, 1.67160851561e-05, 1.14849544843e-05, 4.71531348012e-05, 3.58285833499e-05, 1.1918798009e-05, 5.17211765327e-06, 6.53867209621e-06, 4.26591805081e-06, 2.06430468097e-06, 9.45721637891e-07, 4.14602538967e-07, 5.61150898193e-07, 8.1505675098e-08, 5.66063143026e-08, 3.66271244445e-08, 1.37560522973e-08, 4.33974722824e-09, 1.42829339467e-08, 5.19691418788e-08, 6.10414474522e-08, 5.76166243604e-08, 2.4384481101e-09, 2.20248949287e-12]
    },
    "erbbands": {
        "dmean": [0.00667935563251, 0.122741542757, 0.99300467968, 2.90879464149, 4.39274311066, 11.6169080734, 10.1994256973, 13.3752613068, 33.8827514648, 38.5988006592, 35.6065750122, 34.0301589966, 19.6647586823, 31.0311069489, 20.6934204102, 19.0022201538, 19.106256485, 14.53241539, 14.9829616547, 12.0549793243, 26.4274234772, 8.07957363129, 6.37069511414, 4.36377620697, 5.26055765152, 2.72192692757, 1.28821647167, 0.938944399357, 1.0355629921, 1.33281207085, 1.20439291, 0.919928729534, 0.61299008131, 0.457332313061, 0.192805677652, 0.0570311322808, 0.0145132485777, 0.0020903791301, 4.23063574999e-05, 7.4546965152e-06],
        "dmean2": [0.0114140287042, 0.202925905585, 1.63164901733, 4.90118503571, 7.45004940033, 18.6360416412, 16.709318161, 21.9143447876, 56.8253326416, 60.17029953, 58.0266113281, 56.6365661621, 31.9645137787, 49.0653877258, 33.4564323425, 31.621711731, 30.5390014648, 22.884469986, 24.2813568115, 19.7156925201, 45.0770721436, 13.0841217041, 10.2722625732, 7.1543340683, 8.56480979919, 4.51553964615, 2.07497787476, 1.46200752258, 1.59859466553, 1.93301320076, 1.69359850883, 1.28143918514, 0.859346628189, 0.616158425808, 0.246680170298, 0.0792547613382, 0.0219422131777, 0.00322597846389, 6.31824004813e-05, 1.14753565867e-05],
        "dvar": [0.00235067866743, 0.0316270105541, 1.34100210667, 11.4480848312, 25.1794261932, 179.938568115, 161.68057251, 587.446899414, 2920.78173828, 5503.42919922, 5277.37207031, 4142.6953125, 1071.32629395, 2864.94360352, 2628.19067383, 2096.50146484, 2184.97021484, 835.434753418, 662.534423828, 181.383956909, 1112.42248535, 88.6448287964, 63.4716796875, 36.5139579773, 32.7378845215, 11.4588356018, 3.59286999702, 1.9969547987, 4.47119617462, 10.0581111908, 15.3282546997, 12.4769115448, 6.34435129166, 3.90578937531, 0.608246266842, 0.0400633141398, 0.00205404707231, 5.02220609633e-05, 2.01557366353e-08, 6.14799530729e-11],
        "dvar2": [0.00625768071041, 0.0831779316068, 3.56190562248, 30.1418495178, 72.7565383911, 465.849029541, 426.791595459, 1524.09057617, 7282.73144531, 12644.6425781, 13108.6679688, 12157.5498047, 2452.58544922, 6592.51416016, 6903.515625, 5179.51855469, 6317.94042969, 2188.49023438, 1657.09863281, 507.037017822, 3100.99194336, 222.300109863, 160.045135498, 98.0088272095, 82.3400039673, 28.9907436371, 8.3623085022, 4.36508369446, 9.9139881134, 19.2997093201, 29.0263328552, 24.3631515503, 10.8353004456, 7.27732515335, 1.03723788261, 0.0796719193459, 0.00427124369889, 0.000119135329442, 4.6085595784e-08, 1.30460614534e-10],
        "max": [1.46290791035, 2.35834312439, 13.0487718582, 33.5079040527, 44.4122924805, 154.29524231, 216.683639526, 565.477172852, 788.252319336, 1527.30224609, 1139.72021484, 1174.68786621, 869.334228516, 1215.56298828, 1485.26000977, 1498.58898926, 1172.66906738, 470.485076904, 383.081329346, 182.086227417, 932.823059082, 222.019775391, 105.653930664, 85.9284667969, 79.8439407349, 57.525592804, 35.9731254578, 23.6906986237, 37.1037826538, 65.2160644531, 89.5391311646, 77.9110107422, 47.496055603, 43.7253952026, 26.6251049042, 5.09930849075, 0.918988585472, 0.118100300431, 0.00259881676175, 0.000151062660734],
        "mean": [0.00797044765204, 0.179712817073, 1.55218374729, 4.37870883942, 7.54039955139, 21.009683609, 19.2994041443, 23.99518013, 61.5936965942, 82.1337203979, 66.1740646362, 57.77917099, 44.8249664307, 64.7885437012, 43.1801071167, 42.2429428101, 36.6387405396, 29.8859806061, 32.0141143799, 29.6648750305, 56.620552063, 20.9329605103, 15.1391592026, 10.4676609039, 12.7556810379, 6.66047239304, 3.10748243332, 2.20709180832, 2.26271414757, 2.89628458023, 2.36754989624, 1.72024440765, 1.0784817934, 0.784253239632, 0.356947869062, 0.103175222874, 0.0263545121998, 0.00312797282822, 8.28687116154e-05, 3.91756548197e-05],
        "median": [0.00417148601264, 0.10177963227, 1.03370380402, 3.12190628052, 5.65818166733, 14.063410759, 14.3413238525, 14.893073082, 31.6059951782, 39.1359634399, 29.4472007751, 31.8173370361, 29.4349403381, 39.0294494629, 25.3871192932, 22.2212333679, 17.3155822754, 12.6496658325, 14.8096752167, 23.4861030579, 47.9337081909, 16.0205936432, 10.9890937805, 7.35399723053, 10.4813175201, 5.69092702866, 2.32639837265, 1.42427384853, 1.23225915432, 1.38742554188, 0.777412712574, 0.454300165176, 0.20659506321, 0.0935389399529, 0.0695825144649, 0.023970734328, 0.00708989892155, 0.000736256828532, 3.36366902047e-05, 3.65201340173e-05],
        "min": [3.2885422523e-22, 2.4355087115e-21, 1.43514947705e-20, 1.87667764696e-20, 1.0565134647e-19, 7.59815281961e-20, 1.23705506842e-19, 5.09470426665e-20, 3.24486022951e-19, 5.71047289502e-19, 6.86994902024e-19, 7.53720977099e-19, 1.65736451112e-18, 1.67534721084e-18, 3.35286680476e-18, 4.77490091314e-18, 3.30623718606e-18, 5.0568809937e-18, 4.57763363989e-18, 8.75509467022e-18, 6.99480221433e-18, 6.9783686171e-18, 8.90366044414e-18, 9.4773292241e-18, 8.87844053444e-18, 1.47364591863e-17, 1.91660791953e-17, 1.55159644171e-17, 1.05926325604e-17, 1.60159669732e-17, 1.67198232282e-17, 1.86112477994e-17, 1.9362269893e-17, 1.168465738e-17, 7.35928198046e-18, 5.96116352474e-18, 2.81855486475e-18, 1.39867535507e-18, 3.18603683122e-19, 3.277020107e-20],
        "stdev": [0.040707256645, 0.231975108385, 1.57560825348, 4.05636167526, 6.4778470993, 21.0326957703, 17.2070560455, 34.1076583862, 84.6432952881, 140.559616089, 117.788452148, 84.4014892578, 53.8772735596, 87.0353469849, 77.9311141968, 87.8527374268, 62.2675743103, 47.0192260742, 47.0104026794, 22.4735908508, 43.9054107666, 16.7843360901, 13.5859851837, 9.97769355774, 9.43017292023, 4.86386394501, 3.08973097801, 2.50597929955, 3.75018358231, 5.95097827911, 6.68931007385, 5.82236337662, 3.9743938446, 3.24645519257, 1.3624676466, 0.341464370489, 0.0775400921702, 0.00971507839859, 0.000208138560993, 1.84074906429e-05],
        "var": [0.00165708072018, 0.0538124479353, 2.48254132271, 16.4540691376, 41.9625015259, 442.374267578, 296.082763672, 1163.33239746, 7164.48681641, 19757.0039062, 13874.1201172, 7123.61181641, 2902.76049805, 7575.15136719, 6073.25878906, 7718.10400391, 3877.25073242, 2210.80761719, 2209.9777832, 505.062286377, 1927.68493652, 281.713928223, 184.578994751, 99.5543746948, 88.9281692505, 23.6571712494, 9.54643726349, 6.27993249893, 14.063876152, 35.4141426086, 44.7468719482, 33.8999137878, 15.7958068848, 10.5394706726, 1.85631811619, 0.116597920656, 0.00601246533915, 9.43827399169e-05, 4.33216627016e-08, 3.3883570949e-10]
    },
    "gfcc": {
        "mean": [16.2118263245, 116.123908997, -140.934921265, 13.3372888565, -65.6289901733, -1.89751517773, -45.6606712341, 4.34799289703, -25.0931777954, -5.74739646912, -21.7956008911, -2.66418552399, -12.9418792725],
        "cov": [[3551.48388672, -660.800048828, 63.161190033, -39.3058547974, -383.32409668, 230.504043579, -311.361907959, 168.614456177, -100.066574097, 78.5377578735, -58.520236969, 37.2243690491, -207.718276978], [-660.800048828, 891.484558105, -310.631347656, 65.2057876587, 260.186279297, -225.00718689, 211.030380249, -135.192443848, 47.5119018555, -67.2068939209, 46.9222602844, -58.1759033203, 119.860534668], [63.161190033, -310.631347656, 375.313140869, 20.3637657166, -79.0319213867, 117.939453125, -117.000099182, 76.4104003906, -14.3290395737, 14.1667423248, -35.6188201904, 34.9685134888, -26.2230052948], [-39.3058547974, 65.2057876587, 20.3637657166, 150.112380981, 57.6057472229, -6.7879858017, 23.5134544373, -12.75096035, 26.7559967041, -8.72882843018, -11.237455368, 7.95125675201, 39.4574203491], [-383.32409668, 260.186279297, -79.0319213867, 57.6057472229, 179.649719238, -45.8837165833, 88.028717041, -37.8790817261, 5.46496248245, -7.85379743576, -2.40665769577, -20.6186733246, 51.9643096924], [230.504043579, -225.00718689, 117.939453125, -6.7879858017, -45.8837165833, 158.694747925, -18.910484314, 45.8504447937, -20.4939994812, 9.05397891998, -22.7216796875, 9.65608692169, -24.3022212982], [-311.361907959, 211.030380249, -117.000099182, 23.5134544373, 88.028717041, -18.910484314, 160.060562134, -21.3982582092, 15.1969146729, -23.007566452, -1.10747396946, -17.1433639526, 34.9379882812], [168.614456177, -135.192443848, 76.4104003906, -12.75096035, -37.8790817261, 45.8504447937, -21.3982582092, 99.205291748, 6.29220485687, 15.9143304825, -12.1909742355, -1.176471591, -21.6204833984], [-100.066574097, 47.5119018555, -14.3290395737, 26.7559967041, 5.46496248245, -20.4939994812, 15.1969146729, 6.29220485687, 95.8684234619, 23.2560043335, 7.12479782104, -8.16686153412, -10.3824996948], [78.5377578735, -67.2068939209, 14.1667423248, -8.72882843018, -7.85379743576, 9.05397891998, -23.007566452, 15.9143304825, 23.2560043335, 65.4657287598, 12.2461862564, -3.02547430992, -24.5606994629], [-58.520236969, 46.9222602844, -35.6188201904, -11.237455368, -2.40665769577, -22.7216796875, -1.10747396946, -12.1909742355, 7.12479782104, 12.2461862564, 67.2702789307, 14.8149528503, -5.77745437622], [37.2243690491, -58.1759033203, 34.9685134888, 7.95125675201, -20.6186733246, 9.65608692169, -17.1433639526, -1.176471591, -8.16686153412, -3.02547430992, 14.8149528503, 59.230304718, 8.80461215973], [-207.718276978, 119.860534668, -26.2230052948, 39.4574203491, 51.9643096924, -24.3022212982, 34.9379882812, -21.6204833984, -10.3824996948, -24.5606994629, -5.77745437622, 8.80461215973, 86.0314559937]],
        "icov": [[0.000832254881971, -0.00111156760249, 0.00144676980563, -0.00141288107261, 0.00196851720102, -0.00177668244578, 0.00197420292534, -0.00150342704728, 0.0016108090058, -0.0013808850199, 0.00179128628224, -0.00133186578751, 0.00183339708019], [-0.00111156760249, 0.00663231080398, -0.0019152945606, 0.002614751691, -0.00643779663369, 0.00617958744988, -0.00511689484119, 0.00399714941159, -0.00421365583315, 0.00551124988124, -0.0057948785834, 0.00521311350167, -0.00484823714942], [0.00144676980563, -0.0019152945606, 0.00798682402819, -0.0036021550186, 0.00298686884344, -0.00587808666751, 0.00704613281414, -0.00490441219881, 0.00248761405237, -0.00186588801444, 0.00492824008688, -0.00455078808591, 0.00325375376269], [-0.00141288107261, 0.002614751691, -0.0036021550186, 0.0121055645868, -0.00674565229565, 0.00306103052571, -0.00333634857088, 0.00371033675037, -0.00675516016781, 0.00393156288192, -0.00230512861162, 0.00102026259992, -0.00642982451245], [0.00196851720102, -0.00643779663369, 0.00298686884344, -0.00674565229565, 0.0181583855301, -0.00513769406825, 0.00165047950577, -0.0032129844185, 0.00720811914653, -0.00914449896663, 0.00668685603887, -0.00240518851206, 0.00278389081359], [-0.00177668244578, 0.00617958744988, -0.00587808666751, 0.00306103052571, -0.00513769406825, 0.0167446658015, -0.00912435539067, 0.00292130350135, -0.00209483108483, 0.00366640114225, -0.00441637123004, 0.00471335975453, -0.00380696216598], [0.00197420292534, -0.00511689484119, 0.00704613281414, -0.00333634857088, 0.00165047950577, -0.00912435539067, 0.0180617533624, -0.00585624622181, 0.00185294484254, -0.000836115621496, 0.0060132117942, -0.00470021180809, 0.00406210962683], [-0.00150342704728, 0.00399714941159, -0.00490441219881, 0.00371033675037, -0.0032129844185, 0.00292130350135, -0.00585624622181, 0.0173757318407, -0.00482052704319, 0.0015575265279, -0.00337898614816, 0.00514487503096, -0.00377515796572], [0.0016108090058, -0.00421365583315, 0.00248761405237, -0.00675516016781, 0.00720811914653, -0.00209483108483, 0.00185294484254, -0.00482052704319, 0.0181445647031, -0.00954329129308, 0.00416603963822, -0.00244542700239, 0.00670198211446], [-0.0013808850199, 0.00551124988124, -0.00186588801444, 0.00393156288192, -0.00914449896663, 0.00366640114225, -0.000836115621496, 0.0015575265279, -0.00954329129308, 0.0262590888888, -0.00921879336238, 0.00532986409962, -0.000913958414458], [0.00179128628224, -0.0057948785834, 0.00492824008688, -0.00230512861162, 0.00668685603887, -0.00441637123004, 0.0060132117942, -0.00337898614816, 0.00416603963822, -0.00921879336238, 0.0254261363298, -0.012021318078, 0.00718891434371], [-0.00133186578751, 0.00521311350167, -0.00455078808591, 0.00102026259992, -0.00240518851206, 0.00471335975453, -0.00470021180809, 0.00514487503096, -0.00244542700239, 0.00532986409962, -0.012021318078, 0.0267566870898, -0.00866696145386], [0.00183339708019, -0.00484823714942, 0.00325375376269, -0.00642982451245, 0.00278389081359, -0.00380696216598, 0.00406210962683, -0.00377515796572, 0.00670198211446, -0.000913958414458, 0.00718891434371, -0.00866696145386, 0.0233080480248]]
    },
    "melbands": {
        "dmean": [8.3047656517e-05, 0.000386609346606, 0.000476514775073, 0.000544449139852, 0.000383612554288, 0.000304528250126, 0.000517907959875, 0.000409374741139, 0.000289100775262, 0.000204030482564, 0.000102104480902, 0.000133764187922, 8.27868279885e-05, 4.06114959333e-05, 6.25941029284e-05, 3.72379545297e-05, 2.6964204153e-05, 2.72051893262e-05, 1.61878379004e-05, 2.62292451225e-05, 3.18104866892e-05, 9.08250785869e-06, 7.8840439528e-06, 4.92744675284e-06, 3.90583954868e-06, 3.99062719225e-06, 4.03489366363e-06, 1.67586802036e-06, 9.53927951741e-07, 6.5812645289e-07, 5.95456356223e-07, 5.99625025188e-07, 7.56908093535e-07, 7.99422821274e-07, 7.67228470977e-07, 6.50287688586e-07, 5.89061869505e-07, 4.61952765818e-07, 4.78933543491e-07, 3.78364688913e-07],
        "dmean2": [0.000138838833664, 0.000638385245111, 0.000797958578914, 0.00089729949832, 0.000618758029304, 0.00050050613936, 0.000858578307088, 0.000649111811072, 0.000472088751849, 0.000338184443535, 0.000164689161466, 0.000210955025977, 0.000134330752189, 6.81016317685e-05, 0.000101820063719, 5.88760558458e-05, 4.31979751738e-05, 4.40203948529e-05, 2.63485544565e-05, 4.27179038525e-05, 5.47616837139e-05, 1.49326042447e-05, 1.26965314848e-05, 8.03981220088e-06, 6.51929531159e-06, 6.51045183986e-06, 6.79165941619e-06, 2.81794473267e-06, 1.57227520958e-06, 1.05896845071e-06, 9.46170416682e-07, 9.42273231885e-07, 1.16243404591e-06, 1.17488866636e-06, 1.12931752483e-06, 9.44495866406e-07, 8.28785289286e-07, 6.61296780891e-07, 6.92361481924e-07, 5.32310878043e-07],
        "dvar": [1.09304728824e-07, 1.90369746633e-07, 2.84349937374e-07, 3.41781429825e-07, 2.00957302354e-07, 2.63745590701e-07, 6.6592423309e-07, 6.14603152371e-07, 2.8601084523e-07, 1.53529583713e-07, 2.78110814378e-08, 5.00138561677e-08, 5.95138018866e-08, 4.63384886018e-09, 2.57142467319e-08, 8.03228683566e-09, 3.11093284466e-09, 2.32262298283e-09, 5.24711440963e-10, 8.02410082823e-10, 1.8198215157e-09, 1.16933518424e-10, 1.00059460717e-10, 4.09681663593e-11, 3.11447916068e-11, 2.03909354679e-11, 2.48185829527e-11, 4.72027235007e-12, 1.82304583755e-12, 1.09728784219e-12, 9.14099850501e-13, 1.3235469578e-12, 2.91589452237e-12, 3.93935882179e-12, 5.91131700881e-12, 6.85674347162e-12, 4.64538173553e-12, 3.05247190371e-12, 5.24343806221e-12, 2.69251548141e-12],
        "dvar2": [2.88543645866e-07, 5.11638461376e-07, 7.69875384776e-07, 9.26334337237e-07, 5.29482690581e-07, 6.77960656503e-07, 1.61256014053e-06, 1.46887362007e-06, 7.15570536158e-07, 4.49836818461e-07, 6.35944701344e-08, 1.15184313643e-07, 1.57067191253e-07, 1.15028271352e-08, 6.59921681745e-08, 2.07079207115e-08, 8.3423241648e-09, 5.89606274914e-09, 1.35282440805e-09, 2.28748420206e-09, 4.98088059686e-09, 2.91919433071e-10, 2.35497427115e-10, 1.04815094104e-10, 8.60230081612e-11, 5.0626194209e-11, 6.67576827151e-11, 1.17784774989e-11, 4.55132806443e-12, 2.61642161929e-12, 2.15129693573e-12, 3.11583809968e-12, 6.40560824869e-12, 7.96007270515e-12, 1.25765908104e-11, 1.36757757896e-11, 9.37694366598e-12, 6.00877377369e-12, 9.91833264824e-12, 5.31225844563e-12],
        "max": [0.00966003723443, 0.00459743756801, 0.00552797038108, 0.00535862520337, 0.00574125396088, 0.0127380071208, 0.0130207221955, 0.0145514057949, 0.00933142006397, 0.00779278669506, 0.00440588500351, 0.0049467724748, 0.00740192178637, 0.0020131454803, 0.00372944283299, 0.00227710325271, 0.000866010144819, 0.000768846890423, 0.000423966674134, 0.000473442691145, 0.00122503738385, 0.000242635636823, 0.000166271202033, 9.6770345408e-05, 7.47174708522e-05, 6.40617654426e-05, 7.76779415901e-05, 4.18976451328e-05, 2.49692711805e-05, 2.09817299037e-05, 1.46184129335e-05, 2.01691182156e-05, 3.4359673009e-05, 4.0780974814e-05, 4.76031673315e-05, 6.44130632281e-05, 4.19214411522e-05, 3.51945163857e-05, 5.23453891219e-05, 3.52973984263e-05],
        "mean": [0.000110992426926, 0.000637931982055, 0.00080976751633, 0.00100975914393, 0.000774099549744, 0.000546381343156, 0.000973971327767, 0.000854058132973, 0.000518319080584, 0.000342870713212, 0.000220214918954, 0.000271820725175, 0.000161325820955, 8.66747286636e-05, 0.000120408280054, 6.70984009048e-05, 5.23013586644e-05, 5.32465346623e-05, 3.30450020556e-05, 5.73957513552e-05, 6.44273750368e-05, 2.00220001716e-05, 1.66562695085e-05, 1.07081204987e-05, 7.99587633082e-06, 9.16506360227e-06, 8.28819429444e-06, 3.54306689587e-06, 2.04318484975e-06, 1.36856579047e-06, 1.23558572795e-06, 1.19604703741e-06, 1.50754453898e-06, 1.62463936704e-06, 1.38890698054e-06, 1.19462163184e-06, 9.99033545668e-07, 7.35162927867e-07, 7.34911338895e-07, 6.3920009552e-07],
        "median": [5.9713365772e-05, 0.000446225283667, 0.000625126296654, 0.000738608301617, 0.000576896942221, 0.000345734180883, 0.000528197851963, 0.000394818984205, 0.000242425812758, 0.000183909956831, 0.000142623204738, 0.000158706941875, 8.48602358019e-05, 5.30685138074e-05, 5.49151809537e-05, 3.10309442284e-05, 2.08643141377e-05, 2.28377866733e-05, 2.01413022296e-05, 4.79307200294e-05, 5.34873652214e-05, 1.49144907482e-05, 1.16030587378e-05, 7.40470841265e-06, 5.31042223884e-06, 7.16550312063e-06, 6.52547987556e-06, 2.97662381854e-06, 1.54598342306e-06, 8.85837494025e-07, 7.66477398884e-07, 6.51820073472e-07, 7.32524938485e-07, 7.35968797017e-07, 4.62100217646e-07, 2.84302586806e-07, 2.63439062564e-07, 1.57846500315e-07, 7.39286036833e-08, 7.32789260383e-08],
        "min": [3.05720440577e-24, 5.9753681327e-24, 5.45519798496e-24, 8.20935831855e-24, 3.12350855929e-24, 1.0020446484e-24, 6.39915841048e-24, 5.9325842615e-24, 4.71794593788e-24, 4.50097290134e-24, 8.84412313455e-24, 6.65066304428e-24, 8.50363183519e-24, 1.42940602061e-23, 6.44543654105e-24, 7.91738038715e-24, 9.14906599493e-24, 7.79632021491e-24, 8.96899587154e-24, 8.28369583709e-24, 7.33373139123e-24, 7.83403565479e-24, 5.74485390429e-24, 9.21913419825e-24, 6.91038050897e-24, 4.77703122525e-24, 7.59527270233e-24, 1.05872154343e-23, 1.12163351616e-23, 9.60828164938e-24, 7.88032680157e-24, 5.39692798534e-24, 6.36480627907e-24, 1.01015618954e-23, 9.16706464534e-24, 9.68005615884e-24, 1.03920859562e-23, 1.26411023646e-23, 1.44869745628e-23, 8.24787839655e-24],
        "stdev": [0.000296785787214, 0.000594578625169, 0.000669361324981, 0.000861454114784, 0.000657946511637, 0.000741618510801, 0.00129752757493, 0.00145903532393, 0.000871769152582, 0.000524377101101, 0.000270172022283, 0.000366248335922, 0.000367452361388, 0.000135664158734, 0.000263067195192, 0.000126255254145, 8.78615537658e-05, 8.48180134199e-05, 3.76218558813e-05, 4.18654053647e-05, 5.40137880307e-05, 1.75726308953e-05, 1.6453463104e-05, 1.08061049104e-05, 8.31083525554e-06, 7.50136268834e-06, 6.78588867231e-06, 2.91403330266e-06, 1.96652626983e-06, 1.68878602835e-06, 1.51406413806e-06, 1.94550921151e-06, 2.88694491246e-06, 3.5243858747e-06, 3.77467313228e-06, 4.31056741945e-06, 3.35825257025e-06, 2.57302485807e-06, 3.28311648445e-06, 2.67531891041e-06],
        "var": [8.80818120663e-08, 3.53523716967e-07, 4.48044545465e-07, 7.4210316825e-07, 4.32893585867e-07, 5.49998048882e-07, 1.68357769326e-06, 2.12878421735e-06, 7.59981503506e-07, 2.74971370118e-07, 7.29929183763e-08, 1.34137835062e-07, 1.35021238634e-07, 1.84047621588e-08, 6.92043542472e-08, 1.59403885647e-08, 7.71965247282e-09, 7.19409509742e-09, 1.41540390519e-09, 1.75271230862e-09, 2.91748936121e-09, 3.08797376558e-10, 2.70716449258e-10, 1.16771897707e-10, 6.9069978903e-11, 5.62704396967e-11, 4.60482832421e-11, 8.49159024346e-12, 3.86722555021e-12, 2.85199815153e-12, 2.29239023597e-12, 3.78500572898e-12, 8.33445031739e-12, 1.24212957628e-11, 1.42481564741e-11, 1.85809926473e-11, 1.12778605899e-11, 6.62045678695e-12, 1.07788535042e-11, 7.15733158504e-12]
    },
    "melbands128": {
