{
"lowlevel": {
    "average_loudness": 0.760972082615,
    "barkbands_crest": {
        "dmean": 1.98383975029,
        "dmean2": 3.26584410667,
        "dvar": 3.34984946251,
        "dvar2": 7.95098161697,
        "max": 21.323890686,
        "mean": 7.49441099167,
        "median": 6.61658000946,
        "min": 2.70886230469,
        "stdev": 3.34449124336,
        "var": 11.1856212616
    },
    "barkbands_flatness_db": {
        "dmean": 0.0139628145844,
        "dmean2": 0.0227019898593,
        "dvar": 0.000165977151482,
        "dvar2": 0.000432707340224,
        "max": 0.314338952303,
        "mean": 0.158104091883,
        "median": 0.155105516315,
        "min": 0.0430139452219,
        "stdev": 0.0253949724138,
        "var": 0.000644904619548
    },
    "barkbands_kurtosis": {
        "dmean": 0.73650687933,
        "dmean2": 1.20604610443,
        "dvar": 3.11378407478,
        "dvar2": 8.7956161499,
        "max": 37.5331764221,
        "mean": 0.238010987639,
        "median": -0.189454555511,
        "min": -1.69185161591,
        "stdev": 1.79806745052,
        "var": 3.23304653168
    },
    "barkbands_skewness": {
        "dmean": 0.292666584253,
        "dmean2": 0.474509805441,
        "dvar": 0.101399675012,
        "dvar2": 0.256240427494,
        "max": 5.72651815414,
        "mean": 0.419567644596,
        "median": 0.382330715656,
        "min": -1.95397460461,
        "stdev": 0.536713004112,
        "var": 0.288060873747
    },
    "barkbands_spread": {
        "dmean": 3.03989243507,
        "dmean2": 4.80663299561,
        "dvar": 6.85331821442,
        "dvar2": 17.6165313721,
        "max": 39.1466751099,
        "mean": 19.0477256775,
        "median": 18.804983139,
        "min": 3.85989832878,
        "stdev": 7.21513032913,
        "var": 52.0581054688
    },
    "dissonance": {
        "dmean": 0.0166129861027,
        "dmean2": 0.0282327048481,
        "dvar": 0.000251781690167,
        "dvar2": 0.00069981982233,
        "max": 0.499995857477,
        "mean": 0.469231367111,
        "median": 0.474410533905,
        "min": 0.328185349703,
        "stdev": 0.0222293287516,
        "var": 0.000494143052492
    },
    "dynamic_complexity": 4.00679826736,
    "erbbands_crest": {
        "dmean": 2.37812256813,
        "dmean2": 3.83093953133,
        "dvar": 5.12721157074,
        "dvar2": 12.4600439072,
        "max": 28.4111938477,
        "mean": 9.61672115326,
        "median": 8.4228477478,
        "min": 3.11022949219,
        "stdev": 4.4149055481,
        "var": 19.4913921356
    },
    "erbbands_flatness_db": {
        "dmean": 0.0121081480756,
        "dmean2": 0.0190824121237,
        "dvar": 0.000112511406769,
        "dvar2": 0.000261924229562,
        "max": 0.333094030619,
        "mean": 0.236607432365,
        "median": 0.231815338135,
        "min": 0.0971745550632,
        "stdev": 0.0329683981836,
        "var": 0.00108691526111
    },
    "erbbands_kurtosis": {
        "dmean": 0.593200445175,
        "dmean2": 0.917301237583,
        "dvar": 0.435441613197,
        "dvar2": 1.045373559,
        "max": 9.25946235657,
        "mean": 0.439545750618,
        "median": 0.095937371254,
        "min": -1.48496007919,
        "stdev": 1.31814157963,
        "var": 1.73749709129
    },
    "erbbands_skewness": {
        "dmean": 0.28126719594,
        "dmean2": 0.434877157211,
        "dvar": 0.0582147538662,
        "dvar2": 0.137238800526,
        "max": 2.3294274807,
        "mean": 0.175492942333,
        "median": 0.110044918954,
        "min": -1.91666555405,
        "stdev": 0.582018494606,
        "var": 0.33874553442
    },
    "erbbands_spread": {
        "dmean": 3.29689645767,
        "dmean2": 5.12763214111,
        "dvar": 10.364449501,
        "dvar2": 26.0816841125,
        "max": 62.1990127563,
        "mean": 21.9430599213,
        "median": 21.5557518005,
        "min": 5.09936475754,
        "stdev": 8.25829410553,
        "var": 68.1994247437
    },
    "hfc": {
        "dmean": 3.75774097443,
        "dmean2": 5.22216510773,
        "dvar": 28.5765399933,
        "dvar2": 55.1197814941,
        "max": 107.463661194,
        "mean": 17.5109844208,
        "median": 10.3023796082,
        "min": 1.24025740511e-16,
        "stdev": 16.9445400238,
        "var": 287.117431641
    },
    "loudness_ebu128": {
        "integrated": -11.7625665665,
        "loudness_range": 9.46074485779,
        "momentary": {
            "dmean": 0.486075520515,
            "dmean2": 0.50008648634,
            "dvar": 0.206787079573,
            "dvar2": 0.224866703153,
            "max": -6.46895265579,
            "mean": -13.2519044876,
            "median": -13.2747373581,
            "min": -21.8539943695,
            "stdev": 3.86536598206,
            "var": 14.9410543442
        },
        "short_term": {
            "dmean": 0.147297173738,
            "dmean2": 0.0994374528527,
            "dvar": 0.0164604540914,
            "dvar2": 0.00871264282614,
            "max": -8.55660247803,
            "mean": -12.6595115662,
            "median": -11.1813411713,
            "min": -21.4804916382,
            "stdev": 3.42391109467,
            "var": 11.7231664658
        }
    },
    "melbands_crest": {
        "dmean": 2.65093946457,
        "dmean2": 4.36139059067,
        "dvar": 5.55897283554,
        "dvar2": 14.1112890244,
        "max": 27.1738681793,
        "mean": 10.0523328781,
        "median": 9.06669044495,
        "min": 2.60544109344,
        "stdev": 4.03797864914,
        "var": 16.305273056
    },
    "melbands_flatness_db": {
        "dmean": 0.0152430869639,
        "dmean2": 0.0245342310518,
        "dvar": 0.000224323972361,
        "dvar2": 0.000557519029826,
        "max": 0.385081291199,
        "mean": 0.190382868052,
        "median": 0.189099401236,
        "min": 0.00993509963155,
        "stdev": 0.0288491472602,
        "var": 0.000832273333799
    },
    "melbands_kurtosis": {
        "dmean": 1.34178686142,
        "dmean2": 2.25725269318,
        "dvar": 15.9628000259,
        "dvar2": 45.1733283997,
        "max": 95.5461730957,
        "mean": 1.61038064957,
        "median": 0.880583167076,
        "min": -1.53068041801,
        "stdev": 3.62893366814,
        "var": 13.1691598892
    },
    "melbands_skewness": {
        "dmean": 0.330716282129,
        "dmean2": 0.538918673992,
        "dvar": 0.152360409498,
        "dvar2": 0.393684834242,
        "max": 8.43052482605,
        "mean": 0.923733472824,
        "median": 0.875731706619,
        "min": -1.12243843079,
        "stdev": 0.735756099224,
        "var": 0.541337072849
    },
    "melbands_spread": {
        "dmean": 4.97491598129,
        "dmean2": 7.78475856781,
        "dvar": 22.2486801147,
        "dvar2": 47.8466720581,
        "max": 140.590805054,
        "mean": 28.7829437256,
        "median": 28.2790336609,
        "min": 2.49333786964,
        "stdev": 10.0595693588,
        "var": 101.19493103
    },
    "pitch_salience": {
        "dmean": 0.056060962379,
        "dmean2": 0.0912693440914,
        "dvar": 0.00225452380255,
        "dvar2": 0.00560605619103,
        "max": 0.959010362625,
        "mean": 0.605535209179,
        "median": 0.609466671944,
        "min": 0.25045889616,
        "stdev": 0.0803110152483,
        "var": 0.00644985912368
    },
    "silence_rate_20dB": {
        "dmean": 0,
        "dmean2": 0,
        "dvar": 0,
        "dvar2": 0,
        "max": 1,
        "mean": 1,
        "median": 1,
        "min": 1,
        "stdev": 0,
        "var": 0
    },
    "silence_rate_30dB": {
        "dmean": 0.0010303966701,
        "dmean2": 0.00206185574643,
        "dvar": 0.0010293367086,
        "dvar2": 0.00308853806928,
        "max": 1,
        "mean": 0.999485075474,
        "median": 1,
        "min": 0,
        "stdev": 0.022686207667,
        "var": 0.000514663988724
    },
    "silence_rate_60dB": {
        "dmean": 0.0144255533814,
        "dmean2": 0.0283505152911,
        "dvar": 0.0142172751948,
        "dvar2": 0.0327024385333,
        "max": 1,
        "mean": 0.09732234478,
        "median": 0,
        "min": 0,
        "stdev": 0.296401560307,
        "var": 0.0878538861871
    },
    "spectral_centroid": {
        "dmean": 146.462982178,
        "dmean2": 233.702713013,
        "dvar": 42089.6015625,
        "dvar2": 54272.1289062,
        "max": 10823.4033203,
        "mean": 1407.65393066,
        "median": 1387.57470703,
        "min": 394.997467041,
        "stdev": 351.505981445,
        "var": 123556.445312
    },
    "spectral_complexity": {
        "dmean": 2.73982477188,
        "dmean2": 4.45051527023,
        "dvar": 6.40166711807,
        "dvar2": 14.2651252747,
        "max": 44,
        "mean": 21.3486099243,
        "median": 22,
        "min": 0,
        "stdev": 6.9411110878,
        "var": 48.1790237427
    },
    "spectral_decrease": {
        "dmean": 1.10628539662e-09,
        "dmean2": 1.62362490119e-09,
        "dvar": 2.35181551578e-18,
        "dvar2": 4.89199742784e-18,
        "max": 1.0790618348e-28,
        "mean": -4.51926007727e-09,
        "median": -2.98664781795e-09,
        "min": -2.73723284039e-08,
        "stdev": 4.22944079759e-09,
        "var": 1.78881711757e-17
    },
    "spectral_energy": {
        "dmean": 0.00447945157066,
        "dmean2": 0.00653337454423,
        "dvar": 3.83852639061e-05,
        "dvar2": 7.89858750068e-05,
        "max": 0.112840138376,
        "mean": 0.0186450257897,
        "median": 0.0122695202008,
        "min": 1.08422351439e-20,
        "stdev": 0.0174422413111,
        "var": 0.000304231798509
    },
    "spectral_energyband_high": {
        "dmean": 2.57644296653e-05,
        "dmean2": 4.25588914368e-05,
        "dvar": 6.24596596666e-10,
        "dvar2": 1.73383418733e-09,
        "max": 0.000375598698156,
        "mean": 0.000138413452078,
        "median": 0.000132152781589,
        "min": 7.84395260824e-21,
        "stdev": 6.05316017754e-05,
        "var": 3.66407482133e-09
    },
    "spectral_energyband_low": {
        "dmean": 0.00102601328399,
        "dmean2": 0.00165788573213,
        "dvar": 5.26416761204e-06,
        "dvar2": 1.38049299494e-05,
        "max": 0.0430535301566,
        "mean": 0.00174177146982,
        "median": 0.000824357790407,
        "min": 1.10160234985e-22,
        "stdev": 0.00257422984578,
        "var": 6.62665934215e-06
    },
    "spectral_energyband_middle_high": {
        "dmean": 0.00265982560813,
        "dmean2": 0.0037371085491,
        "dvar": 1.96994024009e-05,
        "dvar2": 3.70431589545e-05,
        "max": 0.0937274172902,
        "mean": 0.00957270804793,
        "median": 0.00494934339076,
        "min": 1.26185009001e-21,
        "stdev": 0.0115150390193,
        "var": 0.000132596120238
    },
    "spectral_energyband_middle_low": {
        "dmean": 0.00305875088088,
        "dmean2": 0.00480131153017,
        "dvar": 2.10230409721e-05,
        "dvar2": 4.70074483019e-05,
        "max": 0.091563038528,
        "mean": 0.00892463419586,
        "median": 0.00542340800166,
        "min": 3.15162275731e-22,
        "stdev": 0.00994557887316,
        "var": 9.8914548289e-05
    },
    "spectral_entropy": {
        "dmean": 0.0821124985814,
        "dmean2": 0.13238196075,
        "dvar": 0.00616839900613,
        "dvar2": 0.0140951219946,
        "max": 9.79879283905,
        "mean": 7.37541866302,
        "median": 7.39001846313,
        "min": 6.80446863174,
        "stdev": 0.177349880338,
        "var": 0.0314529798925
    },
    "spectral_flux": {
        "dmean": 0.0140595156699,
        "dmean2": 0.0217875856906,
        "dvar": 0.000278256018646,
        "dvar2": 0.000634717580397,
        "max": 0.291298866272,
        "mean": 0.0663162395358,
        "median": 0.059013389051,
        "min": 1.04126055001e-10,
        "stdev": 0.0403212234378,
        "var": 0.00162580120377
    },
    "spectral_kurtosis": {
        "dmean": 3.23176288605,
        "dmean2": 5.81688022614,
        "dvar": 7.99280261993,
        "dvar2": 25.6550598145,
        "max": 23.722661972,
        "mean": 5.69052124023,
        "median": 4.98534011841,
        "min": -1.19304513931,
        "stdev": 3.59599995613,
        "var": 12.9312162399
    },
    "spectral_rms": {
        "dmean": 0.000466882163892,
        "dmean2": 0.000685192411765,
        "dvar": 2.76643390862e-07,
        "dvar2": 5.5711228697e-07,
        "max": 0.0104922801256,
        "mean": 0.0038519941736,
        "median": 0.00345980701968,
        "min": 3.25235151311e-12,
        "stdev": 0.00183095165994,
        "var": 3.35238405569e-06
    },
    "spectral_rolloff": {
        "dmean": 223.551651001,
        "dmean2": 367.518585205,
        "dvar": 202658.6875,
        "dvar2": 274162.34375,
        "max": 19530.6152344,
        "mean": 1649.43652344,
        "median": 1614.99023438,
        "min": 107.666015625,
        "stdev": 597.502624512,
        "var": 357009.40625
    },
    "spectral_skewness": {
        "dmean": 0.292329728603,
        "dmean2": 0.515581190586,
        "dvar": 0.0618799068034,
        "dvar2": 0.191209241748,
        "max": 3.24390172958,
        "mean": 1.39997673035,
        "median": 1.35604286194,
        "min": 0.0402326546609,
        "stdev": 0.358381271362,
        "var": 0.128437131643
    },
    "spectral_spread": {
        "dmean": 205452.375,
        "dmean2": 329682.3125,
        "dvar": 522867376128,
        "dvar2": 678169346048,
        "max": 45649916,
        "mean": 2507601,
        "median": 2420258.25,
        "min": 1661371.875,
        "stdev": 1442630.625,
        "var": 2.08118297395e+12
    },
    "spectral_strongpeak": {
        "dmean": 0.65965795517,
        "dmean2": 1.07327997684,
        "dvar": 0.776516795158,
        "dvar2": 1.8399502039,
        "max": 10.854598999,
        "mean": 1.53098356724,
        "median": 0.897333264351,
        "min": 0,
        "stdev": 1.70647859573,
        "var": 2.91206932068
    },
    "zerocrossingrate": {
        "dmean": 0.00468030525371,
        "dmean2": 0.00624295277521,
        "dvar": 9.5953066193e-05,
        "dvar2": 0.000176507717697,
        "max": 0.50048828125,
        "mean": 0.0567183159292,
        "median": 0.0556640625,
        "min": 0.017578125,
        "stdev": 0.0172853153199,
        "var": 0.000298782106256
    },
    "barkbands": {
        "dmean": [1.49099278133e-05, 0.000695454829838, 0.000305656576529, 0.000574248842895, 0.00073999754386, 0.000284982059384, 0.000330830225721, 0.000804702052847, 0.00124293926638, 0.00200761505403, 0.000671746267471, 0.000533294049092, 0.000558101572096, 0.000658731092699, 0.000362391408999, 0.000243659858825, 0.000229485100135, 7.73451974965e-05, 6.48725690553e-05, 2.92074255412e-05, 1.39067587952e-05, 1.37844408528e-05, 1.28013266476e-06, 6.03894989126e-07, 3.09545953314e-07, 3.00229707761e-08, 3.48483264467e-09],
        "dmean2": [2.59949993051e-05, 0.00115924980491, 0.000503042712808, 0.00103799439967, 0.0013596318895, 0.000471241917694, 0.000503354240209, 0.00127730891109, 0.00178256747313, 0.00302576157264, 0.00106761371717, 0.000840972235892, 0.000899606966414, 0.00107037089765, 0.000551781326067, 0.000388190441299, 0.00035883471719, 0.000127007166157, 0.00010059831402, 4.72159190394e-05, 2.36216146732e-05, 2.26968204515e-05, 2.14046076508e-06, 1.0811310176e-06, 5.76755553539e-07, 5.14037168386e-08, 5.98454441558e-09],
        "dvar": [3.56402879431e-10, 1.74637330019e-06, 7.95376479346e-07, 2.51854226008e-06, 7.53377662477e-07, 1.86265950219e-07, 3.75097272354e-07, 2.76719765679e-06, 1.2368206626e-05, 1.83484626177e-05, 4.82161976834e-06, 1.76132994056e-06, 1.78308482646e-06, 2.4759021926e-06, 8.48819638577e-07, 1.55892209364e-07, 1.17206504058e-07, 1.05736486233e-08, 1.08503135365e-08, 1.91057081267e-09, 1.79151235513e-10, 1.64631877575e-10, 4.59185771004e-12, 2.63693255599e-12, 1.51913562025e-12, 1.61792271475e-15, 2.90856125574e-17],
        "dvar2": [1.01986152856e-09, 4.80752987642e-06, 2.11855058296e-06, 7.63208390708e-06, 2.31741159951e-06, 5.28042733094e-07, 8.93598041785e-07, 6.48455443297e-06, 2.32474030781e-05, 3.66907333955e-05, 8.99133283383e-06, 4.23034225605e-06, 4.81765528093e-06, 6.01800184086e-06, 1.87306056887e-06, 3.72492252154e-07, 3.12790007229e-07, 2.56717527236e-08, 2.67471822468e-08, 5.16420595176e-09, 5.16598153144e-10, 4.59456916957e-10, 1.19509697277e-11, 7.52821763261e-12, 4.38417227869e-12, 4.59268294375e-15, 8.27275506713e-17],
        "max": [0.000268246396445, 0.0274820551276, 0.0169963203371, 0.0307922996581, 0.00971969310194, 0.00685960240662, 0.0150677226484, 0.0264161117375, 0.0770231112838, 0.0677432119846, 0.0770721808076, 0.0246077124029, 0.0240270700306, 0.0336092486978, 0.0188322067261, 0.00773215247318, 0.00667546596378, 0.00125924125314, 0.00203453958966, 0.000660166610032, 0.000182180665433, 0.00017874702462, 3.73012699129e-05, 1.95866577997e-05, 1.25285496324e-05, 5.17800344824e-07, 6.96624553598e-08],
        "mean": [1.68016631505e-05, 0.00105585332494, 0.000402748381021, 0.000567104842048, 0.00115402776282, 0.000836288556457, 0.000820207293145, 0.00132478598971, 0.00199879519641, 0.00395475141704, 0.00109156651888, 0.000936097581871, 0.00102176517248, 0.00127218605485, 0.000639375648461, 0.000512511411216, 0.000508289027493, 0.00017574391677, 0.000171055129613, 7.80094123911e-05, 5.73413817619e-05, 4.55229019281e-05, 3.03586602968e-06, 8.58943394633e-07, 2.67523148523e-07, 4.49024497584e-08, 4.14469125687e-09],
        "median": [1.04550063043e-05, 0.000543818809092, 0.000104206730612, 0.000164371711435, 0.000863112392835, 0.000580465653911, 0.000517980719451, 0.000374452996766, 0.000408965628594, 0.00120925833471, 0.000441002426669, 0.000318584323395, 0.000298487429973, 0.000427706399933, 0.000210203346796, 0.000313235505018, 0.000323333311826, 0.000127501174575, 8.71599768288e-05, 5.26886469743e-05, 5.17412627232e-05, 4.12060580857e-05, 2.38061647906e-06, 5.57956980174e-07, 1.00107143908e-07, 2.61614996333e-08, 1.48902890018e-09],
        "min": [8.26193550345e-25, 4.26396595326e-24, 6.15058628821e-23, 5.21970959412e-23, 1.27270763703e-23, 3.30383908566e-23, 2.22259587894e-23, 4.72290235095e-23, 1.30153365581e-22, 9.23824214487e-23, 4.91057172921e-23, 7.00378353341e-23, 1.00193785241e-22, 4.16093835245e-23, 1.05540394156e-22, 1.31842171628e-22, 2.23253618899e-22, 1.45682187163e-22, 2.24594530976e-22, 2.98907651629e-22, 4.06718355915e-22, 4.91586612185e-22, 6.03601982961e-22, 7.77337578527e-22, 1.27423770533e-21, 1.53215841625e-21, 2.00771073002e-21],
        "stdev": [1.92768384295e-05, 0.00142982089892, 0.000895067874808, 0.00139850261621, 0.00101435661782, 0.000850283598993, 0.000992028159089, 0.00239138049074, 0.00544793484733, 0.00799079239368, 0.00306003144942, 0.00189205736388, 0.00202358490787, 0.0024924306199, 0.00135900499299, 0.000641283229925, 0.000592293974478, 0.00016416341532, 0.000212408602238, 7.4326977483e-05, 3.1969142583e-05, 2.46035688178e-05, 2.56136081589e-06, 1.33019977966e-06, 9.32900093176e-07, 5.00367391965e-08, 6.34708285929e-09],
        "var": [3.71596503568e-10, 2.04438788387e-06, 8.01146484264e-07, 1.95580969375e-06, 1.02891931419e-06, 7.22982235857e-07, 9.84119765235e-07, 5.71870032218e-06, 2.96799935313e-05, 6.38527635601e-05, 9.36379183258e-06, 3.57988119504e-06, 4.09489621234e-06, 6.21220988251e-06, 1.84689463367e-06, 4.11244201359e-07, 3.50812172201e-07, 2.6949624754e-08, 4.51174173577e-08, 5.52449952451e-09, 1.02202601937e-09, 6.05335614967e-10, 6.56056979575e-12, 1.76943149802e-12, 8.70302636381e-13, 2.50367544385e-15, 4.02854626891e-17]
    },
    "erbbands": {
        "dmean": [0.0193951539695, 0.165334701538, 0.333325892687, 1.13847160339, 2.57292032242, 2.37721657753, 1.695728302, 2.34917092323, 3.7752225399, 11.0302228928, 14.7839384079, 24.9272212982, 67.8661193848, 28.0229358673, 24.0676040649, 19.5163574219, 23.8513565063, 34.1195106506, 20.0431594849, 13.6879177094, 11.6154718399, 11.1980819702, 4.11932897568, 3.98361229897, 2.43022012711, 1.2497369051, 0.498006314039, 0.644747078419, 0.456032633781, 0.0822898298502, 0.0327771529555, 0.0172855015844, 0.00936968717724, 0.00575422914699, 0.000994438072667, 0.000182242700248, 5.70005140617e-05, 1.29802892843e-05, 2.40130816564e-06, 5.22252958035e-06],
        "dmean2": [0.030935337767, 0.278955370188, 0.55907613039, 2.03890776634, 4.75801277161, 4.34755945206, 2.87409758568, 3.84528160095, 5.78012561798, 17.8647956848, 22.6263961792, 36.5380401611, 102.458381653, 38.1498718262, 38.8184432983, 31.5734882355, 37.9653892517, 55.5260734558, 31.1375217438, 21.1198215485, 18.2077579498, 17.5857582092, 6.80751180649, 6.18804979324, 3.90950036049, 2.01478338242, 0.846758067608, 1.08206641674, 0.756746947765, 0.138375520706, 0.0552918985486, 0.0304476395249, 0.0168642811477, 0.0107785444707, 0.00182582181878, 0.000320883089444, 9.70168257481e-05, 2.19493758777e-05, 3.40774295182e-06, 7.55938845032e-06],
        "dvar": [0.000790992809925, 0.117992982268, 1.03662002087, 10.5654878616, 17.0477523804, 9.02882671356, 7.94388628006, 13.0171804428, 40.1124534607, 540.965087891, 1201.08898926, 4990.84033203, 18555.7226562, 6383.32617188, 2391.87988281, 1993.83703613, 2724.96386719, 7644.59423828, 2100.15454102, 596.272460938, 325.534820557, 318.213226318, 27.6548519135, 42.6007270813, 13.7358570099, 2.59234905243, 0.268237173557, 0.341788351536, 0.159830763936, 0.0106001123786, 0.00310843694024, 0.00171441514976, 0.000686716928612, 0.000553301768377, 1.19238202387e-05, 9.19195457527e-08, 6.70946054271e-09, 3.66670277474e-10, 1.05875620771e-11, 5.18114891268e-11],
        "dvar2": [0.0019848770462, 0.330655634403, 2.78329706192, 31.0556640625, 54.0709838867, 25.8980007172, 23.412651062, 34.6371040344, 83.8395690918, 1308.70214844, 2602.70922852, 9001.49609375, 41107.53125, 8317.8359375, 6246.41894531, 4886.09521484, 7039.51074219, 18634.640625, 4636.31103516, 1397.33374023, 780.253234863, 818.14050293, 68.7475738525, 107.419319153, 34.4925308228, 6.75388240814, 0.759078085423, 0.999674320221, 0.445956021547, 0.0284426547587, 0.00807463563979, 0.00482627842575, 0.00197643623687, 0.00160277367104, 3.44045220118e-05, 2.67877140914e-07, 1.82621917588e-08, 9.73933933501e-10, 2.10688654023e-11, 1.05243112836e-10],
        "max": [0.475898653269, 7.27514410019, 19.14868927, 66.1558685303, 67.9355697632, 38.7022132874, 33.7953872681, 56.0311164856, 163.588943481, 406.831085205, 714.994873047, 1377.71252441, 2417.50537109, 3175.15161133, 1013.33276367, 828.375976562, 828.260375977, 1868.59814453, 971.347961426, 403.039459229, 286.922637939, 437.319732666, 68.6630554199, 142.779663086, 65.6550064087, 26.6192970276, 6.74120950699, 8.08616733551, 5.121073246, 1.6318334341, 0.947389662266, 0.655495941639, 0.262042999268, 0.22340606153, 0.0414578951895, 0.00392516702414, 0.00133674009703, 0.000240298832068, 6.21277213213e-05, 0.000134235000587],
        "mean": [0.0314814448357, 0.236439466476, 0.475544542074, 1.26393735409, 3.65447688103, 3.40409040451, 3.41910409927, 7.79660701752, 11.0673446655, 20.2025413513, 25.6071529388, 44.7613525391, 143.861557007, 56.5478668213, 47.5770988464, 38.7218475342, 50.2901954651, 66.5469360352, 41.6062812805, 30.0663833618, 27.5829315186, 25.7317943573, 10.7169713974, 9.90665721893, 7.24343109131, 3.68084263802, 1.96905708313, 2.80539011955, 1.60972356796, 0.237643048167, 0.0753038227558, 0.0323311500251, 0.0132063431665, 0.0050449622795, 0.00107330165338, 0.000251669902354, 8.63521054271e-05, 1.93333416973e-05, 1.07713394755e-05, 2.23581791943e-05],
        "median": [0.0153476437554, 0.122381433845, 0.162583827972, 0.407226860523, 2.51946973801, 2.44614124298, 2.10639667511, 5.39973831177, 6.39001321793, 8.86594390869, 6.82559394836, 12.7364253998, 37.9827575684, 21.4715499878, 20.8802471161, 14.9977016449, 16.4232635498, 19.1428928375, 19.0483207703, 15.8884010315, 17.1725997925, 15.1006650925, 8.37536811829, 5.6932721138, 3.19063878059, 2.80282974243, 1.79044222832, 2.44881510735, 1.50450503826, 0.207464545965, 0.0583810098469, 0.0228790026158, 0.00880418159068, 0.0019401605241, 0.000559512525797, 0.000174955028342, 4.03517151426e-05, 8.49825937621e-06, 7.08596598997e-06, 1.45828507812e-05],
        "min": [2.19051602981e-22, 1.33084060836e-21, 3.99358114538e-20, 1.83847482735e-19, 6.01922465025e-20, 3.88059085864e-20, 8.47091883873e-20, 3.7148970823e-19, 4.10806585021e-19, 3.88833824519e-19, 1.43507574812e-18, 2.49634009882e-18, 3.30233889063e-18, 2.98294687854e-18, 1.33160393209e-18, 3.03531175401e-18, 5.41067772222e-18, 2.08699715819e-18, 4.27680997139e-18, 6.12542629155e-18, 7.62617345946e-18, 1.15019596524e-17, 9.39608685306e-18, 9.27172438386e-18, 1.16685405929e-17, 1.56888335846e-17, 1.3323185541e-17, 1.53000140289e-17, 1.67014316945e-17, 2.0014346296e-17, 1.63149083922e-17, 1.74166484481e-17, 1.2254552562e-17, 1.17330160129e-17, 1.09021354215e-17, 4.54111361585e-18, 2.8461876603e-18, 1.12619068756e-18, 2.7122339802e-19, 3.3800919812e-20],
        "stdev": [0.0393081456423, 0.343499988317, 0.99256426096, 2.97435188293, 4.21667432785, 3.23878073692, 3.82726216316, 8.06317996979, 12.9592247009, 34.1483650208, 49.6345939636, 110.632347107, 274.704559326, 154.540405273, 83.2651367188, 72.0939102173, 92.4361419678, 141.176773071, 66.5251617432, 41.2331123352, 31.213596344, 32.0121994019, 9.20432472229, 12.4346523285, 8.42887878418, 3.11625432968, 1.16602647305, 1.37823092937, 0.700430393219, 0.134411811829, 0.0642972365022, 0.0375704839826, 0.0210267007351, 0.0176842492074, 0.00266211805865, 0.000282078370219, 0.000111162858957, 2.62096655206e-05, 9.85165752354e-06, 2.07746143133e-05],
        "var": [0.00154513039161, 0.117992252111, 0.98518383503, 8.84676933289, 17.7803440094, 10.4897003174, 14.6479349136, 65.0148696899, 167.941497803, 1166.11096191, 2463.59277344, 12239.515625, 75462.59375, 23882.7382812, 6933.08349609, 5197.53222656, 8544.44042969, 19930.8828125, 4425.59667969, 1700.16955566, 974.288574219, 1024.78100586, 84.7195892334, 154.62059021, 71.046005249, 9.71104049683, 1.35961782932, 1.8995205164, 0.490602701902, 0.0180665366352, 0.00413413485512, 0.00141154113226, 0.000442122167442, 0.00031273267814, 7.08687230144e-06, 7.95682026933e-08, 1.23571819444e-08, 6.86946610706e-10, 9.70551486401e-11, 4.31584573635e-10]
    },
    "gfcc": {
        "mean": [-54.2156028748, 153.940658569, -185.493469238, 31.1757774353, -51.911693573, -1.22851741314, -12.9362764359, -11.3250427246, -5.46614837646, -8.66593742371, -12.0642957687, -5.46550989151, 3.49276542664],
        "cov": [[3714.65478516, 415.398040771, -402.090423584, -402.232971191, 62.2512626648, -103.152778625, 121.481895447, 90.3560562134, -57.0406036377, -71.3700332642, 47.73853302, -94.4209594727, -118.32736969], [415.398040771, 193.053421021, 38.8880386353, 16.5724887848, 39.4510383606, 7.92176485062, 55.3371887207, -5.73632097244, 16.0023403168, -22.4088897705, 7.94857168198, -12.4773044586, -5.50848150253], [-402.090423584, 38.8880386353, 231.845336914, 161.582427979, 37.9201126099, 60.2299537659, 2.29211091995, 5.51798677444, 16.5516471863, 7.2543296814, -21.5443973541, 18.3489627838, 27.6969966888], [-402.232971191, 16.5724887848, 161.582427979, 341.377532959, 2.59901475906, 71.3109970093, -54.4933624268, -22.8142642975, 40.5264968872, 8.14387321472, -30.0734901428, 34.2217025757, 71.2141571045], [62.2512626648, 39.4510383606, 37.9201126099, 2.59901475906, 115.209541321, 13.7568054199, 23.659198761, 14.9292392731, 6.31723403931, 7.18833780289, -2.14291071892, -0.775763332844, -34.0483512878], [-103.152778625, 7.92176485062, 60.2299537659, 71.3109970093, 13.7568054199, 119.715042114, 12.1746854782, -6.70323944092, 2.58058571815, 7.78187608719, 9.85565662384, 4.17818260193, 19.0724964142], [121.481895447, 55.3371887207, 2.29211091995, -54.4933624268, 23.659198761, 12.1746854782, 89.9337234497, 22.0914096832, -2.49048471451, -11.2160549164, 9.07567119598, -1.31879878044, -15.0717058182], [90.3560562134, -5.73632097244, 5.51798677444, -22.8142642975, 14.9292392731, -6.70323944092, 22.0914096832, 71.5205307007, 20.8699703217, -0.465767681599, -6.10629177094, -9.03405952454, 1.2999008894], [-57.0406036377, 16.0023403168, 16.5516471863, 40.5264968872, 6.31723403931, 2.58058571815, -2.49048471451, 20.8699703217, 72.2327041626, 17.4589309692, -12.9820575714, -6.06606912613, 15.3533821106], [-71.3700332642, -22.4088897705, 7.2543296814, 8.14387321472, 7.18833780289, 7.78187608719, -11.2160549164, -0.465767681599, 17.4589309692, 63.0057907104, 15.8697309494, 9.0082359314, -5.22426176071], [47.73853302, 7.94857168198, -21.5443973541, -30.0734901428, -2.14291071892, 9.85565662384, 9.07567119598, -6.10629177094, -12.9820575714, 15.8697309494, 69.7588577271, 12.9903707504, -5.257127285], [-94.4209594727, -12.4773044586, 18.3489627838, 34.2217025757, -0.775763332844, 4.17818260193, -1.31879878044, -9.03405952454, -6.06606912613, 9.0082359314, 12.9903707504, 58.7093849182, 18.5559425354], [-118.32736969, -5.50848150253, 27.6969966888, 71.2141571045, -34.0483512878, 19.0724964142, -15.0717058182, 1.2999008894, 15.3533821106, -5.22426176071, -5.257127285, 18.5559425354, 65.2061767578]],
        "icov": [[0.000807705451734, -0.00277979369275, 0.00181609415449, 0.0002035684156, 0.000127618855913, -0.000553130928893, 0.00128671771381, -0.00223911227658, 0.00152172602247, -0.000532551435754, 0.000638582394458, -0.000329402508214, 0.000551880511921], [-0.00277979369275, 0.0183916017413, -0.00745045067742, -0.00169277691748, -0.00300825783052, 0.00384971243329, -0.0105587849393, 0.0119623206556, -0.00850671250373, 0.00533597357571, -0.00531299225986, 0.00451187836006, -0.00313497218303], [0.00181609415449, -0.00745045067742, 0.0119251413271, -0.0029174736701, -0.00126808136702, -0.0029526327271, 0.00203728489578, -0.00684912316501, 0.00524860760197, -0.00280991080217, 0.0035216063261, -0.00158462941181, 0.000869987648912], [0.0002035684156, -0.00169277691748, -0.0029174736701, 0.007418631576, -0.000548674841411, -0.0024553835392, 0.00465435953811, 0.0011952787172, -0.00217932788655, 0.000389150780393, 0.00186978490092, -0.00250373990275, -0.00374530488625], [0.000127618855913, -0.00300825783052, -0.00126808136702, -0.000548674841411, 0.0139432055876, -0.00219432148151, 0.000438083196059, -0.00406127888709, -0.000650707748719, -0.000793323561084, 0.00146263337228, -0.0035618650727, 0.010441198945], [-0.000553130928893, 0.00384971243329, -0.0029526327271, -0.0024553835392, -0.00219432148151, 0.0125595200807, -0.00560412509367, 0.00411589071155, -2.30671783896e-08, -0.000918076199014, -0.00370807759464, 0.00425844267011, -0.00452387984842], [0.00128671771381, -0.0105587849393, 0.00203728489578, 0.00465435953811, 0.000438083196059, -0.00560412509367, 0.0224720835686, -0.0101597690955, 0.00274713686667, 0.00144000537694, 0.00149507517926, -0.00570119218901, 0.0039705443196], [-0.00223911227658, 0.0119623206556, -0.00684912316501, 0.0011952787172, -0.00406127888709, 0.00411589071155, -0.0101597690955, 0.0267491582781, -0.0108142439276, 0.00310272118077, -0.00260363589041, 0.00495735788718, -0.00648071430624], [0.00152172602247, -0.00850671250373, 0.00524860760197, -0.00217932788655, -0.000650707748719, -2.30671783896e-08, 0.00274713686667, -0.0108142439276, 0.0248166564852, -0.0101485801861, 0.00532763265073, 0.00298255356029, -0.00437131896615], [-0.000532551435754, 0.00533597357571, -0.00280991080217, 0.000389150780393, -0.000793323561084, -0.000918076199014, 0.00144000537694, 0.00310272118077, -0.0101485801861, 0.0233611818403, -0.00699276616797, -0.00316510885023, 0.00497635640204], [0.000638582394458, -0.00531299225986, 0.0035216063261, 0.00186978490092, 0.00146263337228, -0.00370807759464, 0.00149507517926, -0.00260363589041, 0.00532763265073, -0.00699276616797, 0.0202045757324, -0.00547325517982, 0.000789691170212], [-0.000329402508214, 0.00451187836006, -0.00158462941181, -0.00250373990275, -0.0035618650727, 0.00425844267011, -0.00570119218901, 0.00495735788718, 0.00298255356029, -0.00316510885023, -0.00547325517982, 0.0247991867363, -0.00978544633836], [0.000551880511921, -0.00313497218303, 0.000869987648912, -0.00374530488625, 0.010441198945, -0.00452387984842, 0.0039705443196, -0.00648071430624, -0.00437131896615, 0.00497635640204, 0.000789691170212, -0.00978544633836, 0.0318919606507]]
    },
    "melbands": {
        "dmean": [0.000185636978131, 0.000173592779902, 0.000224235278438, 0.000191277213162, 5.8996178268e-05, 5.57775747438e-05, 5.63080611755e-05, 0.000135006266646, 0.00012023698946, 0.000180339498911, 0.000349421723513, 0.000126327271573, 8.83485408849e-05, 5.43128080608e-05, 6.80362281855e-05, 5.55296028324e-05, 6.87977735652e-05, 3.41169979947e-05, 2.86982995021e-05, 1.80224560609e-05, 1.44337127495e-05, 1.4896245375e-05, 7.13940244168e-06, 3.30813008986e-06, 3.70549673789e-06, 2.27318628276e-06, 1.61699108503e-06, 7.67557025938e-07, 2.91881889325e-07, 4.80822450299e-07, 4.65789810278e-07, 3.65417292869e-07, 1.04605909712e-07, 3.30031113549e-08, 2.09732000656e-08, 1.72517697905e-08, 8.8921350283e-09, 6.29831609089e-09, 6.66231692037e-09, 4.49642811873e-09],
        "dmean2": [0.00030358613003, 0.000287115195533, 0.000404711841838, 0.00035575471702, 0.000100091834611, 9.05260530999e-05, 8.66668051458e-05, 0.000217256674659, 0.000180245173397, 0.000258078187471, 0.000525743991602, 0.00016953915474, 0.000141091266414, 8.40736029204e-05, 0.000109609689389, 8.71701413416e-05, 0.00011253588309, 5.36415282113e-05, 4.40591975348e-05, 2.79921387119e-05, 2.25763578783e-05, 2.34251201618e-05, 1.18910766105e-05, 5.35181379746e-06, 5.77159926252e-06, 3.72094677914e-06, 2.64217260337e-06, 1.24841767501e-06, 4.99097325246e-07, 8.05379045232e-07, 7.82956988132e-07, 6.05745128723e-07, 1.79523269139e-07, 5.47346168389e-08, 3.53875435621e-08, 2.96441502456e-08, 1.57329740347e-08, 1.11182654194e-08, 1.23970345101e-08, 8.44367509245e-09],
        "dvar": [9.73264988602e-08, 2.28950256087e-07, 3.22477063719e-07, 5.13798283919e-08, 9.16530407125e-09, 7.22017512444e-09, 8.42822345248e-09, 8.13969265323e-08, 8.66158842427e-08, 2.81949780856e-07, 4.91783168854e-07, 1.15171111759e-07, 4.4849546299e-08, 1.84659025848e-08, 3.26219407043e-08, 2.27995826663e-08, 2.95950997042e-08, 4.95133445355e-09, 4.77004569177e-09, 8.90735429859e-10, 4.85623818935e-10, 5.96659999186e-10, 7.88596271617e-11, 2.49319957041e-11, 4.05982712726e-11, 1.26900599404e-11, 7.32496441974e-12, 8.38703021963e-13, 1.00275067113e-13, 2.19084150235e-13, 1.85016729042e-13, 1.08974231006e-13, 9.88853282976e-15, 2.61208507318e-15, 1.16860339409e-15, 1.01007154301e-15, 5.29145293798e-16, 2.14141933111e-16, 6.47576964027e-16, 3.51870747649e-16],
        "dvar2": [2.59101625488e-07, 6.1539304852e-07, 9.61974933489e-07, 1.60451719466e-07, 2.6413401244e-08, 1.89335978007e-08, 1.8584788819e-08, 1.9564076581e-07, 1.75839602434e-07, 4.98762517509e-07, 1.07922801362e-06, 1.58862903277e-07, 1.04254105793e-07, 4.30396873696e-08, 9.04739607677e-08, 5.72448968228e-08, 6.99472906263e-08, 1.13893277032e-08, 1.09933635528e-08, 2.00403649231e-09, 1.16552101304e-09, 1.54932466856e-09, 2.02966074503e-10, 6.22494902847e-11, 1.03619328395e-10, 3.1956808727e-11, 1.93737734189e-11, 2.25517803217e-12, 2.86922043199e-13, 6.39321223999e-13, 5.16648030781e-13, 3.03396684945e-13, 2.75901433048e-14, 6.77518445806e-15, 3.0390591353e-15, 2.81548775349e-15, 1.50299273166e-15, 6.1277169201e-16, 1.86951733459e-15, 1.02267158161e-15],
        "max": [0.00615897215903, 0.00964476447552, 0.0114887133241, 0.0026563978754, 0.00110828492325, 0.00132339261472, 0.00208580354229, 0.00465506408364, 0.00598977413028, 0.0113197667524, 0.0121480096132, 0.0125636598095, 0.00606578914449, 0.00311512034386, 0.00397339323536, 0.0029737809673, 0.00325063057244, 0.00133187009487, 0.0011487014126, 0.000655208597891, 0.000393263064325, 0.000586663431022, 0.000130170257762, 7.75217922637e-05, 0.000141265511047, 6.12404473941e-05, 3.73804323317e-05, 1.29224972625e-05, 3.35834511134e-06, 5.88102420807e-06, 5.08388075104e-06, 4.46408603239e-06, 1.14055342237e-06, 8.08936704288e-07, 5.89414071328e-07, 5.01389479268e-07, 3.34815240421e-07, 1.48560715729e-07, 2.19141568891e-07, 1.90832921021e-07],
        "mean": [0.000295638252283, 0.000267208408331, 0.000286048889393, 0.000278795341728, 0.00012140734907, 0.000184917604201, 0.000158751907293, 0.000239734305069, 0.000200582362595, 0.000306343223201, 0.000729838910047, 0.000230662757531, 0.000159821298439, 0.000100859593658, 0.00011922804697, 9.86787781585e-05, 0.000128772095195, 6.53059396427e-05, 5.23252674611e-05, 3.66878593923e-05, 3.14686731144e-05, 3.09049828502e-05, 1.40972151712e-05, 7.34143850423e-06, 8.27737221698e-06, 5.87717113376e-06, 4.07972947869e-06, 2.01354646379e-06, 8.13418182588e-07, 1.70238024566e-06, 1.80337929123e-06, 1.17807792321e-06, 2.54314841186e-07, 7.30564195806e-08, 4.04535107634e-08, 3.61838594642e-08, 1.2447675779e-08, 8.94086404912e-09, 6.85998680083e-09, 3.46441275667e-09],
        "median": [0.000145139667438, 0.0001207759924, 0.000146548874909, 0.000200900627533, 7.78226240072e-05, 0.000129416643176, 9.20218953979e-05, 9.37289005378e-05, 4.95323547511e-05, 7.05522834323e-05, 0.000193183819647, 7.76448141551e-05, 7.03271944076e-05, 3.67937536794e-05, 4.03793455916e-05, 2.67836803687e-05, 3.47252789652e-05, 3.10236464429e-05, 1.82999065146e-05, 2.25823569053e-05, 1.9478116883e-05, 1.78702539415e-05, 1.02123012766e-05, 4.85545024276e-06, 4.42588407168e-06, 2.67825384981e-06, 1.73857165464e-06, 1.57752060659e-06, 7.31226805328e-07, 1.48645881382e-06, 1.60273577876e-06, 1.07812820715e-06, 2.31952355989e-07, 5.74259075847e-08, 2.98769435858e-08, 2.67285500399e-08, 7.91013654577e-09, 6.14027806378e-09, 3.52856499575e-09, 1.01733821367e-09],
        "min": [1.45935895086e-24, 1.71869740732e-23, 2.56571708278e-23, 3.2152548575e-24, 2.69476758768e-24, 7.9754460718e-24, 5.53976229628e-24, 4.564610705e-24, 1.3172968953e-23, 1.72334490246e-23, 1.74263965134e-23, 1.27394386096e-23, 5.22315099982e-24, 6.1110561527e-24, 1.04898936644e-23, 9.44149515477e-24, 3.38299607102e-24, 6.16707277115e-24, 8.34490276587e-24, 7.38794033491e-24, 9.32509162846e-24, 1.01229376594e-23, 1.49375750673e-23, 5.3764811051e-24, 7.50468386027e-24, 8.85810490523e-24, 7.44549799314e-24, 1.15942303008e-23, 7.93800673323e-24, 8.95408797815e-24, 6.98038639228e-24, 8.51718209896e-24, 1.10069233569e-23, 1.18518998826e-23, 9.22354787502e-24, 9.69160271591e-24, 1.04982910887e-23, 9.37533181293e-24, 6.33531195312e-24, 1.13776958709e-23],
        "stdev": [0.000379931851057, 0.000472382613225, 0.000529439421371, 0.000254406011663, 0.000128414918436, 0.000186528835911, 0.000180623348569, 0.00042671529809, 0.00042417467921, 0.000827921612654, 0.00140572420787, 0.000641370133962, 0.000325432192767, 0.000208899058634, 0.000230698933592, 0.000212284590816, 0.000282961205812, 9.88875544863e-05, 0.000104260405351, 4.74906919408e-05, 3.67463180737e-05, 4.04039383284e-05, 1.45032399814e-05, 7.95359665062e-06, 1.12975885713e-05, 7.20164416634e-06, 4.94146752317e-06, 1.66250663369e-06, 5.69190831357e-07, 9.96778226181e-07, 9.36066896884e-07, 6.07171102729e-07, 1.25367691339e-07, 6.42201101186e-08, 3.9149792741e-08, 3.45007080682e-08, 1.94090450378e-08, 1.23013021991e-08, 1.93420586214e-08, 1.40208484822e-08],
