{
"lowlevel": {
    "average_loudness": 0.982576310635,
    "barkbands_crest": {
        "dmean": 3.76484251022,
        "dmean2": 6.05156898499,
        "dvar": 10.9973173141,
        "dvar2": 26.6122665405,
        "max": 24.3134174347,
        "mean": 10.7160434723,
        "median": 10.0954380035,
        "min": 2.1853325367,
        "stdev": 4.72925806046,
        "var": 22.3658809662
    },
    "barkbands_flatness_db": {
        "dmean": 0.0289066638798,
        "dmean2": 0.0442192256451,
        "dvar": 0.000718845927622,
        "dvar2": 0.00158493523486,
        "max": 0.261118918657,
        "mean": 0.11437677592,
        "median": 0.107626542449,
        "min": 0.0223561599851,
        "stdev": 0.0508938543499,
        "var": 0.0025901843328
    },
    "barkbands_kurtosis": {
        "dmean": 3.16947126389,
        "dmean2": 5.14443683624,
        "dvar": 45.4309234619,
        "dvar2": 117.206375122,
        "max": 83.2177047729,
        "mean": 2.27557468414,
        "median": 0.37740457058,
        "min": -1.83175837994,
        "stdev": 6.60269975662,
        "var": 43.5956459045
    },
    "barkbands_skewness": {
        "dmean": 0.804137051105,
        "dmean2": 1.18865787983,
        "dvar": 0.690067589283,
        "dvar2": 1.41771161556,
        "max": 8.79683685303,
        "mean": 0.955012142658,
        "median": 0.857524037361,
        "min": -5.30083465576,
        "stdev": 1.28524708748,
        "var": 1.65186011791
    },
    "barkbands_spread": {
        "dmean": 9.61321735382,
        "dmean2": 14.6398439407,
        "dvar": 87.850944519,
        "dvar2": 189.329345703,
        "max": 97.0088348389,
        "mean": 31.531791687,
        "median": 27.3230133057,
        "min": 3.28696775436,
        "stdev": 18.4832515717,
        "var": 341.630554199
    },
    "dissonance": {
        "dmean": 0.0218722783029,
        "dmean2": 0.0360200703144,
        "dvar": 0.000782841758337,
        "dvar2": 0.00153972499538,
        "max": 0.499998033047,
        "mean": 0.464669644833,
        "median": 0.475780844688,
        "min": 0.0377425551414,
        "stdev": 0.0363945178688,
        "var": 0.00132456084248
    },
    "dynamic_complexity": 2.57365012169,
    "erbbands_crest": {
        "dmean": 3.25119900703,
        "dmean2": 5.16139173508,
        "dvar": 8.58073139191,
        "dvar2": 20.354516983,
        "max": 29.3848628998,
        "mean": 9.60696792603,
        "median": 8.69323539734,
        "min": 2.69924449921,
        "stdev": 4.88690328598,
        "var": 23.8818244934
    },
    "erbbands_flatness_db": {
        "dmean": 0.0250450186431,
        "dmean2": 0.0332970060408,
        "dvar": 0.000580802327022,
        "dvar2": 0.00108346482739,
        "max": 0.32605522871,
        "mean": 0.154309794307,
        "median": 0.14528721571,
        "min": 0.0470161400735,
        "stdev": 0.0560469329357,
        "var": 0.00314125884324
    },
    "erbbands_kurtosis": {
        "dmean": 1.42814528942,
        "dmean2": 2.21903991699,
        "dvar": 5.39351272583,
        "dvar2": 12.2475805283,
        "max": 26.9752922058,
        "mean": 0.967417418957,
        "median": 0.20408141613,
        "min": -1.70578300953,
        "stdev": 2.89999985695,
        "var": 8.40999889374
    },
    "erbbands_skewness": {
        "dmean": 0.48046964407,
        "dmean2": 0.695506632328,
        "dvar": 0.212924703956,
        "dvar2": 0.46314689517,
        "max": 3.51035857201,
        "mean": 0.215876609087,
        "median": 0.175036013126,
        "min": -3.98018288612,
        "stdev": 0.936063468456,
        "var": 0.87621486187
    },
    "erbbands_spread": {
        "dmean": 11.1880378723,
        "dmean2": 16.7016220093,
        "dvar": 131.687637329,
        "dvar2": 299.487579346,
        "max": 120.458953857,
        "mean": 38.70936203,
        "median": 35.8881759644,
        "min": 3.29183483124,
        "stdev": 19.4617958069,
        "var": 378.761505127
    },
    "hfc": {
        "dmean": 12.67582798,
        "dmean2": 17.3022403717,
        "dvar": 224.647827148,
        "dvar2": 443.108947754,
        "max": 124.116340637,
        "mean": 31.7383289337,
        "median": 26.8597507477,
        "min": 9.59882129337e-09,
        "stdev": 24.6833305359,
        "var": 609.266784668
    },
    "loudness_ebu128": {
        "integrated": -8.32423400879,
        "loudness_range": 1.46252727509,
        "momentary": {
            "dmean": 0.927721083164,
            "dmean2": 1.38172185421,
            "dvar": 0.880933344364,
            "dvar2": 2.0215523243,
            "max": -5.95490312576,
            "mean": -8.53206062317,
            "median": -8.3457698822,
            "min": -18.1514263153,
            "stdev": 1.48197698593,
            "var": 2.19625592232
        },
        "short_term": {
            "dmean": 0.0732048675418,
            "dmean2": 0.0957941263914,
            "dvar": 0.00378677388653,
            "dvar2": 0.00587362842634,
            "max": -7.53621244431,
            "mean": -8.44923400879,
            "median": -8.48379135132,
            "min": -9.29212379456,
            "stdev": 0.568843007088,
            "var": 0.323582351208
        }
    },
    "melbands_crest": {
        "dmean": 4.98715591431,
        "dmean2": 8.16481590271,
        "dvar": 17.1232585907,
        "dvar2": 41.4865951538,
        "max": 35.2195396423,
        "mean": 15.7421503067,
        "median": 15.4386873245,
        "min": 3.15621757507,
        "stdev": 5.90633440018,
        "var": 34.8847846985
    },
    "melbands_flatness_db": {
        "dmean": 0.0371287427843,
        "dmean2": 0.0542463548481,
        "dvar": 0.0012049874058,
        "dvar2": 0.00251365988515,
        "max": 0.379196733236,
        "mean": 0.154513284564,
        "median": 0.147232830524,
        "min": 0.0216736514121,
        "stdev": 0.0639234632254,
        "var": 0.00408620899543
    },
    "melbands_kurtosis": {
        "dmean": 8.92845344543,
        "dmean2": 14.0755786896,
        "dvar": 463.850372314,
        "dvar2": 1205.31738281,
        "max": 357.922576904,
        "mean": 9.45536613464,
        "median": 4.20559597015,
        "min": -1.79078423977,
        "stdev": 20.1311016083,
        "var": 405.261260986
    },
    "melbands_skewness": {
        "dmean": 1.1082034111,
        "dmean2": 1.61565113068,
        "dvar": 1.37407767773,
        "dvar2": 2.83278012276,
        "max": 14.8886575699,
        "mean": 2.10325050354,
        "median": 1.7724134922,
        "min": -2.62412929535,
        "stdev": 1.74525690079,
        "var": 3.04592180252
    },
    "melbands_spread": {
        "dmean": 16.758687973,
        "dmean2": 26.3655052185,
        "dvar": 463.549285889,
        "dvar2": 1129.85290527,
        "max": 211.946075439,
        "mean": 39.0436439514,
        "median": 31.160446167,
        "min": 1.31031370163,
        "stdev": 30.523273468,
        "var": 931.670166016
    },
    "pitch_salience": {
        "dmean": 0.100897453725,
        "dmean2": 0.160814315081,
        "dvar": 0.0087961172685,
        "dvar2": 0.0185315832496,
        "max": 0.944744348526,
        "mean": 0.554644107819,
        "median": 0.574920594692,
        "min": 0.129287257791,
        "stdev": 0.139261782169,
        "var": 0.01939384453
    },
    "silence_rate_20dB": {
        "dmean": 0,
        "dmean2": 0,
        "dvar": 0,
        "dvar2": 0,
        "max": 1,
        "mean": 1,
        "median": 1,
        "min": 1,
        "stdev": 0,
        "var": 0
    },
    "silence_rate_30dB": {
        "dmean": 0.0595041327178,
        "dmean2": 0.11920529604,
        "dvar": 0.0559630393982,
        "dvar2": 0.14142049849,
        "max": 1,
        "mean": 0.958745896816,
        "median": 1,
        "min": 0,
        "stdev": 0.19887714088,
        "var": 0.0395521149039
    },
    "silence_rate_60dB": {
        "dmean": 0.0545454546809,
        "dmean2": 0.107615895569,
        "dvar": 0.0515704713762,
        "dvar2": 0.115902416408,
        "max": 1,
        "mean": 0.0841584131122,
        "median": 0,
        "min": 0,
        "stdev": 0.277626484632,
        "var": 0.0770764648914
    },
    "spectral_centroid": {
        "dmean": 408.435424805,
        "dmean2": 606.228759766,
        "dvar": 177728.046875,
        "dvar2": 380310.40625,
        "max": 5304.11328125,
        "mean": 1921.58496094,
        "median": 1857.86682129,
        "min": 403.051239014,
        "stdev": 755.176208496,
        "var": 570291.0625
    },
    "spectral_complexity": {
        "dmean": 5.9140496254,
        "dmean2": 8.47847652435,
        "dvar": 41.8704338074,
        "dvar2": 72.2695236206,
        "max": 55,
        "mean": 17.6996707916,
        "median": 15,
        "min": 0,
        "stdev": 11.4984111786,
        "var": 132.213470459
    },
    "spectral_decrease": {
        "dmean": 4.22951629275e-09,
        "dmean2": 6.15082651478e-09,
        "dvar": 4.62666733496e-17,
        "dvar2": 8.44162762878e-17,
        "max": -1.74242494107e-18,
        "mean": -6.81055656315e-09,
        "median": -4.1459822242e-09,
        "min": -5.15595353079e-08,
        "stdev": 8.57099280438e-09,
        "var": 7.34619234357e-17
    },
    "spectral_energy": {
        "dmean": 0.0168430302292,
        "dmean2": 0.0243081972003,
        "dvar": 0.000682814687025,
        "dvar2": 0.001246715663,
        "max": 0.196924030781,
        "mean": 0.028583407402,
        "median": 0.0186857264489,
        "min": 7.44694930721e-12,
        "stdev": 0.0333724431694,
        "var": 0.00111371988896
    },
    "spectral_energyband_high": {
        "dmean": 0.000943764753174,
        "dmean2": 0.00126630649902,
        "dvar": 1.63395986874e-06,
        "dvar2": 3.16672708323e-06,
        "max": 0.0172358099371,
        "mean": 0.00197476544417,
        "median": 0.00115374336019,
        "min": 1.60755496371e-13,
        "stdev": 0.00217023468576,
        "var": 4.70991835755e-06
    },
    "spectral_energyband_low": {
        "dmean": 0.0109770847484,
        "dmean2": 0.0159701928496,
        "dvar": 0.000628339010291,
        "dvar2": 0.00115638424177,
        "max": 0.188194617629,
        "mean": 0.0121300397441,
        "median": 0.0010901640635,
        "min": 1.01547112732e-12,
        "stdev": 0.0290363300592,
        "var": 0.000843108515255
    },
    "spectral_energyband_middle_high": {
        "dmean": 0.0034442350734,
        "dmean2": 0.00466289604083,
        "dvar": 2.17695906031e-05,
        "dvar2": 4.20657779614e-05,
        "max": 0.0499630756676,
        "mean": 0.00753425620496,
        "median": 0.00504495482892,
        "min": 4.24761311194e-12,
        "stdev": 0.00840663351119,
        "var": 7.06714854459e-05
    },
    "spectral_energyband_middle_low": {
        "dmean": 0.00629775645211,
        "dmean2": 0.0103073511273,
        "dvar": 0.000121987111925,
        "dvar2": 0.000308149959892,
        "max": 0.0895051434636,
        "mean": 0.00822076480836,
        "median": 0.00509956199676,
        "min": 2.0047266798e-12,
        "stdev": 0.0109681170434,
        "var": 0.000120299591799
    },
    "spectral_entropy": {
        "dmean": 0.194097101688,
        "dmean2": 0.284061014652,
        "dvar": 0.035281971097,
        "dvar2": 0.0697571709752,
        "max": 8.85378456116,
        "mean": 7.89204454422,
        "median": 7.93109893799,
        "min": 6.81546974182,
        "stdev": 0.420273065567,
        "var": 0.176629453897
    },
    "spectral_flux": {
        "dmean": 0.0412981882691,
        "dmean2": 0.061801481992,
        "dvar": 0.00247441395186,
        "dvar2": 0.00598962744698,
        "max": 0.404324829578,
        "mean": 0.11648786068,
        "median": 0.0982259213924,
        "min": 2.72890997621e-06,
        "stdev": 0.0736111849546,
        "var": 0.00541860656813
    },
    "spectral_kurtosis": {
        "dmean": 1.13796794415,
        "dmean2": 1.7789195776,
        "dvar": 1.55768096447,
        "dvar2": 3.37080740929,
        "max": 16.4294509888,
        "mean": 3.20236229897,
        "median": 2.94198894501,
        "min": -1.09345149994,
        "stdev": 1.97403967381,
        "var": 3.89683246613
    },
    "spectral_rms": {
        "dmean": 0.00140516576357,
        "dmean2": 0.00192795821931,
        "dvar": 2.77105459645e-06,
        "dvar2": 4.70101667815e-06,
        "max": 0.0138607723638,
        "mean": 0.00459622172639,
        "median": 0.00426964461803,
        "min": 8.5236827374e-08,
        "stdev": 0.00260019139387,
        "var": 6.76099534758e-06
    },
    "spectral_rolloff": {
        "dmean": 1208.06567383,
        "dmean2": 1881.26904297,
        "dvar": 2891102.75,
        "dvar2": 6022791.5,
        "max": 13092.1875,
        "mean": 3029.00366211,
        "median": 2250.21972656,
        "min": 64.599609375,
        "stdev": 2670.65795898,
        "var": 7132413.5
    },
    "spectral_skewness": {
        "dmean": 0.214677095413,
        "dmean2": 0.31767565012,
        "dvar": 0.0453125312924,
        "dvar2": 0.0946477428079,
        "max": 3.17810678482,
        "mean": 1.41225361824,
        "median": 1.39575791359,
        "min": 0.00877580512315,
        "stdev": 0.389067053795,
        "var": 0.151373162866
    },
    "spectral_spread": {
        "dmean": 855184,
        "dmean2": 1211580,
        "dvar": 984510300160,
        "dvar2": 1.73921782989e+12,
        "max": 15067131,
        "mean": 5937327.5,
        "median": 5665060.5,
        "min": 2580156.25,
        "stdev": 1895916.75,
        "var": 3.59450017792e+12
    },
    "spectral_strongpeak": {
        "dmean": 0.67508995533,
        "dmean2": 1.11126124859,
        "dvar": 0.824085712433,
        "dvar2": 2.05569005013,
        "max": 7.3824877739,
        "mean": 1.1299110651,
        "median": 0.63830602169,
        "min": 0,
        "stdev": 1.20147049427,
        "var": 1.4435312748
    },
    "zerocrossingrate": {
        "dmean": 0.0224625524133,
        "dmean2": 0.0236565805972,
        "dvar": 0.000723303179257,
        "dvar2": 0.000683222897351,
        "max": 0.4189453125,
        "mean": 0.106775671244,
        "median": 0.08935546875,
        "min": 0.0107421875,
        "stdev": 0.0655986443162,
        "var": 0.00430318247527
    },
    "barkbands": {
        "dmean": [0.0002678091696, 0.00816338788718, 0.0026022195816, 0.00252800784074, 0.00166840536986, 0.00078772555571, 0.000730399042368, 0.000940692145377, 0.00123101880308, 0.000941294012591, 0.00102913146839, 0.000845982984174, 0.000686545099597, 0.000674831739161, 0.000521490524989, 0.000451478146715, 0.000433606444858, 0.000402536039473, 0.000208926401683, 0.000245463277679, 0.000211991748074, 0.000200887923711, 0.00015077496937, 0.000144289660966, 0.000178757240064, 0.000125000020489, 7.81119524618e-06],
        "dmean2": [0.00040845645708, 0.0116887213662, 0.00452502770349, 0.00427201390266, 0.00297974911518, 0.00131407205481, 0.00119672017172, 0.0014942457201, 0.00185918214265, 0.00154615391511, 0.00156120921019, 0.00141904363409, 0.00108071998693, 0.00108945812099, 0.000783087511081, 0.000694681250025, 0.000693837471772, 0.000639547477476, 0.000333843257977, 0.000371264119167, 0.000319905724609, 0.000287485599983, 0.00022324649035, 0.000205496369745, 0.000252805970376, 0.000172952553839, 1.34868123496e-05],
        "dvar": [2.9817508107e-07, 0.000475564127555, 5.11785001436e-05, 4.73752734251e-05, 2.41877696681e-05, 6.19435786575e-06, 5.72629551243e-06, 7.16476552043e-06, 7.22764525563e-06, 5.59204818273e-06, 7.62588933867e-06, 9.22287927096e-06, 2.95529525829e-06, 2.71181693279e-06, 1.07105915959e-06, 7.19037188901e-07, 6.70460110541e-07, 6.43318969651e-07, 9.8518427194e-08, 2.00100842562e-07, 7.91913237208e-08, 1.64809634384e-07, 5.80325192345e-08, 5.04714066096e-08, 1.120308184e-07, 3.93113168684e-08, 2.36913072493e-10],
        "dvar2": [6.4466968297e-07, 0.000879834929947, 0.000140655713039, 0.000120693359349, 6.83961916366e-05, 1.56039586727e-05, 1.49890929606e-05, 1.84854125109e-05, 1.55558136612e-05, 1.34864312713e-05, 1.67740017787e-05, 2.67909035756e-05, 6.62687807562e-06, 5.96366726313e-06, 2.34513549913e-06, 1.55375130362e-06, 1.69767042735e-06, 1.54801034569e-06, 2.07671561725e-07, 3.76283082915e-07, 1.49852894538e-07, 2.70580471806e-07, 1.37791261068e-07, 1.18004429339e-07, 2.37484215404e-07, 7.81940556749e-08, 6.42108810567e-10],
        "max": [0.00465368526056, 0.152624323964, 0.0742309689522, 0.0510884001851, 0.0462156757712, 0.0444411896169, 0.0293707586825, 0.0285216700286, 0.0323013402522, 0.0288117546588, 0.0358456745744, 0.0392382182181, 0.0234852619469, 0.0148003110662, 0.0106024304405, 0.00805417541414, 0.00822253432125, 0.0107093676925, 0.002809291007, 0.00852537062019, 0.00393626606092, 0.00772304134443, 0.00348446238786, 0.00239248690195, 0.00518300756812, 0.00194852717686, 0.000150070089148],
        "mean": [0.000316856981954, 0.00862139742821, 0.00209749815986, 0.00201351428404, 0.00140971166547, 0.000858307001181, 0.000789696234278, 0.0011637606658, 0.0016203840496, 0.00107520411257, 0.00131036574021, 0.000931967515498, 0.000751357292756, 0.000753084546886, 0.000614862889051, 0.000598229467869, 0.000612865085714, 0.000598106242251, 0.000307350186631, 0.000378774275305, 0.000361845683074, 0.000351570808562, 0.000248769851169, 0.000270346179605, 0.000312395335641, 0.000207374367164, 7.81047310738e-06],
        "median": [8.73662611411e-06, 0.000203028641408, 0.000108582215034, 9.06707864488e-05, 0.000335109885782, 0.000201173621463, 0.000103876285721, 0.00014327748795, 0.000399641809054, 0.000212509854464, 0.000277881277725, 0.000230650330195, 0.000193405736354, 0.000201289120014, 0.000208856567042, 0.000188534817426, 0.000171010397025, 0.000238428838202, 0.000160011652042, 0.000146617458086, 0.000206977856578, 0.000166012003319, 0.000130366737721, 9.31042595766e-05, 0.000134957808768, 6.63959217491e-05, 1.41388773045e-06],
        "min": [3.39687533744e-13, 4.70086914273e-13, 2.62751761538e-13, 2.15548959974e-13, 3.76196876385e-13, 2.75456659435e-13, 2.86955734782e-13, 3.3507452455e-13, 4.310788922e-13, 2.17348003744e-13, 1.16593515983e-13, 3.3136901968e-13, 8.41578976646e-13, 6.68854294866e-13, 7.9708494579e-13, 9.42571650071e-13, 1.56777802546e-13, 5.50407226849e-14, 1.54385185192e-13, 1.84401308784e-14, 6.92701511385e-14, 3.46496309834e-14, 1.14915202361e-15, 7.85083329184e-15, 1.59757020709e-14, 1.72241303793e-14, 6.81664926193e-15],
        "stdev": [0.000731370877475, 0.0248301848769, 0.00589157221839, 0.00628701038659, 0.00396170513704, 0.00244319951162, 0.00231471867301, 0.00275746220723, 0.00334843364544, 0.00280418340117, 0.00376523914747, 0.00269611412659, 0.00186263385694, 0.00181184336543, 0.00122041709255, 0.00105941656511, 0.00105058134068, 0.00111929082777, 0.000400569813792, 0.000694557093084, 0.000433515670011, 0.000572342600208, 0.000326986744767, 0.00038238169509, 0.000505980628077, 0.00030408956809, 1.57461345225e-05],
        "var": [5.34903335847e-07, 0.000616538047325, 3.47106215486e-05, 3.95264978579e-05, 1.56951064127e-05, 5.96922382101e-06, 5.35792241863e-06, 7.60359807828e-06, 1.12120078484e-05, 7.8634448073e-06, 1.41770260598e-05, 7.26903090253e-06, 3.46940487361e-06, 3.28277656081e-06, 1.48941774114e-06, 1.12236352834e-06, 1.10372127438e-06, 1.25281201235e-06, 1.60456167464e-07, 4.82409575397e-07, 1.87935839335e-07, 3.27576060499e-07, 1.06920339249e-07, 1.46215754171e-07, 2.56016392086e-07, 9.24704721683e-08, 2.47940751263e-10]
    },
    "erbbands": {
        "dmean": [0.195747807622, 2.11479759216, 3.45261526108, 5.89817857742, 7.46453809738, 5.08300113678, 5.07241868973, 6.84986209869, 9.70019817352, 14.4631290436, 19.2630176544, 27.4490566254, 29.5376033783, 37.1492233276, 37.492351532, 32.9442367554, 28.7632389069, 33.304145813, 30.5420589447, 23.9661235809, 22.5330352783, 22.4804954529, 19.5713844299, 15.3534412384, 10.3131008148, 12.0882310867, 10.4973564148, 6.84011411667, 7.51359510422, 6.5068769455, 3.64239287376, 3.12815737724, 2.43874526024, 2.05590248108, 1.34851336479, 0.559800565243, 0.248377174139, 0.0446083955467, 0.000865406822413, 4.30700711149e-05],
        "dmean2": [0.267210930586, 3.19010734558, 5.7665643692, 9.69251823425, 13.4226827621, 8.70079040527, 8.73147392273, 11.3826913834, 16.0997409821, 23.4078407288, 30.2428207397, 41.574016571, 46.6924285889, 55.5029182434, 56.2600059509, 53.5723304749, 43.3527603149, 51.8253173828, 46.3623695374, 35.0582580566, 35.315788269, 34.3649673462, 29.2367038727, 24.5969181061, 15.8324842453, 17.8868770599, 15.4122018814, 10.0698108673, 10.7603130341, 9.56185722351, 5.20872879028, 4.67275714874, 3.59651851654, 2.96735954285, 1.89145123959, 0.793995916843, 0.350645005703, 0.06854929775, 0.00132702372503, 6.02104591962e-05],
        "dvar": [0.232068702579, 35.5866775513, 92.4752960205, 170.038818359, 559.057678223, 189.375717163, 80.4237518311, 742.157592773, 1483.46582031, 1993.69897461, 2179.29736328, 4575.79980469, 5011.8046875, 10671.4941406, 11329.1660156, 11673.2363281, 5153.07861328, 5730.32861328, 5391.07373047, 1786.09753418, 2165.90576172, 1390.5144043, 1137.82397461, 762.456481934, 267.21673584, 580.379638672, 245.612091064, 96.8946838379, 247.27255249, 141.105957031, 30.9995250702, 25.0174789429, 17.2809867859, 21.7853507996, 5.56907558441, 0.968071937561, 0.138389110565, 0.00654580211267, 2.38372194872e-06, 3.86830656396e-09],
        "dvar2": [0.441099971533, 73.8530273438, 232.185043335, 420.921447754, 1563.2421875, 516.984436035, 209.777954102, 1899.06433105, 3858.01782227, 5169.59521484, 5229.75, 10353.3330078, 13132.5615234, 24515.4414062, 20778.6875, 32677.1289062, 11511.9404297, 13324.8447266, 11712.7128906, 3625.8112793, 4692.94433594, 3189.37353516, 2551.28808594, 1777.03430176, 554.897766113, 1168.3659668, 417.030212402, 179.252670288, 408.573120117, 308.366485596, 70.7931289673, 57.4972572327, 41.7960128784, 51.3195457458, 11.4210157394, 2.07899975777, 0.271141082048, 0.0149655677378, 5.50038475922e-06, 7.84196974024e-09],
        "max": [3.77332806587, 40.4769554138, 88.2574768066, 83.7318878174, 187.723571777, 121.078277588, 75.274810791, 505.986602783, 612.950622559, 721.680175781, 502.707794189, 996.329711914, 1082.22485352, 1556.8326416, 1649.49023438, 1501.2746582, 1157.92456055, 749.553894043, 757.914245605, 482.285095215, 511.542419434, 371.475860596, 554.55291748, 330.6953125, 228.829299927, 478.826873779, 285.900115967, 137.965499878, 300.762756348, 217.501968384, 72.2499008179, 49.4207420349, 48.8059234619, 79.0147094727, 30.3595256805, 11.9025726318, 3.35022449493, 0.613725721836, 0.0119515536353, 0.000499018002301],
        "mean": [0.208641901612, 2.02322363853, 3.00639629364, 5.01213550568, 5.37709093094, 4.62337827682, 6.10677909851, 6.81799173355, 9.57151603699, 17.4144668579, 29.0446987152, 34.7211265564, 36.3693656921, 43.4494552612, 48.6269989014, 38.4916534424, 33.6082954407, 38.4430198669, 36.5471916199, 32.3853988647, 31.5368061066, 35.8741035461, 31.9808292389, 22.0678749084, 16.0145969391, 18.215171814, 17.1209583282, 12.2492609024, 12.5679206848, 10.9081811905, 6.31563615799, 5.86454343796, 4.25742053986, 3.31494522095, 2.32287144661, 0.938375234604, 0.390628814697, 0.0598150454462, 0.00118586176541, 7.75532462285e-05],
        "median": [0.00482250191271, 0.0629522055387, 0.138908088207, 0.338960468769, 0.490362435579, 1.02120923996, 1.78145265579, 1.7424441576, 1.64728736877, 2.68805932999, 6.2299118042, 9.59268760681, 10.7205734253, 11.7822418213, 11.2622814178, 9.87474632263, 9.59080314636, 11.4414157867, 10.4233818054, 12.4778823853, 10.1997852325, 11.3783044815, 13.0384101868, 9.58594322205, 8.44270133972, 7.34858417511, 8.83351707458, 7.12813663483, 5.93002939224, 5.37984371185, 2.90144467354, 2.12578845024, 1.40706038475, 1.25301122665, 0.976537168026, 0.34222638607, 0.105532974005, 0.0120083540678, 0.000272906618193, 4.38506795035e-05],
        "min": [1.7806246061e-11, 9.25858764655e-11, 2.78121414787e-10, 5.69707447884e-10, 9.26897059106e-10, 1.30580402047e-09, 1.7478660741e-09, 2.41614239727e-09, 3.57280871555e-09, 5.52381873575e-09, 8.13425504731e-09, 9.78890390968e-09, 8.36895619472e-09, 5.42226352707e-09, 6.10241324139e-09, 1.63185696067e-08, 3.67221950626e-08, 3.78566262782e-08, 3.37581447241e-08, 5.52825021316e-08, 3.90491763369e-08, 9.4074774637e-09, 3.41529760028e-09, 5.95850879748e-09, 6.00373573079e-09, 1.03103059423e-09, 1.62641555779e-09, 3.13877901448e-09, 1.14261067274e-09, 6.23006757294e-10, 4.23243315395e-11, 1.84850593166e-10, 1.18353396528e-10, 1.66367961074e-10, 8.99592414449e-11, 4.45930549431e-11, 2.42466515615e-11, 1.68198753536e-11, 1.04109993196e-12, 7.74732722094e-14],
        "stdev": [0.572295427322, 6.21161079407, 8.55704212189, 12.6213502884, 19.0084514618, 12.058180809, 10.8841657639, 24.8902435303, 34.6448554993, 48.0074996948, 59.7234268188, 77.9731369019, 85.3212890625, 122.369850159, 139.426010132, 101.294326782, 79.9978637695, 82.2548294067, 83.4948043823, 54.1390724182, 57.2430229187, 57.7246856689, 55.4604454041, 34.4012031555, 23.7504959106, 35.2230224609, 25.4800815582, 14.6738147736, 21.6739368439, 15.6026468277, 8.41364765167, 8.10431003571, 6.52096796036, 6.10242557526, 3.62110543251, 1.44457769394, 0.565746366978, 0.10131624341, 0.00195814063773, 8.56736951391e-05],
        "var": [0.327522039413, 38.5841064453, 73.2229690552, 159.298492432, 361.321228027, 145.399719238, 118.465072632, 619.524230957, 1200.26611328, 2304.7199707, 3566.88769531, 6079.81054688, 7279.72216797, 14974.3808594, 19439.6113281, 10260.5400391, 6399.65869141, 6765.85742188, 6971.38183594, 2931.03930664, 3276.76367188, 3332.1394043, 3075.86083984, 1183.44274902, 564.08605957, 1240.66137695, 649.234558105, 215.320831299, 469.759552002, 243.442581177, 70.7894744873, 65.6798477173, 42.5230255127, 37.2395973206, 13.1124038696, 2.08680486679, 0.320068925619, 0.0102649806067, 3.83431461159e-06, 7.33998151148e-09]
    },
    "gfcc": {
        "mean": [9.92998123169, 30.8096675873, -125.491569519, 19.2742366791, -62.9859008789, 21.4293937683, -37.2048416138, 16.8413505554, -29.1294708252, 8.06534290314, -24.7028560638, 6.65208387375, -12.7922391891],
        "cov": [[6244.02001953, -159.735290527, 643.412841797, 500.775787354, 264.032592773, 292.308410645, 83.3670578003, 123.839904785, -110.949661255, -77.2563171387, -249.638320923, -72.7607116699, -264.013336182], [-159.735290527, 1363.46459961, 160.174636841, 66.8641357422, 213.180923462, 129.300125122, 242.765136719, 27.8111667633, 115.804840088, 68.7354278564, 84.5086212158, -44.1391067505, 26.2598552704], [643.412841797, 160.174636841, 1197.87585449, 381.254333496, 238.101959229, 179.026367188, 19.1620616913, 65.0758895874, -22.0314216614, -11.1572294235, -66.0709609985, -71.3745727539, -162.637954712], [500.775787354, 66.8641357422, 381.254333496, 594.41595459, 257.625915527, 90.5557022095, 78.5937805176, 30.9583091736, 19.9828987122, -53.0621337891, -13.3772239685, 7.05438327789, -43.2861099243], [264.032592773, 213.180923462, 238.101959229, 257.625915527, 398.955993652, 257.485137939, 246.586898804, 65.2831192017, 56.9266662598, 58.9078521729, -0.0684568434954, -19.9892845154, -30.6458282471], [292.308410645, 129.300125122, 179.026367188, 90.5557022095, 257.485137939, 434.512451172, 342.348480225, 31.6342773438, 9.51003074646, 82.5636444092, 5.32627248764, -68.7621231079, -54.6264724731], [83.3670578003, 242.765136719, 19.1620616913, 78.5937805176, 246.586898804, 342.348480225, 519.007751465, 81.650642395, 54.8478965759, 118.327636719, 66.8911056519, 15.1661510468, 6.05571651459], [123.839904785, 27.8111667633, 65.0758895874, 30.9583091736, 65.2831192017, 31.6342773438, 81.650642395, 211.034301758, 139.4349823, 37.3750343323, 19.6509647369, 31.9422740936, 16.5668869019], [-110.949661255, 115.804840088, -22.0314216614, 19.9828987122, 56.9266662598, 9.51003074646, 54.8478965759, 139.4349823, 228.836395264, 84.2905426025, 32.0760688782, 48.4717788696, 33.1139221191], [-77.2563171387, 68.7354278564, -11.1572294235, -53.0621337891, 58.9078521729, 82.5636444092, 118.327636719, 37.3750343323, 84.2905426025, 163.090820312, 82.3185424805, 30.3781280518, 17.3033657074], [-249.638320923, 84.5086212158, -66.0709609985, -13.3772239685, -0.0684568434954, 5.32627248764, 66.8911056519, 19.6509647369, 32.0760688782, 82.3185424805, 154.133880615, 77.2213439941, 40.1715431213], [-72.7607116699, -44.1391067505, -71.3745727539, 7.05438327789, -19.9892845154, -68.7621231079, 15.1661510468, 31.9422740936, 48.4717788696, 30.3781280518, 77.2213439941, 134.875808716, 71.8738937378], [-264.013336182, 26.2598552704, -162.637954712, -43.2861099243, -30.6458282471, -54.6264724731, 6.05571651459, 16.5668869019, 33.1139221191, 17.3033657074, 40.1715431213, 71.8738937378, 121.786437988]],
        "icov": [[0.000238888736931, -0.000110172964924, 0.000105011466076, -0.000271776982117, 0.000170686616912, -0.000335256801918, 0.000233223880059, -0.000508922734298, 0.000574645993765, -0.000497912813444, 0.00082179805031, -0.000800768088084, 0.000651482201647], [-0.000110172964924, 0.00125454377849, -0.00049811572535, 0.000556004408281, -0.000829952710774, 0.00103955192026, -0.00106358795892, 0.00128890050109, -0.001717208419, 0.00142729002982, -0.00206469115801, 0.0024836154189, -0.00136250827927], [0.000105011466076, -0.00049811572535, 0.00167553732172, -0.00107509153895, 0.000191781451576, -0.00109983817674, 0.00119962345343, -0.00156723498367, 0.00162840692792, -0.00154525926337, 0.00158984924201, -0.00178036105353, 0.00220205937512], [-0.000271776982117, 0.000556004408281, -0.00107509153895, 0.0038637612015, -0.00282382103615, 0.00133995723445, -0.000894766242709, 0.00182521378156, -0.00223861029372, 0.00376781262457, -0.00264960923232, 0.00108455505688, -0.000777563429438], [0.000170686616912, -0.000829952710774, 0.000191781451576, -0.00282382103615, 0.00709456158802, -0.00311946170405, -9.92435743683e-05, -0.0015381887788, 0.000998071627691, -0.00276047573425, 0.00295121222734, -0.00186737556942, 0.000651061534882], [-0.000335256801918, 0.00103955192026, -0.00109983817674, 0.00133995723445, -0.00311946170405, 0.00888343714178, -0.00514657795429, 0.00219177221879, -0.00168267940171, 0.000842422770802, -0.00274608959444, 0.00628889398649, -0.00125388498418], [0.000233223880059, -0.00106358795892, 0.00119962345343, -0.000894766242709, -9.92435743683e-05, -0.00514657795429, 0.00661199912429, -0.00297438725829, 0.00283405533992, -0.00285782944411, 0.00186403014231, -0.00439263368025, 0.00137429474853], [-0.000508922734298, 0.00128890050109, -0.00156723498367, 0.00182521378156, -0.0015381887788, 0.00219177221879, -0.00297438725829, 0.0113138938323, -0.00871258229017, 0.00495906639844, -0.00422810344025, 0.00364844105206, -0.00271464907564], [0.000574645993765, -0.001717208419, 0.00162840692792, -0.00223861029372, 0.000998071627691, -0.00168267940171, 0.00283405533992, -0.00871258229017, 0.0135268438607, -0.00860206130892, 0.0065815160051, -0.00634415494278, 0.00265301438048], [-0.000497912813444, 0.00142729002982, -0.00154525926337, 0.00376781262457, -0.00276047573425, 0.000842422770802, -0.00285782944411, 0.00495906639844, -0.00860206130892, 0.0169881079346, -0.0104478783906, 0.00492931017652, -0.00249841646291], [0.00082179805031, -0.00206469115801, 0.00158984924201, -0.00264960923232, 0.00295121222734, -0.00274608959444, 0.00186403014231, -0.00422810344025, 0.0065815160051, -0.0104478783906, 0.018485577777, -0.0122826127335, 0.00424762396142], [-0.000800768088084, 0.0024836154189, -0.00178036105353, 0.00108455505688, -0.00186737556942, 0.00628889398649, -0.00439263368025, 0.00364844105206, -0.00634415494278, 0.00492931017652, -0.0122826127335, 0.0233691595495, -0.010906022042], [0.000651482201647, -0.00136250827927, 0.00220205937512, -0.000777563429438, 0.000651061534882, -0.00125388498418, 0.00137429474853, -0.00271464907564, 0.00265301438048, -0.00249841646291, 0.00424762396142, -0.010906022042, 0.0171527471393]]
    },
    "melbands": {
        "dmean": [0.00196427758783, 0.00211948505603, 0.00106131855864, 0.000417812931119, 0.000180693619768, 0.000151520041982, 0.00014528806787, 0.000171657608007, 0.000161313917488, 0.000181805226021, 0.000151310232468, 0.000150122170453, 0.000137392111355, 0.000105012659333, 8.43971502036e-05, 6.62651582388e-05, 6.52030794299e-05, 5.7716111769e-05, 3.75049203285e-05, 3.42242019542e-05, 2.80335025309e-05, 2.52896115853e-05, 2.10704911296e-05, 1.94667263713e-05, 1.27222347146e-05, 7.57995894674e-06, 7.74372983869e-06, 8.77347156347e-06, 7.3730807344e-06, 5.33762931809e-06, 4.37090011474e-06, 4.4480334509e-06, 4.15993872593e-06, 3.63030585504e-06, 2.16826128963e-06, 2.0172301447e-06, 2.00090221369e-06, 1.7173846345e-06, 1.78041591425e-06, 1.77404081114e-06],
        "dmean2": [0.00276156747714, 0.00337385619059, 0.00178737950046, 0.000731956679374, 0.000316213729093, 0.000246544339461, 0.000238580352743, 0.000277057930361, 0.000255342863966, 0.000270202348474, 0.000237000131165, 0.000222517905058, 0.000203502262593, 0.0001755184785, 0.000138365823659, 0.000100163313618, 0.000105085950054, 9.07260837266e-05, 5.76867751079e-05, 5.41253393749e-05, 4.43210192316e-05, 3.93859918404e-05, 3.186768663e-05, 3.10712603095e-05, 2.08056735573e-05, 1.19917767734e-05, 1.20553149827e-05, 1.29375448523e-05, 1.11801709863e-05, 8.17781346996e-06, 6.58127055431e-06, 6.53397046335e-06, 6.1469031607e-06, 5.60653461434e-06, 3.16920568366e-06, 3.11249459628e-06, 3.01525869872e-06, 2.56640896623e-06, 2.74847866422e-06, 2.58360910266e-06],
        "dvar": [2.52801128227e-05, 3.23919739458e-05, 6.33423951513e-06, 1.58236616699e-06, 1.06405828149e-07, 2.97019028039e-07, 2.85916541998e-07, 2.85587276494e-07, 1.29406828364e-07, 1.99088177055e-07, 1.25671391515e-07, 1.70201857941e-07, 1.3462380366e-07, 1.46151180047e-07, 5.00061609898e-08, 2.98249993591e-08, 2.3690255091e-08, 2.38326975932e-08, 5.52748691263e-09, 4.11625000751e-09, 4.38206892994e-09, 2.01840300029e-09, 1.5090715344e-09, 2.12003903322e-09, 5.14470133162e-10, 1.45629758252e-10, 1.84002382775e-10, 3.23797155755e-10, 1.47795969907e-10, 4.35989647163e-11, 4.57828254474e-11, 8.48523473707e-11, 6.34202482197e-11, 4.56776109992e-11, 1.2209159031e-11, 1.09797258091e-11, 1.05517044754e-11, 7.71487040918e-12, 1.81530502436e-11, 1.53019957816e-11],
        "dvar2": [4.19865718868e-05, 7.22749100532e-05, 1.62156466104e-05, 4.41983320343e-06, 2.83153838154e-07, 7.00776752183e-07, 7.38829839975e-07, 7.48458319322e-07, 3.16874661621e-07, 4.36447834318e-07, 3.24561682419e-07, 3.81978964015e-07, 2.55206657584e-07, 4.10653257177e-07, 1.31463067987e-07, 6.29005825203e-08, 5.40802531646e-08, 5.58671224837e-08, 1.22470886765e-08, 9.03962327214e-09, 9.59796953026e-09, 4.82292739079e-09, 3.17474446732e-09, 5.52168266665e-09, 1.19692289413e-09, 3.16027981562e-10, 3.85221882171e-10, 6.46032116691e-10, 2.47461023895e-10, 9.28581100901e-11, 9.26820564739e-11, 1.41479480908e-10, 1.1152550411e-10, 1.11140603665e-10, 2.8369103941e-11, 2.60287329884e-11, 2.49263214236e-11, 1.82363846246e-11, 4.38803195169e-11, 3.59463916966e-11],
        "max": [0.0351730100811, 0.0422080382705, 0.017536714673, 0.0115750981495, 0.00219384464435, 0.0101104415953, 0.00795680098236, 0.00805109273642, 0.00351933925413, 0.00634830258787, 0.00526537839323, 0.00591871514916, 0.00555543927476, 0.00522532872856, 0.00221869861707, 0.00297923176549, 0.00149554060772, 0.00147744838614, 0.000775835826062, 0.000551148958039, 0.000750037084799, 0.000495629152283, 0.000535220722668, 0.000656601041555, 0.000270409247605, 0.000125174832647, 0.000223140174057, 0.000342631043168, 0.000224989693379, 6.31078437436e-05, 9.69763714238e-05, 0.0001743662433, 0.000142596152727, 0.000117549760034, 4.60774353996e-05, 3.63293620467e-05, 3.54540570697e-05, 2.97477527056e-05, 5.86018104514e-05, 6.66345877107e-05],
        "mean": [0.00220810249448, 0.00200069020502, 0.000871070253197, 0.000337906705681, 0.000212231330806, 0.000160385781783, 0.000146972073708, 0.000199872883968, 0.000247836840572, 0.000223058726988, 0.000177590205567, 0.000167312522535, 0.000173761523911, 0.00011111729691, 8.52275188663e-05, 7.3631235864e-05, 7.08538645995e-05, 6.0433139879e-05, 4.49494400527e-05, 4.25532562076e-05, 3.53693503712e-05, 3.79928169423e-05, 3.19298742397e-05, 2.72412708e-05, 1.68559290614e-05, 1.11190020107e-05, 1.18082925837e-05, 1.21435832625e-05, 1.1093275134e-05, 8.36251092551e-06, 6.9238199103e-06, 7.11135271558e-06, 6.74335706208e-06, 5.75873764319e-06, 3.56454802386e-06, 3.48381945514e-06, 3.58137094736e-06, 3.01317709273e-06, 2.72554234471e-06, 2.80700646726e-06],
        "median": [4.85032251163e-05, 0.000112051609904, 7.8597877291e-05, 6.4737861976e-05, 7.31982145226e-05, 4.56284615211e-05, 2.26268039114e-05, 2.24922587222e-05, 4.47616912425e-05, 5.80587293371e-05, 4.50210718554e-05, 3.80648489227e-05, 3.65292617062e-05, 2.35148145293e-05, 2.35300722125e-05, 1.87614532479e-05, 1.99133228307e-05, 1.4242981706e-05, 1.56123460329e-05, 1.47343171193e-05, 9.8475611594e-06, 9.99247276923e-06, 1.15255925266e-05, 9.94785932562e-06, 6.85889699525e-06, 5.60101625524e-06, 4.60046612716e-06, 4.33617697126e-06, 5.08217635797e-06, 4.91991522722e-06, 3.46986325894e-06, 3.12570136884e-06, 2.76101172858e-06, 3.04354534819e-06, 1.57888496233e-06, 1.34454808176e-06, 1.25944256979e-06, 9.90755552266e-07, 9.87948624243e-07, 1.07369396574e-06],
        "min": [1.61040858383e-13, 1.38464692728e-13, 1.08210735836e-13, 8.01386545015e-14, 6.16107439047e-14, 5.4442741141e-14, 5.60534623817e-14, 6.31308427843e-14, 6.83484640955e-14, 6.12772433164e-14, 4.09488252768e-14, 2.19963140042e-14, 1.7331352892e-14, 3.05216362438e-14, 6.33080556294e-14, 8.68327423311e-14, 6.7254903903e-14, 5.04177354434e-14, 6.54248112934e-14, 7.84128689171e-14, 3.70989588876e-14, 9.78867526857e-15, 3.87995977577e-15, 2.41460230615e-15, 4.94184559472e-15, 6.65203772599e-15, 1.45097230909e-15, 4.61039450855e-16, 6.5241426331e-16, 1.98571352605e-15, 1.6803949945e-15, 5.80324612658e-16, 6.92753625088e-16, 1.65652129147e-16, 3.30306412123e-18, 4.20130062374e-17, 1.44616343835e-16, 6.56492091676e-17, 1.1432896027e-16, 1.59147445508e-16],
        "stdev": [0.00609999801964, 0.00558924349025, 0.00232393201441, 0.00103083776776, 0.000359194411431, 0.000538601540029, 0.000492296530865, 0.000548039737623, 0.000508278259076, 0.000518044515047, 0.000431770866271, 0.000488409772515, 0.000500054156873, 0.00033601076575, 0.000219023349928, 0.000192654653802, 0.000163800679729, 0.000160483104992, 8.65653055371e-05, 7.43572090869e-05, 7.69509497331e-05, 6.71457601129e-05, 5.73089891986e-05, 5.84151566727e-05, 2.67718532996e-05, 1.52517823153e-05, 2.17356464418e-05, 2.50812845479e-05, 1.89792026504e-05, 9.60780562309e-06, 9.49157674768e-06, 1.25987980937e-05, 1.1086584891e-05, 8.14390568848e-06, 4.92393837703e-06, 4.97757719131e-06, 5.01734939462e-06, 4.52995527667e-06, 5.22729715158e-06, 5.18706838193e-06],
        "var": [3.72099784727e-05, 3.12396405207e-05, 5.40065957466e-06, 1.06262655208e-06, 1.29020634176e-07, 2.90091605848e-07, 2.42355866931e-07, 3.00347551274e-07, 2.58346801729e-07, 2.68370115464e-07, 1.86426092341e-07, 2.38544117792e-07, 2.50054142725e-07, 1.12903244087e-07, 4.79712305435e-08, 3.71158179746e-08, 2.68306639128e-08, 2.57548276039e-08, 7.49355155705e-09, 5.52899503958e-09, 5.92144822065e-09, 4.50855308642e-09, 3.28432037122e-09, 3.41233064027e-09, 7.16732173611e-10, 2.3261687021e-10, 4.72438310695e-10, 6.29070850966e-10, 3.6021016725e-10, 9.23099374717e-11, 9.00900326561e-11, 1.58729709931e-10, 1.22912360845e-10, 6.63231969344e-11, 2.4245168373e-11, 2.47762730471e-11, 2.51737970747e-11, 2.05204950254e-11, 2.7324633875e-11, 2.69056790736e-11]
    },
    "melbands128": {
